 0.154419
 -0.91876
-0.645051
 0.183888
-0.457363
 -1.29433
 0.147184
-0.921608
-0.626239
 0.189174
-0.462994
 -1.30479
 0.167394
-0.911844
 -0.64767
  0.19494
-0.468572
 -1.29899
 0.173786
-0.913562
-0.635889
 0.181729
-0.468618
 -1.27822
 0.174396
-0.914169
-0.612958
   0.1859
-0.471628
 -1.30264
 0.151281
-0.913199
-0.625381
 0.186474
-0.464507
  -1.3059
 0.163838
-0.913785
-0.633201
 0.188112
-0.460074
  -1.3074
 0.165518
-0.921355
-0.628339
 0.182286
-0.471649
 -1.30637
 0.178917
-0.908131
 -0.62179
 0.182303
-0.467995
  -1.2908
 0.171345
-0.919176
-0.616795
 0.186246
-0.471428
 -1.28146
 0.157953
-0.906599
-0.622182
 0.183981
-0.461456
 -1.30387
 0.152036
-0.918015
-0.638192
 0.181045
-0.475168
 -1.29334
 0.152959
-0.920907
 -0.63709
 0.185947
-0.466261
 -1.29519
 0.146751
-0.920949
-0.630345
 0.185968
 -0.47781
 -1.29441
 0.175663
-0.911955
-0.625887
 0.185019
-0.471608
 -1.28035
  0.15565
-0.915361
-0.633717
 0.180232
-0.466658
 -1.28846
 0.132645
-0.947313
-0.631709
 0.190961
-0.472207
 -1.29595
 0.123114
-0.925514
-0.632353
 0.189991
-0.467709
 -1.28933
 0.125633
-0.893797
-0.631028
 0.186258
-0.459643
 -1.27976
 0.118773
-0.958995
 -0.63557
 0.189622
-0.464749
 -1.29055
 0.112335
-0.924534
-0.624459
 0.183885
-0.472097
 -1.29009
 0.133535
-0.901538
-0.645191
 0.193815
-0.466582
 -1.27866
 0.153581
-0.914776
 -0.62378
 0.191113
-0.466767
  -1.2975
  0.10614
-0.933465
-0.620443
 0.185198
 -0.48252
 -1.27724
 0.100803
-0.920915
-0.641314
  0.17475
-0.461232
  -1.2956
 0.131034
-0.930553
-0.587167
 0.194568
-0.480066
 -1.27618
 0.108812
-0.936421
 -0.64056
 0.180511
-0.472233
 -1.28057
 0.118094
-0.956384
-0.630965
 0.186751
-0.475622
 -1.27994
 0.115405
-0.892926
-0.615664
 0.190438
-0.465468
 -1.29019
  0.11686
-0.957978
-0.608869
 0.190633
-0.470886
 -1.28882
 0.130082
-0.937772
 -0.64308
 0.183878
-0.464725
 -1.29309
 0.115888
-0.938273
-0.611431
 0.183747
-0.476991
 -1.27004
 0.126673
-0.932674
-0.631664
 0.183537
-0.475182
  -1.2677
0.0941486
-0.901809
-0.640672
 0.186034
-0.476273
 -1.26954
  0.12819
-0.962724
-0.614484
 0.188617
-0.469637
 -1.29454
 0.114255
-0.916698
-0.627834
 0.177097
-0.472913
 -1.27057
 0.117013
-0.917532
-0.610129
 0.189757
-0.468885
 -1.27016
 0.103034
-0.929385
-0.624307
 0.186941
 -0.47728
 -1.27529
0.0908835
-0.897966
-0.644199
 0.183594
-0.472464
 -1.26742
 0.127189
-0.934532
-0.635212
 0.194074
-0.466681
 -1.27114
0.0804733
-0.972656
-0.635232
 0.189127
-0.475534
 -1.28758
0.0926749
-0.929578
-0.640988
 0.188906
-0.475346
   -1.271
0.0956551
-0.931651
-0.633438
 0.198055
-0.467699
 -1.28443
0.0827841
-0.929963
-0.613248
 0.193096
-0.483141
 -1.28034
 0.103534
-0.956792
-0.622514
 0.181765
-0.478995
 -1.29724
0.0749884
-0.933053
-0.624959
 0.191861
 -0.47017
    -1.26
0.0669629
-0.949689
-0.598053
 0.192435
-0.475261
 -1.28187
0.0882016
-0.953747
-0.622181
 0.187116
-0.470624
 -1.27366
0.0416067
-0.891494
-0.639903
 0.188584
-0.477314
 -1.26764
0.0568652
-0.968989
 -0.58567
 0.178408
-0.476689
 -1.26502
0.0454245
-0.974127
 -0.61143
 0.177606
-0.480807
 -1.27829
0.0377677
-0.901315
-0.653132
 0.189423
-0.478523
 -1.27562
0.0541505
-0.972439
-0.588354
 0.196527
-0.473932
  -1.2801
0.0488962
-0.962381
-0.632015
 0.191843
-0.483623
 -1.27208
0.0422986
-0.928001
-0.637606
  0.18137
-0.475734
 -1.27126
0.0367431
-0.963552
-0.613358
 0.175587
-0.477366
 -1.29307
0.0406436
-0.954902
-0.644679
  0.18598
-0.475213
 -1.27419
0.0465951
-0.919611
 -0.63873
 0.192502
-0.480053
 -1.24936
0.0144776
-0.999504
-0.627786
 0.184394
-0.478704
 -1.29036
0.0164493
-0.964755
-0.642174
 0.195397
-0.474918
 -1.26469
0.00354445
 -0.953819
 -0.629374
  0.192009
 -0.473676
  -1.27484
0.00128426
 -0.936285
 -0.624152
   0.19609
 -0.490698
  -1.26375
0.0036715
 -0.97313
 -0.64723
 0.190636
-0.482732
 -1.25961
-0.0204335
 -0.991425
 -0.612187
  0.193065
 -0.493743
   -1.2668
-0.0147307
 -0.981229
 -0.621664
  0.194991
 -0.496202
  -1.27815
-0.017923
-0.942446
-0.613979
  0.19473
-0.485427
 -1.26966
-0.0249639
 -0.990664
 -0.629837
  0.192996
 -0.479381
  -1.25625
-0.0523977
 -0.972458
 -0.632694
  0.189504
 -0.491099
  -1.25764
-0.0731839
 -0.979057
 -0.608107
  0.197327
 -0.500085
  -1.26158
-0.0739508
 -0.977341
  -0.62352
  0.190606
 -0.493858
  -1.25089
-0.0751207
 -0.939405
 -0.652744
  0.192377
 -0.475248
   -1.2459
-0.0852369
  -1.01592
 -0.625669
  0.190605
 -0.496793
  -1.25814
-0.0732104
 -0.987226
 -0.612527
  0.195498
 -0.491607
  -1.27231
-0.0744616
  -1.00175
 -0.662105
  0.195109
 -0.489257
  -1.26492
-0.0656446
 -0.976633
 -0.613586
  0.194115
 -0.492451
  -1.25214
-0.0726526
   -0.9752
 -0.641661
  0.187332
 -0.484793
  -1.26087
-0.0961555
 -0.986693
 -0.601027
   0.19614
 -0.486909
  -1.24504
-0.0974509
  -1.00747
 -0.631876
   0.20164
 -0.481825
  -1.25545
-0.101815
 -1.00709
-0.610594
 0.191745
-0.501966
 -1.26199
 -0.10315
-0.993628
-0.643688
  0.19894
-0.487383
 -1.26809
-0.116027
-0.984639
 -0.64115
 0.191077
-0.488942
 -1.24179
-0.098104
-0.972312
-0.631598
 0.197491
-0.495154
 -1.24306
-0.119983
-0.984784
-0.621331
 0.189514
-0.502591
 -1.26027
-0.116923
 -1.02325
-0.653792
 0.194069
-0.488087
 -1.27505
-0.101967
-0.981494
-0.621338
  0.19383
-0.493188
 -1.25657
-0.0967906
  -1.00368
 -0.621402
  0.188052
 -0.493161
  -1.24917
-0.109538
-0.967139
-0.617304
 0.203007
-0.496389
 -1.25363
-0.119143
 -1.02397
-0.663241
 0.194961
-0.496391
 -1.26039
-0.135903
 -1.01297
-0.615528
 0.191837
-0.510771
 -1.25982
-0.129359
 -1.03135
-0.624934
 0.198954
-0.510232
 -1.26179
-0.157198
-0.992462
-0.607297
 0.207205
-0.515053
 -1.25713
-0.163834
 -1.01014
-0.633255
  0.19287
-0.499488
 -1.25454
 -0.15129
 -1.01719
-0.601695
 0.195828
-0.498717
  -1.2496
-0.156653
  -1.0044
-0.621435
 0.199806
-0.506753
 -1.26231
-0.168715
 -1.02391
-0.624795
 0.199196
-0.518739
 -1.24414
-0.178175
  -1.0089
-0.620386
 0.205924
-0.500568
 -1.26678
-0.177122
-0.996948
-0.602694
 0.192447
-0.506187
 -1.25978
-0.190465
 -1.02116
-0.639663
 0.186551
-0.504411
 -1.25383
-0.188121
 -1.02062
-0.629871
 0.195583
-0.501773
 -1.25909
-0.157565
 -1.02937
-0.658089
 0.188587
-0.501629
 -1.24232
-0.152099
-0.956429
-0.637234
 0.200149
-0.501825
 -1.24206
-0.143174
  -1.0664
-0.604754
 0.213097
-0.509504
 -1.25476
-0.187738
 -1.03024
-0.644186
 0.203995
-0.509814
 -1.26028
-0.184093
  -1.0453
-0.633315
  0.19424
-0.500198
 -1.25028
-0.195004
 -0.99847
-0.573419
 0.192188
-0.516048
 -1.23903
-0.225631
-0.993212
-0.613062
 0.196327
-0.520033
  -1.2604
-0.194591
 -1.03762
-0.652572
 0.186399
-0.494725
 -1.25603
-0.201516
 -1.03248
-0.628355
 0.194391
-0.488925
  -1.2589
-0.225219
  -1.0201
-0.643524
 0.209279
-0.504491
 -1.26046
-0.221452
 -1.01954
-0.637637
 0.198242
-0.507086
 -1.25167
-0.233111
 -1.02365
-0.659875
 0.197531
-0.500367
 -1.25354
-0.245946
  -1.0471
-0.651539
   0.1939
-0.496794
 -1.26815
-0.240593
 -1.02623
-0.634287
 0.195256
-0.511212
 -1.26404
-0.240894
 -1.03361
-0.635049
 0.197106
-0.507066
 -1.25842
-0.257975
 -1.03785
-0.598291
 0.201953
-0.512186
 -1.26707
 -0.27974
 -1.06103
-0.634338
 0.200004
-0.519965
 -1.27075
 -0.27461
 -1.01466
-0.619781
 0.190748
-0.520174
 -1.25039
-0.284293
 -1.06518
-0.583832
 0.201969
-0.515648
 -1.26351
-0.299495
 -1.06374
-0.596018
 0.195531
-0.520826
  -1.2579
-0.282033
 -1.04276
-0.617946
 0.201356
-0.527315
 -1.26469
-0.287384
 -1.03893
-0.628784
 0.193682
 -0.50566
 -1.24182
-0.323634
 -1.05832
-0.622123
 0.203434
-0.501759
 -1.27001
-0.302637
 -1.06212
-0.659878
 0.199098
-0.510837
 -1.27192
-0.280189
 -1.06841
-0.637146
 0.199839
-0.507193
 -1.26062
-0.313409
 -1.03307
-0.598147
 0.200652
-0.524115
 -1.25323
-0.357251
 -1.08474
-0.637761
  0.20083
 -0.53126
  -1.2583
-0.330118
 -1.04182
 -0.62356
 0.201567
-0.511001
 -1.24988
-0.354515
 -1.10353
 -0.62074
  0.19798
-0.516917
 -1.27578
-0.356374
 -1.03714
-0.634842
 0.205013
-0.521383
 -1.24822
-0.356396
  -1.0957
-0.640816
 0.211647
-0.511515
 -1.25724
-0.370331
 -1.09608
-0.597277
 0.211024
-0.518374
  -1.2556
-0.427606
 -1.05972
-0.608257
 0.192408
-0.534813
 -1.24666
-0.412973
 -1.08509
-0.613229
 0.196553
-0.528903
 -1.25791
-0.408576
 -1.05893
-0.613069
 0.213848
-0.518826
 -1.24892
-0.409962
  -1.1144
-0.626204
 0.201513
-0.519497
 -1.28767
-0.470463
 -1.09579
-0.607597
  0.19662
-0.534988
 -1.26543
-0.497563
  -1.0695
 -0.60938
 0.197634
-0.523851
 -1.24113
-0.479426
  -1.1292
-0.662415
 0.200451
-0.524788
 -1.27276
-0.468186
  -1.0631
-0.645754
 0.213728
-0.531158
 -1.26459
-0.480708
  -1.1079
-0.673212
 0.195934
-0.522808
  -1.2691
-0.482608
 -1.11329
 -0.62723
 0.212715
-0.531482
 -1.26204
-0.482147
 -1.10785
-0.643913
 0.204955
-0.515564
 -1.25232
-0.481902
 -1.07483
-0.627247
   0.1982
-0.525965
 -1.25807
-0.501125
 -1.13038
 -0.61087
 0.206064
-0.527063
 -1.25961
-0.527461
 -1.11771
-0.646993
 0.201556
-0.530106
 -1.25309
-0.526247
  -1.1126
-0.621575
 0.202025
-0.529407
 -1.25678
-0.543296
 -1.09288
 -0.59755
  0.20237
-0.538282
 -1.25334
-0.552626
 -1.17542
-0.624796
   0.1962
-0.541722
 -1.26161
-0.572164
 -1.09451
-0.627779
 0.205392
-0.537955
 -1.25595
-0.562567
 -1.13256
-0.618729
 0.216093
-0.541931
 -1.25916
-0.593687
 -1.12381
-0.614938
 0.209114
-0.529433
 -1.27727
-0.591337
 -1.16992
  -0.6431
 0.205556
-0.539258
 -1.26287
-0.611219
 -1.12099
-0.611495
 0.203589
-0.551515
 -1.26874
-0.637854
 -1.15667
-0.636068
 0.212158
-0.551198
 -1.27857
-0.645675
 -1.15827
-0.623492
 0.209207
-0.534879
 -1.27275
-0.656968
 -1.13945
-0.654269
 0.207892
-0.537364
 -1.27467
-0.667093
 -1.17383
 -0.64633
 0.214611
 -0.54606
 -1.27134
-0.703964
 -1.15725
-0.607667
 0.211933
-0.547598
 -1.25676
-0.706513
 -1.12937
-0.606463
   0.2186
-0.540809
 -1.25079
-0.707721
 -1.18658
-0.625529
 0.206221
 -0.54567
 -1.26232
-0.761623
 -1.19551
-0.634096
 0.209134
-0.561299
 -1.25674
-0.754521
   -1.155
-0.617989
 0.211594
 -0.55178
 -1.26287
-0.799823
 -1.18087
-0.605189
 0.211036
-0.551009
 -1.26814
-0.761016
 -1.19771
-0.661417
  0.21677
-0.541797
 -1.25957
-0.778244
 -1.17716
-0.634181
 0.216115
-0.552725
 -1.26043
-0.807762
 -1.20773
-0.620182
 0.219241
-0.546316
 -1.27908
-0.798142
  -1.2069
-0.639261
 0.201895
-0.538508
 -1.28372
-0.847057
 -1.22651
-0.652103
 0.214237
-0.539192
 -1.26811
-0.875281
 -1.19427
-0.622319
 0.211731
-0.541937
 -1.27649
-0.849356
 -1.18958
-0.631195
 0.226569
-0.540124
 -1.26549
  -0.8876
 -1.26457
-0.631843
 0.208149
-0.557827
 -1.27233
-0.919538
 -1.19292
-0.625478
 0.208032
-0.561691
 -1.25842
-0.912505
 -1.21953
-0.596753
 0.219445
-0.559367
 -1.25734
-0.941019
 -1.25124
-0.655943
 0.202848
-0.540465
 -1.27306
-0.956998
  -1.2441
-0.640807
 0.211566
-0.564466
 -1.28381
-0.973374
 -1.25354
-0.657313
 0.214991
-0.550986
 -1.27905
  -1.0043
  -1.2697
-0.626687
 0.216207
-0.556289
 -1.28664
 -1.03692
 -1.24955
-0.667185
 0.211145
 -0.56823
 -1.27078
  -1.0572
 -1.28244
-0.616988
 0.215327
-0.564705
 -1.26599
 -1.08059
 -1.28097
-0.620345
 0.208588
-0.563476
 -1.26021
 -1.08779
 -1.25063
-0.609047
  0.21324
-0.561684
  -1.2687
 -1.14392
 -1.33131
 -0.67621
 0.203768
-0.576413
 -1.26337
 -1.17393
 -1.28043
-0.619993
 0.218067
-0.574521
 -1.24611
 -1.20488
  -1.3084
-0.645903
 0.211621
-0.571018
 -1.25878
 -1.21501
 -1.29957
-0.635171
 0.219017
-0.572356
 -1.25861
 -1.23849
 -1.33975
-0.629345
 0.210648
-0.564879
 -1.26148
 -1.26269
 -1.31729
-0.610706
 0.204311
-0.568753
 -1.25348
  -1.3216
 -1.36628
 -0.66061
 0.218557
-0.589898
 -1.26812
 -1.38049
 -1.36145
-0.654192
 0.223174
-0.573614
 -1.25531
 -1.43102
 -1.37209
-0.588967
 0.231645
-0.598662
 -1.25686
 -1.47868
 -1.36532
-0.618555
 0.221702
-0.585054
 -1.26537
 -1.54382
 -1.44668
-0.612423
  0.22643
-0.606998
  -1.2654
 -1.55151
 -1.35615
-0.602987
 0.218835
-0.608479
 -1.26161
 -1.57784
 -1.44452
-0.616585
 0.219838
-0.600732
 -1.27169
 -1.63824
  -1.5118
-0.674556
 0.230931
-0.589699
 -1.29787
 -1.71457
 -1.43636
-0.638584
 0.222042
 -0.60223
  -1.2551
 -1.77189
 -1.46254
-0.599115
 0.224459
-0.610371
 -1.27167
 -1.85382
 -1.48258
-0.575214
 0.223114
-0.626575
 -1.26525
 -1.86039
 -1.48661
-0.673875
 0.222168
-0.622632
 -1.26333
 -1.91873
 -1.53177
-0.593709
 0.221249
-0.610575
  -1.2915
 -2.00078
 -1.58127
-0.664621
 0.217085
-0.604063
  -1.2943
   -2.081
 -1.54868
-0.644451
  0.22425
-0.621023
 -1.27248
  -2.1176
 -1.56426
-0.574917
 0.231813
-0.615105
 -1.27038
 -2.19719
 -1.58226
-0.640228
 0.221862
-0.628235
 -1.28591
 -2.30387
 -1.67631
-0.583869
 0.230227
-0.614535
 -1.29106
 -2.36599
  -1.6533
-0.618861
 0.237041
-0.638001
   -1.284
 -2.52622
 -1.68333
-0.582633
 0.230736
-0.650397
 -1.28524
  -2.6123
  -1.7551
 -0.61565
 0.237218
-0.621381
 -1.30106
 -2.67378
 -1.71851
-0.668175
 0.234947
-0.624944
  -1.3173
 -2.83116
 -1.81962
-0.634867
 0.234916
-0.631929
 -1.31314
 -2.91535
 -1.80656
-0.634028
 0.231204
-0.643011
 -1.30592
 -2.99877
 -1.83843
-0.634095
 0.228775
-0.629431
 -1.30236
  -3.1458
 -1.87967
 -0.62559
 0.242181
-0.644581
 -1.31334
 -3.32016
 -1.91239
-0.623125
 0.239175
-0.653422
  -1.3217
 -3.37595
 -1.97064
-0.582677
 0.242834
-0.643439
 -1.32641
 -3.53846
 -2.01142
-0.590793
 0.226001
-0.643089
 -1.33746
    -3.64
 -2.01205
-0.602126
 0.237137
-0.669908
 -1.33132
 -3.73928
 -2.02064
-0.607916
 0.255544
-0.664671
 -1.33041
 -3.92112
 -2.15108
-0.594874
 0.243132
-0.668121
 -1.33372
 -4.09128
 -2.15995
-0.624741
 0.248896
 -0.68144
 -1.33852
 -4.16451
 -2.18983
-0.584107
 0.245345
 -0.68162
 -1.34371
 -4.35641
 -2.25528
-0.620723
 0.242739
-0.685688
 -1.34942
 -4.45349
 -2.26216
-0.568005
 0.249276
 -0.69066
 -1.34628
 -4.57242
  -2.3021
-0.561248
  0.25446
-0.711064
 -1.34147
  -4.7857
 -2.38228
-0.612687
  0.24857
-0.709102
 -1.36473
 -4.94937
 -2.40746
-0.608542
 0.258021
-0.723534
 -1.35687
 -5.11468
 -2.49135
-0.528647
 0.259029
-0.740752
 -1.35989
 -5.26057
 -2.48386
-0.620741
  0.26708
-0.736115
 -1.35262
  -5.4501
 -2.62252
-0.562812
 0.267204
 -0.74891
 -1.36363
 -5.58344
 -2.61275
-0.569057
 0.262665
-0.757027
 -1.35666
 -5.84154
 -2.68341
 -0.53852
  0.25974
-0.770608
 -1.35133
 -6.06373
 -2.73549
-0.626047
 0.273371
-0.756543
 -1.36572
 -6.26849
 -2.83759
-0.553788
 0.260593
-0.764934
 -1.37232
 -6.54112
 -2.91656
-0.541425
 0.279331
-0.799027
 -1.36748
 -6.76561
 -2.98472
-0.587012
 0.277614
-0.795896
 -1.36601
 -6.94448
  -3.0326
-0.562694
 0.277744
-0.802357
  -1.3595
 -7.24227
  -3.1356
-0.506174
 0.276639
-0.817935
 -1.37766
 -7.54296
 -3.24913
-0.584366
  0.28581
 -0.82758
 -1.37244
 -7.83065
 -3.32633
 -0.55378
 0.289962
-0.855589
  -1.3662
 -8.20002
  -3.4069
 -0.50647
 0.299621
-0.876465
 -1.36491
  -8.4691
 -3.49827
-0.559815
 0.286562
-0.879154
 -1.35443
 -8.75029
 -3.65902
-0.497889
 0.301945
-0.896638
   -1.349
 -9.05823
 -3.67982
-0.489862
 0.301155
-0.896384
 -1.33463
 -9.39932
  -3.8215
-0.519211
 0.300624
-0.915287
 -1.36525
 -9.86817
 -3.96418
-0.515886
 0.305263
 -0.93142
 -1.33965
 -10.1474
 -4.03444
-0.483238
 0.305515
-0.944888
 -1.30668
 -10.5068
 -4.19099
  -0.4554
 0.310576
-0.955865
 -1.32976
 -10.9519
 -4.27237
-0.506819
 0.326102
-0.974491
 -1.29619
 -11.2119
  -4.4368
-0.423349
 0.325618
-0.991575
 -1.29189
 -11.8436
 -4.61019
-0.447063
 0.325603
 -1.01459
 -1.28502
 -12.2985
 -4.73523
-0.472241
 0.336267
 -1.03099
 -1.25126
-12.6544
 -4.8675
 -0.3557
0.354844
-1.07254
-1.24222
 -13.1501
 -4.99252
-0.448353
 0.347395
 -1.09033
 -1.20904
  -13.568
 -5.18958
-0.412425
 0.355253
  -1.0951
 -1.23121
 -13.9615
 -5.32657
-0.395066
 0.361678
 -1.12366
 -1.21952
 -14.4447
 -5.41816
-0.370074
 0.354959
 -1.13745
  -1.2064
 -14.7945
 -5.52878
-0.364153
  0.38054
 -1.16526
 -1.18232
 -14.4299
 -5.40436
-0.436473
 0.381464
 -1.16526
  -1.2435
 -13.9261
 -5.26926
-0.401464
 0.376347
 -1.18879
 -1.23397
 -13.6915
 -5.11943
-0.449994
 0.369714
 -1.18115
 -1.26981
 -13.1187
 -4.92666
-0.476684
 0.384956
 -1.18043
 -1.31024
 -12.7806
 -4.85161
-0.449209
 0.379894
 -1.21415
 -1.33878
 -12.6905
 -4.72405
-0.563974
 0.384987
 -1.21158
 -1.34539
-11.9767
-4.53867
-0.54485
0.378614
-1.19552
-1.40148
 -11.6256
 -4.40642
-0.554509
 0.369105
 -1.19699
 -1.41934
 -11.1932
 -4.23457
-0.632401
 0.384783
  -1.1931
 -1.44975
 -10.6788
 -4.04512
-0.570713
 0.372197
 -1.19812
 -1.48921
 -10.4581
 -3.97621
-0.665799
 0.381361
  -1.1977
 -1.51211
 -9.77732
  -3.7931
-0.646189
 0.364971
 -1.18854
 -1.53762
 -9.66183
 -3.66877
-0.665136
 0.375543
 -1.18534
 -1.55169
  -9.3902
 -3.59468
-0.716782
 0.366143
 -1.17689
 -1.56903
 -9.02196
 -3.47732
-0.679481
 0.370939
 -1.15619
  -1.5898
 -8.79156
 -3.38615
-0.737226
 0.365597
 -1.13741
 -1.63114
 -8.27895
 -3.24455
-0.730245
  0.35522
 -1.14686
 -1.61789
  -8.3002
 -3.25405
-0.687556
 0.366653
  -1.1427
 -1.65441
 -7.94351
 -3.07847
-0.736093
  0.35352
 -1.11934
 -1.63539
 -7.81487
 -3.11382
-0.767704
 0.350004
 -1.11308
 -1.65594
-7.62381
-2.99165
-0.73711
0.350241
 -1.0991
-1.68536
 -7.34341
 -2.88424
-0.770715
 0.344425
 -1.06263
 -1.66751
 -7.26408
  -2.9103
-0.746992
 0.346824
 -1.06494
 -1.67851
 -7.08341
 -2.84483
-0.760266
 0.330415
  -1.0688
 -1.68662
 -6.98961
 -2.80552
-0.789349
 0.326755
 -1.06163
 -1.69599
 -6.66883
 -2.73436
-0.777607
 0.326905
 -1.03583
 -1.69272
 -6.66314
 -2.68169
-0.807232
 0.326845
 -1.04417
 -1.68749
-6.60209
-2.63357
-0.80184
0.320334
-1.03157
-1.70026
-6.47715
-2.65055
-0.76465
0.328064
-1.02741
-1.69544
 -6.36726
  -2.5848
-0.812616
 0.333603
 -1.03455
 -1.68607
-6.12648
-2.53583
-0.79972
0.321739
-1.01463
-1.66537
 -6.16815
 -2.55867
-0.783784
 0.330362
 -1.04003
 -1.68954
 -6.05384
 -2.49148
-0.780313
 0.327071
 -1.02329
 -1.67936
 -5.94872
  -2.4721
-0.782239
 0.334506
 -1.02498
 -1.67787
 -5.82559
 -2.45014
-0.779757
 0.326279
 -1.01705
 -1.68696
 -5.72458
 -2.39096
-0.829172
 0.322232
 -1.01215
 -1.66625
 -5.74415
 -2.44292
-0.771179
 0.336425
 -1.02025
 -1.66595
-5.63928
 -2.3393
-0.80321
 0.32379
-1.00267
-1.66543
  -5.5335
 -2.34027
-0.811194
 0.326279
  -1.0005
 -1.66631
 -5.40627
 -2.34174
-0.767449
 0.324186
-0.999035
 -1.67058
 -5.40181
 -2.32923
-0.823328
 0.322897
  -1.0118
 -1.67784
 -5.3118
-2.29703
-0.76499
0.319244
-1.01379
-1.65848
 -5.26103
 -2.25395
-0.833662
 0.311657
-0.998573
 -1.63643
 -5.15914
 -2.19539
-0.829535
 0.314524
-0.994325
 -1.63281
 -5.13599
  -2.2431
-0.744856
 0.327873
 -1.00751
 -1.64613
 -5.09961
 -2.23642
-0.850852
 0.312987
-0.986074
 -1.66065
 -5.01451
 -2.20224
-0.808531
 0.311013
-0.999077
  -1.6473
 -4.94404
 -2.17516
-0.788984
 0.318734
-0.989073
 -1.64217
 -4.84101
 -2.14951
-0.815633
 0.312045
-0.981765
 -1.61817
 -4.80442
 -2.17069
-0.788491
 0.314498
-0.980872
 -1.62268
 -4.74647
 -2.10251
-0.811246
 0.327037
-0.968501
 -1.61538
 -4.71851
 -2.13489
-0.839202
 0.314613
-0.975621
 -1.63648
 -4.62119
 -2.09102
-0.792226
  0.30483
 -0.97523
 -1.60947
 -4.57103
 -2.06643
-0.804175
 0.315626
-0.955139
 -1.62015
 -4.57506
 -2.08403
-0.790238
 0.311815
-0.963199
  -1.6125
 -4.48285
 -2.03027
-0.817937
 0.312799
-0.957785
 -1.59238
 -4.44665
 -2.05833
-0.780474
 0.307244
-0.948904
 -1.60308
 -4.33489
 -1.99207
 -0.83313
 0.310047
-0.945248
 -1.60071
 -4.31167
 -2.02005
-0.831647
 0.311071
-0.957568
 -1.60227
 -4.24704
 -2.03794
-0.789369
 0.296869
-0.940073
 -1.58689
 -4.18601
 -1.91625
-0.832775
 0.298842
-0.935969
 -1.57182
  -4.1464
  -1.9918
-0.789172
  0.29983
-0.935848
 -1.58428
 -4.11078
 -1.88357
-0.840631
 0.313675
-0.940015
  -1.5738
 -4.11089
 -2.03394
-0.775618
 0.309702
-0.934276
 -1.60182
 -4.07728
 -1.91911
-0.805779
 0.300212
-0.950883
 -1.59107
 -4.02404
 -1.93141
-0.777554
 0.307207
-0.940927
  -1.5799
 -3.92278
 -1.86953
-0.758074
 0.308165
-0.937023
 -1.58463
 -3.87736
 -1.88816
-0.802692
 0.308674
-0.926465
 -1.57361
 -3.85134
 -1.93461
-0.767945
 0.299952
-0.926022
 -1.58886
 -3.79001
 -1.85744
-0.827165
 0.294783
-0.912936
 -1.58712
 -3.72901
 -1.83245
-0.756221
 0.296438
-0.911743
 -1.56842
 -3.68881
 -1.84675
-0.788967
 0.291341
-0.903827
 -1.57847
  -3.6871
 -1.82934
-0.833271
 0.295892
-0.893534
 -1.56622
 -3.64231
  -1.8755
-0.812997
 0.303136
-0.893919
 -1.57567
 -3.60095
 -1.78986
-0.784187
  0.29121
-0.901675
 -1.55796
 -3.51303
 -1.80126
-0.783685
 0.295958
-0.884037
 -1.56279
 -3.48833
 -1.74476
-0.843292
 0.283913
-0.878427
 -1.55009
 -3.47474
 -1.80382
-0.758933
 0.302812
-0.889841
  -1.5627
 -3.45636
 -1.78028
-0.806983
 0.284419
-0.875934
 -1.57249
 -3.38715
 -1.76586
-0.799192
 0.293378
-0.873932
  -1.5514
 -3.35101
  -1.7874
 -0.80848
  0.29238
-0.871975
 -1.54934
 -3.36409
 -1.73275
-0.770895
 0.284682
-0.874759
 -1.54482
 -3.30135
 -1.76821
-0.764364
 0.294384
-0.874467
 -1.55328
 -3.28712
 -1.71788
-0.794696
 0.287077
-0.862085
  -1.5508
 -3.19395
 -1.73361
-0.747116
 0.280948
-0.875014
  -1.5416
 -3.17261
 -1.71722
-0.737941
 0.295506
-0.867893
 -1.53295
   -3.175
 -1.68687
-0.820679
 0.275411
-0.858334
 -1.54187
 -3.14234
 -1.72605
-0.806624
 0.276287
-0.848428
 -1.55828
 -3.09569
  -1.6767
-0.733829
 0.275745
-0.855386
  -1.5353
 -3.04513
 -1.64974
-0.816989
 0.275139
-0.837244
 -1.51809
 -3.01202
 -1.64007
-0.790306
 0.273016
-0.836257
 -1.52568
 -3.03736
 -1.67943
-0.780755
 0.276939
-0.837618
 -1.53933
 -2.97486
 -1.67093
-0.752997
 0.274074
-0.829018
 -1.51705
 -2.92592
  -1.6107
-0.821733
 0.280169
-0.835098
 -1.51584
 -2.92118
 -1.66226
-0.772043
 0.275547
-0.827096
 -1.51817
 -2.93634
 -1.66974
 -0.80756
 0.277754
-0.836635
 -1.53584
 -2.91995
 -1.63442
-0.784991
 0.274366
-0.845662
 -1.52904
 -2.86755
 -1.60828
-0.730885
 0.279785
-0.845115
  -1.5145
 -2.82976
  -1.6042
-0.777847
 0.274402
-0.834225
 -1.52852
 -2.79583
 -1.63329
-0.783235
 0.272387
-0.815949
 -1.50975
 -2.78815
 -1.62052
-0.764776
  0.28131
-0.821298
 -1.52364
 -2.75037
 -1.62284
-0.772522
 0.284198
-0.823931
 -1.51503
-2.69735
-1.61061
-0.75048
0.277164
-0.81577
-1.51034
 -2.72153
 -1.55839
-0.832143
 0.270631
-0.818999
 -1.49909
 -2.75731
 -1.62094
-0.763513
 0.273762
-0.823064
 -1.51396
 -2.72123
 -1.60724
-0.746759
 0.271288
-0.813814
 -1.50172
 -2.70327
 -1.52249
-0.808285
 0.269179
-0.814848
 -1.50212
 -2.66097
 -1.60748
-0.732977
 0.278962
  -0.8191
 -1.50265
  -2.6656
 -1.57385
-0.770798
 0.269726
-0.817499
 -1.48906
 -2.65663
 -1.58358
-0.743996
 0.273628
-0.825319
 -1.49359
 -2.63968
 -1.53531
 -0.79142
 0.270775
-0.793995
 -1.49441
 -2.61562
 -1.60996
-0.793418
 0.262506
-0.795501
 -1.50208
 -2.57708
 -1.58775
-0.776639
 0.275005
 -0.81764
 -1.50561
 -2.59329
 -1.54005
  -0.8112
 0.271446
-0.810341
 -1.49114
 -2.58227
 -1.59942
-0.747005
 0.274134
-0.817077
 -1.50511
 -2.55975
 -1.52312
-0.763397
  0.26685
-0.818609
 -1.48031
 -2.51909
 -1.56986
-0.738005
 0.273144
-0.815453
 -1.47171
 -2.55928
 -1.51657
-0.767629
 0.272652
 -0.81406
 -1.48398
 -2.55044
 -1.57167
-0.785806
 0.266973
-0.807077
 -1.50534
 -2.54231
 -1.53622
-0.764064
 0.266212
-0.807683
 -1.47714
 -2.51845
 -1.53053
-0.739923
 0.270412
-0.818829
 -1.48736
 -2.50593
 -1.53055
-0.768185
 0.275998
-0.787244
 -1.49303
 -2.46143
 -1.55202
-0.769486
 0.276123
-0.791875
  -1.4964
 -2.48041
 -1.53402
-0.780216
  0.27443
 -0.79373
  -1.4988
 -2.43693
 -1.56674
 -0.74548
 0.270432
-0.790171
 -1.48453
 -2.43576
  -1.5033
-0.751331
 0.270795
-0.803925
 -1.48643
 -2.42642
 -1.53342
-0.751628
 0.263608
-0.786243
 -1.48628
 -2.44034
 -1.51841
-0.766812
 0.275654
-0.791926
 -1.49264
 -2.44136
 -1.54122
-0.776013
 0.267596
-0.792231
 -1.49128
 -2.40114
  -1.5257
 -0.75452
  0.27183
-0.781605
 -1.49272
 -2.39726
 -1.52586
-0.774691
 0.268134
-0.781987
 -1.49451
  -2.3811
 -1.49013
-0.776698
 0.266136
-0.769935
 -1.47326
 -2.39169
 -1.50541
-0.762896
 0.270568
-0.776341
  -1.4729
 -2.39103
  -1.5237
-0.758491
 0.280973
-0.778309
 -1.49104
 -2.37695
 -1.49713
-0.742681
 0.263677
-0.781835
 -1.49264
 -2.37392
 -1.48493
-0.753625
 0.269328
-0.787252
 -1.47964
 -2.36417
   -1.527
-0.773452
 0.262509
-0.781556
 -1.49732
 -2.38007
 -1.53111
 -0.78794
 0.253921
-0.783242
 -1.49429
 -2.33308
 -1.46753
-0.800985
 0.265162
 -0.76333
 -1.46783
 -2.32424
 -1.50137
-0.753133
 0.268614
-0.760076
 -1.47366
 -2.37525
 -1.51455
-0.769668
 0.263537
-0.772683
 -1.48627
 -2.35175
 -1.50896
-0.761944
  0.25993
-0.773172
 -1.48452
 -2.33541
 -1.51546
-0.740527
 0.266564
 -0.79246
 -1.48536
 -2.31864
 -1.49027
-0.757075
 0.269753
-0.765445
  -1.4848
 -2.37209
 -1.51102
-0.753004
 0.253102
-0.785196
  -1.4923
 -2.35589
 -1.50851
 -0.75745
 0.268319
-0.784265
 -1.48369
 -2.34729
 -1.49297
-0.749593
 0.264591
 -0.77657
  -1.4575
 -2.36466
 -1.49778
-0.746832
 0.261665
 -0.77599
 -1.49686
 -2.34473
  -1.4965
-0.768422
 0.257098
-0.767677
 -1.46107
 -2.36475
 -1.50778
-0.773766
 0.262747
-0.770366
 -1.46593
 -2.36951
 -1.51309
-0.761498
 0.266225
-0.779785
 -1.47508
-2.35096
 -1.5042
-0.77206
0.266244
-0.76969
-1.48666
  -2.3414
 -1.50091
-0.764261
 0.267527
 -0.78265
 -1.48393
 -2.35168
 -1.50097
-0.758641
 0.266083
-0.776345
 -1.48099
  -2.3558
 -1.50155
-0.761804
 0.266137
-0.781335
 -1.47357
 -2.35729
 -1.51203
-0.752867
  0.26107
-0.773626
 -1.49277
 -2.36575
 -1.50279
-0.751791
 0.264682
-0.781481
 -1.47807
 -2.34945
 -1.50233
-0.754758
 0.263861
-0.784831
 -1.46114
 -2.35794
 -1.50118
-0.758456
 0.263563
 -0.77699
 -1.47572
  -2.3742
 -1.50205
-0.757664
 0.267986
-0.787932
 -1.49221
 -2.36724
 -1.50535
-0.752706
 0.265895
-0.785937
 -1.47427
 -2.34301
 -1.50302
-0.758514
 0.263374
-0.783801
 -1.48495
 -2.36182
  -1.5031
-0.759331
 0.259377
 -0.78825
 -1.47111
 -2.33753
 -1.49935
-0.769903
  0.27114
-0.768191
 -1.48382
 -2.35237
 -1.50685
-0.764933
 0.268539
 -0.77345
 -1.47189
   -2.349
 -1.50386
-0.759384
 0.266168
-0.782262
 -1.47087
 -2.33583
 -1.50642
-0.758268
 0.268036
-0.774005
 -1.47396
 -2.35216
 -1.50795
-0.762808
 0.261438
-0.768408
 -1.48187
   -2.359
 -1.50543
-0.753925
 0.261224
-0.785296
 -1.48207
 -2.33601
 -1.49757
-0.757361
  0.26055
-0.767179
 -1.47237
 -2.33388
 -1.49797
-0.756405
 0.261365
-0.782721
 -1.48377
 -2.37337
 -1.50561
-0.759514
 0.263048
-0.767256
  -1.4785
 -2.36602
 -1.50211
-0.758596
 0.263328
 -0.78696
 -1.48626
 -2.34861
 -1.49704
-0.761902
  0.26241
-0.772924
 -1.47478
 -2.35965
 -1.50213
-0.757605
 0.262541
-0.767333
 -1.49004
 -2.34452
 -1.49639
-0.764449
 0.269301
 -0.78398
 -1.48821
 -2.38109
  -1.5079
-0.761938
 0.266223
-0.779324
 -1.49187
 -2.34938
 -1.50174
-0.758457
 0.268429
-0.774296
 -1.47474
 -2.35209
  -1.4997
-0.758361
  0.26249
-0.773027
 -1.46892
 -2.34468
 -1.50461
-0.753956
 0.262808
-0.787487
 -1.48328
 -2.36108
  -1.5053
-0.757259
 0.262109
-0.776621
 -1.47958
 -2.35607
 -1.50881
-0.758256
 0.263528
-0.776889
 -1.47946
 -2.36387
 -1.51064
 -0.75835
 0.262158
-0.770674
 -1.48648
 -2.34519
 -1.50182
-0.751743
 0.268824
-0.782911
 -1.47532
 -2.35788
 -1.50106
-0.758785
 0.260739
 -0.76595
 -1.49202
 -2.37935
 -1.50529
 -0.76323
 0.276008
-0.766808
 -1.48894
 -2.36786
 -1.50356
-0.753832
 0.256815
-0.783741
 -1.47561
 -2.34763
   -1.501
-0.763807
 0.268143
-0.778112
 -1.46271
 -2.36283
 -1.50635
-0.758513
 0.261825
-0.769533
 -1.48692
 -2.35634
 -1.50705
-0.761694
 0.272291
-0.777093
 -1.47613
 -2.34889
 -1.49548
-0.757557
 0.263224
-0.770973
 -1.47661
 -2.35518
  -1.5037
-0.755309
 0.261193
-0.774147
 -1.49117
 -2.35949
 -1.50285
-0.758589
 0.264755
-0.770133
 -1.48337
 -2.33935
 -1.50016
-0.762183
 0.269522
-0.774062
 -1.49103
 -2.36492
 -1.50629
-0.759386
 0.265763
 -0.77311
 -1.47273
 -2.36637
 -1.50023
-0.759911
 0.267304
-0.785597
  -1.4899
 -2.36228
 -1.50903
 -0.75832
 0.261017
-0.777715
 -1.48337
 -2.34445
 -1.49752
-0.763936
  0.26204
-0.777082
 -1.46606
 -2.35222
 -1.49914
-0.755144
   0.2643
 -0.78666
 -1.47521
 -2.35211
 -1.49984
-0.762791
 0.261165
-0.767037
 -1.46665
 -2.37543
 -1.50571
-0.760841
 0.263888
-0.776337
 -1.48937
 -2.35362
 -1.50249
-0.764005
 0.259269
-0.776716
 -1.47877
 -2.32863
 -1.49374
-0.756447
 0.261102
-0.770454
 -1.47595
 -2.35421
 -1.50786
-0.761584
 0.266534
-0.777091
 -1.47446
 -2.36736
 -1.51262
-0.761747
 0.275842
 -0.78461
 -1.48634
 -2.35189
 -1.50033
-0.757305
 0.264899
-0.777121
 -1.47144
 -2.35741
 -1.50309
-0.757489
 0.263691
 -0.77778
  -1.4858
 -2.34177
 -1.49921
-0.759515
 0.266487
-0.772693
 -1.46755
    -2.37
 -1.50259
-0.756324
 0.258603
-0.767488
 -1.48221
  -2.3631
 -1.50483
-0.764086
 0.272303
-0.776236
 -1.47878
 -2.34581
 -1.50072
-0.763869
 0.261599
-0.786713
 -1.46935
 -2.34774
 -1.50041
-0.765353
 0.265753
-0.774634
 -1.48308
 -2.34726
   -1.502
-0.761705
 0.269137
-0.770934
 -1.46816
 -2.36301
 -1.50574
-0.757369
  0.26155
-0.774201
 -1.48421
 -2.36449
 -1.49998
-0.756404
 0.256708
-0.772082
 -1.48376
 -2.36605
 -1.50206
-0.752791
 0.255468
-0.766954
 -1.47346
 -2.35106
 -1.50342
 -0.75382
 0.269768
-0.785525
  -1.4683
 -2.35552
 -1.50268
-0.764034
 0.259895
-0.761596
 -1.47687
 -2.37728
 -1.50682
-0.759722
 0.261666
-0.778871
 -1.49193
 -2.34715
 -1.50231
-0.762036
  0.27292
-0.786733
  -1.4861
 -2.33804
 -1.50634
-0.759429
 0.262004
-0.772453
  -1.4782
 -2.34793
 -1.49935
 -0.75761
 0.264151
-0.774918
 -1.48526
  -2.3428
 -1.50333
-0.757276
 0.266069
 -0.77124
 -1.47412
 -2.35074
 -1.50466
   -0.754
 0.267448
-0.782296
 -1.48047
 -2.35503
 -1.50376
-0.757419
 0.270054
-0.774621
 -1.47964
 -2.36273
 -1.50736
-0.761671
 0.261701
-0.779947
 -1.47999
 -2.36926
 -1.50583
-0.755012
  0.25923
-0.775845
 -1.47901
  -2.3772
 -1.50689
-0.759574
 0.267612
-0.785294
 -1.48259
 -2.34752
 -1.50062
-0.755456
 0.268925
-0.783061
 -1.49032
 -2.35733
 -1.50318
-0.761955
 0.266395
-0.770763
 -1.48357
 -2.34798
 -1.49924
-0.759724
 0.261111
-0.762186
 -1.47865
 -2.36347
 -1.50396
-0.758476
  0.26242
-0.777487
 -1.48086
 -2.34756
 -1.50136
-0.756294
 0.262091
-0.783974
 -1.48141
 -2.34727
 -1.50243
-0.756041
 0.262887
 -0.77526
  -1.4685
 -2.35301
 -1.50412
-0.760542
 0.267646
-0.776018
 -1.47065
 -2.36842
 -1.50088
-0.762046
  0.26345
-0.786778
  -1.4875
 -2.36166
  -1.5041
-0.759343
 0.249275
-0.770527
 -1.47444
 -2.35806
 -1.50053
-0.755259
 0.263517
-0.783008
 -1.48217
 -2.34769
 -1.50086
-0.757172
 0.266604
-0.790101
 -1.46715
  -2.3632
 -1.50526
-0.756096
 0.263161
 -0.78641
 -1.47673
 -2.37652
 -1.50999
 -0.76088
 0.259236
-0.774958
 -1.50045
 -2.35152
 -1.50221
-0.756099
 0.260942
-0.778631
 -1.47237
 -2.34211
 -1.50686
-0.760548
 0.262252
-0.778722
 -1.47998
 -2.35734
 -1.50387
-0.756083
 0.263949
-0.790187
 -1.47435
 -2.37216
 -1.51038
-0.758469
 0.270172
-0.790628
 -1.48927
 -2.34031
 -1.50528
-0.762915
 0.268981
-0.782785
 -1.48149
 -2.34146
 -1.50056
-0.759593
 0.266074
-0.777018
 -1.47495
 -2.35272
 -1.50578
 -0.75497
 0.259081
-0.776995
 -1.47859
 -2.36342
  -1.5045
-0.754855
 0.260974
-0.783283
 -1.46965
 -2.35488
 -1.50523
-0.759318
 0.265416
-0.778431
 -1.46864
  -2.3483
 -1.50693
-0.760338
 0.262831
-0.774286
   -1.468
 -2.33534
 -1.49965
-0.763088
  0.26815
-0.762627
 -1.47785
 -2.34889
 -1.49565
-0.759749
 0.263995
-0.773706
 -1.47417
 -2.36538
 -1.50503
-0.759406
 0.258099
-0.771058
 -1.47443
 -2.35781
 -1.50157
 -0.76099
 0.266257
-0.787909
 -1.49138
 -2.33479
  -1.5024
-0.762836
 0.268287
-0.774578
 -1.47191
 -2.35133
 -1.50288
-0.757211
 0.262184
-0.777752
 -1.47267
 -2.35703
 -1.50381
-0.762839
 0.276683
-0.771289
  -1.4678
 -2.35865
 -1.50639
-0.761688
 0.270945
-0.782922
 -1.47534
 -2.34734
 -1.50129
-0.756565
 0.270166
-0.782184
 -1.49063
 -2.33802
 -1.50589
-0.760566
 0.271496
-0.781695
 -1.47533
  -2.3616
 -1.50302
-0.761869
 0.265403
-0.777795
 -1.48046
 -2.36329
 -1.50443
  -0.7528
 0.266154
-0.787339
 -1.47649
 -2.34536
 -1.50151
-0.759613
 0.265863
-0.775799
 -1.47726
 -2.33307
 -1.49344
-0.754241
 0.250324
-0.773143
 -1.48217
 -2.34606
 -1.49766
-0.759982
 0.273972
-0.774082
  -1.4846
 -2.34065
  -1.5042
-0.759516
 0.259149
-0.766515
 -1.47939
  -2.3463
  -1.4983
-0.758463
 0.258307
-0.774188
 -1.47347
 -2.35989
  -1.5099
-0.760885
 0.263129
-0.775096
 -1.50006
 -2.35007
 -1.49947
-0.758502
 0.265935
-0.787288
 -1.47542
 -2.34171
 -1.49945
-0.764234
 0.266084
 -0.77093
 -1.48124
 -2.35013
 -1.50739
-0.762833
 0.265138
-0.766116
 -1.47961
 -2.36246
 -1.50819
 -0.75504
 0.259029
-0.775891
 -1.48548
 -2.35126
 -1.50365
-0.758134
 0.260341
-0.781546
 -1.46598
 -2.33302
 -1.49279
-0.755263
 0.261967
-0.773472
 -1.47036
 -2.36768
 -1.50399
-0.752839
  0.25637
 -0.77639
 -1.48071
 -2.35122
 -1.49499
-0.757303
 0.264733
-0.788013
 -1.46406
 -2.34845
 -1.49694
-0.757772
  0.26876
-0.782082
  -1.4884
 -2.34167
 -1.49976
-0.758491
 0.262931
-0.770234
 -1.47483
 -2.36257
 -1.51661
-0.759139
 0.260841
-0.782391
 -1.48208
 -2.37001
  -1.5024
-0.757525
 0.266897
 -0.78942
 -1.48588
 -2.37588
 -1.50474
 -0.75493
 0.253077
-0.773358
  -1.4755
 -2.35016
 -1.49939
-0.758557
  0.25999
-0.780751
 -1.48017
 -2.34756
 -1.50048
-0.755375
 0.267027
-0.775283
 -1.48594
 -2.34986
 -1.50054
-0.766333
 0.267535
-0.787124
 -1.47782
  -2.3575
 -1.50217
-0.764205
 0.274446
-0.779825
 -1.48036
 -2.34058
 -1.49532
-0.753955
 0.268938
-0.777517
 -1.46142
 -2.34752
 -1.50071
-0.760008
 0.266626
-0.773396
 -1.49504
 -2.36822
 -1.50165
-0.757388
 0.258694
-0.773648
 -1.47941
 -2.37366
 -1.51271
-0.759574
 0.268524
-0.783732
 -1.49265
 -2.35704
 -1.50464
-0.764167
 0.265785
-0.773911
 -1.48635
 -2.34735
 -1.50225
-0.766106
 0.264701
-0.769835
 -1.46806
 -2.35081
 -1.49623
-0.759812
 0.265309
-0.778935
 -1.47862
 -2.36704
 -1.50584
-0.764323
 0.268039
-0.776384
 -1.49481
 -2.35928
 -1.50427
 -0.75388
 0.264513
-0.792586
 -1.47664
 -2.35344
 -1.50327
-0.752777
 0.254858
 -0.78335
 -1.47951
 -2.35048
 -1.50619
 -0.76059
  0.26455
-0.775545
  -1.4788
 -2.33625
 -1.49643
-0.757501
 0.263831
-0.774696
 -1.47611
 -2.35498
 -1.50516
-0.757039
  0.26157
-0.780506
 -1.46863
 -2.34706
 -1.50257
-0.756514
 0.268806
-0.782499
 -1.49125
 -2.32749
 -1.49785
-0.763256
 0.269509
-0.769195
 -1.48457
 -2.33532
 -1.50033
-0.759633
 0.263601
-0.773561
 -1.47796
 -2.35368
 -1.49338
-0.758432
 0.261228
-0.773409
 -1.46117
 -2.35864
 -1.50624
-0.757267
 0.272283
-0.788934
 -1.47759
 -2.35658
 -1.50655
-0.762952
 0.266817
-0.778178
 -1.48491
 -2.33996
 -1.49811
-0.758583
 0.265816
-0.776371
 -1.47634
 -2.34913
 -1.50332
-0.760772
 0.264748
-0.782496
 -1.48424
  -2.3564
 -1.50696
-0.757332
 0.269602
-0.784252
 -1.48293
 -2.34836
 -1.49791
-0.755158
 0.260722
-0.772561
 -1.47328
 -2.34905
 -1.50396
-0.761801
 0.261003
-0.778737
 -1.48233
 -2.36265
 -1.50758
-0.753872
 0.258735
-0.780548
 -1.48278
 -2.37214
 -1.50265
-0.757267
 0.259438
-0.776087
 -1.47476
 -2.35599
 -1.50066
-0.756067
 0.264402
 -0.78045
 -1.46647
  -2.3468
 -1.50393
-0.760936
 0.265156
-0.773026
   -1.492
 -2.33995
  -1.4978
-0.751989
 0.266402
-0.779665
 -1.48102
 -2.34186
 -1.49948
-0.761585
 0.264151
-0.780207
 -1.46271
 -2.34582
  -1.4999
-0.762894
 0.267487
-0.781801
 -1.47149
 -2.37275
 -1.50831
-0.759606
  0.26225
 -0.77582
 -1.48868
 -2.34567
 -1.49972
-0.761034
 0.270761
-0.778421
 -1.48769
 -2.32466
 -1.49235
-0.764326
 0.270465
-0.761403
 -1.47109
 -2.36614
 -1.51007
-0.760301
 0.265622
-0.777865
 -1.46954
 -2.34501
 -1.49454
-0.755126
 0.265552
-0.780709
 -1.46494
 -2.35329
 -1.50345
-0.757094
 0.263506
-0.782751
 -1.46795
 -2.36235
 -1.49924
-0.752041
  0.26576
-0.774742
 -1.48382
 -2.34242
 -1.49658
-0.757328
  0.26536
-0.774151
 -1.46631
 -2.37931
 -1.50735
-0.762026
  0.25589
-0.772616
  -1.4989
 -2.34503
 -1.50331
-0.758273
 0.260958
-0.773299
 -1.47141
 -2.35096
 -1.50423
-0.759433
 0.264669
-0.775997
 -1.47329
 -2.33329
 -1.49995
-0.761823
 0.268028
 -0.77393
 -1.47331
 -2.35173
  -1.5013
-0.764917
 0.265561
-0.772843
 -1.46248
 -2.35708
 -1.50441
-0.759531
 0.266185
  -0.7758
 -1.47724
 -2.33529
 -1.50013
-0.759514
 0.265751
-0.764651
 -1.46902
 -2.33236
 -1.49563
-0.761895
 0.262701
-0.769908
 -1.47153
 -2.34331
 -1.50103
-0.759663
 0.270482
-0.777347
 -1.47723
 -2.35558
 -1.50284
-0.759439
 0.260992
-0.783844
 -1.47411
 -2.35163
 -1.50164
-0.759443
 0.262397
-0.772494
 -1.46983
 -2.36856
  -1.5074
-0.764321
 0.273236
-0.768226
 -1.49336
  -2.3449
 -1.50323
-0.758551
  0.26404
-0.768744
   -1.483
 -2.35562
 -1.50254
-0.754857
  0.26044
-0.781955
  -1.4674
 -2.35518
 -1.50328
 -0.75865
 0.269555
-0.778455
 -1.48607
 -2.34875
 -1.50429
-0.756457
 0.266868
-0.780256
 -1.49193
 -2.34869
 -1.50465
-0.765235
 0.270131
-0.774776
 -1.48266
 -2.36368
 -1.50311
-0.755088
 0.260423
-0.775542
 -1.47839
 -2.36296
 -1.50585
-0.759401
 0.266351
-0.775683
 -1.47265
 -2.34156
 -1.50039
-0.755084
 0.262424
-0.780155
 -1.47498
 -2.34782
 -1.50058
-0.754867
 0.259911
-0.780622
 -1.46515
 -2.32863
  -1.4938
-0.756394
 0.262057
-0.774244
 -1.47355
 -2.35193
  -1.5092
-0.762584
 0.260113
-0.768548
 -1.47329
 -2.34993
 -1.49972
-0.755132
 0.264724
-0.776974
 -1.47379
 -2.36152
 -1.50335
-0.756299
 0.262242
-0.777334
 -1.48322
 -2.34965
 -1.50182
-0.756051
 0.257476
-0.782206
 -1.47227
 -2.35126
 -1.50348
-0.755954
 0.259585
-0.778833
  -1.4684
   -2.361
 -1.50498
-0.760913
 0.271415
-0.785178
 -1.49041
 -2.33788
 -1.49819
-0.759537
 0.265746
-0.770151
 -1.46762
 -2.34021
 -1.49746
-0.759476
 0.263435
 -0.77207
 -1.46464
 -2.33656
 -1.49524
-0.759593
    0.265
-0.773095
 -1.46629
 -2.35455
 -1.50707
-0.760255
 0.259362
-0.771099
 -1.46514
 -2.37122
 -1.50657
-0.757064
 0.261305
-0.783564
 -1.47186
 -2.34718
 -1.50228
-0.749692
 0.265358
-0.786575
 -1.48673
 -2.34418
 -1.49787
-0.760696
 0.266774
 -0.77355
 -1.46884
 -2.35482
 -1.50484
-0.750759
 0.266184
-0.783138
 -1.48709
 -2.35875
  -1.5062
 -0.75951
 0.265195
-0.777448
 -1.48012
 -2.38017
 -1.51145
-0.759736
 0.264508
-0.772795
 -1.49855
 -2.34564
 -1.49982
-0.762985
 0.275569
-0.779779
 -1.47155
 -2.33374
  -1.4992
-0.756202
 0.255049
-0.780084
 -1.47756
 -2.34651
  -1.4968
-0.756285
 0.262954
-0.770036
 -1.47072
 -2.34054
 -1.49471
-0.759948
 0.272325
-0.762104
 -1.47742
 -2.35919
 -1.50419
-0.758585
 0.264356
-0.774357
 -1.48616
 -2.32612
 -1.49484
-0.763176
 0.272811
-0.770899
  -1.4741
 -2.35954
 -1.50369
-0.759243
 0.259842
-0.778501
 -1.46507
 -2.35265
 -1.50577
-0.757199
 0.261976
-0.771038
 -1.47639
 -2.36887
 -1.49903
-0.755204
 0.257564
-0.775098
 -1.47818
 -2.36712
 -1.50565
-0.759454
 0.269398
-0.781818
 -1.47415
 -2.35753
 -1.50253
-0.758499
 0.267248
-0.780261
 -1.47851
 -2.36582
 -1.51158
-0.764883
 0.263862
-0.776292
 -1.47926
 -2.35102
 -1.50383
-0.760614
 0.270115
-0.786365
 -1.47497
  -2.3463
   -1.497
-0.756712
 0.269826
-0.781047
 -1.49107
 -2.36798
 -1.51074
-0.763002
 0.265774
-0.778723
 -1.49468
 -2.35787
 -1.50124
 -0.75864
 0.263609
-0.777302
 -1.48483
 -2.36993
 -1.51173
-0.763806
  0.26051
-0.768285
 -1.48147
 -2.35741
 -1.50321
-0.757376
 0.265594
-0.785344
 -1.48101
  -2.3576
 -1.50206
-0.759645
 0.271748
-0.786735
   -1.478
 -2.35315
 -1.50393
 -0.75169
 0.262236
-0.790188
 -1.47968
 -2.35098
 -1.50443
-0.759635
 0.262513
-0.785027
 -1.48681
 -2.36535
 -1.50448
  -0.7584
 0.267782
-0.781478
 -1.47617
 -2.34158
 -1.49982
-0.760759
 0.266774
-0.768168
 -1.47483
 -2.36051
 -1.50704
-0.756301
 0.265296
-0.772473
 -1.48753
 -2.33948
 -1.50007
-0.759734
 0.265695
-0.775923
 -1.48185
 -2.37067
 -1.50845
-0.760508
 0.263132
-0.773375
 -1.47757
 -2.33923
 -1.50128
-0.759648
 0.263389
-0.772344
 -1.48028
   -2.332
 -1.49682
-0.759612
 0.266531
-0.774045
 -1.46982
 -2.35196
 -1.50858
-0.761731
 0.263851
-0.772541
 -1.48437
 -2.34399
  -1.4998
-0.757113
 0.255878
-0.781913
 -1.46735
 -2.34058
  -1.4954
-0.758508
 0.266641
-0.767853
 -1.46614
 -2.35806
 -1.50053
-0.755246
 0.263514
-0.783017
 -1.48217
 -2.34239
 -1.50552
-0.760635
 0.262656
-0.774643
 -1.48175
 -2.33681
 -1.49388
-0.757589
 0.266547
-0.774076
 -1.47487
 -2.34323
 -1.49298
 -0.76201
 0.269037
-0.771216
 -1.46898
 -2.36098
 -1.50549
-0.762228
 0.260766
-0.771339
  -1.5048
 -2.34958
 -1.50198
 -0.76046
 0.261128
-0.778962
 -1.46765
  -2.3479
 -1.49939
-0.755442
 0.266238
-0.783771
 -1.48967
 -2.35847
 -1.49932
-0.757347
 0.259691
-0.778651
 -1.47471
 -2.36087
 -1.50593
-0.756196
 0.264516
-0.780724
  -1.4821
 -2.36265
 -1.50727
-0.759425
 0.266886
 -0.78378
 -1.47765
 -2.35797
  -1.5004
-0.757677
 0.264505
-0.769619
 -1.48934
 -2.33349
 -1.49859
-0.762329
 0.267468
-0.766535
 -1.49581
 -2.37414
  -1.5115
-0.759431
 0.261802
-0.785334
 -1.48739
 -2.34407
 -1.49832
-0.757447
 0.263413
-0.772142
 -1.47616
  -2.3662
 -1.50925
-0.759513
 0.266509
-0.770417
 -1.48321
  -2.3518
 -1.50909
-0.758248
 0.266441
-0.777439
 -1.47777
 -2.35549
 -1.50315
-0.756203
 0.255732
-0.774772
 -1.48162
 -2.35409
 -1.49962
-0.759741
 0.265474
 -0.77344
 -1.48001
 -2.36462
 -1.50713
-0.752943
 0.263092
-0.769301
 -1.48737
 -2.34561
 -1.50141
-0.754734
 0.259133
-0.783376
 -1.46112
 -2.35378
 -1.50083
-0.755313
 0.266403
-0.783654
 -1.48508
 -2.34709
 -1.50287
-0.755018
 0.262421
-0.767898
 -1.47362
  -2.3744
 -1.50959
-0.760776
   0.2698
-0.782933
 -1.49107
 -2.35145
 -1.50275
-0.754889
 0.257389
-0.775941
 -1.47048
 -2.34241
 -1.50605
-0.757109
 0.256212
-0.777791
 -1.47748
 -2.36146
 -1.50357
-0.760566
 0.266848
 -0.77775
 -1.47163
 -2.35705
 -1.50428
-0.755198
 0.267521
-0.781929
 -1.48408
 -2.35815
 -1.49919
-0.759998
 0.269708
-0.767236
 -1.48872
 -2.35849
 -1.50751
 -0.76165
 0.262691
-0.772812
 -1.47851
 -2.33857
 -1.49531
-0.765376
 0.266622
-0.767462
 -1.47514
 -2.36218
 -1.50939
-0.762665
 0.267525
-0.785929
 -1.47616
  -2.3761
 -1.51201
-0.766313
 0.256828
-0.764499
 -1.49692
 -2.36786
 -1.50353
-0.756172
 0.254731
-0.775157
 -1.48034
  -2.3501
 -1.50745
 -0.75834
 0.269326
-0.783576
 -1.47928
 -2.35725
 -1.50392
-0.760677
 0.265691
-0.779515
 -1.47909
 -2.34654
  -1.4971
-0.758626
 0.260605
-0.777891
 -1.47962
 -2.34719
 -1.50279
-0.763067
 0.262279
-0.772556
 -1.48673
 -2.35958
  -1.5036
-0.757285
 0.255032
-0.777147
 -1.48121
 -2.34901
 -1.50379
-0.759436
 0.265246
-0.778556
 -1.47322
 -2.35021
 -1.50699
-0.763918
 0.270587
-0.776373
 -1.47671
 -2.37057
 -1.49964
  -0.7601
 0.264658
-0.768866
 -1.49657
 -2.33378
 -1.49836
-0.755051
 0.260944
-0.774934
 -1.47054
 -2.34882
 -1.50511
-0.759339
 0.259846
-0.779882
 -1.47381
 -2.36311
 -1.50431
-0.757547
 0.270036
-0.768102
 -1.48604
 -2.36767
 -1.50433
-0.757181
 0.257877
-0.781829
 -1.47586
 -2.3426
-1.49563
-0.76222
0.267255
-0.77608
-1.48615
 -2.36082
 -1.50595
-0.760622
  0.26627
-0.769812
 -1.47768
 -2.36889
 -1.50739
-0.761679
 0.261318
-0.771978
 -1.47955
 -2.36372
 -1.50285
-0.756252
 0.267768
-0.793579
 -1.47988
 -2.33607
  -1.4971
-0.758606
 0.265072
-0.773821
 -1.47641
 -2.33603
 -1.49691
 -0.75433
 0.265458
-0.776172
 -1.48564
 -2.33378
 -1.49847
-0.757279
 0.260748
-0.773874
  -1.4705
 -2.33144
 -1.49952
-0.764021
 0.262468
-0.768777
 -1.47338
 -2.36701
 -1.49734
-0.757577
 0.267387
-0.774262
 -1.47752
  -2.3703
 -1.50956
-0.760609
 0.263911
-0.765127
 -1.48299
 -2.36061
  -1.5073
-0.758285
 0.262965
-0.779862
  -1.4781
 -2.34969
 -1.50107
-0.755301
  0.25931
-0.778649
 -1.48813
  -2.3632
 -1.50471
-0.759518
 0.269603
-0.783157
 -1.47642
 -2.35627
 -1.49893
-0.764103
 0.269909
-0.767211
 -1.47026
 -2.35583
 -1.50143
-0.755153
 0.263684
-0.789661
 -1.48033
 -2.34206
 -1.49786
-0.759601
 0.266893
-0.768621
 -1.46932
 -2.35174
 -1.50109
-0.760456
 0.265953
-0.774966
 -1.46254
  -2.3559
 -1.50081
-0.762893
 0.265949
-0.768715
 -1.47118
 -2.36425
 -1.50031
 -0.76338
 0.265135
-0.771016
 -1.49508
 -2.35002
  -1.4997
-0.755132
 0.259729
-0.774214
 -1.47615
 -2.32351
 -1.49802
-0.760872
 0.258574
-0.766151
 -1.48304
  -2.3508
 -1.50474
-0.755942
 0.267259
  -0.7809
 -1.46668
 -2.34709
 -1.50314
 -0.75942
 0.262979
-0.769556
 -1.47117
 -2.35303
  -1.5047
-0.755121
 0.258285
-0.785604
  -1.4869
 -2.35074
 -1.50498
-0.760666
 0.266853
-0.779129
 -1.48037
 -2.36026
 -1.50857
-0.760474
 0.264503
-0.774212
 -1.47652
 -2.33969
 -1.49063
-0.759901
 0.265805
-0.770538
 -1.47301
 -2.34496
 -1.50272
-0.757501
 0.269682
-0.780174
 -1.48472
 -2.35121
 -1.50297
-0.759652
 0.266018
-0.775922
 -1.48183
 -2.35594
 -1.50049
-0.749541
  0.26688
-0.791532
 -1.47553
 -2.36808
 -1.50284
-0.754878
 0.253495
-0.775807
 -1.47086
 -2.36248
 -1.49971
-0.758385
 0.263037
-0.779899
 -1.46974
 -2.34524
 -1.50251
-0.757167
 0.257814
-0.766517
  -1.4713
 -2.35344
 -1.50219
-0.759639
 0.267749
-0.776829
 -1.47889
 -2.35549
 -1.50209
 -0.76074
 0.270722
-0.776857
 -1.47625
 -2.35256
 -1.50601
-0.761646
 0.266574
-0.771686
 -1.47397
 -2.34607
 -1.49891
-0.755274
 0.261831
-0.783334
  -1.4828
 -2.35172
 -1.50043
-0.759925
 0.268727
-0.775529
 -1.48976
 -2.36472
 -1.50778
-0.761557
 0.261121
-0.777287
 -1.47546
 -2.36573
 -1.50266
-0.762247
 0.265585
-0.772844
 -1.49829
 -2.37739
 -1.50616
-0.758497
 0.265414
-0.782411
 -1.48467
 -2.36385
 -1.50184
-0.757545
  0.26467
-0.769504
 -1.48474
 -2.35473
 -1.50465
-0.753237
 0.266223
-0.765969
 -1.49665
 -2.36124
 -1.50403
-0.759734
 0.266377
-0.770612
 -1.48592
 -2.36228
 -1.50978
-0.759337
 0.254183
-0.778879
 -1.48361
 -2.34791
 -1.50013
-0.760528
 0.261166
 -0.77354
 -1.46717
 -2.34309
 -1.50216
-0.755286
 0.265465
-0.781026
 -1.48704
 -2.34911
 -1.50316
-0.758678
 0.263987
-0.779902
 -1.49125
 -2.35727
  -1.5051
-0.755942
 0.252606
-0.784869
  -1.4751
 -2.35605
 -1.50823
-0.759512
 0.271138
-0.778608
 -1.48135
 -2.35374
 -1.50192
-0.752778
 0.255267
-0.779153
  -1.4767
 -2.34067
 -1.49545
-0.758457
 0.262598
-0.768867
 -1.46611
 -2.34945
 -1.50202
-0.760633
 0.266112
-0.781959
 -1.47446
 -2.36238
 -1.50758
  -0.7539
 0.272759
-0.785069
 -1.47809
 -2.37309
 -1.50742
-0.756046
 0.255269
-0.770878
  -1.4794
 -2.34708
  -1.5033
-0.763925
 0.261634
-0.763663
 -1.47349
 -2.36313
 -1.50579
-0.754882
 0.259607
-0.783722
 -1.47484
 -2.34583
 -1.49896
-0.762022
  0.27147
-0.769337
 -1.47841
 -2.35396
 -1.49966
-0.759912
 0.270458
-0.776437
 -1.48682
 -2.34592
 -1.49889
-0.759748
 0.267625
-0.771409
 -1.47841
 -2.34093
 -1.50169
-0.757757
 0.272974
-0.776839
 -1.49398
 -2.36609
 -1.50179
-0.753941
 0.262807
   -0.785
 -1.47494
 -2.35729
 -1.50444
 -0.75706
 0.259253
-0.782548
 -1.47024
   -2.344
 -1.50707
-0.758306
 0.264958
-0.772333
 -1.47791
 -2.34834
 -1.49799
-0.755186
 0.261667
-0.776459
 -1.47547
 -2.34143
 -1.50026
-0.757235
 0.268417
-0.769178
 -1.46604
 -2.36051
 -1.50704
-0.756297
 0.265295
-0.772476
 -1.48752
 -2.34248
 -1.49658
-0.757504
 0.260357
-0.771626
 -1.47784
 -2.33775
 -1.49899
-0.760725
  0.26389
-0.774294
 -1.47467
 -2.35966
 -1.50132
 -0.75432
 0.270555
-0.771068
 -1.48741
 -2.36778
 -1.50328
-0.759755
 0.264966
-0.787461
 -1.48879
 -2.34806
 -1.49948
-0.759594
 0.259915
-0.774652
 -1.47602
 -2.33179
 -1.49825
 -0.76183
 0.260928
-0.774429
 -1.47496
 -2.36248
 -1.50768
-0.760654
 0.264328
-0.767685
 -1.48294
  -2.3542
 -1.50828
-0.758331
 0.258182
-0.772939
 -1.48412
 -2.35969
   -1.503
-0.756023
 0.259736
-0.784451
 -1.47157
 -2.36165
 -1.50266
-0.757327
 0.263898
 -0.77214
 -1.47613
 -2.35688
  -1.5064
-0.755977
 0.256235
 -0.78806
 -1.47794
 -2.34799
 -1.49887
-0.761159
 0.266542
-0.772912
 -1.49408
 -2.34159
 -1.50078
-0.766139
 0.259544
-0.767081
 -1.47043
 -2.36675
 -1.50743
-0.756012
 0.265632
-0.784385
 -1.47511
 -2.35696
 -1.50417
-0.755293
  0.27061
-0.777144
  -1.4865
 -2.34791
 -1.49942
-0.757629
 0.265092
-0.778822
 -1.48744
 -2.34483
 -1.50415
-0.763975
  0.26085
-0.766647
 -1.47863
 -2.35736
 -1.50384
-0.758309
 0.261849
-0.781473
 -1.47451
 -2.36841
 -1.50044
-0.759701
 0.263894
-0.771272
 -1.47879
 -2.34799
 -1.50014
-0.758289
 0.258268
-0.779505
 -1.46936
 -2.33884
 -1.50282
-0.761804
 0.268722
-0.782029
  -1.4783
 -2.36518
 -1.50549
 -0.75614
 0.259727
-0.772424
 -1.47938
  -2.3662
 -1.50927
-0.757177
 0.268607
-0.779029
 -1.47846
 -2.35861
 -1.49865
-0.758741
 0.256339
-0.771155
 -1.48831
 -2.33646
  -1.5046
-0.759471
 0.258943
-0.771948
 -1.47988
 -2.34128
 -1.50134
 -0.76292
 0.267116
-0.775091
 -1.47522
 -2.35143
 -1.50239
-0.760586
 0.264585
-0.775511
 -1.47233
 -2.35671
 -1.50649
-0.765101
 0.259731
-0.766581
 -1.48285
  -2.3576
 -1.50162
-0.760004
 0.265088
-0.760312
 -1.49473
 -2.32265
  -1.4925
-0.762986
 0.268447
-0.764925
 -1.46216
 -2.34316
 -1.50242
-0.763941
 0.262791
-0.768776
 -1.47336
 -2.37255
 -1.50958
-0.759644
 0.255893
-0.773491
 -1.49624
 -2.34816
 -1.49866
-0.756299
  0.26291
-0.775579
 -1.47578
 -2.33897
 -1.50261
-0.759454
 0.262984
-0.776318
 -1.47392
  -2.3324
 -1.49494
-0.761089
 0.265485
-0.770129
   -1.485
 -2.36771
  -1.5042
-0.754772
  0.25808
-0.782658
 -1.46673
 -2.35341
 -1.50233
-0.759688
 0.269627
-0.784617
 -1.48327
   -2.335
 -1.49329
 -0.75515
  0.26231
-0.774707
 -1.46803
 -2.35017
 -1.50671
-0.755146
 0.273249
-0.788516
 -1.48581
 -2.35902
 -1.50499
-0.759561
 0.267482
-0.781038
 -1.48169
 -2.36793
 -1.51129
-0.759427
 0.264298
-0.784644
 -1.48805
 -2.36867
 -1.50734
-0.761986
 0.269357
-0.770308
 -1.49336
  -2.3511
 -1.50306
-0.762028
 0.269809
-0.774085
   -1.491
 -2.32959
 -1.49825
-0.758427
  0.26712
-0.777216
 -1.47531
 -2.33778
 -1.49946
-0.754959
  0.25753
-0.778748
 -1.47961
 -2.34568
  -1.5005
-0.761949
 0.262853
-0.775938
 -1.49492
 -2.33135
 -1.49937
-0.745097
 0.261264
-0.778933
  -1.4923
 -2.34078
 -1.48721
-0.762017
 0.258331
-0.775719
 -1.48242
 -2.33522
 -1.50986
 -0.75888
  0.26329
-0.778726
 -1.47766
 -2.36171
 -1.50328
 -0.75104
 0.257451
-0.776219
 -1.46735
 -2.36485
 -1.48129
-0.747357
 0.263162
-0.788659
 -1.47025
 -2.31458
 -1.47591
-0.760461
 0.264509
-0.775618
 -1.46425
 -2.31657
 -1.53536
 -0.74653
 0.268724
-0.782269
 -1.49231
 -2.35633
  -1.4843
-0.781539
 0.266815
-0.789322
 -1.46632
 -2.34935
 -1.49276
-0.717799
 0.261197
-0.774364
  -1.4681
 -2.39053
 -1.52022
-0.732801
 0.261375
-0.785867
 -1.48396
 -2.36553
  -1.5057
-0.792433
 0.263271
-0.765424
 -1.47072
 -2.37385
 -1.52065
-0.744298
 0.259568
-0.777812
 -1.48115
 -2.39676
 -1.49572
-0.781998
 0.264238
-0.778651
 -1.47841
 -2.37657
 -1.53602
 -0.76376
 0.259532
-0.779806
 -1.47521
 -2.37399
 -1.52097
-0.784011
 0.260282
 -0.77488
 -1.48835
 -2.36625
 -1.48295
-0.767431
  0.26409
-0.764365
 -1.47283
 -2.39875
 -1.52708
-0.722361
 0.265574
-0.788922
 -1.47969
 -2.40857
 -1.50785
 -0.77952
 0.251755
-0.783756
 -1.47127
 -2.40429
 -1.51569
-0.770285
 0.262769
-0.784041
 -1.47815
 -2.40326
 -1.53557
-0.755073
 0.273982
-0.790703
 -1.48348
 -2.43914
  -1.5279
 -0.79749
 0.254992
-0.780276
 -1.47384
 -2.43426
 -1.48434
-0.748641
 0.272706
-0.783844
 -1.45895
 -2.42168
 -1.51239
-0.776572
 0.271085
-0.781785
 -1.47883
 -2.45628
 -1.52496
-0.791573
 0.269622
-0.799129
 -1.47908
 -2.47445
 -1.58444
-0.745069
 0.266397
-0.793059
 -1.47532
 -2.51088
 -1.50271
-0.755677
 0.268747
-0.810624
 -1.46826
 -2.52383
 -1.52779
-0.781464
 0.266528
-0.814009
 -1.47212
 -2.53851
 -1.55952
-0.766273
 0.271452
-0.810258
 -1.48827
  -2.5365
 -1.56732
 -0.76826
 0.276319
-0.811602
 -1.48044
 -2.54089
 -1.56581
-0.743963
 0.264747
-0.813423
 -1.48957
 -2.57115
 -1.55288
-0.769545
 0.275474
-0.816622
 -1.48054
 -2.57978
 -1.61302
-0.783491
 0.274781
-0.821671
 -1.47212
 -2.64759
  -1.5624
-0.754305
 0.271971
-0.820268
 -1.48578
 -2.65385
 -1.55491
-0.760658
 0.270305
-0.824033
 -1.46965
 -2.70156
 -1.58123
-0.777348
 0.276017
-0.828943
 -1.47747
 -2.74865
 -1.59056
-0.732469
 0.271295
-0.844191
 -1.47367
 -2.74122
  -1.6074
-0.828358
 0.274483
-0.817731
 -1.49638
 -2.76504
 -1.60755
-0.768542
 0.283573
-0.829462
 -1.50095
 -2.78665
 -1.62095
-0.764019
 0.278578
 -0.84058
 -1.49544
 -2.78631
 -1.59927
-0.813682
 0.277057
-0.829416
 -1.49002
  -2.7765
 -1.64555
-0.764059
 0.282208
-0.827355
 -1.49488
 -2.81102
 -1.65811
-0.773943
 0.275738
-0.836042
 -1.49373
 -2.85606
 -1.58514
-0.790873
 0.269482
-0.846951
 -1.49443
 -2.87958
 -1.64812
-0.749786
 0.275648
-0.844317
  -1.5051
 -2.91549
 -1.66251
-0.749863
 0.274434
-0.858295
  -1.5165
 -2.91081
 -1.64881
-0.797148
  0.28163
-0.836046
 -1.50437
 -2.93135
    -1.64
-0.776499
 0.281789
-0.843087
 -1.51026
 -2.93627
 -1.68996
-0.802706
 0.273692
-0.828286
 -1.50698
 -3.00319
 -1.66887
 -0.77267
 0.275242
-0.849255
  -1.5201
 -3.02846
  -1.6669
-0.775056
 0.279846
-0.846537
 -1.49814
 -3.03828
 -1.67801
-0.790457
  0.28268
-0.838262
 -1.51084
 -3.03397
 -1.68074
-0.816674
 0.277741
-0.827105
  -1.4956
 -3.08954
 -1.64679
-0.780438
 0.267814
-0.832749
 -1.50953
 -3.15841
 -1.70458
-0.797806
 0.279777
-0.841704
 -1.52257
 -3.17472
 -1.69641
-0.791639
 0.282288
-0.849963
 -1.51231
  -3.1998
 -1.74658
-0.797844
 0.283041
-0.837018
 -1.52353
 -3.22231
 -1.73901
-0.777774
 0.281628
-0.849174
 -1.52035
 -3.28189
 -1.75068
 -0.79035
 0.286679
-0.862524
 -1.52442
  -3.2924
   -1.734
-0.802061
 0.279003
-0.863481
 -1.51695
 -3.33796
 -1.74884
-0.778409
 0.290849
-0.868632
 -1.52637
 -3.36368
 -1.76248
-0.772849
 0.283351
-0.875967
  -1.5344
 -3.41262
 -1.76588
-0.779216
 0.288312
-0.884335
 -1.53174
 -3.43647
 -1.79706
 -0.81256
 0.289486
-0.870631
 -1.53516
 -3.48207
 -1.80386
-0.776241
 0.296247
-0.885288
 -1.51834
 -3.53272
 -1.79379
-0.800878
 0.284904
-0.884006
 -1.52235
 -3.62576
 -1.82722
-0.781177
 0.292086
-0.893475
 -1.53473
 -3.66409
 -1.82578
-0.831194
 0.292271
-0.901982
 -1.53559
 -3.69897
 -1.86701
-0.769428
 0.290305
-0.895775
 -1.52218
 -3.74326
 -1.84168
-0.852806
 0.297093
-0.903893
 -1.52766
 -3.77537
 -1.85765
-0.748484
 0.307434
 -0.91988
 -1.52745
 -3.82375
 -1.86648
-0.787966
 0.298025
-0.919828
 -1.54659
 -3.88552
 -1.90342
-0.813947
 0.296611
-0.920161
 -1.54604
  -3.9088
 -1.92468
-0.767608
 0.297282
-0.924381
 -1.53492
 -3.97226
 -1.87757
-0.776708
  0.29489
-0.937325
 -1.53181
 -4.00932
 -1.96404
-0.789792
 0.301681
 -0.93966
 -1.54408
 -4.08224
   -1.939
-0.830731
 0.297075
 -0.93779
 -1.53752
 -4.12486
 -1.98169
 -0.78311
 0.307763
-0.939974
 -1.54356
  -4.1611
 -1.95376
-0.817342
 0.301154
-0.929166
  -1.5384
 -4.21227
 -2.00646
-0.785081
 0.296155
-0.946823
 -1.56511
 -4.29294
 -1.97543
-0.838343
  0.29529
-0.945885
 -1.54503
 -4.34596
 -2.04411
-0.806536
 0.306402
-0.945535
 -1.54504
 -4.37577
 -2.05823
-0.803474
 0.305796
-0.952561
 -1.55717
 -4.42021
 -2.06246
-0.786588
 0.304687
-0.962676
 -1.55693
 -4.47458
  -2.0704
 -0.81635
 0.302694
-0.956829
 -1.55742
 -4.56748
 -2.07186
-0.819475
  0.30867
-0.971465
  -1.5648
 -4.64385
 -2.11983
-0.740231
 0.312938
-0.977526
 -1.58016
 -4.66604
 -2.12891
-0.863001
  0.31098
-0.963865
 -1.55952
 -4.76243
 -2.17248
-0.791602
 0.310855
-0.983951
  -1.5741
 -4.88441
 -2.16877
-0.859026
 0.313034
 -0.98956
 -1.56313
 -4.99153
 -2.22702
-0.795349
 0.318736
 -1.00125
  -1.5785
 -5.01247
 -2.20694
-0.778133
  0.32981
-0.994306
 -1.57256
 -5.06071
 -2.26734
-0.817222
 0.317069
-0.984435
 -1.58869
 -5.11556
   -2.254
-0.796393
 0.316802
 -0.99718
 -1.57898
 -5.21918
  -2.2535
-0.777013
 0.310821
-0.987525
   -1.568
 -5.28002
 -2.25644
-0.748672
 0.323784
 -1.00724
 -1.56794
 -5.33158
 -2.32902
-0.808182
 0.315881
-0.989395
  -1.5682
 -5.40498
 -2.33602
-0.852999
 0.315038
-0.985242
 -1.58819
 -5.51837
 -2.38592
-0.764315
 0.310901
-0.993609
 -1.57059
 -5.65761
 -2.36962
 -0.84725
 0.315442
-0.982667
 -1.59741
 -5.68079
  -2.4595
-0.791084
 0.324184
 -1.01381
 -1.59995
 -5.70977
 -2.43354
 -0.78521
 0.318573
-0.989774
 -1.59945
  -5.7859
 -2.43115
-0.858212
 0.319101
-0.987072
 -1.58991
 -5.88497
 -2.49513
-0.759407
 0.332742
 -1.00181
 -1.60835
 -5.99451
 -2.53394
-0.808604
 0.324193
 -1.01202
 -1.60605
 -6.08208
 -2.55005
-0.838002
 0.330711
 -1.01931
 -1.59909
 -6.18969
 -2.59041
-0.759235
 0.324708
 -1.02626
 -1.58634
 -6.31438
 -2.56563
-0.792481
 0.320415
 -1.02135
 -1.56738
  -6.4909
 -2.64841
-0.779239
 0.323102
 -1.04156
 -1.58274
 -6.56496
  -2.7243
-0.740018
 0.336113
 -1.04336
 -1.60007
 -6.62177
 -2.67409
-0.784928
 0.314967
 -1.04159
 -1.60163
 -6.73241
  -2.7441
-0.746761
  0.33987
 -1.06294
 -1.58586
-6.83827
-2.78646
-0.74557
0.335383
-1.06675
 -1.5794
 -6.96081
 -2.80384
-0.785984
 0.340529
 -1.06463
 -1.59601
 -7.10069
 -2.88149
-0.711689
 0.343786
 -1.08074
 -1.58487
  -7.1897
 -2.84461
-0.793283
 0.327886
 -1.06151
 -1.55991
 -7.35464
 -2.95611
-0.760291
  0.33785
 -1.07288
 -1.56628
 -7.45888
 -2.98451
-0.721039
 0.347585
 -1.08253
 -1.58762
 -7.56673
 -2.96191
-0.761725
 0.339326
 -1.07941
 -1.55759
 -7.61485
 -3.08862
-0.781306
 0.343295
 -1.07905
 -1.57545
 -7.74845
 -3.08303
-0.737359
  0.33453
 -1.08583
 -1.55942
 -7.92786
 -3.09321
-0.728362
 0.347268
 -1.07799
 -1.54397
 -8.11542
 -3.18276
-0.743644
 0.353079
 -1.08253
 -1.54188
-8.21525
-3.22679
-0.76736
0.334257
-1.09002
-1.54615
 -8.29048
 -3.29632
-0.695621
 0.351912
 -1.10233
 -1.54583
 -8.43256
 -3.28363
-0.685787
 0.341374
 -1.10894
 -1.52354
 -8.53915
 -3.35179
-0.768935
 0.343404
 -1.08876
 -1.52725
-8.77469
-3.44158
-0.66513
0.362248
-1.10913
-1.53495
 -8.89392
 -3.45377
-0.640164
 0.352507
 -1.11063
 -1.50963
  -9.0247
 -3.49866
-0.718988
 0.351565
 -1.08278
 -1.51629
 -9.24674
 -3.60612
-0.662484
 0.342948
 -1.09036
  -1.4994
 -9.43112
 -3.66645
-0.657635
 0.347419
 -1.09482
 -1.49923
 -9.56846
 -3.67205
-0.620565
 0.343058
 -1.09551
 -1.46975
 -9.78885
 -3.77201
-0.630029
  0.34164
 -1.09072
 -1.45592
 -10.0391
 -3.91046
-0.622243
 0.340721
 -1.08666
 -1.45962
 -10.3082
 -3.95287
-0.593869
 0.346594
  -1.0833
 -1.42202
-10.7398
-4.09389
-0.55399
 0.34259
-1.09131
-1.41851
  -11.038
  -4.2164
-0.596738
 0.343636
 -1.09515
 -1.40127
 -11.2954
 -4.31924
-0.496895
 0.362082
 -1.08783
 -1.39069
 -11.5052
  -4.3982
-0.516139
 0.340776
 -1.07881
 -1.34924
 -11.9252
 -4.58703
-0.502746
 0.342465
 -1.06615
 -1.35233
 -12.5295
 -4.78485
-0.452765
 0.345222
 -1.07516
 -1.29129
 -12.9125
 -4.84575
-0.429578
 0.335215
 -1.06981
 -1.26435
 -13.4016
 -5.09809
-0.368903
 0.344813
 -1.06068
 -1.21338
 -13.3956
 -5.08335
-0.433954
 0.355387
 -1.09329
 -1.25503
 -11.6089
 -4.52933
-0.395324
 0.348272
  -1.0789
 -1.28949
 -11.1095
 -4.31944
-0.456299
  0.33995
 -1.04975
 -1.26171
 -10.4842
  -4.1325
-0.498243
 0.336278
 -1.02126
  -1.2607
 -9.47929
 -3.83264
-0.475927
 0.320913
-0.991177
 -1.29178
 -10.0831
 -4.01855
-0.527885
 0.338961
 -1.02375
 -1.30343
 -9.66461
 -3.88776
-0.499097
 0.331436
  -1.0036
 -1.31662
  -8.6836
 -3.56422
 -0.45549
 0.318508
-0.947109
 -1.30611
 -9.02064
 -3.71793
-0.544893
  0.30069
-0.947204
 -1.34685
 -8.29613
  -3.4898
-0.529301
 0.305141
-0.921618
 -1.35232
 -8.57515
 -3.51013
-0.557721
 0.310352
-0.937463
 -1.35852
 -8.59365
 -3.57301
-0.471328
  0.31743
-0.959199
  -1.3641
 -7.94276
 -3.32863
-0.567995
 0.310535
-0.889974
 -1.35773
  -7.9552
 -3.31739
-0.519254
 0.311125
-0.897184
 -1.36465
 -7.82187
 -3.31967
-0.505189
 0.301083
-0.895988
 -1.39345
 -7.44125
 -3.19248
-0.568975
  0.28092
 -0.87306
 -1.39412
  -7.6464
 -3.28962
-0.502509
 0.291104
-0.891029
 -1.41588
 -6.95733
 -2.94512
-0.538408
 0.292516
 -0.85198
 -1.37436
 -6.96201
 -2.98703
-0.575666
 0.282255
-0.844157
 -1.37967
 -6.77334
 -3.01144
-0.552304
 0.279744
-0.839683
 -1.40988
  -6.4751
 -2.88941
-0.536482
 0.290692
-0.839204
 -1.40513
 -6.27019
 -2.78585
-0.559906
 0.289262
-0.797136
 -1.39927
 -5.94174
 -2.69712
-0.563139
 0.281189
 -0.79546
 -1.39852
 -5.73753
 -2.71177
-0.597606
 0.270749
-0.776688
 -1.42138
 -5.69475
 -2.60596
 -0.58784
 0.277532
-0.800396
 -1.41332
 -5.30898
  -2.4886
-0.604702
 0.266983
-0.758676
 -1.39547
 -5.18245
 -2.52147
-0.570712
 0.274234
-0.770353
 -1.40428
 -4.78918
 -2.32565
-0.572807
 0.257664
-0.755395
 -1.37599
 -4.73594
 -2.34025
-0.588371
 0.258125
 -0.75481
  -1.3882
 -4.64583
 -2.32641
-0.602991
 0.265781
-0.741442
 -1.39439
 -4.38963
 -2.20326
-0.565058
 0.253545
-0.732383
 -1.38313
 -4.22392
 -2.15402
-0.625729
 0.252433
-0.715756
 -1.37237
  -4.0273
 -2.15908
-0.589799
 0.259005
-0.715337
 -1.38168
 -3.92218
 -2.04565
-0.595715
  0.26362
-0.701211
 -1.37352
 -3.78448
 -2.09452
-0.628299
 0.249324
-0.699828
 -1.39467
 -3.64876
  -2.0203
-0.596275
 0.252451
-0.696725
 -1.37352
 -3.49551
 -1.92675
-0.607054
 0.244837
-0.678336
  -1.3869
 -3.37145
 -1.92088
-0.654331
 0.231472
-0.682729
 -1.35475
 -3.28101
 -1.91231
-0.574345
 0.248376
-0.677881
 -1.35907
 -3.10547
 -1.85186
-0.614439
 0.245047
-0.669541
 -1.38876
 -2.97893
 -1.82026
-0.647047
 0.241942
-0.666736
 -1.36878
 -2.86176
 -1.79659
-0.595435
 0.242481
-0.663905
 -1.35625
 -2.73896
 -1.71428
-0.616886
 0.246122
-0.662872
 -1.36322
 -2.74484
 -1.72566
-0.649964
  0.24065
-0.652352
 -1.34806
 -2.55241
 -1.73123
-0.598908
 0.231668
-0.637205
 -1.35153
 -2.41376
 -1.63944
-0.630318
 0.228617
   -0.645
 -1.35294
 -2.30734
 -1.60864
-0.643435
 0.231027
-0.636072
 -1.34396
 -2.24556
 -1.60554
-0.613343
 0.234119
-0.641188
 -1.34215
 -2.17607
 -1.55985
-0.614559
 0.225304
-0.631463
 -1.33621
 -2.07646
 -1.53627
 -0.66181
 0.230704
-0.618529
 -1.33245
 -1.96141
  -1.5806
-0.629228
 0.242013
-0.621206
 -1.33882
 -1.87101
 -1.45017
 -0.59714
 0.231468
-0.625076
 -1.32691
 -1.88109
 -1.48791
-0.651806
 0.226478
-0.614355
 -1.34075
 -1.78417
 -1.50991
-0.629813
 0.229832
-0.610999
  -1.3409
  -1.7077
  -1.4159
-0.632506
 0.230552
-0.612311
 -1.32416
 -1.68142
 -1.41368
-0.627262
 0.218331
-0.612395
 -1.33121
 -1.59795
 -1.36522
-0.639537
 0.227717
-0.607502
  -1.3225
 -1.55457
 -1.47513
-0.632013
 0.225227
-0.594962
 -1.32472
 -1.47269
 -1.34298
-0.625399
 0.225618
-0.597841
 -1.32345
 -1.40846
 -1.38706
-0.675249
 0.227185
-0.575426
 -1.33139
  -1.3615
 -1.36612
-0.618317
 0.217704
-0.583792
 -1.31155
 -1.36965
 -1.31515
-0.617002
 0.220339
-0.584083
 -1.32354
 -1.30733
 -1.36891
-0.657282
 0.215921
-0.577757
 -1.31735
 -1.24498
  -1.2982
-0.588435
 0.219949
-0.581864
 -1.31615
  -1.1843
 -1.30261
-0.601161
  0.21334
 -0.58914
 -1.30616
 -1.16014
 -1.29412
-0.664938
 0.211464
-0.577338
 -1.31111
 -1.12501
  -1.3243
-0.599191
 0.214581
-0.576769
 -1.30096
 -1.11587
 -1.25935
-0.610508
 0.218561
-0.564824
 -1.29454
 -1.07335
 -1.20862
-0.685829
 0.201688
-0.546313
 -1.30675
 -1.02973
 -1.33104
-0.574758
 0.209418
-0.568239
 -1.31026
-0.989303
 -1.19472
-0.633777
 0.197071
-0.559974
 -1.30128
-0.939811
 -1.23594
 -0.65932
 0.207015
-0.549023
 -1.30478
-0.940057
 -1.22486
-0.628585
 0.209973
-0.558232
 -1.29647
-0.906653
 -1.22348
 -0.59903
 0.213018
-0.554728
 -1.31758
-0.918363
 -1.17873
-0.680888
 0.213088
 -0.54513
 -1.31637
 -0.83802
 -1.24254
-0.637152
 0.218242
-0.543223
 -1.30998
-0.855445
 -1.20293
-0.581562
 0.219001
-0.557313
 -1.29891
-0.826903
  -1.1942
 -0.62896
  0.21605
-0.542923
 -1.30541
-0.800401
 -1.14261
-0.624429
 0.211997
-0.554438
 -1.28651
-0.805871
 -1.22578
-0.528787
 0.213321
-0.563401
 -1.32505
-0.795962
 -1.14619
-0.674799
 0.206525
-0.544621
 -1.30017
-0.766976
 -1.23747
 -0.63856
 0.203761
-0.538825
 -1.32308
-0.745642
  -1.1022
-0.605887
   0.2174
-0.546145
 -1.30068
-0.700115
 -1.20219
-0.566844
 0.215635
-0.534252
 -1.29814
-0.724127
 -1.16194
-0.695557
 0.199673
-0.534307
 -1.31088
-0.680083
 -1.16009
-0.631784
 0.216773
-0.540244
  -1.2978
-0.658306
 -1.12293
-0.642293
 0.204402
-0.528404
 -1.32637
-0.666563
 -1.23421
-0.676759
  0.21294
-0.530955
 -1.32513
-0.670785
 -1.09713
-0.641818
 0.204711
-0.532932
 -1.29682
 -0.63582
 -1.11165
-0.605704
 0.203587
-0.525792
 -1.30994
-0.590666
 -1.11232
-0.651937
 0.205233
-0.520141
 -1.29033
-0.602652
 -1.20095
-0.679105
  0.19851
-0.526441
 -1.30099
-0.554554
 -1.08678
-0.599327
 0.211264
-0.514103
 -1.28799
-0.558846
 -1.13735
-0.601324
 0.214701
-0.537602
 -1.30562
 -0.58749
 -1.09914
 -0.65189
 0.205974
-0.530084
 -1.32535
 -0.52905
 -1.12676
-0.641132
 0.200163
-0.524036
 -1.29313
-0.517883
 -1.09771
-0.675185
 0.196932
-0.509294
  -1.2885
-0.503211
 -1.14575
-0.618089
 0.206671
 -0.51504
 -1.29502
-0.516726
 -1.09767
-0.591888
 0.210864
-0.534869
 -1.29465
-0.471111
 -1.07554
-0.646847
 0.207077
-0.536187
 -1.29111
-0.486714
 -1.12716
-0.591821
 0.210571
-0.530843
 -1.30273
 -0.44434
 -1.08317
-0.641857
 0.204224
-0.522386
 -1.28927
-0.432605
 -1.09679
-0.638106
 0.204284
-0.518328
 -1.29728
-0.461611
 -1.07993
-0.638701
 0.201217
-0.519807
  -1.2905
-0.422627
 -1.10977
-0.602379
 0.212942
 -0.52929
 -1.30847
 -0.40749
   -1.039
-0.616224
 0.195245
-0.523885
 -1.28572
-0.417106
 -1.11105
-0.646574
 0.196265
-0.527875
 -1.31185
-0.417709
 -1.10562
-0.599497
 0.204521
    -0.52
 -1.28683
-0.381682
  -1.0428
-0.641729
 0.207481
-0.516213
 -1.29387
-0.363449
 -1.09385
 -0.67802
 0.203027
 -0.50136
 -1.31146
-0.379907
 -1.08357
 -0.62097
 0.204404
-0.522116
 -1.28185
-0.371154
 -1.05986
-0.627793
 0.206253
-0.530922
 -1.30324
-0.354675
-0.992886
-0.631826
 0.197945
-0.524144
 -1.28987
-0.316952
 -1.12754
 -0.59618
  0.20762
-0.521799
 -1.30422
-0.312265
 -1.05756
-0.650502
 0.190422
-0.511217
   -1.281
-0.298778
 -1.00942
-0.616413
 0.193011
-0.517481
 -1.28232
-0.344842
 -1.02178
-0.560101
  0.19444
-0.524384
 -1.27399
-0.332581
 -1.08565
-0.674202
 0.193513
-0.508064
  -1.3018
-0.286791
 -1.07599
-0.642085
 0.202181
-0.523004
 -1.30157
-0.308178
-0.996172
-0.623299
 0.196811
-0.513819
 -1.27461
-0.310148
 -1.03698
-0.597507
 0.200841
-0.520113
  -1.2876
-0.285326
 -1.03691
-0.625413
 0.212076
 -0.50728
 -1.28712
-0.241784
 -1.06502
-0.646455
 0.199164
-0.514482
 -1.29015
-0.248648
 -1.05043
-0.600493
  0.20107
-0.504048
 -1.30147
-0.238581
 -1.02532
-0.621156
 0.201168
-0.520395
 -1.29144
 -0.22042
 -1.04877
 -0.60793
 0.193115
-0.519146
   -1.287
-0.224889
 -1.03879
-0.616219
 0.197292
-0.511775
 -1.28628
-0.219539
  -1.0021
-0.622712
 0.192796
 -0.50519
 -1.26511
-0.212764
  -1.0718
-0.640175
 0.196465
-0.500449
 -1.30919
-0.197918
   -1.006
-0.655474
 0.200587
-0.506238
 -1.28609
-0.225341
 -1.02171
-0.660253
 0.193202
-0.500598
 -1.26953
-0.216323
-0.993509
-0.583922
 0.209407
-0.502534
 -1.29599
-0.176063
 -1.02703
-0.650391
 0.201945
-0.508284
 -1.28736
-0.159698
 -1.02587
-0.655176
 0.202779
-0.507298
 -1.30003
-0.155591
 -1.00083
-0.633388
 0.188673
-0.511524
 -1.28983
-0.187517
 -1.02873
-0.610466
  0.19784
-0.500881
 -1.29616
-0.163748
-0.994275
-0.671122
 0.196127
-0.506895
 -1.26556
-0.149647
 -1.01669
-0.647341
 0.191274
-0.497625
 -1.28851
-0.148774
 -1.00913
 -0.59181
 0.190198
-0.499572
 -1.28124
-0.161236
 -1.00119
-0.630457
 0.202036
-0.501863
 -1.29908
 -0.15121
 -1.02654
-0.651664
 0.196398
-0.488476
 -1.29305
-0.132877
-0.992732
-0.652304
 0.187772
-0.501894
 -1.27429
-0.122874
-0.980574
-0.605893
 0.186624
-0.492903
 -1.27269
-0.0992542
  -1.01013
 -0.636229
  0.195901
 -0.499855
  -1.28051
-0.0940601
 -0.981576
 -0.642441
  0.186663
 -0.491834
  -1.26769
-0.0805564
  -1.00915
 -0.626249
  0.194916
 -0.476337
  -1.28135
-0.127806
-0.993475
-0.617004
  0.19928
 -0.50214
 -1.29318
-0.0901146
  -1.01291
 -0.631707
  0.197402
   -0.4961
  -1.28326
-0.0807367
 -0.975638
 -0.638469
  0.200783
  -0.50584
  -1.28226
-0.104557
-0.962106
-0.607425
 0.195089
-0.495863
 -1.26601
-0.130461
-0.991444
-0.599022
 0.187512
-0.486726
 -1.28888
-0.103737
-0.983661
-0.623494
 0.189391
-0.499209
 -1.27065
-0.0746552
  -1.00059
 -0.629838
  0.190072
 -0.486646
  -1.27762
-0.0930393
 -0.966677
 -0.606402
  0.195764
 -0.505588
  -1.27617
-0.111635
-0.993725
-0.646028
 0.196533
-0.501645
 -1.29378
-0.0873993
 -0.938411
 -0.610008
  0.196312
 -0.497134
  -1.28678
-0.0437611
  -1.02701
  -0.66471
  0.185937
 -0.485092
  -1.28265
-0.0549427
 -0.955911
 -0.684998
  0.194549
 -0.488437
  -1.27215
-0.0498797
  -1.01524
 -0.618655
  0.198018
 -0.492318
  -1.29246
-0.0470461
 -0.908447
 -0.619956
  0.192138
 -0.483058
  -1.28217
-0.0544107
  -1.01454
 -0.636669
  0.189954
 -0.480352
  -1.30021
-0.0268832
  -1.00844
 -0.649866
  0.199376
 -0.484093
  -1.27687
-0.0263011
  -0.95178
 -0.644958
  0.195694
 -0.488693
  -1.27118
-0.0173479
 -0.986262
 -0.603823
  0.198342
 -0.498936
   -1.2856
-0.0318801
 -0.935416
 -0.612307
  0.201235
 -0.498121
  -1.28489
-0.0141926
 -0.999835
 -0.625476
  0.197028
 -0.479472
  -1.27802
-0.0174413
  -0.92727
 -0.642731
  0.201659
 -0.480545
  -1.28632
0.00753903
  -1.00394
 -0.600827
  0.182549
 -0.489857
  -1.29258
-0.0322152
 -0.909635
 -0.630848
  0.193461
 -0.487939
  -1.27898
-0.0327904
 -0.983316
 -0.640984
  0.192623
 -0.476244
  -1.30171
-0.0161453
 -0.933136
 -0.633621
  0.189614
 -0.479856
   -1.2943
0.0231782
-0.999828
-0.621177
 0.196859
-0.489667
  -1.2915
0.0434002
-0.949521
-0.656131
 0.182677
-0.472319
 -1.28289
0.0397954
-0.991889
-0.617841
 0.191042
-0.480173
 -1.27886
0.0440673
-0.916159
-0.627665
 0.191442
-0.472895
 -1.30108
0.0779654
-0.978566
-0.622928
 0.193799
-0.478734
 -1.28844
0.0328137
-0.938514
-0.633706
 0.193814
-0.491862
 -1.31143
0.0789756
-0.956542
-0.607008
   0.1911
-0.476217
 -1.29069
0.0650956
-0.909802
-0.629691
  0.19019
-0.481109
 -1.28413
0.0942716
-0.927742
-0.626616
 0.186195
-0.474195
 -1.28254
 0.112922
-0.920925
-0.655743
  0.18754
-0.478692
 -1.28431
0.0869945
-0.921698
-0.614974
 0.197909
-0.482198
 -1.29981
 0.101356
-0.914572
 -0.62358
 0.184008
-0.478353
 -1.28398
 0.106545
-0.911023
-0.640484
 0.186629
-0.481884
 -1.28873
 0.122861
 -0.97515
 -0.59133
 0.186847
-0.482363
 -1.28886
  0.11892
-0.883893
-0.633722
 0.193671
-0.472502
 -1.28968
 0.107579
-0.963248
-0.598716
 0.189813
-0.475275
 -1.30192
 0.138574
 -0.91318
-0.623725
 0.188325
-0.465075
 -1.29496
 0.124065
-0.988772
-0.612334
 0.191651
-0.476125
 -1.30357
 0.131912
-0.894155
-0.613098
  0.18986
-0.471863
 -1.28339
 0.125219
-0.926986
-0.643536
 0.191142
-0.461066
 -1.30123
 0.138087
-0.936336
-0.612951
 0.190717
-0.480734
 -1.29438
 0.148293
-0.886977
-0.633301
 0.179445
-0.464197
 -1.27667
 0.148714
-0.927563
-0.602541
 0.199791
-0.480005
 -1.30377
  0.14332
-0.892068
 -0.64126
 0.180457
 -0.47215
 -1.28478
 0.134571
-0.905177
-0.625699
 0.186278
-0.462052
 -1.30034
 0.127332
-0.899108
-0.605899
 0.197066
-0.461345
 -1.29776
 0.140147
-0.923244
-0.680739
 0.180236
-0.466749
 -1.30394
 0.134642
-0.906726
-0.640002
 0.185042
-0.467122
 -1.29327
  0.15056
-0.935925
-0.634975
 0.198437
-0.459987
 -1.31387
 0.169541
-0.897539
-0.658075
  0.18292
-0.454716
  -1.2948
 0.167937
-0.939887
-0.628675
 0.186263
-0.458156
 -1.29291
 0.165934
-0.916189
-0.657554
 0.185017
  -0.4677
 -1.30713
 0.188407
-0.896445
-0.622222
 0.183464
-0.468196
 -1.29555
  0.17657
-0.956009
-0.579958
 0.185096
-0.470948
 -1.29433
 0.161228
-0.888405
-0.640244
 0.182399
 -0.47655
 -1.29183
 0.151806
-0.889889
-0.604617
 0.186425
-0.467652
 -1.29593
 0.167075
-0.944488
-0.593595
 0.175583
-0.471389
 -1.29389
  0.15885
-0.886848
-0.639315
 0.184886
-0.469978
 -1.29797
 0.169466
-0.903684
-0.617553
 0.184883
-0.467691
 -1.30145
 0.151196
 -0.92965
-0.619311
 0.190939
 -0.46059
 -1.31395
 0.174764
-0.902014
-0.645358
 0.179046
-0.475302
 -1.29274
 0.168006
-0.915109
-0.624125
 0.179279
-0.472112
 -1.30856
 0.166857
-0.901262
-0.627963
 0.185877
-0.463328
 -1.29759
  0.18146
-0.925388
-0.620693
 0.198759
-0.465337
 -1.30635
 0.189438
-0.918256
-0.643083
 0.188172
-0.478869
 -1.30683
 0.167369
-0.913011
-0.645629
 0.184645
-0.468367
 -1.31118
 0.186797
-0.907052
-0.629787
 0.186346
-0.461415
 -1.28888
 0.167697
-0.897829
-0.653989
 0.184677
-0.462115
 -1.30853
 0.171541
-0.895636
-0.631603
 0.184977
-0.466165
 -1.30214
 0.187928
-0.928852
 -0.65057
 0.193307
-0.463833
 -1.30486
 0.177823
-0.886238
-0.626299
 0.192542
-0.457636
 -1.29676
 0.169432
-0.936147
-0.615906
 0.189825
-0.463028
 -1.31256
 0.183472
-0.885514
-0.635231
 0.177469
-0.465371
 -1.30547
 0.185499
-0.934457
-0.627207
 0.192228
-0.478763
 -1.32163
 0.176843
-0.900219
-0.625581
 0.182721
-0.474693
 -1.29565
 0.187287
-0.942157
-0.620887
 0.186057
-0.466137
 -1.30324
 0.160363
-0.908377
-0.613238
 0.184573
-0.476458
 -1.30499
 0.177719
-0.896148
-0.638274
 0.181717
-0.476349
  -1.3137
 0.157638
-0.906685
-0.629929
 0.185694
-0.473489
 -1.30301
  0.18588
-0.912889
-0.629255
 0.178201
-0.468941
 -1.28651
 0.197919
 -0.91075
-0.634891
 0.185789
-0.460119
 -1.28462
 0.197761
-0.909683
 -0.63737
 0.191892
-0.461953
 -1.29533
 0.194338
-0.913082
-0.622508
 0.182552
-0.465805
 -1.28799
 0.212045
-0.885491
-0.651307
 0.180149
-0.461525
 -1.28951
 0.194402
-0.887287
-0.616795
 0.187537
-0.464845
 -1.29229
 0.189831
-0.903108
-0.616217
 0.179275
-0.459892
 -1.29701
 0.188351
-0.907047
-0.626894
 0.175758
-0.472605
 -1.28611
 0.184274
-0.906099
-0.606036
 0.172243
-0.466875
 -1.30256
 0.176896
-0.925298
-0.613483
 0.193071
-0.473755
 -1.31001
 0.176378
-0.889768
-0.625957
 0.190905
-0.464513
 -1.31137
 0.167219
-0.937912
-0.613787
 0.182138
-0.479503
 -1.29844
 0.178669
-0.883601
-0.631331
  0.17965
-0.469948
 -1.29903
 0.176693
-0.900526
-0.635151
 0.185358
-0.473952
 -1.29713
 0.195455
-0.933986
-0.615016
 0.180654
 -0.46411
 -1.29813
 0.186743
 -0.88154
-0.631623
  0.18732
 -0.46678
 -1.30601
   0.1715
-0.895724
-0.624207
 0.181652
-0.471055
  -1.2973
 0.189243
-0.899944
-0.627528
 0.183677
-0.457727
  -1.3017
 0.187522
-0.909251
-0.615831
 0.189011
-0.468114
 -1.29005
 0.190478
-0.897232
-0.644285
 0.185103
-0.455834
 -1.29744
 0.156568
-0.920235
-0.632115
 0.180415
-0.479874
 -1.29244
 0.171831
-0.913313
-0.628256
   0.1886
-0.469472
 -1.30539
 0.175541
-0.911297
 -0.61816
 0.189343
-0.479577
 -1.30048
 0.166315
-0.924342
-0.632569
 0.191349
-0.467973
 -1.31657
 0.178009
-0.921787
-0.622285
  0.18809
-0.485622
  -1.3052
 0.177135
-0.909077
-0.623929
 0.191553
-0.470977
 -1.30421
 0.168459
 -0.91637
-0.619069
 0.186463
-0.472904
 -1.29989
 0.170797
-0.918143
-0.624546
 0.182486
-0.473805
 -1.30066
 0.172587
-0.906822
-0.627676
 0.193521
-0.455703
 -1.31674
 0.177254
-0.910001
  -0.6315
 0.191201
-0.462793
 -1.29308
 0.164205
-0.916087
-0.631469
  0.19013
 -0.46878
 -1.30332
 0.177186
-0.910514
-0.638119
 0.188476
-0.468304
 -1.29275
 0.172973
  -0.9098
-0.641792
 0.192965
-0.468654
 -1.30546
 0.184274
-0.914418
-0.632539
  0.17875
-0.465487
 -1.30497
 0.181655
-0.911559
-0.626952
 0.186968
-0.475577
 -1.29639
 0.169733
-0.913883
-0.635935
 0.190727
  -0.4827
 -1.30219
  0.18248
-0.915255
-0.626814
  0.18097
-0.468875
 -1.29846
 0.164411
-0.917121
-0.629383
 0.182028
-0.460016
 -1.31571
  0.18125
-0.909592
-0.617707
 0.186258
-0.467451
 -1.27559
 0.167631
-0.913072
-0.628152
 0.190649
-0.471635
  -1.3001
   0.1655
-0.912131
-0.630712
 0.192358
-0.455502
 -1.31133
 0.179813
-0.912845
-0.630318
 0.183368
-0.472243
 -1.30129
 0.178861
-0.917024
-0.630164
 0.186788
-0.468465
 -1.29869
 0.169573
-0.913249
-0.629194
 0.182473
-0.467697
 -1.30049
  0.17808
-0.906669
-0.632386
 0.177856
-0.472295
 -1.28432
 0.167138
-0.912256
-0.634559
 0.184301
-0.473708
 -1.28776
 0.190197
-0.913107
-0.626574
 0.178519
-0.459508
 -1.28268
 0.179474
-0.911251
-0.625697
 0.184178
-0.469899
 -1.28938
 0.164169
-0.916433
-0.625668
 0.182924
-0.469123
 -1.29689
 0.177703
-0.912791
-0.621134
 0.178594
-0.470808
 -1.29009
 0.186745
-0.914664
-0.623541
 0.190893
-0.469284
 -1.29657
 0.148458
-0.919217
-0.617901
 0.185465
-0.467175
  -1.3014
 0.183162
-0.908916
-0.623402
 0.190956
-0.474479
 -1.27953
 0.153464
-0.922516
 -0.62243
  0.19312
-0.480745
 -1.30968
 0.169335
-0.912612
-0.627756
 0.182211
 -0.47198
 -1.28403
 0.185069
 -0.90852
-0.625876
 0.185365
-0.469714
 -1.29335
 0.154529
-0.910987
-0.635113
 0.177899
 -0.44766
 -1.31181
 0.171262
 -0.91235
-0.630215
 0.178544
-0.474872
 -1.29765
 0.168743
-0.910775
-0.626868
 0.174236
-0.474969
 -1.29678
 0.164579
-0.917815
-0.625736
 0.187518
-0.476205
  -1.3019
 0.187382
-0.909884
-0.624635
 0.181035
-0.469896
 -1.29203
 0.160926
-0.912091
-0.630303
 0.179281
-0.465363
 -1.29894
 0.185203
-0.908897
 -0.63273
 0.189755
-0.469534
 -1.30006
 0.175496
-0.910803
-0.625994
 0.192422
-0.462683
 -1.29813
 0.166775
-0.918232
-0.618883
 0.186393
-0.478241
 -1.29578
 0.191279
-0.908391
-0.628051
 0.187686
 -0.46783
  -1.2894
 0.157641
 -0.91521
-0.623405
 0.180999
-0.466687
 -1.29345
 0.170028
-0.915144
 -0.62788
 0.183521
-0.471843
 -1.29446
 0.173213
-0.910915
 -0.62708
 0.184238
-0.469788
 -1.30216
   0.1732
-0.911191
-0.631393
 0.184806
-0.471313
 -1.29512
 0.165794
-0.914321
-0.626905
 0.190344
-0.481719
 -1.29786
 0.171594
-0.912908
-0.633571
 0.185739
  -0.4631
 -1.29362
 0.187081
-0.908003
-0.628082
 0.187868
-0.462404
 -1.28892
  0.16915
-0.910916
-0.631634
  0.19094
-0.472773
 -1.30362
 0.176766
-0.908238
-0.622544
  0.18333
-0.461129
 -1.29273
 0.170645
-0.909655
-0.623654
 0.179737
-0.486233
 -1.30084
   0.1849
-0.915254
-0.625837
 0.195097
-0.468548
 -1.29883
 0.171018
-0.918444
-0.629148
 0.192033
-0.477458
 -1.30503
  0.16792
-0.914466
-0.630318
 0.189082
-0.470909
 -1.30068
 0.166019
-0.915439
 -0.62253
 0.185338
-0.485434
 -1.30767
 0.156688
-0.910438
 -0.63069
 0.189846
-0.461717
 -1.30925
 0.169303
-0.912688
-0.627972
 0.178153
-0.473387
 -1.29774
 0.163521
-0.914636
 -0.62445
 0.175922
-0.475519
 -1.29349
 0.169361
-0.912793
-0.625857
 0.181231
-0.486122
 -1.30433
 0.170538
-0.917339
-0.633573
  0.18299
-0.469414
 -1.30449
 0.161897
-0.915755
-0.623535
 0.182727
-0.480026
 -1.30288
 0.168006
-0.915226
-0.620916
 0.183546
-0.472095
 -1.28087
 0.177353
-0.910203
-0.629492
 0.195204
-0.479577
 -1.30643
 0.155259
-0.914672
-0.623369
 0.176573
-0.477424
  -1.2948
 0.185002
-0.916714
 -0.63025
 0.183333
-0.461267
 -1.30411
 0.173028
-0.918284
-0.625743
 0.187339
-0.470723
 -1.30332
 0.170062
-0.914473
-0.626984
 0.191308
-0.474699
 -1.30099
 0.185792
 -0.91081
-0.623598
 0.189961
-0.465476
  -1.2925
 0.178717
-0.908823
-0.623721
 0.175915
-0.477683
   -1.304
 0.174323
-0.907024
-0.623449
 0.185556
-0.469264
 -1.28006
 0.175637
-0.911841
-0.629304
 0.192303
-0.473325
 -1.30035
 0.163762
-0.914211
-0.632753
 0.189054
-0.464677
 -1.30934
 0.183131
-0.909029
-0.628227
 0.183603
-0.462471
 -1.30037
  0.17226
-0.907656
-0.623651
 0.177837
-0.473029
 -1.29599
 0.158548
-0.909592
 -0.62174
 0.187194
-0.469536
 -1.30927
 0.163364
-0.913719
-0.620937
 0.177968
-0.472299
 -1.28189
 0.163867
 -0.91444
-0.622718
 0.188215
-0.474007
 -1.31195
 0.181674
-0.911835
-0.623341
 0.181679
-0.466064
 -1.28559
 0.162195
-0.917472
-0.622067
 0.176861
-0.473515
 -1.29027
 0.158372
-0.917876
-0.625932
 0.182098
-0.465746
 -1.31302
 0.177001
-0.917918
-0.624471
  0.18496
-0.473017
 -1.29673
 0.173125
-0.910665
-0.632586
  0.18836
-0.474015
   -1.297
 0.175621
-0.912352
-0.628108
 0.183743
-0.467894
 -1.30083
 0.166258
 -0.91617
-0.629892
 0.192156
-0.470921
 -1.28067
 0.162736
-0.918947
-0.628751
 0.187021
-0.467455
 -1.28632
 0.171907
-0.913826
-0.624731
 0.186133
-0.471681
 -1.30113
  0.18246
-0.906571
-0.628137
 0.183249
-0.466506
 -1.29212
 0.154938
-0.920091
-0.625942
 0.189564
-0.466566
 -1.31362
 0.160421
-0.918007
-0.624325
 0.185113
-0.471621
 -1.28798
 0.154978
-0.912912
-0.629133
 0.183201
-0.468999
 -1.29625
 0.165444
-0.921113
-0.631433
 0.187743
-0.465419
  -1.3128
 0.154278
-0.919162
-0.625556
 0.177669
-0.481529
  -1.3011
 0.149932
-0.917775
-0.627933
  0.18593
-0.485254
 -1.30197
 0.153896
-0.916449
-0.628134
 0.185367
-0.466482
 -1.30709
 0.159901
-0.916245
 -0.62329
 0.183112
-0.480997
 -1.29139
 0.155853
-0.915893
-0.625916
 0.186154
-0.470095
 -1.30705
 0.176584
-0.907841
-0.628159
 0.180522
-0.455078
 -1.29472
 0.165005
-0.911364
-0.622478
 0.181532
-0.469945
 -1.29704
 0.152649
-0.920597
-0.620909
  0.18017
-0.480136
 -1.29271
  0.15117
-0.914142
-0.621305
 0.180988
-0.472163
 -1.29897
 0.168829
-0.909999
-0.623554
 0.187233
-0.481388
  -1.2918
 0.145213
-0.914124
 -0.62151
 0.188656
-0.462257
  -1.3032
  0.15162
-0.915709
-0.630221
 0.185947
-0.462303
 -1.29735
 0.169111
-0.911275
-0.623504
 0.185875
-0.481706
 -1.29242
  0.19089
-0.915129
-0.627788
 0.188386
-0.464701
 -1.28804
 0.173176
-0.911013
-0.629119
 0.184042
-0.468493
 -1.29296
 0.168369
-0.916895
-0.625568
 0.183695
 -0.47834
 -1.29496
 0.170434
-0.915697
-0.629308
 0.191858
-0.465405
  -1.3064
 0.174751
 -0.90818
-0.621484
 0.188421
-0.469996
 -1.29449
