   2.51886
  0.643198
  0.124944
 0.0316135
-0.0850117
 -0.197559
  2.50988
 0.655032
 0.109694
0.0362575
-0.100094
-0.203803
   2.53262
  0.672534
  0.109844
 0.0295014
-0.0924864
  -0.20229
   2.54656
  0.658134
   0.12043
 0.0374236
-0.0775892
 -0.205667
    2.5188
  0.651217
  0.108246
 0.0267547
-0.0972124
 -0.205341
  2.52121
 0.660244
 0.104479
0.0360811
-0.082834
-0.192748
   2.48159
  0.661423
 0.0894828
 0.0296355
-0.0653953
 -0.200919
   2.47904
  0.663158
 0.0874333
 0.0324359
-0.0834565
 -0.204817
    2.5063
  0.652151
 0.0827948
  0.030802
-0.0855399
 -0.196512
   2.62601
  0.663054
  0.104683
 0.0364568
-0.0653153
 -0.186745
  2.86373
 0.734494
 0.118418
0.0402363
-0.059731
-0.210565
  3.20843
 0.814652
0.0919302
0.0296894
 -0.06479
-0.233936
    3.6462
  0.906028
  0.148591
 0.0273518
-0.0200106
 -0.264199
   3.97095
   1.01931
   0.14861
 0.0168339
-0.0264381
 -0.285863
   4.28437
   1.10477
   0.22186
 0.0378934
-0.0166158
 -0.315513
   4.50257
   1.20627
   0.15276
 0.0385465
-0.0306373
 -0.333555
   4.27639
   1.00328
  0.218607
 0.0331676
-0.0167521
 -0.296154
    4.0264
   1.10251
  0.201782
 0.0306789
-0.0258689
 -0.303295
   3.96792
   1.04131
  0.202796
 0.0225613
-0.0251919
 -0.287923
  3.99707
  1.04843
 0.112527
0.0173428
-0.029899
-0.301657
   3.89016
  0.955155
   0.16936
0.00624981
-0.0217528
 -0.286123
   3.90235
   1.04779
  0.180618
 0.0243187
-0.0345282
 -0.297333
   3.88693
  0.925585
  0.184254
 0.0196446
-0.0209963
 -0.278064
   3.82909
   1.02573
  0.144609
 0.0334149
-0.0448969
 -0.298242
   3.76905
   0.98995
  0.121582
 0.0284102
-0.0490959
 -0.282523
   3.78909
  0.984873
  0.144248
 0.0372219
-0.0432914
 -0.274424
   3.73633
  0.935282
  0.186387
 0.0325376
-0.0354463
 -0.281774
   3.76302
  0.980523
  0.132416
  0.027427
-0.0487491
 -0.270231
     3.747
  0.913931
  0.183546
 0.0183396
-0.0550038
 -0.275599
   3.77872
   1.00219
 0.0821077
 0.0336654
-0.0662836
 -0.285999
   3.74495
  0.960448
 0.0918199
 0.0304741
-0.0527207
 -0.279533
   3.74456
  0.918377
  0.211066
 0.0360671
-0.0421781
 -0.274836
    3.7572
   1.06036
  0.122837
 0.0312257
-0.0625791
 -0.294809
   3.72106
  0.939491
  0.173661
 0.0344591
-0.0502216
 -0.274437
   3.6918
 0.976014
0.0642562
0.0306732
-0.063848
-0.275875
   3.66763
  0.874652
  0.135236
 0.0312315
-0.0518176
 -0.266468
   3.65821
  0.979602
  0.166341
  0.028699
-0.0448927
 -0.263159
   3.62366
  0.886924
   0.18242
 0.0262855
-0.0261708
 -0.260457
  3.67292
 0.922648
  0.12456
0.0113285
-0.024811
-0.266392
   3.60776
   0.85513
   0.16552
0.00904981
-0.0368378
 -0.239701
   3.60133
   0.96513
  0.062799
 0.0193181
-0.0412132
 -0.254829
   3.58051
  0.929348
  0.134584
 0.0152814
-0.0363764
 -0.269028
   3.60084
  0.930661
  0.179264
  0.013891
-0.0332615
 -0.274077
   3.66457
  0.986969
  0.114539
   0.02043
-0.0230416
 -0.278488
   3.64042
  0.857599
  0.140122
 0.0199778
-0.0293233
 -0.247216
   3.67535
   1.02139
  0.119116
 0.0262425
-0.0371866
 -0.280503
   3.65945
  0.918182
  0.134558
 0.0146568
-0.0297343
 -0.268715
   3.90512
   1.05486
  0.140375
 0.0202789
-0.0233546
 -0.287402
    3.8851
   1.02328
   0.14131
0.00684024
-0.0300122
 -0.293291
   3.80805
  0.946979
  0.154521
 0.0268883
-0.0356567
  -0.26022
   3.85054
  0.968168
  0.138478
 0.0248341
-0.0407498
 -0.283174
   3.80506
  0.914012
  0.155473
 0.0239821
-0.0406108
  -0.27969
   3.83008
   1.01139
  0.132685
 0.0116759
-0.0392176
 -0.289402
   3.82596
  0.947726
  0.173045
 0.0122534
-0.0528124
 -0.287809
   3.84326
  0.973039
  0.129421
 0.0244883
-0.0457163
 -0.272427
   3.88013
   1.00837
 0.0731638
 0.0108014
-0.0548418
 -0.300548
   3.8502
 0.933725
 0.131372
0.0292465
-0.059317
-0.265163
   3.93566
   1.05684
  0.158542
 0.0324644
-0.0709379
 -0.294594
   3.96157
   1.00615
  0.183355
 0.0279877
-0.0507867
 -0.323504
   4.01325
   1.07711
  0.153235
 0.0187413
-0.0533947
 -0.335763
   4.04405
   1.00653
  0.143611
 0.0273762
-0.0558367
  -0.30812
   4.08442
   1.03637
  0.137193
 0.0198118
-0.0663901
 -0.322012
    4.0803
   1.04633
  0.138022
 0.0244093
-0.0550138
 -0.313101
   4.15676
   1.08294
  0.174814
  0.028994
-0.0491883
 -0.323615
   4.21434
   1.06719
  0.164253
 0.0381071
-0.0401623
 -0.309051
    4.2856
   1.09821
  0.153883
 0.0371191
-0.0463286
 -0.326832
   4.34697
   1.09888
  0.141765
 0.0235168
-0.0456481
 -0.346903
   4.43261
   1.13142
  0.145001
 0.0267797
-0.0390415
 -0.345838
   4.48096
   1.15409
  0.189204
 0.0152196
-0.0208843
 -0.359635
   4.56461
   1.18668
   0.13325
 0.0317786
-0.0417191
 -0.359008
    4.5652
   1.11243
  0.116964
  0.034629
-0.0411228
 -0.323206
   4.54391
   1.10575
  0.229444
 0.0238142
-0.0272305
 -0.329741
   4.52947
   1.18699
  0.152425
 0.0275313
-0.0411446
  -0.32922
   4.49698
   1.10316
  0.181524
 0.0269614
-0.0413749
 -0.324785
   4.49052
   1.16839
  0.169756
 0.0318764
-0.0227229
 -0.347977
   4.43045
    1.1034
  0.131791
    0.0127
-0.0404664
 -0.333928
   4.44137
   1.18301
  0.143601
 0.0218116
-0.0449854
  -0.34583
   4.41251
   1.04754
  0.169129
 0.0232924
-0.0466014
 -0.314279
   4.40411
   1.16577
  0.167392
  0.025089
-0.0392635
 -0.349869
    4.4202
   1.15042
   0.16465
  0.031249
-0.0426228
 -0.334252
   4.34697
   1.05408
  0.150148
 0.0198685
-0.0394899
 -0.314537
    4.2819
   1.12167
  0.160834
 0.0153712
-0.0439083
 -0.310528
   4.28744
   1.06231
  0.150275
 0.0233433
-0.0295748
 -0.311028
   4.27673
   1.07255
   0.16138
 0.0219574
-0.0339586
 -0.329153
   4.27557
   1.09558
  0.100794
 0.0207931
-0.0427273
 -0.307589
   4.29184
   1.08872
  0.164012
 0.0260262
-0.0284798
 -0.314759
   4.27857
    1.0828
  0.142028
  0.023554
-0.0372896
 -0.317036
   4.28632
    1.0316
  0.175572
 0.0314413
-0.0356362
 -0.312192
   4.34958
   1.10626
  0.139996
 0.0250489
-0.0402791
 -0.324667
   4.32704
   1.15131
  0.155859
 0.0268734
-0.0386601
 -0.319413
   4.32212
    1.0827
  0.163864
 0.0272245
-0.0246767
 -0.322134
   4.31955
   1.13799
  0.162752
 0.0222923
-0.0418899
 -0.339544
   4.29485
   1.11188
  0.181898
 0.0302235
-0.0388871
  -0.31267
   4.28606
   1.04134
  0.142251
 0.0253932
-0.0323802
 -0.305765
  4.21832
  1.08461
 0.126238
0.0304179
-0.055733
-0.310582
   4.24668
   1.06906
  0.145291
 0.0305275
-0.0446464
 -0.323744
   4.30402
    1.0976
  0.138475
 0.0220019
-0.0405774
 -0.323336
   4.29488
    1.0921
  0.137343
 0.0176669
-0.0451258
 -0.308046
   4.32953
    1.1297
 0.0922018
 0.0217532
-0.0671759
 -0.320105
   4.29664
   1.07527
  0.137225
 0.0241459
-0.0604304
 -0.316312
   4.39951
    1.1145
  0.173831
 0.0330242
-0.0395309
 -0.333825
   4.50448
   1.14265
  0.190221
 0.0310196
-0.0473811
 -0.336439
   4.63899
   1.22204
  0.151292
 0.0234645
-0.0374688
 -0.358843
   4.72301
    1.1976
  0.135297
 0.0240014
-0.0440857
 -0.348918
  4.81636
  1.25943
 0.149545
0.0271622
  -0.0315
 -0.36773
   4.86362
   1.22379
  0.202276
 0.0195557
-0.0326869
 -0.343753
   5.00448
   1.32199
  0.175922
  0.025093
-0.0235552
 -0.368211
   5.14094
   1.28515
  0.159596
  0.030209
-0.0311929
 -0.371913
    5.2131
   1.27469
  0.163849
 0.0165422
-0.0410025
 -0.377502
   5.26646
   1.35918
   0.20481
 0.0320279
-0.0373198
 -0.392709
    5.3145
   1.43692
  0.154881
 0.0124042
-0.0218978
 -0.386477
   5.33453
   1.33159
  0.189789
 0.0186889
-0.0253319
 -0.378052
   5.40158
   1.39939
  0.184101
 0.0114171
-0.0223199
  -0.36771
   5.41236
    1.3534
  0.193882
 0.0231534
-0.0164121
 -0.370628
   5.46646
     1.395
  0.220997
0.00526164
-0.0229043
 -0.369597
   5.50455
    1.4199
  0.205986
 0.0302903
-0.0452321
 -0.375028
    5.5481
   1.38206
  0.173489
 0.0229399
-0.0458869
 -0.366906
   5.58988
   1.42533
  0.167074
 0.0234192
-0.0484831
 -0.366357
   5.62546
   1.41293
  0.207495
 0.0118252
-0.0404056
 -0.380974
   5.57901
   1.39176
  0.220343
  0.027339
-0.0442769
 -0.372324
   5.66414
   1.43445
  0.186331
   0.02772
-0.0550558
 -0.390725
   5.76572
   1.48709
  0.129198
 0.0345897
-0.0678971
 -0.401615
   5.75689
   1.43509
  0.223082
 0.0237767
-0.0438938
 -0.391122
   5.73139
   1.49235
  0.235362
 0.0295044
-0.0596143
 -0.405572
   5.81036
   1.51726
  0.210257
 0.0349289
-0.0712207
 -0.419051
  5.99525
  1.52945
 0.191914
 0.028662
-0.068127
-0.446727
   6.03227
   1.50203
  0.169569
 0.0242747
-0.0738543
 -0.453548
   6.03521
    1.5084
  0.238372
 0.0312114
-0.0646366
 -0.443283
   6.11473
   1.67714
  0.227674
 0.0447963
-0.0644689
 -0.453851
  6.29962
  1.58929
 0.229304
0.0341186
-0.067461
-0.467899
   6.43028
   1.57799
  0.248266
 0.0347083
-0.0690753
 -0.448846
   6.55991
   1.60697
  0.254147
 0.0331947
-0.0649586
 -0.457277
   6.75563
   1.75494
  0.189336
 0.0559222
-0.0808772
 -0.500206
    6.9447
   1.74868
  0.187469
 0.0496685
-0.0936604
 -0.511016
   7.05813
   1.77523
  0.278908
 0.0396014
-0.0890797
 -0.521863
  7.12567
    1.815
 0.249591
 0.053298
-0.086943
-0.545138
   7.23951
   1.81344
  0.255869
 0.0448411
-0.0866556
  -0.52306
   7.35059
   1.88809
   0.24736
 0.0472227
-0.0759835
 -0.538159
   7.36787
   1.83108
  0.331381
 0.0491658
-0.0615977
 -0.526901
   7.44543
   1.90586
  0.305389
 0.0413812
-0.0727629
 -0.543048
   7.46725
   1.91051
  0.264204
  0.043281
-0.0700088
 -0.524868
   7.50704
   1.87993
  0.248768
  0.036541
-0.0834101
 -0.526496
   7.51693
   1.93554
  0.242676
 0.0349347
-0.0861818
 -0.541922
   7.49267
   1.86151
  0.301808
 0.0394043
-0.0807212
 -0.531102
   7.54929
   1.96744
  0.253096
 0.0486489
-0.0865009
 -0.519747
   7.54945
   1.91091
  0.279438
 0.0338739
-0.0859325
  -0.52904
    7.6683
   1.98119
  0.255334
 0.0533635
-0.0713007
 -0.513136
   7.73242
   1.97946
  0.277728
 0.0416211
-0.0682243
 -0.522307
  7.78753
  1.96445
 0.275369
0.0429992
-0.079358
-0.486316
   7.82315
   2.02539
  0.291183
 0.0382123
-0.0571791
  -0.52043
   7.94663
   2.07344
   0.25849
 0.0397268
-0.0459319
 -0.504685
   8.01382
   2.05079
  0.317418
 0.0508754
-0.0686838
 -0.508813
  8.14901
  2.10054
 0.280638
0.0495861
 -0.07193
-0.513208
   8.20622
   2.10342
  0.277646
 0.0474734
-0.0634916
 -0.505557
   8.23475
   2.16027
   0.28102
 0.0555014
-0.0715109
 -0.499847
   8.36431
    2.2335
  0.299489
 0.0410086
-0.0668852
 -0.527805
    8.4839
   2.17059
  0.286509
 0.0456645
-0.0875527
 -0.519252
   8.59928
   2.29973
  0.279268
 0.0518125
-0.0760474
 -0.518441
   8.68168
     2.255
  0.274468
 0.0489662
-0.0724783
 -0.520152
   8.71309
   2.26135
  0.325566
 0.0365071
-0.0650079
  -0.50579
   8.91026
   2.37651
  0.292919
  0.048793
-0.0551507
  -0.50897
   9.07885
   2.34315
  0.365214
 0.0473618
-0.0516777
 -0.512708
   9.17732
   2.41853
  0.283367
 0.0532855
-0.0695902
 -0.512994
   9.25815
   2.40711
  0.358751
 0.0430839
-0.0620419
 -0.525376
   9.37609
   2.51499
  0.286901
 0.0451169
-0.0712841
 -0.525415
    9.5822
   2.54481
  0.374454
 0.0498052
-0.0552786
  -0.52781
   9.80817
     2.576
  0.318668
 0.0460139
-0.0658543
 -0.535213
   9.82557
   2.56268
  0.313514
 0.0477621
-0.0817299
 -0.538733
   9.87958
   2.64398
  0.307446
 0.0581752
-0.0863611
 -0.536544
   9.88475
   2.60232
  0.368741
 0.0525689
-0.0906932
 -0.533192
   10.0606
   2.70071
   0.34763
  0.052588
-0.0853212
  -0.54514
   10.2377
   2.72204
  0.377538
 0.0594508
-0.0765024
 -0.555499
  10.3213
  2.74366
 0.334855
0.0579963
-0.103864
-0.561675
  10.2755
  2.72761
 0.352945
 0.064535
-0.105793
-0.562743
  10.3935
  2.77119
 0.332526
0.0556871
-0.102936
-0.553343
  10.5247
  2.81126
 0.371011
0.0540268
-0.100765
-0.566342
  10.6594
  2.84496
 0.349726
 0.051362
-0.102049
-0.579983
    10.761
   2.84416
  0.369356
 0.0533347
-0.0885555
 -0.566877
  10.8152
  2.91483
 0.375054
0.0663878
-0.103231
-0.590347
  10.9721
  2.92376
 0.362524
 0.063268
-0.109004
-0.588178
   11.1014
   2.94577
   0.37975
 0.0658183
-0.0958645
 -0.579871
  11.1838
  3.04488
 0.383698
0.0579542
-0.110438
-0.597022
   11.2694
   3.02382
    0.3798
 0.0630165
-0.0924887
 -0.586229
   11.4984
   3.09664
  0.342411
 0.0588984
-0.0950532
 -0.600585
   11.6605
   3.03688
  0.374283
 0.0524138
-0.0916255
 -0.592359
   11.6763
   3.21322
  0.416585
 0.0573438
-0.0896718
 -0.604716
  11.8453
  3.15044
  0.32257
0.0575784
-0.101352
-0.614294
   11.8631
   3.16296
  0.420493
 0.0557308
-0.0893495
 -0.604233
   11.9465
     3.279
  0.419958
 0.0657453
-0.0837726
 -0.610826
   12.3056
   3.27951
  0.378154
 0.0655165
-0.0973016
 -0.602444
   12.4561
   3.34368
  0.443107
 0.0635537
-0.0993167
 -0.612153
   12.531
  3.40425
 0.374155
 0.061082
-0.101371
-0.626364
   12.5363
   3.36315
  0.402362
 0.0610479
-0.0846325
  -0.60965
   12.5541
   3.33865
  0.426603
  0.054147
-0.0896562
 -0.592571
   12.6869
   3.43577
  0.361159
 0.0646342
-0.0997811
 -0.632154
   12.7974
    3.4387
    0.4208
  0.048417
-0.0962784
 -0.628905
  12.8422
  3.48749
  0.36793
0.0515577
-0.086145
-0.637284
   12.9903
   3.48188
  0.407207
 0.0636687
-0.0702238
 -0.658695
   13.0863
   3.52353
  0.423412
 0.0712648
-0.0694372
 -0.649751
   13.1892
   3.54279
  0.430377
 0.0669367
-0.0560215
 -0.658761
   13.2873
   3.66399
  0.400853
 0.0548194
-0.0710923
 -0.671664
   13.3994
   3.65242
  0.372775
 0.0664062
-0.0879661
 -0.696325
   13.5487
   3.63109
  0.393517
 0.0539856
-0.0719528
   -0.6565
    13.732
   3.70524
  0.412637
 0.0508114
-0.0604987
 -0.683019
   13.8813
   3.81346
  0.435196
 0.0691404
-0.0517148
 -0.684038
   13.9714
   3.77166
  0.437231
 0.0691009
-0.0476642
 -0.672453
   13.9825
   3.77603
  0.406792
 0.0609463
-0.0605715
 -0.665258
   14.1228
   3.82094
  0.412029
 0.0475772
-0.0502628
 -0.678021
   14.3128
   3.85709
  0.365174
 0.0532423
-0.0658809
  -0.68363
   14.4297
   3.92544
  0.430504
  0.060312
-0.0477359
 -0.680354
   14.5223
   3.90872
  0.466515
 0.0636863
-0.0492963
 -0.684993
   14.7255
   4.10665
  0.449688
 0.0736663
-0.0430835
  -0.70947
   14.9937
    4.0142
  0.420796
 0.0597243
-0.0686829
 -0.681255
   15.0624
   4.04745
  0.418955
 0.0598301
-0.0720781
 -0.698499
   15.0065
   4.05792
  0.439826
 0.0501378
-0.0400854
 -0.684447
    15.144
   4.17117
  0.414161
 0.0624991
-0.0418592
 -0.719008
   15.2518
   4.16766
   0.43813
 0.0613315
-0.0706304
 -0.743935
   15.4472
   4.24457
  0.362627
 0.0557509
-0.0307956
 -0.734926
   15.5931
   4.20182
  0.406566
 0.0533548
-0.0418505
 -0.707924
   15.7357
   4.28268
    0.4547
 0.0563337
-0.0368657
 -0.748834
   15.9007
   4.38447
  0.429108
 0.0634999
-0.0365584
 -0.740369
   15.9911
   4.32255
  0.465789
  0.065733
-0.0373759
 -0.728232
   16.1039
   4.44273
   0.42168
 0.0509615
-0.0383937
 -0.742793
   16.2422
   4.42454
  0.438213
 0.0505198
-0.0368983
 -0.735854
   16.3292
   4.48691
  0.428294
 0.0477015
-0.0376045
 -0.746033
   16.3965
   4.42953
  0.482117
 0.0678598
-0.0248281
 -0.714106
   16.4528
   4.53541
  0.432208
 0.0614604
-0.0375698
  -0.73258
   16.5929
   4.57356
   0.45519
 0.0653552
-0.0316507
  -0.75045
   16.8669
    4.6037
  0.429605
 0.0648888
-0.0271832
 -0.737898
   17.0431
    4.6625
  0.457568
 0.0496926
-0.0223719
 -0.737708
    17.224
   4.75814
   0.42428
  0.070683
-0.0357347
 -0.768616
   17.2784
   4.69053
   0.43164
 0.0597405
-0.0286955
 -0.756185
    17.318
   4.76276
  0.438054
 0.0662054
-0.0254851
 -0.763483
  17.3855
  4.77464
 0.441726
0.0570625
-0.011693
-0.747492
   17.4639
   4.77495
  0.429299
 0.0698101
-0.0342713
 -0.770969
   17.6181
   4.89713
   0.46712
 0.0662843
0.00213261
 -0.761862
    17.822
   4.86911
  0.469441
 0.0431408
0.00654135
  -0.75541
   17.9616
   4.94622
  0.431364
 0.0507811
0.00638835
 -0.762519
   18.0442
    4.9364
    0.4793
 0.0456035
0.00715275
 -0.769782
   18.1819
   5.06821
  0.423041
 0.0623778
-0.0112295
 -0.769455
   18.3726
   4.99089
  0.462166
 0.0491281
-0.0049232
 -0.750274
    18.3243
    5.00449
   0.470177
  0.0628727
-0.00912217
  -0.764605
   18.2787
   5.06885
  0.449972
 0.0679167
-0.0244913
 -0.797616
   18.3713
   4.99619
  0.462245
  0.054833
-0.0116169
 -0.785355
  18.3715
     5.04
 0.445611
0.0493587
-0.016044
-0.793531
  18.3804
  5.00204
 0.468809
0.0685837
  -0.0345
-0.797177
   18.4151
   5.10339
  0.453823
 0.0696952
-0.0424413
 -0.838498
   18.5245
   5.05781
  0.468577
 0.0672196
-0.0350006
 -0.848954
   18.5636
    5.1031
  0.455433
 0.0600815
-0.0482804
  -0.84505
   18.6483
   5.04835
  0.470799
 0.0601886
-0.0422527
 -0.829121
   18.7702
    5.1487
  0.460934
 0.0667852
-0.0334749
 -0.857805
   18.8768
   5.17984
  0.513804
  0.073032
-0.0415922
 -0.849866
   18.8904
   5.12802
  0.473597
 0.0657586
-0.0397692
 -0.840036
   18.8175
    5.1492
  0.480304
 0.0688184
-0.0450512
 -0.863877
  18.6904
  5.06362
 0.443459
0.0678506
-0.053098
 -0.83402
   18.6073
   5.06697
  0.466425
 0.0735654
-0.0473095
 -0.836805
   18.5967
   5.09577
  0.476416
 0.0704739
-0.0386681
 -0.843077
   18.7661
   5.10329
  0.455764
 0.0724643
-0.0628426
 -0.848105
   18.9425
   5.19003
  0.471441
 0.0710216
-0.0647543
 -0.867942
   19.0566
   5.17854
  0.476294
 0.0679959
-0.0448451
 -0.854173
   19.0782
   5.20978
   0.50375
 0.0591632
-0.0436514
 -0.865625
   19.0448
   5.18447
  0.478408
 0.0610778
-0.0443991
 -0.856271
   19.0568
   5.16098
  0.482166
  0.076399
-0.0370296
 -0.857926
   19.0942
   5.17705
  0.510612
  0.064581
-0.0425271
 -0.856515
   19.2506
    5.2901
  0.496949
 0.0856252
-0.0573449
 -0.874385
   19.4138
   5.24212
  0.468815
 0.0719701
-0.0622573
 -0.894228
   19.4116
    5.2694
  0.472874
 0.0742635
-0.0783816
 -0.901289
   19.3419
    5.2863
   0.49821
 0.0657349
-0.0491857
 -0.880642
   19.3252
    5.2601
  0.488678
 0.0736922
-0.0576893
 -0.890649
   19.3636
   5.23579
  0.482868
 0.0691139
-0.0666739
 -0.877232
   19.3914
   5.25029
   0.53788
 0.0709303
-0.0589239
 -0.881275
     19.51
   5.35473
  0.505083
 0.0658699
-0.0576906
 -0.899819
   19.7307
   5.34724
  0.474033
 0.0781758
-0.0717334
 -0.914784
    19.835
   5.36088
  0.491371
 0.0798756
-0.0764587
  -0.90854
   19.8856
   5.43764
  0.520131
 0.0767177
-0.0734045
 -0.926694
   19.8693
   5.39155
  0.514297
  0.080665
-0.0754956
 -0.913157
   19.8321
   5.35577
  0.507119
   0.08307
-0.0629673
 -0.897342
   19.8002
   5.39581
   0.50182
 0.0762184
-0.0684446
 -0.894611
    19.947
   5.42278
  0.501366
 0.0786626
-0.0593967
 -0.898297
   20.2258
   5.48619
  0.490343
  0.083166
-0.0705821
 -0.925135
   20.4612
   5.57599
  0.521914
  0.072577
-0.0680255
 -0.924047
  20.4909
  5.57315
 0.535481
0.0909894
-0.081711
 -0.95023
   20.4236
   5.57946
  0.510628
 0.0855485
-0.0719737
 -0.920746
   20.3968
   5.54187
  0.476383
 0.0823032
-0.0829681
  -0.92732
   20.4364
    5.5497
  0.538019
  0.081209
-0.0624759
 -0.908152
   20.4765
   5.57203
  0.545266
 0.0726546
-0.0548369
  -0.93236
   20.5369
   5.61605
  0.519338
 0.0794034
-0.0702033
 -0.918198
   20.6483
   5.64555
  0.495032
 0.0949885
-0.0736724
 -0.912295
   20.7092
   5.59503
  0.529462
 0.0924106
-0.0698219
 -0.910816
   20.6242
    5.5667
  0.542126
 0.0703597
-0.0675657
 -0.918422
   20.4969
   5.62887
  0.531086
 0.0888976
-0.0874099
 -0.934882
    20.481
    5.5433
  0.501855
 0.0840589
-0.0905179
 -0.924785
    20.428
   5.49468
  0.531066
 0.0872644
-0.0995958
 -0.925344
  20.4447
  5.52147
 0.563153
0.0963693
-0.107149
-0.949517
  20.4852
  5.61586
   0.5416
0.0957181
-0.120731
-0.975179
  20.6233
  5.60675
 0.512718
0.0958041
 -0.12222
 -1.00959
  20.6936
  5.57918
 0.543137
0.0924379
-0.128826
-0.974677
  20.7398
  5.58431
 0.517331
0.0937059
-0.137028
-0.989356
  20.7359
  5.60199
 0.545089
0.0979223
 -0.14615
 -1.00961
  20.7979
  5.61273
 0.556191
 0.107174
-0.136324
-0.992764
  20.8892
  5.68485
 0.572968
 0.114245
-0.127478
-0.987829
   21.068
  5.67752
 0.551934
0.0991485
-0.127625
-0.981984
    21.11
  5.66386
 0.548466
0.0914511
-0.136109
-0.982164
  21.0534
  5.72383
 0.514138
 0.097485
-0.118918
-0.993855
  20.9775
  5.63037
 0.561656
  0.09684
-0.117028
-0.967282
  20.8548
  5.65346
 0.579675
 0.105167
-0.101144
-0.992092
  20.8372
   5.6306
 0.566175
0.0980606
 -0.10004
-0.975984
  20.9401
  5.62213
 0.561572
0.0933003
-0.103683
-0.978747
  21.0781
  5.73369
 0.517464
 0.100971
-0.111854
-0.991649
  21.2585
  5.68419
 0.577925
0.0992861
-0.115653
-0.981585
  21.3031
  5.78774
 0.568542
0.0973311
-0.122983
 -1.01123
  21.2883
  5.74453
 0.523407
 0.101663
-0.119237
-0.976195
  21.1854
  5.71417
 0.561688
0.0874721
 -0.11496
-0.989007
  21.1285
  5.73804
 0.534756
0.0846597
-0.100468
-0.988861
  21.1306
  5.62875
 0.520557
0.0937746
-0.107775
-0.975389
    21.041
   5.78903
  0.555038
 0.0978866
-0.0973356
 -0.991587
   21.1896
   5.68777
  0.534375
 0.0893236
-0.0889681
 -0.981389
   21.2257
   5.70233
  0.556816
 0.0882749
-0.0855072
 -0.951238
     21.24
   5.75718
  0.539398
 0.0824252
-0.0908285
 -0.980172
  21.3593
  5.76024
  0.57677
0.0924933
-0.081751
-0.990944
  21.4646
  5.76866
 0.496682
0.0978511
-0.108464
-0.986764
  21.4529
   5.8117
 0.587668
0.0871004
  -0.0934
-0.973681
   21.4999
   5.83209
  0.540427
 0.0899286
-0.0932495
 -0.994196
  21.4823
  5.76466
 0.575284
0.0999768
 -0.10934
-0.961902
  21.4566
  5.80499
 0.510242
 0.103377
-0.124716
 -0.98319
  21.4608
  5.77784
 0.560229
 0.107448
-0.123377
-0.979525
  21.5733
  5.82715
 0.514439
 0.100313
-0.118794
-0.999139
  21.7004
  5.85753
 0.529983
0.0961997
-0.113742
-0.992276
  21.5771
  5.81825
 0.546675
0.0970586
-0.112695
-0.996957
  21.3749
  5.80933
 0.584078
 0.101396
-0.104289
 -1.01691
  21.3697
  5.74843
 0.505789
0.0937664
-0.122013
 -1.01515
  21.4274
  5.76806
 0.547967
0.0955342
-0.112723
 -1.00834
  21.5638
  5.79366
 0.508663
0.0961889
-0.124889
 -1.04292
  21.6406
  5.79236
 0.585734
0.0911874
-0.101672
 -1.01623
  21.6596
  5.87407
 0.595798
 0.102493
-0.104717
 -1.03528
  21.7347
  5.84298
 0.556974
 0.106719
-0.123314
 -1.04122
  21.7853
  5.83002
  0.56563
 0.115481
-0.140624
 -1.02895
  21.7837
   5.8721
 0.519218
 0.106501
-0.152447
  -1.0562
  21.6761
  5.79173
 0.559581
 0.107377
-0.148868
 -1.03494
  21.5951
  5.85781
 0.526311
 0.100654
-0.129481
 -1.05675
  21.5567
  5.72587
 0.566358
0.0997503
-0.130438
 -1.02807
  21.427
 5.80752
0.537144
0.100842
-0.11445
-1.04011
  21.4656
  5.71843
 0.516271
 0.101796
-0.128788
 -1.02063
  21.4566
  5.74966
 0.528358
 0.104671
-0.108913
 -1.03362
   21.4046
   5.79627
   0.59473
 0.0894892
-0.0859365
    -1.041
   21.4338
   5.74069
  0.592555
  0.103755
-0.0943228
  -1.05333
  21.5271
  5.81247
 0.542417
 0.104797
-0.105118
 -1.04517
  21.6549
  5.82061
 0.538221
0.0864345
-0.108631
  -1.0397
  21.7063
  5.81107
 0.521063
0.0797735
 -0.12449
 -1.03375
  21.6472
  5.82847
 0.534229
0.0947175
-0.107579
 -1.03988
 21.6333
  5.8555
 0.52471
0.104416
-0.10043
 -1.0265
  21.6191
   5.7708
 0.526921
0.0987143
-0.126642
 -1.00237
  21.4608
   5.7698
 0.546373
   0.1098
-0.123686
 -1.00436
  21.3595
  5.75173
 0.567497
 0.104926
-0.119251
 -1.01525
  21.2658
  5.62631
 0.557962
0.0969663
-0.121144
 -1.00031
  21.0707
  5.73313
 0.531422
 0.104166
-0.106566
 -1.03144
  20.9794
  5.58775
 0.537771
0.0930885
 -0.11077
 -1.00062
  20.8133
  5.64563
 0.508071
0.0896896
-0.126344
 -1.02187
  20.7874
  5.56089
 0.504984
 0.106499
-0.126213
 -1.01224
  20.7211
  5.51582
 0.525283
 0.107221
-0.124593
 -1.02888
  20.6489
  5.56864
 0.524993
0.0920183
-0.114334
 -1.05396
  20.6949
  5.55832
 0.534764
 0.106816
-0.113777
 -1.04422
  20.7765
  5.56075
 0.493332
0.0951706
-0.114628
 -1.04263
  20.8194
  5.55395
 0.503578
 0.100618
-0.116894
 -1.05113
  20.9755
  5.61991
 0.482101
 0.087246
-0.099677
 -1.06067
  21.0588
   5.5888
 0.512577
0.0830098
-0.097996
 -1.04895
   21.0057
   5.61496
  0.535736
  0.097077
-0.0833269
  -1.06995
  20.8917
  5.65371
 0.545102
0.0937663
-0.074932
 -1.08281
   21.0484
   5.60768
  0.512798
 0.0831554
-0.0859618
  -1.06073
   21.2234
   5.64743
  0.481593
 0.0957755
-0.0851447
  -1.06314
   21.2821
   5.69777
  0.541254
 0.0884517
-0.0726843
  -1.07168
   21.3467
   5.78682
  0.547642
 0.0805025
-0.0593246
  -1.05866
    21.472
   5.74434
  0.501527
 0.0924101
-0.0800496
  -1.05088
   21.5516
   5.76666
  0.452238
 0.0843783
-0.0789695
   -1.0182
   21.4714
   5.73848
  0.523496
 0.0791614
-0.0565606
  -1.02841
   21.3375
   5.77511
  0.565304
 0.0845026
-0.0481459
  -1.02843
   21.3035
   5.70511
    0.5043
 0.0701322
-0.0552788
  -1.00106
   21.3301
   5.69824
  0.491963
 0.0869231
-0.0644139
 -0.999382
    21.342
   5.72777
  0.508683
 0.0826279
-0.0703998
 -0.992732
   21.4317
   5.79698
  0.513016
 0.0860361
-0.0722197
   -1.0091
    21.562
    5.7491
  0.475249
 0.0852143
-0.0805432
  -1.00689
   21.5298
   5.81931
  0.518987
 0.0898693
-0.0755135
  -1.02962
    21.366
      5.74
  0.498531
 0.0872387
-0.0765086
  -1.00919
  21.0945
  5.61582
 0.469563
0.0840203
-0.076268
 -1.04088
   20.6866
   5.54004
  0.494093
 0.0796936
-0.0616852
  -1.01673
   20.4571
   5.53232
  0.484113
 0.0770853
-0.0567603
  -1.02647
   20.5468
   5.50035
  0.492336
 0.0761956
-0.0610096
  -1.02969
   20.8906
   5.60511
  0.457469
 0.0849924
-0.0647508
  -1.04167
   21.2105
   5.65953
  0.482151
 0.0840283
-0.0702469
  -1.05157
   21.3465
   5.71392
  0.511525
  0.068976
-0.0551408
  -1.05151
    21.376
   5.73893
  0.500239
 0.0716983
-0.0539675
   -1.0619
   21.3386
   5.66756
  0.485157
  0.073622
-0.0455538
  -1.05455
   21.2585
   5.67426
  0.486479
 0.0696359
-0.0503161
  -1.06207
   21.2865
   5.68799
  0.500252
 0.0784941
-0.0535698
  -1.07318
   21.4111
   5.74933
  0.509335
 0.0835365
-0.0467752
  -1.07735
   21.5833
   5.74511
  0.499773
 0.0868836
-0.0568089
  -1.07216
   21.6608
   5.77604
  0.487361
 0.0855072
-0.0682741
  -1.08248
   21.6473
   5.78139
  0.510356
 0.0846297
-0.0539173
  -1.07572
   21.5635
   5.75886
  0.488669
  0.084898
-0.0664573
  -1.08509
   21.3927
   5.71145
  0.497711
 0.0832105
-0.0617591
  -1.05907
   21.2649
   5.66508
   0.48925
 0.0846039
-0.0594235
  -1.05772
    21.248
   5.67555
  0.498325
  0.076426
-0.0463223
   -1.0737
   21.3228
   5.68179
  0.502154
 0.0736306
-0.0546743
    -1.078
   21.3662
   5.70965
   0.49952
 0.0788154
-0.0640416
  -1.05446
    21.445
   5.71772
  0.504216
 0.0824207
-0.0512962
  -1.06331
   21.4073
   5.71918
   0.49666
 0.0750311
-0.0532563
  -1.07013
   21.3572
   5.69509
  0.499012
 0.0830646
-0.0626776
  -1.05801
   21.2242
   5.67124
  0.495225
 0.0743042
-0.0530362
  -1.06324
   21.0843
   5.63216
  0.491267
 0.0726785
-0.0605196
  -1.05805
   21.0178
   5.61664
  0.489261
 0.0798877
-0.0656795
  -1.06286
   21.0027
   5.60179
   0.48577
 0.0833535
-0.0664892
  -1.05292
   20.9963
   5.61068
  0.488113
 0.0736114
-0.0667375
  -1.05104
   21.0314
   5.62091
  0.492421
 0.0857905
-0.0737173
  -1.05034
   21.0876
   5.63621
  0.493831
 0.0796456
-0.0787401
  -1.06995
   21.1014
   5.63099
  0.492801
 0.0804927
-0.0588987
  -1.04937
    21.118
   5.63959
   0.49188
 0.0788944
-0.0601226
  -1.03776
   21.1431
   5.64751
   0.49486
  0.080658
-0.0522143
  -1.05236
   21.2083
     5.669
  0.496952
 0.0806464
-0.0658479
  -1.04886
   21.3067
   5.69103
  0.504301
 0.0852709
-0.0534201
  -1.05069
 21.4387
  5.7278
0.493419
0.091111
 -0.0776
-1.06735
   21.5649
   5.76333
  0.504268
 0.0880506
-0.0655949
  -1.05885
    21.656
   5.78866
  0.511509
 0.0855567
-0.0711214
  -1.06808
   21.7389
   5.80599
  0.510103
 0.0915339
-0.0697826
  -1.06243
   21.7891
   5.82158
   0.51608
 0.0918783
-0.0587152
  -1.09399
   21.7616
   5.81502
  0.508961
  0.084721
-0.0556271
  -1.06357
   21.7458
   5.80251
  0.507457
 0.0909212
-0.0745735
  -1.07599
  21.7448
  5.79834
 0.512027
0.0874027
-0.058393
 -1.06698
   21.7203
   5.79691
    0.5079
 0.0884712
-0.0606995
  -1.06425
   21.6817
   5.79243
  0.508942
  0.077867
-0.0721978
  -1.07814
  21.6062
  5.77243
 0.507154
0.0985451
-0.072799
 -1.08403
   21.5558
    5.7558
  0.500463
 0.0767867
-0.0720254
   -1.0789
   21.4444
   5.72885
  0.499019
 0.0819196
-0.0687312
  -1.07149
   21.3556
   5.70252
  0.503957
 0.0897425
-0.0787894
  -1.06494
   21.3027
   5.69021
   0.49632
 0.0904412
-0.0705032
  -1.07121
   21.2684
   5.67817
  0.499046
 0.0905299
-0.0659266
  -1.04871
  21.2819
  5.68119
 0.498603
0.0834115
-0.074013
 -1.06025
   21.3224
   5.69375
  0.503774
 0.0821819
-0.0670316
  -1.07321
   21.3236
   5.69753
  0.500696
 0.0835761
-0.0673272
  -1.06325
   21.3195
   5.69735
  0.497258
 0.0831544
-0.0717273
  -1.06815
   21.3028
   5.68936
  0.499659
  0.083536
-0.0707663
  -1.05717
   21.3139
    5.6958
  0.502029
 0.0920691
-0.0717784
   -1.0569
   21.3104
   5.69292
  0.503221
 0.0877958
-0.0710114
  -1.04906
   21.3531
   5.70436
  0.498572
 0.0839966
-0.0725552
   -1.0472
   21.4423
   5.72925
  0.495482
 0.0852191
-0.0709515
  -1.07409
   21.4943
   5.74626
   0.49784
 0.0877823
-0.0815418
  -1.06077
   21.5956
   5.77265
  0.509262
 0.0839727
-0.0699442
  -1.08058
   21.6304
   5.77343
  0.505571
  0.083142
-0.0768201
  -1.07712
  21.6606
  5.78664
 0.504627
0.0844337
-0.067684
 -1.07281
  21.7045
  5.79343
 0.507526
0.0893155
-0.062914
 -1.08267
   21.7281
    5.8077
  0.519027
 0.0848951
-0.0574747
  -1.07112
   21.7916
   5.81956
  0.508437
 0.0909181
-0.0616389
   -1.0808
   21.7982
   5.82592
  0.514916
 0.0906264
-0.0730808
  -1.09517
   21.7817
   5.81764
  0.507538
 0.0941797
-0.0806415
  -1.07235
   21.7582
   5.81137
  0.515174
  0.089569
-0.0695797
  -1.08576
   21.6928
   5.78989
  0.508568
 0.0845271
-0.0715628
  -1.08713
   21.5827
   5.76544
  0.503626
 0.0854644
-0.0694387
  -1.08743
    21.448
   5.73109
  0.498913
 0.0803017
-0.0745394
  -1.07222
  21.3725
  5.71031
 0.498508
0.0893823
-0.073699
 -1.05705
   21.3412
   5.70144
   0.49276
 0.0809824
-0.0715801
  -1.06734
   21.3252
   5.69923
  0.504906
  0.080013
-0.0642761
  -1.07994
    21.302
   5.69333
   0.49961
 0.0924021
-0.0724859
  -1.07522
   21.2876
   5.68373
  0.500596
 0.0910442
-0.0830412
  -1.07265
   21.2875
   5.68401
  0.500612
 0.0874789
-0.0676516
   -1.0723
   21.2855
    5.6837
  0.498575
 0.0822856
-0.0634834
  -1.06064
    21.294
   5.69157
  0.497552
 0.0842263
-0.0731656
  -1.06135
   21.3105
   5.69183
  0.500753
 0.0874052
-0.0759941
  -1.05994
  21.3491
  5.70372
 0.496264
0.0839272
-0.072211
 -1.05402
   21.3878
   5.71515
  0.500446
 0.0854271
-0.0706508
  -1.06219
   21.4391
   5.72557
  0.504528
 0.0857221
-0.0651985
  -1.06608
   21.4635
    5.7364
  0.504319
 0.0886758
-0.0750704
  -1.07796
   21.4469
   5.72777
  0.505767
 0.0865338
-0.0754422
  -1.05746
   21.4721
   5.73445
  0.506361
 0.0821096
-0.0658505
  -1.07816
   21.4471
   5.72701
  0.496748
 0.0890006
-0.0750424
  -1.06349
   21.4681
   5.73407
  0.503385
 0.0886215
-0.0812514
  -1.06272
   21.5151
    5.7458
  0.502157
 0.0883862
-0.0735517
  -1.05819
   21.5482
   5.75415
   0.50493
 0.0841596
-0.0654616
  -1.07897
   21.5913
   5.76367
  0.506928
  0.082939
-0.0833906
  -1.07473
   21.5959
   5.77163
  0.507273
 0.0869524
-0.0705422
  -1.07076
   21.5908
   5.76625
  0.511365
 0.0874735
-0.0718598
  -1.08509
   21.5529
   5.76105
  0.506455
 0.0899001
-0.0720765
  -1.06825
   21.5001
   5.73815
  0.506425
 0.0799678
-0.0718296
  -1.06321
  21.4828
  5.74302
 0.503337
0.0960745
-0.072504
 -1.07657
   21.4248
   5.72432
  0.498987
 0.0854336
-0.0815899
  -1.07182
  21.3806
  5.70945
 0.497996
0.0797159
-0.082378
 -1.06733
   21.3443
   5.69756
  0.504102
 0.0857111
-0.0719782
  -1.04976
  21.3243
  5.69495
 0.504916
0.0902705
-0.071322
 -1.07601
   21.2619
   5.67855
  0.502174
 0.0889811
-0.0767648
  -1.05684
   21.2216
    5.6739
  0.503632
 0.0834315
-0.0725729
   -1.0544
   21.2091
   5.66576
  0.501147
 0.0917869
-0.0767901
  -1.06577
   21.2176
   5.66498
  0.503402
 0.0925027
-0.0742067
  -1.05764
    21.225
   5.66854
  0.496769
 0.0872041
-0.0653219
  -1.05325
   21.2552
   5.68186
  0.501056
 0.0950451
-0.0718271
  -1.06585
   21.2784
   5.68741
  0.496368
 0.0866473
-0.0758528
  -1.06569
   21.3132
   5.69736
  0.509428
 0.0809265
-0.0784058
  -1.07184
   21.3578
   5.70202
  0.503951
 0.0872787
-0.0742555
  -1.05043
   21.3977
     5.717
  0.504901
 0.0887254
-0.0853453
  -1.05576
   21.4464
   5.72853
  0.502282
 0.0773431
-0.0792804
  -1.05768
   21.5098
   5.74185
  0.501889
 0.0915836
-0.0806967
  -1.06629
   21.5285
   5.75018
  0.499857
 0.0879111
-0.0856341
   -1.0544
   21.5517
   5.75729
  0.509768
 0.0886831
-0.0721556
  -1.05988
  21.5598
  5.75739
   0.5038
0.0853166
-0.078009
 -1.07263
   21.5334
   5.74723
  0.506332
 0.0937623
-0.0738154
  -1.06396
   21.5118
   5.74187
  0.513271
 0.0855158
-0.0714844
  -1.05258
   21.4643
   5.73274
  0.500119
 0.0860674
-0.0823291
  -1.05545
   21.4579
   5.73384
  0.504482
 0.0875751
-0.0755531
  -1.06817
   21.4224
    5.7254
  0.494562
 0.0825996
-0.0819106
  -1.06772
   21.3836
   5.70687
  0.503831
  0.087178
-0.0645676
  -1.05185
   21.3334
   5.69905
  0.503996
 0.0784285
-0.0764511
  -1.05626
   21.3013
   5.69534
  0.498384
 0.0843893
-0.0749829
   -1.0761
   21.2989
   5.68834
  0.503963
 0.0905027
-0.0815987
  -1.06904
   21.2737
   5.68083
  0.500872
 0.0802023
-0.0711779
  -1.05627
    21.261
   5.67446
  0.500084
 0.0936688
-0.0783053
  -1.04351
   21.2505
   5.67337
  0.499676
  0.078615
-0.0802256
   -1.0601
   21.2602
   5.67666
  0.504053
 0.0894622
-0.0847474
   -1.0679
   21.2799
   5.68082
  0.500603
 0.0893564
-0.0808757
  -1.06739
   21.2543
   5.67548
  0.502077
 0.0841014
-0.0793428
  -1.05393
   21.2382
   5.67366
  0.503132
 0.0898778
-0.0840896
  -1.06655
   21.2671
   5.68316
  0.501144
 0.0912288
-0.0810419
   -1.0516
   21.2714
   5.67271
   0.50176
 0.0861446
-0.0839174
  -1.05547
   21.3342
   5.69667
  0.501441
 0.0937224
-0.0816136
  -1.07355
   21.3755
   5.70556
  0.500323
 0.0901095
-0.0830324
  -1.05938
  21.4002
  5.71552
 0.508284
0.0921762
-0.081525
 -1.05256
   21.4465
   5.72934
  0.498977
 0.0901731
-0.0859572
  -1.06275
     21.49
   5.73825
  0.498438
 0.0943735
-0.0788398
  -1.08029
   21.4882
   5.74532
  0.507645
 0.0865654
-0.0807461
   -1.0728
   21.5012
   5.74449
  0.510069
 0.0996665
-0.0643809
  -1.06386
   21.5118
   5.74162
  0.502955
 0.0893291
-0.0833582
  -1.06604
   21.4962
    5.7371
  0.504279
 0.0845064
-0.0910429
  -1.05443
   21.4902
   5.73715
  0.508618
 0.0909427
-0.0748654
  -1.07096
   21.4687
   5.73277
  0.508023
  0.100033
-0.0805598
  -1.05543
   21.4606
   5.73115
  0.500972
 0.0977449
-0.0894635
  -1.07377
   21.4126
   5.71584
  0.505804
 0.0982149
-0.0848798
  -1.06282
   21.4038
   5.71739
  0.502471
 0.0904453
-0.0816745
  -1.06646
   21.3844
   5.71224
  0.503614
 0.0916046
-0.0781593
  -1.07073
   21.3643
   5.70931
  0.507235
 0.0891012
-0.0828778
   -1.0627
   21.3474
    5.7023
  0.504006
 0.0916844
-0.0799651
  -1.05874
   21.3575
   5.70341
  0.501587
 0.0945248
-0.0815075
  -1.06497
   21.3477
   5.70098
  0.508252
 0.0880929
-0.0702519
  -1.06716
   21.3278
   5.69814
  0.507354
 0.0966699
-0.0865961
  -1.06623
   21.3523
   5.69734
  0.504607
 0.0794839
-0.0832153
  -1.06735
   21.3531
   5.70429
  0.502631
 0.0910416
-0.0844468
  -1.07056
   21.3625
   5.70779
  0.502622
 0.0834671
-0.0835882
   -1.0665
   21.3974
   5.71779
  0.501565
 0.0885214
-0.0910827
  -1.05839
   21.4148
   5.72264
  0.502149
 0.0845872
-0.0827283
  -1.08142
   21.4458
     5.731
  0.504194
 0.0814371
-0.0848907
  -1.08208
   21.4648
   5.73149
  0.502418
 0.0975705
-0.0825111
  -1.05728
     21.47
     5.735
  0.506827
 0.0934296
-0.0894083
  -1.05875
    21.496
   5.74753
  0.500806
 0.0905437
-0.0814722
  -1.08412
   21.4948
   5.74331
  0.498418
 0.0869849
-0.0846367
  -1.08451
   21.5026
   5.74553
  0.508609
 0.0817236
-0.0675465
   -1.0755
   21.5347
   5.74919
  0.499335
 0.0839052
-0.0818714
  -1.07823
   21.5227
   5.74799
  0.509518
 0.0874754
-0.0761863
  -1.07938
   21.5275
   5.74575
  0.508658
 0.0906079
-0.0776122
  -1.06178
    21.499
   5.74322
  0.502198
 0.0862289
-0.0931446
  -1.05922
   21.5234
   5.74506
  0.499574
 0.0937273
-0.0919382
  -1.07105
   21.5035
   5.74165
  0.501872
 0.0916604
-0.0927806
  -1.07406
     21.47
   5.73516
  0.508903
 0.0904644
-0.0765774
  -1.06998
   21.4292
   5.72443
   0.50476
  0.096488
-0.0858313
  -1.06496
   21.4124
   5.71637
  0.507137
 0.0977396
-0.0886701
  -1.05636
   21.3782
   5.72026
  0.506232
 0.0778698
-0.0672026
  -1.06566
   21.3504
   5.69844
  0.502843
 0.0927443
-0.0787542
  -1.05878
   21.3218
   5.69707
  0.503255
 0.0914972
-0.0822565
  -1.05223
    21.282
   5.68118
  0.507922
  0.086937
-0.0692247
  -1.04208
   21.2795
   5.68298
  0.507716
 0.0893965
-0.0860447
  -1.05517
   21.2911
   5.68682
       0.5
 0.0906754
-0.0815358
  -1.05059
   21.2652
   5.68126
  0.503384
 0.0779066
-0.0844638
  -1.04868
   21.2882
   5.68132
  0.503184
 0.0923981
-0.0819991
   -1.0531
   21.3046
   5.69132
  0.504261
 0.0931554
-0.0689644
  -1.06255
   21.3513
   5.70368
  0.507532
 0.0952502
-0.0829795
  -1.05464
   21.3668
    5.7067
   0.50612
 0.0785275
-0.0805267
  -1.05636
   21.4121
   5.71681
  0.510218
 0.0879165
-0.0891337
  -1.06585
   21.4198
   5.71957
  0.502514
  0.091681
-0.0948853
  -1.06151
   21.4572
   5.73609
  0.506517
 0.0903587
-0.0937999
  -1.08594
   21.4485
   5.72939
  0.495791
 0.0874217
-0.0869436
  -1.06004
   21.4771
   5.73077
   0.50758
 0.0921164
-0.0845838
  -1.07188
   21.4335
   5.73127
  0.510215
 0.0827684
-0.0821802
   -1.0746
   21.4428
    5.7272
  0.499225
 0.0895764
-0.0889137
   -1.0576
   21.423
  5.72343
 0.508241
0.0878801
-0.090463
 -1.05851
   21.4119
   5.71826
   0.50814
 0.0935133
-0.0889555
  -1.06647
   21.3829
   5.70971
  0.507352
 0.0927156
-0.0819358
  -1.05621
  21.3808
  5.71013
 0.503896
0.0950634
-0.080161
  -1.0656
    21.377
   5.70789
  0.501551
 0.0914038
-0.0888313
  -1.06736
   21.3381
   5.69731
  0.498425
 0.0848536
-0.0747127
  -1.06374
   21.3496
   5.70094
  0.502808
 0.0832498
-0.0809462
  -1.06458
   21.3146
   5.69099
  0.497568
 0.0816168
-0.0885907
  -1.05222
   21.2966
   5.69004
  0.503698
 0.0894766
-0.0763686
  -1.04003
  21.3088
  5.68989
 0.505299
0.0895988
-0.090815
 -1.06205
   21.3044
   5.69067
  0.500618
 0.0842631
-0.0805046
  -1.07605
   21.3034
   5.68588
  0.507393
 0.0868227
-0.0902399
  -1.06541
   21.2803
   5.67883
  0.501966
 0.0870481
-0.0890533
  -1.06204
  21.3144
  5.69326
 0.506491
0.0965515
-0.084529
 -1.06524
   21.2955
   5.69451
  0.500269
 0.0901044
-0.0858931
  -1.05151
   21.3168
   5.69947
  0.501991
 0.0795746
-0.0799993
  -1.06737
   21.3554
   5.70312
  0.499513
 0.0909931
-0.0847674
  -1.06724
   21.3625
   5.70871
  0.502072
 0.0895561
-0.0789353
  -1.05528
   21.3957
   5.71664
  0.499633
 0.0873133
-0.0735335
  -1.05733
   21.3877
   5.71555
  0.506436
 0.0873017
-0.0839286
  -1.05378
   21.4154
   5.72069
   0.50388
 0.0905264
-0.0892703
  -1.06236
    21.422
   5.71859
  0.507099
 0.0905126
-0.0956167
    -1.061
   21.4249
   5.72537
  0.510902
 0.0951088
-0.0783693
  -1.05213
   21.4385
   5.72749
  0.501375
 0.0872714
-0.0908091
  -1.07206
   21.4365
   5.72791
  0.498331
 0.0938567
-0.0884475
  -1.06313
   21.4413
   5.72452
  0.507191
 0.0852644
-0.0874368
   -1.0545
   21.4213
   5.72179
   0.49804
 0.0911224
-0.0874252
   -1.0779
  21.3972
  5.71858
 0.503068
0.0862321
-0.087089
 -1.05633
   21.3713
   5.70585
  0.502992
 0.0937925
-0.0919555
  -1.06029
   21.3825
   5.71182
  0.504132
 0.0978829
-0.0863313
  -1.06408
   21.3716
   5.70454
  0.507146
 0.0901558
-0.0821516
   -1.0733
   21.3553
   5.70342
  0.507593
 0.0891053
-0.0815668
  -1.05851
   21.3257
   5.68865
  0.503129
  0.091494
-0.0886527
  -1.05484
   21.3086
   5.69078
  0.500045
 0.0887997
-0.0939867
   -1.0531
   21.3031
   5.68845
  0.497905
 0.0941161
-0.0857387
   -1.0523
   21.3287
   5.69353
  0.500783
 0.0908955
-0.0870527
  -1.06579
   21.3301
   5.69612
  0.507356
 0.0903719
-0.0905176
  -1.07417
    21.335
   5.70166
  0.503379
  0.083189
-0.0787465
  -1.05268
   21.3337
   5.69869
  0.505447
 0.0877772
-0.0736101
  -1.06059
   21.3639
   5.70155
  0.502664
 0.0905667
-0.0896961
  -1.07272
   21.3811
   5.70878
  0.504084
 0.0955441
-0.0882398
  -1.06056
   21.3824
   5.71195
  0.501802
 0.0930944
-0.0844554
  -1.06623
   21.3935
   5.71701
  0.506142
 0.0910185
-0.0826139
  -1.07212
   21.4151
   5.72208
   0.50375
 0.0908809
-0.0849088
  -1.07436
    21.397
   5.71973
  0.505089
 0.0881854
-0.0893601
  -1.06855
   21.4245
    5.7255
   0.50368
 0.0890993
-0.0907006
  -1.07508
   21.4357
   5.73116
   0.50927
 0.0896853
-0.0877997
  -1.07672
  21.4427
  5.72751
 0.509073
0.0872408
-0.084107
  -1.0764
   21.4193
   5.72152
  0.503893
 0.0916093
-0.0944027
  -1.06247
    21.445
   5.72755
  0.506215
 0.0968274
-0.0825922
  -1.05542
   21.4645
   5.73218
  0.503517
 0.0968824
-0.0858511
  -1.07374
  21.4453
  5.72627
 0.506177
0.0954709
-0.082881
 -1.05478
   21.4524
   5.73123
  0.509477
 0.0951122
-0.0758201
  -1.06086
   21.4467
   5.72881
  0.502639
 0.0952854
-0.0830058
   -1.0671
   21.4136
    5.7194
  0.507174
 0.0928049
-0.0923887
  -1.06681
   21.3946
   5.71299
  0.508502
 0.0967548
-0.0883917
   -1.0613
    21.369
   5.70669
  0.502897
 0.0905075
-0.0899669
  -1.06543
   21.3506
   5.70588
   0.50439
 0.0856479
-0.0788321
  -1.05532
   21.3444
   5.70588
  0.497807
 0.0904057
-0.0933186
  -1.05383
   21.3324
   5.69594
  0.506794
 0.0966789
-0.0928804
  -1.04641
  21.3376
  5.69965
 0.498798
0.0912295
-0.089714
 -1.05619
   21.3416
   5.70042
  0.503137
 0.0901196
-0.0849333
  -1.06078
   21.3446
   5.70455
  0.504419
 0.0808837
-0.0759838
  -1.05293
   21.3482
   5.70646
  0.506661
 0.0750726
-0.0817588
  -1.04909
   21.3707
   5.70829
  0.505323
 0.0873874
-0.0885156
  -1.05459
   21.3824
   5.71161
  0.508603
 0.0885844
-0.0824069
  -1.05715
   21.4155
   5.72051
  0.508456
 0.0902118
-0.0872426
  -1.05785
  21.4125
  5.72463
  0.50538
0.0936205
-0.089722
 -1.05316
   21.4447
   5.72837
    0.5004
 0.0967085
-0.0892006
  -1.06718
   21.4294
   5.72255
  0.503598
 0.0942244
-0.0947943
  -1.07332
   21.4471
   5.72742
  0.502789
 0.0998578
-0.0902222
  -1.05749
   21.4698
   5.73642
  0.509072
 0.0984985
-0.0867539
  -1.07777
    21.433
   5.72583
  0.508571
 0.0960975
-0.0899844
  -1.05168
   21.4377
   5.72379
  0.504895
   0.10315
-0.0908811
  -1.06615
   21.4314
   5.72262
   0.49784
 0.0915532
-0.0966507
  -1.07975
   21.4201
   5.72679
  0.497939
  0.089258
-0.0918932
  -1.08737
   21.4148
   5.71429
  0.509311
  0.090386
-0.0877296
  -1.06194
   21.3839
   5.71521
  0.510056
 0.0985988
-0.0824749
  -1.04968
   21.3935
   5.71681
  0.508346
 0.0876959
-0.0864013
  -1.06993
   21.3739
   5.71221
  0.510777
 0.0875052
-0.0828696
  -1.06536
   21.3674
   5.70495
  0.505123
 0.0924856
-0.0856804
   -1.0648
   21.3507
   5.70595
  0.504243
 0.0896132
-0.0777004
   -1.0645
   21.3447
   5.69636
  0.506556
 0.0949573
-0.0808266
  -1.05175
   21.3437
   5.69928
  0.507246
 0.0856632
-0.0902373
   -1.0718
   21.3033
   5.68651
  0.506582
 0.0865735
-0.0951872
  -1.05433
   21.3228
   5.69177
   0.50755
 0.0874165
-0.0888114
   -1.0591
   21.3254
   5.69848
  0.506454
 0.0867779
-0.0868155
  -1.06643
   21.3006
   5.69025
  0.502368
 0.0936524
-0.0891274
  -1.05374
   21.3195
   5.68855
  0.501106
 0.0901415
-0.0944621
  -1.04406
  21.3454
  5.70078
 0.497423
0.0848903
-0.094294
 -1.06045
   21.3239
   5.69621
  0.503205
 0.0923876
-0.0926345
  -1.06099
   21.3426
   5.70386
  0.501876
  0.085738
-0.0972961
  -1.06712
   21.3555
   5.70304
  0.502057
 0.0909521
-0.0839885
  -1.05352
   21.3654
   5.70493
  0.508498
 0.0961626
-0.0885984
   -1.0653
   21.3721
    5.7034
   0.50527
 0.0972731
-0.0819709
  -1.05433
   21.3621
   5.70952
  0.508542
 0.0888784
-0.0877362
  -1.06772
   21.3787
   5.70906
  0.500623
 0.0858131
-0.0895113
  -1.06072
   21.3816
   5.71502
  0.505197
 0.0892595
-0.0797747
  -1.06546
   21.3872
   5.71722
  0.497364
   0.08524
-0.0886679
  -1.06341
   21.3826
   5.71882
  0.495141
 0.0856483
-0.0964723
  -1.06707
  21.3611
   5.7047
 0.507315
0.0857097
-0.086237
 -1.06544
   21.3633
   5.70418
  0.500622
 0.0845694
-0.0884749
  -1.06237
   21.3611
   5.70534
  0.510893
 0.0864517
-0.0765119
  -1.05648
   21.3498
   5.70071
  0.507193
 0.0984939
-0.0910924
  -1.07881
   21.3444
   5.69688
  0.505184
 0.0913344
-0.0901571
  -1.06137
    21.312
   5.69361
  0.503235
 0.0819476
-0.0830468
  -1.05841
   21.3305
   5.69388
  0.502863
 0.0862843
-0.0856246
  -1.06806
  21.2977
  5.68473
 0.501198
0.0935536
-0.100546
 -1.04717
   21.3231
   5.69124
  0.506459
 0.0929124
-0.0880616
  -1.05879
   21.3202
   5.69409
  0.501028
  0.087035
-0.0937949
   -1.0534
   21.3317
   5.69745
  0.513914
  0.083612
-0.0915229
  -1.07492
  21.3384
    5.697
 0.503121
0.0962215
-0.086178
 -1.05961
    21.333
   5.69294
  0.503229
 0.0906182
-0.0917833
  -1.04697
  21.3465
  5.70539
 0.500574
0.0944494
-0.105005
  -1.0791
   21.3755
    5.7066
  0.505154
  0.103672
-0.0979308
  -1.06285
   21.3629
   5.70627
  0.509547
 0.0923492
-0.0903029
  -1.06856
    21.357
   5.70584
  0.504466
 0.0949825
-0.0889012
   -1.0481
   21.3874
   5.71623
  0.502892
 0.0879186
-0.0933779
  -1.06337
  21.3889
  5.70985
 0.500614
0.0912592
-0.101764
 -1.05579
   21.3777
   5.71462
  0.504291
   0.09463
-0.0901297
  -1.05685
   21.3958
   5.71663
  0.501916
 0.0911916
-0.0715303
  -1.05738
   21.413
  5.72224
 0.498371
0.0931435
-0.101003
 -1.06113
   21.3901
   5.71429
  0.510847
 0.0937467
-0.0991069
  -1.05364
   21.3968
   5.72024
  0.504169
 0.0888433
-0.0982005
  -1.05527
   21.4332
   5.72348
  0.503398
 0.0894203
-0.0930949
  -1.07782
  21.4152
  5.72103
 0.507049
 0.086588
-0.096576
 -1.06746
    21.401
   5.71245
  0.509613
  0.100596
-0.0869615
   -1.0558
   21.4096
   5.71916
  0.508256
 0.0952078
-0.0899166
  -1.06942
   21.3695
   5.70415
  0.500914
 0.0841441
-0.0930217
  -1.04119
   21.3694
   5.71334
  0.507372
 0.0835144
-0.0841339
   -1.0685
   21.3486
   5.70606
  0.501347
 0.0909159
-0.0891082
  -1.03976
   21.3519
   5.70975
  0.496456
 0.0939317
-0.0914347
  -1.06619
   21.3594
   5.70304
  0.505072
 0.0849079
-0.0889179
  -1.06251
   21.3476
   5.70085
  0.506149
 0.0935957
-0.0943283
  -1.07224
   21.3341
   5.69709
  0.503239
  0.092039
-0.0982371
  -1.05129
   21.3511
   5.70309
  0.503944
 0.0863639
-0.0945309
  -1.06815
  21.3465
  5.69761
 0.503117
0.0935047
-0.081426
 -1.05426
  21.3645
  5.70818
 0.500502
0.0926522
-0.105383
 -1.07385
   21.3724
    5.7101
  0.502793
  0.094254
-0.0944347
  -1.07139
   21.3907
   5.71097
  0.501443
 0.0933652
-0.0990094
  -1.07215
   21.3781
   5.71275
  0.503302
 0.0948047
-0.0907999
  -1.04672
   21.3958
   5.71617
  0.503827
 0.0912972
-0.0904302
   -1.0693
   21.4167
   5.72456
  0.510544
   0.09633
-0.0953978
  -1.06919
    21.393
   5.71041
  0.501731
 0.0882508
-0.0829447
  -1.05508
  21.3948
  5.71127
 0.500444
0.0950626
-0.100627
 -1.06497
   21.3935
   5.71702
  0.499726
 0.0903823
-0.0987127
  -1.05163
   21.4141
   5.71755
  0.505942
 0.0978119
-0.0957325
  -1.06825
   21.4311
   5.72393
  0.510203
 0.0915191
-0.0948425
   -1.0741
   21.4217
   5.72026
  0.512664
 0.0949922
-0.0958657
  -1.06443
   21.3996
   5.71725
  0.499393
 0.0918715
-0.0938808
  -1.06696
   21.4022
   5.71544
  0.507266
 0.0958723
-0.0918251
  -1.06163
  21.3803
  5.71148
 0.507321
0.0920858
-0.103704
  -1.0625
    21.384
   5.71354
  0.506272
 0.0888324
-0.0779643
  -1.06221
   21.3843
   5.71129
  0.509375
 0.0821803
-0.0858359
  -1.06605
   21.3689
   5.70704
  0.506154
 0.0906667
-0.0964082
  -1.06597
   21.3601
   5.70994
  0.502944
 0.0972899
-0.0938588
  -1.07269
    21.352
   5.70074
   0.50445
 0.0942618
-0.0850133
  -1.04384
   21.3658
   5.70311
  0.505207
 0.0924607
-0.0912847
  -1.05512
   21.3398
   5.69859
  0.500796
 0.0870425
-0.0962659
  -1.05801
   21.3403
   5.69676
  0.501789
 0.0900429
-0.0907546
  -1.06389
   21.3317
   5.68966
  0.507805
 0.0929303
-0.0945976
  -1.03674
   21.3309
   5.70164
  0.505287
 0.0934197
-0.0979355
  -1.06992
  21.3686
  5.70764
 0.502659
0.0872698
-0.106888
 -1.07096
   21.3447
   5.70438
  0.502098
 0.0846293
-0.0924421
  -1.05324
   21.3612
   5.70539
  0.504008
 0.0994504
-0.0968034
  -1.06831
   21.3593
   5.70381
  0.502035
 0.0880206
-0.0901641
  -1.04903
   21.3899
   5.70727
   0.50949
  0.106229
-0.0854541
  -1.06375
   21.3808
   5.70951
  0.500611
 0.0904081
-0.0911256
  -1.06079
   21.3906
    5.7116
   0.50269
 0.0911006
-0.0951006
  -1.06551
   21.3645
   5.70887
  0.502022
 0.0985893
-0.0997503
  -1.05809
  21.3727
  5.70926
 0.504156
0.0974302
-0.101541
 -1.05753
   21.3757
   5.71331
  0.507491
 0.0879239
-0.0913468
  -1.05888
   21.3762
   5.71145
  0.506419
 0.0880536
-0.0919259
  -1.05334
   21.3738
   5.70435
   0.50628
 0.0923155
-0.0852914
  -1.05469
   21.3698
   5.70407
  0.502988
  0.097778
-0.0965242
  -1.05521
   21.3704
   5.70976
  0.502759
  0.092799
-0.0879777
  -1.07354
   21.3505
   5.69779
  0.504199
 0.0909197
-0.0828435
  -1.05169
  21.3303
  5.70436
 0.500861
0.0924371
-0.100435
  -1.0711
  21.3522
  5.69982
 0.505164
 0.103831
-0.102025
 -1.06464
   21.3409
   5.70296
  0.498683
 0.0869074
-0.0961771
  -1.05753
  21.3298
  5.69761
 0.498828
0.0944591
-0.102638
 -1.05192
   21.3387
   5.69415
  0.504856
  0.086861
-0.0950188
  -1.07227
  21.3079
  5.69329
 0.497841
0.0845376
-0.100371
 -1.04751
  21.3303
  5.69518
 0.500579
0.0936136
 -0.09305
 -1.07344
  21.2995
  5.68514
  0.50334
0.0880721
-0.095307
 -1.04707
   21.3326
   5.70371
  0.500997
 0.0930717
-0.0909316
   -1.0634
  21.3124
  5.69212
 0.500968
0.0893059
-0.102729
 -1.05591
   21.3271
   5.69148
  0.507558
 0.0894571
-0.0856762
  -1.05384
    21.333
   5.69247
  0.509641
 0.0926339
-0.0999124
   -1.0588
   21.3247
   5.69291
  0.504208
 0.0918459
-0.0962449
  -1.05723
  21.3472
  5.70221
   0.5039
0.0861504
-0.093204
 -1.07042
   21.3361
    5.6969
  0.506561
  0.086949
-0.0883322
  -1.04851
   21.3459
   5.69991
  0.505256
 0.0937162
-0.0883434
  -1.06031
   21.3404
   5.69713
  0.507734
 0.0974008
-0.0906949
  -1.04837
   21.3608
   5.70735
   0.50744
 0.0965326
-0.0837574
  -1.06675
   21.3648
    5.7069
  0.505043
 0.0883259
-0.0921413
  -1.06615
   21.3674
   5.70488
  0.505172
 0.0934417
-0.0896685
  -1.05801
   21.3803
   5.71151
  0.511634
 0.0889805
-0.0899016
  -1.06918
   21.3611
     5.706
  0.505425
 0.0972758
-0.0930764
   -1.0525
   21.3614
   5.70355
  0.500695
 0.0867679
-0.0975902
  -1.05571
   21.3553
   5.70364
  0.500926
 0.0906053
-0.0887468
  -1.05161
   21.3596
   5.70256
  0.499502
 0.0925483
-0.0979835
  -1.06231
   21.3416
   5.70012
  0.507404
 0.0914919
-0.0904193
  -1.06561
   21.3391
   5.70195
  0.499667
 0.0915926
-0.0916156
  -1.06637
  21.3181
  5.69372
 0.508589
0.0879833
-0.103054
  -1.0633
  21.3403
   5.7051
 0.507618
0.0848377
-0.092305
 -1.05893
   21.3428
   5.70353
  0.496475
 0.0867602
-0.0960021
  -1.05517
    21.351
    5.7037
  0.505066
 0.0889776
-0.0933805
  -1.06849
   21.3519
   5.69989
  0.505072
 0.0890103
-0.0933851
  -1.06203
  21.3416
  5.70012
 0.502787
0.0944599
 -0.10395
 -1.07268
  21.3466
  5.70576
 0.498724
0.0952995
 -0.09009
  -1.0604
   21.3665
   5.70874
  0.502978
 0.0895793
-0.0917692
  -1.05984
   21.3573
    5.7041
  0.503051
 0.0891354
-0.0824634
  -1.05611
   21.3591
   5.70517
  0.514299
 0.0919539
-0.0872161
  -1.05257
   21.3689
   5.70801
   0.50306
 0.0960065
-0.0889162
  -1.05692
  21.3843
  5.71185
 0.495967
0.0881906
-0.095058
 -1.06823
   21.3588
   5.69731
  0.507352
   0.09367
-0.0952682
   -1.0534
  21.3722
  5.71041
  0.50394
0.0914964
-0.106868
 -1.06509
  21.3976
  5.71687
 0.505034
0.0940494
-0.108368
 -1.06087
  21.3734
  5.71478
 0.504242
 0.094413
-0.101054
 -1.05771
   21.3922
   5.71514
  0.508761
 0.0990579
-0.0855308
  -1.04876
   21.3955
   5.71724
  0.506142
 0.0893726
-0.0940167
  -1.06316
   21.4002
   5.71508
  0.504959
 0.0963796
-0.0941241
  -1.06392
   21.3805
   5.71159
   0.50979
 0.0983228
-0.0932258
  -1.05323
   21.3922
   5.71401
  0.501618
 0.0957921
-0.0972873
  -1.06651
   21.3648
   5.70764
  0.504235
 0.0952704
-0.0912824
  -1.05731
  21.3824
  5.71129
  0.50819
0.0929223
-0.101423
 -1.06905
   21.3735
   5.70545
  0.508454
 0.0952285
-0.0915441
  -1.06013
   21.3502
   5.69945
  0.509522
 0.0989514
-0.0984711
  -1.05547
  21.3445
  5.69615
 0.502943
0.0880188
-0.100436
  -1.0471
   21.3542
   5.69985
  0.504576
 0.0963254
-0.0944273
   -1.0569
  21.3354
  5.69147
 0.508657
0.0984515
-0.100971
 -1.06679
   21.3442
   5.70682
  0.505233
 0.0895346
-0.0888978
  -1.06314
   21.3352
   5.69204
  0.506131
 0.0928237
-0.0953827
  -1.06198
  21.2979
  5.70269
 0.508979
  0.10424
-0.103438
 -1.05802
    21.311
   5.68907
  0.509165
 0.0904938
-0.0945594
  -1.06363
  21.2793
  5.66414
 0.496792
0.0861169
-0.109666
 -1.05057
     21.16
   5.66436
  0.495167
 0.0936518
-0.0920316
  -1.04064
  21.1276
  5.63389
 0.497776
0.0958567
-0.102904
 -1.03922
  21.0972
  5.64072
 0.485949
0.0990792
-0.103068
  -1.0541
   21.0982
   5.63661
   0.52576
 0.0980612
-0.0874768
   -1.0513
   21.1101
   5.63791
  0.499932
 0.0926899
-0.0933097
  -1.03993
  21.1055
   5.6495
  0.50345
0.0973116
-0.100378
 -1.04389
   21.0866
   5.67875
  0.519046
 0.0990046
-0.0982592
  -1.04483
  21.1424
   5.6411
 0.440883
0.0946184
-0.112595
 -1.03357
   21.1358
   5.60636
  0.510889
 0.0889295
-0.0958634
  -1.02784
   21.0135
   5.65406
  0.497508
 0.0807704
-0.0807832
  -1.03282
   20.9464
   5.57682
   0.50828
 0.0858651
-0.0793973
   -1.0296
   20.7479
    5.5515
  0.501667
 0.0931244
-0.0883593
  -1.01413
  20.5305
  5.50944
 0.506658
 0.098605
-0.104796
  -1.0243
  20.5765
  5.55208
 0.506345
0.0954411
-0.110136
 -1.03769
  20.8824
   5.5667
 0.457907
0.0893138
-0.130325
 -1.03138
  21.0958
  5.62869
 0.494464
 0.104025
-0.128681
  -1.0345
  21.1229
  5.64504
 0.491293
 0.102105
-0.142858
 -1.04165
  20.8894
   5.6195
 0.524815
   0.1021
-0.124239
 -1.04711
  20.6123
  5.49358
 0.525509
0.0947123
-0.106951
 -1.04056
  20.3427
  5.41557
 0.510698
0.0861897
-0.107541
 -1.04636
  20.2583
   5.4507
 0.450217
0.0911193
-0.128307
 -1.06517
   20.366
  5.44165
 0.530029
 0.100024
-0.112901
 -1.05513
  20.5526
  5.50161
 0.493565
 0.100234
-0.128454
 -1.04966
   20.695
  5.51932
 0.538721
 0.100383
-0.145822
 -1.04252
  20.6455
  5.56498
 0.525478
0.0950047
-0.132749
 -1.05739
  20.7018
  5.53465
 0.473965
0.0963531
-0.162845
 -1.04938
  20.7227
  5.48929
 0.475823
 0.111892
-0.169035
  -1.0351
  20.5747
  5.56937
   0.5414
 0.103459
-0.140839
  -1.0342
  20.4995
  5.53723
  0.53005
 0.108229
-0.147166
 -1.02038
  20.7028
  5.56141
 0.504537
 0.113798
-0.141735
-0.991993
  20.8619
  5.50443
 0.484017
 0.104288
-0.137805
 -0.98723
  20.7495
   5.6097
 0.551521
0.0957028
-0.107151
  -0.9898
  20.6805
  5.58614
 0.525652
0.0970409
-0.108028
 -1.00148
   20.759
   5.5219
 0.487784
  0.10129
-0.113035
-0.981311
  20.8429
  5.58032
 0.503819
 0.103835
-0.114647
-0.989024
  20.9154
  5.56103
 0.557326
 0.105799
-0.105609
-0.994869
   20.988
  5.75018
 0.531879
 0.108939
-0.136654
 -1.04803
  21.2804
  5.70655
  0.48131
 0.105526
-0.152969
 -1.02019
  21.3432
  5.65624
  0.52061
 0.103258
-0.149852
 -1.01791
  21.1558
  5.74547
 0.530543
 0.107527
-0.155116
 -1.04192
   21.089
  5.61997
 0.565182
0.0952118
-0.142057
 -1.04133
  20.9427
  5.60206
 0.521299
 0.121189
-0.156835
 -1.05147
  20.8413
   5.5486
 0.525236
 0.124289
-0.163158
 -1.05414
  20.8059
  5.57605
 0.528952
 0.117152
-0.171683
 -1.05464
  20.8535
  5.60242
 0.529823
 0.112217
-0.156844
 -1.08147
 20.8992
 5.59982
0.503713
 0.11483
-0.18273
 -1.0947
 20.9068
  5.5945
0.511617
0.112324
-0.15913
-1.08405
  20.8958
   5.5886
 0.531578
 0.106705
-0.142887
 -1.06003
  20.8775
  5.57916
 0.519586
 0.116053
-0.151676
 -1.05753
  20.9355
  5.61468
 0.540852
 0.116503
-0.158509
 -1.05801
  21.0755
   5.6725
 0.548732
 0.120442
-0.142503
 -1.05193
  21.2999
  5.70187
 0.554148
 0.113197
-0.160887
 -1.03981
  21.4439
  5.69628
 0.565662
 0.122923
-0.161739
 -1.02452
  21.452
 5.82397
 0.55469
0.112753
-0.16675
-1.02411
  21.4879
  5.72988
 0.542213
 0.118999
-0.165638
 -1.00961
 21.4149
 5.81447
0.505402
0.111867
-0.16488
-1.03098
  21.3685
  5.68174
 0.566853
  0.10227
-0.155234
-0.990372
  21.2522
  5.72204
 0.543854
 0.104406
-0.143438
 -1.00721
  21.1985
  5.72189
 0.558023
 0.103411
-0.149522
-0.995972
  21.1854
  5.71715
 0.541104
 0.118141
-0.164391
-0.997628
   21.205
  5.73865
 0.530438
  0.10735
-0.165077
 -1.00502
  21.0689
  5.62941
 0.578312
 0.113522
-0.154856
-0.989291
  20.8426
  5.67284
 0.506338
 0.121226
-0.166836
-0.983678
   20.781
  5.54214
 0.564952
 0.114169
-0.173963
-0.984639
  20.6803
  5.65836
 0.490796
 0.111227
-0.181362
 -1.00324
  20.6651
  5.47993
 0.538419
 0.115877
-0.169796
-0.970793
  20.4968
  5.54899
 0.544681
 0.117315
-0.183066
-0.976701
  20.5032
  5.52237
 0.558365
 0.131613
-0.181959
-0.985396
  20.6119
   5.5702
 0.553923
 0.126524
-0.198923
-0.993858
  20.8297
  5.61982
  0.51996
 0.127491
-0.208519
 -0.99395
  20.8479
  5.61135
  0.54136
 0.115091
-0.209435
-0.991058
  20.6502
  5.55552
 0.527184
 0.126306
-0.199124
-0.994372
   20.322
  5.55589
 0.565658
 0.117627
-0.181499
-0.986427
  20.1445
  5.39106
 0.521495
 0.115926
-0.179408
-0.962265
  20.0571
  5.42957
 0.514742
  0.10727
-0.171151
-0.968503
  20.0989
  5.45446
 0.527746
 0.100126
-0.156241
-0.966412
  20.2853
  5.51637
 0.519753
 0.108226
-0.152883
 -0.96027
  20.4853
  5.51705
  0.53757
  0.10877
-0.162982
-0.960038
  20.5479
  5.61473
 0.509715
 0.106249
-0.153135
-0.965689
  20.5981
  5.52109
 0.578186
 0.107023
-0.144267
 -0.94199
  20.4983
  5.58701
  0.52724
0.0993483
-0.157737
-0.952205
  20.4994
  5.58502
  0.51993
 0.124776
-0.175912
-0.936563
  20.5333
  5.50716
  0.56656
 0.116361
-0.184576
-0.933441
  20.4356
  5.60153
 0.502875
 0.118017
-0.191172
-0.923655
  20.2666
  5.42593
 0.547693
  0.11191
-0.184885
-0.930454
   19.871
  5.48759
 0.516013
 0.121766
-0.195429
 -0.95169
  19.6752
  5.34952
 0.492646
 0.124033
-0.200221
-0.916426
  19.6268
  5.30636
 0.481155
 0.108348
-0.189232
-0.932274
  19.5473
  5.33017
 0.540669
 0.110616
-0.170727
 -0.92249
  19.6291
  5.34288
 0.521109
 0.114788
-0.176104
-0.928009
  19.7247
  5.37776
 0.553363
 0.115138
-0.154015
 -0.90992
  19.8492
  5.41068
 0.489947
 0.113873
-0.159092
-0.915318
  19.8078
  5.33635
 0.525212
 0.095517
-0.148778
-0.913716
    19.51
  5.30262
 0.501857
0.0925165
-0.135026
-0.899002
  19.2195
  5.24684
 0.491108
0.0968627
-0.121464
-0.906834
  19.2158
  5.20968
 0.488981
 0.102979
-0.127744
 -0.87634
  19.4261
  5.29271
 0.541652
 0.102315
-0.125512
 -0.87599
  19.7749
  5.39478
 0.547237
 0.118659
-0.144743
 -0.87509
  20.1323
  5.50052
 0.507682
 0.107454
-0.169052
-0.888244
  20.1991
  5.48721
 0.528441
 0.101822
-0.167894
 -0.89753
  19.7711
  5.39926
 0.552234
 0.102654
 -0.16131
-0.892216
  19.1796
   5.2313
 0.485307
 0.107597
-0.175597
-0.875617
  18.7626
  5.08452
 0.493031
0.0994791
-0.169194
-0.879643
  18.3813
  5.04667
 0.458402
 0.111633
-0.188619
-0.879745
  18.3129
  4.97551
 0.507941
 0.109512
 -0.16961
-0.867169
  18.4873
  5.09056
 0.453642
 0.119658
-0.186926
-0.847003
  18.7767
  5.06914
 0.502737
 0.114842
-0.192256
-0.869569
  18.7887
  5.17124
 0.520982
 0.110655
-0.194171
-0.857425
  18.6975
  5.14637
 0.503264
  0.11558
-0.188651
-0.868871
  18.6224
  5.06634
 0.465725
 0.109325
-0.198853
-0.865848
  18.4686
  5.06216
 0.462039
 0.104665
-0.192584
-0.859889
  18.2502
   5.0075
 0.518416
 0.108903
-0.164688
-0.819229
  17.9669
  4.91808
 0.471916
 0.102917
-0.171702
-0.799613
  17.7534
   4.8581
  0.45314
0.0991999
-0.169604
-0.799224
   17.647
  4.78302
 0.452616
 0.113993
-0.157575
-0.775475
  17.5631
  4.83271
 0.517747
0.0902223
-0.149704
-0.785527
  17.4912
  4.83975
 0.441878
0.0968083
-0.168024
-0.807482
  17.4101
  4.74313
 0.453178
  0.10202
-0.170485
-0.771968
  17.1576
  4.74556
 0.449717
0.0936132
-0.174145
-0.768898
  17.0256
  4.71038
 0.434937
 0.104648
-0.158564
-0.761367
  16.9092
  4.60315
 0.411562
0.0943798
-0.156391
-0.745205
  16.8525
  4.69019
 0.438506
0.0913521
-0.148427
-0.752148
  16.9298
  4.68573
 0.466888
  0.08886
-0.148549
-0.745028
  17.0182
  4.68668
 0.421996
0.0859821
 -0.15179
-0.749462
  17.0667
  4.70255
 0.457236
0.0998292
-0.138584
-0.727775
  17.0191
  4.73783
 0.461238
0.0846065
-0.148157
-0.736124
  16.8895
  4.68061
 0.394107
0.0819316
-0.141348
-0.733675
   16.663
  4.57885
 0.426586
0.0851047
-0.134579
-0.705033
   16.185
  4.47467
 0.439301
0.0827117
-0.121603
-0.692533
  15.7699
  4.40309
 0.421889
 0.080149
-0.125909
-0.683691
  15.5416
  4.29862
 0.392655
0.0788366
 -0.12645
-0.681436
  15.5931
  4.31725
 0.425164
0.0758395
-0.139876
-0.665893
  15.6997
  4.32193
 0.377845
 0.096314
 -0.14751
-0.656479
  15.6919
  4.39283
 0.423574
0.0973065
 -0.16625
-0.686945
  15.5299
  4.31658
 0.390956
 0.105857
-0.143805
-0.673714
    15.25
  4.23015
 0.406751
 0.101707
-0.164102
-0.667822
  14.9607
  4.15878
 0.357021
0.0995355
-0.157074
-0.645242
  14.8119
  4.16893
 0.373856
0.0978097
-0.167887
-0.637863
  14.7968
  4.08875
 0.356772
0.0907094
-0.147814
-0.636681
  14.6993
  4.08097
 0.420881
0.0720796
-0.127545
-0.611337
  14.5602
  4.11309
 0.376157
0.0894213
-0.131712
-0.611821
  14.3381
  3.93501
 0.390627
0.0823111
-0.136931
 -0.59888
  13.8888
  3.91485
 0.389366
0.0827303
-0.130867
-0.577231
  13.7676
  3.87526
 0.354325
0.0814475
 -0.15221
-0.578171
  13.7411
  3.79208
 0.340099
0.0808603
 -0.14575
-0.554833
  13.6813
  3.86541
 0.364311
0.0874296
-0.160496
 -0.56582
  13.6067
  3.80346
 0.347974
0.0978216
-0.166417
-0.555884
  13.3897
  3.78529
 0.355425
0.0836893
-0.159913
-0.559987
  13.1746
   3.6975
 0.356193
0.0961068
-0.174091
-0.533986
  12.9719
  3.60682
 0.329579
0.0876664
 -0.17725
-0.523706
  12.7616
  3.60647
 0.356639
0.0872229
-0.167343
-0.538858
  12.6833
   3.5793
 0.323369
 0.089858
-0.166551
-0.507859
  12.5617
  3.46768
 0.326806
0.0860707
-0.170079
-0.507683
  12.3018
  3.50319
 0.368046
0.0764348
-0.162546
 -0.49493
  12.1382
  3.45089
 0.327872
0.0797007
 -0.16276
-0.523273
  12.1012
  3.40513
 0.347746
0.0826911
-0.166909
-0.486413
  12.1254
   3.3965
  0.34435
0.0632689
 -0.16579
-0.481151
  12.0514
  3.44198
 0.330544
0.0870639
-0.195826
-0.495116
  11.9503
  3.38748
 0.315513
0.0854908
-0.184268
-0.489062
  11.7255
  3.24992
 0.278436
0.0927934
-0.197252
-0.466035
  11.4058
  3.23155
 0.333726
0.0894165
-0.182332
 -0.45389
  11.1665
  3.15798
 0.321923
0.0804445
-0.165326
-0.440091
  10.9517
  3.05635
 0.317175
0.0748518
-0.182667
-0.438734
  10.6448
  3.01691
 0.311651
0.0746741
 -0.19018
-0.435211
  10.3367
  2.92973
 0.328156
 0.082429
-0.178449
-0.422176
    10.16
  2.90803
 0.284593
0.0824136
-0.175579
-0.406405
  10.1972
  2.89896
 0.267062
0.0831699
-0.184601
-0.390721
  10.2978
  2.87303
 0.280931
0.0849807
-0.195891
-0.425706
  10.2189
  2.95759
 0.299945
0.0836886
-0.199437
-0.408722
  10.1539
  2.90671
 0.274892
0.0787864
-0.197261
-0.401962
  9.89094
  2.75676
 0.276071
0.0856554
-0.174231
-0.375748
  9.49872
   2.7116
 0.273386
0.0873793
-0.185689
-0.354192
  9.17502
  2.59079
 0.291993
0.0818273
-0.181577
-0.356609
  8.97665
   2.6382
 0.224816
0.0866876
-0.171921
-0.362818
    8.939
  2.53046
 0.243447
0.0759087
-0.170216
-0.317203
  8.93601
  2.53325
 0.243391
0.0724365
-0.180072
-0.339284
  8.78101
  2.52565
 0.277861
0.0714126
-0.171956
-0.326824
  8.58013
   2.4376
 0.259387
0.0724575
-0.172066
-0.309148
  8.39785
  2.46688
 0.181636
0.0672338
-0.177001
 -0.31864
  8.17722
  2.26696
 0.261141
0.0762424
  -0.1688
-0.282854
  7.88371
  2.32241
   0.1918
 0.070973
-0.173135
-0.298502
  7.52844
  2.10486
 0.301844
0.0667462
-0.168496
-0.265951
  7.15692
  2.10495
 0.188753
0.0698816
-0.161456
-0.280564
  6.97541
  2.00256
 0.158955
 0.060689
-0.181888
-0.253799
  6.95561
  1.99045
 0.185946
 0.059353
-0.163704
-0.241882
  6.86718
  1.97172
 0.231145
0.0675118
-0.164573
-0.249815
  6.79965
  1.97899
 0.192425
0.0743277
-0.166661
-0.238329
  6.72841
  1.91823
 0.165141
0.0655776
-0.183978
-0.225813
  6.57642
  1.89732
 0.177907
0.0661416
-0.173206
-0.217007
  6.29222
  1.77695
 0.228495
 0.073135
-0.156157
-0.228172
  5.89503
  1.75165
 0.167863
0.0597301
-0.171704
-0.225207
  5.69652
  1.68843
 0.125173
0.0475691
-0.161972
-0.210316
  5.56496
  1.54978
  0.18433
0.0477049
-0.160265
-0.171747
  5.43782
   1.6571
 0.139418
 0.065197
-0.163252
-0.202106
  5.41111
  1.48197
 0.155418
0.0544682
-0.162033
-0.178559
  5.15207
  1.52387
 0.168092
0.0547925
-0.152318
-0.171965
  4.85386
  1.38188
 0.142577
0.0563673
-0.161885
-0.160024
  4.58197
   1.3342
 0.138321
0.0552942
-0.150425
-0.146293
  4.37014
  1.28397
 0.116654
0.0492082
-0.151612
-0.165376
  4.24625
  1.22886
 0.112821
0.0433261
 -0.15986
 -0.13695
  4.16108
  1.21353
 0.107154
0.0449372
-0.157119
-0.118125
  4.05511
  1.18811
 0.100422
0.0368848
-0.154377
-0.140277
  3.92865
  1.15694
 0.107538
0.0582725
-0.138182
-0.128112
  3.66965
  1.01433
  0.13092
0.0481391
-0.132336
-0.120152
    3.393
  1.03305
 0.105783
0.0518529
-0.133746
-0.130622
  3.30931
 0.963526
0.0917681
0.0347358
 -0.13587
-0.101816
  3.20842
 0.882095
  0.11105
0.0526705
-0.129875
-0.110017
  3.15573
 0.976958
0.0567858
0.0505564
-0.149512
 -0.13293
  3.10933
 0.806683
0.0730799
0.0376952
 -0.14924
 -0.10921
  2.79818
  0.83226
0.0995398
0.0325542
-0.126332
-0.100853
   2.57921
  0.787658
  0.081022
 0.0357463
 -0.129094
-0.0986363
  2.48028
 0.703743
0.0695874
 0.019765
-0.103901
-0.105367
   2.44005
  0.716962
 0.0127081
 0.0257637
 -0.132398
-0.0909861
    2.4098
  0.632845
 0.0265673
 0.0388025
 -0.144029
-0.0790103
   2.24757
  0.693368
 0.0672912
 0.0282869
 -0.108005
-0.0848813
   2.05359
  0.566483
 0.0534907
 0.0401179
 -0.110789
-0.0736208
   1.88159
  0.532799
  0.102932
 0.0293888
-0.0994016
-0.0605669
    1.82785
    0.52351
-0.00079781
  0.0408728
  -0.119422
 -0.0826728
   1.74799
   0.49383
 0.0666015
 0.0306191
-0.0934652
-0.0641481
   1.70509
  0.517397
-0.0150553
 0.0262309
 -0.111821
-0.0807112
   1.54669
  0.387629
 0.0507872
 0.0250579
 -0.119693
-0.0569281
   1.41093
  0.413365
 0.0279049
 0.0242943
-0.0986774
-0.0568299
   1.24924
  0.334768
 0.0477257
 0.0296527
-0.0993134
-0.0640998
   1.17467
  0.381512
-0.0302172
 0.0355521
 -0.109005
-0.0607285
   1.05487
  0.271827
 0.0799032
 0.0196905
  -0.10228
-0.0461943
  0.952051
  0.297833
 -0.015065
 0.0319216
 -0.107294
-0.0581181
   0.81774
  0.179149
 0.0528126
 0.0134218
-0.0924555
-0.0339246
   0.70801
  0.243765
-0.0453711
 0.0121317
-0.0949368
-0.0345587
  0.606487
  0.145769
 0.0346777
  0.013173
-0.0936445
 -0.026883
  0.569524
   0.19117
-0.0111029
 0.0168932
-0.0875968
 -0.010732
  0.520155
  0.135302
 0.0256096
  0.009124
-0.0734775
-0.0211947
  0.480793
   0.16357
-0.0265658
 0.0180614
-0.0842465
-0.0249802
   0.379168
  0.0835946
  0.0530968
   0.010682
 -0.0836743
-0.00275112
    0.38097
    0.15755
-0.00845853
  0.0118495
 -0.0803748
-0.00869574
  0.337658
  0.120342
 -0.014705
0.00829468
-0.0846844
-0.0118415
   0.271925
  0.0374334
-0.00798314
 0.00704645
 -0.0745235
  0.0105632
   0.262312
   0.098564
 -0.0174125
  0.0134631
 -0.0735049
-0.00263642
  0.214557
 0.0545458
 0.0389079
0.00999574
-0.0632754
0.00324982
  0.208115
 0.0910716
-0.0202626
0.00134245
-0.0583395
0.00249681
    0.170027
   0.0125358
  0.00679374
 -0.00375657
  -0.0635332
-0.000799044
   0.175821
  0.0690545
 -0.0295792
 0.00373921
  -0.078024
-0.00460939
   0.131234
  0.0377366
-0.00752064
-0.00641337
 -0.0624368
 0.00227477
   0.121187
  0.0365432
 -0.0215558
-0.00459333
 -0.0764931
  0.0226556
   0.114552
  0.0751744
 -0.0307239
-0.00221867
 -0.0641333
 0.00234967
   0.117837
 -0.0102735
-0.00498885
  0.0131101
  -0.063245
  0.0137728
   0.110768
  0.0922043
 -0.0269273
 0.00161967
 -0.0619739
-0.00621976
 0.0949571
-0.0088992
 0.0144906
 0.0106343
-0.0414229
  0.019438
    0.120357
   0.0230779
-0.000926377
-1.26867e-05
  -0.0506246
  0.00559656
   0.104284
  0.0399593
-0.00137713
 0.00906021
 -0.0577919
0.000221478
  0.0896324
  0.0595633
-0.00483426
  0.0105878
 -0.0512051
  0.0104139
 0.0887796
-0.0190782
-0.0114209
0.00330294
-0.0488806
 0.0224348
 0.0605985
 0.0240367
 0.0225441
0.00959963
-0.0452701
 0.0180209
  0.0766128
  0.0878511
 -0.0298771
-0.00100736
 -0.0592436
-0.00309276
  0.0926353
 -0.0094907
 -0.0226328
-0.00185847
 -0.0474428
  0.0098822
 0.0906063
 0.0191433
 0.0097076
 0.0086838
-0.0400731
 0.0152967
 0.0699196
 0.0547549
-0.0248079
0.00499178
-0.0517546
 0.0115807
  0.0747318
  0.0143817
 -0.0464326
-0.00345527
 -0.0485238
  0.0002477
  0.0918525
  0.0764992
 -0.0207647
0.000881516
  -0.042376
  0.0291412
 0.0657276
 0.0371217
 0.0248549
0.00574781
-0.0478942
0.00771812
 0.0617515
 -0.025838
 0.0347442
 0.0136483
-0.0472746
 0.0316092
  0.079211
   0.02305
-0.0638742
0.00786391
-0.0508919
0.00430353
 0.0772112
 0.0511172
 -0.024789
 0.0165611
-0.0529713
 0.0162436
   0.0445849
   0.0386431
-0.000629512
 -0.00482551
  -0.0280636
  0.00211281
 0.0373781
-0.0552085
 0.0441106
0.00622358
-0.0353137
 0.0288475
   0.0643348
   0.0877181
    0.023867
-0.000959602
  -0.0451434
 -0.00448586
 0.0794326
  0.040765
 -0.072116
  0.015293
-0.0596341
0.00988921
  0.0648995
-0.00395272
 0.00285787
 0.00958412
 -0.0470984
  0.0257244
 0.0630883
 0.0406438
0.00532257
0.00749907
-0.0267456
 0.0234753
 0.0397979
 0.0238422
-0.0130346
0.00346347
-0.0455516
 0.0131588
  0.058405
 0.0777889
-0.0288899
 0.0059527
-0.0500236
-0.0116679
 0.0414127
 0.0257374
-0.0541937
0.00428158
-0.0482333
 0.0168167
   0.036605
-0.00746017
 -0.0136983
-0.00117997
  -0.036513
  0.0255301
  0.0664078
 -0.0201839
-0.00707686
  0.0053241
  -0.036492
2.30536e-06
  0.041669
 0.0246568
-0.0175386
0.00165801
-0.0386529
 0.0111601
 0.0541078
-0.0113464
-0.0288925
0.00993752
-0.0455523
0.00221475
  0.041946
-0.0474625
-0.0047419
 0.0137104
-0.0375384
 0.0258888
 0.0433854
 0.0185471
 0.0171569
 0.0119528
-0.0354192
 0.0215653
  0.0647238
-0.00311439
   0.028353
 0.00739213
 -0.0347403
  0.0152217
  0.027401
 -0.020734
 0.0316125
0.00602423
-0.0360799
 0.0145457
 0.0373657
 0.0525917
-0.0445287
0.00155559
-0.0357579
 0.0105598
  0.0177822
  0.0290916
 -0.0181665
-0.00591171
 -0.0402761
  0.0179492
 0.0413593
 0.0265975
-0.0205194
0.00794585
-0.0472953
 0.0238112
 0.0423521
0.00248915
 0.0386207
-0.0123252
-0.0322369
 0.0144124
 0.0504511
 0.0659959
-0.0400894
-0.0115126
-0.0422027
 0.0054329
  0.064744
 0.0506626
-0.0505004
0.00632904
-0.0355176
0.00790775
  0.0466135
  0.0294616
  0.0114495
-0.00309307
 -0.0458457
  0.0100694
  0.060618
  0.113496
-0.0323868
0.00569402
-0.0383826
-0.0161361
 0.0635691
-0.0173017
-0.0370206
0.00146827
-0.0416653
 0.0043859
 0.0395531
 0.0345369
-0.0203696
0.00343838
-0.0281919
 0.0182058
 0.0414485
 0.0165336
0.00906532
 -0.001086
-0.0354283
 0.0159744
  0.0646399
  0.0319815
 -0.0166643
-0.00317143
 -0.0390308
 0.00569327
  0.0341317
-0.00580965
 -0.0251014
-0.00323822
  -0.023212
 0.00716606
  0.0508241
  0.0214433
-0.00315436
 0.00623937
  -0.032926
  0.0130706
  0.0541052
  0.0417011
 0.00364863
-0.00428102
 -0.0432268
-0.00119767
 0.0455488
-0.0274202
 0.0135756
0.00778959
-0.0292812
 0.0231393
   0.0377311
   0.0414844
  -0.0362687
-0.000859575
  -0.0366839
 -0.00296614
 0.0321403
0.00302536
 0.0175393
0.00326327
-0.0457376
0.00674981
 0.0466245
0.00441952
-0.0155017
  0.011379
-0.0308423
 0.0281097
 0.00774422
 -0.0519584
-0.00583403
  0.0106698
 -0.0333772
  0.0106858
0.00523846
 0.0577168
-0.0450944
0.00121567
-0.0370565
 0.0137635
-0.00199973
-0.00936411
-0.00749297
 0.00429048
 -0.0303284
  0.0311478
   0.0247656
 -0.00952032
-0.000113235
-0.000569355
  -0.0299176
   0.0292721
 0.0336994
 0.0324923
-0.0240357
0.00281171
-0.0378238
0.00468367
 0.0450938
 0.0290919
-0.0106875
 0.0143566
-0.0377925
0.00903295
 0.0235446
-0.0577766
0.00866693
0.00802934
-0.0336419
 0.0304754
 0.0350169
 0.0817406
 0.0131372
0.00448676
-0.0295304
0.00755469
 0.0419052
0.00631191
 0.0165298
 0.0065692
-0.0306216
0.00905298
  0.0382394
 -0.0151149
  -0.036497
-0.00451731
 -0.0314853
  0.0123458
   0.028424
   0.064168
 -0.0286039
-0.00217406
 -0.0415894
  0.0100657
  0.0462579
 -0.0225951
 -0.0122608
0.000886733
 -0.0339641
  0.0107784
  0.0321458
  0.0479118
-0.00684049
-0.00234539
 -0.0381394
 0.00790104
   0.044648
  0.0558604
 -0.0150073
-0.00300156
 -0.0444904
 -0.0125257
 0.0432582
0.00875528
 -0.050453
0.00490989
-0.0382697
0.00445626
  0.0373444
-0.00994591
 -0.0139493
 0.00900473
 -0.0377233
  0.0106445
 0.0377646
 0.0339444
0.00847064
0.00941139
-0.0257682
0.00764092
 0.0297675
 0.0499326
 0.0201087
0.00261381
-0.0374356
0.00984429
 0.0181525
 0.0108483
 0.0237462
0.00871365
-0.0423147
  0.015022
 0.0231121
 0.0243573
-0.0585497
0.00286298
-0.0468352
 0.0134389
  0.0239998
  0.0112136
 -0.0202305
 0.00200944
  -0.044597
-0.00285327
  0.0063426
  0.0165356
 0.00711871
-0.00122157
 -0.0314442
 0.00772885
 0.0183312
 0.0465989
-0.0155141
 0.0107516
-0.0327602
0.00516978
 0.0112881
-0.0311112
-0.0218242
 0.0140257
-0.0443602
 0.0201288
  0.0115729
  0.0926839
 -0.0512181
 0.00118164
 -0.0518675
-0.00203076
  0.00480897
  -0.0304264
-0.000553185
  0.00753616
  -0.0437304
     0.02265
 0.0227813
-0.0188368
 0.0126762
0.00643012
-0.0399219
0.00946823
 -0.0155196
  0.0483845
 -0.0282768
-0.00475194
 -0.0493919
  0.0238293
0.000513112
 -0.0472587
 -0.0356735
  0.0115493
 -0.0279893
  0.0116745
 0.00479791
 -0.0132412
 -0.0036002
-0.00677665
 -0.0261827
  0.0176816
   0.0214584
  0.00385523
  0.00633642
 -0.00312127
  -0.0432777
-0.000999752
   0.0116733
 -0.00663249
 -0.00917591
-0.000131668
  -0.0259222
  0.00870377
   0.0468468
   0.0394307
 -0.00722617
   0.0133559
  -0.0337691
-0.000276297
  0.0213737
  0.0421382
  0.0164421
  0.0116483
 -0.0391864
-0.00573907
 0.0314839
-0.0382422
0.00668876
0.00657371
-0.0231953
 0.0203092
 0.00947035
   0.066581
-0.00360425
 0.00133613
 -0.0331169
   0.012604
7.64448e-05
  0.0357237
 -0.0077761
 0.00957431
 -0.0426992
  0.0075451
  0.0203498
   0.091657
 -0.0790914
  0.0137152
 -0.0489233
-0.00374632
 0.0385882
-0.0503293
 0.0229939
 0.0192164
 -0.033045
 0.0163286
  0.0267274
  0.0627102
 0.00600983
-0.00419443
 -0.0344964
  0.0112541
-0.00561612
  0.0235378
 -0.0303329
 0.00108727
 -0.0447219
  0.0138195
0.00667144
 0.0240734
-0.0472677
0.00206547
-0.0402959
0.00906093
 0.0307018
  0.036864
-0.0293931
0.00457333
-0.0335769
0.00497188
0.00894982
-0.0121607
0.00647394
0.00518904
-0.0277895
 0.0146562
 0.0310805
-0.0176168
0.00838288
 0.0126475
 -0.019033
 0.0151659
 0.0190632
  0.060316
-0.0363194
0.00338815
-0.0468695
 0.0110192
 0.0194154
 0.0140288
 -0.025397
 0.0042067
-0.0296017
0.00745869
 0.0618757
-0.0176455
 0.0243831
 0.0125194
-0.0385033
0.00114877
  0.0210964
  0.0152854
  0.0101253
-0.00183009
 -0.0241223
0.000838474
 0.00832833
  0.0162487
 -0.0207831
-0.00331797
 -0.0443935
  0.0114664
  0.0286894
  0.0182973
 -0.0290345
  0.0052753
  -0.036097
-0.00727521
0.00150714
-0.0779497
-0.0195305
 0.0161061
-0.0261025
 0.0253321
  0.00129857
 -0.00558553
-0.000138528
   0.0098856
   -0.030006
  0.00179583
 0.0312317
 0.0355795
 0.0220762
 0.0112509
-0.0311612
 0.0121312
-0.000979882
   0.0045449
    -0.02638
   0.0118065
  -0.0352074
   0.0117499
 0.00218054
-0.00105984
 -0.0162486
 -0.0040664
 -0.0207307
  0.0331027
  0.0226201
  0.0537689
 -0.0491104
-0.00296075
 -0.0158559
 -0.0068069
  0.0337645
 -0.0224152
     0.0568
-0.00451411
 -0.0254754
  0.0013879
0.00846822
 0.0722102
 0.0489795
 0.0141408
-0.0326676
0.00470474
 0.0324379
 0.0485755
-0.0153359
 0.0128926
-0.0310382
 0.0172751
 0.00827931
  0.0348645
 -0.0158542
-0.00250622
 -0.0356758
 0.00500618
  0.0237389
  0.0380793
 -0.0342043
 -0.0125948
  -0.039649
-0.00989885
 -0.0146358
 -0.0362471
 0.00370011
-0.00110378
 -0.0285497
  0.0120293
   0.0071777
   0.0572538
  -0.0108808
  -0.0106736
  -0.0251597
-0.000897262
-0.0159352
-0.0653488
0.00196891
 0.0155348
-0.0378933
 0.0160133
   0.0270696
   0.0813047
  -0.0770425
   0.0199791
  -0.0392236
-0.000321553
 0.0210653
-0.0373387
 0.0255738
 0.0188342
-0.0419296
0.00560769
  0.023074
 0.0156961
-0.0188394
 0.0037989
-0.0398172
0.00184348
 0.0125934
-0.0278445
 0.0517985
0.00677546
-0.0288058
 0.0199771
 0.0374664
  0.116658
-0.0575393
 0.0166976
 -0.043481
-0.0145613
  0.0228431
 -0.0551115
-0.00396951
 0.00613865
 -0.0275988
 0.00934679
   0.0258524
   0.0124411
   0.0178899
-0.000899772
  -0.0335659
  0.00657196
-0.0136855
 0.0154028
-0.0204501
 0.0153859
-0.0305733
0.00275135
 -0.023521
-0.0416517
0.00282873
 0.0066953
-0.0301535
 0.0226783
  0.023607
 0.0591133
 -0.014391
0.00828583
-0.0354976
-0.0094098
 0.0199912
0.00258151
-0.0101938
0.00720094
 -0.034259
0.00275394
-0.00337393
-0.00334935
 -0.0111542
 0.00749188
  -0.026766
 0.00320866
-0.00523847
  0.0137416
  0.0485257
 0.00249124
 -0.0224771
 0.00808663
   0.054551
  0.0225995
  0.0168282
-0.00108231
  -0.030136
  0.0120329
 0.0490726
-0.0515953
0.00804594
 0.0139652
 -0.026062
0.00307896
 0.00910381
  0.0222498
 -0.0420319
 0.00380931
 -0.0475796
-0.00407811
  0.0169371
 -0.0110092
  0.0562781
 0.00670745
 -0.0293131
-0.00143059
 0.0182494
  0.056353
0.00261344
 0.0134907
-0.0303147
0.00196968
  0.0167792
 -0.0554243
 -0.0241066
  0.0101222
 -0.0283156
0.000647112
   0.010194
  0.0170073
 -0.0376962
-0.00285344
 -0.0428244
0.000760644
0.00740908
  0.022419
  0.049804
 0.0134727
-0.0342972
0.00717875
   0.014688
-0.00116539
 -0.0388739
 0.00720482
 -0.0367644
  0.0213813
 0.0236828
-0.0234727
 -0.047672
0.00192309
-0.0463087
  0.014713
 -0.00350935
   0.0232152
   0.0017046
 -0.00251287
  -0.0319556
-0.000839747
 0.0171369
 0.0615465
 0.0374278
 0.0156672
-0.0291727
 0.0021537
 0.0328746
 0.0552194
-0.0499109
 0.0112546
-0.0349179
0.00674224
  0.0518855
 -0.0106355
0.000125592
 0.00744535
 -0.0372617
0.000351504
   0.0493222
-0.000715596
   0.0172516
 -0.00950922
  -0.0295514
    0.010942
  0.0717204
  0.0101358
  0.0349895
-0.00133978
 -0.0347875
-0.00200155
  0.0560003
 0.00666945
  0.0062716
-0.00279618
 -0.0362554
 0.00852757
 0.0485665
 0.0317413
-0.0173489
0.00964333
-0.0313143
0.00412906
 0.0461764
 0.0143464
-0.0167041
0.00377463
-0.0358287
0.00959604
  0.0279253
  0.0046467
-0.00200824
 0.00979375
 -0.0328747
  0.0205576
 0.0227067
 0.0176258
-0.0072213
0.00260853
-0.0391697
 0.0209152
 0.0294644
 0.0153618
-0.0097879
0.00654618
-0.0388965
0.00908042
   0.024479
 0.00923748
 -0.0147403
-0.00031381
 -0.0341084
 -0.0064741
 0.00087948
  0.0146319
-0.00595335
 0.00998946
 -0.0315401
  0.0154261
   0.029182
  0.0245171
 0.00457269
-0.00138127
 -0.0402929
-0.00743398
  0.0309896
  0.0178643
 0.00124186
 0.00880324
 -0.0353754
-0.00158342
  0.0256914
   0.021983
 0.00144201
-0.00299453
 -0.0331116
 0.00522958
 0.00682463
  0.0157329
-0.00149029
   0.010382
 -0.0333081
  0.0175684
-0.00719202
 0.00391542
-0.00739734
 0.00591693
 -0.0436445
  0.0147127
   0.023572
  0.0135655
 -0.0133743
 0.00327326
 -0.0370278
-0.00191174
-0.00283031
-0.00576039
 -0.0256245
 0.00554801
 -0.0263265
  0.0097614
   0.0174629
  0.00454268
  -0.0224245
  0.00852599
  -0.0413808
-0.000350151
   0.0116819
 -0.00604985
 -0.00592065
  0.00625425
   -0.022565
-0.000886114
  0.0248025
 0.00828104
-0.00923789
 0.00638221
 -0.0377612
 -0.0110207
  0.0258173
  0.0136041
-0.00444161
  0.0120706
 -0.0372261
-0.00451619
  0.0241975
  0.0112481
-0.00298711
 0.00173897
 -0.0287882
  0.0195984
 0.0146702
0.00815032
0.00021531
0.00852661
-0.0320765
 0.0082109
-0.000147067
  0.00940308
  0.00706654
  0.00958312
  -0.0463586
  0.00747772
 0.0357217
 0.0159473
 0.0102206
 0.0128046
-0.0273238
 0.0041777
  0.035033
 0.0188481
0.00144252
 0.0122381
-0.0320408
0.00765097
  0.0313744
  0.0159643
-0.00773863
   0.003233
 -0.0248212
0.000204528
  0.0282042
  0.0117787
-0.00870869
 0.00367288
 -0.0322473
  0.0130986
  0.0272031
 0.00694221
-0.00984919
 0.00054314
 -0.0308481
  0.0199671
  0.0240727
 0.00258893
-0.00681694
 0.00533603
 -0.0385186
 0.00747696
 0.00805017
 0.00172873
-0.00649841
   0.014514
 -0.0270921
 0.00865206
0.00648096
-0.0020182
-0.0123076
0.00449349
-0.0456928
 0.0100597
   0.0145426
 -0.00130145
-3.83273e-05
-0.000591713
  -0.0354453
   0.0149075
  0.00951227
  0.00309159
-4.93575e-05
  0.00274081
  -0.0250706
  0.00111828
0.00138474
0.00341649
0.00482143
 0.0124767
-0.0345085
 0.0131998
  0.0273436
  0.0151942
-0.00230633
 0.00476614
 -0.0364612
-0.00740584
  0.0235515
  0.0137694
-0.00572291
 0.00705533
 -0.0401904
 -0.0116941
  0.0240413
  0.0126532
-0.00320181
   0.011035
  -0.026199
0.000600999
  0.00766988
   0.0118977
 -0.00975869
  0.00947681
  -0.0246345
-0.000452123
  0.0201322
  0.0112852
-0.00889158
 0.00945403
 -0.0319484
-0.00363616
  0.0156562
  0.0113261
-0.00661111
 -0.0048009
 -0.0371872
 0.00485578
  0.0285733
  0.0183594
-0.00882799
0.000549681
 -0.0437351
0.000572407
 0.0246097
 0.0100239
0.00127014
0.00620184
-0.0170612
0.00656232
   0.025351
  0.0157576
-0.00543792
 0.00950266
 -0.0263072
-0.00287289
 0.0354606
 0.0170377
0.00253579
 0.0103442
-0.0237748
  0.008758
  0.0284825
  0.0194923
0.000240865
 0.00255306
 -0.0267475
 0.00234539
  0.00443085
  0.00783252
-0.000756864
  0.00861918
  -0.0314155
   0.0095919
  0.0144269
 0.00929706
0.000249995
  0.0116823
  -0.039476
 0.00739742
   0.004966
  0.0140292
-0.00183843
  0.0043032
 -0.0317043
 0.00453908
  -0.0055239
  0.00540904
-0.000718256
  0.00142016
  -0.0359946
   0.0141278
  0.0217948
  0.0128066
-0.00439796
 0.00605675
 -0.0292579
-0.00200131
  0.0307493
 0.00945349
-0.00471171
 0.00590558
 -0.0357309
-0.00649417
  0.0329876
 0.00941292
-0.00784174
  0.0122122
  -0.038783
 0.00296146
 0.00273202
 0.00474706
 -0.0154492
-0.00426144
 -0.0388814
  0.0114984
  0.0281535
 0.00289219
-0.00580068
 0.00584715
 -0.0349945
 0.00324883
   0.042646
   0.011444
-0.00132826
 0.00176495
 -0.0310591
0.000762867
  0.0101506
 0.00943069
-0.00532312
 0.00384929
 -0.0306059
  0.0074856
  0.0314194
  0.0155212
-0.00348015
 0.00638008
 -0.0378911
-0.00939787
  0.0296359
  0.0141229
  0.0021853
 0.00363295
 -0.0372872
-0.00232031
0.00992874
 0.0109509
0.00269088
0.00823037
-0.0299607
 0.0131878
   0.0226768
  0.00936436
-0.000932591
   0.0103525
  -0.0348361
  0.00849091
  0.0237575
  0.0136928
-0.00345002
  0.0158616
 -0.0410053
 -0.0141471
  0.0257641
 0.00388627
  -0.012575
 0.00490892
 -0.0438813
-0.00197346
0.00572207
0.00248152
-0.0109697
 0.0152312
-0.0427029
0.00779547
  0.0192992
 0.00617479
-0.00111202
 0.00872481
 -0.0214514
 0.00087096
   0.0257362
  0.00511725
 -0.00793073
   0.0131292
  -0.0357479
-0.000324815
 0.00633009
 0.00784919
-0.00637942
 0.00198415
 -0.0344214
  0.0123421
0.000218998
 0.00778975
-0.00877154
 0.00941283
 -0.0416386
-0.00221351
 0.00227676
 0.00802651
-0.00190901
  0.0076935
 -0.0335157
 0.00697227
  0.0279234
  0.0139934
0.000161117
  0.0145554
 -0.0291074
0.000108112
   0.0116671
   0.0123933
  -0.0053425
   0.0119972
  -0.0353294
-0.000820454
 0.0234095
 0.0160407
0.00387301
 0.0164754
-0.0301157
 0.0121608
  0.0349898
  0.0180813
 5.7002e-05
 0.00728513
 -0.0416582
-0.00134184
  0.0251392
   0.015456
-0.00321726
-0.00188344
 -0.0321131
 0.00391894
   0.0198254
   0.0117563
 -0.00768877
-1.30515e-05
  -0.0338604
  0.00523029
  0.0227159
   0.008936
7.59265e-05
 0.00392041
 -0.0194529
 0.00457666
 0.0366882
 0.0107971
-0.0044687
 0.0058678
-0.0360147
0.00726328
  0.0140816
 0.00942241
 -0.0163948
-0.00440546
 -0.0396447
  0.0197579
   0.0319121
  0.00326504
 -0.00938131
 -0.00544109
  -0.0364734
-0.000861238
  0.0252449
 0.00695778
-0.00448819
  0.0070518
 -0.0275621
 0.00345909
 0.0236893
 0.0132313
-0.0043144
 0.0017105
-0.0290786
0.00492109
  0.0234006
 0.00546318
0.000805405
 0.00593571
 -0.0342689
-0.00797795
  0.0012898
  0.0030789
-0.00525584
 0.00746061
  -0.044766
  0.0158934
 0.0344779
 0.0121275
0.00143497
0.00813114
-0.0262721
 0.0178238
  0.0300993
 0.00303529
 0.00087614
0.000909604
 -0.0315357
 0.00548216
  0.0104452
 0.00875483
-0.00631382
  0.0111822
 -0.0376293
   0.012197
   0.0206094
  0.00855141
  -0.0045155
  0.00144257
  -0.0275695
-4.59823e-05
  0.0233579
 0.00638151
-0.00422015
 0.00842698
 -0.0329752
  0.0170841
 0.00924288
 0.00510766
-0.00719681
  0.0104087
 -0.0400237
  0.0297978
    0.03447
   0.011107
-0.00802772
 0.00504381
 -0.0389857
-0.00448523
   0.037999
  0.0146261
-0.00553679
  0.0100835
 -0.0301139
 0.00123127
  0.0176908
  0.0130506
0.000310457
 0.00603826
 -0.0219063
 0.00657386
  0.0291616
  0.0169831
-0.00208248
 0.00988767
  -0.034069
-0.00115074
  0.0231887
  0.0157208
-0.00418846
 0.00534186
  -0.032388
 0.00585454
  0.0370572
  0.0181642
-0.00337188
 0.00761615
 -0.0376933
-0.00543882
   0.0125734
   0.0163347
 -0.00072093
-0.000767916
  -0.0351264
  0.00876029
  0.0291135
  0.0168983
0.000240685
 0.00481383
 -0.0302642
 0.00579481
  0.0284431
  0.0114309
7.40921e-05
  0.0118437
 -0.0296908
 0.00137484
  0.0248116
 0.00886015
-0.00771104
 0.00917164
 -0.0369833
 0.00697022
0.00439174
0.00780903
-0.0107603
0.00406223
-0.0253296
 0.0126358
  0.0224789
 0.00961072
-0.00564945
 0.00566297
 -0.0338359
 -0.0027924
0.00725554
0.00378677
 -0.014441
0.00387737
-0.0375278
0.00549259
 0.0143428
0.00976341
-0.0041749
0.00845429
-0.0262171
0.00782796
  0.0190295
 0.00744115
-0.00549952
  0.0131635
 -0.0348673
 0.00232718
    0.022522
  0.00877698
  -0.0045003
-0.000228066
  -0.0388786
  0.00431364
  0.0275013
  0.0148619
-0.00763895
 0.00578096
 -0.0351723
 0.00453468
 0.0271202
 0.0165448
-0.0042159
0.00643226
-0.0375152
0.00573993
  0.00978201
   0.0109775
  0.00461994
  0.00207113
  -0.0218828
-0.000400628
  0.0348111
  0.0187008
  0.0033238
 0.00382376
 -0.0326133
-0.00610561
   0.012609
 0.00673991
 -0.0109585
-0.00365953
 -0.0419805
  0.0159041
  0.0312688
  0.0170468
-0.00533392
  0.0103009
 -0.0302952
 0.00391882
 0.0280221
 0.0126421
-0.0144537
0.00763041
-0.0378849
0.00130846
  0.0215862
  0.0144258
-0.00646679
 0.00897543
 -0.0175785
 -5.234e-05
  0.0108537
 0.00616206
-0.00653857
 0.00437399
 -0.0390774
 0.00889503
 0.0262384
 0.0111806
-0.0088405
0.00576046
-0.0410797
0.00600282
  0.0158392
 0.00285588
-0.00573164
 0.00704433
 -0.0266269
 -0.0024431
   0.034131
  0.0136221
-0.00315485
 0.00977069
 -0.0279142
 0.00809451
  0.0309362
 0.00837961
 0.00308085
 0.00347874
 -0.0365342
-0.00409485
   0.023365
  0.0145659
-0.00672842
 0.00404559
 -0.0334558
-0.00722668
  0.00186842
   0.0102116
-0.000854998
  0.00798675
  -0.0164945
 -0.00280654
  0.0154814
  0.0139342
-0.00173191
 0.00799353
 -0.0241009
   0.012816
-0.00107235
 0.00439697
0.000332741
 0.00554611
 -0.0356969
  0.0127187
  0.0180263
  0.0112219
-0.00563682
 0.00904024
 -0.0357219
-0.00870962
   0.0278559
    0.021553
 -0.00555687
-0.000240686
  -0.0340121
  -0.0100471
   0.011635
  0.0114674
 -0.0122372
 0.00124404
 -0.0329385
-0.00445365
 0.00518483
  0.0125978
 -0.0119887
0.000145927
 -0.0335062
  0.0034502
   0.0340899
    0.012853
 -0.00455218
  0.00481682
  -0.0375314
-0.000897111
   0.016038
 0.00958221
 -0.0100826
-0.00457446
  -0.038643
 0.00126212
  0.0087867
  0.0064203
-0.00983568
 0.00860593
 -0.0451722
 0.00849924
   0.0276226
   0.0142886
  0.00563939
  0.00464016
  -0.0287071
-0.000259288
0.00522038
0.00390273
-0.0052842
0.00855051
-0.0498926
 0.0157791
  0.0360261
  0.0137699
-0.00108987
  0.0078334
 -0.0379717
 0.00325181
  0.0309052
  0.0181846
-0.00109545
 0.00623529
 -0.0247567
-0.00813711
  0.0107122
 0.00657275
-0.00324859
 0.00362814
 -0.0416176
 0.00615114
0.000881788
  0.0152048
-0.00270352
  0.0163933
 -0.0281654
 0.00588074
  0.0304631
  0.0190011
-0.00903798
-0.00170324
 -0.0345235
 -0.0106767
 0.0192548
 0.0146005
-0.0141933
 0.0032896
-0.0365579
 0.0086508
 0.0155117
 0.0131081
-0.0130509
0.00345763
 -0.030565
0.00905675
  0.0346507
  0.0110597
-0.00324273
 0.00705787
 -0.0284968
 0.00936051
 0.00917214
 0.00509735
-0.00317311
 0.00803889
 -0.0297337
 0.00699332
  0.0169543
 0.00678465
-0.00358518
  0.0100542
 -0.0396082
 -0.0115683
  0.0353801
  0.0151774
 -0.0080975
-0.00162833
 -0.0473521
-0.00878037
  0.0115283
 0.00418695
-0.00305878
  0.0122421
 -0.0356177
  0.0143386
  0.0201844
  0.0107245
 0.00448475
 0.00342267
 -0.0227397
-0.00145393
  0.0154768
  0.0132321
-0.00509045
 0.00334681
 -0.0350655
  0.0176096
   0.0217864
   0.0133028
-0.000829619
  0.00856907
    -0.02723
  0.00678639
  0.0116083
 0.00201039
-0.00222411
-0.00319638
 -0.0426819
  0.0129409
  0.0227594
 0.00910874
-0.00438481
 0.00921863
 -0.0244151
  0.0022488
  0.0266603
 0.00958576
-0.00220762
 0.00878762
 -0.0410255
 0.00413361
 0.0116549
 0.0119046
-0.0042013
0.00159348
 -0.021097
0.00444779
  0.0100308
 0.00209402
-0.00866402
  0.0170803
 -0.0385041
  0.0130288
-0.00286435
 0.00291804
-0.00433201
 0.00392864
 -0.0353585
 0.00431286
  0.0353471
  0.0157701
-0.00675991
   0.001068
 -0.0463859
4.39499e-05
 0.0267167
0.00895819
-0.0012653
0.00502984
-0.0371316
-0.0023435
  0.0276254
 0.00595075
-0.00214437
   0.011072
 -0.0323844
  0.0107688
  0.0264562
  0.0102397
-0.00122075
 0.00638663
 -0.0368397
-0.00297655
 0.0187897
0.00849596
0.00146567
0.00824157
-0.0249448
 0.0155346
  0.0309706
  0.0170219
-0.00769887
-0.00167919
 -0.0342357
  0.0039988
  0.0248552
  0.0174965
-0.00428436
 0.00628306
 -0.0306715
-0.00162011
-0.00688039
 0.00262713
-0.00283332
 0.00156238
 -0.0304152
  0.0224334
 0.0158963
 0.0117221
-0.0064403
0.00376839
-0.0189257
0.00516846
   0.021879
  0.0122973
-0.00979368
 0.00481086
 -0.0366216
 0.00977585
  0.0247711
  0.0087535
-0.00799285
  0.0108447
 -0.0443889
-0.00696095
  0.0252544
 0.00646318
-0.00805305
 0.00453817
 -0.0295892
-0.00533077
  0.0288773
 0.00775666
-0.00688026
-0.00383793
   -0.03663
 0.00342502
  0.0180396
  0.0112344
-0.00294196
 0.00233456
 -0.0246061
  0.0167496
  0.0220025
  0.0121286
-0.00319161
  0.0073547
 -0.0284881
 0.00287142
  0.0100797
  0.0101073
-0.00411054
 0.00558454
 -0.0256509
  0.0095244
  0.0284948
  0.0100393
-0.00239388
 0.00431786
 -0.0405596
-0.00269222
 0.00278812
 0.00623951
-0.00521009
  0.0129347
 -0.0379997
  0.0101522
  0.0107549
 0.00702233
-0.00969334
  0.0065171
 -0.0363412
  0.0155896
   0.0215536
   0.0132265
 -0.00553327
  0.00346047
  -0.0426672
-0.000261751
  0.0368676
  0.0179814
-0.00575755
 0.00236522
 -0.0521642
 -0.0079394
-0.00276456
  0.0119558
-0.00950315
 0.00595079
 -0.0326185
 0.00959709
    0.019232
  0.00578147
-0.000873583
  0.00437417
   -0.039134
   0.0188703
   0.027372
 0.00695001
-0.00770066
 0.00838356
 -0.0276804
  0.0107291
  0.0270195
 0.00812721
-0.00775455
 0.00656297
 -0.0321468
 0.00772807
  0.0039186
0.000750756
 0.00133313
 0.00787861
 -0.0398745
  0.0147808
  0.0342131
  0.0119582
0.000882845
 0.00161328
 -0.0354075
-0.00524499
   0.0377693
   0.0141833
 -0.00132238
-0.000690015
  -0.0384666
 -0.00355995
0.00250811
0.00791364
 0.0026391
 0.0154355
-0.0294737
0.00687129
   0.002109
 0.00795935
-0.00410129
 0.00072759
 -0.0404861
  0.0138208
  0.0235499
  0.0140478
-0.00769957
 0.00464909
 -0.0299495
 6.4742e-05
 0.0130488
0.00629134
 -0.011933
0.00994386
-0.0392985
  0.016186
  0.0116263
  0.0119634
-0.00867153
 0.00375648
 -0.0309107
 0.00433541
 0.0301511
 0.0128667
-0.0076859
  0.010803
 -0.032506
0.00351347
      0.0209
 -0.00191502
 -0.00909232
-0.000515967
    -0.03153
   0.0119025
 0.0114942
0.00313559
 -0.010057
0.00324422
-0.0408235
0.00594024
   0.0291302
  0.00742049
-0.000208542
  0.00547629
  -0.0391216
 -0.00147559
 0.00810849
 0.00937733
0.000439733
 0.00157954
 -0.0259129
  0.0163097
  0.0199368
   0.011725
-0.00760399
 0.00496072
 -0.0367944
 0.00741477
  0.021977
 0.0118208
0.00125545
0.00385393
 -0.031218
0.00501628
  0.0349389
  0.0179543
-0.00570604
 0.00136165
 -0.0293645
 -0.0097341
 0.00645037
  0.0160659
-0.00875136
  0.0016972
 -0.0340381
-0.00740218
  0.0392022
  0.0169485
-0.00688538
-0.00239575
 -0.0321415
-0.00649073
  0.023646
 0.0128922
-0.0145772
0.00154403
-0.0419821
-0.0039463
-0.000256651
  0.00958288
 -0.00748095
  0.00535611
  -0.0423006
  0.00600701
   0.019357
  0.0136532
-0.00889887
0.000922154
 -0.0381369
-0.00266152
  0.0110602
 0.00542067
-0.00538596
 0.00655055
 -0.0421059
  0.0113877
  0.0267036
 0.00868655
-0.00695458
0.000944372
 -0.0326247
-0.00633332
  0.0299477
  0.0127947
-0.00786731
 0.00265263
 -0.0343303
-0.00103994
  0.0227098
 0.00883465
-0.00221668
 0.00677815
 -0.0320043
 0.00204743
 0.00483602
 0.00532694
-0.00311784
 0.00203427
 -0.0340211
  0.0109049
  0.0150419
 0.00585569
-0.00869677
 0.00345428
 -0.0418547
  0.0164156
   0.026765
 0.00844398
-0.00465252
 0.00259931
 -0.0393496
-0.00196686
  0.0258942
  0.0129719
-0.00339706
 0.00836339
  -0.033425
 -0.0064095
  0.0284145
  0.0114897
-0.00439576
   0.014007
 -0.0395055
 0.00126213
   0.001425
  0.0111564
-0.00284819
 0.00112223
 -0.0359078
  0.0146095
  0.0332543
  0.0174497
-0.00525762
   0.010887
 -0.0329535
 0.00844426
0.00445601
0.00696845
-0.0143169
0.00606261
-0.0466338
0.00568268
  0.0305227
  0.0189722
-0.00876906
-0.00157986
 -0.0348093
 0.00307324
  0.0273565
  0.0160872
-0.00531947
  0.0110079
  -0.032859
 0.00385063
  0.0170016
  0.0154194
-0.00189663
 0.00354128
 -0.0358894
 0.00739036
   0.029518
  0.0150557
-0.00100583
 0.00485717
 -0.0306578
 0.00217071
  0.0412104
 0.00977169
-0.00351089
  0.0148852
 -0.0384597
-0.00112276
   0.034135
   0.012532
-0.00019994
 0.00620714
 -0.0430042
-0.00573328
 -0.00246204
  0.00977831
 -0.00844951
-0.000418325
  -0.0417524
   0.0149535
  0.0329339
  0.0180341
  -0.006649
 0.00637108
 -0.0383859
-0.00338119
