 -0.266407
-0.0847776
 0.0494282
0.00494636
-0.0372312
 -0.041055
 -0.239457
-0.0758097
 0.0499173
0.00668442
-0.0305746
-0.0472572
 -0.249534
-0.0781323
 0.0471551
0.00593867
-0.0477633
 -0.028028
 -0.238068
-0.0735739
 0.0512051
0.00537096
 -0.042146
-0.0368553
 -0.255321
-0.0785209
 0.0500066
0.00908615
-0.0329212
-0.0511481
 -0.256443
-0.0747908
 0.0504611
0.00626788
 -0.037203
-0.0239027
  -0.30076
-0.0806501
  0.038327
0.00756498
-0.0370574
-0.0390417
 -0.331335
 -0.101743
 0.0151734
0.00991046
-0.0384459
-0.0141568
 -0.390234
-0.0873106
 0.0537882
0.00728615
-0.0561201
-0.0315617
 -0.486652
 -0.150884
 0.0377167
 0.0201955
-0.0589139
-0.0213028
 -0.572813
 -0.118321
 0.0795862
 0.0171105
-0.0776357
-0.0248268
   -0.67731
  -0.143128
   0.047093
  0.0179231
 -0.0754437
-0.00160316
 -0.793074
 -0.221282
 0.0347964
 0.0151712
-0.0665462
-0.0123504
  -1.02854
  -0.18969
 0.0621573
 0.0131707
-0.0834333
-0.0137729
  -1.30128
 -0.342826
 0.0856779
 0.0201778
-0.0936518
-0.0328074
  -1.48664
 -0.327747
 0.0323566
 0.0189617
  -0.10226
-0.0141464
  -1.31119
 -0.280423
 0.0587153
 0.0122716
-0.0927967
-0.0147492
  -1.34235
 -0.362202
 0.0645289
 0.0225915
-0.0794395
-0.0408966
  -1.31724
  -0.31563
 0.0533812
0.00567051
-0.0875762
 -0.021157
  -1.32863
  -0.31771
    0.0791
0.00582119
-0.0839519
-0.0176607
  -1.35292
  -0.33732
 0.0573193
 0.0219423
-0.0919166
-0.0294816
  -1.36225
 -0.310874
 0.0207515
  0.020882
-0.0891372
-0.0324818
  -1.40081
 -0.378146
 0.0746823
 0.0126775
-0.0904763
-0.0252264
  -1.44984
  -0.28902
 0.0717533
 0.0128574
-0.0993377
-0.0230926
   -1.3987
 -0.387039
 0.0521966
 0.0297361
   -0.0868
-0.0171973
  -1.40927
 -0.350239
 0.0933501
 0.0214451
 -0.104746
-0.0299991
  -1.43159
 -0.291327
 0.0200481
 0.0114926
-0.0904774
-0.0330272
  -1.39983
 -0.372736
 0.0780573
 0.0180456
-0.0904485
-0.0389382
  -1.37952
 -0.306099
 0.0638422
 0.0105708
-0.0956444
-0.0138465
  -1.45289
 -0.262922
 0.0256552
 0.0166152
-0.0866912
 -0.024506
  -1.42709
 -0.342827
 0.0195107
 0.0215953
-0.0941852
-0.0138498
  -1.42522
 -0.304099
 0.0807523
 0.0135088
-0.0930241
-0.0129152
  -1.41253
 -0.312518
 0.0918291
 0.0153085
 -0.103438
-0.0277977
  -1.40414
 -0.375371
 0.0314496
  0.026824
-0.0960528
-0.0300671
  -1.41648
 -0.298991
 0.0502443
 0.0232506
 -0.101897
-0.0303963
  -1.42655
 -0.394003
  0.134883
 0.0219483
 -0.097918
-0.0437447
  -1.43552
 -0.321256
 0.0612043
 0.0276602
 -0.101403
-0.0368531
  -1.44323
 -0.335514
 0.0282824
 0.0136636
  -0.08687
-0.0435212
  -1.50375
 -0.388243
 0.0837738
 0.0171446
-0.0997107
-0.0519063
  -1.49592
 -0.318535
 0.0953699
 0.0203264
 -0.102601
-0.0139743
  -1.48409
 -0.298282
  0.104358
 0.0177819
 -0.102429
-0.0362119
  -1.47681
 -0.422887
 0.0603484
 0.0222179
-0.0846598
-0.0476503
  -1.48573
 -0.291063
  0.016269
 0.0139858
-0.0990556
-0.0210854
  -1.50709
 -0.309084
 0.0669834
 0.0151781
-0.0966035
-0.0388613
  -1.54219
 -0.408324
 0.0859943
 0.0223849
-0.0987404
-0.0475257
  -1.54822
 -0.337425
 0.0492419
 0.0145212
-0.0978016
 -0.032381
  -1.57778
  -0.35303
 0.0401129
 0.0173048
 -0.109646
-0.0283469
  -1.63447
 -0.371196
 0.0926563
 0.0191746
 -0.110048
-0.0144444
  -1.69218
  -0.38499
 0.0499801
 0.0155602
 -0.113043
-0.0183938
  -1.72547
 -0.347508
 0.0675175
 0.0351798
 -0.110975
-0.0209948
  -1.73519
 -0.415948
0.00435016
 0.0168767
  -0.11379
-0.0252171
   -1.7608
 -0.383109
 0.0610427
 0.0160498
 -0.115817
-0.0349724
   -1.7882
 -0.418749
  0.112682
 0.0233153
 -0.117397
-0.0212383
  -1.81012
 -0.336979
 0.0387687
0.00896024
 -0.109062
-0.0248607
  -1.74745
 -0.467373
 0.0870675
 0.0275572
 -0.106662
-0.0341101
  -1.77517
 -0.360512
 0.0495899
0.00746605
 -0.118548
-0.0219251
  -1.79661
 -0.390784
 0.0327188
 0.0231309
 -0.107927
-0.0285252
  -1.78262
 -0.410943
 0.0666064
 0.0261562
 -0.113411
-0.0297817
  -1.80129
 -0.396402
 0.0529316
 0.0146827
 -0.115874
-0.0289799
  -1.79766
 -0.384012
 0.0681197
 0.0217679
 -0.118116
-0.0312415
  -1.79464
 -0.423888
 0.0510409
  0.013436
 -0.121629
-0.0238396
  -1.79269
 -0.449245
 0.0325798
 0.0175079
 -0.113464
-0.0398007
  -1.79142
 -0.381927
 0.0938614
 0.0223855
  -0.11838
-0.0299724
  -1.81206
 -0.417544
 0.0696877
 0.0263719
  -0.12307
-0.0380552
 -1.81215
-0.418109
0.0631443
0.0236303
-0.128706
-0.042284
   -1.8612
 -0.447249
 0.0579891
 0.0252918
 -0.144842
-0.0285237
  -1.87556
 -0.416763
   0.12969
 0.0290734
 -0.149346
-0.0139487
  -1.90319
 -0.418859
 0.0597032
 0.0372808
 -0.142752
-0.0173498
  -1.92018
 -0.420013
 0.0444955
 0.0217563
 -0.146115
-0.0216441
  -1.97904
 -0.414654
 0.0836127
0.00932178
 -0.146657
  -0.02547
  -2.00649
 -0.416941
  0.106873
 0.0314854
 -0.143428
-0.0270687
  -1.99387
 -0.405316
 0.0619535
 0.0198834
  -0.13412
-0.0324685
  -1.97277
 -0.496919
-0.0128598
   0.02367
 -0.140234
-0.0322886
  -2.00833
 -0.435648
 0.0965291
 0.0339419
 -0.157243
-0.0322632
 -2.03373
-0.484136
 0.097302
0.0275211
 -0.14493
-0.031598
    -2.019
 -0.421514
 0.0581645
 0.0213662
 -0.142375
-0.0364833
  -2.02386
 -0.491015
-0.0131649
 0.0257892
 -0.132699
-0.0419901
  -2.01099
 -0.459607
 0.0813564
 0.0261849
 -0.136131
-0.0452975
  -2.02819
 -0.447249
  0.105114
 0.0298255
 -0.143894
-0.0109933
  -2.04107
 -0.407821
 0.0524324
 0.0279998
 -0.142344
-0.0203819
  -2.03016
 -0.449618
-0.0141763
 0.0211356
 -0.136204
-0.0240507
 -2.01393
-0.450546
0.0491889
0.0287836
 -0.13548
-0.020786
   -2.0526
 -0.440713
  0.106071
 0.0317904
 -0.155567
-0.0184725
  -2.08338
 -0.397606
 0.0560104
 0.0124023
 -0.150117
-0.0126141
  -2.08548
 -0.457184
 0.0210931
 0.0328626
 -0.152284
-0.0246457
  -2.09006
 -0.487596
  0.049046
 0.0186803
 -0.144089
-0.0352764
  -2.11864
 -0.473684
  0.046663
 0.0146181
 -0.152788
-0.0248639
  -2.11739
 -0.453641
  0.125114
 0.0379647
 -0.163246
-0.0128143
  -2.16097
 -0.475376
 0.0664746
 0.0285822
  -0.15619
-0.0468127
  -2.16483
 -0.490335
 0.0239328
 0.0131281
 -0.162431
-0.0368795
 -2.16783
-0.515357
0.0569713
0.0330258
-0.159125
-0.041055
  -2.16443
 -0.462255
 0.0574121
 0.0346708
 -0.166479
-0.0256511
  -2.17705
 -0.491326
  0.110847
 0.0264844
 -0.166776
-0.0312743
  -2.19547
 -0.474138
 0.0359665
  0.020973
   -0.1685
-0.0237745
  -2.17499
 -0.494696
 0.0666139
 0.0306292
 -0.166406
-0.0238555
 -2.16723
-0.484969
 0.059487
0.0240968
 -0.15835
-0.031537
 -2.16357
-0.477607
0.0159201
0.0298035
-0.147445
-0.019766
  -2.21859
  -0.46263
 0.0476585
  0.026817
 -0.163181
-0.0347511
  -2.24329
 -0.494102
 0.0824542
 0.0321974
 -0.179052
-0.0317183
  -2.22494
 -0.474051
  0.100848
 0.0338937
  -0.17343
-0.0327079
  -2.23421
 -0.517023
 0.0444339
 0.0281799
 -0.165567
-0.0420012
   -2.26679
  -0.473898
-0.00720253
  0.0206376
  -0.162443
 -0.0541887
 -2.30113
-0.530244
 0.053441
0.0364908
-0.169143
-0.038199
  -2.31753
 -0.520459
 0.0764915
 0.0411529
 -0.177354
-0.0372717
   -2.3385
 -0.505583
 0.0665673
 0.0251302
 -0.183634
-0.0200579
  -2.38758
 -0.523169
 0.0841825
 0.0316624
 -0.189194
-0.0254493
  -2.44592
 -0.582525
 0.0596932
 0.0375409
 -0.196727
-0.0331068
  -2.49979
   -0.5654
 0.0738381
 0.0322509
 -0.206819
-0.0418982
  -2.48737
 -0.508189
 0.0518896
 0.0326373
 -0.196767
-0.0319839
  -2.52134
 -0.519497
 0.0748013
 0.0367686
 -0.194559
-0.0276249
  -2.55991
 -0.585143
 0.0369037
 0.0322359
 -0.189374
-0.0310767
  -2.59836
  -0.56777
 0.0818733
   0.04193
 -0.201275
-0.0364542
  -2.64247
 -0.545314
 0.0323868
 0.0285339
 -0.190016
-0.0412393
  -2.64113
 -0.574196
 0.0501978
 0.0330856
 -0.191986
-0.0351556
  -2.69222
 -0.594243
 0.0487851
 0.0353684
 -0.207033
-0.0469254
  -2.69198
 -0.588404
 0.0286273
 0.0370428
 -0.199123
-0.0297276
  -2.70719
 -0.602164
 0.0260293
 0.0383208
 -0.184522
-0.0232495
  -2.74839
 -0.616708
-0.0154412
 0.0258008
 -0.199731
-0.0312931
  -2.80382
 -0.604233
  0.045457
 0.0431645
 -0.213392
-0.0354302
  -2.86671
 -0.643667
  0.154854
  0.039637
  -0.22586
-0.0195311
  -2.9158
-0.656725
0.0385028
0.0306811
-0.223942
-0.038678
  -2.95669
 -0.667782
 0.0179141
 0.0496272
  -0.22904
-0.0308874
 -3.02401
-0.677005
0.0757042
0.0375664
 -0.23828
-0.045777
   -3.0486
 -0.665829
   0.12278
 0.0411337
 -0.243298
-0.0330987
  -3.10325
 -0.687701
 0.0405062
 0.0296855
 -0.238817
-0.0300586
  -3.15146
 -0.694457
0.00802662
 0.0502111
 -0.239057
-0.0556429
  -3.16762
 -0.694277
  0.052487
 0.0414646
 -0.256975
-0.0277067
  -3.20137
 -0.695866
  0.095795
 0.0506948
  -0.26746
-0.0424964
  -3.22399
 -0.708797
 0.0711724
 0.0319759
 -0.255045
-0.0287187
  -3.29855
 -0.700164
 0.0495424
 0.0543427
 -0.255756
-0.0536963
  -3.33868
  -0.78132
 0.0594444
 0.0486524
 -0.273743
-0.0612727
 -3.38197
-0.749381
0.0637073
0.0477754
-0.288073
-0.036235
  -3.42444
 -0.771268
 0.0411393
 0.0535023
 -0.269716
-0.0454086
  -3.45938
  -0.77067
 0.0705408
 0.0518723
 -0.279407
-0.0374891
  -3.55022
  -0.81097
 0.0200297
 0.0441728
 -0.284334
-0.0492035
  -3.56536
 -0.805807
 0.0628113
 0.0397348
 -0.291332
-0.0262992
  -3.64056
 -0.810583
 0.0538242
 0.0558645
 -0.285883
-0.0583353
  -3.66867
 -0.823712
 0.0458938
 0.0594098
 -0.300713
-0.0487081
  -3.72531
 -0.811834
 0.0699362
 0.0516253
 -0.305544
-0.0305191
  -3.79192
 -0.831711
 0.0175633
 0.0546468
 -0.304684
-0.0404597
 -3.84869
-0.857528
0.0639731
0.0587561
-0.303564
-0.055162
  -3.90908
 -0.857055
 0.0725507
  0.051198
 -0.312576
-0.0385623
   -3.9731
 -0.841796
 0.0637529
 0.0599004
 -0.322082
-0.0298316
  -4.04147
 -0.919001
 0.0556943
 0.0536224
  -0.33353
-0.0474619
  -4.10352
 -0.910556
 0.0707645
 0.0548465
 -0.343788
-0.0273012
  -4.14712
  -0.91881
 0.0613316
 0.0617546
 -0.343049
-0.0346332
  -4.22716
 -0.920902
 0.0775811
 0.0598008
 -0.340257
-0.0382866
  -4.32879
 -0.948449
 0.0549776
 0.0616823
 -0.349635
-0.0234672
  -4.40948
   -1.0093
  0.043411
  0.059386
 -0.351885
-0.0253469
  -4.48359
 -0.985263
 0.0599101
 0.0608742
 -0.369995
-0.0329356
  -4.56585
  -1.01645
 0.0261497
 0.0620507
 -0.377968
-0.0285425
  -4.61847
  -1.02473
 0.0818031
 0.0718155
 -0.382379
-0.0175142
  -4.73885
   -1.0438
 0.0666374
 0.0589457
 -0.391157
-0.0312086
  -4.81762
  -1.07819
 0.0402454
 0.0759145
 -0.389395
-0.0319593
 -4.89501
  -1.0865
0.0199596
0.0702988
-0.396177
-0.031947
  -4.98245
  -1.10773
 0.0645772
 0.0634824
 -0.402695
-0.0103871
  -5.10645
  -1.14239
 0.0624307
 0.0750407
 -0.412107
-0.0203471
  -5.19995
  -1.16696
  0.065098
 0.0728144
 -0.422345
-0.0339895
  -5.29527
  -1.17734
 0.0450296
 0.0834063
 -0.445354
-0.0254948
   -5.4015
  -1.21759
 0.0472684
 0.0796718
 -0.441094
-0.0225048
  -5.47878
  -1.23261
 0.0596333
 0.0675972
 -0.454589
-0.0271638
  -5.58963
  -1.23589
  0.057413
 0.0872531
 -0.457257
-0.0153931
  -5.73962
  -1.29254
 0.0696811
 0.0774878
 -0.482449
-0.0210622
  -5.82578
  -1.29609
 0.0592153
  0.089748
 -0.474694
-0.0121716
   -5.92044
   -1.35324
  0.0341109
  0.0774914
   -0.48526
-0.00724748
  -6.02584
  -1.34491
  0.041127
 0.0922744
 -0.505785
-0.0134208
   -6.12732
   -1.37661
  0.0793027
  0.0880329
  -0.515355
-0.00619937
   -6.22301
   -1.42827
  0.0587596
  0.0837223
  -0.518058
0.000787576
   -6.28069
   -1.39568
  0.0520217
  0.0952256
  -0.518474
-0.00662269
  -6.36782
  -1.45509
 0.0516541
 0.0938856
 -0.529913
0.00419358
   -6.50569
   -1.48449
  0.0624382
   0.090889
  -0.550084
-0.00650822
 -6.60388
 -1.48487
 0.021288
0.0981417
-0.551351
0.0095774
    -6.7434
   -1.53529
  0.0911322
   0.101974
  -0.570768
-0.00488185
  -6.85463
  -1.53218
 0.0618347
  0.108751
  -0.57043
0.00908728
   -6.948
 -1.58633
0.0287472
 0.103713
-0.586303
0.0112942
   -7.0826
  -1.63668
  0.041316
  0.101169
 -0.591223
0.00127004
 -7.20768
  -1.6327
0.0582816
 0.111037
-0.605784
0.0314578
 -7.35698
 -1.70159
0.0471871
 0.106024
-0.619403
0.0138231
 -7.47118
 -1.67451
0.0653432
 0.110014
-0.630739
0.0280983
 -7.59974
 -1.75229
0.0433033
 0.110301
-0.636473
0.0271102
 -7.70872
 -1.79103
0.0265312
  0.11267
-0.630632
0.0389556
 -7.86037
 -1.79772
0.0402092
 0.115818
-0.657045
0.0360059
  -7.9765
 -1.83806
0.0653067
 0.118413
-0.672992
0.0487385
 -8.13954
 -1.87816
0.0337576
 0.120592
-0.687457
0.0587871
 -8.26414
 -1.89126
 0.065434
 0.127332
-0.692303
0.0683883
 -8.43494
 -1.96709
 0.034595
 0.124654
-0.710488
0.0491275
 -8.61649
  -1.9714
0.0456455
 0.124318
-0.734408
0.0807648
 -8.78218
 -2.05697
 0.038584
 0.124811
-0.745198
0.0661218
 -8.94296
 -2.05028
0.0587342
 0.133885
-0.749194
0.0737547
 -9.09053
 -2.12007
0.0309038
 0.134139
 -0.77859
 0.102836
 -9.26117
 -2.14805
0.0610289
 0.147048
-0.797661
0.0978722
 -9.45507
 -2.22257
0.0329427
 0.144971
  -0.8028
 0.108843
 -9.62205
 -2.23301
0.0465798
 0.159317
 -0.82113
 0.100936
 -9.74772
 -2.27393
0.0174355
 0.150156
-0.822389
  0.12389
 -9.91597
   -2.319
0.0684838
 0.157455
-0.849447
 0.123623
 -10.0496
 -2.34441
0.0353448
 0.154751
-0.859235
 0.132444
 -10.2292
 -2.40547
 0.050319
 0.155151
-0.858368
  0.14094
 -10.4222
  -2.4556
0.0424135
 0.167229
-0.883736
 0.137602
 -10.5939
 -2.48617
0.0167895
   0.1626
-0.898745
 0.159828
 -10.7485
  -2.5351
0.0703856
 0.173974
-0.908953
 0.169018
  -10.9538
  -2.56665
0.00341516
  0.175507
  -0.92482
  0.164964
 -11.1229
 -2.65041
0.0607891
 0.178458
-0.943837
 0.189826
 -11.3551
 -2.68751
0.0200192
 0.184786
-0.962876
 0.169085
 -11.5057
 -2.74223
0.0299148
 0.177164
-0.976917
 0.196242
 -11.7269
  -2.7854
0.0513345
 0.185132
 -1.00321
 0.200062
 -11.9561
 -2.86342
0.0691079
 0.192577
 -1.02508
 0.204862
-12.1671
-2.87929
0.030582
0.185019
 -1.0335
0.241657
 -12.3713
 -2.94368
0.0152325
 0.192664
 -1.04509
 0.232851
 -12.5929
 -3.03772
0.0161832
 0.194867
 -1.07297
 0.239656
 -12.8016
 -3.04033
0.0239776
 0.203102
 -1.08285
 0.261277
 -13.0248
 -3.11091
0.0247588
 0.217094
 -1.11705
  0.28151
  -13.236
 -3.16236
0.0346706
 0.218301
 -1.13326
 0.280779
 -13.4465
 -3.23518
0.0305211
 0.211182
  -1.1421
 0.291211
 -13.7251
 -3.30026
0.0234677
 0.220624
 -1.17015
 0.293489
  -13.968
 -3.36848
0.0117861
  0.21995
 -1.19516
  0.29936
 -14.1865
 -3.41559
0.0118778
 0.234408
 -1.21552
  0.31809
   -14.4248
   -3.51936
-0.00495639
   0.237055
   -1.22878
   0.338686
 -14.6611
 -3.50136
0.0367788
 0.233722
 -1.27441
 0.351964
  -14.8874
  -3.61194
0.00604316
   0.24167
  -1.28103
   0.35682
  -15.1615
  -3.64556
0.00952739
  0.238565
  -1.30595
  0.379615
  -15.4042
  -3.76268
0.00325282
  0.250979
  -1.32025
  0.380029
-15.6821
-3.83032
0.011104
0.248981
-1.33815
0.395785
    -15.9718
    -3.84311
-0.000553269
    0.259206
    -1.36686
     0.42854
  -16.1842
  -3.95993
-0.0291161
  0.264652
  -1.38264
  0.424396
   -16.4567
   -3.99734
-0.00142214
   0.263965
   -1.40164
   0.466261
   -16.6417
   -4.03761
-0.00692258
   0.280284
   -1.41588
    0.47935
    -16.84
  -4.10094
-0.0132023
  0.279289
  -1.43363
  0.488175
  -17.0347
  -4.17151
-0.0317047
  0.275354
  -1.44457
  0.491409
   -17.259
  -4.21997
-0.0303843
  0.289291
  -1.45785
    0.4958
  -17.4752
  -4.28416
-0.0142006
  0.293802
  -1.48075
  0.507442
  -17.7088
  -4.32432
-0.0358959
  0.293834
   -1.5014
  0.541442
  -17.8979
  -4.38771
0.00608783
  0.291366
   -1.5247
   0.55818
  -18.1194
  -4.44258
-0.0276472
  0.294169
  -1.52969
  0.563187
   -18.364
  -4.50943
-0.0221152
  0.306823
  -1.54097
  0.577066
  -18.6107
  -4.60034
0.00773266
  0.304104
  -1.55652
  0.578965
  -18.7728
  -4.57696
-0.0322301
  0.309139
  -1.54926
  0.585869
  -18.8771
  -4.63494
-0.0365863
  0.302878
  -1.56227
  0.590147
  -18.9361
  -4.63816
-0.0175683
  0.302738
  -1.57531
  0.585561
 -18.8703
 -4.57615
-0.020084
 0.305956
 -1.56353
  0.57144
  -18.7008
  -4.53046
-0.0171554
  0.300904
  -1.54376
  0.525215
  -18.5645
  -4.49604
-0.0335477
  0.291599
  -1.52108
  0.517913
  -18.3574
  -4.42553
-0.0221932
  0.294942
  -1.51613
  0.490425
  -18.1534
   -4.3582
0.00543853
  0.282319
  -1.48976
  0.453549
  -17.8968
  -4.26474
-0.0260464
  0.282226
   -1.4614
  0.416362
  -17.5831
  -4.15458
0.00443421
  0.263359
  -1.42918
  0.374565
 -17.2886
 -4.09392
0.0154918
 0.262225
 -1.42206
 0.331965
 -16.9058
 -3.95839
0.0698469
 0.249037
 -1.37661
 0.305612
  -16.4534
  -3.80604
-0.0196972
  0.241177
  -1.32252
  0.252137
    -16.0559
    -3.71671
-8.07886e-05
    0.229893
    -1.28663
    0.223263
 -15.6183
 -3.55152
0.0254009
 0.231126
 -1.22885
 0.179993
 -15.2507
 -3.44378
0.0234331
 0.223059
 -1.19497
 0.148454
 -15.1617
 -3.39105
0.0437093
 0.207747
 -1.17846
 0.108232
 -14.5058
 -3.22269
0.0450696
 0.204333
 -1.12205
0.0670889
 -14.0643
 -3.11902
0.0488591
 0.195683
 -1.07145
0.0332705
   -13.56
 -2.94396
0.0468795
 0.181394
  -1.0338
 0.014482
  -13.0424
  -2.82788
 0.0501414
  0.178643
 -0.971263
-0.0461997
  -12.8524
  -2.77444
 0.0542801
  0.157713
 -0.945814
-0.0721178
  -12.6848
  -2.71786
 0.0923293
  0.165184
 -0.920339
-0.0891017
 -12.4974
 -2.61462
0.0419676
  0.16252
-0.882264
-0.109664
 -12.3689
 -2.57165
0.0493227
 0.148494
-0.849378
-0.135708
 -12.2038
 -2.58497
0.0465196
 0.144522
-0.839964
-0.156777
 -12.0015
 -2.44237
0.0730594
 0.159828
 -0.81013
-0.169375
 -11.6566
 -2.39748
0.0507525
 0.143273
-0.796737
-0.179336
 -11.3579
 -2.31295
0.0643965
 0.135479
-0.772432
 -0.17915
 -11.0357
 -2.25835
0.0418921
 0.126578
-0.743184
-0.207871
 -10.7928
 -2.20388
0.0849685
 0.133218
-0.722211
-0.214524
 -10.5571
 -2.10127
 0.068988
 0.131283
-0.701592
 -0.23145
 -10.2862
 -2.08746
0.0867091
 0.128403
-0.693308
-0.244959
 -10.0456
 -2.03533
 0.117716
 0.116979
-0.672576
-0.244989
 -9.85151
 -1.91853
0.0683125
 0.113212
  -0.6518
-0.225663
 -9.72679
 -1.94303
0.0797444
  0.10824
-0.624379
-0.244372
 -9.66216
 -1.94679
0.0502944
  0.10131
-0.618661
-0.268396
  -9.5131
 -1.85086
0.0660995
 0.111978
-0.594934
-0.250425
  -9.3688
 -1.82156
0.0706832
 0.110317
-0.587984
-0.252502
 -9.22855
 -1.80445
0.0469236
0.0955212
-0.582111
-0.260339
 -9.13236
 -1.77967
0.0697686
0.0996551
-0.566808
-0.264536
 -8.99017
 -1.75807
0.0806115
 0.102965
-0.567631
-0.253984
 -8.85963
 -1.73022
0.0983314
 0.104717
-0.551667
-0.258372
 -8.72977
 -1.70925
  0.11038
 0.101143
 -0.54776
-0.265095
 -8.62965
  -1.6471
0.0757936
0.0969949
-0.522201
-0.256261
 -8.55254
 -1.67602
0.0489963
0.0860506
-0.513068
-0.282358
 -8.47435
 -1.62512
0.0370569
0.0799244
-0.506688
-0.253881
 -8.34481
 -1.58876
 0.105831
0.0924885
-0.504689
-0.247291
 -8.31569
 -1.58276
0.0766617
0.0888992
-0.491289
-0.260681
 -8.25392
 -1.57434
0.0631242
0.0779213
-0.481344
 -0.25917
 -8.19156
 -1.55706
0.0641411
0.0850581
-0.477816
-0.272637
  -8.1374
 -1.55683
0.0863622
0.0803705
-0.478145
-0.261853
 -8.03879
 -1.52892
0.0747193
0.0771814
 -0.46913
-0.253517
 -7.98804
 -1.52451
0.0685797
0.0747722
-0.466335
-0.287156
 -7.94717
 -1.52647
  0.11273
0.0830877
-0.467425
-0.265611
 -7.85653
  -1.4763
0.0714481
0.0788514
-0.447341
-0.292921
 -7.75513
 -1.47939
0.0296242
0.0751537
-0.448193
 -0.26542
 -7.69758
 -1.46567
 0.057522
0.0819256
-0.445741
-0.279154
  -7.6569
  -1.4173
0.0976666
0.0868311
-0.451994
-0.268138
 -7.57907
 -1.42508
 0.073772
0.0663311
-0.438022
-0.257405
 -7.54206
 -1.39873
0.0634169
0.0716864
-0.441117
-0.276533
 -7.50618
 -1.42476
0.0774374
0.0742369
-0.438984
-0.277896
 -7.48547
 -1.39193
0.0727688
0.0710868
-0.440082
-0.271779
 -7.43621
 -1.38237
0.0633328
0.0710446
 -0.43757
-0.254567
 -7.40479
 -1.41505
0.0788956
0.0723359
 -0.43742
-0.285981
 -7.35608
 -1.38481
0.0941533
0.0683621
-0.434483
-0.276434
 -7.25794
 -1.33154
0.0511505
0.0719288
-0.421515
-0.275408
 -7.24688
 -1.36919
 0.035828
0.0670652
-0.424462
-0.293333
 -7.19748
 -1.35853
0.0490852
0.0690351
-0.432505
-0.276493
 -7.15501
 -1.29239
0.0841679
0.0728994
-0.429201
-0.266625
 -7.11239
 -1.30475
 0.088024
 0.074292
-0.428229
-0.270915
 -7.08665
 -1.34553
0.0458175
 0.067929
 -0.42856
-0.276982
 -7.09076
 -1.28628
0.0562532
0.0709588
-0.437085
-0.274391
 -7.03221
 -1.29432
0.0805446
0.0745604
-0.443258
-0.279412
  -6.9748
 -1.29297
0.0510118
0.0750765
-0.414481
-0.285132
 -6.93508
 -1.27782
0.0432407
0.0736322
-0.407673
-0.298723
 -6.91372
 -1.27912
0.0746421
 0.070577
-0.434018
-0.279705
 -6.87035
 -1.29426
0.0732417
0.0768951
-0.429584
-0.289891
 -6.79789
 -1.22895
0.0461225
 0.071742
-0.409417
-0.278934
 -6.77696
 -1.24635
0.0424247
0.0731813
-0.411791
-0.294023
 -6.73265
 -1.24304
  0.02829
0.0699142
-0.423432
-0.273901
 -6.70434
 -1.18391
0.0948404
0.0765037
-0.421138
-0.258194
 -6.69132
 -1.22408
0.0584733
0.0601446
 -0.42718
-0.271753
 -6.63852
 -1.21032
0.0531371
0.0674641
-0.410438
-0.269937
 -6.60145
 -1.18378
0.0594961
0.0657863
-0.415174
-0.275976
 -6.60256
 -1.22191
0.0391472
0.0706894
-0.409374
 -0.29057
 -6.55913
 -1.17897
0.0575584
0.0645244
-0.414429
-0.274258
 -6.52051
 -1.18465
0.0539959
0.0617988
 -0.41269
-0.272274
 -6.48311
 -1.21725
0.0575345
 0.069334
-0.412389
-0.280823
 -6.47046
 -1.16635
   0.0833
0.0647163
-0.416429
-0.275879
 -6.39254
 -1.14871
0.0334185
0.0718178
-0.396442
-0.272929
 -6.37903
  -1.1442
0.0386876
0.0701724
-0.398494
-0.284159
  -6.33758
  -1.16376
0.00112343
 0.0693684
 -0.395073
 -0.287297
 -6.28742
 -1.11035
0.0633181
 0.069939
-0.398163
 -0.26026
 -6.27323
  -1.1038
0.0242449
 0.064957
-0.381434
-0.259733
 -6.24787
 -1.13916
0.0253378
0.0678764
 -0.40133
-0.274103
 -6.21296
 -1.09344
0.0528846
0.0652134
-0.387241
-0.268137
 -6.19613
 -1.12779
 0.048425
0.0716632
-0.396732
-0.278795
 -6.17009
 -1.09869
0.0573861
0.0675293
-0.401986
-0.280021
 -6.17233
 -1.11623
0.0300954
0.0746294
-0.398183
-0.284343
 -6.14178
 -1.12792
0.0658637
0.0704137
-0.394547
-0.290851
  -6.1102
 -1.08138
0.0452879
0.0703582
-0.389845
 -0.27429
 -6.09935
 -1.10694
0.0624113
0.0731675
-0.397982
-0.281188
 -6.10372
 -1.11568
0.0593723
0.0606825
-0.386997
-0.277869
 -6.09451
 -1.09416
0.0452207
0.0739159
-0.388504
-0.281921
 -6.03483
 -1.06081
0.0308479
0.0639031
-0.376007
-0.263955
 -6.02346
 -1.07126
 0.047292
0.0667055
-0.373994
-0.282596
 -5.99553
 -1.09184
0.0614004
0.0613639
-0.390273
 -0.27507
 -5.98989
 -1.04096
0.0358394
0.0561394
-0.369506
-0.285862
 -5.93244
 -1.07132
0.0288286
0.0672904
-0.360683
-0.275014
 -5.91525
 -1.04825
0.0402688
0.0652515
 -0.37309
-0.271153
 -5.86747
 -1.03122
0.0485377
0.0615397
-0.364537
-0.265203
 -5.85133
 -1.05431
0.0524947
0.0603034
-0.366928
-0.266658
 -5.80444
 -1.00164
 0.032638
0.0692497
-0.365945
-0.253794
 -5.79155
  -1.0527
0.0427354
 0.063738
-0.358428
-0.282231
 -5.74634
 -1.02414
0.0652329
0.0609316
-0.348839
-0.266784
 -5.73307
-0.988265
0.0315641
0.0608968
-0.347376
-0.268325
 -5.71146
 -1.03208
0.0518238
0.0612798
-0.352288
-0.269341
 -5.70538
 -1.02249
 0.065739
 0.059538
-0.358506
-0.259266
 -5.64763
 -1.00379
0.0599032
0.0677699
 -0.34558
-0.253221
 -5.63309
-0.972316
0.0499915
0.0528452
 -0.33905
-0.255891
 -5.60513
-0.993695
0.0413666
0.0505264
-0.331515
 -0.25988
 -5.59458
 -1.03598
 0.030558
0.0589585
-0.331077
-0.285002
 -5.57259
-0.948535
0.0378714
0.0585118
-0.321478
-0.252189
 -5.54416
-0.996497
0.0472258
0.0501238
-0.331194
-0.259811
 -5.51646
-0.957587
0.0325089
0.0593876
-0.318704
-0.251735
 -5.50562
-0.974133
0.0584524
0.0575114
-0.327654
-0.273368
 -5.49152
-0.973221
0.0396191
0.0632202
-0.314992
-0.262743
 -5.49183
-0.972552
0.0510937
0.0460856
-0.316896
 -0.26742
 -5.44004
-0.955112
0.0428043
0.0627644
-0.324467
-0.251276
 -5.47269
-0.972969
0.0660163
0.0537735
-0.334074
-0.267962
 -5.45538
-0.959658
0.0522218
0.0562116
-0.321433
-0.263591
  -5.4326
-0.968857
0.0357206
0.0606373
-0.322303
-0.265192
 -5.40365
-0.942023
0.0585653
0.0586974
-0.319197
-0.236813
 -5.41524
-0.964221
0.0400767
0.0506362
-0.318614
-0.256158
  -5.4045
-0.946525
0.0559151
0.0617825
-0.314839
-0.252526
 -5.35599
-0.944564
0.0296962
0.0501562
-0.316958
-0.262702
 -5.34287
 -0.93643
 0.057368
0.0555724
-0.319643
-0.250407
 -5.36548
-0.945915
0.0519983
0.0542084
-0.317632
-0.265589
 -5.34738
-0.945353
0.0397526
0.0482682
 -0.31667
-0.255359
 -5.35835
-0.924699
0.0545638
0.0527083
-0.324167
-0.258684
 -5.33387
-0.956381
0.0485675
 0.057411
-0.315666
-0.262622
 -5.30629
-0.916493
0.0603579
0.0519596
-0.316368
-0.261652
 -5.29156
-0.926716
0.0370386
0.0598535
-0.306141
-0.255883
 -5.31156
-0.970736
0.0551811
0.0574414
-0.318102
-0.258434
 -5.29998
-0.907806
0.0686069
0.0531956
-0.310777
-0.247487
 -5.28229
-0.915135
 0.019699
0.0570651
 -0.29487
-0.262486
 -5.27394
-0.937222
0.0594403
 0.058922
-0.307801
-0.275449
 -5.29029
-0.924459
0.0382245
0.0473849
-0.308833
-0.266266
 -5.26426
-0.927624
0.0439511
0.0612802
 -0.31549
-0.257348
 -5.22852
-0.887144
0.0493895
0.0604794
-0.305925
-0.247989
 -5.21117
-0.933522
0.0409705
0.0508658
-0.301831
-0.252955
 -5.25407
-0.927822
0.0398702
 0.052181
 -0.30874
-0.260893
 -5.25411
-0.901646
0.0503617
0.0546394
-0.314283
-0.253727
  -5.2286
-0.928347
0.0555762
0.0620162
-0.317349
-0.248918
 -5.22779
-0.907063
0.0434647
0.0603443
 -0.30494
-0.257245
 -5.19422
-0.942733
0.0424365
0.0550979
-0.303512
-0.255001
 -5.21392
-0.904371
0.0627747
0.0493577
-0.315317
-0.242282
 -5.18719
 -0.92044
0.0459979
0.0552941
-0.306366
-0.259405
 -5.20699
-0.907205
0.0489413
0.0568218
-0.311073
-0.260054
 -5.19986
  -0.9194
0.0482999
0.0559116
-0.307371
-0.252958
 -5.18665
-0.906553
0.0523411
0.0464928
 -0.31765
-0.252932
 -5.19473
-0.907052
0.0399224
0.0570354
-0.306324
-0.256641
 -5.16355
-0.917101
0.0313824
0.0522332
-0.311792
-0.252953
 -5.15167
-0.896178
0.0475092
0.0567034
-0.304221
-0.243534
 -5.16222
-0.904379
0.0456051
0.0522793
-0.308447
-0.252693
 -5.14362
-0.896559
  0.03974
0.0482812
-0.305223
-0.248766
 -5.11371
-0.899106
0.0508191
0.0491372
-0.307309
-0.249497
 -5.08715
-0.888127
0.0504209
0.0590184
-0.297609
-0.236545
 -5.08609
-0.893197
0.0505682
0.0484962
-0.296277
-0.245877
 -5.06478
-0.887248
0.0513393
 0.048912
-0.306162
-0.247658
 -5.07374
-0.892726
0.0505287
 0.049524
-0.295764
-0.242591
 -5.09602
-0.894575
0.0507839
 0.057789
-0.308767
 -0.23811
 -5.09754
-0.888994
0.0471505
0.0514995
 -0.30091
-0.244522
 -5.11369
-0.898821
0.0533739
0.0525417
-0.303078
-0.233661
 -5.12939
 -0.90275
0.0433077
0.0562795
-0.304311
-0.244521
  -5.1244
-0.898017
0.0443198
0.0526191
-0.301707
-0.240732
 -5.13805
-0.900975
0.0409577
 0.059689
-0.299856
-0.247303
 -5.12003
-0.898598
0.0373039
0.0588333
-0.298359
-0.252801
 -5.11513
-0.901738
0.0476939
0.0552233
-0.313394
-0.243368
 -5.11184
-0.898164
0.0472639
0.0520379
-0.307829
-0.258292
 -5.07733
-0.895884
0.0470971
0.0408096
 -0.29523
-0.254838
 -5.07923
-0.886919
0.0491478
0.0566078
-0.300427
-0.241336
 -5.07794
-0.892317
0.0468549
 0.057804
-0.311398
-0.254969
 -5.09444
-0.893552
0.0495779
0.0468931
-0.305683
-0.242336
 -5.10397
-0.896779
0.0440993
0.0507336
-0.296538
-0.242768
 -5.10736
-0.899547
0.0499704
0.0539972
-0.309112
-0.234371
 -5.12045
-0.905035
0.0510406
0.0565738
-0.318948
-0.251133
 -5.11227
-0.895386
 0.047149
0.0609311
-0.297343
-0.252814
 -5.12357
-0.893938
0.0443473
0.0461871
-0.310173
-0.236271
 -5.10852
-0.894547
0.0451365
0.0570132
-0.298298
-0.241233
 -5.09307
-0.890374
0.0390716
0.0559097
 -0.30148
-0.254457
 -5.08163
-0.886638
0.0403153
0.0535234
-0.298125
-0.238207
 -5.06123
-0.884479
0.0479515
0.0570296
-0.303516
-0.235317
 -5.05291
-0.884939
0.0456733
0.0506478
-0.290343
 -0.23682
  -5.0686
-0.888285
0.0470343
0.0555206
-0.296508
-0.234098
 -5.07363
-0.893383
 0.041303
0.0555661
-0.302277
  -0.2537
 -5.07397
-0.891238
0.0468298
0.0611255
-0.307692
-0.250519
 -5.11552
-0.900616
0.0430454
0.0501192
-0.304576
-0.251984
 -5.10396
-0.897083
0.0395171
0.0512383
-0.298428
-0.249481
 -5.11823
-0.897659
0.0463576
0.0502642
 -0.29944
-0.248347
 -5.10861
-0.894693
0.0472044
0.0509642
-0.309442
-0.254695
 -5.11257
-0.895104
0.0439611
0.0572415
-0.304684
-0.247593
 -5.09978
-0.897153
0.0441836
0.0506012
-0.301844
-0.238672
 -5.08394
   -0.893
0.0482261
0.0598989
-0.307119
-0.243345
 -5.07691
-0.887285
0.0535959
0.0573851
-0.292838
-0.240005
 -5.08094
-0.888493
0.0560511
0.0532094
 -0.30994
-0.237266
 -5.07899
-0.896413
0.0470423
 0.055258
-0.300996
-0.252519
  -5.0745
-0.889832
0.0469932
0.0515634
-0.297779
 -0.24319
 -5.08099
-0.888876
0.0469998
0.0513654
 -0.30206
-0.244102
 -5.09464
-0.899535
 0.050438
0.0583055
-0.300802
-0.259184
 -5.10972
-0.898534
0.0419791
0.0576653
-0.305865
-0.240219
 -5.10832
-0.895915
0.0496211
0.0508397
-0.314468
-0.248366
 -5.11148
-0.899482
0.0430629
0.0575168
-0.299715
-0.243017
 -5.10612
-0.895834
0.0483152
0.0527744
-0.299907
 -0.25365
  -5.0949
-0.891042
0.0493985
0.0546039
-0.307895
-0.243385
  -5.0879
-0.895047
0.0406248
 0.052262
-0.303791
 -0.24117
 -5.06608
 -0.89044
0.0448217
 0.052196
-0.294875
-0.237603
 -5.04802
-0.886915
0.0488163
0.0577878
-0.291599
-0.245397
 -5.07786
-0.891916
 0.048913
0.0581135
-0.296229
-0.260026
 -5.07736
-0.894407
0.0537013
0.0537858
-0.307437
-0.251887
 -5.08634
-0.892972
0.0495612
0.0469569
-0.312327
-0.240505
 -5.07681
-0.889249
0.0470851
0.0512338
-0.307366
-0.240006
 -5.09469
-0.900054
0.0439112
0.0606777
 -0.30893
-0.251928
 -5.11253
-0.902971
0.0439247
0.0585541
-0.293532
-0.260841
 -5.12559
-0.900876
0.0485312
0.0545695
-0.305123
-0.258082
 -5.12713
-0.903461
0.0474612
 0.051716
-0.310814
-0.263397
 -5.09391
-0.895627
0.0439535
0.0494053
-0.298197
-0.245647
 -5.07452
-0.888926
0.0523335
0.0546856
-0.299987
-0.252168
 -5.09816
-0.894969
0.0531073
0.0483814
-0.305456
-0.235874
 -5.08428
-0.892488
0.0469774
0.0493149
 -0.30549
-0.254412
 -5.06122
-0.884949
0.0490041
0.0474191
-0.294455
-0.242695
 -5.05317
-0.882991
0.0466076
0.0597961
-0.292726
-0.238222
 -5.06938
-0.885964
0.0468683
0.0470069
-0.303099
-0.244052
 -5.09134
-0.895948
 0.050371
0.0603163
 -0.29749
-0.253456
 -5.10007
 -0.89516
0.0447051
0.0535632
-0.298205
-0.263109
  -5.1011
-0.900202
0.0439424
0.0471173
 -0.30041
-0.258276
  -5.0826
-0.890967
0.0403032
0.0537893
-0.299505
-0.246932
 -5.10863
-0.902824
0.0429475
0.0529488
-0.299701
-0.256327
 -5.09868
-0.892861
0.0459383
0.0512827
-0.306007
-0.255089
 -5.08704
-0.889504
0.0505597
0.0495861
-0.299994
-0.237028
 -5.08282
-0.890033
0.0438103
 0.050896
-0.293554
-0.237669
 -5.08212
-0.892631
0.0461489
0.0553467
-0.305641
-0.236407
 -5.06106
-0.885331
0.0422423
0.0568271
-0.296865
-0.242538
 -5.07164
-0.892912
0.0434694
0.0573146
-0.309775
 -0.25587
   -5.066
-0.881663
0.0498845
0.0579146
-0.307558
-0.247145
 -5.06852
-0.887589
0.0501168
0.0644192
-0.304276
 -0.24292
 -5.09135
-0.896067
0.0505643
 0.062344
-0.304907
-0.244102
 -5.11094
 -0.89374
0.0494992
 0.046949
-0.304774
-0.251919
 -5.08467
-0.890248
0.0503013
0.0517771
-0.298304
 -0.24919
 -5.07886
-0.888868
0.0480756
 0.051454
-0.297129
-0.244582
 -5.09742
-0.897763
 0.048161
0.0490377
-0.303663
-0.264582
 -5.10281
-0.893889
 0.046316
0.0431002
-0.306501
-0.243528
 -5.09178
-0.894862
0.0484682
 0.058558
-0.300557
-0.236618
 -5.07886
-0.889512
0.0517943
0.0470927
-0.307725
-0.230901
 -5.07706
-0.887638
0.0513912
0.0510152
-0.301626
-0.244236
 -5.08024
-0.891477
0.0446807
 0.056469
 -0.29969
-0.249995
 -5.06676
-0.887787
0.0491032
0.0471714
 -0.29866
-0.245491
 -5.06507
 -0.88556
0.0477494
0.0576615
-0.306425
-0.248996
 -5.06909
-0.886427
0.0478837
0.0514874
-0.298468
-0.246855
 -5.08322
-0.896457
 0.042751
0.0580061
-0.304757
-0.244811
 -5.08378
-0.894183
0.0459743
0.0503711
-0.292225
-0.248813
 -5.09395
-0.894714
0.0493875
0.0525687
-0.300285
-0.250041
 -5.10611
-0.896848
 0.045086
0.0476814
-0.307689
-0.253618
 -5.09086
-0.890527
0.0526362
0.0514119
-0.307729
-0.248356
 -5.08143
 -0.89511
0.0483857
0.0578117
-0.310192
-0.239915
 -5.06825
-0.889616
0.0492362
 0.056264
-0.305661
-0.239132
 -5.07693
-0.896468
0.0504976
0.0534998
-0.305693
-0.248197
 -5.08527
-0.895747
0.0526582
0.0559523
-0.303675
-0.251653
  -5.0766
-0.890289
0.0516735
0.0452912
 -0.30695
-0.238416
 -5.06291
-0.885953
0.0521537
0.0493339
-0.297259
-0.254503
 -5.08639
-0.892167
0.0503463
0.0476882
-0.304881
-0.254187
 -5.07589
-0.891727
0.0466793
0.0604491
-0.305378
-0.259745
 -5.08247
-0.891535
0.0437456
0.0523881
-0.305538
-0.244867
 -5.08371
-0.894607
0.0392614
0.0557432
-0.295671
-0.248591
 -5.10346
-0.898694
0.0495599
0.0499923
-0.311964
-0.254901
 -5.09235
 -0.89299
0.0516461
0.0516849
-0.308379
-0.246956
 -5.07227
-0.890038
0.0482305
0.0596589
-0.306885
-0.234194
  -5.0689
-0.886938
0.0513682
0.0541621
-0.303345
-0.240273
  -5.0678
-0.883811
0.0536966
0.0436746
-0.301646
-0.234441
 -5.08196
-0.892456
0.0480112
0.0584664
-0.302255
-0.252638
 -5.06067
-0.887227
 0.045872
0.0550972
-0.306867
-0.234111
 -5.08349
-0.894687
0.0513792
0.0540739
-0.302408
-0.258208
 -5.07378
 -0.89258
0.0469288
0.0557291
-0.309047
-0.251061
 -5.08784
-0.894331
0.0389594
0.0567432
-0.294491
-0.264049
 -5.07539
 -0.89448
0.0424968
0.0574047
-0.303663
-0.251726
 -5.08059
 -0.89815
0.0515505
0.0566034
-0.312422
-0.255261
 -5.06655
-0.880363
0.0479124
0.0481921
-0.296468
  -0.2352
 -5.07523
-0.886641
0.0479295
0.0530119
-0.298145
 -0.24624
 -5.08456
 -0.89213
0.0416837
0.0475979
-0.302842
-0.240247
 -5.09323
-0.898198
0.0458817
0.0476693
-0.304262
-0.267421
 -5.07844
-0.890839
0.0365058
0.0548516
-0.299376
-0.267814
 -5.09124
-0.889299
0.0526397
0.0487389
-0.308444
-0.247684
 -5.08992
 -0.89391
0.0468852
0.0575063
-0.303536
-0.259118
 -5.08589
-0.893445
0.0501709
0.0553071
-0.307138
-0.261704
 -5.05722
-0.884618
0.0398362
0.0536943
-0.302187
-0.251485
 -5.06484
-0.887426
0.0512816
0.0458347
-0.311081
-0.249793
 -5.07061
-0.889246
0.0449654
0.0555706
 -0.31301
-0.231298
 -5.07399
-0.891374
0.0446084
0.0609248
-0.306634
-0.250486
 -5.09144
-0.897109
0.0425446
 0.048756
-0.296775
-0.262646
 -5.06932
-0.885729
0.0468497
0.0481482
-0.290521
-0.242107
  -5.0974
-0.898449
0.0474568
0.0464058
-0.303334
-0.246506
 -5.07124
-0.886388
0.0468512
0.0504491
-0.299512
-0.244177
 -5.08407
-0.893333
0.0415448
0.0542649
-0.301212
-0.245566
 -5.08354
-0.895019
0.0446991
0.0534667
-0.299233
-0.258109
  -5.0789
-0.897279
0.0460856
0.0544449
 -0.30868
-0.248003
 -5.07667
-0.897396
 0.044846
0.0593173
-0.305542
-0.250713
 -5.08525
-0.888009
 0.048142
0.0572781
-0.307908
-0.240788
 -5.07395
-0.892095
0.0457793
 0.055243
-0.312764
-0.252906
 -5.05726
-0.884929
0.0434761
0.0444527
-0.293705
-0.240565
 -5.06926
-0.886187
0.0421043
0.0505133
-0.300307
-0.257798
 -5.08045
-0.891372
0.0472258
0.0477338
-0.298692
-0.238536
 -5.07294
-0.887583
0.0459082
 0.057153
-0.302453
-0.235269
 -5.08549
-0.895714
0.0425118
0.0546146
-0.303278
-0.257947
 -5.09695
-0.898967
0.0481174
0.0557472
-0.301912
-0.265319
 -5.08905
-0.897905
0.0451234
0.0593646
 -0.30958
-0.242452
 -5.08704
-0.897186
0.0494102
0.0593286
-0.310601
-0.249425
 -5.06053
 -0.88788
0.0425175
0.0541864
-0.297266
-0.234586
 -5.07727
-0.895264
0.0503249
0.0507431
-0.306647
-0.256691
 -5.07083
-0.887748
0.0511144
0.0532553
-0.317617
-0.258221
 -5.07063
-0.888311
0.0522262
0.0546932
 -0.31779
-0.258573
 -5.05843
-0.887937
 0.045792
0.0523447
-0.302204
-0.239428
 -5.06145
-0.884508
  0.04576
0.0458217
-0.293105
-0.237726
 -5.09505
-0.898429
0.0483084
 0.055473
-0.300339
-0.253896
 -5.08172
 -0.89395
0.0436943
0.0567426
 -0.30034
-0.248596
 -5.09035
-0.892898
 0.044945
   0.0567
-0.310489
-0.244477
  -5.0803
-0.891614
0.0471178
0.0556154
-0.313088
-0.242807
 -5.08096
-0.897071
0.0473205
0.0576856
-0.309627
-0.240841
 -5.06954
-0.893526
0.0460252
0.0508955
-0.306727
-0.242824
  -5.0657
-0.892083
0.0525867
 0.044726
-0.300851
-0.247697
 -5.07963
-0.893939
0.0444953
0.0516769
-0.293034
-0.265144
 -5.07066
-0.888717
0.0514897
0.0481716
-0.302148
-0.240873
 -5.07801
-0.891407
0.0500494
0.0588233
 -0.30477
-0.259519
 -5.05665
   -0.886
 0.047849
0.0575455
-0.300691
-0.241246
 -5.05231
-0.887211
0.0446475
0.0594386
 -0.30782
-0.235049
 -5.05464
-0.886308
0.0469898
0.0564151
-0.306921
-0.229888
 -5.07233
-0.890459
0.0412415
0.0548508
-0.305224
-0.252361
 -5.07657
-0.889922
0.0480788
0.0535823
-0.311544
-0.247138
 -5.08827
-0.892962
0.0415505
0.0544393
-0.295786
 -0.24508
 -5.08382
-0.893875
0.0447597
0.0568154
-0.306449
-0.252731
 -5.08807
-0.892804
0.0456512
0.0597052
-0.301114
-0.261157
 -5.05431
-0.887427
  0.04661
0.0519501
-0.296296
  -0.2514
 -5.09011
-0.893597
0.0411409
0.0555811
-0.301487
-0.267865
 -5.06795
-0.890856
0.0491459
0.0538684
-0.302333
-0.246707
 -5.05438
 -0.88736
 0.048885
0.0481175
 -0.29839
-0.251367
 -5.04975
-0.881209
0.0422145
0.0548647
-0.301233
-0.234913
 -5.07135
-0.893548
0.0501221
  0.05168
-0.294191
-0.259337
 -5.06074
 -0.88745
0.0514687
0.0409058
-0.297069
-0.239293
 -5.05962
-0.892505
0.0437926
0.0453711
-0.308245
-0.241022
 -5.05964
-0.892369
0.0437784
0.0434276
-0.300589
-0.241211
  -5.0698
-0.892791
0.0494179
0.0458273
-0.309707
-0.242472
 -5.08544
-0.887568
 0.042293
0.0533669
-0.298323
-0.254305
  -5.0918
-0.895546
0.0518316
0.0490039
  -0.3089
-0.243587
 -5.07304
-0.888089
0.0495219
 0.045778
-0.302781
-0.228679
 -5.08854
-0.900155
 0.047196
0.0487949
-0.297363
-0.257757
 -5.05628
-0.887931
0.0467776
0.0523905
-0.297393
-0.244491
 -5.08942
-0.895997
0.0560666
0.0506486
-0.305437
-0.253619
 -5.07077
-0.887806
0.0465103
0.0549004
 -0.30693
-0.262992
 -5.06859
-0.889058
0.0503639
0.0469172
-0.308738
-0.243264
 -5.03937
 -0.88093
 0.048745
 0.051789
 -0.30262
-0.240884
  -5.0495
-0.890532
0.0447068
0.0549543
-0.307565
-0.239195
 -5.05787
-0.890188
0.0480481
0.0468859
-0.292479
-0.243248
 -5.08756
-0.896197
0.0402586
0.0477982
-0.293166
 -0.26268
 -5.08698
-0.898181
0.0415249
0.0548876
-0.303927
-0.256549
 -5.09106
 -0.89848
0.0426526
0.0534156
-0.303596
-0.258547
 -5.08318
-0.896898
 0.048513
0.0518216
-0.308995
-0.240516
 -5.08235
-0.891925
0.0470395
0.0480078
-0.300267
-0.249958
 -5.04574
-0.880432
0.0477526
0.0499723
 -0.29435
-0.235522
 -5.06148
-0.883783
0.0513516
0.0519633
-0.306496
-0.234965
 -5.06289
-0.886363
0.0457167
0.0548319
-0.300345
-0.240533
 -5.06681
-0.887898
0.0470648
 0.047053
-0.297363
-0.236293
  -5.0871
-0.896314
0.0501478
 0.059067
-0.299387
-0.265492
 -5.05975
-0.883103
0.0410226
0.0482412
-0.297348
-0.248356
 -5.07009
-0.891383
0.0394014
0.0590749
-0.309292
-0.232224
 -5.07215
-0.891019
0.0424459
0.0563301
-0.305275
-0.248131
 -5.07372
-0.892508
 0.048983
0.0558492
-0.310344
-0.260259
 -5.06602
-0.890512
0.0469855
0.0543015
-0.303707
-0.242031
 -5.07369
-0.892941
0.0479773
0.0492036
-0.295063
-0.256307
 -5.09162
-0.896159
0.0506673
 0.049246
-0.304245
-0.246293
  -5.0701
 -0.89063
0.0503773
0.0520808
-0.300547
-0.241865
 -5.07647
-0.889415
0.0547908
0.0563227
-0.305908
-0.242908
 -5.07688
-0.889218
0.0493739
0.0474025
-0.309458
-0.239973
 -5.06382
-0.883209
0.0511731
0.0464799
-0.313708
-0.247848
 -5.05644
-0.887395
0.0454888
0.0508701
-0.297459
-0.253304
 -5.05129
-0.882383
0.0487656
0.0545735
-0.289836
  -0.2429
 -5.07518
 -0.89489
0.0457921
0.0580528
-0.301125
-0.254498
 -5.07619
-0.891423
0.0391092
0.0575378
-0.297905
 -0.24793
 -5.06157
-0.891632
0.0435928
0.0591958
-0.306153
-0.242869
 -5.09596
-0.895075
0.0539772
0.0493378
-0.304651
-0.247716
 -5.08175
 -0.89426
0.0515871
0.0456888
-0.303024
-0.251237
 -5.06956
-0.892896
0.0472429
0.0597584
-0.312959
-0.233281
 -5.08123
-0.896384
0.0460143
0.0491926
-0.299306
-0.252163
 -5.05803
-0.889659
0.0491798
0.0475951
-0.301021
-0.242741
 -5.08327
-0.896302
0.0448423
0.0521471
-0.299434
-0.254133
 -5.07951
 -0.89482
 0.039109
0.0525916
-0.289792
-0.256233
  -5.0759
-0.892798
0.0411767
0.0541618
-0.308333
-0.262065
 -5.05024
-0.886837
0.0500702
 0.052918
-0.294737
-0.242688
 -5.05312
-0.883573
0.0499663
0.0533263
-0.296146
 -0.24306
 -5.07974
-0.893807
0.0493237
0.0491644
-0.299595
-0.249012
 -5.06292
 -0.88677
0.0389989
0.0551759
-0.301058
-0.242631
 -5.07879
 -0.88899
0.0478683
0.0523233
-0.301254
-0.255945
 -5.08835
-0.892641
0.0503811
0.0470956
-0.302328
-0.254247
 -5.07424
-0.891312
 0.044966
0.0510357
 -0.30069
-0.236796
 -5.06838
-0.890013
0.0426123
0.0516231
-0.303522
-0.238968
 -5.07043
-0.889601
0.0479374
0.0500729
-0.304331
-0.252523
 -5.07377
-0.892602
0.0469363
0.0557302
-0.309047
-0.251061
 -5.06734
-0.886134
0.0481963
0.0450888
-0.306619
-0.235114
 -5.07222
-0.890484
0.0514807
0.0512028
-0.302769
-0.243803
 -5.04342
-0.881394
0.0455526
0.0540308
-0.298898
-0.233716
 -5.05054
-0.886428
0.0467777
0.0472423
-0.294542
-0.242237
 -5.07805
-0.892157
0.0492157
0.0520719
-0.305716
-0.250543
 -5.06368
-0.891886
0.0481178
0.0499444
 -0.30402
 -0.24525
  -5.0468
-0.892944
0.0457742
0.0503322
-0.295739
-0.245659
 -5.08462
-0.890607
0.0479739
0.0544293
-0.308908
-0.255749
 -5.07594
-0.892662
0.0436747
0.0544893
-0.309033
 -0.24835
 -5.07022
 -0.89002
0.0493091
0.0547196
-0.299221
-0.236995
 -5.07374
-0.892511
0.0514956
0.0581214
-0.318699
-0.246355
 -5.06559
-0.892564
0.0437818
0.0540151
-0.301963
-0.238342
 -5.08149
-0.895424
0.0412996
0.0510183
-0.300996
-0.262852
 -5.07009
-0.891237
 0.041216
 0.053091
-0.304329
-0.255292
 -5.07413
-0.898466
0.0480128
0.0612466
-0.297306
-0.258866
  -5.0617
-0.890631
 0.048971
0.0563383
 -0.30174
-0.251969
 -5.05676
-0.885383
0.0486113
0.0561439
-0.302056
-0.259257
 -5.07248
 -0.89034
0.0457978
0.0471858
-0.309411
-0.252296
 -5.07434
 -0.89081
0.0458273
0.0516195
-0.309591
-0.250037
 -5.08019
-0.899495
0.0447613
0.0597682
-0.296073
-0.258474
   -5.055
-0.893704
0.0484531
0.0504923
-0.306021
-0.228752
 -5.08162
-0.895329
0.0438439
0.0473099
 -0.30273
-0.249073
 -5.08083
 -0.89004
0.0495525
 0.045305
-0.300347
-0.233314
 -5.06252
-0.887663
0.0433492
0.0562686
-0.294924
 -0.24814
 -5.05339
-0.883491
0.0468477
0.0525726
 -0.31491
-0.235264
 -5.06702
-0.886798
0.0467671
0.0502343
-0.305057
-0.249246
 -5.06176
-0.891075
0.0424818
0.0577585
-0.305982
-0.242516
 -5.05216
-0.887909
0.0432646
0.0555213
-0.304559
-0.251437
 -5.06849
-0.889197
0.0432131
0.0472427
-0.293583
-0.264135
  -5.0683
-0.890458
0.0456764
0.0430823
-0.299645
-0.257742
 -5.06595
-0.890561
0.0466312
0.0541354
-0.304186
-0.260362
 -5.07532
-0.894828
0.0503977
0.0513803
 -0.30908
-0.252048
 -5.05728
-0.884046
0.0512481
0.0498046
-0.304385
-0.240222
 -5.07001
-0.891415
0.0493667
0.0502743
-0.304463
-0.239734
 -5.05669
-0.886685
0.0445437
 0.047571
-0.289393
-0.243975
 -5.08679
-0.899323
0.0414676
0.0465123
-0.293979
-0.264246
 -5.06889
-0.888024
0.0457782
0.0478337
 -0.30642
-0.247175
 -5.05421
-0.888366
0.0413694
0.0538988
-0.296702
-0.235519
 -5.06781
 -0.89194
0.0438308
0.0577202
-0.310514
-0.235222
 -5.07017
-0.890118
0.0490932
0.0555881
-0.303348
-0.248357
 -5.05111
-0.884639
0.0456687
0.0431318
-0.295085
-0.241213
 -5.05996
-0.889432
0.0501882
0.0547878
-0.301172
 -0.24481
 -5.05775
-0.891281
0.0515486
0.0482327
-0.326402
-0.242751
 -5.06809
 -0.88992
0.0546697
0.0520452
-0.301568
-0.248839
 -5.07537
-0.894217
0.0470004
 0.056859
-0.301892
-0.249596
 -5.06098
-0.885353
0.0442668
0.0578989
-0.302049
-0.253933
 -5.07777
-0.893793
0.0448244
0.0522497
-0.311574
-0.250895
 -5.06182
-0.891601
0.0483379
0.0485308
-0.315024
-0.235771
  -5.0723
-0.890897
 0.047001
0.0486652
-0.309463
-0.248066
 -5.07501
-0.887815
0.0502102
0.0468251
 -0.29679
-0.249201
 -5.06397
-0.890096
0.0469695
 0.059924
-0.308992
 -0.23965
 -5.06428
 -0.88944
0.0458902
 0.052507
-0.302201
-0.239421
 -5.05899
-0.885582
 0.041022
0.0535883
-0.295918
  -0.2497
 -5.04906
-0.883967
0.0478603
0.0470125
-0.293774
-0.239053
 -5.06619
 -0.88177
0.0476633
0.0476575
-0.301034
-0.251753
 -5.08113
-0.895631
0.0489586
 0.057057
-0.303426
-0.267951
 -5.05439
-0.886795
0.0477373
0.0557436
-0.299916
-0.248759
 -5.07456
-0.888584
0.0510772
0.0601387
-0.310442
-0.258472
 -5.08556
-0.895035
0.0434982
0.0573743
-0.303249
-0.262277
 -5.06239
-0.897011
0.0460716
0.0524063
-0.302053
-0.243191
 -5.06999
-0.899923
0.0403994
0.0536727
-0.300621
-0.254859
 -5.05656
-0.886924
0.0469477
0.0577245
-0.312143
-0.234343
 -5.06387
-0.890577
0.0480266
0.0553411
-0.302664
-0.244709
 -5.06551
-0.884297
0.0500402
0.0511572
-0.309233
-0.248293
 -5.07358
 -0.89281
0.0525828
0.0556715
 -0.30356
-0.247085
 -5.05899
-0.885647
0.0410753
0.0545809
-0.299686
-0.247315
 -5.05365
-0.889656
0.0512454
0.0527572
-0.294011
-0.245964
 -5.05009
-0.887736
0.0445039
0.0537488
-0.291734
-0.242941
 -5.04847
-0.885774
0.0488836
0.0510818
-0.293349
-0.244661
 -5.07452
-0.890075
0.0444697
0.0471624
-0.298235
-0.261423
 -5.07616
-0.891762
0.0467311
0.0463601
-0.300948
 -0.26432
 -5.06087
-0.885697
0.0480037
0.0587546
-0.298913
-0.233791
 -5.05294
-0.884137
0.0511735
0.0548057
-0.296197
 -0.23883
 -5.07345
 -0.89399
0.0425215
0.0570485
-0.302328
 -0.24947
  -5.0548
-0.886362
 0.046952
0.0473117
-0.305343
-0.236726
 -5.07704
-0.888501
0.0479288
0.0429034
-0.298223
-0.255942
 -5.08211
-0.891892
0.0491008
0.0581843
-0.307029
-0.254516
 -5.06135
-0.884533
0.0501121
 0.049081
-0.306884
-0.244384
 -5.06882
-0.887718
0.0547941
0.0506292
-0.318189
-0.242536
  -5.0502
-0.886938
0.0523685
0.0560575
-0.307218
-0.240147
 -5.05399
 -0.88911
0.0468891
0.0565047
-0.319344
-0.242276
 -5.05798
-0.889906
0.0472453
0.0544906
-0.309992
-0.226451
 -5.07685
-0.896426
0.0524717
0.0535783
 -0.30711
-0.261978
  -5.0728
 -0.89743
0.0393727
0.0523158
-0.305828
-0.248518
 -5.06998
-0.891284
0.0435552
0.0603066
-0.315655
-0.248235
 -5.08972
-0.894505
 0.048011
0.0589454
-0.303708
-0.259471
 -5.07019
-0.889212
0.0544381
0.0587099
-0.305554
-0.257335
 -5.06465
-0.887763
0.0447516
0.0594041
-0.312097
-0.235953
 -5.05702
-0.884791
 0.047861
0.0548732
-0.301405
-0.240574
 -5.07445
-0.890089
0.0445651
 0.052232
-0.300848
 -0.25452
 -5.05089
-0.885223
0.0491172
0.0467577
-0.303851
-0.236827
 -5.06038
-0.889174
0.0472303
0.0471464
-0.309309
-0.230357
 -5.05108
-0.884206
0.0444401
0.0526596
-0.304387
   -0.243
 -5.07933
-0.887234
0.0490043
0.0503596
-0.310512
-0.254766
 -5.07475
-0.896686
0.0491424
0.0542544
 -0.30383
-0.260008
 -5.06055
-0.886995
0.0478723
0.0573093
-0.299473
-0.243563
 -5.07991
-0.892575
0.0491973
0.0555135
-0.302127
-0.250668
 -5.06349
-0.891876
 0.048078
 0.059008
-0.305717
-0.242994
  -5.0759
-0.893306
0.0526962
0.0369508
-0.297613
-0.251655
 -5.05238
-0.886926
0.0491435
0.0538655
-0.303316
-0.235239
 -5.05485
-0.885609
 0.047788
0.0490358
-0.301666
-0.248022
  -5.0592
-0.892906
0.0469564
 0.055041
-0.307523
 -0.24612
  -5.0605
-0.887442
0.0432155
0.0597167
-0.309139
-0.254671
 -5.06139
-0.893054
0.0458035
 0.051828
-0.317497
-0.252355
 -5.04748
-0.882472
0.0455758
 0.045682
 -0.29987
-0.240486
 -5.05497
-0.884427
0.0478943
0.0614878
-0.310459
-0.235808
 -5.05739
-0.892772
 0.042666
0.0522295
-0.312643
-0.238961
 -5.05405
-0.888714
0.0492669
0.0529019
-0.304852
 -0.23352
 -5.06786
-0.891412
0.0503541
0.0503212
-0.299652
-0.244797
 -5.05821
-0.888089
0.0456848
0.0633111
-0.311676
-0.241568
 -5.05046
-0.885753
0.0455262
0.0579107
-0.291264
 -0.24208
 -5.06912
-0.894925
0.0435389
0.0532426
-0.305313
-0.257211
 -5.06743
-0.885674
0.0446362
0.0474006
-0.304593
-0.243959
 -5.06806
-0.882657
0.0408856
0.0523946
-0.302046
-0.256173
 -5.04616
-0.887492
 0.045665
0.0483044
-0.299081
-0.243042
 -5.06726
-0.894339
0.0458266
0.0490525
-0.306071
-0.254921
 -5.04061
-0.884599
0.0455151
0.0475609
-0.291108
-0.242632
 -5.07775
-0.894461
0.0392768
0.0451575
-0.294296
 -0.25146
 -5.05651
-0.887436
0.0459077
  0.05203
-0.300749
-0.232588
   -5.054
-0.888502
0.0512114
0.0510361
-0.298613
 -0.24749
   -5.072
-0.890491
0.0488425
0.0579532
-0.296231
-0.260034
 -5.07037
 -0.89862
0.0471108
0.0504667
-0.317089
-0.256231
 -5.08204
-0.892476
0.0480208
0.0534399
-0.299523
-0.254959
 -5.04506
-0.883091
0.0453979
0.0509988
-0.293136
-0.245933
 -5.07454
-0.889141
0.0502678
0.0555195
-0.302576
-0.245167
 -5.06629
-0.889904
0.0481557
0.0490321
 -0.30563
-0.241646
 -5.07002
-0.891808
0.0444787
0.0465778
-0.307869
-0.264713
 -5.04441
 -0.88578
  0.04569
0.0553304
-0.303926
-0.235473
 -5.05623
-0.887754
0.0535746
0.0549847
-0.308102
 -0.23982
 -5.06884
-0.886606
0.0476929
0.0624129
-0.308059
-0.253577
 -5.08158
 -0.89443
0.0493739
0.0555432
 -0.30743
-0.246564
 -5.07469
-0.888421
0.0487297
0.0509782
 -0.29146
-0.265719
 -5.06139
-0.892301
0.0468231
0.0586621
-0.316312
-0.252166
 -5.05955
-0.890633
 0.049959
0.0563852
-0.296928
-0.257032
 -5.07955
-0.893986
0.0470221
0.0589773
-0.304122
-0.248921
 -5.07073
-0.888396
0.0480387
  0.05247
-0.307658
-0.244948
 -5.06179
-0.891569
0.0481094
 0.047455
-0.311495
-0.247322
 -5.07159
-0.892509
0.0500646
 0.055938
-0.305413
-0.260739
 -5.06672
-0.888734
 0.048027
0.0422403
-0.307619
-0.250075
  -5.0767
-0.889604
0.0504266
0.0459043
-0.298207
-0.242899
  -5.0738
-0.891462
0.0544977
0.0571111
-0.304656
-0.260259
 -5.04901
-0.883956
0.0523881
0.0503538
-0.307313
-0.236546
 -5.04869
-0.885172
0.0399137
0.0595573
-0.303072
 -0.24361
 -5.07492
-0.888556
0.0388272
0.0526606
-0.302246
-0.260275
 -5.05728
-0.893401
0.0394904
0.0514026
-0.302804
 -0.23027
 -5.06173
-0.890871
0.0469432
0.0581641
-0.308097
-0.242582
 -5.07243
-0.898286
0.0482411
0.0517213
  -0.3105
 -0.25384
 -5.05683
-0.886152
0.0499261
0.0464693
-0.309102
-0.257028
 -5.06152
  -0.8912
0.0501775
0.0578191
-0.301792
-0.247738
 -5.07058
-0.896652
0.0433879
0.0602668
-0.305017
-0.264788
 -5.07352
-0.893094
0.0501049
 0.057288
-0.310516
-0.260612
 -5.05158
-0.890885
0.0492044
 0.046654
 -0.30932
-0.243773
 -5.05505
-0.884366
0.0501697
0.0576554
-0.312552
-0.235776
 -5.08164
-0.893493
0.0524751
0.0565185
-0.300924
-0.255696
 -5.07383
-0.891438
0.0522571
0.0549646
-0.295943
-0.260414
 -5.05232
-0.887269
0.0467167
0.0564754
 -0.31404
 -0.24638
 -5.05646
-0.887294
0.0503253
0.0533864
-0.306753
-0.234852
 -5.04868
-0.885512
0.0432823
0.0501905
-0.294949
-0.246439
 -5.06876
-0.896398
0.0414156
0.0576999
-0.311075
-0.253078
 -5.04902
-0.891951
0.0546944
0.0507713
-0.309678
-0.247189
 -5.04476
-0.885018
0.0466551
0.0430044
-0.295699
-0.246762
 -5.07594
-0.892379
0.0458553
0.0517549
-0.298667
-0.250957
 -5.05249
-0.878491
0.0454337
0.0528369
-0.305027
-0.240189
 -5.03765
-0.887247
0.0488176
0.0570425
-0.301234
-0.248696
 -5.02484
-0.872176
0.0561843
0.0491419
-0.300441
-0.241247
 -5.00911
-0.894766
0.0385972
 0.051833
-0.299926
-0.259634
 -4.95289
-0.861763
 0.049836
0.0503762
-0.300523
-0.233205
 -4.95332
-0.875591
0.0555271
0.0524761
-0.293237
-0.251623
 -4.91855
-0.857819
0.0480299
0.0488783
-0.293613
 -0.25165
 -4.90469
-0.864258
0.0439361
0.0516511
-0.310513
 -0.24405
 -4.87607
 -0.84589
0.0455352
0.0455854
-0.295482
 -0.23719
 -4.84239
-0.845641
0.0632409
0.0539152
-0.287783
-0.224053
 -4.84606
-0.849818
0.0272261
0.0548944
-0.277052
-0.244658
 -4.78083
-0.836984
 0.037568
0.0469578
-0.288255
-0.248856
 -4.71976
-0.831337
0.0529856
0.0462293
-0.286891
-0.231484
 -4.68438
-0.812647
0.0685457
0.0532793
-0.275957
-0.239729
 -4.60445
-0.812665
 0.029056
0.0464436
-0.269235
-0.231343
 -4.50868
-0.804379
0.0484819
0.0420165
-0.251425
-0.208524
 -4.46891
-0.763788
0.0441112
0.0452093
-0.258881
 -0.23061
 -4.40105
-0.785421
0.0570549
0.0494129
 -0.25341
-0.203877
 -4.34569
-0.759565
0.0412094
0.0421324
-0.252301
-0.209042
 -4.32287
-0.766937
0.0534038
0.0383826
-0.241099
-0.209386
 -4.27905
-0.744304
 0.028806
0.0457356
-0.243831
-0.202856
 -4.24264
-0.754798
0.0577652
0.0467668
-0.243511
-0.204575
 -4.17593
-0.715348
0.0451891
0.0455098
-0.232655
-0.184806
 -4.10739
-0.724049
0.0311649
0.0543078
-0.228207
-0.196668
 -4.06622
-0.730828
0.0600171
0.0327078
-0.229672
-0.199207
 -4.04753
-0.721295
0.0584531
0.0466549
-0.223984
 -0.19041
 -4.02466
 -0.68089
0.0481544
0.0385639
-0.217182
-0.192333
 -3.98996
-0.730504
 0.026072
0.0417808
-0.224736
-0.204493
 -3.96147
-0.693089
0.0563324
0.0332511
-0.214027
-0.180947
 -3.98283
-0.683983
0.0270735
0.0391001
-0.215199
-0.186386
 -3.97706
-0.712531
0.0707537
0.0421885
-0.231437
-0.174663
  -3.9973
-0.683622
0.0373761
0.0361314
-0.214265
-0.182774
 -4.01809
-0.716518
 0.035452
0.0447645
-0.216273
-0.174902
 -4.05821
-0.694564
0.0613402
0.0455255
-0.225724
-0.197571
 -4.04567
-0.713064
0.0454691
0.0466787
-0.222902
-0.186317
  -4.0625
-0.729567
0.0461638
0.0402939
-0.229843
-0.191696
  -4.0823
-0.707234
0.0544444
0.0427825
-0.227793
-0.190903
 -4.08345
-0.721274
0.0363208
0.0401273
-0.225096
-0.175761
 -4.11689
-0.743432
0.0443987
0.0489036
-0.224492
-0.205537
 -4.13745
-0.703215
0.0435082
0.0445774
-0.233619
-0.190768
 -4.15454
-0.759836
0.0501438
0.0442469
-0.246616
-0.189755
 -4.18005
-0.716564
0.0342536
0.0401955
-0.227163
-0.186924
  -4.1873
-0.763445
0.0370067
0.0305383
-0.233143
-0.196246
  -4.2137
-0.729799
0.0627232
0.0325813
-0.231029
-0.197147
  -4.2242
 -0.75619
0.0357729
0.0379141
-0.230086
-0.195346
  -4.2544
-0.749712
0.0511777
 0.045257
-0.235252
-0.196248
 -4.26142
-0.756753
0.0244314
0.0413182
-0.216274
-0.204756
 -4.25663
-0.750829
0.0300858
0.0433095
-0.230796
-0.200033
 -4.27752
 -0.74371
0.0248403
0.0309855
-0.235613
-0.191342
 -4.30779
 -0.76193
0.0400251
0.0375984
-0.231412
-0.190329
 -4.28491
-0.767639
0.0759676
0.0397021
-0.234294
-0.183776
 -4.32168
-0.755998
0.0344215
0.0452903
-0.243724
-0.203511
  -4.3417
-0.783671
 0.037819
0.0457824
-0.237208
-0.198331
 -4.33633
 -0.77974
0.0525093
0.0440064
-0.248694
-0.185987
 -4.37058
-0.775569
0.0412198
0.0495835
-0.243959
-0.195586
 -4.37766
-0.796589
0.0576165
0.0420429
-0.249177
-0.202897
  -4.3863
 -0.77125
0.0435892
0.0434311
-0.252464
-0.196149
 -4.37881
-0.775968
0.0437313
0.0496397
-0.254489
-0.187833
  -4.3772
-0.780503
0.0627452
0.0533731
-0.254683
-0.191193
 -4.39584
-0.783366
0.0349736
0.0465522
-0.251009
-0.193477
 -4.42061
-0.791894
0.0420098
0.0435442
 -0.24837
-0.192628
 -4.43316
-0.781886
0.0470967
0.0488794
-0.240769
-0.193929
 -4.46021
-0.799824
0.0309529
0.0459202
-0.241444
-0.202688
  -4.4768
-0.806684
0.0503488
0.0528541
-0.256967
-0.190627
    -4.48177
   -0.791807
-0.000971677
    0.041993
   -0.246712
   -0.173742
 -4.49074
-0.794919
 0.020375
0.0518784
-0.253446
-0.177423
 -4.54498
-0.850368
0.0446778
0.0515425
-0.259872
-0.190986
 -4.55396
-0.803869
0.0624389
0.0577906
  -0.2635
-0.178343
 -4.57554
-0.809326
0.0629013
0.0517658
-0.272377
-0.194054
  -4.59589
 -0.833412
0.00866717
 0.0400797
 -0.267325
 -0.179446
 -4.61908
-0.845298
0.0427505
0.0441489
-0.268034
-0.186379
  -4.6391
-0.821254
0.0581928
0.0547376
-0.274984
-0.166615
 -4.66666
-0.846549
0.0287674
 0.047057
-0.267696
-0.192074
 -4.68682
-0.840006
0.0366108
0.0517747
-0.278674
-0.177484
 -4.72175
-0.857127
0.0596946
0.0436985
-0.285046
 -0.17987
 -4.74039
-0.867144
0.0418429
 0.041619
-0.290778
-0.199411
 -4.77037
-0.853826
0.0570802
0.0414181
-0.288335
-0.190433
  -4.7899
-0.884771
0.0266817
0.0595043
-0.285088
-0.185058
 -4.79891
-0.867055
0.0138168
0.0489326
-0.281107
 -0.18644
 -4.81958
-0.884633
0.0123747
0.0462363
-0.284514
-0.184974
 -4.84224
 -0.87787
0.0133183
0.0389328
-0.292762
-0.178751
 -4.85778
-0.875947
0.0711927
0.0542288
-0.296223
 -0.18366
 -4.89325
-0.919545
0.0410209
 0.052687
-0.293483
-0.188981
 -4.91278
-0.925956
0.0441384
0.0372137
-0.304098
-0.189209
 -4.92661
-0.919802
0.0444662
 0.040124
-0.291348
 -0.18287
 -4.98115
-0.908971
0.0357254
0.0523166
-0.310974
-0.190837
 -5.01813
-0.915863
0.0666569
0.0532298
-0.302938
-0.193795
 -5.05104
-0.944643
0.0311621
 0.060948
-0.308151
-0.194286
 -5.06914
-0.913181
0.0449122
0.0549364
-0.312416
 -0.18243
 -5.12245
-0.963895
0.0575306
0.0626565
-0.310157
-0.200351
 -5.14206
-0.930424
0.0233317
0.0520417
 -0.29576
-0.178586
  -5.1985
-0.943986
0.0416901
0.0569315
-0.310395
-0.171736
 -5.24161
-0.998047
0.0206075
0.0554168
-0.319339
-0.183427
 -5.27878
 -1.00412
0.0542121
0.0543691
-0.309346
-0.183917
 -5.31829
-0.987257
0.0522249
0.0546589
-0.311799
-0.175751
 -5.30189
-0.987198
 0.047776
0.0500242
-0.311987
-0.179792
 -5.33869
 -1.02307
0.0437557
0.0527029
 -0.31759
-0.184821
 -5.35908
 -1.00192
0.0224892
0.0489538
 -0.32641
-0.173382
 -5.39576
 -1.00898
0.0567901
0.0616358
-0.324822
-0.162922
 -5.44434
 -1.03149
0.0444374
 0.063854
-0.332838
-0.173571
 -5.44788
 -1.00992
0.0473478
0.0510197
-0.332715
-0.158601
 -5.47614
 -1.01377
0.0295153
0.0547566
-0.326211
-0.170136
 -5.48585
 -1.00155
0.0103116
0.0497519
-0.314316
-0.160349
 -5.54182
 -1.06054
0.0201721
0.0453374
 -0.33608
 -0.16482
  -5.5749
 -1.03095
0.0625158
0.0611215
-0.344187
-0.167566
 -5.58331
 -1.07415
0.0344811
0.0692281
-0.342048
-0.157831
 -5.62399
 -1.07914
0.0353153
0.0511956
-0.345753
-0.157267
  -5.6955
 -1.08251
0.0383385
0.0636881
 -0.35956
-0.156902
 -5.74886
 -1.13368
0.0528047
0.0676772
-0.370989
-0.172437
 -5.78164
 -1.10137
0.0591576
0.0703307
-0.378908
-0.160407
 -5.82885
  -1.1297
0.0541772
0.0635761
-0.379804
-0.158407
 -5.88263
 -1.12041
0.0629838
0.0768133
 -0.39973
-0.163503
 -5.90662
  -1.1368
0.0261427
0.0661948
 -0.40098
-0.154575
 -5.95661
 -1.12714
0.0167726
0.0711105
-0.387307
-0.173793
 -5.98375
 -1.20196
0.0224475
0.0679472
-0.393362
-0.177869
 -5.99325
 -1.16915
0.0594435
0.0716298
-0.405154
 -0.16062
 -6.05631
 -1.14146
0.0628599
0.0621016
-0.406759
-0.151531
 -6.09413
 -1.20744
0.0429828
0.0708333
-0.411273
-0.162794
 -6.15285
 -1.23043
0.0464909
0.0639459
-0.411556
-0.161867
 -6.19548
 -1.17632
0.0440708
0.0595284
-0.412854
-0.151894
 -6.22943
 -1.23819
0.0609427
0.0617201
-0.402017
-0.164201
  -6.2876
 -1.20518
  0.04114
0.0723604
-0.407961
-0.158993
 -6.31995
 -1.25118
 0.038417
0.0683592
-0.409926
-0.160244
 -6.30226
 -1.23106
0.0390904
0.0658384
-0.412285
-0.136914
  -6.3557
 -1.22957
 -0.03247
0.0684769
-0.399486
-0.163151
 -6.39524
 -1.33287
0.0434046
0.0609933
-0.417069
-0.166445
 -6.43882
 -1.24782
0.0522368
0.0700322
-0.421493
-0.138162
 -6.47019
 -1.28786
0.0664324
0.0718579
-0.437109
-0.135051
 -6.49925
 -1.33189
0.0447669
0.0663466
-0.431445
-0.137383
 -6.58055
 -1.32014
0.0571316
0.0739018
-0.431565
-0.132092
 -6.62742
 -1.33002
0.0879611
0.0745428
-0.454747
-0.127311
 -6.65454
 -1.36458
0.0610999
 0.077385
-0.442291
-0.129992
 -6.69392
 -1.32635
0.0335731
0.0662739
-0.435663
-0.101515
 -6.73457
 -1.35229
0.0433513
0.0849142
-0.437999
-0.109309
 -6.76259
 -1.36836
0.0165764
0.0716826
-0.435489
-0.102729
   -6.821
 -1.36606
 0.036762
0.0654699
-0.441146
 -0.10236
 -6.86092
  -1.4037
 0.039394
0.0883268
-0.447625
-0.108346
  -6.89054
  -1.37028
 0.0262709
 0.0768037
 -0.442115
-0.0839149
  -6.95031
  -1.42985
 0.0378449
 0.0808448
 -0.469396
-0.0994549
  -7.04737
  -1.45667
 0.0364499
 0.0839062
 -0.470164
-0.0955569
 -7.16631
 -1.47886
0.0423304
0.0823104
-0.486491
-0.111879
   -7.2869
  -1.53631
  0.047977
 0.0877788
 -0.504827
-0.0963013
  -7.38765
  -1.51467
 0.0552005
 0.0872921
 -0.515548
-0.0832023
  -7.48386
   -1.5975
 0.0378255
 0.0834702
 -0.532462
-0.0994301
  -7.60376
  -1.56296
 0.0595834
 0.0994238
  -0.54523
-0.0765934
  -7.70639
  -1.62085
 0.0282969
 0.0955036
 -0.547813
-0.0756809
   -7.8292
  -1.71887
 0.0431074
 0.0994251
 -0.578581
-0.0880327
  -7.87509
  -1.66521
 0.0673793
  0.106164
 -0.580417
-0.0634411
  -7.93107
  -1.66027
 0.0460136
 0.0922256
 -0.584528
-0.0530449
  -7.96716
  -1.73255
 0.0425816
  0.100694
 -0.587526
-0.0272689
  -8.01516
  -1.70658
 0.0282698
  0.104005
 -0.584852
-0.0500016
  -8.06853
  -1.77515
 0.0435507
  0.102372
 -0.595507
-0.0530402
  -8.13848
  -1.73578
 0.0441554
  0.103074
 -0.596159
-0.0285793
  -8.20637
   -1.7806
 0.0428285
 0.0989669
 -0.593587
-0.0206401
   -8.25409
   -1.80751
  0.0194855
   0.103481
  -0.590572
-0.00340414
   -8.32083
   -1.80657
  0.0168435
   0.102652
  -0.596885
-0.00142183
  -8.3484
 -1.80368
0.0220196
 0.104649
-0.596011
0.0120454
 -8.47826
 -1.91618
0.0263889
 0.107507
-0.619563
0.0101468
 -8.50954
 -1.88012
0.0584945
 0.105377
-0.627446
0.0407701
 -8.58007
 -1.88143
0.0438508
 0.107419
-0.637913
 0.038282
 -8.67724
 -1.94318
0.0292608
 0.108446
-0.644104
0.0587923
 -8.73358
 -1.96606
0.0381306
  0.11495
-0.658704
0.0572126
 -8.86006
 -1.98464
0.0178253
 0.119016
-0.664116
0.0604256
 -8.98357
 -2.04643
0.0309165
 0.124807
-0.684335
0.0716668
 -9.09008
 -2.05217
0.0435269
 0.122832
-0.703978
 0.104788
 -9.22774
 -2.11591
0.0486104
 0.127586
-0.718218
 0.107896
 -9.33923
 -2.13581
0.0375929
 0.136581
-0.732771
 0.133787
 -9.46814
 -2.18768
0.0247472
 0.127126
 -0.74581
 0.149455
   -9.59265
   -2.19783
-0.00362562
   0.136293
  -0.760093
   0.143542
 -9.78003
  -2.3179
0.0288063
 0.147726
-0.772842
 0.170693
 -9.98122
 -2.34236
0.0483899
 0.146989
-0.801168
  0.17213
 -10.1028
 -2.34875
 0.031593
 0.142781
-0.811759
 0.217334
 -10.2758
 -2.47026
0.0319155
 0.153542
-0.828682
 0.193564
 -10.4222
 -2.49242
0.0336619
 0.142103
-0.845684
 0.210864
 -10.5618
 -2.53064
0.0334472
 0.169969
-0.869445
 0.247377
 -10.7086
 -2.60947
0.0322324
 0.167452
-0.885468
 0.270431
  -10.8698
  -2.62154
0.00824996
  0.175972
 -0.881961
  0.273899
 -11.0143
 -2.70953
0.0109261
 0.165411
-0.901852
 0.278576
 -11.1299
 -2.71149
0.0223179
 0.169143
-0.908751
 0.314192
 -11.2478
 -2.76933
0.0452262
 0.181059
-0.919752
 0.341848
    -11.3939
    -2.78689
-0.000236187
    0.172402
   -0.916466
    0.326318
 -11.0917
 -2.73246
0.0186385
 0.168431
-0.907059
 0.336941
 -10.8346
 -2.67996
0.0156482
 0.173395
-0.884977
 0.283762
 -10.5753
 -2.56051
0.0387264
 0.171887
-0.877917
  0.28394
 -10.2506
 -2.50544
0.0436488
  0.16547
-0.855411
 0.271733
 -10.0859
 -2.45006
0.0425969
 0.163906
-0.845455
 0.268208
 -9.94993
 -2.43442
0.0655675
 0.159561
-0.808279
 0.235889
 -9.75131
 -2.35933
0.0366778
 0.147908
-0.783304
 0.215711
 -9.62511
 -2.33984
0.0448328
 0.144328
-0.755946
 0.212751
   -9.448
 -2.28654
0.0230462
 0.138593
-0.744698
 0.221672
 -9.36141
 -2.26422
0.0520797
 0.142421
 -0.72723
 0.226403
  -9.2599
 -2.26412
0.0507862
 0.135955
-0.717922
 0.225565
 -9.15772
 -2.17539
0.0418075
 0.121601
-0.696274
 0.222434
  -8.9797
 -2.18794
0.0496521
 0.130714
-0.667788
 0.205142
 -8.86198
  -2.1345
0.0633846
 0.120883
-0.650839
 0.194097
  -8.6972
 -2.09917
0.0153088
  0.12336
-0.622801
 0.190031
  -8.5617
 -2.08089
0.0641752
 0.115414
-0.607163
 0.172381
 -8.36865
 -1.99814
0.0727432
 0.097975
-0.582944
 0.193498
 -7.97717
 -1.93436
0.0804668
 0.112255
-0.564775
 0.181831
 -7.93636
 -1.88948
0.0874645
 0.101877
-0.547564
 0.176358
 -7.80279
 -1.86856
0.0588795
 0.104057
-0.524251
 0.145554
 -7.63016
 -1.79466
0.0685951
0.0984497
-0.516887
 0.156282
 -7.48283
 -1.85315
0.0680507
0.0962352
-0.512174
 0.131715
 -7.31658
 -1.69575
0.0522536
0.0940475
-0.478082
 0.134259
 -7.10711
 -1.71196
0.0535365
0.0921423
-0.463831
 0.135252
 -7.01083
 -1.65375
 0.096144
0.0854548
-0.465706
  0.12806
   -6.823
 -1.62963
 0.030973
0.0790169
-0.437685
 0.105523
 -6.59316
 -1.58969
0.0809551
0.0781757
-0.420298
 0.100057
 -6.41322
  -1.5061
0.0490674
0.0828784
-0.415779
 0.114261
 -6.25943
 -1.51227
0.0845398
0.0742897
-0.392266
0.0878781
 -6.11492
 -1.40141
0.0635784
0.0790306
-0.382197
0.0770244
 -5.90325
 -1.41079
0.0533647
0.0731339
-0.356682
0.0834885
 -5.73158
 -1.33182
0.0725427
0.0710099
-0.353969
0.0779084
 -5.60552
 -1.33264
0.0440146
0.0633382
 -0.33862
0.0885851
 -5.45743
 -1.24751
0.0853363
0.0713565
-0.331514
0.0734943
 -5.33551
 -1.27204
0.0740804
0.0634933
-0.322802
0.0706492
 -5.17148
 -1.18191
  0.05511
0.0596725
-0.296327
0.0815229
 -5.03706
 -1.18873
0.0505933
0.0535379
-0.280832
 0.066474
 -4.92472
  -1.1383
0.0568624
0.0637952
-0.278397
0.0690566
 -4.79601
    -1.13
0.0735318
0.0474364
-0.269687
0.0586474
 -4.70218
 -1.08205
0.0690984
0.0478194
-0.264308
0.0674006
 -4.57979
 -1.03895
0.0614638
0.0567098
-0.246411
0.0402923
 -4.44833
 -1.05076
0.0676875
0.0466242
-0.243146
0.0437949
 -4.35053
-0.995074
0.0381272
0.0495774
-0.229493
0.0406635
  -4.1832
-0.963353
0.0907939
 0.042122
-0.224375
0.0414478
 -4.06113
-0.914332
0.0603159
0.0397876
 -0.22057
 0.034966
 -3.91346
  -0.9144
0.0670513
0.0468453
-0.213595
 0.037025
 -3.79663
-0.859253
  0.05985
0.0426618
-0.204243
0.0394891
 -3.68878
-0.836834
0.0379807
0.0242448
  -0.1932
  0.01949
 -3.59745
-0.859068
0.0481482
0.0451671
-0.183869
0.0222149
 -3.50379
-0.758582
0.0813479
0.0322437
 -0.18246
 0.033056
  -3.38936
 -0.778049
 0.0472971
 0.0363733
 -0.168702
0.00223914
 -3.28648
-0.756235
0.0661295
0.0418707
-0.174735
0.0152052
 -3.19482
-0.745767
0.0205441
0.0231239
-0.151089
0.0107617
   -3.09665
  -0.695561
   0.047988
  0.0239225
  -0.147213
-0.00225118
  -3.00013
 -0.706883
 0.0624279
 0.0259789
 -0.143809
0.00278524
    -2.9286
  -0.635083
  0.0672317
  0.0251723
  -0.139687
-0.00265997
 -2.82236
-0.630532
0.0523384
0.0147121
-0.123764
0.0166778
 -2.75529
-0.623478
0.0672818
0.0216267
-0.137027
0.0206145
 -2.69134
 -0.59703
0.0522476
0.0299842
-0.131055
0.0118909
   -2.59815
  -0.570997
  0.0493916
   0.027321
  -0.114628
-0.00147082
  -2.49691
 -0.568846
 0.0600889
 0.0271509
 -0.125472
0.00313289
 -2.41459
-0.514846
0.0813652
0.0192608
-0.117597
0.0123868
   -2.34407
    -0.5242
  0.0550864
  0.0218458
 -0.0992658
-0.00668225
  -2.25012
 -0.495273
  0.026825
 0.0291945
  -0.10638
0.00861956
   -2.18226
  -0.508595
     0.0389
  0.0217005
 -0.0915914
-0.00690036
      -2.107
   -0.458309
    0.065824
   0.0248334
  -0.0932362
-0.000853499
  -2.02834
 -0.450002
 0.0551317
 0.0224913
-0.0797101
0.00278104
  -1.98516
 -0.438368
 0.0756372
 0.0203665
-0.0727771
0.00395691
  -1.91802
 -0.437652
 0.0235057
 0.0140877
-0.0729426
-0.0147453
  -1.85023
 -0.417027
 0.0331129
  0.013171
-0.0679086
-0.0323687
  -1.79979
  -0.40873
 0.0607269
 0.0222091
-0.0771418
-0.0152005
  -1.74267
 -0.356298
 0.0508633
0.00965461
-0.0677347
-0.0133966
  -1.68403
 -0.389991
 0.0694718
 0.0143436
-0.0653227
 -0.014355
  -1.62954
 -0.346089
 0.0149595
 0.0139861
-0.0537623
 -0.020916
   -1.54037
  -0.375827
  0.0580923
  0.0159038
 -0.0513375
-0.00901016
  -1.51653
 -0.314224
  0.031901
 0.0224136
-0.0508632
-0.0231039
   -1.45519
  -0.292389
  0.0566208
   0.017313
 -0.0452559
-0.00803778
   -1.4047
 -0.310643
 0.0793307
 0.0134939
-0.0547287
-0.0120017
  -1.33712
 -0.295742
 0.0113248
 0.0110356
-0.0394635
-0.0169752
  -1.31484
 -0.289295
 0.0612405
 0.0145552
-0.0440977
 -0.010023
  -1.28309
 -0.281445
 0.0804857
  0.015771
-0.0444253
-0.0272896
  -1.23362
 -0.265912
 0.0550266
0.00650508
-0.0275986
-0.0275114
 -1.19973
-0.278551
0.0273444
0.0215886
-0.041512
-0.021908
  -1.14633
 -0.239975
 0.0638259
 0.0215434
-0.0400488
-0.0100822
   -1.1182
 -0.198909
0.00724444
 0.0179224
-0.0301175
-0.0260529
  -1.04711
 -0.257578
 0.0368301
 0.0144928
-0.0255267
-0.0224315
  -1.04618
 -0.202314
 0.0515588
0.00765545
-0.0360516
-0.0269254
  -1.02073
  -0.23077
 0.0358538
0.00950161
-0.0257253
-0.0153038
  -1.00924
 -0.225583
 0.0556161
0.00828915
-0.0360931
-0.0195162
  -0.960832
  -0.187002
  0.0383871
  0.0141599
 -0.0175591
-0.00949121
 -0.942412
 -0.227585
 0.0529857
0.00880599
-0.0393575
  -0.02367
 -0.907223
 -0.201502
 0.0528996
 0.0101777
-0.0207412
-0.0210315
  -0.91932
 -0.204815
 0.0310135
 0.0177062
-0.0402024
-0.0101394
 -0.886391
 -0.185163
 0.0613314
0.00704086
 -0.034215
-0.0158752
 -0.850298
 -0.187464
 0.0652413
   0.00479
-0.0137149
-0.0337176
 -0.825024
 -0.206032
 0.0649167
0.00802668
-0.0218607
-0.0176186
  -0.804492
  -0.148105
  0.0473813
 0.00987602
  -0.024328
-0.00354849
  -0.77447
 -0.165845
-0.0237339
 0.0115932
-0.0149193
-0.0120044
 -0.768785
 -0.216575
 0.0516894
0.00652275
 -0.019831
-0.0149225
 -0.765342
 -0.136886
 0.0665897
0.00595016
-0.0163823
-0.0180933
 -0.731837
 -0.163034
 0.0616778
 0.0160945
-0.0246572
-0.0178054
 -0.717018
 -0.166488
 0.0401584
0.00612559
-0.0196231
-0.0384797
   -0.6958
  -0.16027
 0.0288372
 0.0153724
-0.0166776
-0.0239968
 -0.619168
 -0.182786
 0.0592893
 0.0132432
-0.0249521
-0.0267156
 -0.603185
 -0.122466
 0.0572486
0.00898428
-0.0273858
-0.0140445
 -0.616246
 -0.111163
  0.052176
 0.0143397
-0.0190705
-0.0210434
  -0.56335
 -0.121935
 0.0747501
 0.0157011
 -0.020251
-0.0106885
 -0.543659
-0.0910504
-0.0160202
 0.0177526
-0.0105016
-0.0240064
 -0.535449
 -0.164305
 0.0169304
 0.0102381
-0.0111216
-0.0149473
 -0.523994
-0.0798025
  0.075118
 0.0157965
-0.0262932
-0.0162245
 -0.515682
-0.0840666
 0.0328413
0.00715654
-0.0222858
-0.0193123
 -0.497622
 -0.127787
-0.0149628
0.00115253
  -0.01718
-0.0302718
 -0.509426
 -0.116052
 0.0458273
 0.0112819
-0.0238936
-0.0356433
 -0.490809
 -0.121062
 0.0885557
  0.011169
-0.0291975
-0.0216684
  -0.437388
 -0.0797902
    0.05801
  0.0140681
 -0.0374103
-0.00926219
  -0.42822
-0.0990846
-0.0318517
0.00958683
-0.0217994
-0.0173867
 -0.413278
 -0.113387
 0.0163396
0.00926537
-0.0220819
 -0.026112
 -0.369085
-0.0810956
 0.0350359
0.00960448
-0.0308995
-0.0239437
 -0.355517
-0.0598761
 0.0364564
 0.0119803
 -0.019477
-0.0185031
  -0.37019
-0.0392317
 0.0790974
0.00899226
-0.0293993
-0.0319216
 -0.340754
 -0.120791
 0.0241088
 0.0136499
  -0.03013
-0.0178451
 -0.335178
-0.0594847
 0.0226039
0.00661499
-0.0171495
-0.0384162
 -0.287731
-0.0981545
 0.0509281
0.00996647
-0.0188661
-0.0132082
 -0.291727
-0.0748328
 0.0387743
 0.0137503
-0.0447517
-0.0255262
 -0.291731
-0.0643116
 0.0584231
 0.0187308
 -0.044193
  -0.02403
 -0.281875
 -0.113497
 0.0444138
 0.0185837
-0.0362362
-0.0270497
 -0.239958
-0.0542185
 0.0711046
 0.0180291
-0.0314699
-0.0221093
 -0.264387
-0.0527497
 0.0199195
 0.0120334
-0.0393867
-0.0268716
 -0.228387
-0.0807746
 0.0105817
 0.0178867
-0.0246163
-0.0237396
 -0.246654
-0.0454388
 0.0587957
 0.0190594
 -0.044282
-0.0115123
 -0.233238
-0.0601887
 0.0185184
 0.0201014
-0.0295002
-0.0367547
 -0.221684
-0.0475081
 0.0416974
 0.0132349
-0.0456194
-0.0282312
 -0.216005
-0.0277456
 0.0396821
   0.01749
-0.0296274
-0.0316819
 -0.209259
  -0.05317
-0.0351748
 0.0180721
-0.0343873
 -0.026444
 -0.194874
-0.0713477
 0.0421514
 0.0154782
-0.0345714
-0.0361449
 -0.220986
-0.0563107
 0.0583957
 0.0191193
-0.0374461
-0.0405456
  -0.21465
-0.0225272
 0.0717374
 0.0173371
-0.0446194
-0.0374577
  -0.19824
-0.0412472
 0.0412447
   0.01273
-0.0292822
-0.0287115
 -0.169064
-0.0285455
0.00400016
  0.010507
-0.0304039
-0.0196828
 -0.202464
 -0.126602
 0.0115694
 0.0184872
-0.0299786
-0.0458187
 -0.219865
-0.0186855
 0.0797503
0.00758557
  -0.04548
-0.0261729
 -0.186765
 -0.076615
 0.0759545
 0.0112271
-0.0271614
-0.0232674
  -0.175798
 -0.0266042
-0.00279901
  0.0151025
 -0.0301507
 -0.0199568
 -0.167794
-0.0545322
-0.0478149
0.00871503
-0.0234326
-0.0340228
 -0.171168
-0.0375666
 0.0956723
 0.0137572
-0.0421049
-0.0235264
 -0.149753
-0.0261653
 0.0673821
0.00897538
-0.0334793
-0.0172623
  -0.167869
 -0.0440747
 -0.0134908
0.000205649
 -0.0335387
 -0.0328082
 -0.139895
-0.0505287
-0.0546966
 0.0100444
-0.0247387
-0.0259434
 -0.159217
-0.0520244
 0.0915715
 0.0184313
-0.0326035
-0.0227067
 -0.170419
-0.0270399
 0.0663562
0.00724957
-0.0474083
-0.0237828
 -0.132953
-0.0446078
  0.059772
0.00549279
-0.0383002
-0.0364459
 -0.100472
-0.0961452
-0.0032444
 0.0182412
-0.0319281
-0.0270052
 -0.112537
-0.0305527
0.00124991
 0.0146252
-0.0356881
 -0.027138
 -0.120263
-0.0519907
 0.0892986
0.00725797
-0.0486854
-0.0196963
 -0.114056
 -0.018575
 0.0710023
 0.0188778
-0.0495233
-0.0314954
  -0.112119
 -0.0406506
-0.00202171
  0.0135187
  -0.031595
 -0.0410346
 -0.133867
-0.0473298
-0.0216129
0.00681063
-0.0343435
-0.0403258
 -0.124248
-0.0296403
 0.0477232
 0.0104821
-0.0362437
-0.0506312
  -0.12136
  0.010236
 0.0611477
 0.0130948
-0.0312539
-0.0310118
  -0.106355
-0.00453565
  0.0194775
 0.00760196
 -0.0393057
 -0.0211063
 -0.0983818
  -0.054645
-0.00127038
  0.0131836
 -0.0361315
 -0.0261529
  -0.11519
-0.0508875
 0.0229091
 0.0202329
-0.0376518
 -0.039725
-0.0936084
 0.0128402
 0.0445685
0.00571675
-0.0418576
-0.0157575
-0.0929505
-0.0792878
 0.0664324
 0.0181542
-0.0523154
  -0.02989
 -0.102841
-0.0588201
 0.0333519
 0.0177146
 -0.052227
-0.0334542
-0.0806565
-0.0369379
 0.0672835
 0.0132885
-0.0405871
-0.0189251
-0.0996397
-0.0274635
 0.0622437
 0.0144872
-0.0500191
 -0.039141
-0.0941265
-0.0434112
 0.0407375
 0.0159593
-0.0526342
-0.0253831
-0.0937173
-0.0887449
 0.0076879
 0.0280533
-0.0499259
-0.0221106
-0.0998964
 0.0133058
 0.0479406
0.00814322
 -0.051138
-0.0146606
-0.0883279
-0.0661412
 0.0366039
 0.0213444
-0.0404651
-0.0415405
 -0.107679
-0.0463665
 0.0494861
  0.015391
-0.0508903
-0.0417111
-0.0812155
-0.0166498
 0.0750205
 0.0183327
 -0.046205
-0.0394679
-0.0622227
-0.0383583
 0.0438587
 0.0118531
-0.0452743
-0.0158059
 -0.095071
0.00460272
-0.0289018
0.00418465
-0.0273951
-0.0206375
-0.0640056
-0.0789418
 0.0693881
 0.0126929
-0.0401364
-0.0360553
 -0.0668284
  0.0524544
-0.00945551
  0.0176896
 -0.0297621
-0.00738894
 -0.079539
-0.0504458
 0.0607665
 0.0114865
-0.0389535
-0.0319423
-0.0802655
-0.0647987
 0.0503805
 0.0218772
 -0.048958
-0.0148187
 -0.0643176
 0.00289562
  0.0347233
  0.0119857
 -0.0452624
-0.00960021
-0.0543441
0.00918244
-0.0171255
 0.0164397
-0.0475764
-0.0211351
-0.0312261
-0.0400477
 0.0144114
0.00918628
-0.0355003
-0.0305534
 -0.0573511
-0.00115146
  0.0110287
  0.0148968
 -0.0330485
 -0.0252879
-0.0483263
-0.0285211
 0.0342973
0.00355491
-0.0365864
-0.0286632
-0.0734356
 -0.026973
 0.0345263
 0.0153502
-0.0459626
-0.0178386
-0.0480565
-0.0244119
0.00202797
0.00311999
-0.0477926
-0.0200771
-0.0619414
-0.0287162
 0.0724667
 0.0121941
-0.0504327
-0.0195529
-0.0570511
-0.0561528
 0.0620812
 0.0284451
-0.0452297
-0.0189772
-0.0539968
 0.0384579
 0.0487882
 0.0161446
-0.0490754
-0.0201221
-0.0374024
-0.0784045
 0.0536056
 0.0148205
-0.0382816
-0.0359606
-0.0574639
-0.0668178
 0.0277084
 0.0116246
-0.0379173
-0.0359302
-0.0188306
 0.0151865
 0.0591407
 0.0187092
 -0.041539
-0.0314602
-0.0660177
-0.0218916
 0.0578321
 0.0119379
-0.0530517
-0.0173002
-0.0673876
-0.0769685
 0.0124121
 0.0278277
-0.0421314
-0.0340841
-0.0432493
-0.0063223
 0.0413038
 0.0100839
-0.0529954
-0.0279391
-0.0306049
 0.0105375
 0.0509466
0.00801863
-0.0353156
-0.0112619
-0.0361352
    0.0486
 0.0362572
0.00833086
-0.0352954
-0.0104166
-0.0306444
-0.0499486
 0.0280945
 0.0069671
-0.0398016
-0.0357821
-0.0165542
-0.0478624
 0.0404085
0.00436794
-0.0489328
-0.0276331
-0.0376528
0.00274994
 0.0197481
0.00731988
-0.0461267
-0.0280423
-0.0333224
-0.0292417
 0.0441096
 0.0138837
-0.0578898
-0.0352362
 -0.034309
 -0.040516
 0.0627394
 0.0184449
-0.0592689
-0.0138483
-0.0528752
-0.0179649
  0.031633
 0.0157628
 -0.050467
-0.0295472
-0.0252783
-0.0449946
 0.0312062
 0.0206473
-0.0378974
-0.0298927
-0.0469521
 0.0184284
 0.0549897
 0.0120148
-0.0509026
-0.0236453
-0.0430129
-0.0825705
 0.0393727
 0.0106006
-0.0361769
-0.0342172
-0.0392955
-0.0786661
 0.0625667
 0.0189083
-0.0552846
-0.0357631
-0.0342126
 0.0644335
 0.0121201
 0.0126993
-0.0394838
 -0.015633
 -0.041497
-0.0542927
  0.048455
 0.0135388
-0.0438931
-0.0306231
-0.0553725
  0.018186
 0.0392203
 0.0137511
-0.0444271
-0.0336324
-0.0507754
-0.0472572
-0.0151265
 0.0116361
-0.0333837
-0.0209299
-0.0395881
-0.0287674
 0.0431227
 0.0170861
-0.0523446
-0.0275786
-0.0591665
 0.0021398
 0.0724493
 0.0125638
-0.0532175
-0.0214635
 -0.027895
-0.0593043
 0.0371527
 0.0141513
 -0.029875
-0.0390976
-0.0716675
 0.0240924
 0.0302924
 0.0112622
-0.0546319
-0.0326551
-0.0634855
-0.0495765
 0.0370037
 0.0141287
-0.0321277
-0.0416639
-0.0437035
 0.0384433
 0.0489127
  0.012571
-0.0469286
-0.0122536
 -0.0719042
 -0.0323264
  0.0648778
-0.00345745
 -0.0493996
 -0.0264133
-0.0562263
  -0.05426
-0.0517002
0.00572727
-0.0452391
-0.0280207
-0.0638916
-0.0142441
 0.0418299
 0.0217622
-0.0566096
-0.0177228
-0.0811551
0.00708372
 0.0701599
 0.0128855
-0.0580382
-0.0254018
-0.0872024
-0.0370988
 0.0470433
 0.0130378
-0.0433594
-0.0331194
-0.0646661
-0.0445922
 0.0516898
0.00708501
-0.0451581
-0.0325573
  -0.083513
-0.00198828
  0.0518448
  0.0135415
 -0.0628702
 -0.0121665
 -0.091798
-0.0343793
 0.0596147
   0.01741
-0.0548619
-0.0155516
-0.0643137
-0.0121759
 0.0551292
 0.0082401
-0.0506654
-0.0266544
-0.0771817
-0.0354545
   0.04352
 0.0191204
-0.0454969
-0.0333618
-0.0464532
-0.0355952
 0.0335678
 0.0130582
-0.0453941
-0.0204795
-0.0437436
-0.0225016
 0.0320722
0.00637994
-0.0591745
-0.0209334
-0.0615327
-0.0260884
 0.0188337
 0.0131552
-0.0427778
-0.0204335
-0.0667425
-0.0206239
 0.0327762
0.00810291
-0.0425216
-0.0431716
 -0.0527678
 -0.0190335
  0.0321556
 0.00762012
 -0.0397866
-0.00977781
-0.0567289
-0.0195439
 0.0309342
 0.0118745
-0.0451403
-0.0162082
 -0.055112
-0.0261173
 0.0244239
 0.0166124
-0.0403445
-0.0147604
-0.0488519
-0.0253334
 0.0352784
 0.0150139
-0.0424252
-0.0270907
-0.0576916
-0.0235806
 0.0354073
 0.0115942
-0.0447436
-0.0228069
-0.0730406
 -0.036946
 0.0357816
  0.011518
-0.0489114
-0.0339425
-0.0784459
-0.0313176
 0.0421662
 0.0105395
-0.0515723
-0.0423616
-0.0543335
-0.0283342
 0.0411912
0.00978044
-0.0381649
-0.0190637
 -0.0723853
 -0.0318329
  0.0390338
0.000133852
 -0.0441199
 -0.0341464
-0.0635785
-0.0248757
 0.0379389
 0.0111139
-0.0416707
-0.0114725
-0.0637135
-0.0327365
 0.0323239
 0.0154111
-0.0474261
-0.0261286
-0.0870299
-0.0314008
 0.0313843
0.00987557
-0.0514173
-0.0270372
-0.0899763
-0.0357555
 0.0255555
 0.0156812
-0.0461217
-0.0447029
-0.0695104
-0.0261292
 0.0322523
 0.0153249
-0.0462371
-0.0200945
-0.0906352
-0.0418539
 0.0270574
 0.0111672
-0.0447826
 -0.038373
-0.0877186
-0.0360633
 0.0347041
  0.014864
-0.0491032
-0.0340195
  -0.05891
-0.0273309
 0.0345483
 0.0105689
-0.0455876
 -0.017436
-0.0830293
-0.0306762
 0.0346438
0.00379366
-0.0397048
-0.0299916
-0.0595476
-0.0240761
 0.0354364
 0.0160484
-0.0449194
-0.0205559
-0.0851404
 -0.029895
  0.036873
 0.0117336
-0.0482822
-0.0269785
-0.0930404
-0.0314822
 0.0459107
0.00399388
-0.0521457
-0.0316097
-0.0891174
-0.0379863
 0.0472802
 0.0183796
-0.0635225
-0.0234724
-0.0985436
-0.0338181
 0.0446437
 0.0122238
-0.0620046
-0.0431709
-0.0777414
-0.0336802
  0.040418
 0.0180614
-0.0396815
-0.0164364
-0.0895811
-0.0374025
 0.0314122
 0.0122115
 -0.049529
-0.0364952
 -0.093404
-0.0381163
 0.0380729
 0.0135263
-0.0553738
-0.0411118
-0.0906169
-0.0415035
  0.033934
 0.0118583
-0.0477237
-0.0293061
-0.0813339
-0.0291394
 0.0346486
0.00867629
-0.0533666
 -0.026755
-0.0593167
-0.0345159
 0.0281376
 0.0126078
-0.0469321
-0.0157881
-0.0792371
-0.0361604
 0.0413975
 0.0153064
-0.0466702
-0.0309459
-0.0807688
-0.0314479
 0.0393744
0.00644327
-0.0558859
-0.0188654
-0.0729238
 -0.019901
 0.0387937
 0.0181068
   -0.0463
-0.0171534
 -0.096863
-0.0319202
 0.0424135
 0.0151589
-0.0504903
-0.0359388
-0.0823473
-0.0235018
 0.0454269
 0.0150374
-0.0576197
-0.0336638
-0.0951531
-0.0310312
 0.0411973
 0.0111771
-0.0579103
-0.0422393
-0.0939307
 -0.027908
 0.0413821
0.00865656
-0.0528447
-0.0273375
-0.0743843
-0.0309199
 0.0415404
   0.01632
-0.0501626
-0.0129366
-0.0847673
-0.0310816
 0.0412216
  0.012607
-0.0586187
-0.0366258
-0.0857864
-0.0362713
 0.0337159
0.00765542
-0.0489572
-0.0319397
  -0.057308
 -0.0252098
  0.0289675
  0.0197782
 -0.0471229
-0.00951698
-0.0852649
-0.0376162
 0.0335011
 0.0162113
-0.0551049
-0.0416627
-0.0940421
-0.0442235
  0.035062
 0.0106903
-0.0432328
-0.0349643
-0.0859651
-0.0355978
 0.0348315
0.00641904
-0.0498428
-0.0316193
-0.0995853
-0.0375073
 0.0369055
 0.0197301
-0.0451642
-0.0404636
 -0.101278
 -0.032155
 0.0315692
 0.0113701
-0.0443391
-0.0236674
-0.0809986
-0.0214294
 0.0378695
  0.014134
-0.0522642
-0.0165979
-0.0856118
-0.0275519
 0.0424872
 0.0103523
-0.0431979
 -0.021716
 -0.103234
-0.0396716
 0.0395169
 0.0194588
-0.0487368
-0.0272878
-0.0863555
-0.0253905
 0.0403314
0.00773508
-0.0549916
-0.0177654
-0.0874404
-0.0293019
 0.0325565
 0.0131191
-0.0469516
-0.0193937
-0.0923632
-0.0336886
 0.0400507
 0.0133133
-0.0554167
-0.0461633
-0.0756962
-0.0335011
 0.0401605
 0.0223779
-0.0579136
-0.0297519
-0.0967446
-0.0334176
 0.0382378
0.00943852
-0.0494913
-0.0272432
-0.0912341
 -0.038894
 0.0316097
 0.0124277
-0.0383765
-0.0282446
-0.0952688
-0.0393352
 0.0326655
 0.0128462
-0.0458197
 -0.034639
-0.0667937
-0.0285249
 0.0356608
 0.0128725
-0.0430114
-0.0218134
-0.0701379
-0.0318332
 0.0424604
0.00742432
-0.0505266
-0.0275717
-0.0655258
-0.0337387
 0.0381415
 0.0155822
-0.0595091
-0.0193844
-0.0967285
-0.0416299
 0.0337607
 0.0122817
-0.0438767
-0.0402393
-0.0741713
-0.0318369
 0.0356147
  0.016962
-0.0476375
-0.0315201
-0.0840598
-0.0346299
 0.0334288
 0.0104583
-0.0553173
-0.0426383
-0.0720947
-0.0244573
 0.0380074
0.00721703
 -0.048322
-0.0145697
-0.0980451
-0.0364905
  0.035992
0.00990755
-0.0456046
-0.0331311
-0.0893412
-0.0297249
 0.0371059
 0.0158591
-0.0579419
-0.0169503
 -0.086726
-0.0315787
 0.0413039
 0.0129975
-0.0598374
-0.0343007
-0.0938586
-0.0364677
  0.032563
  0.018099
-0.0553919
-0.0331838
 -0.102239
 -0.036212
 0.0404422
 0.0102825
 -0.058761
-0.0368542
 -0.110831
-0.0349489
 0.0393973
 0.0101949
-0.0515065
-0.0331429
 -0.100391
-0.0357901
 0.0381319
0.00465281
-0.0537505
 -0.041461
-0.0897913
-0.0365638
 0.0349441
 0.0112476
 -0.051244
 -0.027038
-0.0817522
-0.0352421
 0.0314179
 0.0148097
-0.0431664
-0.0275279
-0.0669753
-0.0356982
 0.0393392
 0.0152678
-0.0409833
-0.0162587
-0.0985774
-0.0419859
 0.0360199
 0.0169177
-0.0451195
 -0.038017
-0.0896673
 -0.037061
 0.0383314
0.00885106
 -0.053507
-0.0273562
-0.0850627
-0.0312054
 0.0371211
0.00232279
-0.0505556
-0.0228571
-0.0805283
-0.0235286
 0.0424367
0.00389526
-0.0407391
 -0.018176
-0.0754212
-0.0271573
 0.0390816
 0.0100965
-0.0427943
 -0.020299
 -0.112147
-0.0379619
 0.0396097
  0.011953
-0.0522095
-0.0275157
-0.0848268
-0.0319149
 0.0381587
0.00565282
-0.0585049
-0.0276093
 -0.108056
-0.0376133
 0.0383367
 0.0123879
-0.0488923
-0.0324851
-0.0890968
-0.0389146
  0.037073
 0.0117226
-0.0482587
-0.0353179
-0.0780866
-0.0336681
 0.0323861
0.00968535
  -0.04654
-0.0339864
-0.0997533
 -0.038376
 0.0339794
0.00879025
-0.0459632
-0.0267959
-0.0770346
-0.0281627
 0.0423258
  0.017072
-0.0482152
-0.0252116
-0.0963472
-0.0341485
 0.0369535
 0.0206371
-0.0543165
-0.0320988
-0.0985872
-0.0340265
 0.0407069
 0.0180448
-0.0658095
-0.0154851
-0.0886669
-0.0325034
 0.0280882
 0.0184154
-0.0447442
 -0.022933
-0.0911348
-0.0302609
 0.0348616
 0.0241299
-0.0560345
-0.0147298
-0.0803804
-0.0325533
 0.0416078
0.00930335
-0.0562338
-0.0195715
 -0.112376
-0.0364787
 0.0439292
 0.0136726
-0.0541265
-0.0315598
 -0.101281
-0.0399688
 0.0360524
 0.0109801
-0.0439932
-0.0367281
-0.0990335
-0.0325832
 0.0280797
 0.0189206
-0.0516932
-0.0283605
-0.0964431
-0.0345832
 0.0405129
0.00827617
-0.0508687
 -0.027881
-0.0807892
-0.0308372
  0.035805
  0.011823
-0.0489428
-0.0255809
-0.0894469
-0.0289141
 0.0401274
 0.0136949
-0.0564731
-0.0327944
-0.0996395
 -0.038387
 0.0382319
 0.0119861
-0.0598618
-0.0380416
-0.0972915
-0.0391483
 0.0361451
 0.0182313
-0.0554862
-0.0273281
 -0.106153
-0.0370473
  0.040444
 0.0081084
-0.0498864
-0.0393563
 -0.101789
-0.0383425
 0.0396196
 0.0131813
-0.0693832
-0.0260455
-0.0963642
-0.0342573
 0.0347264
 0.0204361
-0.0532579
-0.0320653
-0.0865845
-0.0322888
 0.0380001
 0.0130867
-0.0540052
-0.0323882
-0.0850959
-0.0296697
 0.0369169
 0.0138563
-0.0394823
-0.0226434
 -0.105796
-0.0385715
 0.0359501
 0.0113238
 -0.050944
 -0.042163
 -0.100851
-0.0332921
 0.0336177
 0.0141492
-0.0449232
-0.0335397
 -0.101901
-0.0374233
 0.0381983
 0.0108177
-0.0493328
-0.0376797
  -0.11266
-0.0352039
 0.0438837
 0.0150363
-0.0538069
-0.0309537
 -0.102983
-0.0332573
 0.0349164
 0.0152982
-0.0545629
-0.0261262
 -0.104763
-0.0343752
 0.0338281
 0.0159414
-0.0511245
-0.0265057
-0.0727867
-0.0296137
 0.0301414
 0.0152291
-0.0396873
 -0.021454
 -0.100819
-0.0417416
 0.0396695
  0.012341
 -0.049074
-0.0261713
 -0.109013
-0.0420923
  0.036424
  0.018602
-0.0553621
-0.0227307
 -0.104283
-0.0358868
 0.0414841
 0.0115007
-0.0522924
-0.0390453
-0.0991465
 -0.041011
 0.0339441
0.00696468
-0.0506079
-0.0347879
-0.0988575
-0.0416568
 0.0351127
 0.0144223
-0.0572861
-0.0304428
-0.0969907
-0.0321039
  0.040384
 0.0119481
-0.0541184
-0.0288697
 -0.103055
-0.0323095
 0.0381059
 0.0163153
-0.0479369
-0.0306762
 -0.103518
-0.0311804
 0.0382083
 0.0105986
-0.0534516
-0.0275494
 -0.110972
-0.0350355
 0.0421887
0.00952441
-0.0644288
-0.0076254
-0.0787432
-0.0299296
 0.0426299
 0.0162021
-0.0495131
-0.0143262
 -0.0950374
 -0.0313217
  0.0429712
  0.0150706
 -0.0484464
-0.00618463
 -0.105156
-0.0331877
 0.0315512
 0.0120749
-0.0470098
-0.0281823
 -0.101879
-0.0367394
 0.0391801
 0.0185998
-0.0520418
-0.0396966
-0.0859128
-0.0356459
 0.0326495
 0.0102943
-0.0476349
 -0.027071
-0.0959037
-0.0366405
  0.041559
 0.0111901
-0.0630246
-0.0354368
-0.0987737
-0.0423011
 0.0315731
0.00839762
-0.0451865
-0.0423952
-0.0812716
-0.0370207
 0.0325249
 0.0138941
-0.0398884
-0.0308707
-0.0724857
-0.0305437
 0.0370485
 0.0145646
-0.0429444
 -0.012994
 -0.0850667
  -0.030838
  0.0392301
-0.00139735
 -0.0364193
 -0.0278431
-0.0842588
-0.0257025
 0.0346333
0.00717348
-0.0470047
-0.0227265
-0.0914963
-0.0294859
 0.0359171
 0.0118455
-0.0476782
 -0.021423
-0.0864441
-0.0252304
 0.0278469
 0.0123207
-0.0438128
-0.0243483
-0.0946814
-0.0338384
 0.0328234
 0.0109545
-0.0488042
-0.0182714
  -0.11147
-0.0416286
 0.0320986
 0.0118899
-0.0562066
-0.0195955
 -0.115452
-0.0409178
 0.0383816
 0.0165244
-0.0534001
 -0.037608
-0.0864645
-0.0326855
 0.0393678
 0.0127249
-0.0461648
-0.0191788
 -0.113354
-0.0411779
   0.03505
 0.0172048
 -0.050121
-0.0356375
-0.0949231
-0.0319516
 0.0337216
 0.0210461
 -0.055082
-0.0218812
-0.0845234
-0.0325281
 0.0348486
  0.013859
-0.0504887
-0.0212524
 -0.105516
-0.0403935
 0.0376946
0.00763976
-0.0517554
-0.0155567
 -0.106112
-0.0373455
 0.0385578
 0.0160041
-0.0626337
-0.0206908
 -0.105685
-0.0384278
 0.0405506
 0.0177936
-0.0594478
-0.0329483
-0.0819436
-0.0335443
 0.0401931
 0.0169349
-0.0471988
-0.0316385
 -0.100085
-0.0362953
 0.0395606
  0.015341
-0.0551522
-0.0212374
-0.0788143
-0.0302181
  0.037954
 0.0116251
-0.0487853
-0.0279391
-0.0999953
-0.0374273
 0.0315943
 0.0127895
 -0.056249
-0.0327526
 -0.100661
-0.0351296
 0.0373269
0.00240956
-0.0493334
-0.0251595
 -0.105687
-0.0383019
  0.040447
 0.0158096
-0.0519093
-0.0377156
 -0.109941
-0.0393926
 0.0263068
 0.0140551
-0.0475815
-0.0233466
-0.0967774
-0.0334946
 0.0404411
0.00749602
-0.0593577
-0.0316038
-0.0790286
-0.0296455
 0.0369315
 0.0102338
-0.0484938
-0.0230021
 -0.108108
 -0.037947
 0.0340774
 0.0140169
-0.0541953
-0.0230671
-0.0839377
-0.0349718
 0.0371669
 0.0113355
-0.0521859
-0.0224956
-0.0856961
-0.0351705
 0.0416948
 0.0202572
-0.0533347
 -0.015793
 -0.113477
-0.0402987
 0.0405302
 0.0163252
-0.0532419
-0.0399665
-0.0889504
-0.0307263
 0.0392279
 0.0167498
-0.0507491
-0.0224249
 -0.116503
-0.0451934
 0.0387287
 0.0169645
-0.0543034
-0.0280034
-0.0875828
-0.0285287
 0.0358115
 0.0120381
-0.0490153
-0.0236886
 -0.115575
-0.0400386
 0.0438618
 0.0156448
 -0.056521
 -0.041937
-0.0827286
-0.0319384
 0.0394626
0.00682927
-0.0571044
-0.0165388
 -0.100031
-0.0370247
 0.0406425
0.00960605
-0.0613963
-0.0282349
 -0.097669
-0.0376694
 0.0383602
 0.0138212
-0.0496003
-0.0268713
-0.0932032
-0.0312877
 0.0381896
0.00794874
-0.0553103
-0.0264497
 -0.108053
-0.0378581
 0.0361252
 0.0141262
-0.0554915
-0.0322663
 -0.120896
-0.0445495
 0.0330426
 0.0162025
-0.0505952
-0.0338774
 -0.116857
-0.0432699
  0.037292
 0.0198404
 -0.049248
-0.0386621
-0.0843312
-0.0336652
  0.037207
 0.0077165
-0.0490115
-0.0196231
 -0.121321
 -0.042448
  0.038619
 0.0177245
-0.0570474
-0.0306343
-0.0999412
-0.0373657
 0.0317259
 0.0169179
 -0.054979
-0.0236562
 -0.105991
-0.0382178
 0.0306561
 0.0146502
-0.0510348
-0.0256789
-0.0891854
-0.0302554
  0.033556
  0.012925
-0.0409214
-0.0267719
 -0.105682
 -0.037671
 0.0415701
 0.0246297
-0.0582692
-0.0327653
 -0.108606
-0.0348348
 0.0427911
 0.0155638
-0.0502523
-0.0267578
 -0.0891549
 -0.0313126
  0.0406073
0.000151794
  -0.047275
 -0.0181051
 -0.111132
-0.0419336
 0.0351071
  0.015487
-0.0491055
 -0.033985
-0.0950015
-0.0325708
 0.0325054
0.00715042
-0.0461051
-0.0337286
-0.0876225
  -0.03603
 0.0450528
 0.0112467
 -0.046539
-0.0208693
-0.0990166
-0.0321746
 0.0348904
 0.0186253
-0.0508612
-0.0216788
 -0.115671
-0.0409756
 0.0362367
0.00631178
-0.0467492
 -0.037622
-0.0860582
-0.0356591
  0.032967
 0.0063965
-0.0483107
-0.0132537
 -0.107554
-0.0395879
 0.0395111
 0.0144022
-0.0570417
-0.0332581
 -0.116079
-0.0399661
 0.0342053
0.00546841
-0.0538237
-0.0275642
  -0.10654
-0.0352925
  0.039343
 0.0140536
-0.0559001
-0.0336977
 -0.105529
-0.0311351
 0.0325202
 0.0152449
-0.0427754
-0.0297092
 -0.115829
-0.0393205
 0.0429146
 0.0123614
-0.0484536
-0.0326033
 -0.102668
-0.0350349
 0.0364291
 0.0105292
-0.0518427
-0.0110693
 -0.104445
-0.0360708
 0.0396269
0.00839344
 -0.055679
-0.0228108
 -0.113692
-0.0397259
 0.0395079
 0.0149341
-0.0529514
-0.0350294
 -0.114762
-0.0362831
 0.0307264
 0.0133266
-0.0446665
-0.0216476
-0.0926566
 -0.033704
 0.0382668
0.00328502
-0.0482925
-0.0278454
 -0.112518
-0.0360919
 0.0383147
 0.0158685
 -0.050805
-0.0312076
 -0.107379
-0.0408962
 0.0396943
0.00904912
-0.0582744
-0.0292119
-0.0975961
-0.0387363
 0.0328537
 0.0125569
 -0.055287
-0.0268711
-0.0968648
-0.0332824
 0.0303234
 0.0133238
-0.0528878
-0.0312548
 -0.118138
-0.0388509
 0.0406927
 0.0117791
-0.0571001
-0.0339678
 -0.117536
-0.0413871
  0.038636
 0.0119886
 -0.051641
-0.0284327
 -0.117056
-0.0432252
 0.0397943
 0.0120635
-0.0521336
-0.0293921
 -0.103552
 -0.038525
 0.0393057
 0.0176373
-0.0535774
 -0.037977
 -0.115329
-0.0423772
 0.0365699
 0.0120548
 -0.057106
-0.0219796
-0.0907304
-0.0318449
 0.0381398
 0.0173939
-0.0473106
-0.0228053
-0.0926529
-0.0330114
 0.0393373
  0.011113
-0.0508821
-0.0252788
 -0.109977
-0.0388434
  0.039588
0.00710062
-0.0562341
-0.0325743
 -0.114172
-0.0377695
 0.0406671
 0.0151075
-0.0533989
-0.0295207
 -0.105757
-0.0383608
  0.042827
 0.0139592
-0.0615389
-0.0329118
 -0.117586
-0.0406376
 0.0418936
 0.0159364
-0.0564408
-0.0304133
 -0.090236
-0.0341481
 0.0427714
 0.0100889
-0.0472095
-0.0218145
