-298.057
    -nan
 93.2514
-215.354
 236.228
    -nan
 76.1367
 3.59538e-05
           0
-3.59538e-05
-4.79311e-05
           0
-7.19076e-05
 0.000131816
 2.39765e-05
 3.59538e-05
           0
-3.59538e-05
           0
-5.99302e-05
 0.000107861
 4.79311e-05
 -9.5884e-05
           0
-0.000203724
 0.000325993
 1.19991e-05
-4.79311e-05
-0.000443423
 -0.00111452
  -0.0011505
-0.000731031
  0.00226261
 0.000587216
-0.000311585
-0.000934755
 -0.00292417
 -0.00424242
 -0.00249272
  0.00559902
  0.00146208
-0.000790961
-0.000719054
 -0.00648346
  -0.0163824
 -0.00739426
    0.010316
  0.00370311
 -0.00460195
0.000299608
 -0.0104502
 -0.0270005
 -0.0179404
  0.0222619
  0.0104263
 -0.0126314
-0.00291217
 -0.0213439
 -0.0442458
 -0.0233093
  0.0421078
  0.0218233
 -0.0228539
-0.0018336
-0.0215596
-0.0672795
-0.0451805
 0.0624905
  0.046367
-0.0302362
-0.00618385
 -0.0333641
 -0.0890068
 -0.0504057
  0.0833143
  0.0842611
 -0.0385413
-0.00278033
 -0.0423523
  -0.107427
 -0.0614431
    0.09666
   0.113347
 -0.0564577
-0.0104143
-0.0590463
 -0.127764
-0.0647748
  0.112882
  0.123953
-0.0767949
-0.00429037
 -0.0527426
   -0.14701
 -0.0877005
    0.12291
   0.124576
 -0.0855913
-0.0132665
-0.0599811
 -0.174574
-0.0885395
  0.139075
  0.143487
-0.0958858
-0.00414653
 -0.0769747
  -0.173735
 -0.0935848
   0.142047
   0.156226
  -0.096497
-0.0168259
-0.0900135
 -0.187697
-0.0849921
  0.148662
  0.149887
-0.0913557
-0.00738226
  -0.068394
  -0.201563
  -0.119495
   0.151346
   0.149635
 -0.0937766
-0.0138418
-0.0685617
 -0.207351
 -0.113586
  0.152382
   0.14743
-0.0924104
-0.00991096
 -0.0939683
  -0.185696
 -0.0956701
   0.142353
   0.143415
 -0.0897738
-0.0222307
-0.0910561
 -0.178877
-0.0882758
  0.136007
  0.132629
  -0.07749
-0.0128471
-0.0602327
 -0.169864
-0.0983545
  0.114358
  0.116091
-0.0639958
-0.0253826
-0.0510648
 -0.166161
-0.0906487
  0.102623
  0.104646
-0.0565176
-0.0230337
-0.0785206
 -0.130976
-0.0426998
 0.0905624
 0.0908884
-0.0518677
-0.0329087
-0.0665963
 -0.133852
-0.0445693
 0.0811859
 0.0793236
-0.0473257
-0.0176647
-0.0517599
 -0.134127
-0.0583871
  0.082624
 0.0724686
-0.0476852
-0.0190429
-0.0561341
 -0.133372
-0.0450847
 0.0836211
 0.0817204
-0.0459355
-0.0138538
-0.0679745
 -0.117457
-0.0462112
 0.0757978
  0.091152
-0.0429395
-0.0269046
-0.0732716
 -0.129561
-0.0286063
 0.0722505
 0.0831945
 -0.042568
-0.0127272
-0.0417051
 -0.123258
 -0.063049
 0.0694702
   0.07447
-0.0428436
-0.0185995
-0.0452165
 -0.120945
-0.0488836
 0.0739379
 0.0743022
-0.0455041
-0.0180363
-0.0718215
  -0.10606
-0.0153278
 0.0804956
 0.0856393
 -0.050921
-0.0234292
-0.0668959
 -0.115911
-0.0212241
 0.0841772
 0.0892585
 -0.051652
0.00789761
-0.0262814
 -0.108146
-0.0551394
 0.0761813
 0.0816365
-0.0505494
-0.0123677
-0.0453243
 -0.117409
-0.0214757
 0.0806682
 0.0781611
-0.0522273
-0.0177007
-0.0584231
 -0.118117
-0.0200136
  0.077466
 0.0802224
-0.0482844
-0.0029601
-0.0503098
 -0.107331
-0.0309912
  0.078444
 0.0879522
-0.0463909
-0.00551275
 -0.0500341
  -0.105893
 -0.0485481
  0.0809558
   0.101159
 -0.0456719
0.00142613
-0.0294453
 -0.118884
-0.0749853
  0.083391
  0.087341
-0.0472658
-0.00745419
 -0.0394521
  -0.126146
 -0.0634685
   0.083065
  0.0814448
 -0.0544923
-0.00414655
 -0.0536174
  -0.112508
 -0.0464149
  0.0816653
  0.0874249
 -0.0593938
-0.00367915
 -0.0414175
  -0.119219
 -0.0451206
  0.0816845
  0.0982227
 -0.0581714
0.00759801
-0.0388409
 -0.110662
-0.0644392
 0.0780413
 0.0947473
-0.0541927
-0.0130149
-0.0556907
 -0.124408
-0.0373668
 0.0818954
 0.0852438
-0.0522872
-0.00613592
 -0.0320578
  -0.131719
  -0.069161
  0.0732859
  0.0856632
 -0.0497705
0.00111455
-0.0333281
 -0.118344
-0.0710665
 0.0762197
 0.0952746
-0.0505255
-0.00841292
 -0.0405186
  -0.121065
 -0.0651822
  0.0752034
  0.0975636
 -0.0507891
-0.000587238
   -0.040279
   -0.109068
  -0.0583272
   0.0794027
   0.0885395
  -0.0529223
-0.0185036
-0.0534017
 -0.116103
 -0.047865
 0.0849634
 0.0849562
-0.0564697
0.00245675
-0.0473257
 -0.104574
-0.0696044
 0.0807449
 0.0872691
-0.0557746
-0.0150042
-0.0316024
 -0.124396
-0.0657215
 0.0832185
 0.0925542
-0.0484163
 -0.020493
-0.0382297
 -0.120154
-0.0586268
 0.0782713
  0.091116
-0.0483444
-0.00775378
 -0.0415373
 -0.0954304
 -0.0502858
  0.0803231
  0.0848603
 -0.0489436
-0.0098031
-0.0294812
 -0.100871
-0.0662248
 0.0775044
 0.0853157
-0.0486799
-0.0009108
-0.0392963
-0.0981628
 -0.048632
 0.0796519
 0.0900615
-0.0511846
-0.0248673
-0.0468583
  -0.12321
-0.0256942
 0.0775427
 0.0919909
-0.0514722
-0.0173891
-0.0408063
 -0.120382
-0.0511726
 0.0768908
 0.0914636
-0.0519996
-0.0130748
-0.0306197
 -0.122143
 -0.051616
 0.0840238
  0.079791
-0.0537732
-0.0192467
-0.0386372
  -0.12448
 -0.043335
 0.0836787
 0.0854715
-0.0451446
-0.00959938
 -0.0418609
  -0.109931
 -0.0526467
  0.0827199
  0.0939683
 -0.0428796
-0.0287861
-0.0472059
 -0.131467
-0.0322136
 0.0790959
 0.0859628
-0.0455281
-0.0257421
 -0.048656
 -0.135925
-0.0382656
 0.0777728
 0.0810613
-0.0462112
-0.00454202
 -0.0341071
  -0.129034
 -0.0712103
  0.0771401
  0.0832305
 -0.0491114
-0.0160709
-0.0493151
 -0.129609
-0.0515082
 0.0789041
 0.0885275
-0.0490874
-0.00601608
  -0.057728
  -0.127272
 -0.0521434
  0.0767949
  0.0873051
 -0.0506933
-0.0196302
-0.0517958
 -0.143319
-0.0625097
 0.0803039
 0.0843929
-0.0500341
-0.0200975
-0.0427957
 -0.139436
-0.0674952
 0.0795178
 0.0808456
-0.0482725
-0.00553673
 -0.0462951
  -0.114485
 -0.0663447
  0.0779646
  0.0900015
 -0.0458876
-0.0112771
-0.0518797
 -0.115468
-0.0589504
 0.0806874
 0.0971801
-0.0429635
 0.0013662
-0.0487159
 -0.104934
-0.0561581
 0.0772743
 0.0908883
 -0.047062
-0.0158791
-0.0462591
 -0.121556
-0.0581355
 0.0774085
 0.0838297
-0.0504176
-0.0180722
-0.0528504
 -0.119135
 -0.038002
 0.0761622
 0.0871253
 -0.050166
0.00302003
-0.0438503
 -0.104335
 -0.058483
  0.075817
 0.0947113
-0.0514363
-0.00147406
 -0.0431792
  -0.108565
 -0.0601848
  0.0794027
  0.0916434
 -0.0504895
-0.0139856
-0.0466786
 -0.116571
-0.0366957
 0.0822597
 0.0811692
 -0.047086
0.00812529
-0.0371151
  -0.10823
-0.0608199
  0.078118
 0.0805699
-0.0479129
-0.0110375
-0.0507771
  -0.11675
-0.0270724
 0.0788083
 0.0935848
   -0.0456
-0.0111573
-0.0434189
 -0.117889
-0.0291816
 0.0779262
 0.0915115
-0.0440061
0.00486561
-0.0370312
 -0.103712
-0.0412137
 0.0783672
 0.0838057
-0.0480927
-0.00814927
 -0.0420047
  -0.112508
 -0.0321537
  0.0776578
  0.0813969
 -0.0505255
0.00814927
-0.0348142
 -0.100224
-0.0452884
 0.0764114
 0.0806658
-0.0511606
-0.0109056
-0.0423403
 -0.114629
-0.0276476
 0.0763923
  0.092662
-0.0497705
-0.00276835
 -0.0359167
   -0.11071
 -0.0469662
  0.0717136
  0.0912719
 -0.0466905
0.00568052
-0.0422923
 -0.100667
-0.0464389
 0.0804956
 0.0797191
-0.0435267
-0.00756205
  -0.040291
  -0.112987
  -0.045564
  0.0786165
  0.0786165
 -0.0447851
-0.00650744
 -0.0343707
  -0.118452
 -0.0550076
  0.0776769
  0.0868257
 -0.0472059
0.00811334
-0.0369594
 -0.102609
-0.0579318
 0.0738995
 0.0911041
-0.0449888
-0.00883239
  -0.034946
  -0.117206
 -0.0576801
  0.0723847
  0.0822957
 -0.0488237
-0.0110614
-0.0423882
 -0.125906
-0.0444135
  0.075376
 0.0799108
-0.0507652
0.00494949
-0.0355092
 -0.113239
-0.0720851
 0.0750692
 0.0829548
 -0.049399
-0.000443423
  -0.0391405
   -0.117769
  -0.0570689
   0.0743597
   0.0872332
  -0.0473257
-0.0105701
-0.0354733
 -0.127117
 -0.061527
 0.0706015
 0.0953225
-0.0410939
 0.0043383
-0.0346224
 -0.116247
-0.0588905
 0.0764497
 0.0887791
-0.0403509
 -0.013674
-0.0339034
 -0.124169
 -0.057021
 0.0736886
 0.0763994
 -0.041058
-0.0187553
 -0.037247
 -0.115911
-0.0481406
 0.0731517
 0.0765313
-0.0438263
-0.000155792
  -0.0268207
   -0.106708
  -0.0738708
   0.0734393
   0.0878324
  -0.0449888
-0.00744221
 -0.0342869
  -0.108122
 -0.0598732
  0.0722313
  0.0938365
 -0.0437065
-0.0238127
-0.0379061
 -0.110303
-0.0405786
 0.0706974
 0.0839136
-0.0476613
-0.00488956
 -0.0328608
  -0.101435
 -0.0665124
  0.0734393
  0.0752969
 -0.0467145
-0.0153997
-0.0379181
 -0.111178
-0.0414295
 0.0760471
 0.0823556
-0.0458876
-0.0155555
-0.0314945
 -0.111262
-0.0496626
 0.0692017
 0.0921587
-0.0421245
-0.0176767
-0.0279472
  -0.10974
-0.0518078
 0.0759704
  0.088875
-0.0407703
0.00352336
-0.0185516
 -0.098762
-0.0776218
 0.0716944
 0.0785805
-0.0411658
-0.00900014
 -0.0558585
  -0.101039
  -0.017449
  0.0767182
  0.0875568
 -0.0430114
-0.00952747
 -0.0439102
  -0.119435
 -0.0353175
   0.070659
  0.0926141
 -0.0470621
0.00737031
-0.0359407
 -0.117338
-0.0596575
 0.0703905
  0.088108
-0.0456239
-0.00588427
 -0.0482724
  -0.121975
 -0.0309433
  0.0764306
  0.0829308
 -0.0454921
-0.00436225
  -0.045576
  -0.122958
 -0.0476493
  0.0710041
  0.0824515
 -0.0467025
0.00687895
-0.0477931
 -0.105965
-0.0422684
 0.0740721
  0.086634
-0.0446772
 0.0043263
-0.0325372
 -0.114126
-0.0579437
 0.0705056
 0.0902772
-0.0405906
-0.0135062
-0.0435267
 -0.122059
-0.0377623
 0.0709083
 0.0841532
-0.0394401
-0.0174251
-0.0630849
 -0.110027
-0.0132666
 0.0722697
 0.0839854
 -0.039524
0.00246877
-0.0447851
-0.0883118
-0.0536414
 0.0687799
 0.0895941
 -0.041058
0.00260056
-0.0262455
-0.0955143
-0.0694725
 0.0697769
 0.0868017
 -0.044809
-0.0178924
-0.0488357
 -0.102465
-0.0413815
 0.0703906
 0.0840334
  -0.04711
-0.0004554
-0.0324533
-0.0980909
-0.0708028
 0.0674184
 0.0813609
-0.0464389
-0.00345145
 -0.0284266
  -0.102837
 -0.0653979
  0.0707357
  0.0823915
 -0.0449409
-0.0124276
-0.0321537
  -0.11373
-0.0408902
 0.0688182
 0.0839495
-0.0452285
-0.0110375
-0.0438982
 -0.106983
-0.0266769
 0.0662104
 0.0899656
-0.0406385
 0.0036432
-0.0300445
-0.0960176
-0.0457198
   0.06715
 0.0809894
-0.0401831
-0.00291217
  -0.025838
  -0.103292
 -0.0377503
  0.0665748
  0.0679625
 -0.0400633
-0.0108217
-0.0133145
 -0.120286
-0.0538571
 0.0665173
  0.068358
 -0.039464
0.000335561
-0.00883237
  -0.112424
 -0.0502259
  0.0670541
  0.0755845
 -0.0417531
-0.0127033
-0.0353894
 -0.107942
-0.0158551
 0.0720012
  0.088887
-0.0445094
-0.0147646
-0.0261496
 -0.115264
-0.0308354
 0.0653092
 0.0824155
-0.0470021
-0.0145129
-0.0102106
 -0.117673
-0.0533418
 0.0686265
 0.0714619
-0.0453123
-0.00224105
 -0.0133864
  -0.106372
 -0.0694606
  0.0695469
  0.0681183
 -0.0421126
 -0.011361
-0.0238965
 -0.110758
-0.0477691
 0.0697386
 0.0791199
-0.0398955
-0.0223386
-0.0421126
 -0.118704
-0.0298647
 0.0663446
 0.0951667
 -0.040267
 -0.012883
-0.0338914
 -0.110495
-0.0444375
 0.0625864
 0.0887791
-0.0377383
0.000922799
 -0.0178685
  -0.101866
 -0.0811332
  0.0637369
  0.0741464
 -0.0390566
-0.0103065
-0.0271443
  -0.10654
-0.0618865
 0.0672075
 0.0728521
-0.0391525
-0.0194744
-0.0466067
 -0.107882
-0.0545282
 0.0637944
 0.0852558
 -0.041777
-0.0150042
 -0.040243
 -0.104287
-0.0588186
 0.0681471
 0.0913917
-0.0421845
0.00210923
-0.0207327
-0.0993133
-0.0907445
 0.0689141
 0.0825354
-0.0461273
-0.00746617
 -0.0323934
  -0.100991
 -0.0757283
    0.06715
  0.0753808
 -0.0455041
-0.0237887
 -0.059274
 -0.105665
-0.0172693
 0.0666131
 0.0772623
-0.0400273
-0.0125355
-0.0391405
 -0.101339
-0.0444495
 0.0647148
 0.0854955
-0.0366957
0.00494947
 -0.015172
-0.0946634
-0.0593459
 0.0668049
 0.0861786
-0.0385293
-0.0054648
-0.0324772
-0.0981148
-0.0270604
 0.0629124
 0.0852917
-0.0383735
-0.00770585
 -0.0246635
  -0.105126
 -0.0398236
  0.0612442
  0.0784487
  -0.038769
-0.00909602
 -0.0240044
  -0.105605
 -0.0444255
  0.0647723
    0.07296
 -0.0404707
-0.0133624
-0.0292295
  -0.10461
-0.0254425
 0.0667474
 0.0788682
-0.0409141
 0.0015939
-0.0423882
 -0.088899
-0.0249032
 0.0669774
 0.0877006
-0.0416572
-0.00437425
 -0.0351258
 -0.0988339
 -0.0290378
  0.0684155
  0.0811452
 -0.0426519
-0.0138657
-0.0268926
 -0.110878
-0.0376065
 0.0680129
 0.0644152
-0.0437184
-0.0116846
 -0.043347
 -0.103232
-0.0299366
  0.069125
 0.0666563
 -0.040243
0.00376304
-0.0264971
-0.0945675
-0.0492791
 0.0617427
 0.0731877
-0.0368155
-0.00365518
 -0.0188033
  -0.102429
 -0.0489076
  0.0621645
  0.0808695
 -0.0363362
-0.0115887
-0.0419927
 -0.100823
-0.0255264
 0.0606689
 0.0811692
-0.0382656
-0.0143931
 -0.041046
 -0.102501
-0.0202054
  0.060343
 0.0728641
 -0.038769
-0.0128471
-0.0411059
-0.0985103
-0.0275158
 0.0588282
 0.0724686
-0.0412018
0.000539307
 -0.0230697
  -0.097228
 -0.0649185
  0.0595185
  0.0688254
 -0.0422084
-0.00726245
 -0.0336757
 -0.0991575
 -0.0589624
  0.0643889
  0.0740985
  -0.041765
-0.0222307
-0.0522991
 -0.102789
-0.0210683
 0.0641587
 0.0786884
-0.0408902
-0.0169097
-0.0377024
 -0.102561
-0.0397397
 0.0620495
 0.0773222
-0.0420527
-0.00179765
 -0.0162506
 -0.0951907
 -0.0653979
  0.0631233
  0.0708867
 -0.0405306
-0.0088803
-0.0255024
-0.0975756
-0.0447611
 0.0620687
 0.0818043
-0.0377263
-0.0137579
-0.0201215
 -0.105473
-0.0428796
 0.0600362
 0.0812411
-0.0336038
-0.0157712
-0.0379181
-0.0980549
-0.0240404
 0.0605155
 0.0797191
-0.0347902
-0.0174131
-0.0230217
 -0.101698
-0.0382896
 0.0570257
 0.0758002
-0.0382416
0.000107861
  -0.013722
 -0.0966648
 -0.0666802
  0.0554726
  0.0778256
 -0.0410819
-0.00382297
 -0.0278154
  -0.091943
 -0.0533777
    0.05925
  0.0776218
 -0.0411658
-0.0114569
-0.0188392
 -0.101962
-0.0567693
  0.056949
 0.0790479
 -0.041058
-0.0127512
-0.0396678
-0.0963652
 -0.044042
 0.0598252
  0.083566
-0.0407104
-0.0188392
-0.0290617
-0.0996009
 -0.051652
 0.0609374
  0.077454
-0.0397397
-0.000563261
  -0.0366837
  -0.0807377
  -0.0477212
   0.0646765
   0.0737749
  -0.0330884
-0.00119843
 -0.0252148
 -0.0867538
 -0.0650144
  0.0615702
  0.0766631
 -0.0327409
-0.00753808
 -0.0360605
 -0.0918231
  -0.041753
  0.0601512
  0.0843809
 -0.0333161
3.59538e-05
  -0.024292
 -0.0886593
 -0.0498304
  0.0585022
  0.0752729
 -0.0307995
-0.00836499
  -0.046343
 -0.0849562
 -0.0199058
  0.0616085
  0.0695565
 -0.0305838
 -0.015975
 -0.033448
-0.0913318
-0.0308833
 0.0587131
 0.0647867
-0.0318181
0.00407465
-0.0368515
 -0.076723
-0.0321177
 0.0563738
 0.0704193
-0.0360845
-0.00285224
 -0.0329926
 -0.0842491
  -0.040291
  0.0517527
  0.0712942
 -0.0373908
-0.00534496
 -0.0374507
 -0.0946514
 -0.0215956
  0.0575434
  0.0810373
  -0.038014
-0.00538092
 -0.0263653
  -0.106264
 -0.0450846
     0.0553
  0.0697122
 -0.0391644
 -0.0103184
 -0.0469422
 -0.0971561
-0.00349941
  0.0592117
  0.0638519
 -0.0369354
0.00293615
-0.0288101
-0.0847045
-0.0305358
 0.0575626
 0.0609877
-0.0338794
-0.00278035
 -0.0369114
 -0.0846566
 -0.0236688
  0.0591542
  0.0677348
 -0.0315425
-0.00733433
 -0.0173532
  -0.105138
 -0.0328008
  0.0538619
  0.0765672
 -0.0321537
-0.00426639
 -0.0283307
 -0.0991814
 -0.0225303
  0.0539578
  0.0807617
 -0.0337716
-0.00999485
 -0.0267847
  -0.102082
 -0.0216075
   0.056508
  0.0658173
 -0.0344786
 -0.0122599
 -0.0290617
   -0.10056
-0.00829308
  0.0564313
  0.0630969
 -0.0331723
  0.00595618
-0.000491354
  -0.0897019
  -0.0582793
   0.0510816
   0.0621622
     -0.0334
-0.00731038
 -0.0290857
 -0.0891027
 -0.0132785
  0.0550316
  0.0718694
 -0.0362763
-0.0152679
-0.0219431
-0.0987141
-0.0222907
 0.0546672
 0.0798269
-0.0375226
-0.00631569
-0.00999482
  -0.100691
  -0.048596
  0.0561054
  0.0721091
 -0.0383136
-0.00632767
 -0.0283187
 -0.0906726
 -0.0313028
  0.0548015
  0.0650744
 -0.0376904
-0.0130868
-0.0177127
 -0.100596
-0.0346224
 0.0506022
 0.0602806
-0.0359047
-0.0107858
 -0.025107
-0.0967966
-0.0435147
 0.0564505
 0.0686576
-0.0322376
 0.00225305
-0.00896419
 -0.0856632
 -0.0578239
  0.0541879
  0.0705152
 -0.0312668
-0.00472179
 -0.0419328
 -0.0726723
 -0.0290498
  0.0551274
  0.0802704
 -0.0302002
-0.00900014
 -0.0371991
 -0.0897139
 -0.0420886
  0.0566231
  0.0720492
  -0.031938
 0.00191746
-0.00558464
   -0.09114
 -0.0731637
  0.0516568
   0.060053
 -0.0340592
-0.0109296
-0.0247714
-0.0935609
-0.0426039
 0.0503529
 0.0595017
 -0.034191
-0.0104982
-0.0464868
-0.0863104
-0.0149922
 0.0551849
 0.0673993
-0.0338914
0.00481765
-0.0192826
-0.0723248
-0.0433709
 0.0523087
 0.0713421
-0.0337236
-0.00051533
 -0.0297329
 -0.0654459
 -0.0310032
  0.0524238
  0.0758002
 -0.0361923
-0.0098031
-0.0424841
-0.0756684
 -0.015208
 0.0568724
 0.0703953
-0.0361924
-0.00207325
 -0.0214518
 -0.0765672
 -0.0442098
  0.0540345
  0.0621262
 -0.0350658
-0.00333162
 -0.0247115
 -0.0802584
 -0.0312069
  0.0526731
  0.0635284
 -0.0328368
-0.00604006
 -0.0366717
 -0.0797191
 -0.0224225
  0.0494517
  0.0644392
 -0.0268806
-0.0108937
-0.0275517
-0.0806658
-0.0191867
 0.0503913
 0.0680704
-0.0267368
0.00121041
-0.0435746
-0.0619584
-0.0101746
 0.0511391
 0.0755605
-0.0258739
-0.00280431
 -0.0345146
 -0.0670997
 -0.0283067
  0.0484163
  0.0681663
 -0.0264732
-0.00991094
 -0.0282468
 -0.0923744
 -0.0268926
  0.0494901
  0.0559184
 -0.0275757
-0.00558466
 -0.0298527
 -0.0892944
 -0.0227461
  0.0455209
  0.0621861
 -0.0298887
-0.00266049
 -0.0363122
 -0.0824035
 -0.0248912
  0.0453675
  0.0715458
 -0.0325492
-0.00558464
 -0.0314346
 -0.0859389
 -0.0220749
  0.0445622
  0.0674952
 -0.0331723
-0.0110135
-0.0347782
-0.0894023
-0.0158192
 0.0487614
 0.0692329
-0.0308833
-0.0139137
-0.0366837
-0.0922546
-0.0232734
 0.0477452
 0.0662368
-0.0316383
-0.00016777
 -0.0433949
 -0.0726124
 -0.0239804
   0.050583
    0.06686
 -0.0325252
-0.00415853
  -0.011433
 -0.0864662
 -0.0646908
  0.0463837
  0.0618266
 -0.0331004
-0.0128591
-0.0268806
-0.0968565
 -0.030356
 0.0503529
  0.063085
-0.0301763
-0.00758603
 -0.0404228
 -0.0833024
 -0.0140815
  0.0444854
  0.0688733
 -0.0275877
-0.00449407
 -0.0320818
 -0.0865021
 -0.0285105
  0.0461153
    0.06535
 -0.0266529
-0.000551284
  -0.0102585
  -0.0942559
  -0.0416092
   0.0459044
   0.0540129
  -0.0252987
-0.00841292
 -0.0172213
 -0.0949151
 -0.0450966
   0.045981
  0.0568172
 -0.0249392
 -0.017437
-0.0268806
-0.0840094
-0.0183838
 0.0495092
  0.066848
-0.0260297
 0.0002277
 -0.022051
-0.0633966
-0.0327409
 0.0439102
 0.0670637
-0.0264012
-0.00333162
 -0.0181441
 -0.0640677
 -0.0320099
  0.0496626
  0.0664645
 -0.0279592
-0.00719054
-0.00269647
  -0.081253
 -0.0410699
  0.0475151
  0.0636482
 -0.0323095
-0.00346343
 -0.0108577
 -0.0773102
 -0.0492552
  0.0430665
  0.0591781
 -0.0330405
-0.00511728
 -0.0313148
 -0.0671836
 -0.0360605
  0.0458085
  0.0588306
 -0.0332322
-0.00201335
  -0.018995
 -0.0690291
 -0.0487278
  0.0468248
  0.0555469
 -0.0301643
-0.00282826
    -0.0334
  -0.066093
 -0.0384574
  0.0501611
  0.0642954
 -0.0306916
-0.00556068
 -0.0329207
 -0.0701916
 -0.0416691
  0.0443321
   0.066093
 -0.0309912
-0.0113491
 -0.012919
-0.0786165
-0.0521434
 0.0428747
 0.0637081
 -0.028103
0.00928777
-0.0166701
-0.0614671
-0.0620903
 0.0462879
 0.0588306
 -0.025862
-0.000946754
  -0.0390686
  -0.0635044
  -0.0244718
   0.0503338
   0.0554031
  -0.0257901
-0.00237286
 -0.0289419
 -0.0762197
 -0.0291696
  0.0422995
  0.0514003
 -0.0244718
 0.0029601
-0.0311111
-0.0745539
-0.0163465
 0.0430473
 0.0523231
-0.0239205
0.00148604
-0.0322136
-0.0772024
-0.0214997
 0.0422036
 0.0610596
-0.0251069
-2.39765e-05
   -0.041813
  -0.0755126
  -0.0147765
   0.0478027
   0.0624498
  -0.0248073
0.000419468
 -0.0274319
 -0.0849082
  -0.035713
   0.047726
  0.0542406
 -0.0267848
-0.00028763
 -0.0275997
 -0.0808696
 -0.0351857
  0.0441978
  0.0512565
 -0.0290617
 -0.0052491
 -0.0423522
 -0.0796831
-0.00671116
  0.0457318
  0.0496986
 -0.0289059
-0.00280431
 -0.0320698
 -0.0787963
 -0.0243999
  0.0429514
  0.0438982
 -0.0310871
 0.00455402
 -0.0363841
 -0.0708987
-0.00743022
   0.046633
  0.0465467
  -0.031902
0.00571646
-0.0232614
-0.0747816
-0.0298647
 0.0391549
 0.0531141
-0.0294093
-0.00665123
 -0.0295171
 -0.0809774
 -0.0195463
  0.0436801
  0.0601968
 -0.0263653
-0.00266049
 -0.0359167
 -0.0741344
-0.00915595
  0.0448881
  0.0659731
 -0.0255144
-0.000994707
  -0.0241482
  -0.0697242
  -0.0232973
   0.0385413
   0.0664166
  -0.0246516
-0.00177365
 -0.0204571
 -0.0680105
 -0.0242441
  0.0391549
  0.0535815
 -0.0230936
-0.00916793
 -0.0300085
 -0.0693767
-0.00818522
  0.0395192
  0.0453962
 -0.0246276
-0.00352338
 -0.0172693
 -0.0679626
 -0.0296969
  0.0375634
  0.0477092
 -0.0222188
-0.00484161
 -0.0162267
 -0.0681783
 -0.0307995
  0.0376784
   0.055439
 -0.0220749
 -0.0129549
 -0.0257061
 -0.0689093
-0.00783768
  0.0380044
  0.0571168
 -0.0229857
-0.0119603
-0.0122718
-0.0710065
-0.0333281
 0.0361636
 0.0643673
-0.0222787
0.00178565
-0.0108697
-0.0505375
 -0.039536
 0.0400369
 0.0619105
-0.0242201
-0.00704672
 -0.0210683
   -0.05466
 -0.0163105
  0.0405546
  0.0518558
  -0.024316
-0.0112412
-0.0124875
-0.0620783
-0.0337236
 0.0386372
 0.0462831
-0.0255264
-0.00663925
  -0.010654
 -0.0583032
 -0.0362043
  0.0429706
  0.0475774
 -0.0252987
-0.00943158
 -0.0199657
 -0.0583752
 -0.0157233
  0.0399793
  0.0490994
 -0.0271802
-0.00768189
 -0.0119243
 -0.0575482
 -0.0339273
  0.0361061
  0.0555948
 -0.0290617
-0.00576441
-0.00957538
 -0.0574044
 -0.0349101
  0.0384646
  0.0587826
 -0.0293613
-0.00704672
 -0.0124876
 -0.0590822
 -0.0337955
  0.0366238
  0.0615749
 -0.0272282
-0.00914398
 -0.0171375
 -0.0619345
 -0.0205649
  0.0376017
  0.0572127
 -0.0219192
-0.00293612
 -0.0105221
 -0.0633846
  -0.035725
   0.035109
  0.0491832
 -0.0200136
-0.00162985
 -0.0119603
 -0.0680105
 -0.0295531
  0.0358376
  0.0388649
 -0.0196781
-0.00704672
 -0.0106779
 -0.0749254
 -0.0338315
  0.0340352
  0.0395839
 -0.0216675
-0.0120921
-0.0139017
-0.0718335
-0.0330285
 0.0320218
 0.0414175
 -0.021284
0.000215701
  -0.021296
 -0.0605323
 -0.0276596
  0.0308139
   0.046355
 -0.0213439
0.00172574
-0.0140455
-0.0644511
-0.0398595
 0.0341886
 0.0527426
 -0.020505
-0.0052491
-0.0186115
-0.0720971
-0.0294453
 0.0348405
 0.0533418
-0.0211522
 0.00346345
-0.00377502
 -0.0724446
 -0.0443656
   0.033249
  0.0513524
 -0.0213798
 0.00100666
-0.00417051
 -0.0705152
 -0.0476493
  0.0305646
  0.0466905
 -0.0226382
-0.00373906
 -0.0363721
 -0.0544323
 0.00264852
  0.0333833
  0.0424242
 -0.0235011
 0.0020493
-0.0222787
-0.0537852
 -0.019786
 0.0346296
  0.041813
 -0.022818
0.00148604
-0.0161427
-0.0614671
-0.0200736
 0.0347063
 0.0404228
-0.0238246
0.00162985
-0.0232254
-0.0544923
 -0.012164
 0.0343995
 0.0467145
-0.0233213
0.000359516
 -0.0226142
 -0.0579078
 -0.0171255
  0.0386563
  0.0484642
 -0.0230936
0.00135422
-0.0237527
-0.0571647
 -0.013686
 0.0409765
 0.0529822
 -0.024328
0.00403869
-0.0130868
-0.0601488
-0.0241362
 0.0362403
 0.0534497
-0.0249991
0.00147406
-0.0202054
-0.0579318
-0.0162506
 0.0358951
 0.0467624
-0.0245317
-0.00674712
 -0.0424362
 -0.0518557
  0.0148485
  0.0414367
  0.0454442
 -0.0212001
-0.00105462
 -0.0285464
 -0.0542885
 -0.0114809
  0.0336325
  0.0419088
 -0.0188871
0.00864062
-0.0119842
-0.0431911
-0.0284266
 0.0330189
 0.0411299
 -0.016706
0.00156992
-0.0110135
-0.0488237
-0.0294692
 0.0319452
 0.0439342
-0.0179404
-0.00766989
-0.00868855
 -0.0525748
 -0.0257661
  0.0306604
  0.0437424
 -0.0181801
 -0.0034155
 -0.0276716
 -0.0463909
-0.00143811
  0.0359718
   0.048632
 -0.0185156
-0.000731053
   -0.019714
  -0.0497705
  -0.0101626
   0.0309289
   0.0467385
  -0.0182879
0.000359538
-0.00539289
 -0.0525269
 -0.0305238
  0.0284937
  0.0472179
 -0.0196182
 -0.00028763
-0.000143815
  -0.0568771
  -0.0377982
   0.0300085
   0.0452285
   -0.019774
-0.000119839
  0.00085087
  -0.0488477
  -0.0421246
   0.0274774
   0.0435147
  -0.0204691
-0.00272042
 -0.0150042
 -0.0466306
 -0.0139856
  0.0318109
  0.0413695
 -0.0213079
-0.000347539
  -0.0116487
  -0.0461033
   -0.014441
    0.027976
   0.0369713
  -0.0225543
0.000539285
  0.0123677
 -0.0597893
 -0.0420047
  0.0281677
  0.0371751
 -0.0210922
-0.000323562
  0.00345145
  -0.0587706
  -0.0354374
   0.0294908
   0.0421006
  -0.0213798
-0.00143811
 -0.0154956
 -0.0558705
 -0.0208765
  0.0328847
  0.0470021
  -0.022027
0.000215701
-0.00903609
 -0.0575003
 -0.0306197
  0.0320218
  0.0433829
  -0.018959
0.000335561
 0.00557266
 -0.0634685
 -0.0458037
   0.032693
  0.0405546
 -0.0158671
3.59538e-05
-0.00325971
 -0.0550555
 -0.0351617
  0.0335175
  0.0403988
 -0.0145369
-0.00894023
 -0.0130389
 -0.0520116
-0.00693886
  0.0355883
  0.0392603
   -0.01371
   -0.00912
-0.00989896
 -0.0475774
-0.00109057
  0.0265379
  0.0383256
 -0.0148245
0.00590822
0.00967126
-0.0399195
-0.0276236
 0.0233548
 0.0388888
-0.0145608
0.00360727
0.00551275
-0.0437544
-0.0366238
 0.0233549
 0.0401112
-0.0148604
-0.0112532
-0.0233812
-0.0441499
 0.0110734
 0.0221085
 0.0451086
-0.0146927
-0.00352336
  -0.015172
 -0.0452884
 -0.0109656
  0.0178517
  0.0444375
 -0.0134703
-3.59538e-05
  -0.0036432
  -0.0499982
    -0.03038
   0.0221085
   0.0359167
  -0.0135541
  -0.002289
 -0.0277914
 -0.0417291
-0.00457798
  0.0174874
  0.0256223
 -0.0122599
-0.000431424
 -0.00321178
  -0.0451686
  -0.0267129
   0.0195774
   0.0242681
  -0.0112053
-0.00180962
-0.00920388
 -0.0430353
 -0.0176288
  0.0225687
  0.0276955
 -0.0110015
-0.00472179
 -0.0294093
 -0.0367197
  0.0140096
  0.0188104
   0.028834
  -0.011421
-0.00129429
 -0.0156873
 -0.0383375
-0.00955142
   0.020958
   0.026593
 -0.0152919
-0.00264852
 -0.0124157
   -0.04409
 -0.0158312
  0.0273816
  0.0202414
 -0.0197979
-0.00258859
  -0.016754
 -0.0435627
-0.00836499
  0.0251573
  0.0257061
 -0.0222907
-0.00195344
 -0.0137459
 -0.0450607
 -0.0133984
  0.0212648
  0.0397397
 -0.0226622
-0.00502138
 -0.0319859
 -0.0405546
  0.0120561
  0.0292032
  0.0485481
 -0.0230217
-0.00151002
 -0.0143331
 -0.0451686
 -0.0105341
  0.0309289
  0.0437185
 -0.0233812
0.000155792
 0.00780173
 -0.0468224
 -0.0337835
  0.0261927
  0.0416571
 -0.0216076
-0.00257661
-0.00873651
 -0.0411059
 -0.0115767
  0.0260393
  0.0452045
 -0.0218233
-0.00405067
-0.00442218
 -0.0420526
 -0.0170296
  0.0238534
  0.0396558
  -0.015963
 -0.00292415
  -0.0176767
   -0.034946
-0.000407469
   0.0269022
   0.0418849
  -0.0129909
0.000611192
 0.00232493
 -0.0403749
 -0.0246516
  0.0266146
  0.0293254
 -0.0108457
-0.00276835
0.000155792
 -0.0451566
 -0.0212121
  0.0301044
  0.0196302
-0.00993492
-0.00219312
  -0.010666
 -0.0401232
 -0.0132905
  0.0273624
  0.0219431
 -0.0104982
-0.00804141
0.000503353
 -0.0475774
 -0.0194145
  0.0270364
  0.0225783
 -0.0109176
-0.00804143
 -0.0077538
  -0.042532
   -0.01214
  0.0268447
    0.02277
 -0.0107379
  0.00225305
-0.000107861
  -0.0291576
  -0.0221229
   0.0273816
   0.0204571
   -0.010642
-0.00517719
  -0.011385
 -0.0308834
-0.00408662
  0.0268447
  0.0262694
 -0.0107858
-0.00704672
 0.00231295
  -0.040267
 -0.0145368
  0.0189063
  0.0324293
 -0.0108098
-0.000443423
 -0.00538092
  -0.0322376
   -0.013722
   0.0166245
   0.0394401
 -0.00940761
-0.00287622
-0.00662728
 -0.0316503
-0.00710663
  0.0145728
  0.0355692
-0.00907207
-0.00266049
 -0.0303561
 -0.0272282
  0.0183239
  0.0171039
  0.0384813
-0.00977912
0.000671123
 0.00574045
 -0.0335199
 -0.0180483
  0.0120801
  0.0339513
 -0.0104143
-0.00173772
 -0.0110015
 -0.0286782
 0.00981508
  0.0158575
  0.0335199
-0.00987501
-0.00105462
 -0.0206129
 -0.0263533
 0.00800548
   0.015359
  0.0270005
-0.00991096
0.000275631
 0.00721449
 -0.0299366
 -0.0274079
   0.014592
  0.0219311
 -0.0107978
-0.00328366
 -0.0307995
 -0.0244838
  0.0197859
  0.0181777
  0.0272402
 -0.0112532
-0.00209725
  -0.028858
 -0.0289299
 0.00276835
  0.0139976
  0.0205529
  -0.011409
3.59538e-05
 -0.0118284
 -0.0403269
 -0.0334839
  0.0160493
  0.0191748
 -0.0115528
5.99302e-05
 -0.0277195
 -0.0367077
 -0.0061479
  0.0168163
  0.0235131
 -0.0133864
-0.00221709
 -0.0213199
 -0.0421845
 -0.0355812
  0.0134607
  0.0222188
 -0.0119363
-0.00269645
 -0.0419927
 -0.0358808
-0.00280431
  0.0220893
  0.0240404
 -0.0110135
-0.00123436
 -0.0146328
 -0.0412857
  -0.025874
  0.0175066
  0.0276596
 -0.0110495
0.00085087
-0.0190549
-0.0342869
-0.0199537
 0.0214949
 0.0358568
 -0.011373
-0.00155795
 0.00168978
 -0.0400633
 -0.0255744
  0.0162602
   0.032657
 -0.0122958
-0.00200137
 -0.0203372
 -0.0281869
-0.00309192
  0.0148604
  0.0371511
 -0.0127992
-0.00304399
  -0.026581
 -0.0295771
 0.00588425
  0.0182352
  0.0270723
 -0.0133025
0.000707055
3.59538e-05
 -0.0342869
 -0.0145009
  0.0168163
  0.0177367
 -0.0140215
 0.000167792
  -0.0120921
  -0.0309313
-0.000970708
   0.0171997
   0.0216195
  -0.0149563
  0.002277
 0.0127153
-0.0336397
-0.0163944
 0.0109296
 0.0149204
-0.0146927
-0.00351138
 -0.0162147
 -0.0240284
  0.0109536
  0.0132306
  0.0177726
 -0.0140575
  0.0015939
-0.00725045
 -0.0208645
 -0.0070587
  0.0143044
  0.0139976
 -0.0135661
-1.19773e-05
  0.00601608
  -0.0304399
  -0.0133624
   0.0205362
   0.0108218
  -0.0132666
0.000790961
   0.002277
 -0.0295171
 -0.0235131
  0.0154165
  0.0118764
 -0.0134463
0.000707077
  0.0006831
 -0.0230217
 -0.0119962
  0.0152056
  0.0130269
 -0.0124995
-0.000395492
 -0.00681902
  -0.0168738
 -0.00738228
   0.0199417
   0.0142013
 -0.00747815
0.000814938
 -0.0119722
 -0.0164304
-0.00414653
  0.0147454
  0.0147406
-0.00562059
 0.00499742
   0.011385
 -0.0202174
 -0.0376784
  0.0127896
  0.0153997
-0.00458998
0.000467377
-0.00343945
  -0.018228
  -0.020517
  0.0182544
  0.0227221
-0.00474575
 0.00062317
-0.00633967
 -0.0146567
 -0.0231415
   0.014266
  0.0303321
-0.00475775
-0.000551262
-9.58622e-05
   -0.018264
  -0.0115528
   0.0136525
   0.0314826
 -0.00468582
 0.00202532
-0.00219312
 -0.0153518
 -0.0108936
  0.0173723
  0.0325971
-0.00467386
0.000719054
-0.00146208
 -0.0172453
-0.00847285
  0.0152248
  0.0262814
-0.00482963
-0.00424242
 0.00401472
   -0.02277
 -0.0121161
  0.0130005
  0.0234052
-0.00490156
-0.00184555
 0.00620783
 -0.0243759
 -0.0239685
  0.0139784
  0.0248313
-0.00447012
 0.00572845
 -0.0165622
-0.00470979
 0.00757403
  0.0149563
  0.0213319
-0.00468582
 0.00396678
  0.0152559
 -0.0176887
 -0.0310032
   0.014918
   0.011361
-0.00551275
-0.00659135
-0.00510528
 -0.0269645
-0.00115048
  0.0169505
 0.00565655
-0.00557266
-0.00110255
 -0.0181561
 -0.0177127
  0.0168498
  0.0111214
 0.00261256
-0.00532101
0.000671123
 -0.0110015
  -0.022003
-0.00279231
  0.0120993
 0.00768189
-0.00468582
 0.00282828
 0.00998287
 -0.0261735
 -0.0114689
 0.00542644
 0.00510528
-0.00443416
 -0.0013662
-0.00703475
  -0.024292
 0.00914395
 0.00864783
 0.00548878
-0.00436225
-0.000862869
  -0.0175569
  -0.0187314
   0.0086646
  0.00780414
   0.0063756
 -0.00394283
0.000119839
  -0.013638
 -0.0213918
 0.00172574
 0.00837936
 0.00772982
-0.00524908
-0.00156992
-0.00395479
 -0.0274439
-0.00142613
 0.00726724
 0.00582434
-0.00659132
 0.000982708
-0.000766985
  -0.0254066
  -0.0198579
  0.00661529
  0.00886832
 -0.00665125
-0.00171376
 -0.0149563
 -0.0137459
-0.00244479
 0.00650023
  0.0181921
-0.00618385
 -0.0054648
 -0.0264012
 -0.0119363
  0.0143811
 0.00847525
  0.0186235
-0.00511726
 -0.0009108
 -0.0246516
 -0.0108697
-0.00435028
  0.0091272
  0.0155675
-0.00443416
  0.0004554
 -0.0027324
 -0.0161787
 -0.0292295
 0.00743978
 0.00743022
-0.00437425
-0.00192946
-0.00897618
 -0.0145608
 -0.0285344
 0.00832187
 0.00871255
-0.00411058
-0.00317582
 -0.0285225
-0.00556066
-0.00672316
 0.00680703
  0.0149683
-0.00511726
-0.00100666
 -0.0209964
-0.00481768
 -0.0179763
 0.00661529
  0.0132306
-0.00564457
-0.00011986
  -0.017461
-0.00714259
 -0.0164544
  0.0104694
   0.011409
-0.00558466
-0.000383492
    0.002289
 -0.00900016
  -0.0327169
  0.00297209
  0.00835301
 -0.00551273
-0.00208525
 -0.0108098
-0.00566852
-0.00590822
 0.00809177
  0.0118044
-0.00643553
-0.00124636
-0.00885632
  -0.004566
-0.00731038
 0.00690288
  0.0153278
-0.00671116
 -0.00016777
 -0.00243281
 -0.00596815
-0.000395492
  0.00437188
   0.0130628
 -0.00649546
0.000898823
  0.0016059
-0.00545282
-0.00246875
 0.00655776
  0.0107259
-0.00583632
  -0.0015939
 -0.00726245
 -0.00397876
-0.000575239
  0.00903131
   0.0143811
 -0.00545282
-0.00266051
 -0.0133265
-0.00647146
 0.00935968
  0.0046978
  0.0185875
-0.00508131
 0.00219312
  0.0107738
 -0.0128351
 -0.0192467
 0.00214759
  0.0147645
-0.00534496
-0.000862847
 -0.00149804
  -0.0111693
   0.0013542
  0.00678786
  0.00873651
 -0.00476972
-0.00103066
-0.00330764
 -0.0108218
 0.00403869
 0.00642354
 0.00988698
-0.00480568
 0.000359538
-0.000131838
 -0.00744219
 8.38849e-05
  0.00324052
  0.00393083
 -0.00450607
0.000371515
 0.00219312
-0.00847285
-0.00488956
 0.00314466
 0.00231295
-0.00403869
 -0.0013782
-0.00275638
-0.00835301
2.39765e-05
 0.00324055
 0.00297208
-0.00419446
-0.00231295
-0.00522512
-0.00759799
 0.00698679
 0.00241602
 0.00149804
-0.00415853
0.000467377
 0.00166581
-0.00629172
-0.00902412
 0.00291456
 0.00051533
-0.00429035
-0.00219309
-0.00794552
-0.00749015
 0.00668721
 0.00527306
2.39546e-05
-0.00402671
 0.00010784
-0.00741824
 -0.0043263
 0.00445812
0.000786166
 0.00168978
-0.00276835
 0.000155814
  0.00657932
  -0.0104143
  -0.0190789
 0.000958709
 0.000551262
-0.000203724
-0.00118645
 -0.0006831
-0.00778975
-0.00876048
 0.00136143
0.000239699
0.000155792
-0.000251655
  -0.0103184
 -0.00260058
 -0.00230095
  0.00147644
           0
-0.000155792
-0.000707077
 -0.00154597
 -0.00564457
 -0.00750215
 0.000671114
 0.000179747
           0
 1.19773e-05
 -0.00244477
 -0.00497345
 -0.00540487
  0.00138059
 5.99302e-05
-3.59538e-05
0.000119839
-0.00179765
-0.00369113
-0.00529703
 0.00105463
          0
          0
-0.000886824
 -0.00118643
 -0.00432632
 -0.00618385
  0.00080533
           0
           0
0.000263654
-0.00188153
0.000994707
-0.00645951
0.000958744
4.79311e-05
          0
-0.000503331
  -0.0013662
-0.000491354
 -0.00486559
 0.000536863
-1.19773e-05
-5.99302e-05
-8.39067e-05
 -0.00119843
  0.00128232
 -0.00306796
           0
           0
 1.19991e-05
           0
-0.000802939
  0.00134222
 -0.00118645
-0.000210906
 1.19773e-05
-3.59538e-05
           0
-0.000599215
 0.000802939
 0.000491354
-1.91637e-05
 2.39765e-05
 3.59538e-05
 3.59538e-05
-0.000671101
 0.000467399
  0.00109057
 1.91637e-05
           0
-3.59538e-05
 2.39765e-05
  -0.0009108
 0.000587216
  0.00140215
           0
           0
-3.59538e-05
-1.19773e-05
 -0.00097073
   0.0006831
  0.00197739
           0
           0
           0
 1.19773e-05
 -0.00118643
 0.000503331
  0.00244479
 5.75261e-05
-2.39765e-05
           0
-2.39765e-05
  -0.0013662
 0.000239699
  0.00281629
           0
 2.39765e-05
-2.39765e-05
-3.59538e-05
 -0.00155795
 3.59538e-05
  0.00336757
           0
 1.19773e-05
-2.39765e-05
-2.39546e-05
 -0.00161788
-5.99302e-05
   0.0034155
-1.91637e-05
           0
           0
-0.000107861
 -0.00146208
-8.38849e-05
  0.00333162
 3.83274e-05
 2.39765e-05
           0
-8.38849e-05
 -0.00129429
-3.59538e-05
  0.00307996
-1.91637e-05
-3.59538e-05
-5.99084e-05
-0.000119839
 -0.00129429
           0
  0.00251668
           0
 5.99302e-05
 1.19773e-05
-0.000167792
 -0.00117445
 2.39765e-05
  0.00213319
-1.91637e-05
  3.5932e-05
           0
-3.59538e-05
 -0.00107859
           0
  0.00209725
 1.91637e-05
-2.39546e-05
-1.19773e-05
-2.39546e-05
-0.000886824
 4.79311e-05
  0.00224105
 1.91637e-05
           0
-1.19991e-05
-1.19991e-05
-0.000766985
 0.000107861
  0.00228898
-1.91637e-05
 1.19773e-05
           0
-1.19773e-05
-0.000731053
  0.00010784
    0.002277
 1.91637e-05
-1.19773e-05
-2.39546e-05
 4.79311e-05
-0.000731031
 5.99302e-05
  0.00230098
           0
           0
-2.39765e-05
           0
-0.000814916
-2.39765e-05
  0.00221709
           0
-1.19773e-05
           0
-3.59538e-05
-0.000838914
 2.39765e-05
  0.00212121
           0
           0
 2.39765e-05
-1.19773e-05
 -0.00085087
           0
   0.0018216
           0
  3.5932e-05
-4.79311e-05
-1.19773e-05
-0.000874846
-2.39765e-05
  0.00152199
-1.91637e-05
 2.39765e-05
-1.19991e-05
 1.19773e-05
-0.000874846
-3.59538e-05
  0.00123438
           0
-1.19773e-05
 1.19991e-05
-2.39765e-05
-0.000814938
-2.39546e-05
 0.000958731
           0
-1.19991e-05
-1.19991e-05
-2.39546e-05
-0.000719054
 3.59538e-05
 0.000790961
-1.91637e-05
 3.59538e-05
-4.79311e-05
           0
-0.000587216
-1.19991e-05
 0.000778962
 1.91637e-05
-1.19773e-05
           0
           0
-0.000443423
 1.19991e-05
 0.000790961
           0
           0
           0
           0
-0.000371515
           0
   0.0009108
           0
 3.59538e-05
-3.59538e-05
-1.19991e-05
-0.000335561
 1.19773e-05
  0.00097073
           0
-2.39765e-05
-2.39765e-05
           0
 -0.00033554
-1.19773e-05
  0.00107857
           0
-1.19773e-05
           0
-1.19773e-05
-0.000347561
           0
   0.0006831
           0
 1.19773e-05
           0
           0
-0.000419446
           0
 0.000179769
           0
 2.39765e-05
-2.39546e-05
           0
-0.000563261
           0
-0.000275631
 1.91637e-05
 2.39765e-05
-1.19991e-05
-1.19773e-05
-0.000587216
-1.19991e-05
-0.000671123
           0
           0
-2.39546e-05
-1.19991e-05
-2.39765e-05
           0
-0.000922777
           0
-2.39765e-05
 2.39546e-05
           0
 0.000143815
 3.59538e-05
 -0.00104264
           0
 7.19076e-05
-4.79311e-05
-2.39546e-05
   0.0002277
 2.39765e-05
-0.000862847
-1.91637e-05
-2.39765e-05
-2.39546e-05
 2.39546e-05
 0.000215723
           0
-0.000707077
           0
           0
-1.19991e-05
           0
 8.38849e-05
-2.39765e-05
-0.000479376
-1.91637e-05
           0
           0
           0
 7.19076e-05
           0
-0.000371515
 1.91637e-05
           0
           0
-2.39546e-05
 5.99084e-05
           0
-0.000251655
 1.91637e-05
 2.39765e-05
           0
           0
 1.19991e-05
-3.59538e-05
-7.19076e-05
           0
           0
-4.79311e-05
-1.19991e-05
-2.39765e-05
 1.19991e-05
-2.39765e-05
           0
           0
           0
-1.19773e-05
-2.39546e-05
           0
 2.39765e-05
-3.83274e-05
-2.39765e-05
           0
           0
-4.79529e-05
           0
 3.59538e-05
 3.83274e-05
           0
-3.59538e-05
           0
-5.99084e-05
           0
-2.39765e-05
           0
 5.99302e-05
-2.39765e-05
-2.39765e-05
           0
 2.39546e-05
-5.99084e-05
           0
           0
-1.19773e-05
-2.39546e-05
           0
-1.19773e-05
-1.19991e-05
           0
 1.19773e-05
-2.39765e-05
           0
 2.39546e-05
 1.19773e-05
-4.79311e-05
-1.91637e-05
-2.39546e-05
-2.39546e-05
-1.19773e-05
 3.59538e-05
-7.18857e-05
 -9.5884e-05
-1.91637e-05
 1.19773e-05
 2.39546e-05
-2.39765e-05
 4.79529e-05
           0
-0.000143793
 3.83274e-05
-3.59538e-05
-2.39546e-05
 2.39765e-05
           0
           0
 -9.5884e-05
           0
 3.59538e-05
-1.19991e-05
-1.19991e-05
  3.5932e-05
           0
 2.39765e-05
 1.91986e-05
           0
-4.79311e-05
-1.19773e-05
-1.19773e-05
 4.79311e-05
           0
           0
           0
 2.39765e-05
 2.39765e-05
-2.39546e-05
 2.39546e-05
 1.19773e-05
-3.83623e-05
           0
-2.39765e-05
-1.19991e-05
-3.59538e-05
 5.99302e-05
 4.79311e-05
           0
-1.19773e-05
-1.19773e-05
           0
-1.19991e-05
 8.38849e-05
 1.19991e-05
-1.91637e-05
 1.19773e-05
 1.19773e-05
-1.19773e-05
-3.59538e-05
 4.79311e-05
-3.59538e-05
           0
 2.39765e-05
-1.19773e-05
           0
           0
 1.19991e-05
-3.59538e-05
           0
-2.39765e-05
-2.39765e-05
           0
           0
-1.19991e-05
-2.39765e-05
           0
           0
 2.39765e-05
-2.39765e-05
 2.39765e-05
-2.39546e-05
-3.59538e-05
-3.83623e-05
 2.39765e-05
-4.79311e-05
-1.19773e-05
 1.19773e-05
-7.19076e-05
-0.000107861
           0
           0
           0
-1.19773e-05
 4.79529e-05
-0.000119839
-5.99084e-05
-1.91637e-05
 2.39546e-05
-2.39765e-05
-2.39765e-05
           0
-1.19991e-05
-3.59538e-05
 1.91637e-05
-2.39546e-05
           0
           0
           0
 1.19991e-05
 8.38849e-05
 3.83623e-05
-2.39765e-05
-3.59538e-05
-2.39765e-05
           0
 1.19773e-05
           0
-3.83623e-05
-1.19773e-05
 2.39765e-05
 2.39765e-05
-2.39765e-05
 5.99302e-05
 3.59538e-05
 3.83623e-05
 3.59538e-05
-2.39765e-05
           0
-2.39765e-05
 7.19076e-05
           0
           0
 2.39546e-05
-2.39765e-05
-3.59538e-05
-1.19773e-05
 1.19773e-05
 8.38849e-05
           0
 1.19773e-05
           0
           0
-2.39765e-05
 3.59538e-05
           0
           0
           0
-2.39546e-05
           0
           0
-3.59538e-05
-5.99084e-05
           0
 2.39765e-05
           0
-1.19773e-05
           0
-1.19773e-05
-4.79529e-05
           0
-2.39765e-05
           0
           0
 3.59538e-05
           0
-5.99084e-05
           0
 2.39765e-05
           0
-1.19991e-05
 2.39765e-05
-4.79529e-05
-0.000107861
           0
           0
           0
-1.19773e-05
           0
           0
-0.000143815
           0
           0
           0
 1.19773e-05
 2.39765e-05
 3.59538e-05
-4.79311e-05
-3.83623e-05
-2.39765e-05
-3.59538e-05
          0
          0
2.39765e-05
2.39546e-05
3.83623e-05
2.39765e-05
2.39546e-05
-1.19773e-05
-2.39765e-05
 0.000107861
 2.39765e-05
-3.83623e-05
-2.39765e-05
-2.39546e-05
 3.59538e-05
-1.19773e-05
 2.39546e-05
 1.19773e-05
 3.83623e-05
 4.79529e-05
-2.39765e-05
-1.19773e-05
-2.39765e-05
 1.19991e-05
 0.000107861
           0
           0
-1.19773e-05
-2.39765e-05
-1.19773e-05
-1.19991e-05
 2.39765e-05
 1.91637e-05
           0
           0
           0
-1.19991e-05
-2.39546e-05
 1.19773e-05
           0
-4.79529e-05
-4.79311e-05
           0
 2.39765e-05
-4.79529e-05
-3.59538e-05
-1.91637e-05
           0
 4.79311e-05
-4.79311e-05
-2.39765e-05
-9.58622e-05
           0
           0
 4.79529e-05
           0
-8.38849e-05
 2.39765e-05
-7.19076e-05
-4.79311e-05
           0
 2.39546e-05
-4.79311e-05
-3.59538e-05
 1.19773e-05
-2.39765e-05
 -9.5884e-05
           0
-7.19076e-05
           0
-4.79529e-05
 2.39765e-05
 2.39765e-05
-5.99084e-05
           0
 4.79529e-05
           0
-4.79311e-05
 2.39765e-05
           0
 1.19773e-05
 1.91637e-05
-2.39765e-05
-3.59538e-05
          0
          0
7.19076e-05
4.79311e-05
          0
4.79311e-05
2.39546e-05
           0
-2.39765e-05
 8.38849e-05
 2.39765e-05
 1.91637e-05
           0
           0
           0
-5.99302e-05
 5.99302e-05
 3.59538e-05
-3.83274e-05
-2.39546e-05
-2.39546e-05
          0
1.19991e-05
1.19773e-05
8.38849e-05
          0
2.39546e-05
2.39546e-05
           0
 1.19773e-05
 1.19773e-05
 5.99302e-05
 1.91637e-05
-2.39546e-05
-2.39546e-05
-1.19773e-05
           0
           0
-2.39765e-05
-1.91637e-05
           0
-2.39765e-05
-1.19773e-05
           0
-2.39546e-05
-7.19076e-05
-3.83623e-05
 2.39546e-05
           0
-2.39765e-05
 1.19773e-05
-3.59538e-05
-4.79311e-05
 3.83623e-05
           0
 2.39765e-05
           0
 2.39765e-05
-3.59538e-05
-8.38849e-05
 3.83274e-05
           0
           0
           0
 2.39765e-05
-2.39765e-05
-0.000119839
           0
 1.19991e-05
-2.39765e-05
-1.19773e-05
-2.39765e-05
-1.19773e-05
-0.000119839
-1.91637e-05
 2.39546e-05
-3.59538e-05
-1.19991e-05
           0
 3.59538e-05
           0
           0
           0
 1.19773e-05
 1.19991e-05
-1.19773e-05
 2.39546e-05
 2.39546e-05
           0
-3.59538e-05
-1.19773e-05
-1.19991e-05
-1.19991e-05
 1.19991e-05
 5.99302e-05
-1.91637e-05
 2.39765e-05
           0
          0
          0
1.19773e-05
8.38849e-05
1.91637e-05
1.19773e-05
          0
           0
-1.19773e-05
-2.39765e-05
 0.000119839
-1.91637e-05
-1.19773e-05
-4.79311e-05
-1.19773e-05
           0
 1.19991e-05
 7.19076e-05
 1.91637e-05
-2.39765e-05
           0
-2.39765e-05
           0
-3.59538e-05
-1.19773e-05
           0
           0
-1.19773e-05
-1.19773e-05
 1.19773e-05
-3.59538e-05
-4.79529e-05
-1.91637e-05
 3.59538e-05
 1.19773e-05
-1.19773e-05
 1.19991e-05
-1.19773e-05
-5.99084e-05
           0
           0
           0
-1.19991e-05
           0
           0
-7.19076e-05
           0
           0
-1.19773e-05
           0
           0
           0
-0.000119839
-3.83623e-05
           0
 1.19773e-05
           0
-1.19991e-05
 4.79311e-05
-8.38849e-05
 3.83623e-05
-1.19773e-05
-3.59538e-05
          0
1.19991e-05
2.39546e-05
3.59538e-05
3.83274e-05
1.19773e-05
          0
           0
-1.19991e-05
 4.79529e-05
 2.39546e-05
           0
           0
           0
-1.19773e-05
           0
           0
 2.39765e-05
           0
-2.39546e-05
           0
           0
-3.59538e-05
 3.59538e-05
 3.59538e-05
-1.91637e-05
 2.39546e-05
           0
 1.19773e-05
 2.39765e-05
-2.39765e-05
 9.58622e-05
           0
 2.39765e-05
-2.39765e-05
-3.59538e-05
-1.19773e-05
-1.19773e-05
 5.99302e-05
           0
 2.39765e-05
           0
           0
 1.19773e-05
-2.39765e-05
-2.39765e-05
           0
 2.39546e-05
-1.19773e-05
           0
-1.19773e-05
-2.39765e-05
-4.79311e-05
 1.91637e-05
           0
           0
           0
 2.39546e-05
-2.39546e-05
-4.79311e-05
-3.83274e-05
-2.39546e-05
           0
-1.19773e-05
           0
-2.39765e-05
-1.19991e-05
 1.91637e-05
-2.39765e-05
           0
-3.59538e-05
 1.19991e-05
 2.39765e-05
-8.38849e-05
           0
 2.39765e-05
           0
           0
-1.19991e-05
           0
           0
 1.91637e-05
 2.39546e-05
-2.39765e-05
 2.39765e-05
           0
           0
 2.39765e-05
-1.91637e-05
-2.39546e-05
 2.39765e-05
           0
           0
 2.39546e-05
 3.59538e-05
 1.91637e-05
           0
-7.19076e-05
-2.39765e-05
           0
           0
 2.39546e-05
-1.91637e-05
 2.39546e-05
-1.19773e-05
          0
          0
1.19991e-05
3.59538e-05
1.91637e-05
          0
          0
