-1.51693
 1.85965
0.466113
-1.02959
 1.13678
 1.22769
0.400831
-1.51693
 1.85965
0.466113
-1.02959
 1.13678
 1.22769
0.400832
-1.51693
 1.85965
0.466113
-1.02959
 1.13678
 1.22769
0.400832
-1.51692
 1.85965
0.466113
 -1.0296
 1.13678
 1.22769
0.400831
-1.51693
 1.85965
0.466119
-1.02959
 1.13678
  1.2277
0.400828
-1.51693
 1.85965
0.466129
-1.02959
 1.13679
 1.22771
0.400822
-1.51693
 1.85963
0.466151
-1.02959
 1.13681
 1.22774
0.400808
-1.51694
 1.85962
0.466143
-1.02961
 1.13687
 1.22779
0.400773
-1.51695
 1.85961
0.466098
-1.02965
 1.13704
  1.2279
0.400669
-1.51697
  1.8596
0.466001
-1.02977
 1.13733
 1.22814
0.400458
-1.51697
 1.85949
0.465888
-1.02989
 1.13774
 1.22848
0.400162
-1.51699
 1.85933
0.465652
-1.03004
 1.13826
 1.22892
 0.39982
-1.51699
 1.85921
0.465246
-1.03036
 1.13885
 1.22945
0.399463
-1.51702
 1.85901
0.464707
-1.03071
 1.13948
 1.23009
0.399053
-1.51704
 1.85871
0.464096
-1.03104
 1.14019
 1.23079
0.398605
-1.51709
 1.85833
0.463412
-1.03138
 1.14094
  1.2315
0.398122
-1.51706
  1.8581
0.462621
  -1.032
 1.14174
 1.23222
0.397653
 -1.5171
  1.8578
0.461741
-1.03249
 1.14254
 1.23296
0.397208
-1.51712
 1.85734
0.460918
-1.03292
  1.1433
 1.23369
0.396761
-1.51715
 1.85694
0.460056
-1.03342
 1.14403
 1.23437
0.396336
-1.51716
 1.85663
0.459163
-1.03389
 1.14474
 1.23496
0.395967
-1.51726
  1.8563
0.458291
-1.03425
 1.14538
 1.23553
0.395696
-1.51729
 1.85599
0.457521
-1.03462
  1.1459
 1.23609
0.395463
-1.51741
 1.85564
0.456781
 -1.0348
 1.14638
 1.23652
0.395226
-1.51749
 1.85531
0.456086
-1.03502
 1.14682
 1.23691
 0.39497
-1.51759
 1.85512
 0.45534
-1.03534
 1.14724
 1.23731
0.394704
-1.51763
  1.8549
0.454641
-1.03567
 1.14765
 1.23771
0.394455
-1.51778
  1.8546
0.453974
 -1.0358
 1.14809
 1.23812
0.394197
 -1.5178
 1.85435
0.453349
-1.03606
  1.1485
 1.23851
 0.39395
-1.51794
 1.85398
0.452697
-1.03611
 1.14892
 1.23886
0.393723
-1.51807
 1.85374
 0.45197
-1.03635
  1.1493
 1.23922
0.393497
 -1.5181
 1.85349
0.451318
-1.03669
  1.1497
 1.23967
0.393267
-1.51822
 1.85316
0.450684
-1.03685
 1.15012
 1.24013
 0.39303
 -1.5183
 1.85281
0.450103
-1.03703
 1.15053
 1.24053
0.392767
-1.51839
  1.8525
0.449469
-1.03728
 1.15096
 1.24091
0.392491
-1.51847
 1.85229
0.448817
-1.03755
 1.15136
 1.24129
0.392225
-1.51856
 1.85205
0.448197
-1.03775
  1.1518
 1.24179
0.391957
-1.51862
  1.8518
0.447652
-1.03799
 1.15223
 1.24225
 0.39171
-1.51871
 1.85155
0.447062
-1.03816
 1.15267
 1.24267
 0.39147
-1.51873
 1.85131
0.446526
 -1.0384
  1.1531
 1.24312
0.391231
-1.51884
 1.85097
0.445966
-1.03851
 1.15352
 1.24359
0.390988
-1.51891
 1.85081
0.445362
-1.03879
 1.15393
 1.24409
0.390724
-1.51892
 1.85068
0.444779
-1.03915
 1.15436
 1.24455
0.390442
-1.51899
 1.85043
0.444227
-1.03938
  1.1548
 1.24499
0.390177
-1.51902
 1.85027
0.443656
-1.03968
 1.15524
 1.24545
0.389926
-1.51911
    1.85
0.443052
 -1.0398
 1.15567
 1.24592
0.389683
 -1.5191
 1.84972
 0.44249
-1.04003
 1.15609
 1.24638
0.389448
-1.51914
 1.84961
0.441782
-1.04033
 1.15653
 1.24679
0.389204
-1.51919
 1.84945
0.441088
-1.04057
 1.15694
 1.24721
0.388956
-1.51919
 1.84926
 0.44044
 -1.0408
 1.15738
 1.24768
0.388697
-1.51922
 1.84908
0.439761
  -1.041
 1.15783
 1.24815
0.388424
-1.51919
 1.84893
 0.43912
-1.04127
 1.15825
 1.24855
0.388147
-1.51925
 1.84873
0.438427
 -1.0414
  1.1587
 1.24894
0.387909
-1.51928
 1.84857
 0.43772
-1.04161
 1.15913
 1.24936
0.387672
-1.51929
 1.84837
0.437135
-1.04187
 1.15956
  1.2498
 0.38743
-1.51933
 1.84811
0.436524
-1.04205
 1.15998
 1.25021
0.387187
-1.51933
 1.84797
0.435901
-1.04248
 1.16042
 1.25062
0.386931
-1.51943
 1.84777
0.435228
-1.04279
 1.16087
 1.25102
0.386674
-1.51947
 1.84752
0.434682
-1.04312
 1.16127
 1.25147
0.386408
-1.51958
 1.84728
0.434058
-1.04339
  1.1617
 1.25193
0.386136
-1.51966
 1.84708
0.433449
 -1.0437
 1.16213
 1.25234
 0.38589
-1.51968
 1.84688
0.432941
  -1.044
 1.16258
 1.25278
0.385654
-1.51974
 1.84668
0.432398
-1.04431
   1.163
 1.25323
0.385408
-1.51984
 1.84643
  0.4318
-1.04451
 1.16344
 1.25369
0.385161
-1.51988
 1.84621
0.431224
-1.04479
 1.16387
 1.25414
0.384898
-1.51997
 1.84598
0.430641
-1.04499
 1.16432
 1.25456
0.384634
-1.51994
 1.84578
0.430099
-1.04529
 1.16473
   1.255
0.384371
-1.51995
 1.84555
0.429517
-1.04551
 1.16516
 1.25547
0.384107
   -1.52
 1.84528
0.428895
-1.04569
 1.16556
 1.25594
0.383859
-1.52003
 1.84498
0.428326
-1.04581
 1.16599
 1.25635
0.383629
-1.52003
 1.84483
 0.42771
-1.04611
 1.16642
 1.25673
0.383395
-1.51999
 1.84463
0.427159
-1.04635
 1.16684
 1.25717
0.383149
-1.52003
 1.84434
0.426591
-1.04648
 1.16726
 1.25762
0.382887
-1.52007
 1.84407
0.425978
-1.04668
 1.16764
 1.25803
0.382624
-1.52005
 1.84381
0.425407
-1.04691
 1.16804
 1.25842
0.382367
-1.52011
 1.84356
0.424768
-1.04717
 1.16841
 1.25881
0.382114
-1.52018
 1.84326
0.424149
-1.04732
 1.16883
 1.25923
0.381871
-1.52017
 1.84306
0.423588
-1.04767
 1.16925
  1.2597
0.381633
-1.52022
 1.84284
0.422974
-1.04795
 1.16967
 1.26011
0.381404
-1.52032
  1.8426
0.422321
 -1.0482
 1.17007
 1.26047
0.381161
-1.52032
 1.84238
0.421744
-1.04856
 1.17047
 1.26088
0.380899
-1.52041
 1.84215
0.421084
-1.04885
 1.17087
 1.26135
0.380634
-1.52045
 1.84197
0.420445
-1.04922
 1.17125
  1.2618
 0.38038
-1.52046
 1.84179
 0.41986
 -1.0496
 1.17164
 1.26219
0.380146
-1.52053
 1.84157
0.419229
-1.04987
 1.17202
 1.26259
0.379929
-1.52061
  1.8414
0.418576
-1.05015
 1.17243
 1.26304
0.379704
-1.52061
 1.84129
0.417977
-1.05043
 1.17284
 1.26351
0.379471
-1.52063
 1.84125
0.417353
-1.05077
 1.17324
 1.26393
0.379251
-1.52062
 1.84108
 0.41685
-1.05098
 1.17365
 1.26436
0.379011
-1.52068
 1.84088
0.416289
-1.05108
 1.17405
 1.26476
0.378758
-1.52072
 1.84082
0.415679
-1.05133
 1.17442
 1.26518
0.378508
-1.52075
 1.84072
0.415114
-1.05152
 1.17481
 1.26561
 0.37826
-1.52074
  1.8406
0.414608
-1.05169
  1.1752
 1.26603
0.378035
-1.52075
  1.8405
0.414074
-1.05195
 1.17559
 1.26644
0.377814
 -1.5208
 1.84036
 0.41351
-1.05213
 1.17602
 1.26685
0.377591
-1.52081
 1.84016
0.412986
-1.05226
 1.17643
 1.26728
0.377358
-1.52086
 1.83998
0.412393
-1.05247
 1.17683
  1.2677
0.377119
 -1.5209
 1.83981
0.411773
-1.05269
 1.17722
 1.26811
0.376881
-1.52089
 1.83959
0.411219
-1.05288
 1.17762
 1.26851
 0.37663
-1.52088
 1.83946
 0.41061
-1.05314
 1.17799
 1.26893
0.376382
-1.52091
 1.83934
0.409951
-1.05336
 1.17838
 1.26935
0.376161
 -1.5209
  1.8391
0.409367
 -1.0535
 1.17876
 1.26977
0.375962
-1.52098
 1.83882
0.408752
 -1.0536
 1.17915
 1.27016
 0.37577
-1.52104
 1.83868
0.408116
-1.05388
 1.17955
 1.27052
0.375572
-1.52102
 1.83852
0.407583
-1.05421
 1.17996
 1.27095
0.375354
-1.52103
 1.83834
0.407059
-1.05455
 1.18035
 1.27142
0.375119
-1.52115
 1.83808
0.406503
-1.05479
 1.18076
 1.27186
0.374901
-1.52123
 1.83793
0.405954
-1.05514
 1.18114
 1.27226
0.374667
-1.52122
 1.83783
0.405437
-1.05553
  1.1815
  1.2727
0.374431
-1.52124
 1.83757
0.404952
-1.05574
 1.18188
 1.27318
0.374217
-1.52134
 1.83728
0.404402
-1.05585
 1.18227
 1.27362
0.374012
-1.52133
  1.8371
 0.40384
-1.05611
 1.18265
 1.27403
0.373817
-1.52134
 1.83687
0.403248
-1.05629
 1.18305
 1.27447
0.373617
-1.52136
 1.83668
0.402644
-1.05655
 1.18341
 1.27493
0.373409
-1.52142
 1.83647
0.402053
-1.05676
 1.18377
 1.27535
0.373172
-1.52142
 1.83617
0.401535
-1.05686
 1.18416
 1.27573
0.372936
-1.52141
 1.83594
0.400984
-1.05707
 1.18454
 1.27609
0.372706
-1.52146
 1.83578
0.400373
-1.05728
 1.18491
 1.27645
0.372473
-1.52143
 1.83564
0.399825
-1.05754
 1.18526
 1.27685
0.372251
-1.52144
  1.8355
0.399261
-1.05785
 1.18565
 1.27727
0.372046
 -1.5215
 1.83519
0.398712
-1.05798
 1.18603
 1.27765
0.371849
-1.52159
 1.83496
0.398157
-1.05819
  1.1864
 1.27799
0.371649
-1.52155
 1.83488
0.397625
-1.05859
 1.18678
 1.27834
0.371445
-1.52154
 1.83479
0.397068
-1.05893
 1.18714
 1.27876
0.371228
-1.52163
 1.83458
0.396498
-1.05906
  1.1875
 1.27921
   0.371
-1.52173
 1.83443
0.395923
-1.05922
 1.18787
  1.2796
 0.37076
 -1.5217
 1.83445
0.395384
-1.05955
 1.18823
 1.27994
0.370538
 -1.5217
 1.83442
0.394839
-1.05982
  1.1886
 1.28031
0.370325
-1.52183
 1.83424
0.394253
-1.05986
 1.18899
 1.28073
0.370117
-1.52192
 1.83413
0.393678
-1.06006
 1.18934
 1.28118
0.369921
-1.52189
 1.83413
0.393161
-1.06038
 1.18971
 1.28157
0.369725
 -1.5219
 1.83407
0.392615
-1.06067
 1.19008
 1.28196
0.369528
-1.52201
 1.83391
0.392056
-1.06076
 1.19044
 1.28237
0.369321
-1.52209
 1.83379
  0.3915
-1.06091
  1.1908
 1.28279
0.369109
-1.52206
 1.83375
0.391027
-1.06115
 1.19116
 1.28325
0.368882
-1.52206
 1.83358
0.390565
 -1.0613
 1.19153
 1.28368
0.368649
-1.52214
 1.83344
0.390015
-1.06147
 1.19189
 1.28405
 0.36843
-1.52221
 1.83333
0.389485
-1.06169
 1.19223
 1.28443
0.368241
-1.52218
 1.83325
0.389016
-1.06199
 1.19255
 1.28484
 0.36805
-1.52219
 1.83303
0.388562
-1.06215
 1.19289
  1.2853
0.367857
-1.52229
 1.83283
0.388017
-1.06233
 1.19323
 1.28571
 0.36766
-1.52236
 1.83272
0.387453
-1.06259
 1.19356
 1.28606
0.367462
-1.52234
 1.83255
0.386985
-1.06287
 1.19391
 1.28645
0.367251
-1.52235
 1.83242
0.386505
-1.06312
 1.19423
 1.28687
 0.36704
-1.52241
 1.83214
0.386022
-1.06319
 1.19458
 1.28729
0.366826
-1.52246
 1.83198
0.385494
-1.06336
 1.19492
 1.28763
0.366605
-1.52253
 1.83186
 0.38496
-1.06353
 1.19526
 1.28794
0.366391
-1.52253
 1.83162
0.384549
-1.06367
  1.1956
  1.2883
0.366202
-1.52254
 1.83148
0.384096
-1.06388
 1.19594
 1.28867
0.366014
-1.52262
 1.83133
0.383537
-1.06403
 1.19628
 1.28906
0.365819
-1.52273
  1.8311
0.383023
-1.06415
  1.1966
 1.28942
0.365623
-1.52272
 1.83095
 0.38259
 -1.0644
 1.19694
 1.28974
0.365416
-1.52275
 1.83069
0.382172
-1.06457
  1.1973
  1.2901
0.365204
-1.52281
 1.83055
 0.38163
-1.06486
 1.19762
 1.29048
0.364992
-1.52287
 1.83039
0.381079
-1.06512
 1.19797
 1.29089
0.364781
-1.52296
 1.83016
0.380556
-1.06536
 1.19833
  1.2913
0.364571
-1.52297
    1.83
0.380113
-1.06567
 1.19865
 1.29167
0.364373
-1.52299
 1.82973
0.379696
-1.06584
 1.19899
 1.29209
0.364178
-1.52305
 1.82959
0.379135
-1.06613
 1.19932
 1.29251
0.364007
-1.52309
 1.82945
0.378569
-1.06644
 1.19963
 1.29292
0.363826
-1.52317
 1.82922
0.378063
-1.06659
 1.19994
 1.29331
0.363631
-1.52318
 1.82906
  0.3776
 -1.0669
 1.20026
 1.29369
0.363423
-1.52319
 1.82886
0.377136
-1.06712
 1.20062
 1.29411
0.363215
-1.52323
 1.82875
0.376595
-1.06735
 1.20095
 1.29451
0.363004
 -1.5233
 1.82856
0.376081
-1.06743
 1.20129
 1.29491
0.362799
-1.52337
 1.82846
0.375555
-1.06759
 1.20158
 1.29524
0.362597
-1.52334
 1.82832
 0.37514
-1.06777
 1.20189
 1.29558
0.362414
-1.52335
  1.8282
 0.37469
-1.06795
 1.20221
 1.29587
0.362225
-1.52339
 1.82801
0.374204
-1.06804
  1.2025
 1.29624
 0.36204
-1.52339
  1.8279
0.373705
-1.06827
 1.20278
 1.29661
0.361868
-1.52345
 1.82771
0.373198
-1.06834
 1.20307
 1.29697
0.361698
-1.52352
  1.8276
0.372657
-1.06852
 1.20336
 1.29731
0.361508
-1.52349
 1.82747
 0.37223
-1.06873
 1.20366
 1.29763
0.361307
 -1.5235
 1.82734
0.371796
-1.06893
   1.204
 1.29793
0.361105
-1.52356
 1.82716
0.371299
-1.06902
 1.20435
  1.2983
0.360901
-1.52356
 1.82705
0.370794
 -1.0692
 1.20466
 1.29869
0.360716
 -1.5236
 1.82692
0.370281
-1.06934
 1.20497
 1.29905
0.360558
-1.52367
 1.82683
 0.36976
-1.06953
 1.20527
 1.29937
0.360414
-1.52367
 1.82663
0.369361
-1.06961
 1.20557
 1.29969
0.360266
-1.52367
 1.82648
0.368947
-1.06976
 1.20586
 1.30006
0.360114
 -1.5237
 1.82637
0.368431
-1.06999
 1.20615
 1.30044
0.359956
-1.52371
  1.8262
0.367962
-1.07008
 1.20645
 1.30084
0.359787
-1.52375
 1.82605
0.367467
-1.07025
 1.20673
 1.30121
0.359628
-1.52385
 1.82587
0.366974
-1.07034
 1.20704
 1.30153
0.359454
-1.52381
  1.8258
 0.36654
-1.07068
 1.20734
 1.30185
0.359272
-1.52382
 1.82559
0.366142
-1.07077
 1.20769
 1.30221
0.359083
-1.52389
 1.82538
0.365691
-1.07085
 1.20799
 1.30262
0.358898
-1.52387
 1.82533
  0.3652
-1.07116
 1.20829
   1.303
0.358715
-1.52393
 1.82514
0.364728
-1.07122
  1.2086
 1.30333
0.358547
-1.52403
 1.82496
0.364263
-1.07129
 1.20889
 1.30366
0.358389
  -1.524
 1.82493
0.363839
-1.07157
 1.20916
 1.30399
0.358234
-1.52399
 1.82481
0.363464
-1.07164
 1.20943
 1.30435
0.358079
-1.52404
 1.82479
0.362983
-1.07181
 1.20971
 1.30473
 0.35791
-1.52404
 1.82466
0.362551
-1.07194
 1.21001
 1.30508
 0.35774
-1.52406
 1.82447
0.362132
-1.07197
 1.21031
 1.30537
0.357566
-1.52409
  1.8244
0.361624
-1.07217
  1.2106
 1.30565
0.357397
-1.52413
  1.8243
0.361129
-1.07238
 1.21092
 1.30594
 0.35722
-1.52412
 1.82413
0.360754
-1.07256
 1.21121
 1.30627
0.357037
-1.52412
 1.82407
0.360334
-1.07281
 1.21147
 1.30662
0.356857
-1.52416
 1.82396
0.359863
-1.07299
 1.21174
 1.30695
0.356681
-1.52417
 1.82379
0.359443
-1.07307
 1.21202
 1.30727
0.356524
-1.52418
 1.82362
0.359016
-1.07321
 1.21227
 1.30758
0.356378
-1.52421
 1.82354
0.358538
 -1.0734
 1.21251
 1.30785
0.356236
-1.52426
 1.82347
0.358065
-1.07365
 1.21277
 1.30816
0.356092
-1.52426
 1.82325
0.357717
-1.07373
 1.21305
  1.3085
0.355941
-1.52427
 1.82317
0.357317
-1.07393
  1.2133
 1.30885
 0.35578
 -1.5243
 1.82307
0.356896
-1.07405
 1.21355
 1.30917
0.355605
-1.52432
 1.82292
0.356485
-1.07412
 1.21383
 1.30946
0.355432
-1.52433
 1.82275
0.356096
-1.07425
 1.21409
 1.30978
0.355269
-1.52434
 1.82268
 0.35565
-1.07443
 1.21435
  1.3101
  0.3551
-1.52438
 1.82259
0.355177
-1.07465
 1.21462
 1.31046
0.354927
-1.52449
 1.82236
0.354734
-1.07468
 1.21489
  1.3108
0.354754
-1.52447
  1.8222
0.354412
-1.07487
 1.21514
 1.31112
0.354606
-1.52447
 1.82214
 0.35403
-1.07511
 1.21541
 1.31141
0.354467
-1.52451
 1.82205
0.353572
-1.07533
 1.21566
 1.31173
0.354332
-1.52454
 1.82185
0.353173
 -1.0754
 1.21591
  1.3121
0.354203
-1.52457
 1.82167
0.352758
-1.07553
 1.21615
 1.31248
0.354068
-1.52458
 1.82144
 0.35238
 -1.0756
  1.2164
 1.31282
0.353924
 -1.5246
 1.82141
 0.35192
-1.07587
 1.21665
 1.31312
 0.35378
-1.52466
 1.82131
0.351477
-1.07606
  1.2169
 1.31342
0.353617
-1.52467
 1.82113
0.351142
-1.07617
 1.21716
 1.31377
0.353449
-1.52468
 1.82101
0.350793
-1.07635
 1.21741
 1.31411
0.353276
-1.52473
 1.82082
0.350393
-1.07639
 1.21767
 1.31442
0.353115
-1.52473
 1.82067
0.350023
-1.07653
 1.21792
 1.31469
0.352957
-1.52474
 1.82058
0.349602
 -1.0767
 1.21819
 1.31493
0.352795
-1.52474
 1.82049
0.349192
-1.07692
 1.21844
 1.31518
0.352652
-1.52475
 1.82034
0.348793
-1.07706
  1.2187
 1.31544
0.352522
-1.52482
 1.82017
0.348393
-1.07711
 1.21895
 1.31572
0.352389
 -1.5249
 1.82006
0.347966
-1.07727
 1.21919
 1.31604
0.352257
-1.52487
 1.81992
 0.34767
-1.07743
 1.21944
 1.31635
 0.35213
-1.52489
 1.81972
0.347364
-1.07753
 1.21969
 1.31666
   0.352
-1.52493
 1.81966
0.346917
 -1.0778
 1.21994
  1.3169
 0.35187
-1.52495
 1.81953
0.346519
-1.07794
  1.2202
 1.31711
0.351728
-1.52495
  1.8194
0.346133
 -1.0781
 1.22045
 1.31736
0.351576
-1.52496
 1.81929
0.345774
-1.07828
 1.22068
 1.31763
0.351422
-1.52498
 1.81912
0.345421
-1.07832
 1.22093
 1.31794
0.351259
-1.52498
 1.81902
0.345047
-1.07848
 1.22119
 1.31831
0.351099
-1.52498
 1.81894
0.344667
-1.07864
 1.22141
 1.31863
0.350957
-1.52502
 1.81885
0.344274
-1.07878
 1.22161
 1.31891
0.350826
-1.52512
  1.8187
 0.34389
-1.07883
 1.22182
 1.31915
0.350699
-1.52511
 1.81862
0.343582
-1.07904
 1.22202
 1.31941
0.350573
-1.52511
 1.81855
0.343276
-1.07924
 1.22222
 1.31971
0.350446
-1.52518
 1.81842
0.342895
-1.07929
 1.22242
    1.32
0.350329
-1.52518
 1.81833
0.342538
-1.07945
 1.22264
 1.32031
0.350212
-1.52519
 1.81826
0.342153
-1.07961
 1.22287
 1.32061
0.350089
-1.52519
 1.81817
0.341804
-1.07977
 1.22307
 1.32087
0.349968
-1.52522
 1.81803
0.341463
-1.07985
 1.22329
  1.3211
0.349846
-1.52522
 1.81794
0.341127
-1.08002
  1.2235
 1.32135
0.349714
-1.52523
 1.81785
0.340775
-1.08014
 1.22372
 1.32161
0.349584
-1.52525
 1.81777
0.340401
 -1.0803
 1.22393
  1.3219
 0.34945
-1.52533
 1.81768
 0.34002
-1.08043
 1.22414
 1.32223
0.349304
-1.52533
 1.81755
0.339729
-1.08053
 1.22435
 1.32255
0.349154
-1.52533
 1.81746
0.339436
-1.08071
 1.22456
 1.32279
0.349009
-1.52537
 1.81736
0.339085
-1.08081
 1.22477
 1.32296
0.348878
-1.52538
 1.81729
0.338752
-1.08096
 1.22497
 1.32315
0.348771
-1.52539
  1.8172
 0.33842
 -1.0811
 1.22518
 1.32336
 0.34867
-1.52541
 1.81705
0.338076
-1.08116
 1.22539
 1.32359
0.348567
-1.52542
 1.81696
0.337749
-1.08132
 1.22559
 1.32383
0.348456
-1.52543
 1.81687
0.337406
-1.08145
  1.2258
 1.32409
0.348345
-1.52543
 1.81677
0.337087
-1.08157
 1.22601
 1.32436
 0.34824
-1.52544
 1.81668
0.336772
-1.08169
 1.22622
 1.32462
0.348127
-1.52545
 1.81658
0.336453
 -1.0818
 1.22642
 1.32486
0.348013
-1.52548
 1.81655
0.336091
-1.08197
 1.22662
 1.32506
0.347897
-1.52556
 1.81652
0.335707
-1.08214
 1.22682
 1.32525
0.347773
-1.52557
 1.81634
 0.33548
-1.08214
 1.22703
 1.32551
 0.34765
-1.52558
 1.81622
0.335224
-1.08226
 1.22722
 1.32582
0.347526
-1.52561
 1.81613
0.334883
-1.08239
 1.22742
 1.32612
0.347402
-1.52563
 1.81601
0.334567
-1.08249
 1.22761
 1.32643
0.347274
-1.52564
 1.81588
 0.33425
-1.08263
 1.22781
 1.32671
0.347146
-1.52565
 1.81579
0.333909
-1.08281
 1.22801
 1.32694
0.347015
-1.52565
 1.81569
0.333564
-1.08296
  1.2282
 1.32715
0.346899
-1.52567
 1.81551
0.333286
-1.08296
 1.22839
 1.32738
0.346807
-1.52568
 1.81537
0.333001
-1.08302
 1.22857
 1.32761
0.346727
-1.52568
 1.81531
0.332707
-1.08312
 1.22874
 1.32782
0.346658
 -1.5257
 1.81522
0.332422
-1.08316
 1.22893
 1.32807
0.346584
-1.52571
 1.81519
0.332129
-1.08325
 1.22909
 1.32831
 0.34651
-1.52572
 1.81516
0.331824
-1.08334
 1.22926
 1.32849
 0.34643
-1.52575
 1.81504
0.331555
-1.08331
 1.22944
  1.3287
0.346345
-1.52581
 1.81495
0.331229
-1.08332
 1.22962
 1.32892
0.346256
-1.52588
 1.81494
0.330888
 -1.0834
 1.22978
  1.3291
0.346158
-1.52587
 1.81495
0.330647
-1.08353
 1.22993
 1.32927
 0.34606
-1.52589
 1.81498
0.330392
-1.08366
  1.2301
 1.32947
0.345964
-1.52596
 1.81492
0.330103
-1.08363
 1.23027
 1.32969
0.345858
-1.52599
 1.81489
0.329822
-1.08366
 1.23043
 1.32992
0.345737
-1.52601
 1.81494
0.329496
-1.08375
 1.23058
 1.33014
0.345622
-1.52603
 1.81494
0.329166
-1.08382
 1.23073
 1.33037
0.345507
-1.52606
 1.81487
0.328904
-1.08381
 1.23087
 1.33059
0.345392
-1.52609
 1.81484
 0.32862
-1.08382
 1.23103
 1.33077
0.345285
 -1.5261
  1.8149
0.328324
-1.08393
 1.23118
 1.33096
0.345175
-1.52611
 1.81495
0.328049
-1.08408
 1.23134
 1.33117
0.345069
-1.52615
 1.81484
0.327803
 -1.0841
 1.23152
 1.33141
0.344959
-1.52618
 1.81475
0.327535
-1.08422
 1.23169
 1.33163
0.344859
-1.52619
 1.81478
0.327222
-1.08444
 1.23185
 1.33186
0.344763
-1.52621
 1.81477
 0.32693
-1.08461
 1.23203
  1.3321
0.344673
-1.52624
 1.81466
0.326704
-1.08471
  1.2322
 1.33231
0.344587
-1.52627
 1.81456
0.326465
-1.08483
 1.23237
 1.33248
0.344514
-1.52627
 1.81456
0.326206
-1.08502
 1.23253
 1.33262
0.344443
-1.52628
  1.8145
0.325968
-1.08518
 1.23269
 1.33274
0.344369
-1.52633
 1.81448
 0.32569
-1.08532
 1.23285
 1.33286
0.344294
-1.52638
 1.81446
0.325386
-1.08546
 1.23301
 1.33302
0.344211
-1.52637
 1.81432
0.325191
-1.08544
 1.23316
 1.33322
0.344122
-1.52639
 1.81422
0.324961
-1.08546
 1.23331
 1.33343
0.344032
 -1.5264
 1.81425
 0.32465
 -1.0856
 1.23341
  1.3336
0.343932
-1.52641
 1.81411
0.324406
-1.08557
 1.23353
 1.33379
0.343831
-1.52642
 1.81409
0.324116
-1.08569
 1.23364
   1.334
0.343731
-1.52643
 1.81403
0.323857
-1.08571
 1.23376
  1.3342
0.343628
-1.52645
  1.8139
0.323609
-1.08565
 1.23388
 1.33438
0.343531
-1.52646
 1.81387
0.323347
 -1.0857
 1.23398
 1.33454
0.343439
-1.52649
 1.81371
 0.32312
-1.08561
 1.23411
 1.33468
0.343363
-1.52651
 1.81368
0.322852
-1.08567
 1.23423
 1.33482
0.343297
-1.52653
 1.81365
0.322592
-1.08567
 1.23433
 1.33496
0.343231
-1.52655
 1.81356
0.322401
-1.08566
 1.23443
 1.33512
0.343165
-1.52659
 1.81348
0.322201
-1.08561
 1.23456
  1.3353
0.343096
-1.52664
 1.81335
0.321997
-1.08558
  1.2347
 1.33551
0.343032
-1.52666
 1.81332
0.321771
-1.08573
 1.23481
 1.33569
0.342975
-1.52671
 1.81313
0.321604
-1.08567
 1.23496
 1.33588
0.342918
-1.52675
 1.81306
0.321403
-1.08578
 1.23508
 1.33606
0.342861
-1.52676
   1.813
0.321191
-1.08592
 1.23525
  1.3362
  0.3428
-1.52678
 1.81285
0.321045
-1.08587
 1.23539
  1.3363
0.342741
 -1.5268
 1.81278
0.320862
-1.08592
 1.23553
  1.3364
 0.34268
-1.52679
 1.81268
 0.32072
-1.08597
 1.23566
  1.3365
0.342617
-1.52679
 1.81264
0.320563
-1.08602
 1.23581
 1.33657
0.342554
-1.52679
 1.81251
0.320421
-1.08602
 1.23596
  1.3367
0.342493
-1.52678
 1.81252
 0.32025
-1.08617
 1.23608
 1.33684
0.342438
-1.52678
 1.81239
0.320105
-1.08614
 1.23621
 1.33703
0.342386
-1.52681
 1.81237
0.319892
-1.08619
  1.2363
  1.3372
0.342336
-1.52686
 1.81231
0.319688
 -1.0862
 1.23639
 1.33737
0.342288
-1.52685
 1.81231
0.319549
-1.08626
 1.23648
 1.33756
0.342237
-1.52687
 1.81228
0.319396
-1.08631
 1.23658
 1.33779
0.342184
-1.52695
 1.81224
  0.3192
-1.08629
 1.23666
 1.33795
0.342109
-1.52699
 1.81216
0.319035
-1.08631
 1.23675
 1.33808
0.342022
-1.52701
  1.8122
0.318855
-1.08645
 1.23683
 1.33818
0.341931
-1.52704
 1.81212
0.318707
-1.08645
 1.23692
 1.33827
0.341831
-1.52706
 1.81217
0.318532
-1.08664
 1.23699
 1.33835
0.341736
-1.52709
 1.81205
0.318382
-1.08659
 1.23709
 1.33846
0.341647
-1.52711
 1.81198
0.318212
-1.08665
 1.23716
 1.33853
0.341563
-1.52713
 1.81197
 0.31803
 -1.0867
 1.23726
 1.33857
0.341482
-1.52713
 1.81195
0.317845
-1.08679
 1.23734
 1.33864
0.341428
-1.52715
 1.81193
0.317638
-1.08685
 1.23743
 1.33873
0.341388
-1.52719
 1.81189
0.317417
-1.08681
 1.23752
 1.33887
0.341356
-1.52724
 1.81195
0.317164
-1.08691
 1.23761
 1.33902
 0.34132
-1.52732
 1.81189
0.316956
-1.08675
 1.23771
 1.33917
0.341287
-1.52738
 1.81192
0.316719
-1.08677
 1.23777
 1.33933
0.341256
-1.52742
 1.81196
0.316467
-1.08685
 1.23784
 1.33945
0.341225
-1.52748
 1.81195
 0.31623
-1.08686
 1.23792
  1.3396
0.341193
-1.52752
 1.81187
0.316044
-1.08689
 1.23801
 1.33981
0.341163
-1.52756
 1.81183
0.315856
-1.08692
  1.2381
 1.33994
0.341136
-1.52759
 1.81178
0.315686
-1.08698
 1.23818
 1.34002
0.341101
-1.52762
  1.8118
0.315502
-1.08711
 1.23826
 1.34005
 0.34107
-1.52765
 1.81178
0.315322
-1.08725
 1.23836
 1.34009
0.341042
-1.52771
 1.81162
0.315187
-1.08718
 1.23848
 1.34014
0.341014
-1.52774
 1.81161
0.315012
-1.08734
 1.23856
 1.34017
0.340989
-1.52777
 1.81148
0.314893
-1.08733
 1.23866
 1.34023
0.340954
 -1.5278
 1.81136
0.314781
-1.08733
 1.23876
 1.34031
0.340908
 -1.5278
 1.81133
0.314628
 -1.0875
 1.23886
  1.3404
0.340856
 -1.5278
 1.81123
0.314506
-1.08751
 1.23896
 1.34049
0.340807
 -1.5278
 1.81111
 0.31444
-1.08755
 1.23902
 1.34062
0.340757
 -1.5278
 1.81098
0.314361
-1.08758
 1.23908
 1.34072
0.340707
-1.52779
 1.81093
0.314273
-1.08762
 1.23912
 1.34077
0.340657
-1.52778
 1.81091
0.314178
-1.08773
 1.23918
 1.34085
0.340607
-1.52778
 1.81081
0.314108
-1.08773
 1.23923
 1.34097
0.340556
-1.52778
 1.81076
0.314013
-1.08772
 1.23927
  1.3411
0.340508
-1.52777
 1.81073
0.313893
-1.08775
 1.23931
 1.34124
0.340461
-1.52779
 1.81066
0.313762
-1.08772
 1.23934
 1.34134
0.340416
-1.52783
 1.81053
0.313629
-1.08764
  1.2394
 1.34148
0.340374
-1.52786
 1.81059
0.313449
-1.08779
 1.23943
 1.34159
0.340332
-1.52791
  1.8106
0.313289
-1.08787
 1.23947
 1.34165
0.340288
-1.52799
 1.81046
 0.31318
-1.08778
 1.23951
 1.34173
0.340248
-1.52806
 1.81037
0.313076
-1.08779
 1.23954
 1.34179
0.340214
-1.52809
 1.81044
0.312947
-1.08795
 1.23958
  1.3418
0.340182
-1.52813
 1.81044
0.312859
-1.08803
 1.23962
 1.34182
0.340154
-1.52818
 1.81035
0.312804
  -1.088
 1.23967
 1.34187
0.340129
-1.52821
  1.8103
0.312757
-1.08804
 1.23969
 1.34189
0.340102
-1.52822
 1.81025
0.312719
-1.08804
 1.23973
  1.3419
0.340076
-1.52822
  1.8103
0.312644
-1.08819
 1.23977
 1.34191
0.340054
-1.52823
 1.81027
 0.31259
 -1.0882
 1.23982
 1.34193
0.340025
-1.52822
 1.81024
0.312552
-1.08825
 1.23985
 1.34196
0.339989
-1.52821
 1.81025
0.312509
-1.08832
 1.23988
 1.34198
0.339954
 -1.5282
  1.8102
0.312492
-1.08833
 1.23992
 1.34201
0.339929
 -1.5282
 1.81011
0.312475
 -1.0883
 1.23996
 1.34206
0.339915
-1.52821
 1.81016
0.312389
-1.08846
 1.23997
  1.3421
0.339909
-1.52824
 1.81016
0.312294
-1.08853
 1.24001
 1.34213
0.339904
-1.52821
 1.81013
0.312309
-1.08856
 1.24004
 1.34216
  0.3399
-1.52819
 1.81014
0.312309
-1.08865
 1.24006
  1.3422
0.339891
-1.52822
 1.81013
0.312263
-1.08867
 1.24008
 1.34225
0.339884
-1.52821
 1.81011
0.312251
-1.08864
 1.24011
 1.34228
0.339878
 -1.5282
 1.81008
0.312248
-1.08869
 1.24015
 1.34232
0.339868
-1.52819
 1.81003
0.312263
-1.08867
 1.24016
 1.34238
0.339859
-1.52817
 1.81008
0.312235
-1.08879
 1.24017
 1.34241
0.339849
-1.52813
 1.81009
0.312237
-1.08886
 1.24019
 1.34242
0.339837
-1.52812
 1.81007
0.312255
-1.08885
 1.24021
 1.34246
0.339823
 -1.5281
 1.81008
0.312256
-1.08887
 1.24024
 1.34251
0.339813
-1.52807
  1.8101
 0.31227
-1.08889
 1.24026
 1.34253
0.339805
-1.52803
  1.8101
0.312298
-1.08895
 1.24027
 1.34254
0.339798
-1.52801
 1.81009
0.312317
-1.08894
 1.24029
 1.34256
 0.33979
-1.52797
 1.81011
0.312332
-1.08903
 1.24029
 1.34257
0.339783
-1.52791
 1.81011
0.312366
-1.08906
 1.24031
  1.3426
0.339778
-1.52786
 1.81012
0.312386
-1.08909
 1.24031
 1.34263
0.339771
-1.52781
 1.81012
0.312405
-1.08913
 1.24033
 1.34265
0.339765
-1.52777
 1.81012
0.312408
-1.08916
 1.24036
 1.34266
0.339758
-1.52773
 1.81012
0.312424
-1.08918
 1.24037
 1.34267
0.339754
-1.52771
 1.81012
0.312428
-1.08918
 1.24038
 1.34268
0.339749
-1.52769
 1.81012
0.312447
-1.08919
 1.24038
 1.34268
0.339745
-1.52767
 1.81012
0.312464
-1.08919
 1.24039
 1.34269
0.339741
-1.52766
 1.81012
0.312488
-1.08919
  1.2404
  1.3427
0.339738
-1.52765
 1.81012
0.312517
-1.08919
 1.24041
  1.3427
0.339734
-1.52764
 1.81012
0.312549
 -1.0892
 1.24041
 1.34271
0.339731
-1.52762
 1.81012
0.312581
-1.08921
 1.24042
 1.34271
0.339727
-1.52761
 1.81012
0.312613
-1.08922
 1.24042
 1.34271
0.339724
-1.52759
 1.81012
 0.31264
-1.08923
 1.24043
 1.34272
 0.33972
-1.52757
 1.81012
0.312663
-1.08924
 1.24043
 1.34272
0.339717
-1.52755
 1.81012
0.312679
-1.08925
 1.24044
 1.34272
0.339714
-1.52753
 1.81012
 0.31269
-1.08926
 1.24044
 1.34272
0.339711
-1.52752
 1.81012
0.312697
-1.08926
 1.24045
 1.34272
0.339709
 -1.5275
 1.81012
0.312701
-1.08927
 1.24045
 1.34272
0.339706
-1.52749
 1.81012
0.312706
-1.08927
 1.24046
 1.34272
0.339706
-1.52748
 1.81012
0.312712
-1.08928
 1.24046
 1.34273
0.339707
-1.52747
 1.81012
0.312718
-1.08928
 1.24046
 1.34273
0.339707
-1.52746
 1.81012
0.312725
-1.08929
 1.24047
 1.34273
0.339707
-1.52745
 1.81012
0.312733
 -1.0893
 1.24047
 1.34273
0.339707
-1.52744
 1.81012
 0.31274
-1.08931
 1.24047
 1.34273
0.339707
-1.52742
 1.81012
0.312747
-1.08931
 1.24048
 1.34273
0.339707
 -1.5274
 1.81012
0.312754
-1.08932
 1.24048
 1.34273
0.339707
-1.52738
 1.81012
 0.31276
-1.08932
 1.24048
 1.34273
0.339707
-1.52736
 1.81012
0.312767
-1.08933
 1.24048
 1.34273
0.339707
-1.52734
 1.81012
0.312775
-1.08933
 1.24048
 1.34273
0.339707
-1.52732
 1.81012
0.312782
-1.08934
 1.24049
 1.34273
0.339707
 -1.5273
 1.81012
 0.31279
-1.08934
 1.24049
 1.34273
0.339707
-1.52728
 1.81012
0.312797
-1.08935
 1.24049
 1.34273
0.339707
-1.52726
 1.81012
0.312804
-1.08936
 1.24049
 1.34273
0.339707
-1.52725
 1.81012
 0.31281
-1.08936
 1.24049
 1.34273
0.339707
-1.52723
 1.81012
0.312813
-1.08937
 1.24049
 1.34274
0.339707
-1.52722
 1.81012
0.312816
-1.08937
  1.2405
 1.34274
0.339707
-1.52722
 1.81012
0.312818
-1.08938
  1.2405
 1.34274
0.339707
-1.52721
 1.81012
0.312822
-1.08938
  1.2405
 1.34274
0.339707
 -1.5272
 1.81012
0.312827
-1.08938
  1.2405
 1.34274
0.339706
 -1.5272
 1.81012
0.312833
-1.08939
  1.2405
 1.34274
0.339707
-1.52719
 1.81012
0.312841
-1.08939
  1.2405
 1.34274
0.339706
-1.52718
 1.81012
0.312849
-1.08939
  1.2405
 1.34274
0.339707
-1.52717
 1.81012
0.312857
-1.08939
  1.2405
 1.34274
0.339707
-1.52716
 1.81012
0.312865
-1.08939
  1.2405
 1.34274
0.339706
-1.52715
 1.81012
0.312873
 -1.0894
  1.2405
 1.34274
0.339707
-1.52714
 1.81012
 0.31288
 -1.0894
 1.24051
 1.34274
0.339707
-1.52712
 1.81012
0.312886
 -1.0894
 1.24051
 1.34274
0.339707
-1.52711
 1.81012
0.312891
-1.08941
 1.24051
 1.34274
0.339706
-1.52709
 1.81012
0.312896
-1.08941
 1.24051
 1.34274
0.339707
-1.52708
 1.81012
0.312901
-1.08941
 1.24051
 1.34274
0.339706
-1.52706
 1.81012
0.312906
-1.08942
 1.24051
 1.34274
0.339706
-1.52705
 1.81012
0.312911
-1.08942
 1.24051
 1.34274
0.339707
-1.52704
 1.81012
0.312917
-1.08942
 1.24051
 1.34274
0.339706
-1.52703
 1.81012
0.312922
-1.08942
 1.24051
 1.34274
0.339707
-1.52702
 1.81012
0.312927
-1.08942
 1.24051
 1.34274
0.339707
-1.52702
 1.81012
0.312932
-1.08942
 1.24051
 1.34274
0.339707
-1.52702
 1.81012
0.312935
-1.08942
 1.24051
 1.34274
0.339707
-1.52701
 1.81012
0.312938
-1.08942
 1.24051
 1.34274
0.339707
-1.52701
 1.81012
 0.31294
-1.08942
 1.24051
 1.34274
0.339707
  -1.527
 1.81012
0.312941
-1.08943
 1.24051
 1.34274
0.339707
-1.52699
 1.81012
0.312942
-1.08943
 1.24051
 1.34274
0.339707
-1.52698
 1.81012
0.312943
-1.08943
 1.24052
 1.34274
0.339707
-1.52696
 1.81012
0.312944
-1.08943
 1.24052
 1.34274
0.339707
-1.52695
 1.81012
0.312947
-1.08943
 1.24052
 1.34274
0.339707
-1.52693
 1.81012
0.312951
-1.08943
 1.24052
 1.34274
0.339706
-1.52691
 1.81012
0.312954
-1.08943
 1.24052
 1.34274
0.339707
-1.52689
 1.81012
0.312959
-1.08943
 1.24052
 1.34274
0.339707
-1.52688
 1.81012
0.312963
-1.08943
 1.24052
 1.34274
0.339707
-1.52686
 1.81012
0.312966
-1.08944
 1.24052
 1.34274
0.339707
-1.52684
 1.81012
0.312969
-1.08944
 1.24052
 1.34274
0.339707
-1.52683
 1.81012
 0.31297
-1.08944
 1.24052
 1.34274
0.339706
-1.52682
 1.81012
0.312971
-1.08945
 1.24052
 1.34274
0.339706
 -1.5268
 1.81012
0.312971
-1.08945
 1.24052
 1.34274
0.339707
-1.52679
 1.81012
0.312972
-1.08945
 1.24052
 1.34275
0.339707
-1.52678
 1.81012
0.312972
-1.08945
 1.24052
 1.34275
0.339706
-1.52677
 1.81012
0.312973
-1.08945
 1.24052
 1.34275
0.339706
-1.52676
 1.81012
0.312975
-1.08945
 1.24052
 1.34275
0.339706
-1.52674
 1.81012
0.312977
-1.08945
 1.24052
 1.34275
0.339706
-1.52673
 1.81012
0.312979
-1.08945
 1.24052
 1.34275
0.339707
-1.52672
 1.81012
0.312981
-1.08945
 1.24052
 1.34275
0.339706
-1.52672
 1.81012
0.312982
-1.08945
 1.24052
 1.34275
0.339706
-1.52671
 1.81012
0.312983
-1.08946
 1.24052
 1.34275
0.339707
-1.52671
 1.81012
0.312986
-1.08946
 1.24052
 1.34275
0.339707
-1.52671
 1.81012
0.312988
-1.08946
 1.24052
 1.34275
0.339707
-1.52671
 1.81012
 0.31299
-1.08947
 1.24052
 1.34275
0.339707
-1.52671
 1.81012
0.312991
-1.08947
 1.24052
 1.34275
0.339707
-1.52672
 1.81012
0.312993
-1.08947
 1.24052
 1.34275
0.339707
-1.52672
 1.81012
0.312996
-1.08947
 1.24052
 1.34275
0.339707
-1.52672
 1.81012
0.312997
-1.08947
 1.24052
 1.34275
0.339707
-1.52672
 1.81012
0.312999
-1.08947
 1.24052
 1.34275
0.339707
-1.52673
 1.81012
   0.313
-1.08948
 1.24052
 1.34275
0.339707
-1.52674
 1.81012
0.313002
-1.08948
 1.24052
 1.34275
0.339707
-1.52674
 1.81012
0.313004
-1.08948
 1.24052
 1.34275
0.339707
-1.52675
 1.81012
0.313006
-1.08948
 1.24052
 1.34275
0.339707
-1.52676
 1.81012
0.313007
-1.08948
 1.24052
 1.34275
0.339707
-1.52676
 1.81012
0.313008
-1.08949
 1.24052
 1.34275
0.339707
-1.52676
 1.81012
0.313009
-1.08949
 1.24052
 1.34275
0.339707
-1.52677
 1.81012
 0.31301
-1.08949
 1.24052
 1.34275
0.339707
-1.52677
 1.81012
0.313011
-1.08949
 1.24052
 1.34275
0.339707
-1.52677
 1.81012
0.313013
-1.08949
 1.24052
 1.34275
0.339707
-1.52677
 1.81012
0.313014
-1.08949
 1.24052
 1.34275
0.339707
-1.52677
 1.81012
0.313016
-1.08949
 1.24052
 1.34275
0.339707
-1.52677
 1.81012
0.313018
-1.08949
 1.24052
 1.34275
0.339707
-1.52677
 1.81012
0.313019
-1.08949
 1.24052
 1.34275
0.339707
-1.52677
 1.81012
 0.31302
-1.08949
 1.24052
 1.34275
0.339707
-1.52677
 1.81012
0.313021
-1.08949
 1.24052
 1.34275
0.339707
-1.52677
 1.81012
0.313021
-1.08949
 1.24052
 1.34275
0.339707
-1.52677
 1.81012
0.313021
-1.08949
 1.24052
 1.34275
0.339707
-1.52678
 1.81012
0.313021
-1.08949
 1.24052
 1.34275
0.339707
-1.52678
 1.81012
0.313022
-1.08949
 1.24052
 1.34275
0.339707
-1.52678
 1.81012
0.313022
-1.08949
 1.24052
 1.34275
0.339707
-1.52678
 1.81012
0.313023
-1.08949
 1.24052
 1.34275
0.339707
-1.52678
 1.81012
0.313024
-1.08949
 1.24052
 1.34275
0.339707
-1.52678
 1.81012
0.313025
-1.08949
 1.24052
 1.34275
0.339707
-1.52678
 1.81012
0.313026
-1.08949
 1.24052
 1.34275
0.339707
-1.52678
 1.81012
0.313027
-1.08949
 1.24052
 1.34275
0.339707
-1.52678
 1.81012
0.313027
-1.08949
 1.24052
 1.34275
0.339707
-1.52678
 1.81012
0.313028
-1.08949
 1.24052
 1.34275
0.339707
-1.52678
 1.81012
0.313028
-1.08949
 1.24052
 1.34275
0.339707
-1.52678
 1.81012
0.313028
-1.08949
 1.24052
 1.34275
0.339707
-1.52678
 1.81012
0.313029
-1.08949
 1.24052
 1.34275
0.339707
-1.52678
 1.81012
0.313029
-1.08949
 1.24052
 1.34275
0.339707
-1.52678
 1.81012
 0.31303
-1.08949
 1.24052
 1.34275
0.339707
-1.52678
 1.81012
0.313031
-1.08949
 1.24052
 1.34275
0.339707
-1.52678
 1.81012
0.313031
-1.08949
 1.24052
 1.34275
0.339707
-1.52678
 1.81012
0.313032
-1.08949
 1.24052
 1.34275
0.339707
-1.52678
 1.81012
0.313032
-1.08949
 1.24052
 1.34275
0.339707
-1.52678
 1.81012
0.313032
-1.08949
 1.24052
 1.34275
0.339707
-1.52678
 1.81012
0.313032
-1.08949
 1.24052
 1.34275
0.339707
-1.52678
 1.81012
0.313033
-1.08949
 1.24052
 1.34275
0.339707
-1.52678
 1.81012
0.313033
-1.08949
 1.24052
 1.34275
0.339707
-1.52678
 1.81012
0.313033
-1.08949
 1.24052
 1.34275
0.339707
-1.52678
 1.81012
0.313033
-1.08949
 1.24052
 1.34275
0.339707
-1.52678
 1.81012
0.313033
-1.08949
 1.24052
 1.34275
0.339707
-1.52678
 1.81012
0.313034
-1.08949
 1.24052
 1.34275
0.339707
-1.52678
 1.81012
0.313035
-1.08949
 1.24052
 1.34275
0.339707
-1.52678
 1.81012
0.313036
-1.08949
 1.24052
 1.34275
0.339707
-1.52678
 1.81012
0.313036
-1.08949
 1.24052
 1.34275
0.339707
-1.52678
 1.81012
0.313037
-1.08949
 1.24052
 1.34275
0.339707
-1.52678
 1.81012
0.313036
-1.08949
 1.24052
 1.34275
0.339707
-1.52678
 1.81012
0.313036
-1.08949
 1.24052
 1.34275
0.339707
-1.52678
 1.81012
0.313036
-1.08949
 1.24052
 1.34275
0.339707
-1.52679
 1.81012
0.313035
-1.08949
 1.24052
 1.34275
0.339707
-1.52679
 1.81012
0.313035
-1.08949
 1.24052
 1.34275
0.339707
-1.52679
 1.81012
0.313035
-1.08949
 1.24052
 1.34275
0.339707
-1.52679
 1.81012
0.313035
-1.08949
 1.24052
 1.34275
0.339707
-1.52679
 1.81012
0.313036
-1.08949
 1.24052
 1.34275
0.339707
-1.52679
 1.81012
0.313036
-1.08949
 1.24052
 1.34275
0.339707
-1.52679
 1.81012
0.313036
-1.08949
 1.24052
 1.34275
0.339707
-1.52679
 1.81012
0.313036
-1.08949
 1.24052
 1.34275
0.339707
-1.52679
 1.81012
0.313035
-1.08949
 1.24052
 1.34275
0.339707
-1.52679
 1.81012
0.313036
-1.08949
 1.24052
 1.34275
0.339707
-1.52679
 1.81012
0.313035
-1.08949
 1.24052
 1.34275
0.339707
-1.52679
 1.81012
0.313035
-1.08949
 1.24052
 1.34275
0.339707
-1.52679
 1.81012
0.313036
-1.08949
 1.24052
 1.34275
0.339707
-1.52679
 1.81012
0.313036
-1.08949
 1.24052
 1.34275
0.339707
-1.52679
 1.81012
0.313036
-1.08949
 1.24052
 1.34276
0.339707
-1.52679
 1.81012
0.313036
-1.08949
 1.24052
 1.34276
0.339707
-1.52679
 1.81012
0.313036
-1.08949
 1.24052
 1.34276
0.339707
-1.52679
 1.81012
0.313036
-1.08949
 1.24052
 1.34276
0.339707
-1.52679
 1.81012
0.313035
-1.08949
 1.24052
 1.34276
0.339707
-1.52679
 1.81012
0.313035
-1.08949
 1.24052
 1.34276
0.339707
-1.52679
 1.81012
0.313036
-1.08949
 1.24052
 1.34276
0.339707
-1.52679
 1.81012
0.313036
-1.08949
 1.24052
 1.34276
0.339707
-1.52679
 1.81012
0.313036
-1.08949
 1.24052
 1.34276
0.339707
-1.52679
 1.81012
0.313035
-1.08949
 1.24052
 1.34276
0.339707
-1.52679
 1.81012
0.313036
-1.08949
 1.24052
 1.34276
0.339707
-1.52679
 1.81012
0.313035
-1.08949
 1.24052
 1.34276
0.339707
-1.52679
 1.81012
0.313036
-1.08949
 1.24052
 1.34276
0.339707
-1.52679
 1.81012
0.313036
-1.08949
 1.24052
 1.34276
0.339707
-1.52679
 1.81012
0.313036
-1.08949
 1.24052
 1.34276
0.339707
-1.52679
 1.81012
0.313036
-1.08949
 1.24052
 1.34276
0.339707
-1.52679
 1.81012
0.313035
-1.08949
 1.24052
 1.34276
0.339707
-1.52679
 1.81012
0.313036
-1.08949
 1.24052
 1.34276
0.339707
-1.52679
 1.81012
0.313036
-1.08949
 1.24052
 1.34276
0.339707
-1.52679
 1.81012
0.313036
-1.08949
 1.24052
 1.34276
0.339707
-1.52679
 1.81012
0.313036
-1.08949
 1.24052
 1.34276
0.339707
-1.52679
 1.81012
0.313036
-1.08949
 1.24052
 1.34276
0.339707
-1.52679
 1.81012
0.313036
-1.08949
 1.24052
 1.34276
0.339707
-1.52679
 1.81012
0.313036
-1.08949
 1.24052
 1.34276
0.339707
-1.52679
 1.81012
0.313036
-1.08949
 1.24052
 1.34276
0.339707
-1.52679
 1.81012
0.313036
-1.08949
 1.24052
 1.34276
0.339707
-1.52679
 1.81012
0.313036
-1.08949
 1.24052
 1.34276
0.339707
-1.52679
 1.81012
0.313036
-1.08949
 1.24052
 1.34276
0.339707
-1.52679
 1.81012
0.313036
-1.08949
 1.24052
 1.34276
0.339707
-1.52679
 1.81012
0.313036
-1.08949
 1.24052
 1.34276
0.339707
-1.52679
 1.81012
0.313036
-1.08949
 1.24052
 1.34276
0.339707
-1.52679
 1.81012
0.313036
-1.08949
 1.24052
 1.34276
0.339707
-1.52679
 1.81012
0.313036
-1.08949
 1.24052
 1.34276
0.339707
-1.52679
 1.81012
0.313036
-1.08949
 1.24052
 1.34276
0.339707
-1.52679
 1.81012
0.313036
-1.08949
 1.24052
 1.34276
0.339707
-1.52679
 1.81012
0.313036
-1.08949
 1.24052
 1.34276
0.339707
-1.52679
 1.81012
0.313036
-1.08949
 1.24052
 1.34276
0.339707
-1.52679
 1.81012
0.313036
-1.08949
 1.24052
 1.34276
0.339707
-1.52679
 1.81012
0.313036
-1.08949
 1.24052
 1.34276
0.339707
-1.52679
 1.81012
0.313036
-1.08949
 1.24052
 1.34276
0.339707
-1.52679
 1.81012
0.313036
-1.08949
 1.24052
 1.34276
0.339707
-1.52679
 1.81012
0.313036
-1.08949
 1.24052
 1.34276
0.339707
-1.52679
 1.81012
0.313036
-1.08949
 1.24052
 1.34276
0.339707
-1.52679
 1.81012
0.313036
-1.08949
 1.24052
 1.34276
0.339707
-1.52679
 1.81012
0.313036
-1.08949
 1.24052
 1.34276
0.339707
-1.52679
 1.81012
0.313036
-1.08949
 1.24052
 1.34276
0.339707
-1.52679
 1.81012
0.313036
-1.08949
 1.24052
 1.34276
0.339707
-1.52679
 1.81012
0.313036
-1.08949
 1.24052
 1.34276
0.339707
-1.52679
 1.81012
0.313036
-1.08949
 1.24052
 1.34276
0.339707
-1.52679
 1.81012
0.313036
-1.08949
 1.24052
 1.34276
0.339707
-1.52679
 1.81012
0.313036
-1.08949
 1.24052
 1.34276
0.339707
-1.52679
 1.81012
0.313036
-1.08949
 1.24052
 1.34276
0.339707
-1.52679
 1.81012
0.313036
-1.08949
 1.24052
 1.34276
0.339707
-1.52679
 1.81012
0.313036
-1.08949
 1.24052
 1.34276
0.339707
-1.52679
 1.81012
0.313036
-1.08949
 1.24052
 1.34276
0.339707
-1.52679
 1.81012
0.313036
-1.08949
 1.24052
 1.34276
0.339707
-1.52679
 1.81012
0.313036
-1.08949
 1.24052
 1.34276
0.339707
-1.52679
 1.81012
0.313036
-1.08949
 1.24052
 1.34276
0.339707
-1.52679
 1.81012
0.313036
-1.08949
 1.24052
 1.34276
0.339707
-1.52679
 1.81012
0.313036
-1.08949
 1.24052
 1.34276
0.339707
-1.52679
 1.81012
0.313036
-1.08949
 1.24052
 1.34276
0.339707
-1.52679
 1.81012
0.313036
-1.08949
 1.24052
 1.34276
0.339707
-1.52679
 1.81012
0.313036
-1.08949
 1.24052
 1.34276
0.339707
-1.52679
 1.81012
0.313036
-1.08949
 1.24052
 1.34276
0.339707
-1.52679
 1.81012
0.313036
-1.08949
 1.24052
 1.34276
0.339707
-1.52679
 1.81012
0.313036
-1.08949
 1.24052
 1.34276
0.339707
-1.52679
 1.81012
0.313036
-1.08949
 1.24052
 1.34276
0.339707
-1.52679
 1.81012
0.313036
-1.08949
 1.24052
 1.34276
0.339707
-1.52679
 1.81012
0.313036
-1.08949
 1.24052
 1.34276
0.339707
-1.52679
 1.81012
0.313036
-1.08949
 1.24052
 1.34276
0.339707
-1.52679
 1.81012
0.313036
-1.08949
 1.24052
 1.34276
0.339707
-1.52679
 1.81012
0.313036
-1.08949
 1.24052
 1.34276
0.339707
-1.52679
 1.81012
0.313036
-1.08949
 1.24052
 1.34276
0.339707
-1.52679
 1.81012
0.313036
-1.08949
 1.24052
 1.34276
0.339707
-1.52679
 1.81012
0.313036
-1.08949
 1.24052
 1.34276
0.339707
-1.52679
 1.81012
0.313036
-1.08949
 1.24052
 1.34276
0.339707
-1.52679
 1.81012
0.313036
-1.08949
 1.24052
 1.34276
0.339707
-1.52679
 1.81012
0.313036
-1.08949
 1.24052
 1.34276
0.339707
-1.52679
 1.81012
0.313036
-1.08949
 1.24052
 1.34276
0.339707
-1.52679
 1.81012
0.313036
-1.08949
 1.24052
 1.34276
0.339707
-1.52679
 1.81012
0.313036
-1.08949
 1.24052
 1.34276
0.339707
-1.52679
 1.81012
0.313036
-1.08949
 1.24052
 1.34276
0.339707
-1.52679
 1.81012
0.313036
-1.08949
 1.24052
 1.34276
0.339707
-1.52679
 1.81012
0.313036
-1.08949
 1.24052
 1.34276
0.339707
-1.52679
 1.81012
0.313036
-1.08949
 1.24052
 1.34276
0.339707
-1.52679
 1.81012
0.313036
-1.08949
 1.24052
 1.34276
0.339707
-1.52679
 1.81012
0.313036
-1.08949
 1.24052
 1.34276
0.339707
-1.52679
 1.81012
0.313036
-1.08949
 1.24052
 1.34276
0.339707
-1.52679
 1.81012
0.313036
-1.08949
 1.24052
 1.34276
0.339707
-1.52679
 1.81012
0.313036
-1.08949
 1.24052
 1.34276
0.339707
-1.52679
 1.81012
0.313036
-1.08949
 1.24052
 1.34276
0.339707
-1.52679
 1.81012
0.313036
-1.08949
 1.24052
 1.34276
0.339707
-1.52679
 1.81012
0.313036
-1.08949
 1.24052
 1.34276
0.339707
-1.52679
 1.81012
0.313036
-1.08949
 1.24052
 1.34276
0.339707
-1.52679
 1.81012
0.313036
-1.08949
 1.24052
 1.34276
0.339707
-1.52679
 1.81012
0.313036
-1.08949
 1.24052
 1.34276
0.339707
-1.52679
 1.81012
0.313036
-1.08949
 1.24052
 1.34276
0.339707
-1.52679
 1.81012
0.313036
-1.08949
 1.24052
 1.34276
0.339707
-1.52679
 1.81012
0.313036
-1.08949
 1.24052
 1.34276
0.339707
-1.52679
 1.81012
0.313036
-1.08949
 1.24052
 1.34276
0.339707
-1.52679
 1.81012
0.313036
-1.08949
 1.24052
 1.34276
0.339707
-1.52679
 1.81012
0.313036
-1.08949
 1.24052
 1.34276
0.339707
-1.52679
 1.81012
0.313036
-1.08949
 1.24052
 1.34276
0.339707
-1.52679
 1.81012
0.313036
-1.08949
 1.24052
 1.34276
0.339707
-1.52679
 1.81012
0.313036
-1.08949
 1.24052
 1.34276
0.339707
-1.52679
 1.81012
0.313036
-1.08949
 1.24052
 1.34276
0.339707
-1.52679
 1.81012
0.313036
-1.08949
 1.24052
 1.34276
0.339707
-1.52679
 1.81012
0.313036
-1.08949
 1.24052
 1.34276
0.339707
-1.52679
 1.81012
0.313036
-1.08949
 1.24052
 1.34276
0.339707
-1.52679
 1.81012
0.313036
-1.08949
 1.24052
 1.34276
0.339707
-1.52679
 1.81012
0.313036
-1.08949
 1.24052
 1.34276
0.339707
-1.52679
 1.81012
0.313036
-1.08949
 1.24052
 1.34276
0.339707
-1.52679
 1.81012
0.313036
-1.08949
 1.24052
 1.34276
0.339707
-1.52679
 1.81012
0.313036
-1.08949
 1.24052
 1.34276
0.339707
-1.52679
 1.81012
0.313036
-1.08949
 1.24052
 1.34276
0.339707
-1.52679
 1.81012
0.313036
-1.08949
 1.24052
 1.34276
0.339707
-1.52679
 1.81012
0.313036
-1.08949
 1.24052
 1.34276
0.339707
-1.52679
 1.81012
0.313036
-1.08949
 1.24052
 1.34276
0.339707
-1.52679
 1.81012
0.313036
-1.08949
 1.24052
 1.34276
0.339707
-1.52679
 1.81012
0.313036
-1.08949
 1.24052
 1.34276
0.339707
-1.52679
 1.81012
0.313036
-1.08949
 1.24052
 1.34276
0.339707
-1.52679
 1.81012
0.313036
-1.08949
 1.24052
 1.34276
0.339707
-1.52679
 1.81012
0.313036
-1.08949
 1.24052
 1.34276
0.339707
-1.52679
 1.81012
0.313036
-1.08949
 1.24052
 1.34276
0.339707
-1.52679
 1.81012
0.313036
-1.08949
 1.24052
 1.34276
0.339707
-1.52679
 1.81012
0.313036
-1.08949
 1.24052
 1.34276
0.339707
-1.52679
 1.81012
0.313036
-1.08949
 1.24052
 1.34276
0.339707
-1.52679
 1.81012
0.313036
-1.08949
 1.24052
 1.34276
0.339707
-1.52679
 1.81012
0.313036
-1.08949
 1.24052
 1.34276
0.339707
-1.52679
 1.81012
0.313036
-1.08949
 1.24052
 1.34276
0.339707
-1.52679
 1.81012
0.313036
-1.08949
 1.24052
 1.34276
0.339707
-1.52679
 1.81012
0.313036
-1.08949
 1.24052
 1.34276
0.339707
-1.52679
 1.81012
0.313036
-1.08949
 1.24052
 1.34276
0.339707
-1.52679
 1.81012
0.313036
-1.08949
 1.24052
 1.34276
0.339707
-1.52679
 1.81012
0.313036
-1.08949
 1.24052
 1.34276
0.339707
-1.52679
 1.81012
0.313036
-1.08949
 1.24052
 1.34276
0.339707
-1.52679
 1.81012
0.313036
-1.08949
 1.24052
 1.34276
0.339707
-1.52679
 1.81012
0.313036
-1.08949
 1.24052
 1.34276
0.339707
-1.52679
 1.81012
0.313036
-1.08949
 1.24052
 1.34276
0.339707
-1.52679
 1.81012
0.313036
-1.08949
 1.24052
 1.34276
0.339707
-1.52679
 1.81012
0.313036
-1.08949
 1.24052
 1.34276
0.339707
-1.52679
 1.81012
0.313036
-1.08949
 1.24052
 1.34276
0.339707
-1.52679
 1.81012
0.313036
-1.08949
 1.24052
 1.34276
0.339707
-1.52679
 1.81012
0.313036
-1.08949
 1.24052
 1.34276
0.339707
-1.52679
 1.81012
0.313036
-1.08949
 1.24052
 1.34276
0.339707
-1.52679
 1.81012
0.313036
-1.08949
 1.24052
 1.34276
0.339707
-1.52679
 1.81012
0.313036
-1.08949
 1.24052
 1.34276
0.339707
-1.52679
 1.81012
0.313036
-1.08949
 1.24052
 1.34276
0.339707
-1.52679
 1.81012
0.313036
-1.08949
 1.24052
 1.34276
0.339707
-1.52679
 1.81012
0.313036
-1.08949
 1.24052
 1.34276
0.339707
-1.52679
 1.81012
0.313036
-1.08949
 1.24052
 1.34276
0.339707
-1.52679
 1.81012
0.313036
-1.08949
 1.24052
 1.34276
0.339707
-1.52679
 1.81012
0.313036
-1.08949
 1.24052
 1.34276
0.339707
-1.52679
 1.81012
0.313036
-1.08949
 1.24052
 1.34276
0.339707
-1.52679
 1.81012
0.313036
-1.08949
 1.24052
 1.34276
0.339707
-1.52679
 1.81012
0.313036
-1.08949
 1.24052
 1.34276
0.339707
-1.52679
 1.81012
0.313036
-1.08949
 1.24052
 1.34276
0.339707
-1.52679
 1.81012
0.313036
-1.08949
 1.24052
 1.34276
0.339707
-1.52679
 1.81012
0.313036
-1.08949
 1.24052
 1.34276
0.339707
-1.52679
 1.81012
0.313036
-1.08949
 1.24052
 1.34276
0.339707
-1.52679
 1.81012
0.313036
-1.08949
 1.24052
 1.34276
0.339707
-1.52679
 1.81012
0.313036
-1.08949
 1.24052
 1.34277
0.339707
-1.52679
 1.81012
0.313036
-1.08949
 1.24052
 1.34277
0.339707
-1.52679
 1.81012
0.313036
-1.08949
 1.24052
 1.34277
0.339707
-1.52679
 1.81012
0.313036
-1.08949
 1.24052
 1.34277
0.339707
-1.52679
 1.81012
0.313036
-1.08949
 1.24052
 1.34277
0.339707
-1.52679
 1.81012
0.313036
-1.08949
 1.24052
 1.34277
0.339707
-1.52679
 1.81012
0.313036
-1.08949
 1.24052
 1.34277
0.339707
-1.52679
 1.81012
0.313036
-1.08949
 1.24052
 1.34277
0.339707
-1.52679
 1.81012
0.313036
-1.08949
 1.24052
 1.34277
0.339707
-1.52679
 1.81012
0.313036
-1.08949
 1.24052
 1.34277
0.339707
-1.52679
 1.81012
0.313036
-1.08949
 1.24052
 1.34277
0.339707
-1.52679
 1.81012
0.313036
-1.08949
 1.24052
 1.34277
0.339707
-1.52679
 1.81012
0.313036
-1.08949
 1.24052
 1.34277
0.339707
-1.52679
 1.81012
0.313036
-1.08949
 1.24052
 1.34277
0.339707
-1.52679
 1.81012
0.313036
-1.08949
 1.24052
 1.34277
0.339707
-1.52679
 1.81012
0.313036
-1.08949
 1.24052
 1.34277
0.339707
-1.52679
 1.81012
0.313036
-1.08949
 1.24052
 1.34277
0.339707
-1.52679
 1.81012
0.313036
-1.08949
 1.24052
 1.34277
0.339707
-1.52679
 1.81012
0.313036
-1.08949
 1.24052
 1.34277
0.339707
-1.52679
 1.81012
0.313036
-1.08949
 1.24052
 1.34277
0.339707
-1.52679
 1.81012
0.313036
-1.08949
 1.24052
 1.34277
0.339707
-1.52679
 1.81012
0.313036
-1.08949
 1.24052
 1.34277
0.339707
-1.52679
 1.81012
0.313036
-1.08949
 1.24052
 1.34277
0.339707
-1.52679
 1.81012
0.313036
-1.08949
 1.24052
 1.34277
0.339707
-1.52679
 1.81012
0.313036
-1.08949
 1.24052
 1.34277
0.339707
-1.52679
 1.81012
0.313036
-1.08949
 1.24052
 1.34277
0.339707
-1.52679
 1.81012
0.313036
-1.08949
 1.24052
 1.34277
0.339707
-1.52679
 1.81012
0.313036
-1.08949
 1.24052
 1.34277
0.339707
-1.52679
 1.81012
0.313036
-1.08949
 1.24052
 1.34277
0.339707
-1.52679
 1.81012
0.313036
-1.08949
 1.24052
 1.34277
0.339707
-1.52679
 1.81012
0.313036
-1.08949
 1.24052
 1.34277
0.339707
-1.52679
 1.81012
0.313036
-1.08949
 1.24052
 1.34277
0.339707
-1.52679
 1.81012
0.313036
-1.08949
 1.24052
 1.34277
0.339707
-1.52679
 1.81012
0.313036
-1.08949
 1.24052
 1.34277
0.339707
-1.52679
 1.81012
0.313036
-1.08949
 1.24052
 1.34277
0.339707
-1.52679
 1.81012
0.313036
-1.08949
 1.24052
 1.34277
0.339707
-1.52679
 1.81012
0.313036
-1.08949
 1.24052
 1.34277
0.339707
-1.52679
 1.81012
0.313036
-1.08949
 1.24052
 1.34277
0.339707
-1.52679
 1.81012
0.313036
-1.08949
 1.24052
 1.34277
0.339707
-1.52679
 1.81012
0.313036
-1.08949
 1.24052
 1.34277
0.339707
-1.52679
 1.81012
0.313036
-1.08949
 1.24052
 1.34277
0.339707
-1.52679
 1.81012
0.313036
-1.08949
 1.24052
 1.34277
0.339707
-1.52679
 1.81012
0.313036
-1.08949
 1.24052
 1.34277
0.339707
-1.52679
 1.81012
0.313036
-1.08949
 1.24052
 1.34277
0.339707
-1.52679
 1.81012
0.313036
-1.08949
 1.24052
 1.34277
0.339707
-1.52679
 1.81012
0.313036
-1.08949
 1.24052
 1.34277
0.339707
-1.52679
 1.81012
0.313036
-1.08949
 1.24052
 1.34277
0.339707
-1.52679
 1.81012
0.313036
-1.08949
 1.24052
 1.34277
0.339707
-1.52679
 1.81012
0.313036
-1.08949
 1.24052
 1.34277
0.339707
-1.52679
 1.81012
0.313036
-1.08949
 1.24052
 1.34277
0.339707
-1.52679
 1.81012
0.313036
-1.08949
 1.24052
 1.34277
0.339707
-1.52679
 1.81012
0.313036
-1.08949
 1.24052
 1.34277
0.339707
-1.52679
 1.81012
0.313036
-1.08949
 1.24052
 1.34277
0.339707
-1.52679
 1.81012
0.313036
-1.08949
 1.24052
 1.34277
0.339707
-1.52679
 1.81012
0.313036
-1.08949
 1.24052
 1.34277
0.339707
-1.52679
 1.81012
0.313036
-1.08949
 1.24052
 1.34277
0.339707
-1.52679
 1.81012
0.313036
-1.08949
 1.24052
 1.34277
0.339707
-1.52679
 1.81012
0.313036
-1.08949
 1.24052
 1.34277
0.339707
-1.52679
 1.81012
0.313036
-1.08949
 1.24052
 1.34277
0.339707
-1.52679
 1.81012
0.313036
-1.08949
 1.24052
 1.34277
0.339707
-1.52679
 1.81012
0.313036
-1.08949
 1.24052
 1.34277
0.339707
-1.52679
 1.81012
0.313036
-1.08949
 1.24052
 1.34277
0.339707
-1.52679
 1.81012
0.313036
-1.08949
 1.24052
 1.34277
0.339707
-1.52679
 1.81012
0.313036
-1.08949
 1.24052
 1.34277
0.339707
-1.52679
 1.81012
0.313036
-1.08949
 1.24052
 1.34277
0.339707
-1.52679
 1.81012
0.313036
-1.08949
 1.24052
 1.34277
0.339707
-1.52679
 1.81012
0.313036
-1.08949
 1.24052
 1.34277
0.339707
-1.52679
 1.81012
0.313036
-1.08949
 1.24052
 1.34277
0.339707
-1.52679
 1.81012
0.313036
-1.08949
 1.24052
 1.34277
0.339707
-1.52679
 1.81012
0.313036
-1.08949
 1.24052
 1.34277
0.339707
-1.52679
 1.81012
0.313036
-1.08949
 1.24052
 1.34277
0.339707
-1.52679
 1.81012
0.313036
-1.08949
 1.24052
 1.34277
0.339707
-1.52679
 1.81012
0.313036
-1.08949
 1.24052
 1.34277
0.339707
-1.52679
 1.81012
0.313036
-1.08949
 1.24052
 1.34277
0.339707
-1.52679
 1.81012
0.313036
-1.08949
 1.24052
 1.34277
0.339707
-1.52679
 1.81012
0.313036
-1.08949
 1.24052
 1.34277
0.339707
-1.52679
 1.81012
0.313036
-1.08949
 1.24052
 1.34277
0.339707
-1.52679
 1.81012
0.313036
-1.08949
 1.24052
 1.34277
0.339707
-1.52679
 1.81012
0.313036
-1.08949
 1.24052
 1.34277
0.339707
-1.52679
 1.81012
0.313036
-1.08949
 1.24052
 1.34277
0.339707
-1.52679
 1.81012
0.313036
-1.08949
 1.24052
 1.34277
0.339707
-1.52679
 1.81012
0.313036
-1.08949
 1.24052
 1.34277
0.339707
-1.52679
 1.81012
0.313036
-1.08949
 1.24052
 1.34277
0.339707
-1.52679
 1.81012
0.313036
-1.08949
 1.24052
 1.34277
0.339707
-1.52679
 1.81012
0.313036
-1.08949
 1.24052
 1.34277
0.339707
-1.52679
 1.81012
0.313036
-1.08949
 1.24052
 1.34277
0.339707
-1.52679
 1.81012
0.313036
-1.08949
 1.24052
 1.34277
0.339707
-1.52679
 1.81012
0.313036
-1.08949
 1.24052
 1.34277
0.339707
-1.52679
 1.81012
0.313039
-1.08949
 1.24052
 1.34277
0.339707
-1.52679
 1.81012
0.313037
-1.08949
 1.24052
 1.34277
0.339707
-1.52679
 1.81012
0.313044
-1.08949
 1.24052
 1.34277
0.339707
-1.52679
 1.81012
0.313038
-1.08949
 1.24051
 1.34277
0.339708
-1.52679
 1.81012
0.313056
-1.08949
  1.2405
 1.34277
0.339713
 -1.5268
 1.81012
0.313051
-1.08949
 1.24049
 1.34276
0.339718
 -1.5268
 1.81012
0.313065
-1.08949
 1.24048
 1.34276
0.339723
 -1.5268
 1.81012
0.313064
-1.08949
 1.24046
 1.34276
0.339728
 -1.5268
 1.81012
0.313074
-1.08949
 1.24045
 1.34275
 0.33973
 -1.5268
 1.81011
 0.31308
-1.08946
 1.24044
 1.34274
0.339733
 -1.5268
 1.81013
0.313082
-1.08946
 1.24044
 1.34273
0.339738
 -1.5268
 1.81015
0.313095
-1.08948
 1.24043
  1.3427
0.339742
-1.52681
 1.81014
0.313105
-1.08944
  1.2404
 1.34264
0.339748
-1.52681
 1.81014
 0.31312
-1.08943
 1.24034
 1.34261
0.339772
-1.52681
 1.81014
0.313134
-1.08941
  1.2403
 1.34259
0.339809
-1.52681
 1.81014
0.313145
-1.08939
 1.24027
 1.34255
0.339846
-1.52681
 1.81018
0.313153
-1.08941
 1.24023
  1.3425
0.339875
-1.52681
  1.8102
0.313178
-1.08941
 1.24018
 1.34248
0.339906
-1.52682
 1.81015
0.313237
-1.08927
 1.24015
 1.34247
0.339937
-1.52682
 1.81015
0.313306
-1.08915
 1.24013
 1.34245
0.339964
-1.52682
 1.81025
0.313344
-1.08911
 1.24009
 1.34242
0.339995
-1.52682
 1.81025
 0.31341
-1.08896
 1.24005
 1.34241
0.340025
 -1.5268
 1.81026
0.313496
 -1.0889
 1.24003
 1.34238
0.340056
-1.52678
  1.8103
0.313562
-1.08889
    1.24
 1.34234
0.340092
-1.52683
 1.81028
0.313584
-1.08877
 1.23997
 1.34228
0.340133
-1.52685
 1.81024
 0.31365
-1.08861
 1.23994
 1.34223
0.340174
 -1.5268
 1.81031
0.313745
-1.08865
 1.23991
 1.34216
0.340208
-1.52681
  1.8103
0.313823
-1.08855
 1.23988
 1.34206
0.340237
-1.52681
  1.8103
0.313891
-1.08853
 1.23986
 1.34199
0.340265
-1.52681
 1.81034
0.313941
-1.08854
 1.23983
 1.34193
0.340288
-1.52681
 1.81038
0.314019
-1.08852
 1.23979
 1.34189
0.340311
-1.52681
 1.81037
0.314107
-1.08848
 1.23977
 1.34185
0.340335
-1.52681
 1.81037
0.314195
-1.08841
 1.23972
  1.3418
0.340357
-1.52681
 1.81041
0.314258
-1.08841
 1.23967
 1.34174
0.340383
 -1.5268
 1.81048
0.314337
-1.08841
  1.2396
 1.34165
0.340413
-1.52677
 1.81062
0.314416
-1.08851
 1.23953
 1.34155
0.340444
-1.52678
 1.81059
0.314523
-1.08843
 1.23947
 1.34145
0.340474
-1.52678
 1.81058
0.314622
-1.08844
 1.23941
 1.34132
0.340504
-1.52675
 1.81072
0.314701
-1.08858
 1.23933
 1.34117
0.340532
-1.52674
 1.81082
0.314785
 -1.0886
 1.23928
 1.34108
0.340563
-1.52674
 1.81079
0.314901
-1.08848
 1.23921
 1.34101
0.340594
-1.52672
 1.81082
0.315023
-1.08838
 1.23915
 1.34092
0.340624
-1.52667
 1.81102
0.315102
-1.08842
 1.23909
 1.34081
0.340656
-1.52665
 1.81115
0.315205
-1.08833
 1.23904
 1.34074
0.340687
-1.52665
  1.8112
 0.31532
-1.08817
 1.23899
 1.34071
0.340723
-1.52662
 1.81132
0.315445
-1.08808
 1.23893
 1.34067
0.340758
-1.52661
 1.81149
0.315532
-1.08799
 1.23888
 1.34059
0.340794
-1.52658
 1.81166
0.315621
-1.08793
 1.23883
  1.3405
0.340833
-1.52658
 1.81163
0.315744
-1.08771
 1.23878
 1.34045
0.340873
-1.52656
 1.81166
0.315845
 -1.0876
  1.2387
 1.34041
0.340911
-1.52653
 1.81182
0.315915
 -1.0877
 1.23862
 1.34037
0.340945
-1.52652
  1.8118
0.316015
-1.08759
 1.23854
 1.34032
0.340979
-1.52652
 1.81184
0.316103
-1.08762
 1.23844
 1.34027
0.341008
-1.52651
 1.81193
0.316203
-1.08769
 1.23836
  1.3402
0.341038
-1.52652
 1.81186
0.316366
-1.08763
 1.23829
 1.34011
 0.34107
-1.52652
 1.81189
0.316516
 -1.0877
  1.2382
 1.33999
0.341101
-1.52652
 1.81192
0.316655
-1.08773
  1.2381
 1.33988
0.341131
-1.52652
 1.81188
0.316819
-1.08773
 1.23799
 1.33979
0.341165
-1.52653
 1.81186
0.316981
-1.08769
  1.2379
 1.33969
  0.3412
-1.52652
 1.81191
0.317123
-1.08771
 1.23781
 1.33954
0.341231
-1.52652
 1.81192
0.317301
-1.08768
 1.23771
 1.33936
0.341263
-1.52652
 1.81195
0.317472
-1.08763
  1.2376
 1.33916
0.341304
-1.52653
 1.81192
0.317644
-1.08753
 1.23751
 1.33899
0.341361
-1.52653
 1.81198
0.317794
-1.08748
 1.23741
 1.33879
0.341434
-1.52653
 1.81204
 0.31794
-1.08748
  1.2373
 1.33861
0.341508
-1.52653
 1.81203
0.318116
-1.08731
 1.23722
 1.33847
0.341578
-1.52653
 1.81208
0.318262
-1.08731
  1.2371
 1.33837
 0.34165
-1.52654
 1.81205
0.318437
-1.08711
 1.23704
 1.33831
0.341726
-1.52653
 1.81215
0.318567
-1.08707
 1.23694
 1.33825
0.341794
-1.52653
 1.81218
0.318729
-1.08693
 1.23687
 1.33819
0.341864
-1.52654
 1.81219
0.318897
-1.08678
 1.23678
 1.33811
0.341932
-1.52654
 1.81223
0.319064
-1.08666
 1.23671
 1.33803
0.342001
-1.52654
 1.81227
0.319235
-1.08659
 1.23663
 1.33796
0.342078
-1.52655
 1.81236
0.319396
-1.08658
 1.23654
 1.33786
0.342159
-1.52657
 1.81238
0.319596
-1.08644
 1.23645
 1.33773
0.342248
-1.52658
 1.81248
0.319759
-1.08646
 1.23636
  1.3376
0.342336
-1.52659
 1.81251
0.319947
-1.08628
  1.2363
 1.33747
0.342404
-1.52656
 1.81263
 0.32013
-1.08633
 1.23617
 1.33728
0.342463
-1.52655
 1.81266
0.320336
-1.08627
 1.23607
 1.33707
0.342513
 -1.5266
 1.81273
0.320449
-1.08625
 1.23593
 1.33683
0.342563
 -1.5266
 1.81277
0.320615
-1.08623
  1.2358
  1.3366
0.342609
-1.52657
 1.81286
0.320794
-1.08624
 1.23568
 1.33637
0.342658
-1.52657
 1.81294
0.320964
-1.08623
 1.23555
 1.33621
0.342707
-1.52656
 1.81303
0.321132
-1.08623
 1.23541
 1.33609
0.342759
-1.52657
 1.81301
0.321311
-1.08614
 1.23529
   1.336
0.342814
-1.52655
 1.81309
0.321481
-1.08618
 1.23517
 1.33589
0.342872
-1.52653
  1.8131
0.321706
-1.08616
 1.23505
 1.33578
0.342929
-1.52654
 1.81313
0.321912
-1.08612
 1.23491
 1.33567
0.342989
-1.52652
 1.81314
0.322148
-1.08604
 1.23476
 1.33558
 0.34305
-1.52651
 1.81321
0.322357
-1.08603
 1.23461
 1.33544
0.343105
-1.52651
 1.81318
0.322601
-1.08582
 1.23449
 1.33528
0.343161
-1.52649
 1.81327
0.322802
-1.08577
 1.23432
 1.33512
0.343225
-1.52648
 1.81324
 0.32304
-1.08558
 1.23416
 1.33491
0.343305
-1.52648
 1.81321
0.323274
-1.08539
 1.23403
 1.33468
0.343402
-1.52647
 1.81331
0.323472
-1.08539
 1.23389
 1.33446
0.343502
-1.52646
 1.81332
0.323703
-1.08531
 1.23374
 1.33426
0.343597
-1.52646
 1.81343
0.323918
-1.08534
 1.23359
 1.33407
0.343692
-1.52647
 1.81337
0.324165
-1.08519
 1.23349
 1.33393
0.343784
-1.52647
 1.81338
0.324395
-1.08513
 1.23334
 1.33378
0.343881
-1.52645
 1.81352
0.324594
-1.08518
 1.23321
  1.3336
0.343972
-1.52645
  1.8136
 0.32482
-1.08517
 1.23308
 1.33343
0.344067
-1.52645
 1.81361
0.325066
-1.08514
 1.23297
 1.33328
0.344171
-1.52645
 1.81367
0.325286
-1.08511
 1.23285
 1.33313
0.344276
-1.52643
 1.81371
 0.32552
-1.08512
 1.23272
 1.33296
0.344387
-1.52639
 1.81389
 0.32574
 -1.0852
 1.23259
 1.33274
0.344503
-1.52635
 1.81396
0.326013
-1.08517
 1.23247
 1.33253
0.344606
-1.52638
 1.81399
0.326223
-1.08508
 1.23234
 1.33234
0.344681
-1.52637
 1.81412
0.326443
-1.08502
 1.23222
 1.33213
0.344746
-1.52631
 1.81425
0.326695
-1.08498
 1.23209
 1.33195
0.344811
-1.52629
  1.8143
0.326943
-1.08484
 1.23196
 1.33179
0.344879
-1.52626
 1.81435
0.327181
-1.08471
 1.23181
 1.33165
0.344949
-1.52622
 1.81453
0.327393
-1.08473
 1.23161
 1.33148
0.345017
-1.52618
 1.81465
0.327657
-1.08469
  1.2314
 1.33127
0.345083
-1.52618
 1.81467
0.327971
 -1.0845
 1.23121
 1.33103
0.345158
-1.52615
 1.81483
0.328293
-1.08449
 1.23099
 1.33078
0.345238
-1.52614
 1.81494
 0.32861
-1.08435
  1.2308
 1.33049
0.345313
-1.52612
 1.81501
0.328937
-1.08418
 1.23057
 1.33025
0.345397
-1.52612
  1.8151
0.329242
-1.08405
 1.23039
 1.33003
0.345479
 -1.5261
 1.81527
0.329494
-1.08405
 1.23022
 1.32979
0.345588
-1.52609
  1.8154
 0.32978
-1.08398
 1.23004
 1.32956
0.345717
-1.52609
  1.8154
0.330103
-1.08381
 1.22987
 1.32937
0.345845
-1.52608
 1.81543
0.330424
-1.08368
 1.22974
 1.32917
0.345966
-1.52607
 1.81556
 0.33069
-1.08367
 1.22957
 1.32894
0.346102
-1.52603
 1.81567
0.330983
-1.08361
 1.22941
 1.32872
0.346233
-1.52597
 1.81565
0.331328
-1.08346
 1.22928
 1.32853
0.346366
-1.52599
 1.81565
0.331564
-1.08328
 1.22912
 1.32833
0.346505
-1.52597
 1.81574
0.331779
-1.08322
 1.22894
 1.32813
0.346633
-1.52595
 1.81582
0.332079
-1.08314
 1.22878
 1.32793
0.346734
-1.52595
 1.81582
0.332424
-1.08299
 1.22862
 1.32774
0.346826
-1.52596
 1.81586
 0.33274
 -1.0829
 1.22848
 1.32754
0.346904
-1.52596
 1.81585
0.333068
-1.08273
 1.22831
 1.32733
0.346981
-1.52596
 1.81585
0.333378
-1.08255
 1.22814
 1.32709
0.347059
-1.52595
 1.81591
 0.33364
-1.08246
 1.22796
 1.32682
0.347135
-1.52595
 1.81595
0.333914
-1.08232
 1.22778
 1.32658
0.347218
-1.52594
 1.81595
0.334231
-1.08214
 1.22761
 1.32638
0.347306
-1.52594
 1.81598
0.334536
  -1.082
 1.22745
 1.32616
0.347402
-1.52593
 1.81602
0.334858
-1.08185
 1.22727
 1.32595
0.347496
-1.52593
 1.81602
0.335186
-1.08168
 1.22709
 1.32575
0.347605
-1.52593
 1.81602
0.335511
-1.08153
  1.2269
  1.3255
0.347724
-1.52589
 1.81613
0.335816
-1.08153
 1.22669
  1.3252
0.347854
-1.52581
 1.81621
0.336149
-1.08148
 1.22648
  1.3249
0.347982
-1.52584
 1.81622
0.336428
-1.08133
 1.22627
 1.32461
0.348114
-1.52585
 1.81626
 0.33671
-1.08118
 1.22606
 1.32435
0.348249
-1.52581
 1.81634
0.337058
-1.08104
 1.22586
 1.32411
0.348386
 -1.5258
 1.81648
0.337387
-1.08099
 1.22565
 1.32387
 0.34852
-1.52581
 1.81659
0.337713
-1.08089
 1.22545
 1.32361
0.348649
-1.52581
  1.8167
0.338044
-1.08082
 1.22525
 1.32335
0.348781
-1.52581
 1.81683
0.338366
-1.08076
 1.22504
 1.32305
0.348911
-1.52581
  1.8169
0.338706
-1.08066
 1.22484
 1.32275
0.349023
-1.52581
 1.81693
0.339062
-1.08054
 1.22464
  1.3225
0.349126
 -1.5258
  1.8171
0.339374
-1.08053
 1.22443
 1.32227
0.349223
-1.52578
 1.81731
0.339677
-1.08053
 1.22421
  1.3221
0.349323
-1.52576
 1.81743
 0.34006
-1.08038
 1.22398
 1.32191
0.349429
-1.52572
 1.81759
0.340442
 -1.0803
 1.22376
 1.32169
0.349548
-1.52573
 1.81773
0.340753
-1.08008
 1.22355
 1.32143
0.349681
-1.52572
 1.81787
0.341087
-1.07987
 1.22333
 1.32112
0.349816
-1.52567
 1.81805
0.341478
-1.07981
 1.22313
 1.32079
0.349956
-1.52567
 1.81817
0.341823
-1.07967
 1.22291
  1.3205
0.350106
-1.52566
 1.81829
0.342165
-1.07955
 1.22267
 1.32023
0.350251
-1.52566
  1.8184
0.342504
-1.07941
 1.22246
 1.31997
0.350402
-1.52566
 1.81851
 0.34284
-1.07926
 1.22225
 1.31974
0.350548
-1.52564
 1.81867
0.343173
-1.07919
 1.22203
 1.31947
0.350678
-1.52564
 1.81877
0.343523
-1.07903
  1.2218
 1.31917
0.350811
-1.52563
 1.81889
0.343891
-1.07887
 1.22156
 1.31885
0.350947
-1.52558
  1.8191
0.344261
-1.07885
 1.22134
 1.31856
0.351072
-1.52554
 1.81913
0.344686
-1.07861
 1.22114
 1.31832
0.351191
-1.52557
 1.81915
0.345033
-1.07833
 1.22089
 1.31808
0.351306
-1.52555
 1.81927
0.345355
-1.07819
 1.22064
 1.31783
0.351417
-1.52549
  1.8194
0.345752
-1.07814
 1.22039
 1.31757
0.351538
-1.52549
 1.81947
0.346146
-1.07796
 1.22013
 1.31722
0.351671
-1.52549
 1.81953
0.346522
-1.07778
 1.21989
 1.31686
0.351811
-1.52547
 1.81965
0.346891
 -1.0777
 1.21965
 1.31653
0.351961
-1.52546
 1.81973
0.347273
-1.07751
  1.2194
 1.31624
0.352121
-1.52546
 1.81979
0.347659
 -1.0773
 1.21916
 1.31597
0.352277
 -1.5254
 1.81989
0.348085
-1.07724
 1.21891
  1.3157
0.352435
-1.52536
 1.81999
0.348502
-1.07713
 1.21866
  1.3154
0.352585
-1.52538
 1.82009
0.348815
-1.07696
  1.2184
 1.31507
0.352734
-1.52536
 1.82014
0.349186
-1.07676
 1.21815
 1.31476
0.352872
-1.52532
 1.82021
0.349624
-1.07654
 1.21791
 1.31444
0.352997
-1.52529
  1.8204
0.350018
-1.07648
 1.21766
 1.31415
0.353128
-1.52529
 1.82048
0.350433
-1.07626
 1.21742
 1.31388
0.353263
-1.52528
 1.82059
0.350847
-1.07608
 1.21716
  1.3136
0.353395
-1.52526
 1.82078
0.351228
-1.07599
  1.2169
 1.31331
0.353527
-1.52521
 1.82096
0.351637
-1.07582
 1.21663
 1.31298
0.353665
-1.52517
 1.82106
0.352097
-1.07562
 1.21638
 1.31267
0.353805
-1.52518
 1.82115
0.352489
-1.07533
 1.21613
 1.31236
0.353977
-1.52517
 1.82134
0.352826
-1.07519
 1.21586
 1.31207
0.354158
-1.52511
 1.82154
0.353235
-1.07513
 1.21558
 1.31177
0.354342
 -1.5251
  1.8217
 0.35362
  -1.075
 1.21531
 1.31146
0.354522
 -1.5251
 1.82181
0.354038
-1.07484
 1.21506
 1.31117
0.354691
-1.52509
 1.82193
0.354479
-1.07467
 1.21481
 1.31086
0.354851
-1.52507
 1.82213
0.354877
-1.07459
 1.21456
 1.31054
0.354991
-1.52503
 1.82232
0.355291
-1.07447
 1.21429
 1.31024
0.355134
-1.52498
 1.82252
0.355707
 -1.0744
 1.21403
 1.30993
0.355283
  -1.525
 1.82256
0.356085
-1.07411
 1.21378
 1.30961
0.355445
-1.52497
 1.82266
0.356473
-1.07393
 1.21349
 1.30927
0.355604
-1.52492
 1.82283
0.356898
-1.07378
 1.21322
 1.30893
0.355752
-1.52489
 1.82299
0.357278
-1.07363
 1.21296
 1.30858
 0.35591
-1.52488
 1.82304
0.357701
-1.07337
 1.21268
 1.30827
0.356083
-1.52486
 1.82315
0.358107
-1.07319
  1.2124
 1.30796
0.356261
-1.52481
 1.82332
0.358513
-1.07302
 1.21213
 1.30764
0.356443
-1.52474
 1.82351
0.358926
-1.07295
 1.21187
 1.30729
0.356614
-1.52476
 1.82357
0.359326
-1.07273
 1.21162
 1.30693
0.356772
-1.52476
 1.82362
0.359728
-1.07255
 1.21135
 1.30663
0.356918
-1.52471
 1.82382
 0.36013
-1.07256
 1.21109
 1.30631
0.357065
-1.52471
 1.82387
0.360552
-1.07243
 1.21086
 1.30599
0.357209
-1.52469
 1.82405
0.360983
-1.07248
 1.21059
 1.30565
0.357357
-1.52464
 1.82427
0.361439
-1.07246
 1.21033
 1.30528
0.357518
-1.52462
 1.82431
0.361962
-1.07226
 1.21004
 1.30493
0.357691
-1.52462
 1.82448
0.362398
-1.07214
 1.20971
  1.3046
0.357855
 -1.5246
 1.82472
0.362845
  -1.072
 1.20937
 1.30428
0.358025
-1.52456
 1.82489
0.363372
-1.07185
 1.20904
 1.30396
  0.3582
-1.52455
 1.82511
0.363854
-1.07173
 1.20874
 1.30361
0.358388
-1.52455
 1.82531
0.364328
-1.07156
 1.20842
 1.30322
0.358562
-1.52451
 1.82541
 0.36483
-1.07133
 1.20811
 1.30288
0.358731
-1.52445
  1.8256
0.365301
-1.07121
  1.2078
 1.30256
0.358886
-1.52447
 1.82576
 0.36567
-1.07096
 1.20751
 1.30224
0.359037
-1.52445
 1.82587
0.366072
-1.07071
 1.20721
 1.30193
0.359194
-1.52436
 1.82608
0.366496
-1.07059
  1.2069
 1.30156
0.359343
-1.52434
  1.8261
0.366911
 -1.0702
 1.20661
 1.30116
0.359507
-1.52424
 1.82629
0.367335
-1.07001
 1.20627
 1.30078
0.359694
-1.52415
 1.82652
 0.36777
-1.06977
 1.20596
 1.30043
  0.3599
-1.52418
 1.82657
 0.36817
-1.06936
 1.20566
 1.30013
0.360093
-1.52416
 1.82675
0.368574
-1.06912
 1.20536
 1.29978
0.360295
-1.52413
 1.82683
0.369077
-1.06887
 1.20509
 1.29939
0.360495
-1.52413
 1.82701
0.369525
-1.06878
 1.20479
 1.29897
0.360693
 -1.5241
 1.82713
0.369998
-1.06863
 1.20452
  1.2986
0.360873
-1.52408
  1.8272
0.370507
-1.06845
 1.20425
  1.2983
0.361045
 -1.5241
 1.82733
0.370903
-1.06832
 1.20398
 1.29797
0.361212
 -1.5241
  1.8274
0.371349
 -1.0681
 1.20371
 1.29761
0.361385
-1.52408
 1.82751
0.371827
-1.06796
  1.2034
 1.29721
0.361568
-1.52408
 1.82759
0.372321
 -1.0678
 1.20308
 1.29682
0.361752
-1.52404
 1.82777
0.372813
-1.06773
 1.20276
 1.29646
0.361957
-1.52398
 1.82787
0.373341
-1.06757
 1.20246
 1.29616
0.362163
  -1.524
 1.82805
0.373769
-1.06745
 1.20214
 1.29581
0.362355
-1.52403
 1.82809
0.374252
-1.06716
 1.20185
 1.29544
0.362541
-1.52398
  1.8283
0.374746
-1.06709
 1.20153
 1.29506
0.362733
-1.52396
 1.82841
 0.37527
-1.06688
 1.20123
  1.2947
0.362907
-1.52389
 1.82861
0.375784
-1.06676
 1.20091
 1.29437
 0.36308
-1.52391
 1.82874
0.376245
-1.06654
 1.20061
 1.29406
0.363249
-1.52391
 1.82896
 0.37668
-1.06642
 1.20029
 1.29368
0.363425
 -1.5239
 1.82904
0.377206
-1.06616
 1.19997
 1.29326
0.363606
 -1.5239
 1.82925
0.377699
-1.06605
 1.19959
 1.29284
0.363794
-1.52386
 1.82938
0.378236
-1.06585
 1.19925
 1.29248
0.363996
-1.52378
 1.82964
0.378745
-1.06578
 1.19888
  1.2921
0.364209
 -1.5238
 1.82976
0.379217
 -1.0655
 1.19852
 1.29172
0.364407
-1.52383
 1.82987
0.379685
-1.06523
 1.19818
 1.29132
0.364595
-1.52376
 1.83012
0.380183
-1.06516
 1.19785
 1.29093
0.364776
-1.52372
 1.83028
0.380722
  -1.065
 1.19751
 1.29054
 0.36496
-1.52366
 1.83047
 0.38126
-1.06485
 1.19716
 1.29014
0.365142
-1.52369
 1.83062
0.381728
-1.06464
 1.19683
 1.28976
0.365329
-1.52368
 1.83087
0.382172
 -1.0645
 1.19648
 1.28935
0.365522
-1.52361
 1.83101
0.382759
-1.06425
 1.19614
 1.28896
0.365719
-1.52353
 1.83119
0.383348
-1.06403
 1.19578
 1.28857
0.365926
-1.52353
 1.83141
0.383799
-1.06386
 1.19543
 1.28817
0.366134
-1.52353
 1.83157
0.384268
 -1.0636
  1.1951
 1.28774
0.366347
-1.52347
 1.83182
0.384794
-1.06349
 1.19477
 1.28732
0.366551
-1.52342
 1.83192
0.385383
-1.06324
 1.19443
 1.28697
0.366734
-1.52335
 1.83203
0.385949
-1.06304
 1.19409
 1.28666
0.366917
-1.52334
 1.83222
0.386388
-1.06291
 1.19374
 1.28632
0.367115
-1.52334
 1.83238
0.386838
-1.06275
 1.19339
 1.28592
0.367313
-1.52329
 1.83245
0.387431
-1.06253
 1.19305
 1.28553
0.367524
-1.52323
 1.83264
0.387974
-1.06244
  1.1927
 1.28514
0.367738
-1.52314
 1.83273
0.388561
-1.06222
 1.19235
 1.28478
0.367956
-1.52315
 1.83284
0.389074
-1.06197
   1.192
 1.28443
 0.36818
-1.52313
 1.83306
0.389564
-1.06185
 1.19164
 1.28403
0.368397
-1.52303
 1.83321
0.390163
-1.06169
 1.19131
 1.28362
0.368616
-1.52295
 1.83332
0.390787
-1.06146
 1.19096
 1.28322
0.368804
-1.52294
 1.83354
 0.39128
 -1.0613
 1.19061
 1.28286
0.368988
-1.52293
 1.83372
0.391801
-1.06108
 1.19025
  1.2825
0.369182
-1.52284
 1.83388
0.392412
-1.06089
 1.18991
 1.28212
  0.3694
-1.52273
 1.83415
0.392987
-1.06078
 1.18956
  1.2817
0.369617
-1.52273
 1.83433
0.393496
-1.06056
 1.18921
 1.28127
 0.36985
-1.52273
 1.83449
0.394023
 -1.0603
 1.18884
 1.28085
0.370083
-1.52263
 1.83468
0.394627
-1.06012
 1.18848
 1.28048
0.370306
-1.52249
 1.83499
0.395176
-1.06008
 1.18813
 1.28008
0.370523
-1.52249
 1.83519
0.395662
-1.05983
 1.18776
 1.27962
0.370736
-1.52248
 1.83528
0.396197
-1.05951
 1.18739
 1.27917
0.370939
-1.52235
 1.83553
0.396771
-1.05936
 1.18703
 1.27876
0.371134
-1.52222
 1.83572
 0.39736
-1.05912
 1.18667
  1.2784
0.371346
-1.52221
  1.8359
0.397875
-1.05885
 1.18631
   1.278
0.371569
-1.52219
 1.83602
0.398427
-1.05855
 1.18594
 1.27756
0.371802
-1.52209
  1.8361
0.399052
-1.05828
 1.18556
 1.27713
0.372042
-1.52197
 1.83627
0.399635
 -1.0581
 1.18518
 1.27673
0.372272
-1.52194
 1.83646
 0.40012
-1.05788
 1.18481
 1.27636
0.372489
-1.52193
 1.83649
0.400684
-1.05752
 1.18443
 1.27597
0.372691
-1.52182
 1.83656
0.401323
-1.05727
 1.18405
 1.27555
0.372899
-1.52171
 1.83672
0.401904
-1.05716
 1.18369
 1.27513
0.373108
-1.52171
  1.8368
0.402419
-1.05692
 1.18331
 1.27475
0.373317
 -1.5217
 1.83688
0.402972
-1.05668
 1.18292
 1.27438
0.373531
-1.52158
 1.83706
0.403587
-1.05657
 1.18254
 1.27399
0.373769
-1.52159
 1.83713
0.404173
-1.05624
 1.18217
 1.27356
0.374014
-1.52156
 1.83721
0.404793
-1.05593
  1.1818
 1.27313
0.374253
 -1.5215
 1.83742
0.405386
-1.05571
  1.1814
 1.27274
0.374478
-1.52142
 1.83763
0.405975
-1.05546
 1.18101
 1.27235
0.374684
 -1.5214
 1.83781
0.406535
 -1.0552
 1.18062
 1.27197
0.374894
 -1.5214
   1.838
0.407127
 -1.0549
 1.18024
 1.27153
0.375112
-1.52133
 1.83814
0.407755
-1.05459
 1.17989
  1.2711
0.375335
-1.52132
 1.83826
0.408319
-1.05423
 1.17952
 1.27067
 0.37555
-1.52124
 1.83856
0.408889
-1.05414
 1.17913
 1.27021
0.375785
-1.52116
 1.83878
0.409499
-1.05395
 1.17876
 1.26974
0.376035
 -1.5211
 1.83891
0.410101
-1.05365
 1.17837
 1.26932
0.376276
-1.52108
 1.83909
0.410657
-1.05332
 1.17797
 1.26892
0.376498
-1.52102
 1.83933
0.411239
-1.05311
 1.17756
 1.26849
0.376707
-1.52093
 1.83954
0.411863
-1.05286
 1.17717
 1.26802
0.376916
-1.52092
 1.83972
0.412403
-1.05256
 1.17681
 1.26757
0.377134
-1.52084
 1.83993
0.412983
-1.05237
 1.17642
 1.26718
0.377368
-1.52075
 1.84006
0.413578
 -1.0521
 1.17605
 1.26679
0.377598
-1.52076
 1.84029
0.414037
-1.05189
 1.17567
 1.26633
0.377834
-1.52075
  1.8405
0.414531
-1.05169
 1.17529
 1.26586
0.378082
 -1.5207
 1.84071
0.415139
-1.05152
 1.17488
 1.26543
0.378313
-1.52074
 1.84089
0.415713
-1.05122
 1.17449
 1.26506
0.378533
-1.52074
 1.84108
 0.41633
-1.05093
 1.17408
 1.26468
0.378745
-1.52072
 1.84131
0.416944
-1.05079
 1.17368
 1.26424
0.378964
-1.52077
 1.84149
0.417525
-1.05049
  1.1733
 1.26377
0.379225
-1.52078
 1.84169
0.418134
-1.05022
 1.17291
 1.26336
0.379504
-1.52071
 1.84193
0.418761
 -1.0501
 1.17253
 1.26301
0.379785
-1.52073
 1.84212
0.419324
-1.04981
 1.17216
  1.2626
0.380063
-1.52069
 1.84231
0.419939
-1.04954
 1.17174
 1.26214
0.380337
-1.52061
 1.84253
0.420561
 -1.0494
 1.17131
 1.26169
 0.38059
-1.52062
 1.84272
0.421121
 -1.0491
 1.17088
 1.26124
 0.38083
-1.52058
 1.84295
0.421705
-1.04894
 1.17043
 1.26084
0.381067
-1.52051
 1.84311
 0.42235
-1.04872
 1.17001
 1.26043
0.381314
-1.52052
 1.84329
0.422917
-1.04851
  1.1696
 1.25998
0.381575
-1.52045
  1.8435
0.423523
-1.04836
 1.16919
 1.25953
0.381832
-1.52038
 1.84369
0.424146
-1.04813
  1.1688
  1.2591
 0.38206
-1.52038
  1.8439
0.424716
 -1.0479
 1.16838
 1.25872
0.382289
-1.52032
 1.84408
0.425331
-1.04761
 1.16796
 1.25831
0.382508
-1.52025
  1.8443
0.425953
-1.04736
 1.16754
 1.25785
0.382725
-1.52024
 1.84452
0.426532
 -1.0471
 1.16712
  1.2574
0.382938
-1.52017
 1.84472
0.427151
 -1.0468
 1.16669
 1.25699
0.383167
-1.52009
 1.84494
0.427767
-1.04654
 1.16626
 1.25661
0.383394
-1.52009
 1.84513
0.428358
-1.04622
 1.16586
 1.25618
 0.38364
-1.52001
 1.84535
 0.42898
-1.04597
 1.16544
 1.25573
0.383901
-1.52004
 1.84552
0.429545
 -1.0456
 1.16504
  1.2553
0.384139
-1.51999
 1.84572
0.430175
-1.04533
 1.16463
  1.2549
0.384365
-1.51995
 1.84594
0.430801
-1.04515
 1.16421
 1.25451
0.384589
-1.51999
 1.84612
0.431395
 -1.0448
 1.16378
 1.25408
0.384818
-1.51998
 1.84633
0.431987
-1.04459
 1.16336
 1.25364
0.385052
-1.51995
 1.84652
 0.43262
-1.04433
 1.16297
 1.25322
0.385284
-1.51996
 1.84672
0.433217
-1.04408
 1.16255
 1.25282
0.385534
-1.51994
  1.8469
0.433846
-1.04379
 1.16213
 1.25238
0.385789
-1.51998
  1.8471
0.434405
-1.04355
 1.16172
 1.25192
 0.38605
-1.51997
  1.8473
0.435015
-1.04328
 1.16131
 1.25146
0.386297
-1.51989
 1.84755
0.435643
-1.04318
 1.16088
   1.251
0.386522
-1.51989
 1.84777
0.436231
-1.04293
 1.16045
 1.25054
0.386773
-1.51984
 1.84793
0.436851
-1.04267
 1.16002
 1.25008
 0.38706
-1.51988
 1.84807
0.437439
-1.04232
 1.15961
 1.24961
0.387347
 -1.5198
 1.84837
0.438051
-1.04219
 1.15917
 1.24917
0.387639
 -1.5197
 1.84859
0.438695
-1.04193
 1.15874
 1.24872
0.387928
-1.51968
 1.84882
0.439281
-1.04171
 1.15832
 1.24824
0.388215
-1.51963
 1.84901
0.439898
-1.04144
 1.15789
  1.2478
 0.38847
-1.51962
 1.84922
0.440481
 -1.0412
 1.15744
 1.24738
0.388716
-1.51954
 1.84946
0.441106
-1.04097
 1.15701
 1.24695
0.388982
-1.51942
 1.84979
0.441729
-1.04084
 1.15657
 1.24652
0.389257
-1.51941
 1.84999
0.442351
-1.04054
 1.15613
  1.2461
0.389543
-1.51934
 1.85019
0.442972
-1.04027
 1.15569
 1.24569
0.389816
-1.51929
  1.8505
0.443555
 -1.0401
 1.15525
  1.2453
0.390059
-1.51919
 1.85076
0.444207
-1.03988
  1.1548
  1.2449
0.390294
-1.51915
 1.85103
0.444792
-1.03968
 1.15437
 1.24448
0.390521
-1.51905
 1.85128
0.445416
-1.03939
 1.15392
 1.24403
0.390739
-1.51891
 1.85161
0.446042
-1.03923
 1.15346
 1.24362
0.390976
-1.51886
 1.85196
0.446617
-1.03902
   1.153
 1.24324
0.391225
-1.51881
 1.85213
0.447266
-1.03864
 1.15254
 1.24286
0.391487
-1.51878
 1.85236
0.447876
-1.03838
 1.15211
 1.24239
0.391755
-1.51872
 1.85263
  0.4485
-1.03812
 1.15167
 1.24189
0.392012
-1.51869
 1.85287
0.449092
-1.03789
 1.15121
 1.24143
0.392255
 -1.5186
 1.85316
0.449722
-1.03774
 1.15075
   1.241
0.392496
-1.51855
 1.85341
0.450372
-1.03747
  1.1503
 1.24055
0.392739
-1.51857
 1.85356
0.451022
-1.03708
 1.14985
 1.24007
0.392985
-1.51854
 1.85375
0.451671
-1.03678
 1.14939
 1.23963
0.393246
-1.51854
 1.85397
0.452277
-1.03646
 1.14896
 1.23922
0.393524
-1.51849
 1.85422
0.452937
-1.03624
 1.14852
 1.23878
0.393804
-1.51851
 1.85444
0.453562
-1.03591
 1.14808
  1.2383
0.394065
-1.51847
 1.85462
0.454239
-1.03563
 1.14765
 1.23784
0.394314
-1.51847
 1.85478
0.454875
-1.03529
 1.14721
 1.23741
0.394562
 -1.5184
 1.85496
0.455517
-1.03501
 1.14675
 1.23699
0.394816
-1.51838
 1.85519
 0.45611
-1.03481
 1.14629
 1.23654
0.395069
-1.51829
 1.85539
0.456746
-1.03469
 1.14583
 1.23608
0.395332
-1.51834
 1.85546
0.457378
-1.03436
 1.14539
 1.23565
 0.39561
-1.51828
 1.85565
0.458023
-1.03423
 1.14494
 1.23523
0.395888
-1.51818
 1.85592
0.458667
-1.03411
 1.14451
  1.2348
0.396149
-1.51815
 1.85614
0.459269
-1.03384
 1.14408
 1.23435
0.396393
-1.51807
 1.85637
0.459918
-1.03358
 1.14363
 1.23391
0.396638
-1.51801
 1.85653
0.460557
-1.03321
 1.14318
  1.2335
0.396906
 -1.5179
 1.85676
0.461219
-1.03288
 1.14271
 1.23308
0.397172
-1.51782
  1.8571
0.461828
-1.03264
 1.14226
 1.23266
0.397444
-1.51771
 1.85743
0.462466
-1.03234
 1.14181
 1.23221
0.397732
 -1.5177
 1.85757
0.463097
-1.03186
 1.14139
 1.23178
0.398004
 -1.5176
 1.85783
0.463749
-1.03154
 1.14094
 1.23135
0.398258
-1.51752
  1.8582
0.464359
-1.03134
 1.14049
 1.23089
0.398504
-1.51741
 1.85854
0.464991
-1.03119
 1.14003
 1.23041
0.398761
-1.51744
 1.85875
 0.46564
-1.03083
 1.13958
 1.22998
 0.39906
-1.51737
 1.85904
0.466305
-1.03061
 1.13912
 1.22955
0.399372
-1.51733
 1.85942
0.466909
-1.03045
 1.13867
  1.2291
0.399677
-1.51729
 1.85972
0.467547
-1.03021
 1.13824
 1.22863
0.399981
-1.51727
 1.85991
0.468217
-1.02996
 1.13779
 1.22819
0.400262
 -1.5172
 1.86016
0.468867
-1.02982
 1.13734
 1.22777
0.400532
-1.51717
 1.86048
 0.46939
 -1.0297
 1.13688
 1.22733
0.400807
-1.51712
 1.86074
0.469978
 -1.0295
 1.13641
 1.22686
0.401087
-1.51713
 1.86091
0.470547
-1.02918
 1.13601
 1.22647
0.401341
-1.51709
  1.8611
0.471059
-1.02895
 1.13576
 1.22634
0.401406
-1.51708
  1.8613
0.471471
-1.02876
 1.13565
 1.22634
0.401403
-1.51705
 1.86146
0.471804
-1.02864
 1.13561
 1.22635
0.401395
-1.51702
 1.86153
0.472032
-1.02854
 1.13562
 1.22639
0.401383
  -1.517
 1.86155
0.472146
-1.02845
 1.13563
 1.22643
0.401371
-1.51697
 1.86155
0.472172
-1.02838
 1.13566
 1.22644
0.401368
-1.51693
 1.86153
0.472157
-1.02833
  1.1357
 1.22645
0.401365
 -1.5169
 1.86149
0.472125
-1.02832
 1.13573
 1.22646
 0.40136
-1.51688
 1.86144
 0.47208
-1.02833
 1.13577
 1.22647
0.401347
-1.51687
  1.8614
0.472012
-1.02834
 1.13583
  1.2265
0.401313
-1.51687
 1.86135
0.471914
-1.02836
  1.1359
 1.22654
0.401271
-1.51687
 1.86132
0.471801
-1.02838
 1.13597
 1.22659
0.401226
-1.51688
 1.86129
0.471679
-1.02841
 1.13604
 1.22664
0.401183
-1.51689
 1.86126
0.471555
-1.02844
  1.1361
 1.22668
0.401144
-1.51691
 1.86124
0.471435
-1.02847
 1.13616
 1.22671
 0.40111
-1.51693
 1.86122
0.471329
 -1.0285
 1.13621
 1.22674
0.401077
-1.51695
  1.8612
0.471231
-1.02853
 1.13626
 1.22677
0.401045
-1.51698
 1.86118
0.471148
-1.02856
  1.1363
 1.22679
0.401017
-1.51701
 1.86116
0.471087
-1.02858
 1.13634
 1.22681
0.400995
-1.51705
 1.86113
0.471042
 -1.0286
 1.13636
 1.22683
0.400984
-1.51708
 1.86111
0.471011
-1.02862
 1.13638
 1.22685
 0.40098
-1.51712
 1.86109
0.470991
-1.02864
 1.13638
 1.22686
0.400979
-1.51716
 1.86107
 0.47098
-1.02866
 1.13638
 1.22687
0.400981
 -1.5172
 1.86105
0.470976
-1.02867
 1.13638
 1.22688
0.400984
-1.51724
 1.86104
0.470979
-1.02869
 1.13638
 1.22688
0.400989
-1.51727
 1.86102
0.470988
-1.02871
 1.13638
 1.22688
0.400995
 -1.5173
   1.861
   0.471
-1.02873
 1.13637
 1.22688
0.401003
-1.51732
 1.86098
0.471011
-1.02874
 1.13637
 1.22688
0.401012
-1.51733
 1.86097
0.471026
-1.02875
 1.13636
 1.22688
0.401015
-1.51733
 1.86095
0.471045
-1.02876
 1.13635
 1.22688
0.401018
-1.51733
 1.86094
0.471065
-1.02877
 1.13634
 1.22688
0.401022
-1.51733
 1.86093
0.471087
-1.02877
 1.13634
 1.22687
0.401027
-1.51733
 1.86093
0.471112
-1.02877
 1.13634
 1.22687
0.401031
-1.51733
 1.86093
0.471136
-1.02877
 1.13634
 1.22686
0.401034
-1.51733
 1.86093
0.471159
-1.02876
 1.13633
 1.22686
0.401036
-1.51732
 1.86093
0.471183
-1.02876
 1.13631
 1.22686
0.401038
-1.51732
 1.86093
0.471208
-1.02876
 1.13629
 1.22686
0.401039
-1.51731
 1.86093
0.471232
-1.02876
 1.13628
 1.22686
 0.40104
 -1.5173
 1.86093
0.471251
-1.02876
 1.13626
 1.22686
0.401041
-1.51728
 1.86094
0.471268
-1.02876
 1.13625
 1.22686
0.401042
-1.51727
 1.86095
0.471284
-1.02876
 1.13624
 1.22686
0.401042
-1.51725
 1.86095
0.471299
-1.02876
 1.13623
 1.22686
0.401043
-1.51724
 1.86096
0.471313
-1.02876
 1.13622
 1.22686
0.401043
-1.51723
 1.86096
0.471326
-1.02876
 1.13622
 1.22686
0.401044
-1.51721
 1.86097
 0.47134
-1.02876
 1.13621
 1.22686
0.401044
 -1.5172
 1.86098
0.471353
-1.02876
 1.13621
 1.22686
0.401045
-1.51719
 1.86099
0.471365
-1.02876
  1.1362
 1.22686
0.401045
-1.51718
 1.86099
0.471376
-1.02876
  1.1362
 1.22686
0.401045
-1.51717
   1.861
0.471385
-1.02876
  1.1362
 1.22686
0.401045
-1.51716
   1.861
0.471393
-1.02876
 1.13619
 1.22686
0.401045
-1.51715
 1.86101
0.471401
-1.02876
 1.13619
 1.22686
0.401046
-1.51714
 1.86101
0.471408
-1.02876
 1.13619
 1.22686
0.401046
-1.51713
 1.86102
0.471416
-1.02876
 1.13619
 1.22686
0.401046
-1.51711
 1.86103
0.471424
-1.02876
 1.13619
 1.22686
0.401046
 -1.5171
 1.86103
0.471432
-1.02876
 1.13619
 1.22686
0.401046
-1.51708
 1.86103
 0.47144
-1.02876
 1.13618
 1.22686
0.401047
-1.51707
 1.86104
0.471447
-1.02876
 1.13618
 1.22686
0.401047
-1.51706
 1.86104
0.471454
-1.02876
 1.13618
 1.22686
0.401047
-1.51705
 1.86104
 0.47146
-1.02876
 1.13618
 1.22686
0.401047
-1.51705
 1.86104
0.471466
-1.02876
 1.13618
 1.22686
0.401047
-1.51704
 1.86104
0.471471
-1.02876
 1.13618
 1.22686
0.401048
-1.51704
 1.86105
0.471476
-1.02876
 1.13618
 1.22686
0.401048
-1.51705
 1.86105
0.471479
-1.02876
 1.13618
 1.22686
0.401048
-1.51705
 1.86105
 0.47148
-1.02876
 1.13618
 1.22686
0.401048
-1.51705
 1.86105
0.471477
-1.02876
 1.13618
 1.22686
0.401048
-1.51705
 1.86105
0.471475
-1.02876
 1.13618
 1.22686
0.401048
-1.51706
 1.86105
0.471474
-1.02876
 1.13618
 1.22686
0.401048
-1.51706
 1.86105
0.471474
-1.02876
 1.13618
 1.22686
0.401048
-1.51707
 1.86106
0.471474
-1.02876
 1.13618
 1.22685
0.401049
-1.51707
 1.86106
0.471474
-1.02876
 1.13617
 1.22686
0.401049
-1.51708
 1.86106
0.471475
-1.02876
 1.13617
 1.22685
0.401049
-1.51708
 1.86106
0.471475
-1.02876
 1.13617
 1.22685
0.401049
-1.51709
 1.86106
0.471475
-1.02876
 1.13617
 1.22685
0.401049
-1.51709
 1.86106
0.471475
-1.02876
 1.13617
 1.22685
0.401049
-1.51709
 1.86106
0.471475
-1.02876
 1.13617
 1.22685
0.401049
 -1.5171
 1.86106
0.471475
-1.02876
 1.13617
 1.22685
0.401049
 -1.5171
 1.86106
0.471475
-1.02876
 1.13617
 1.22685
 0.40105
 -1.5171
 1.86106
0.471475
-1.02876
 1.13617
 1.22685
 0.40105
-1.51711
 1.86107
0.471475
-1.02876
 1.13617
 1.22685
 0.40105
-1.51711
 1.86107
0.471475
-1.02876
 1.13617
 1.22685
 0.40105
-1.51711
 1.86107
0.471475
-1.02876
 1.13617
 1.22685
 0.40105
-1.51712
 1.86107
0.471474
-1.02876
 1.13617
 1.22685
 0.40105
-1.51712
 1.86107
0.471474
-1.02876
 1.13617
 1.22685
 0.40105
-1.51713
 1.86107
0.471474
-1.02876
 1.13617
 1.22685
 0.40105
-1.51713
 1.86107
0.471474
-1.02876
 1.13617
 1.22685
 0.40105
-1.51713
 1.86107
0.471473
-1.02876
 1.13617
 1.22685
0.401051
-1.51714
 1.86107
0.471473
-1.02876
 1.13617
 1.22685
0.401051
-1.51714
 1.86107
0.471473
-1.02876
 1.13617
 1.22685
0.401051
-1.51714
 1.86107
0.471474
-1.02876
 1.13617
 1.22685
0.401051
-1.51714
 1.86107
0.471474
-1.02876
 1.13617
 1.22685
0.401051
-1.51714
 1.86107
0.471475
-1.02876
 1.13617
 1.22685
0.401051
-1.51714
 1.86107
0.471475
-1.02876
 1.13617
 1.22685
0.401051
-1.51714
 1.86107
0.471475
-1.02876
 1.13617
 1.22685
0.401051
-1.51714
 1.86107
0.471475
-1.02876
 1.13617
 1.22685
0.401051
-1.51714
 1.86107
0.471475
-1.02876
 1.13617
 1.22685
0.401051
-1.51714
 1.86107
0.471475
-1.02876
 1.13617
 1.22685
0.401051
-1.51714
 1.86107
0.471474
-1.02876
 1.13617
 1.22685
0.401051
-1.51714
 1.86107
0.471474
-1.02876
 1.13617
 1.22685
0.401051
-1.51715
 1.86107
0.471474
-1.02876
 1.13617
 1.22685
0.401051
-1.51715
 1.86108
0.471474
-1.02876
 1.13617
 1.22685
0.401051
-1.51715
 1.86108
0.471474
-1.02876
 1.13617
 1.22685
0.401051
-1.51716
 1.86108
0.471474
-1.02876
 1.13617
 1.22685
0.401051
-1.51716
 1.86108
0.471474
-1.02876
 1.13617
 1.22685
0.401051
-1.51716
 1.86108
0.471474
-1.02876
 1.13617
 1.22685
0.401051
-1.51716
 1.86108
0.471474
-1.02876
 1.13617
 1.22685
0.401052
-1.51716
 1.86108
0.471474
-1.02876
 1.13617
 1.22685
0.401052
-1.51716
 1.86108
0.471474
-1.02876
 1.13617
 1.22685
0.401052
-1.51716
 1.86108
0.471474
-1.02876
 1.13617
 1.22685
0.401052
-1.51716
 1.86108
0.471474
-1.02876
 1.13617
 1.22685
0.401052
-1.51716
 1.86108
0.471474
-1.02876
 1.13617
 1.22685
0.401052
-1.51716
 1.86108
0.471474
-1.02876
 1.13617
 1.22685
0.401052
-1.51716
 1.86108
0.471474
-1.02876
 1.13617
 1.22685
0.401052
-1.51716
 1.86108
0.471474
-1.02876
 1.13617
 1.22685
0.401052
-1.51716
 1.86108
0.471474
-1.02876
 1.13617
 1.22685
0.401052
-1.51716
 1.86108
0.471474
-1.02876
 1.13617
 1.22685
0.401052
-1.51716
 1.86108
0.471474
-1.02876
 1.13617
 1.22685
0.401052
-1.51716
 1.86108
0.471474
-1.02876
 1.13617
 1.22685
0.401052
-1.51717
 1.86108
0.471474
-1.02876
 1.13617
 1.22685
0.401052
-1.51717
 1.86108
0.471474
-1.02876
 1.13617
 1.22685
0.401052
-1.51717
 1.86108
0.471474
-1.02876
 1.13617
 1.22685
0.401052
-1.51717
 1.86108
0.471474
-1.02876
 1.13617
 1.22685
0.401053
-1.51717
 1.86108
0.471474
-1.02876
 1.13617
 1.22685
0.401053
-1.51717
 1.86108
0.471474
-1.02876
 1.13617
 1.22685
0.401053
-1.51718
 1.86108
0.471474
-1.02876
 1.13617
 1.22685
0.401053
-1.51718
 1.86108
0.471474
-1.02876
 1.13617
 1.22685
0.401053
-1.51718
 1.86108
0.471474
-1.02876
 1.13617
 1.22685
0.401053
-1.51718
 1.86108
0.471474
-1.02876
 1.13617
 1.22685
0.401053
-1.51718
 1.86108
0.471474
-1.02876
 1.13617
 1.22685
0.401053
-1.51718
 1.86108
0.471474
-1.02876
 1.13617
 1.22685
0.401053
-1.51718
 1.86108
0.471474
-1.02876
 1.13617
 1.22685
0.401053
-1.51718
 1.86108
0.471474
-1.02876
 1.13617
 1.22685
0.401053
-1.51718
 1.86108
0.471474
-1.02876
 1.13617
 1.22685
0.401053
-1.51718
 1.86108
0.471474
-1.02876
 1.13617
 1.22685
0.401053
-1.51718
 1.86108
0.471474
-1.02876
 1.13617
 1.22685
0.401053
-1.51718
 1.86108
0.471474
-1.02876
 1.13617
 1.22685
0.401053
