   1.55374
   0.42953
 0.0741369
 0.0316832
-0.0932946
 -0.133829
   1.58545
  0.408938
 0.0776866
 0.0324148
-0.0804908
  -0.12735
   1.57982
  0.416142
 0.0812341
 0.0395581
-0.0799465
 -0.136191
   1.56861
  0.419026
 0.0793281
 0.0272524
-0.0749606
 -0.126933
   1.58093
  0.409613
 0.0834043
 0.0188185
-0.0758403
 -0.119003
   1.56849
  0.409761
 0.0623428
 0.0239662
-0.0810191
 -0.126448
   1.57278
  0.408408
 0.0696959
 0.0191956
-0.0791007
 -0.146242
   1.55018
  0.409545
 0.0629671
 0.0308249
-0.0715761
 -0.123661
   1.59269
  0.395198
 0.0521838
 0.0315587
-0.0740762
 -0.118658
   1.66801
  0.416609
 0.0639768
 0.0215813
-0.0818914
 -0.132565
    1.841
 0.446288
0.0551461
0.0255078
-0.071023
-0.138028
   2.07859
  0.500544
 0.0807857
 0.0245318
-0.0549363
 -0.144898
   2.41578
  0.595554
 0.0932467
 0.0131443
-0.0517397
  -0.19139
   2.67674
  0.683286
 0.0976771
 0.0192823
-0.0415863
 -0.198921
   2.73139
  0.688386
  0.169304
 0.0154988
-0.0227371
 -0.207594
   2.56189
  0.716083
 0.0630747
 0.0199817
-0.0365582
 -0.188538
   2.45368
  0.538241
  0.134672
  0.012082
-0.0258078
 -0.191539
   2.44396
  0.680689
  0.152846
 0.0171945
-0.0237819
  -0.19839
   2.43676
  0.612517
   0.12281
 0.0119317
-0.0202086
 -0.176965
   2.47289
  0.651533
 0.0861516
 0.0079202
-0.0377274
  -0.21955
      2.44
  0.643164
  0.102392
  0.015505
-0.0273936
 -0.203824
   2.47034
  0.690241
  0.129787
0.00595257
 -0.018554
 -0.216788
   2.43948
  0.582509
  0.109847
 0.0160498
-0.0267784
 -0.185003
   2.44953
  0.700759
  0.110057
 0.0167675
-0.0347121
 -0.214454
    2.4865
  0.664802
 0.0779378
 0.0125227
-0.0421319
 -0.217282
   2.48541
  0.652914
 0.0879828
  0.016633
-0.0270334
 -0.186725
   2.44651
  0.605503
  0.141329
 0.0108625
-0.0329006
 -0.190037
   2.47198
  0.683399
 0.0894808
0.00567417
-0.0343248
 -0.186765
   2.41367
  0.568743
  0.133691
0.00797234
-0.0229167
 -0.180449
   2.48725
   0.69827
 0.0175273
 0.0145923
-0.0472484
 -0.195816
    2.4879
  0.614838
 0.0406082
 0.0201046
-0.0472381
 -0.180907
   2.49647
  0.604157
  0.145974
 0.0116105
-0.0411476
 -0.182363
   2.51615
  0.726391
 0.0763127
 0.0240415
-0.0540671
 -0.204602
   2.47042
  0.646803
  0.131681
 0.0178363
-0.0314304
 -0.188368
   2.46983
  0.667015
 0.0429864
 0.0183775
-0.0450935
 -0.177734
   2.47288
  0.572325
 0.0925225
 0.0156549
-0.0372387
 -0.174328
   2.49907
  0.674824
  0.141704
 0.0115759
-0.0257534
 -0.189588
   2.47835
  0.603348
  0.128401
 0.0123875
-0.0139207
 -0.166556
   2.53817
  0.639693
  0.103712
 0.0170755
-0.0207349
 -0.187487
   2.50793
  0.600391
  0.107725
  0.017837
-0.0189786
 -0.184033
   2.52732
    0.6955
  0.041896
 0.0142104
-0.0288521
 -0.195906
   2.53077
  0.652943
 0.0934374
0.00762105
-0.0236922
 -0.184885
    2.49266
   0.594981
   0.158776
  0.0113578
-0.00699707
  -0.167067
   2.51247
  0.661869
 0.0478991
 0.0181638
-0.0234765
 -0.170436
    2.4547
  0.578932
  0.121493
 0.0147023
-0.0343442
 -0.208489
   2.47747
   0.70573
 0.0696269
0.00943275
-0.0296046
 -0.175516
   2.50017
  0.597117
 0.0942441
0.00973654
-0.0214271
 -0.180379
   2.50383
  0.679858
 0.0893627
0.00104599
-0.0182477
 -0.190804
   2.57411
   0.67979
  0.111638
 0.0022271
-0.0161926
 -0.193251
   2.57523
   0.62116
  0.139302
0.00707605
-0.0194943
 -0.178629
    2.62059
   0.676085
   0.115414
 0.00879273
-0.00620135
  -0.195438
    2.5858
  0.620555
  0.123192
 0.0172373
-0.0297767
 -0.190375
   2.63153
  0.717867
 0.0728871
 0.0145043
-0.0329925
 -0.228485
   2.60238
  0.656561
  0.114428
 0.0184363
-0.0388935
 -0.189309
   2.58274
  0.650975
 0.0487644
0.00890845
-0.0344851
 -0.187492
    2.59334
   0.684643
  0.0234168
0.000708244
  -0.041609
  -0.200956
   2.55928
   0.56487
 0.0678085
 0.0256436
-0.0500492
 -0.192526
   2.53976
  0.695603
 0.0769773
 0.0189572
-0.0341111
 -0.200969
   2.54185
  0.650394
  0.119471
 0.0205889
-0.0407142
 -0.195645
   2.64277
  0.732707
    0.1201
 0.0191824
-0.0363222
 -0.218402
    2.7435
  0.670778
  0.119585
0.00903725
-0.0265134
 -0.200792
   2.75967
  0.707758
 0.0834307
 0.0109456
-0.0364224
 -0.228498
    2.79214
   0.691873
   0.101073
0.000532717
 -0.0228272
  -0.206424
   2.87644
  0.767243
  0.143477
 0.0112638
-0.0199735
 -0.211805
   2.95949
  0.712207
  0.138667
  0.026134
-0.0129271
 -0.229229
   2.99133
  0.787988
 0.0832617
 0.0159931
-0.0370931
 -0.236159
   2.99036
  0.710552
 0.0840791
0.00970278
-0.0316245
 -0.206545
   2.98568
  0.749074
 0.0919059
 0.0113949
-0.0385245
 -0.214238
   3.01431
  0.796612
  0.105815
 0.0234237
-0.0322764
 -0.243157
   3.05702
    0.8349
 0.0973637
 0.0128934
-0.0305229
 -0.235246
   3.08826
  0.743282
 0.0619816
 0.0174654
-0.0311738
 -0.237476
   3.08117
  0.755358
  0.162691
0.00371496
-0.0204386
 -0.244022
   3.10662
  0.842406
  0.111235
0.00408165
 -0.039695
 -0.245542
   3.12357
  0.779146
  0.127508
 0.0127665
-0.0135586
 -0.223374
     3.09462
    0.777813
    0.115271
-0.000167416
  -0.0176003
   -0.225236
    3.12836
   0.800919
     0.0645
-0.00157324
 -0.0289451
  -0.248344
     3.12841
    0.819547
    0.126401
-0.000719736
  -0.0251081
   -0.235045
   3.07773
  0.717561
  0.106134
 0.0162341
-0.0242333
 -0.217019
    3.0758
  0.771596
  0.138716
 0.0149869
-0.0161669
 -0.221111
   3.07119
  0.745536
 0.0996798
0.00837783
-0.0221601
 -0.221363
   3.00175
  0.661474
   0.13344
 0.0133292
-0.0285364
 -0.193811
   3.01512
  0.782347
  0.096625
0.00227457
-0.0220203
 -0.235308
   2.97568
  0.720437
  0.111504
0.00462879
-0.0236621
 -0.211381
      2.9743
      0.7439
    0.122946
-0.000150495
  -0.0209756
   -0.229754
   2.99337
  0.787435
 0.0899387
0.00895959
-0.0251392
 -0.251152
   2.97142
  0.777015
    0.1375
 0.0218415
-0.0280853
 -0.216983
   2.99208
  0.784581
 0.0901053
  0.015611
-0.0288677
 -0.250046
  2.96274
 0.732746
 0.138641
0.0122548
-0.015493
-0.226455
   2.94916
  0.746002
 0.0868306
 0.0116525
-0.0365818
 -0.232072
   2.92399
  0.801498
 0.0428577
0.00989606
-0.0454703
 -0.231441
   2.87212
  0.703209
 0.0688236
 0.0098995
-0.0458126
  -0.21996
    2.8647
  0.763095
 0.0803987
 0.0132499
-0.0416034
 -0.240189
   2.84973
  0.739408
   0.13424
 0.0170732
-0.0360516
  -0.21049
   2.85575
  0.666767
 0.0962326
 0.0115724
-0.0346234
 -0.226425
   2.82497
  0.712357
  0.103066
 0.0190655
-0.0385711
 -0.196811
  2.83825
 0.726557
 0.110974
0.0168962
-0.024373
-0.211193
   2.90756
  0.737714
  0.100771
0.00714454
-0.0352549
 -0.240558
   2.92162
  0.731795
  0.125297
 0.0139313
-0.0256302
 -0.221255
   2.94174
  0.761304
 0.0712676
 0.0180695
-0.0347323
 -0.218867
    2.9681
  0.726007
  0.112887
0.00944946
-0.0377672
 -0.238147
   3.04334
  0.760016
   0.12532
  0.019238
-0.0200792
   -0.2299
   3.10553
  0.766261
  0.148891
0.00753432
-0.0412397
 -0.229918
   3.25607
   0.86684
 0.0665723
  0.017199
-0.0518137
  -0.25434
   3.33327
  0.809529
 0.0728188
 0.0220635
-0.0543347
 -0.246952
   3.46309
  0.873686
 0.0730055
 0.0176754
-0.0457701
 -0.259933
   3.46937
  0.838056
  0.175336
 0.0176577
-0.0321877
 -0.242759
   3.56608
  0.884528
 0.0993148
 0.0206887
-0.0305493
 -0.268328
   3.63467
  0.890505
  0.111709
 0.0135673
-0.0311353
 -0.289354
    3.6686
   0.90494
  0.189443
0.00700994
 -0.015346
 -0.270465
   3.69327
  0.925419
  0.190449
 0.0265483
-0.0164927
 -0.268368
   3.74845
   1.00898
 0.0926885
 0.0300314
-0.0338467
 -0.278715
    3.7756
  0.924085
  0.127857
0.00779667
-0.0324835
 -0.267224
   3.82028
   1.01915
  0.123005
 0.0217592
-0.0275676
  -0.29048
   3.81204
  0.955561
  0.105992
  0.019404
-0.0288602
 -0.274354
   3.86464
    1.0321
  0.141639
 0.0143309
-0.0292327
 -0.290156
  3.90235
  1.00446
 0.142884
0.0321216
-0.035094
-0.275795
   3.97414
  0.985638
  0.136419
0.00243387
-0.0263899
 -0.281091
   3.97735
  0.990665
  0.100627
 0.0155046
-0.0383947
 -0.277168
   3.98754
  0.946519
  0.155336
 0.0152098
-0.0299654
 -0.264653
   3.99214
  0.954473
  0.207146
 0.0208731
-0.0238807
 -0.258885
   4.07272
  0.988483
  0.161775
0.00923824
-0.0388216
 -0.275481
   4.13979
   1.05809
  0.108216
 0.0247605
-0.0418126
 -0.270765
   4.18095
   1.01168
   0.16647
0.00545801
 -0.034726
 -0.276706
   4.22321
   1.07184
  0.197632
 0.0178714
-0.0297367
  -0.30392
   4.30506
   1.13747
  0.158918
 0.0140167
-0.0354978
 -0.326131
   4.44155
   1.13755
  0.129345
 0.0269362
-0.0484709
 -0.321657
  4.50823
  1.12562
 0.163031
0.0215945
 -0.04646
-0.307877
  4.60538
  1.15286
 0.204901
0.0278066
 -0.04898
-0.319002
   4.74034
   1.26707
  0.126604
 0.0344936
-0.0632898
 -0.345181
   4.83989
   1.21944
  0.124182
 0.0286995
-0.0605859
 -0.336892
   4.97988
   1.24753
  0.196778
 0.0188962
-0.0506341
 -0.358368
  5.07365
   1.2532
 0.214784
0.0246981
-0.053372
-0.367694
   5.15753
    1.3379
  0.141331
  0.029384
-0.0758318
 -0.365442
   5.25192
   1.34097
  0.150557
 0.0315952
-0.0761536
 -0.354832
   5.35129
   1.32923
  0.240544
 0.0168544
-0.0618336
 -0.383529
   5.41156
   1.33787
   0.21641
 0.0290795
-0.0626733
 -0.370603
   5.45629
   1.38745
   0.19916
 0.0441026
-0.0685666
 -0.383936
   5.50224
   1.43807
   0.14831
 0.0362408
-0.0786392
 -0.402492
   5.48059
   1.35122
  0.250879
 0.0233141
-0.0721096
 -0.368977
  5.57828
  1.41309
 0.237697
0.0353901
-0.064684
-0.374804
   5.58988
   1.42486
  0.198419
 0.0324065
-0.0709789
  -0.39105
  5.66266
  1.44913
 0.184249
 0.029361
-0.074919
-0.407538
  5.63787
  1.44872
 0.189653
0.0231102
-0.074863
-0.391804
    5.7063
   1.42105
  0.256259
 0.0284904
-0.0539654
 -0.410679
   5.74701
   1.50554
  0.189664
 0.0332626
-0.0707223
 -0.387997
   5.79295
   1.48626
  0.205135
 0.0439844
-0.0764474
 -0.381987
    5.9088
   1.52969
  0.215474
  0.032759
-0.0718716
 -0.387766
   5.99905
   1.53399
  0.230613
 0.0446491
-0.0576393
 -0.384905
   6.04777
    1.5352
  0.229056
 0.0249138
-0.0703293
 -0.384762
   6.10888
   1.57523
  0.235829
  0.027783
-0.0775262
 -0.388399
   6.23535
    1.6018
  0.193663
 0.0404628
-0.0724401
 -0.384909
   6.32923
   1.59756
  0.257287
 0.0410662
-0.0713063
 -0.389572
   6.37705
   1.62268
  0.225679
 0.0338898
-0.0746122
 -0.373944
   6.42849
   1.64218
  0.238697
 0.0393235
-0.0661797
 -0.391627
   6.48488
   1.66635
  0.246361
 0.0383626
-0.0621746
 -0.406164
   6.55208
   1.68847
  0.233333
 0.0403861
-0.0861891
 -0.384136
    6.6361
   1.69085
  0.258138
 0.0346862
-0.0623459
 -0.408403
    6.7045
   1.78955
  0.227409
 0.0404942
-0.0768628
 -0.413913
   6.7925
  1.72933
 0.230309
0.0388243
-0.071347
 -0.41254
   6.83052
   1.76016
    0.2506
  0.025901
-0.0796563
 -0.416872
   6.99555
   1.88891
  0.217733
 0.0352597
-0.0785536
  -0.42307
   7.08354
   1.82236
   0.28479
 0.0571306
-0.0616918
 -0.419508
   7.14452
   1.89552
  0.238658
 0.0265036
-0.0792703
  -0.41507
  7.20715
  1.85805
 0.294829
0.0426566
-0.062061
-0.427496
   7.34853
   1.96979
  0.245398
 0.0287767
-0.0707875
 -0.455173
   7.52377
   1.94526
   0.27701
 0.0383554
-0.0593277
 -0.444223
  7.68973
   1.9865
 0.266435
0.0360928
-0.070485
-0.447146
   7.77243
   1.98698
   0.25532
 0.0442067
-0.0669627
 -0.446828
  7.89838
  2.10425
 0.266621
0.0397428
-0.070043
-0.465704
   7.93685
   2.04538
  0.296368
 0.0502387
-0.0706519
 -0.437525
   8.08417
   2.16904
  0.292603
 0.0505884
-0.0685211
 -0.469986
   8.26511
   2.17148
  0.317577
 0.0433044
-0.0728538
 -0.475531
   8.34402
    2.1783
  0.263605
 0.0423963
-0.0783983
 -0.469479
   8.31689
   2.18157
  0.284517
 0.0558822
-0.0632627
  -0.46113
   8.44746
   2.26016
  0.284479
 0.0539585
-0.0842952
 -0.482257
  8.53557
  2.23403
 0.311487
0.0378919
-0.082383
-0.488896
   8.65171
   2.26968
  0.283192
 0.0527645
-0.0840409
 -0.487012
    8.7617
   2.30287
  0.294479
 0.0451366
-0.0874907
 -0.482092
   8.82216
   2.40142
  0.295792
  0.053413
-0.0831323
 -0.475921
   8.98563
   2.34531
  0.324973
 0.0547835
-0.0775823
 -0.480978
   9.06808
   2.34462
  0.286789
 0.0518458
-0.0975287
 -0.497431
    9.1275
   2.48267
  0.327187
 0.0438042
-0.0864327
 -0.486208
   9.28009
   2.45811
  0.304439
 0.0625164
-0.0820191
 -0.495644
  9.45867
  2.57863
 0.301959
0.0468805
-0.094186
-0.530751
   9.63621
   2.45246
  0.321241
 0.0461198
-0.0732516
  -0.48176
   9.73754
   2.64333
  0.357166
  0.050169
-0.0599149
 -0.495359
   9.88712
   2.66649
  0.294921
 0.0572764
-0.0788888
 -0.505689
   9.90183
    2.5728
  0.354981
 0.0430594
-0.0766638
 -0.501615
  10.0372
  2.74186
 0.366054
0.0574153
-0.071549
-0.539388
  10.3493
  2.76702
 0.353672
0.0514767
-0.076791
-0.530514
   10.4382
   2.75697
  0.346387
 0.0495772
-0.0789698
 -0.524361
  10.4736
  2.83713
 0.332158
0.0517529
-0.090056
-0.527855
   10.5401
   2.77161
   0.39131
 0.0432377
-0.0698643
 -0.515134
  10.6021
   2.8259
 0.353659
0.0471566
-0.081169
-0.504628
   10.7885
   2.93329
  0.312821
 0.0620048
-0.0889977
 -0.560547
   10.9139
   2.88971
  0.330469
 0.0583688
-0.0899937
 -0.550291
   10.993
  2.97681
 0.315324
 0.042957
-0.074067
-0.569813
  11.1254
  3.00355
 0.369748
0.0624364
 -0.10507
-0.573873
   11.2428
   3.03442
  0.396243
  0.070803
-0.0533326
 -0.563488
   11.3439
   3.04222
  0.364273
 0.0691336
-0.0926407
 -0.585306
   11.4568
   3.08924
  0.385678
 0.0466142
-0.0800406
 -0.554294
  11.5371
  3.12646
 0.323333
0.0581927
-0.105382
-0.594769
   11.7027
   3.13347
  0.357635
 0.0506905
-0.0872487
 -0.576363
   11.8816
   3.20099
  0.389326
 0.0548707
-0.0803464
 -0.589726
  11.9066
  3.25496
 0.366877
0.0500741
-0.054472
-0.587451
   12.1763
   3.26677
  0.446345
  0.044108
-0.0367795
 -0.580276
   12.2557
       3.3
  0.375845
 0.0574732
-0.0517123
 -0.593216
   12.3737
   3.35201
  0.392849
 0.0562447
-0.0835961
 -0.606705
   12.5542
   3.36769
  0.312696
 0.0542285
-0.0377201
 -0.583998
   12.6553
   3.42278
  0.371844
 0.0763044
-0.0952394
 -0.603462
   12.7247
   3.41721
  0.417798
  0.066024
-0.0529932
 -0.605689
   12.9401
    3.6049
   0.37376
 0.0672626
-0.0628115
 -0.634242
    13.222
   3.52595
  0.368393
  0.062545
-0.0842205
 -0.614257
   13.2907
   3.58618
  0.366382
 0.0457326
-0.0524226
 -0.629056
   13.2714
   3.58898
  0.414354
 0.0530537
-0.0758918
 -0.635646
   13.3397
    3.6623
  0.372795
 0.0642576
-0.0773636
 -0.628431
   13.4474
   3.65948
   0.40943
 0.0500381
-0.0545766
 -0.648218
   13.6486
   3.73773
  0.330234
 0.0569973
-0.0577445
 -0.656471
   13.7891
   3.71004
  0.404945
 0.0544136
-0.0639733
 -0.631778
    13.924
   3.79914
  0.423524
 0.0623656
-0.0459552
 -0.636424
   14.0917
   3.84962
  0.432962
 0.0440531
-0.0411751
 -0.634889
   14.2645
   3.85216
   0.43424
 0.0578272
-0.0706506
 -0.652247
   14.3658
    3.9628
    0.4012
 0.0716176
-0.0566261
 -0.663934
   14.4821
   3.94102
  0.414914
 0.0582353
-0.0462004
 -0.643542
    14.547
   3.99106
  0.396535
 0.0588445
-0.0660776
 -0.655113
   14.6475
   3.95717
  0.440007
 0.0488379
-0.0520155
 -0.629774
   14.7237
    4.0321
  0.396894
 0.0659493
-0.0621718
 -0.650311
   14.8698
    4.1062
  0.420612
 0.0568648
-0.0632069
 -0.661573
    15.102
   4.13936
   0.40832
 0.0680107
-0.0601442
 -0.683367
   15.2662
    4.1784
  0.441516
 0.0546372
-0.0544435
 -0.680089
   15.3965
   4.25056
  0.392174
 0.0545388
-0.0578099
 -0.658412
   15.4882
   4.20157
  0.428935
 0.0597695
-0.0662688
 -0.659695
   15.5102
   4.29754
  0.421216
 0.0645246
-0.0438004
 -0.662684
   15.6067
   4.28018
  0.421835
  0.060369
-0.0610821
 -0.683418
   15.6657
   4.27465
  0.412292
 0.0574138
-0.0558574
 -0.675835
    15.824
   4.39689
  0.439647
 0.0645184
-0.0428877
 -0.694224
   15.9927
   4.37124
  0.446082
 0.0588834
-0.0480785
 -0.691314
   16.1557
   4.43489
  0.404107
 0.0594279
-0.0451491
 -0.707416
   16.2356
    4.4462
   0.45331
 0.0506723
-0.0409601
  -0.69252
   16.4941
   4.59175
  0.404637
 0.0675766
-0.0488563
  -0.72411
   16.7491
   4.55975
  0.438968
 0.0711663
-0.0501707
  -0.69618
   16.7699
   4.58568
   0.45082
 0.0631619
-0.0419092
 -0.705896
   16.8309
   4.66275
  0.428893
 0.0702092
-0.0536779
   -0.7327
   16.9541
     4.637
  0.438729
 0.0564287
-0.0367653
 -0.727249
   17.0145
    4.6901
  0.417739
 0.0628568
-0.0321885
 -0.723457
   17.1044
   4.66617
  0.462482
 0.0601856
-0.0370369
 -0.741262
    17.195
   4.77595
  0.424257
 0.0588442
-0.0434512
 -0.765235
   17.3628
   4.74697
  0.445195
 0.0640054
-0.0316812
 -0.754365
   17.5022
    4.8334
  0.430347
 0.0662829
-0.0367646
  -0.76061
   17.6689
   4.79878
  0.441971
 0.0638143
-0.0362071
 -0.760914
   17.8143
   4.91257
  0.437459
 0.0590037
-0.0353662
 -0.763693
   17.9859
   4.97551
   0.50223
 0.0617265
-0.0230618
 -0.774827
   18.0783
   4.93166
     0.437
 0.0626229
-0.0380127
 -0.773096
    18.109
   4.97841
  0.467406
 0.0577282
-0.0424554
 -0.773375
   18.1759
   4.95639
  0.430751
 0.0519885
-0.0351674
  -0.75823
   18.1624
   4.97985
  0.440936
  0.054946
-0.0397431
 -0.764628
   18.2691
   5.02823
  0.474069
 0.0548551
-0.0304582
 -0.786596
   18.4302
     5.046
  0.429073
 0.0631004
-0.0533853
 -0.798319
   18.5478
   5.11988
  0.473709
 0.0654494
-0.0419475
 -0.778421
   18.6901
   5.11122
  0.448756
 0.0618363
-0.0329878
 -0.784479
   18.7724
   5.16729
  0.476519
 0.0683307
-0.0375961
 -0.794246
  18.8467
  5.16722
 0.450832
0.0650533
-0.028998
-0.800531
   18.939
  5.16949
 0.453064
0.0592963
 -0.02674
-0.805393
   19.0009
   5.17963
  0.480328
 0.0648354
-0.0419106
 -0.794366
   19.1709
    5.3135
  0.464865
 0.0761272
-0.0480232
 -0.826917
    19.316
   5.28227
  0.447606
 0.0690803
-0.0535319
 -0.829625
  19.3585
  5.30518
 0.440852
0.0779346
-0.048684
-0.828411
   19.3561
   5.36045
  0.481275
 0.0685466
-0.0351846
 -0.835392
   19.4041
   5.35907
  0.452605
 0.0739919
-0.0245066
 -0.834343
   19.4533
   5.31387
  0.451275
  0.063099
-0.0311648
 -0.832902
    19.4595
    5.33157
   0.496413
  0.0545028
-0.00825011
  -0.837444
   19.5013
   5.39356
  0.468045
 0.0607415
-0.0266267
 -0.840867
   19.6459
   5.40173
  0.441566
 0.0558306
-0.0191357
  -0.84558
    19.6756
     5.3636
   0.450697
  0.0626601
-0.00616885
  -0.815415
  19.6549
   5.3995
 0.488736
0.0587932
-0.014376
-0.832366
   19.6548
   5.37284
  0.490958
  0.060994
-0.0163437
 -0.813064
   19.5999
   5.33321
  0.487219
 0.0642859
-0.0176204
 -0.807486
   19.5458
   5.37949
  0.449902
 0.0610325
-0.0469941
 -0.834729
   19.5962
   5.37559
  0.446284
  0.066153
-0.0571893
 -0.862683
   19.7282
   5.38672
  0.463679
 0.0719553
-0.0458974
 -0.856986
   19.8398
   5.43958
  0.486097
 0.0682415
-0.0597158
  -0.87543
   19.6909
   5.36956
  0.518283
 0.0835397
-0.0719874
  -0.85893
   19.5004
   5.33493
   0.47153
 0.0771554
-0.0776941
 -0.873877
   19.5215
   5.28732
  0.457462
 0.0790428
-0.0827071
 -0.883247
   19.5738
   5.31188
  0.503931
 0.0832962
-0.0895271
 -0.889224
    19.617
   5.34852
  0.534508
 0.0835327
-0.0929975
  -0.91242
   19.6755
    5.3737
  0.505015
 0.0928842
-0.0953703
 -0.928163
  19.6799
  5.32534
 0.483411
0.0877991
-0.124672
 -0.93053
  19.6931
  5.25004
 0.505522
0.0985888
-0.118467
-0.917707
  19.6461
  5.25572
 0.541235
0.0886535
-0.121638
-0.934046
  19.6016
  5.27993
 0.503762
 0.100523
-0.136589
-0.949473
  19.6227
  5.25807
 0.476096
0.0922685
 -0.14351
-0.970011
  19.6231
  5.23018
 0.518443
 0.105835
-0.134475
 -0.97233
  19.5739
  5.22691
 0.565099
0.0871294
-0.116396
-0.986967
  19.6288
  5.27669
 0.523057
0.0943577
-0.117592
 -1.00702
  19.7366
  5.26538
  0.50318
 0.101117
-0.142863
 -1.02443
  19.8197
  5.28001
 0.529396
0.0925684
-0.137632
 -1.05542
  19.7741
  5.26136
 0.482955
0.0835021
-0.154182
 -1.05444
  19.7582
  5.22516
 0.535612
 0.105481
-0.141366
 -1.05387
  19.8247
  5.24278
 0.556616
   0.1163
-0.138122
  -1.0563
   19.943
  5.29375
 0.549774
 0.109425
-0.142743
 -1.07641
  19.9067
  5.23328
 0.509984
  0.10545
-0.168541
 -1.10588
  19.5644
  5.12135
 0.522816
0.0945928
-0.158864
 -1.10227
  19.3516
  5.10583
 0.490419
 0.112592
-0.161374
 -1.11465
  19.1755
  4.96217
  0.52674
 0.108243
-0.151599
 -1.12277
  18.8699
  4.90855
 0.537266
  0.11083
-0.138318
 -1.12678
  18.7672
  4.86055
 0.524173
 0.118137
-0.159354
 -1.15022
  18.6278
  4.75477
 0.515539
 0.111995
-0.171323
 -1.16382
 18.7068
 4.84229
0.455302
0.106209
-0.17857
-1.20302
  18.7064
  4.73611
 0.525417
  0.12182
-0.179186
 -1.20995
  17.6215
  4.51252
 0.502741
 0.100153
-0.146446
 -1.21761
  18.0305
  4.51882
 0.449177
 0.101671
-0.187284
 -1.22235
  18.2176
  4.59579
 0.487121
 0.110517
-0.177092
 -1.27002
  18.2377
  4.57114
 0.457513
 0.113881
-0.184507
 -1.26473
  18.5005
  4.53172
 0.482868
 0.121135
-0.174095
  -1.3077
 18.5216
 4.69473
0.491441
0.127104
-0.16944
-1.34629
  18.4481
  4.52432
 0.475468
 0.108139
-0.150894
 -1.36018
  18.4963
  4.53083
 0.491667
  0.10988
-0.149712
 -1.36358
  18.6338
  4.61607
 0.469961
 0.102031
-0.136921
 -1.38554
  18.7969
  4.60661
 0.518825
 0.107673
-0.143142
 -1.41464
 18.7067
 4.53997
0.444235
0.108823
-0.13357
 -1.4238
  18.6552
  4.54026
 0.507654
 0.111503
-0.119598
 -1.44004
  18.3788
  4.45598
 0.450109
 0.100019
-0.135891
 -1.41268
   15.4076
   3.63942
   0.43517
 0.0708127
-0.0910572
  -1.25191
  15.7171
  3.83296
 0.383183
0.0996974
-0.115491
 -1.30951
  16.0797
  3.84346
 0.417424
0.0901883
-0.117575
 -1.33142
  16.3209
  3.88892
 0.383101
0.0991642
-0.165632
 -1.39044
  16.6313
  3.91275
 0.459481
 0.104938
-0.178959
 -1.39003
  16.6804
  3.94242
  0.45897
 0.129239
-0.222696
 -1.41813
  16.2942
  3.86926
 0.485566
 0.114026
-0.225612
  -1.4143
  16.6384
  3.91752
 0.436505
 0.132869
-0.255033
  -1.4369
  16.5864
  3.87324
 0.553402
  0.12659
-0.237445
 -1.45932
 16.9063
 3.98325
0.486103
0.139621
-0.26738
-1.46229
  16.5306
  3.80045
 0.547405
 0.143398
-0.272485
 -1.47585
  16.2668
  3.87255
 0.531785
 0.145711
-0.288046
 -1.47912
  15.9818
  3.67355
 0.535513
 0.171006
-0.322856
 -1.46901
  13.5407
  3.16895
 0.517126
 0.158291
-0.333261
 -1.37541
  12.6578
  2.73767
 0.278753
 0.179724
-0.434287
 -1.18957
  12.7916
  2.90716
  0.29466
 0.213645
-0.469194
 -1.18789
  12.4139
  2.89434
 0.155428
0.0803768
-0.138953
 -1.17114
   12.3097
   2.69613
  0.322207
 0.0401654
-0.0504726
  -1.17328
  12.8733
  2.95204
 0.360612
 0.171152
-0.450988
 -1.28153
   12.4044
   2.65048
  0.266147
 0.0514614
-0.0570322
  -1.27271
  12.5298
  2.73631
 0.350647
 0.118925
-0.274872
 -1.27624
  12.3746
   2.7844
 0.420228
 0.141289
-0.359382
 -1.27639
   12.4232
   2.76236
  0.331347
 0.0762342
-0.0631763
  -1.29048
  12.3294
  2.71807
 0.400976
 0.140509
-0.347241
 -1.34768
  12.1004
   2.6249
  0.33642
0.0988238
-0.245025
 -1.31561
  11.9457
  2.59718
 0.269135
0.0747804
 -0.18034
 -1.28657
  11.7099
   2.5184
 0.360897
 0.126959
-0.347467
 -1.26521
 11.8976
 2.63842
0.300176
0.110826
-0.24911
-1.29559
  11.4078
  2.36661
 0.292308
0.0922757
-0.199146
 -1.24265
   11.271
  2.47904
 0.286096
 0.117191
-0.296683
 -1.26993
   11.015
  2.36873
 0.296742
 0.102812
-0.293367
 -1.23763
  10.8766
  2.28879
 0.273878
0.0901016
-0.191536
 -1.20174
  10.6857
  2.32115
 0.334169
0.0972408
-0.237498
 -1.19435
  10.4398
  2.22145
 0.323579
 0.100612
-0.265464
  -1.1654
  10.0956
  2.17477
 0.277879
0.0865294
-0.193767
 -1.11914
  9.75433
  2.06899
 0.267721
0.0758246
-0.155959
 -1.07746
   9.5534
  2.00841
 0.289122
0.0794429
-0.169195
 -1.07005
   7.9757
  1.68206
 0.217073
0.0584484
-0.206452
-0.914364
  7.28503
  1.58204
 0.259821
0.0712373
 -0.22213
-0.778235
  6.72502
  1.40047
 0.139369
0.0596252
-0.193792
-0.790459
  6.64618
  1.40332
  0.14576
 0.059037
-0.192753
-0.738783
  6.87783
  1.48169
 0.126694
0.0601835
-0.217686
 -0.80506
  6.53956
  1.29862
 0.168815
0.0538819
-0.178612
 -0.77993
  6.43155
  1.34923
 0.188339
0.0666548
-0.189644
-0.766545
  6.30459
  1.40818
 0.173766
0.0525055
-0.191241
-0.741002
  6.44928
  1.33398
 0.155994
0.0608164
-0.188644
-0.753832
  6.23483
  1.24165
 0.140867
0.0547143
-0.173976
-0.723565
  6.15593
  1.26253
 0.209036
0.0522513
-0.171444
-0.734026
  6.11859
  1.33731
 0.158337
0.0600453
-0.184456
-0.718496
  6.04152
  1.21144
 0.155689
0.0587626
-0.185909
-0.720546
  6.03155
  1.24763
 0.105755
0.0704644
-0.186995
-0.711046
  5.79609
  1.14626
 0.144126
 0.050679
-0.184118
-0.690859
  5.65657
  1.21813
 0.189506
0.0546921
-0.163231
-0.679776
  5.45286
   1.1142
  0.13979
0.0579527
-0.181984
-0.651232
  5.05011
  1.01591
 0.118026
0.0539957
-0.161396
-0.592255
  4.48649
 0.925486
 0.108529
0.0465378
-0.162098
-0.539742
  4.12663
 0.900982
 0.101491
0.0311828
-0.165073
-0.482291
  4.04515
 0.796962
0.0801844
0.0459669
-0.157537
-0.461792
  4.14281
 0.894508
  0.12532
0.0399679
-0.152738
-0.496781
  4.52048
 0.938198
 0.119485
0.0346837
-0.163045
-0.549294
  4.77217
 0.921814
0.0989555
0.0624815
-0.172346
-0.575427
  4.70256
 0.964274
 0.115609
 0.048233
-0.169605
-0.569237
  4.39999
 0.924541
 0.103895
0.0452021
-0.171158
-0.523464
  4.18082
  0.84499
 0.105103
0.0516524
 -0.15956
-0.514428
  4.08391
  0.87192
0.0877093
0.0425559
-0.148572
-0.492731
  4.26299
 0.846991
 0.106968
0.0491189
-0.144673
 -0.50131
  4.50723
 0.935087
 0.136899
  0.04973
-0.149363
-0.535904
  4.84303
  1.00077
 0.112638
0.0524201
-0.161164
-0.574973
  5.02248
 0.990517
 0.127394
0.0467616
-0.167711
-0.608729
  5.01726
 0.987901
 0.120445
 0.058222
-0.161256
-0.584658
  4.75641
 0.963168
 0.129031
 0.043534
-0.152759
-0.576291
  4.28985
 0.929626
 0.122335
0.0526601
-0.150579
 -0.51032
  3.91557
 0.776461
0.0936656
 0.043238
-0.152637
-0.468571
  3.66786
 0.758015
0.0769894
0.0324567
-0.146878
-0.439898
  3.44572
 0.719111
0.0750218
0.0395365
-0.151148
-0.416124
  3.27179
 0.685172
0.0534018
0.0359903
-0.142276
-0.397113
  3.20185
 0.656189
0.0569526
 0.032116
-0.147115
-0.391415
   3.1255
 0.638762
0.0604294
 0.030839
-0.131293
 -0.35916
  3.06907
 0.631775
0.0573695
0.0265323
-0.143768
-0.369068
  3.04138
 0.607946
0.0571353
0.0280103
-0.152555
-0.368027
  3.09635
 0.638254
0.0593054
0.0190514
-0.133118
-0.382548
  3.21412
 0.648274
0.0805626
0.0334491
-0.132216
-0.387028
  3.26648
 0.671398
0.0759259
0.0247911
-0.126713
-0.398524
  3.30833
 0.669285
0.0831165
0.0317326
-0.129823
-0.409519
  3.27962
 0.669144
0.0716842
0.0383505
 -0.13777
-0.393944
  3.19314
 0.657721
0.0680263
0.0198779
-0.122207
 -0.39034
  3.07132
 0.623304
0.0558658
0.0416183
-0.141037
-0.369294
  2.97569
 0.607213
0.0578563
0.0312045
-0.139875
-0.360702
  2.88691
  0.58892
0.0595426
0.0268111
 -0.12876
-0.363833
   2.8618
 0.589883
0.0532362
0.0253549
-0.145038
-0.360269
   2.8723
 0.588824
0.0585181
0.0225907
-0.139878
-0.367872
  2.85903
 0.592856
0.0523331
0.0204892
-0.136101
-0.356996
  2.82341
 0.586444
0.0584111
0.0202449
-0.129869
-0.346548
  2.81449
 0.580717
0.0540135
 0.023739
-0.125824
-0.344513
  2.78732
 0.573563
 0.057814
0.0263098
-0.126736
-0.330619
  2.78166
 0.570976
0.0555562
0.0261653
-0.131888
-0.332339
  2.75181
 0.565724
0.0511777
0.0236817
-0.130693
-0.339722
  2.71674
  0.55613
0.0514938
0.0211152
-0.139809
 -0.33014
  2.68754
 0.548766
 0.045006
0.0207035
-0.123051
-0.331325
  2.70346
 0.551168
0.0502403
0.0266909
-0.144205
-0.343093
  2.64874
  0.53844
0.0434008
0.0272284
-0.134073
-0.312648
  2.60852
 0.533388
0.0414774
0.0232625
-0.131046
-0.314431
  2.57695
 0.527699
0.0497442
0.0288398
-0.131737
-0.306528
  2.51111
 0.508527
0.0503075
0.0261556
-0.130314
-0.290936
  2.54743
 0.521757
0.0511409
0.0304957
-0.122891
-0.306753
  2.49958
 0.513397
0.0492026
0.0234323
-0.130128
-0.305809
  2.51494
 0.517952
0.0458525
0.0155427
-0.122827
-0.301196
  2.51168
 0.514382
0.0455627
0.0241574
-0.135292
-0.316338
  2.55604
 0.527493
0.0453245
0.0151455
-0.126347
-0.317252
  2.56771
 0.522771
0.0464407
0.0268153
-0.128338
-0.309385
  2.55247
 0.525382
0.0410751
0.0207845
-0.138246
-0.307641
  2.55643
  0.51822
0.0452813
0.0321054
-0.131587
-0.315429
  2.54511
 0.521089
0.0409787
0.0176538
-0.136166
-0.310911
  2.53958
 0.518417
0.0431713
0.0202915
-0.134351
-0.314925
  2.49833
 0.509491
0.0471459
0.0182089
-0.125762
-0.296853
  2.46584
 0.507446
0.0427394
0.0267797
  -0.1354
-0.315625
  2.38591
  0.48635
0.0415488
0.0175286
-0.134546
-0.277641
  2.39483
 0.492925
0.0468525
0.0236771
-0.131281
-0.300601
  2.33828
 0.478401
 0.047283
0.0254414
-0.138126
-0.293341
  2.29122
 0.467164
0.0444783
0.0177371
-0.130069
-0.276719
  2.28368
 0.474406
0.0394428
0.0292898
-0.130556
-0.271612
  2.26933
 0.464818
0.0325193
 0.031189
-0.131772
-0.279827
  2.30029
 0.473205
 0.036768
0.0220238
-0.126126
 -0.28032
  2.31401
 0.475203
0.0320173
0.0130909
-0.132911
-0.284191
  2.31302
 0.471844
0.0333172
0.0215349
  -0.1196
-0.277876
    2.333
 0.474125
0.0385536
0.0178996
-0.124126
 -0.28399
  2.41368
 0.491821
0.0457223
0.0206457
 -0.12017
 -0.29517
  2.47824
 0.506599
 0.042882
0.0184637
-0.137381
-0.304515
  2.46621
 0.505656
0.0486726
0.0215316
-0.130017
-0.303209
  2.50479
 0.508418
0.0491296
  0.02665
-0.138296
 -0.31892
  2.50138
 0.514522
0.0495262
0.0222213
-0.124877
-0.310278
  2.47799
 0.508761
 0.044242
0.0238495
-0.123491
 -0.30296
  2.44786
 0.503738
0.0431552
0.0134566
-0.130727
-0.306259
  2.35448
 0.479279
0.0382467
 0.016591
-0.121283
-0.297643
  2.30377
 0.475023
0.0356297
0.0110618
-0.122425
 -0.28271
  2.33479
 0.474885
0.0293802
0.0216954
 -0.14216
-0.300207
  2.32897
 0.473591
0.0297376
0.0211265
-0.138629
-0.284088
  2.31485
 0.472363
 0.035505
0.0178173
-0.121958
-0.282533
  2.33927
 0.473994
0.0328694
0.0239575
-0.133293
 -0.29231
  2.34825
 0.479539
0.0462328
0.0179662
-0.125392
-0.294316
  2.44206
 0.494551
0.0457647
  0.02611
-0.128231
-0.286586
  2.49408
 0.509602
0.0526767
 0.017871
-0.129423
-0.318034
  2.46711
  0.50176
0.0452774
0.0231291
-0.131091
-0.305547
  2.50784
 0.514216
 0.050785
0.0328026
-0.133973
-0.307355
  2.55118
 0.521828
0.0456891
0.0207466
-0.137062
-0.317326
  2.61296
 0.532157
0.0473611
0.0265851
-0.132488
-0.326835
  2.59156
  0.52658
0.0463686
0.0292146
-0.135254
-0.326607
  2.56979
 0.522401
0.0431997
0.0284578
-0.135945
-0.324579
  2.54983
 0.519243
0.0433674
0.0248361
-0.130245
-0.322793
  2.60272
 0.532721
0.0454681
0.0335821
-0.130873
-0.321203
  2.56593
 0.521338
0.0477704
0.0288481
-0.136476
-0.320134
  2.53046
 0.513842
0.0490535
 0.027467
 -0.13239
-0.322728
  2.55686
 0.524859
0.0480701
0.0231796
-0.123256
-0.315451
  2.57151
 0.523911
0.0501609
0.0259022
-0.136256
-0.311608
  2.63554
 0.541223
0.0441107
0.0177838
-0.128218
-0.318935
  2.57899
 0.527473
0.0580273
0.0230017
-0.123649
-0.310166
  2.59268
 0.530311
0.0478309
0.0221982
-0.135411
-0.312091
  2.64003
 0.539675
0.0536706
0.0236598
 -0.13481
-0.341378
  2.71069
 0.555643
0.0476191
0.0234762
 -0.13703
-0.345436
  2.73655
   0.5613
0.0565771
0.0339424
-0.128682
-0.343272
  2.74382
 0.564042
 0.048524
0.0196107
-0.130366
-0.347847
  2.74161
 0.564672
 0.051077
0.0172377
-0.131569
-0.332491
   2.8198
 0.575878
0.0547464
0.0298744
-0.133444
-0.347856
  2.86879
 0.587099
0.0565178
 0.028849
-0.134757
-0.357028
  2.89385
 0.585513
0.0571566
0.0266455
  -0.1342
-0.362707
  2.90685
 0.582429
0.0559376
0.0232967
-0.139535
-0.353035
  2.96886
 0.609708
0.0545532
0.0264871
-0.130775
-0.372475
  3.02238
 0.619546
0.0640091
0.0299127
-0.132414
-0.385544
  3.01737
 0.615029
0.0650794
 0.036689
-0.130133
-0.388618
  3.02154
 0.613822
0.0561691
0.0241942
-0.126783
-0.377757
  2.95163
 0.604344
0.0505638
0.0319973
-0.140293
-0.353664
  2.95759
 0.605045
0.0554944
0.0306355
-0.128974
-0.385342
  2.86789
 0.590267
0.0553713
0.0203604
-0.129159
-0.362958
  2.86752
 0.583347
0.0574382
0.0267653
-0.131722
-0.364582
  2.83897
 0.573192
0.0588488
0.0320503
-0.138364
-0.354104
  2.86047
 0.587042
0.0534514
0.0265653
-0.142655
-0.348865
  2.90058
 0.583381
0.0626305
0.0286808
-0.130741
-0.365814
   2.9004
 0.593412
0.0597551
0.0296594
-0.135387
-0.356778
  2.92581
 0.599513
0.0572168
0.0278609
-0.131134
-0.365745
  2.91976
 0.590303
0.0651062
0.0314014
-0.131937
-0.353392
   2.9652
 0.607957
0.0581188
0.0274462
  -0.1277
-0.365326
  2.97414
 0.604543
0.0555605
0.0292444
-0.142934
-0.369953
  2.98514
 0.610873
0.0598506
0.0334071
-0.143563
-0.383455
  3.01935
 0.614855
0.0619161
0.0299629
-0.132241
-0.376727
  3.02581
  0.61356
0.0540668
0.0264212
-0.124705
-0.372458
  3.00854
 0.608297
0.0618949
 0.035199
-0.135005
-0.377262
  3.00475
 0.606686
0.0631252
0.0322807
 -0.13395
-0.370055
  2.97788
 0.606949
0.0552946
0.0369184
 -0.13392
-0.391097
  2.94426
 0.600671
0.0617099
0.0351548
-0.139359
-0.357943
  2.94137
  0.60383
0.0537534
 0.031552
-0.137145
 -0.37069
  2.95553
 0.604976
0.0590373
0.0294369
-0.129133
-0.378862
  2.95563
 0.604517
0.0555192
0.0309695
-0.130212
-0.387667
  2.97458
 0.611386
0.0577174
0.0254879
 -0.13313
-0.384374
  2.96459
 0.601058
0.0556053
0.0269717
-0.138095
-0.369218
  2.95145
 0.604679
0.0580341
0.0289254
-0.132652
-0.374634
  2.94445
 0.598984
0.0560702
0.0266216
-0.140074
-0.354492
  2.95122
 0.605513
0.0546577
0.0269337
-0.130683
-0.377091
  2.96993
 0.605589
0.0566407
0.0369746
-0.139033
-0.382388
  2.95792
 0.604023
0.0614448
0.0325872
-0.130153
-0.369171
  2.98783
 0.608352
0.0590567
0.0292913
-0.131879
-0.363228
  2.99749
  0.61077
 0.058886
0.0225437
-0.122479
-0.367541
  2.99159
 0.600159
0.0622015
   0.0246
-0.142035
-0.354814
  2.97923
 0.609915
0.0557618
0.0305029
-0.130571
-0.369291
  3.00899
  0.61533
0.0576875
0.0330362
-0.132552
-0.375621
  2.99336
 0.611636
0.0579494
 0.034152
-0.135301
-0.366542
  2.98513
 0.611138
0.0557177
0.0321243
-0.138265
-0.369456
  2.96988
 0.606022
0.0603489
0.0355319
-0.138135
-0.364417
  2.98469
 0.604085
0.0599632
0.0342911
-0.140719
-0.371097
  2.98625
 0.614604
0.0488657
0.0241543
-0.129772
-0.379449
  2.98587
 0.608387
0.0622338
0.0368907
 -0.13357
  -0.3775
  2.98255
 0.603919
0.0532549
0.0302389
-0.142292
-0.370915
    2.952
  0.60277
0.0570787
 0.034027
-0.136171
-0.366906
  2.99061
 0.605487
0.0601705
0.0333498
-0.137097
 -0.35954
  2.99278
 0.613708
0.0545783
0.0294612
-0.133996
-0.369615
  2.99382
 0.617285
0.0532638
0.0232534
-0.138571
-0.380357
  2.97712
 0.609748
0.0567337
0.0329134
-0.146909
-0.376876
  3.01183
 0.620096
0.0554463
0.0244174
-0.133039
-0.377366
  2.98122
 0.610181
0.0557444
0.0328275
 -0.14083
-0.369522
  2.98893
 0.612491
0.0590884
0.0307152
-0.138331
-0.367549
  2.95734
 0.597209
0.0569648
0.0324273
-0.141881
-0.359278
  2.99836
 0.607893
 0.053154
0.0345837
-0.126141
-0.377477
  2.99107
 0.612367
0.0602035
0.0307314
-0.132339
-0.367138
  3.00492
 0.615111
0.0611763
0.0285976
-0.118557
-0.371113
  2.99836
 0.607754
0.0610874
0.0380375
-0.146023
-0.369272
  2.99849
 0.615514
0.0555553
 0.029597
-0.141401
-0.374689
  3.03453
 0.620988
0.0620094
0.0325684
-0.132989
-0.375706
  3.00489
 0.615103
0.0566548
0.0316118
-0.132178
-0.373597
  2.99657
 0.606877
0.0622845
0.0361047
-0.131098
-0.366371
  3.01133
 0.614461
0.0599687
0.0352277
-0.129588
-0.372716
  3.00666
 0.616019
0.0597127
0.0303967
-0.133209
-0.387764
  2.99783
 0.609254
0.0608008
0.0275824
-0.131976
-0.383266
  2.98762
 0.609768
0.0568477
0.0348425
-0.131608
 -0.36843
  2.99175
 0.609958
 0.060173
0.0352176
-0.127117
 -0.36811
  2.99023
 0.606248
0.0564253
0.0280372
-0.139611
-0.378108
  2.96123
 0.598772
 0.057924
0.0391771
-0.140832
-0.371123
  2.99866
 0.606795
0.0610308
0.0371268
-0.129878
-0.372888
  2.96947
 0.607539
0.0603006
0.0292231
-0.123319
-0.369263
  2.97936
 0.609489
0.0604382
0.0329276
-0.140216
-0.358169
  2.99633
 0.607398
0.0634435
0.0306529
-0.131942
-0.362095
  3.02755
 0.616227
0.0610052
0.0381614
-0.125494
-0.371725
   3.0199
 0.613739
0.0600181
0.0410515
-0.130915
-0.366947
  2.99596
 0.600133
0.0598533
0.0338902
-0.133888
-0.365505
  3.00076
 0.615763
0.0625505
0.0369262
-0.135254
-0.363344
  2.99882
 0.614495
0.0534392
 0.030741
-0.134194
-0.369279
  3.01917
 0.616195
0.0642145
0.0333717
-0.122152
-0.381824
  2.99487
 0.613766
0.0658119
0.0273577
-0.123648
 -0.36509
  2.99731
 0.612352
0.0601644
0.0350531
-0.139369
-0.366687
  3.02126
 0.606568
0.0607306
 0.032298
-0.136159
-0.370427
  3.02152
 0.614575
0.0609734
0.0329077
-0.138988
-0.369669
  3.01666
 0.617803
0.0587858
0.0301934
-0.127222
-0.375815
   3.0277
 0.623103
 0.056487
0.0246519
-0.129609
-0.376989
  3.04035
 0.622464
0.0595767
0.0324991
-0.133868
-0.384826
  3.00529
 0.621134
0.0556099
0.0201388
-0.138352
-0.371821
  3.03398
 0.622885
0.0629996
0.0274706
 -0.12947
-0.383434
  3.00983
 0.610747
0.0628497
0.0238935
-0.123415
-0.387054
  2.97881
 0.602785
0.0600658
0.0335855
-0.136917
-0.368728
  2.99812
  0.60883
0.0600225
0.0314308
-0.123801
-0.369033
  3.00103
 0.604008
0.0597371
0.0233596
-0.132274
 -0.36891
  2.98934
  0.61101
0.0614051
0.0350626
-0.144391
-0.362561
  2.99473
 0.614041
0.0566219
0.0297326
-0.135317
-0.378872
  3.03466
 0.620328
0.0650554
0.0325996
-0.126899
-0.391406
  3.03627
 0.622212
0.0608122
0.0300227
 -0.12863
-0.380457
  3.03115
 0.618127
 0.063154
0.0372301
-0.134028
-0.374866
  3.04784
 0.625538
  0.05958
0.0293087
-0.133294
-0.383106
  3.05682
 0.621824
0.0660795
0.0246325
-0.137718
-0.378516
  3.03475
   0.6104
0.0640649
0.0233159
-0.123114
-0.365868
  3.03569
 0.614874
0.0570419
0.0251031
 -0.13239
-0.388413
   3.0485
 0.623076
0.0594078
0.0346195
-0.131783
-0.391041
  3.01267
 0.607737
0.0641148
0.0298232
-0.136511
-0.374374
  3.01277
 0.616757
0.0610357
0.0307152
-0.128725
-0.375917
  3.00266
 0.615686
0.0590714
0.0300635
-0.137092
-0.365202
  3.00649
 0.616742
0.0587491
0.0283138
-0.130361
-0.381091
   2.9812
 0.610317
 0.055772
0.0310458
-0.133135
-0.369346
  3.01279
 0.616684
0.0610739
 0.031629
-0.132618
-0.373713
   2.9791
 0.610387
0.0591287
0.0288835
 -0.12931
-0.369653
  3.02788
 0.622373
0.0575559
0.0267808
-0.132548
-0.379079
  3.02738
 0.623953
0.0628904
0.0230576
 -0.13451
-0.391638
  3.03091
 0.627575
0.0610465
0.0294392
-0.131749
-0.379076
  3.03501
 0.619482
0.0566489
0.0353796
-0.127134
 -0.36535
  3.03403
 0.622617
0.0550299
0.0293656
-0.132672
-0.392167
  3.03964
 0.625096
 0.057491
0.0264575
-0.132546
-0.379058
  3.02384
  0.61352
0.0554189
0.0312441
-0.132667
-0.366136
  3.03847
 0.621996
0.0621461
0.0310428
-0.126712
-0.368676
  3.03087
  0.61928
0.0554252
0.0338641
-0.126579
-0.372492
  3.06386
 0.627961
0.0616041
0.0298434
-0.125016
-0.389226
  3.04291
 0.619853
0.0704414
0.0293314
-0.131518
-0.392957
  3.03826
  0.62261
0.0608913
0.0306084
-0.131286
-0.375929
  3.02343
 0.615868
0.0619677
0.0373349
-0.127679
-0.381282
   3.0442
 0.623731
0.0631607
0.0320922
-0.138008
-0.371547
  3.02269
 0.618828
0.0534229
0.0310564
-0.125922
 -0.36386
  2.99481
  0.61379
0.0590205
0.0314236
-0.142132
-0.369917
    3.005
  0.60587
0.0543293
0.0348431
 -0.13373
-0.366916
  2.99728
 0.603524
0.0552772
0.0347205
-0.126229
-0.377952
  3.02256
 0.609656
0.0606002
0.0296241
-0.131222
-0.380723
  3.01717
 0.615865
0.0575811
0.0360732
-0.134361
-0.379633
  3.04237
 0.622782
0.0597868
0.0340438
-0.140507
 -0.37351
  3.04119
 0.627023
0.0653614
0.0223584
 -0.13248
-0.375579
  3.03795
 0.614745
0.0685228
0.0298419
-0.132858
-0.372714
  3.05088
 0.621219
 0.067018
0.0304194
 -0.13145
-0.394844
  3.04184
 0.615878
0.0641395
0.0295465
-0.132507
-0.367993
  3.04324
 0.619768
 0.060922
0.0389196
-0.130622
-0.371813
  3.02969
 0.623355
0.0586575
 0.025881
-0.134913
 -0.37946
  3.04513
 0.619179
0.0559725
0.0283933
-0.129444
-0.389281
  3.05675
 0.623502
0.0616852
0.0375617
-0.132712
-0.385923
  3.02874
 0.619468
0.0543667
0.0329788
 -0.12877
-0.370523
  3.02431
 0.619955
0.0617168
0.0305558
-0.135856
-0.394731
  3.03808
 0.623045
0.0640045
0.0297663
-0.133645
-0.387837
  3.04173
 0.616888
0.0606361
0.0346645
-0.124559
-0.381859
  3.02753
 0.616239
0.0609313
0.0381182
-0.125403
-0.376308
  3.03294
 0.619309
0.0643256
0.0336797
-0.124895
-0.372691
  3.01149
 0.613849
0.0566324
0.0386349
-0.138544
-0.372531
  3.05951
 0.628572
0.0651294
0.0280964
-0.134861
-0.381279
  3.03841
  0.62206
0.0575936
0.0331451
 -0.13644
-0.373364
   3.0419
 0.624357
0.0572676
0.0286946
-0.130372
-0.389867
  3.05765
 0.627804
0.0573858
0.0304543
-0.139574
-0.378586
  3.05051
 0.623467
 0.059579
0.0352504
-0.134529
 -0.38193
  3.03224
 0.621728
0.0642705
 0.029149
-0.130025
-0.376301
  3.01549
 0.613716
  0.06217
 0.032545
-0.142682
-0.367801
  3.02701
 0.618012
0.0598009
0.0359427
-0.134624
-0.377389
  3.03913
 0.619633
0.0577406
  0.03772
  -0.1314
 -0.36517
  3.05356
 0.618249
0.0604369
0.0248719
 -0.12675
-0.381164
  3.05389
 0.626454
0.0585485
0.0288506
-0.125887
 -0.37801
  3.05146
 0.627206
0.0659583
 0.028796
-0.143323
-0.397865
  3.06173
 0.628098
0.0583966
0.0309678
-0.136055
-0.382814
  3.05984
 0.627426
0.0629063
0.0309785
-0.135259
-0.380627
  3.05218
 0.625052
0.0641223
0.0309905
 -0.12803
-0.377914
  3.01514
  0.61577
0.0611973
0.0358286
-0.138502
-0.366366
  3.05426
 0.625078
0.0585379
0.0333339
-0.132918
 -0.37757
  3.02119
 0.616473
0.0621902
0.0368817
-0.137547
-0.370649
  3.02736
 0.606796
 0.060595
0.0289544
 -0.12866
-0.374189
  3.03196
 0.622542
 0.058471
0.0290328
-0.136632
-0.388066
  3.02479
  0.60953
0.0577875
0.0320546
-0.135592
-0.352917
  3.05397
  0.61758
0.0617727
0.0352024
-0.127966
-0.374126
  3.04403
 0.624192
0.0561417
0.0306763
-0.133135
-0.389597
  3.06206
 0.626867
0.0583118
0.0336229
  -0.1353
-0.386781
  3.05859
 0.624464
0.0629667
0.0367519
-0.135259
-0.377137
  3.05752
 0.628323
0.0629734
0.0268692
-0.129556
-0.378808
   3.0372
 0.618981
0.0620739
0.0376422
-0.130423
 -0.37215
  3.04488
 0.621472
0.0610518
0.0359366
-0.130138
-0.365521
  3.05203
 0.625638
0.0631364
  0.03069
-0.132877
-0.371416
  3.06032
 0.625582
0.0594672
0.0370386
-0.143461
-0.384408
  3.04166
 0.625442
0.0620453
0.0248982
-0.125382
-0.374425
  3.03823
 0.613918
0.0619541
0.0313481
-0.127775
-0.367231
  3.03017
 0.612636
0.0606421
0.0322735
 -0.13739
-0.379198
  3.04176
 0.616916
0.0564392
0.0369444
-0.134651
-0.368213
  3.05981
 0.627523
0.0606818
  0.03116
-0.136321
-0.380591
  3.04252
 0.622262
0.0608346
0.0334759
-0.131858
-0.377628
   3.0621
 0.626849
 0.058493
 0.033712
-0.135481
-0.377615
   3.0499
  0.61685
0.0572541
0.0312979
-0.129715
-0.376304
  3.02847
 0.620213
0.0630905
0.0312476
  -0.1327
-0.380625
   3.0554
 0.628213
0.0660869
0.0272704
-0.137046
-0.390837
  3.04572
 0.625804
0.0564851
0.0286957
-0.136728
-0.371935
  3.03961
 0.625215
0.0530849
0.0277347
-0.138563
-0.376782
  3.03862
  0.62111
0.0607879
0.0368306
-0.145921
-0.380249
  3.04471
 0.621982
0.0621149
0.0353654
-0.133742
-0.368226
  3.03861
  0.62143
0.0544242
0.0366395
-0.145576
-0.364012
  3.06603
 0.627631
0.0627546
0.0325582
-0.130611
-0.386787
  3.05766
 0.627782
0.0595844
0.0293608
-0.134619
-0.380826
  3.03289
 0.619312
0.0597233
0.0366511
-0.138426
-0.379757
  3.05071
 0.622728
0.0607399
0.0374245
-0.137559
-0.379436
  3.05598
 0.626383
0.0631457
 0.032684
-0.141899
-0.369323
  3.07561
 0.630646
0.0593108
 0.031486
 -0.13377
-0.389345
   3.0724
 0.627188
0.0615223
0.0364923
-0.130054
-0.390419
  3.04517
 0.620359
0.0565506
0.0398687
  -0.1354
-0.367213
  3.05124
 0.619518
 0.063971
0.0250259
 -0.12662
-0.375319
  3.07273
 0.624417
0.0612419
 0.027407
 -0.14014
 -0.39387
  3.07087
  0.63265
0.0481835
0.0276947
-0.142974
-0.390461
  3.04561
 0.618061
0.0664511
 0.034077
-0.127637
-0.368617
  3.06579
 0.628489
0.0571855
 0.031662
-0.133597
-0.387006
  3.06866
 0.624891
0.0636425
0.0306876
-0.128905
 -0.39207
  3.05042
 0.623877
0.0609549
0.0357273
-0.142298
-0.368682
   3.0304
 0.611199
0.0629644
0.0267693
-0.137751
-0.369414
  3.06146
 0.629846
0.0663051
0.0326138
-0.123734
-0.383726
  3.04658
 0.622504
0.0617075
0.0348136
 -0.13205
-0.388818
  3.06017
 0.616846
0.0624909
0.0325378
-0.135766
-0.387098
  3.05192
 0.617455
 0.063059
0.0368776
-0.140774
-0.365582
  3.04418
 0.623955
0.0610521
0.0305379
-0.131466
-0.366752
  3.05974
 0.618785
0.0615093
0.0326792
-0.136431
-0.383438
  3.07128
 0.630962
  0.05906
0.0293542
-0.136728
-0.403776
  3.08333
 0.632843
0.0604515
0.0322518
-0.143921
-0.385308
  3.05182
 0.626402
0.0597996
0.0296124
-0.134802
 -0.37167
  3.04441
  0.62278
0.0663653
  0.03578
 -0.14749
-0.378433
  3.05736
 0.628811
 0.066232
0.0252039
-0.128204
-0.383753
  3.05337
 0.619165
0.0626901
0.0296138
-0.140789
-0.382188
  3.06443
 0.625182
0.0616476
0.0298748
-0.137271
-0.381345
  3.03652
 0.620228
0.0574333
0.0240069
-0.139869
-0.375016
   3.0657
  0.62892
0.0563646
0.0332336
 -0.14632
-0.371518
  3.04272
  0.62167
0.0599078
 0.035007
-0.132239
-0.368135
  3.05546
 0.620057
 0.056276
0.0371168
-0.137122
 -0.37283
  3.04995
 0.625324
 0.058332
0.0321166
-0.139767
-0.389798
  3.05224
 0.624679
0.0604866
0.0315659
-0.125126
-0.393505
  3.05246
 0.624077
0.0596422
  0.03314
-0.125597
-0.379429
  3.07032
 0.626085
0.0602931
0.0252254
-0.130546
 -0.38998
  3.07071
 0.624262
 0.056857
0.0263595
-0.135897
-0.391364
  3.05882
  0.62382
0.0665121
0.0361371
-0.125822
-0.367541
  3.06465
 0.625119
0.0618156
0.0398146
-0.143152
-0.376977
  3.08573
 0.630688
0.0625485
0.0240596
-0.139259
-0.383934
  3.09359
 0.633264
0.0633551
0.0340727
 -0.13451
-0.404898
  3.05161
 0.627532
0.0617474
 0.036448
 -0.13983
-0.390869
  3.07125
 0.624051
0.0619303
0.0442282
-0.138112
-0.368772
   3.0408
 0.620819
0.0641736
0.0375813
-0.142758
 -0.37767
  3.07242
 0.625953
0.0568858
0.0282564
-0.138172
-0.392053
  3.05498
 0.622503
0.0607833
0.0385531
-0.130528
-0.376376
  3.04218
 0.623418
0.0629804
0.0305514
-0.131369
-0.382863
  3.04609
 0.615617
0.0619513
0.0326417
-0.134231
-0.365072
  3.05695
 0.622014
0.0638776
0.0328842
-0.136784
-0.383101
  3.05785
 0.618553
0.0567934
0.0422189
-0.141417
-0.401859
  3.07518
 0.631835
0.0545621
0.0325812
-0.151676
 -0.40399
  3.07677
 0.633819
0.0546244
0.0259868
-0.135712
 -0.40193
  3.05213
  0.62497
0.0616635
0.0337356
-0.140407
-0.389599
  3.08503
 0.634148
0.0591241
0.0287475
-0.135579
-0.396847
  3.06607
 0.627486
0.0628385
0.0343875
-0.138396
-0.382381
  3.04784
 0.625542
0.0596059
 0.029312
-0.133293
-0.383106
  3.08288
 0.625618
0.0613048
0.0275045
-0.129305
-0.388419
  3.06834
 0.626822
0.0605595
0.0368948
-0.137466
-0.383988
  3.06619
 0.627334
 0.059667
0.0316183
-0.120556
-0.374704
  3.06425
 0.626619
0.0639464
0.0324101
-0.123381
-0.384063
   3.0717
  0.62982
  0.05944
0.0304509
-0.128732
-0.384652
  3.07389
 0.629068
0.0567009
0.0345183
-0.135043
-0.409351
  3.06641
 0.626246
0.0628413
0.0370875
-0.137732
-0.381765
  3.06726
 0.630889
0.0664783
0.0271706
-0.137498
  -0.3679
  3.07022
 0.627518
0.0683412
0.0354505
-0.136645
-0.384477
  3.08189
 0.630514
0.0636935
0.0345316
-0.134784
 -0.39117
  3.05925
 0.620739
0.0606274
0.0279408
-0.134338
-0.372798
  3.05201
 0.625439
0.0650956
0.0321583
-0.139237
-0.385378
  3.06929
 0.630736
 0.054716
0.0292219
-0.136377
-0.399065
  3.07544
 0.622304
0.0636092
0.0323418
-0.136603
-0.385767
   3.0653
 0.621357
0.0637599
0.0287683
 -0.13223
  -0.3817
  3.07772
  0.63047
0.0602936
0.0323284
-0.131489
-0.395897
  3.07493
 0.633119
 0.059405
0.0261316
-0.135189
-0.385993
  3.04427
 0.623436
0.0574896
0.0329401
-0.136347
-0.377937
  3.06134
 0.622021
0.0573127
 0.044452
-0.138728
-0.380146
  3.07596
 0.629407
0.0593231
0.0341872
-0.133106
 -0.38873
  3.07811
 0.629458
0.0686288
 0.033311
-0.127985
-0.368216
   3.0687
 0.626072
0.0642197
 0.042163
-0.134861
-0.370002
  3.06002
 0.626974
0.0620033
0.0307275
-0.127945
-0.370959
  3.08483
 0.626135
0.0569636
0.0293664
-0.137977
-0.381615
  3.05923
 0.620665
0.0626798
0.0276704
-0.133094
   -0.382
  3.06488
 0.624212
0.0593059
0.0398658
 -0.13169
-0.392102
  3.05854
 0.624783
0.0586297
0.0353785
-0.129779
-0.372305
  3.05826
 0.625699
0.0630697
0.0340981
-0.136014
-0.373169
  3.05373
 0.626734
0.0638541
0.0286993
-0.130986
-0.392334
   3.0522
 0.624977
0.0576443
0.0361049
 -0.15068
-0.366787
  3.07779
  0.63023
0.0625986
0.0339748
-0.138212
-0.391526
  3.06548
 0.629777
 0.057425
0.0281838
-0.130641
-0.376075
  3.07812
 0.629062
0.0625635
 0.035761
-0.133655
-0.393114
  3.06361
 0.619595
0.0637725
0.0277853
-0.133846
-0.378807
  3.08379
 0.621063
 0.062065
0.0254762
-0.132928
-0.397771
  3.06659
 0.625756
0.0662175
0.0345997
-0.120417
-0.381159
  3.07967
 0.630889
0.0601911
0.0328248
-0.133962
-0.400536
  3.05194
 0.616891
0.0660765
0.0310701
-0.127941
-0.381086
  3.06273
 0.624521
0.0662954
0.0389127
-0.138464
-0.376993
  3.07299
 0.623329
0.0613665
0.0234445
-0.129022
-0.386097
   3.0717
 0.629736
0.0615831
0.0302258
 -0.12758
-0.389271
  3.07604
 0.627747
0.0633645
0.0260052
-0.140599
-0.402054
  3.07998
 0.629978
0.0537402
0.0352887
-0.132864
-0.388265
  3.08682
 0.635118
0.0623277
0.0267082
-0.132899
-0.404051
  3.06967
 0.629253
0.0590376
0.0323843
-0.137301
-0.405485
  3.07896
 0.624917
0.0567395
0.0325376
 -0.13286
-0.397599
  3.06552
 0.620504
0.0627127
0.0338197
-0.147909
-0.377143
  3.09006
 0.631139
0.0614247
0.0377917
-0.137745
-0.390563
  3.08053
 0.626295
0.0588893
0.0279235
-0.143674
-0.398462
  3.06185
  0.61876
0.0604069
0.0328789
-0.131499
-0.382993
    3.084
 0.630423
0.0625324
0.0355991
-0.133655
-0.393103
  3.07775
 0.630313
0.0624742
0.0330168
-0.134229
-0.398313
   3.0671
 0.631066
 0.061531
0.0281797
-0.142969
-0.393123
  3.06832
 0.626875
0.0627191
0.0348876
-0.128618
 -0.38843
  3.06564
 0.620077
0.0615258
0.0334321
-0.140323
-0.381225
  3.07601
 0.627991
0.0590523
0.0255435
-0.139011
-0.395019
  3.08623
 0.628365
 0.059985
0.0245386
-0.135779
-0.398601
  3.07722
 0.632235
0.0592559
 0.030197
-0.140801
-0.392395
  3.06937
 0.622049
0.0660461
0.0346372
-0.139237
-0.379661
  3.07149
 0.630374
0.0581382
0.0308862
-0.137108
-0.394284
  3.07478
 0.625047
0.0635429
0.0282578
  -0.1253
-0.393629
  3.07528
  0.63188
0.0594137
0.0288322
-0.134525
-0.385377
  3.06287
 0.624193
0.0608716
0.0398915
-0.137075
-0.369632
  3.08144
 0.632052
 0.056925
0.0323318
-0.138543
-0.396261
  3.07204
 0.628484
  0.06369
0.0317866
 -0.12187
-0.395478
   3.0681
 0.627557
0.0548933
 0.037738
-0.148056
-0.388964
  3.06869
 0.615858
0.0567836
0.0342388
-0.132491
-0.389901
  3.05451
 0.624078
0.0641194
0.0360154
-0.137626
-0.377528
   3.0515
 0.609471
0.0581601
0.0342718
-0.148534
-0.375591
  3.08064
  0.63542
0.0661392
 0.027697
-0.135607
-0.384521
  3.09357
 0.623035
0.0541603
0.0234174
-0.138501
-0.399621
  3.06915
 0.631275
0.0559626
 0.028743
-0.140161
-0.392605
  3.04011
  0.61371
0.0605468
0.0260059
-0.136061
-0.378469
  3.05919
 0.629505
0.0592571
0.0279421
-0.141375
-0.397627
  3.05042
 0.614569
0.0693868
0.0302564
-0.123739
-0.380143
  3.01791
 0.649486
0.0630665
0.0341623
-0.120193
-0.376776
  3.02539
 0.597435
0.0637181
0.0324914
 -0.13683
-0.370404
  3.05399
 0.598853
0.0676136
0.0306285
-0.119512
-0.383649
  3.03286
 0.628868
 0.059778
0.0359347
-0.129489
-0.377076
  3.05334
 0.620892
0.0624742
0.0413163
-0.129969
  -0.3827
  3.03954
  0.62594
 0.045899
0.0304628
-0.133028
-0.381098
  3.01947
 0.615231
0.0715847
0.0376876
-0.133692
-0.372826
  3.00089
 0.605866
 0.052742
0.0352227
-0.141225
-0.355911
  2.96617
 0.613305
0.0685546
0.0341274
-0.131292
-0.377457
  2.86845
 0.652638
0.0677231
0.0286193
-0.134462
-0.365405
   2.85089
  0.601759
0.00525165
 0.0234417
 -0.134995
 -0.358554
  2.80963
 0.547247
0.0567169
0.0280437
-0.142182
 -0.35422
  2.79978
 0.608456
0.0410497
0.0173273
-0.141145
-0.334948
   2.8167
 0.543933
0.0547195
0.0255114
 -0.11964
-0.341961
  2.70769
 0.524877
0.0502777
0.0343386
-0.126867
-0.331287
  2.50423
 0.557693
0.0617584
0.0308144
-0.131022
  -0.3056
  2.44761
 0.552014
0.0813444
0.0227067
-0.129954
-0.291806
  2.52141
 0.444058
0.0306312
0.0153332
 -0.10978
-0.289365
  2.54155
 0.537163
0.0291578
0.0166245
-0.126925
-0.308379
  2.47951
 0.475281
0.0319185
0.0292451
-0.122919
-0.293216
  2.40987
 0.509858
0.0480683
0.0313249
-0.117085
-0.304016
  2.37607
 0.458825
0.0685588
0.0335927
-0.118815
 -0.28952
  2.45847
 0.504086
0.0606189
0.0295225
-0.131567
-0.310799
  2.46657
  0.53199
0.0233933
0.0276411
 -0.12982
 -0.31183
   2.4539
 0.506036
0.0788893
0.0258262
-0.130929
-0.292479
  2.55163
 0.546418
0.0324943
0.0119411
-0.138555
-0.314394
  2.59275
 0.467754
0.0802315
0.0339444
-0.119105
 -0.31175
  2.61945
 0.576269
0.0560983
0.0204252
-0.137326
-0.306158
    2.61321
   0.495133
0.000130276
  0.0328284
   -0.13377
  -0.316333
  2.65711
 0.510588
0.0430832
0.0291003
-0.130213
-0.332272
  2.68422
 0.600439
 0.100605
0.0307301
-0.142092
-0.356432
  2.78564
 0.599285
 0.094818
 0.024405
 -0.11458
-0.357344
  2.77488
 0.583566
0.0323873
0.0382919
-0.143501
-0.342007
  2.75476
 0.506274
0.0213647
0.0192092
-0.138081
-0.336836
  2.77167
 0.632952
0.0862778
0.0190912
-0.134615
 -0.33576
  2.90797
 0.606202
0.0769426
0.0331417
-0.131408
-0.358273
   2.9258
 0.562462
0.0545039
0.0250756
 -0.14915
-0.346538
  2.87572
 0.566719
 0.052172
0.0358589
-0.128867
-0.341975
  2.88513
 0.561154
 0.103924
0.0379802
-0.145072
-0.359888
  2.96183
 0.649381
0.0639218
 0.028268
-0.162491
-0.370566
  3.07519
 0.631536
0.0150515
0.0300154
-0.163927
-0.379316
  2.96406
 0.556678
0.0288756
0.0265722
-0.163477
-0.377615
  2.92607
  0.67298
 0.044298
0.0459986
 -0.14563
-0.370246
  2.99562
   0.6014
0.0658866
0.0323572
-0.138978
-0.366442
  2.99656
  0.62556
0.0813306
0.0406949
-0.142827
-0.362569
  3.04598
 0.617317
0.0736274
0.0481098
-0.144492
-0.378211
  2.97458
 0.604019
0.0797332
0.0419906
-0.139676
-0.377596
  2.98635
 0.632449
0.0757663
0.0253849
-0.138312
-0.380021
  3.05991
 0.645832
0.0708752
0.0364328
-0.139877
-0.387209
  3.08743
 0.659789
0.0529809
0.0258584
-0.143066
-0.389779
  3.04713
 0.628512
0.0738979
0.0308205
-0.150156
 -0.38089
  3.06248
 0.643206
0.0406433
0.0349592
-0.149733
-0.379802
  3.11516
  0.63842
0.0941256
0.0349048
-0.148796
-0.388328
  3.16273
 0.675135
0.0756013
0.0383764
-0.141695
-0.385465
  3.20448
 0.654836
 0.083034
0.0417287
  -0.1473
-0.392628
  3.13178
 0.593464
0.0810821
0.0442719
-0.142454
-0.383098
  3.17577
 0.726422
0.0795964
0.0323101
-0.142817
-0.390047
  3.22182
 0.605165
0.0633932
0.0372409
-0.143294
-0.386914
  3.28719
  0.77135
0.0310843
0.0322812
-0.150792
  -0.4218
  3.23847
 0.630791
0.0896758
0.0269125
-0.147166
-0.389343
  3.21759
 0.705813
0.0701896
0.0324226
 -0.14212
-0.382165
  3.30113
 0.700009
 0.086464
0.0236162
-0.148552
-0.401059
  3.33547
 0.677865
0.0726116
0.0408478
-0.147577
 -0.38636
  3.32744
 0.703714
0.0514977
0.0361331
-0.154033
-0.377772
  3.20149
 0.632745
 0.128483
0.0460361
-0.133833
 -0.36414
  3.26601
 0.747232
0.0592869
0.0301826
-0.140066
-0.375159
  3.30643
 0.577389
 0.112099
0.0318721
 -0.14047
-0.367261
  3.34743
 0.750924
0.0726505
0.0208817
-0.144633
-0.387188
  3.30564
 0.572046
0.0686935
 0.034059
-0.142597
 -0.35355
  3.24654
 0.705989
 0.091927
0.0335464
 -0.14088
-0.364435
  3.32107
 0.715646
0.0917358
0.0533638
 -0.14943
-0.381915
   3.3994
 0.723175
 0.100364
0.0349282
 -0.15185
-0.388694
   3.4394
  0.72816
0.0546771
0.0361207
-0.161788
-0.412046
  3.30647
 0.685218
0.0717587
0.0267103
-0.164446
-0.407338
  3.32041
 0.725704
0.0555425
0.0369786
-0.157496
-0.384771
  3.36614
 0.742462
 0.086656
0.0385343
-0.165916
-0.389472
  3.39307
 0.687832
0.0558781
0.0473835
-0.166429
-0.393682
  3.35401
 0.740721
0.0634603
0.0344063
-0.161974
  -0.4022
  3.31702
 0.722918
0.0640364
0.0421044
-0.159232
-0.381832
  3.40629
 0.737981
0.0846757
 0.032959
-0.158238
-0.384529
  3.47074
 0.700977
 0.108591
0.0402576
-0.125367
-0.392454
  3.56396
 0.799373
0.0754646
0.0412742
-0.141107
-0.404202
  3.47407
 0.704035
 0.143961
0.0351805
-0.118242
-0.406525
  3.57198
 0.809248
0.0798479
0.0351807
-0.133905
-0.400962
  3.66392
 0.794888
0.0642601
0.0390104
-0.144346
-0.418141
  3.69668
 0.723185
 0.102022
0.0364476
-0.136186
-0.405539
  3.62243
 0.804046
0.0505541
0.0278814
-0.148645
-0.396471
  3.53793
 0.650281
 0.116923
0.0406236
-0.138106
-0.373597
  3.62054
 0.832264
0.0892481
 0.043504
-0.144401
-0.414274
  3.68336
 0.746185
0.0751037
0.0444069
-0.142249
-0.405144
  3.72657
 0.772902
0.0784303
 0.032506
-0.139262
-0.415154
   3.6235
 0.772857
 0.109177
0.0329227
-0.137508
-0.395892
  3.73302
 0.772108
 0.106642
0.0359783
-0.144976
-0.408866
  3.80701
 0.848268
 0.130494
0.0487497
-0.133581
-0.412258
  3.87317
 0.846948
0.0670401
0.0476635
-0.144418
-0.424232
  3.79702
 0.790968
 0.117682
 0.039538
-0.129761
-0.419906
  3.73887
  0.81061
0.0744879
 0.038701
-0.131713
-0.419515
  3.81416
 0.832166
0.0749014
0.0305622
-0.148813
-0.426486
   3.9268
 0.837563
 0.084947
0.0460399
-0.153184
-0.424336
  3.92772
 0.842598
 0.110755
 0.046267
-0.151228
-0.432402
  3.86313
 0.845442
 0.117644
0.0413921
-0.140257
-0.413311
  3.92011
 0.858225
 0.079331
0.0440347
-0.138768
-0.424692
  3.99193
 0.814292
0.0928818
0.0461015
-0.152569
-0.420042
  4.05223
 0.885515
 0.115173
0.0491359
-0.153274
  -0.4341
  4.09398
  0.93883
 0.139408
 0.052218
-0.139183
-0.446209
  4.03099
 0.796247
0.0996489
0.0383898
-0.146782
-0.416302
  4.12047
  0.91111
0.0632413
0.0387026
-0.148093
-0.449285
  4.22355
 0.911798
 0.122269
0.0375885
-0.147238
-0.441282
  4.29066
 0.989379
0.0833756
0.0455789
-0.159563
-0.457199
  4.21774
 0.882707
 0.104676
0.0403519
-0.153836
-0.445889
  4.19564
 0.945182
  0.14305
0.0450132
-0.143266
-0.424308
  4.29598
 0.993115
 0.102559
0.0412231
-0.151258
 -0.45449
  4.37163
 0.959839
0.0784569
0.0412849
-0.143778
-0.461244
  4.36294
 0.933809
0.0780802
0.0338343
-0.146524
-0.443099
  4.28611
 0.964033
 0.145583
0.0416036
-0.139489
-0.462192
  4.33658
 0.969895
0.0977214
0.0462164
-0.127935
 -0.45424
  4.44943
  1.01784
0.0673571
0.0451311
-0.147154
-0.451902
  4.51801
 0.978388
0.0929847
0.0357474
-0.146945
-0.449982
  4.42822
  1.01262
 0.159425
0.0467339
-0.121124
-0.432812
  4.44263
  1.01181
 0.130327
0.0420492
-0.130828
-0.438814
  4.56226
 0.994507
 0.138464
0.0457289
-0.115756
-0.451984
  4.62599
  1.05871
 0.106137
0.0412359
-0.127748
-0.453122
  4.63781
  1.06898
0.0980789
0.0294667
 -0.12903
-0.460819
  4.55344
  1.01516
0.0888969
0.0458797
-0.128237
-0.437659
  4.61659
   1.0642
 0.103516
 0.047781
-0.137209
-0.454763
  4.70551
  1.10807
 0.102962
0.0330843
-0.133789
-0.433239
  4.77805
   1.0709
0.0897391
0.0382821
-0.122172
-0.443591
  4.74659
  1.08163
 0.113848
0.0320041
 -0.11963
-0.446358
  4.67703
  1.09811
 0.138985
0.0386558
-0.119133
-0.435608
  4.81933
  1.10782
0.0772783
0.0348542
-0.102114
-0.434595
  4.87318
  1.07892
 0.129114
0.0305488
-0.112951
-0.431702
   4.8384
  1.09625
 0.149079
0.0310232
-0.108813
-0.419204
   4.7876
  1.13983
 0.110336
0.0444395
-0.105809
-0.425014
   4.8721
  1.12141
0.0970433
 0.038338
-0.102702
 -0.43378
  5.01788
  1.19762
  0.12839
 0.039906
-0.105787
-0.455165
  5.08591
  1.13278
0.0860082
0.0281449
-0.114951
-0.433523
  5.07425
  1.20339
 0.154063
0.0298662
 -0.10208
-0.432155
   5.0682
    1.184
  0.10295
0.0313011
-0.107832
-0.455628
  5.17307
  1.22379
 0.132076
0.0466137
-0.121161
-0.439607
  5.33949
  1.26287
  0.09701
0.0432775
-0.119156
 -0.46756
   5.3993
  1.31682
0.0933011
0.0333616
-0.121884
-0.467772
  5.31171
  1.23922
0.0996536
0.0322648
-0.110014
-0.440879
  5.32061
  1.26426
 0.169051
0.0317631
-0.100392
-0.429519
  5.47221
  1.35126
 0.127419
0.0370671
-0.105147
-0.458383
  5.55639
  1.26163
 0.141177
0.0312128
-0.097155
-0.448633
    5.6013
   1.34671
  0.175263
 0.0374962
-0.0966278
 -0.451153
  5.56578
  1.35707
 0.144332
0.0327909
-0.107305
-0.447236
  5.66137
  1.31739
 0.109769
0.0371378
-0.127671
-0.449006
  5.74021
  1.40823
 0.129199
 0.046222
-0.114305
-0.453871
  5.78456
  1.38481
 0.124329
0.0407558
 -0.11431
-0.462891
  5.67732
  1.42117
 0.124787
0.0414602
-0.118257
-0.446088
  5.69757
  1.40482
 0.132024
0.0419159
-0.114914
-0.443357
  5.79089
  1.39296
 0.112554
0.0364459
-0.116315
-0.451637
  5.86596
  1.46264
 0.139211
0.0372518
-0.126532
-0.441146
  5.90465
  1.45679
 0.128206
0.0467954
-0.124273
-0.449696
  5.79776
  1.35497
 0.156362
 0.042585
-0.105731
-0.421354
  5.84175
  1.46246
 0.169546
0.0507255
-0.109928
-0.417361
  6.04049
  1.52404
  0.13816
0.0566767
-0.108589
-0.441178
  6.20548
  1.55127
 0.174827
0.0466912
-0.104506
 -0.43278
   6.0985
  1.51221
 0.148811
0.0386043
-0.114794
-0.415673
  6.11677
  1.55902
 0.151664
0.0350966
-0.108924
-0.419563
  6.26683
  1.56168
 0.159244
0.0341971
 -0.10886
-0.425474
    6.364
   1.5537
 0.116674
 0.056181
-0.121151
 -0.42079
  6.39044
  1.64579
 0.154285
0.0483983
 -0.12536
-0.428716
  6.39129
  1.62427
 0.162667
0.0482689
-0.110945
-0.425485
  6.36532
  1.57347
 0.145245
0.0372752
-0.116575
-0.419502
  6.47066
  1.66509
 0.169223
  0.04233
-0.112588
-0.417504
  6.62842
  1.69834
 0.190971
0.0471391
-0.112305
-0.416987
  6.65807
   1.7593
 0.178837
0.0454304
-0.104992
-0.400226
  6.62485
  1.74995
 0.102977
0.0422666
-0.121616
-0.405197
   6.6504
  1.69271
 0.171126
0.0397867
  -0.1029
-0.369221
  6.75571
  1.79221
 0.175557
0.0380925
-0.103986
 -0.40229
   6.84886
   1.79256
  0.175341
 0.0448619
-0.0937329
 -0.369032
   6.7593
  1.75915
 0.174656
0.0431205
-0.105896
-0.358836
  6.66628
  1.76885
 0.152913
0.0425658
-0.114154
-0.340533
  6.68698
  1.74115
 0.158772
0.0438074
-0.120283
-0.339505
  6.83734
  1.86108
 0.159551
0.0434945
-0.114809
-0.363242
  6.93485
  1.81386
 0.189554
 0.038744
-0.093563
 -0.33807
  6.88047
  1.82558
  0.14186
0.0392206
-0.107974
-0.333437
  6.80708
  1.84866
 0.169813
0.0380671
-0.104535
-0.349057
   6.80001
   1.84399
   0.17919
 0.0366552
-0.0899244
 -0.333983
   6.85226
    1.8959
  0.127033
 0.0372888
-0.0999019
  -0.31585
  6.89382
  1.80417
 0.190014
0.0425157
-0.098064
-0.308152
   6.8632
  1.89355
 0.156263
0.0398506
-0.090021
-0.319157
    6.7212
   1.82751
  0.207959
 0.0345931
-0.0919571
 -0.299445
   6.78851
   1.91466
  0.139957
  0.043005
-0.0730709
 -0.303938
   7.01349
   1.95095
  0.137691
  0.042915
-0.0805941
 -0.303093
   7.11433
   1.96981
  0.134034
 0.0365945
-0.0956892
 -0.275683
   6.96391
   1.95072
  0.180656
 0.0347705
-0.0831556
 -0.276166
   6.89629
   1.92962
  0.151519
 0.0292186
-0.0855485
 -0.276924
   6.82989
   1.92312
  0.146798
 0.0402108
-0.0948663
 -0.262907
    6.8601
    1.9169
  0.175039
 0.0350083
-0.0905797
 -0.264738
   6.76065
   1.85592
  0.204975
 0.0437449
-0.0868793
 -0.253057
   6.65169
   1.86312
  0.183885
 0.0440762
-0.0971761
 -0.240374
  6.60602
  1.86313
  0.16759
0.0340356
-0.105961
-0.231012
  6.57173
  1.80447
 0.177652
0.0327081
-0.105965
-0.237343
  6.48919
  1.87951
 0.134709
0.0506792
-0.107298
-0.210918
   6.4138
  1.75405
  0.16122
0.0265008
 -0.11076
-0.205045
   6.12045
   1.78481
  0.207366
 0.0482382
-0.0994366
 -0.219576
  6.02511
  1.70332
 0.137256
0.0405871
-0.111379
-0.209181
  6.02666
  1.73215
 0.111241
0.0325529
-0.105626
-0.211645
   5.95831
   1.74112
  0.119904
 0.0230207
-0.0994351
 -0.227937
   5.76954
   1.63757
  0.134866
 0.0333506
-0.0870177
 -0.205131
  5.52193
  1.57268
  0.16747
 0.029815
-0.099641
 -0.20179
  5.34083
  1.53332
 0.127401
0.0240495
-0.101312
-0.187506
  5.25951
  1.50193
 0.124112
0.0411409
-0.104227
-0.200143
  5.06988
  1.39941
 0.113987
0.0273473
-0.101538
-0.176652
   4.86761
   1.42679
  0.143536
 0.0282367
-0.0984393
 -0.183567
   4.86311
   1.37314
  0.118042
 0.0230084
-0.0958449
 -0.194109
  4.74809
  1.27129
 0.129763
0.0342453
-0.102563
 -0.19417
  4.68959
  1.37545
0.0824994
0.0438646
-0.103385
 -0.19911
   4.5888
   1.2638
0.0790624
0.0361142
-0.105154
-0.191877
  4.27424
  1.25941
 0.123445
0.0432147
-0.100599
-0.169346
  4.18138
  1.17634
 0.108449
0.0360389
-0.120118
-0.156623
   4.21652
   1.12241
   0.15515
 0.0334451
-0.0874083
 -0.163351
  4.13964
  1.20543
0.0390806
0.0367936
-0.122207
-0.160006
  4.00318
  1.03394
0.0682314
0.0358111
-0.112709
-0.148704
  3.71836
  1.09844
 0.123001
 0.039644
-0.104531
-0.144275
   3.53681
   0.94442
 0.0827497
  0.044791
-0.0883967
 -0.117102
   3.45551
  0.955275
  0.111553
  0.027285
-0.0868263
  -0.12563
  3.43081
 0.989944
0.0186413
0.0266442
-0.112665
-0.140607
   3.27192
  0.927621
 0.0870536
 0.0331808
-0.0942537
 -0.132015
  3.11062
 0.900329
0.0167646
0.0285718
-0.107556
-0.133708
  2.97519
 0.789306
 0.083084
0.0391913
-0.107664
-0.102372
   2.85081
   0.81812
 0.0632725
  0.028262
-0.0871227
  -0.11173
   2.71111
  0.733517
 0.0972937
 0.0312143
-0.0959179
 -0.103323
   2.62147
  0.800831
   0.02997
 0.0301303
-0.0977049
 -0.102443
   2.48933
  0.655235
   0.11023
 0.0230306
-0.0872917
 -0.091496
    2.37801
   0.700324
-0.00617371
  0.0304539
 -0.0919407
 -0.0892562
   2.21339
  0.579101
  0.072921
 0.0224902
-0.0934535
-0.0821198
    2.08995
   0.604438
0.000548244
  0.0221842
 -0.0882244
 -0.0830822
    1.9384
  0.507666
 0.0856483
 0.0153077
-0.0956155
-0.0682173
   1.85418
  0.550872
0.00274534
 0.0226437
 -0.117524
-0.0873102
   1.87299
  0.496339
 0.0512449
    0.0243
-0.0945565
-0.0821574
    1.80724
   0.522375
-0.00588384
  0.0227896
 -0.0882583
 -0.0663082
   1.63287
  0.418366
  0.072755
 0.0287467
-0.0877088
-0.0591919
   1.53727
  0.474549
 0.0159063
 0.0233633
-0.0937225
-0.0795017
    1.45069
   0.410474
-0.00353447
  0.0241237
 -0.0998732
 -0.0582356
    1.3854
  0.343993
 0.0192124
 0.0277128
 -0.102933
-0.0401442
   1.26258
  0.365819
 0.0176555
 0.0204334
-0.0960419
-0.0612591
   1.11548
  0.288042
 0.0579747
 0.0332124
-0.0962977
-0.0409619
   1.02865
  0.323401
  0.017203
  0.023332
-0.0997691
-0.0604359
   0.92008
  0.209273
   0.02643
 0.0124319
 -0.109906
-0.0494171
  0.825519
  0.245459
-0.0141385
  0.016734
-0.0805418
-0.0257097
  0.747821
  0.186293
 0.0175265
0.00107697
-0.0785316
-0.0171558
   0.711242
   0.184158
-0.00440302
 0.00929634
 -0.0879887
 -0.0194134
   0.652533
   0.225473
-0.00683112
  0.0163584
  -0.082562
 -0.0175481
   0.59085
  0.114003
 0.0104329
0.00663465
-0.0842048
-0.0302807
  0.534531
  0.198996
-0.0238613
 0.0102879
-0.0814913
-0.0148769
   0.469409
   0.132135
 0.00538144
  0.0181612
 -0.0840388
-0.00843771
  0.446066
  0.162179
-0.0172507
 0.0207067
-0.0781584
-0.0306329
  0.383658
  0.128195
 0.0107329
 0.0174421
-0.0707761
-0.0136511
   0.346594
   0.137613
-0.00380368
  0.0250142
 -0.0764398
-0.00099792
   0.327596
  0.0378524
-0.00792138
  0.0124262
 -0.0795733
 -0.0111176
   0.25898
 0.0866145
0.00816848
 0.0183166
-0.0716953
0.00364753
  0.241047
 0.0998187
-0.0285341
0.00168412
 -0.071039
 -0.013883
  0.197843
 0.0189761
-0.0024896
0.00472761
 -0.060429
 0.0387699
  0.176844
 0.0381177
 0.0222984
0.00364121
-0.0637199
 0.0100531
  0.158356
 0.0112306
 0.0139597
 0.0069634
-0.0457835
0.00550747
   0.115305
 0.00939666
-0.00642707
   0.003338
  -0.058091
   0.025262
  0.107805
 0.0618072
 0.0376206
0.00765933
-0.0351045
 0.0211347
   0.113383
  0.0077243
 0.00745639
-0.00543737
 -0.0496597
-0.00206374
  0.0773317
-0.00451934
  0.0546997
 0.00743604
  -0.045478
 0.00637412
  0.0588444
  0.0121273
 -0.0524967
0.000640498
 -0.0583399
  0.0247507
 0.0649899
 0.0406528
-0.0438469
0.00843505
-0.0493555
 0.0232679
  0.0547803
  0.0569461
 0.00559962
-0.00567377
 -0.0493489
  0.0189216
 0.0574901
 -0.052828
 0.0227472
0.00979295
-0.0433551
 0.0285155
  0.0420655
  0.0946075
 -0.0170057
0.000596364
  -0.054743
-0.00834047
  0.0702978
  0.0616165
 -0.0884037
 0.00572613
 -0.0571723
0.000120907
 0.0361131
  -0.01402
-0.0105112
0.00650252
-0.0504571
  0.025583
  0.0711017
  0.0505694
0.000917855
  0.0096966
 -0.0379682
  0.0172835
   0.0555042
    0.017778
  -0.0190832
-0.000912993
  -0.0475317
   0.0111525
  0.0665013
  0.0691781
 -0.0208921
-0.00271011
  -0.048572
  0.0204637
 0.0651322
 0.0125288
 -0.040133
0.00313817
-0.0436033
  0.029622
  0.0337769
 0.00531705
-0.00334162
 0.00388531
  -0.038768
  0.0185695
  0.0416011
  0.0152955
 -0.0077351
-0.00377561
 -0.0443136
  0.0171905
    0.059587
   0.0632486
  -0.0288848
-0.000280632
  -0.0530045
    0.015881
 0.0429201
-0.0166133
-0.0162976
0.00537131
-0.0409975
  0.021302
  0.0441097
 -0.0563269
-0.00499059
  0.0212633
 -0.0394357
   0.023301
 0.0621899
 0.0615849
 0.0178192
0.00221951
-0.0399118
 0.0103003
  0.0452341
  0.0357561
 -0.0206576
-0.00400801
 -0.0338177
   0.011309
 0.0535062
-0.0261973
 0.0513232
0.00503487
-0.0259643
 0.0193053
  0.0873509
   0.032311
 -0.0256569
2.12578e-05
 -0.0439316
  0.0152297
 0.0466039
 0.0036737
-0.0269423
0.00587867
-0.0333326
 0.0175766
 0.0321536
 0.0312784
-0.0302702
0.00796631
-0.0294776
 0.0239373
  0.0216266
-0.00492427
  0.0491218
-0.00280877
 -0.0321957
  0.0310404
 0.0393397
 0.0240056
 -0.017763
-0.0142271
-0.0437301
0.00894672
  0.0306591
-0.00840276
 -0.0227801
 0.00362566
 -0.0395096
  0.0119282
  0.030457
0.00153133
0.00109254
0.00243361
-0.0436603
 0.0219521
 0.0367634
 0.0824115
  -0.03473
0.00229301
-0.0444237
 0.0163941
    0.019858
  -0.0701586
  -0.0298035
-0.000117308
  -0.0456803
   0.0238423
 -0.00310476
   0.0300735
  -0.0336087
-0.000653548
  -0.0564153
   0.0131935
  0.0382306
-0.00630313
  0.0360385
-0.00810513
 -0.0318748
 0.00447699
 0.0517321
  0.018411
0.00784389
 0.0164728
-0.0328266
0.00477763
 0.0168351
-0.0206889
-0.0237279
0.00175025
-0.0597465
 0.0339795
  0.058501
 0.0227542
-0.0212415
 -0.003221
-0.0384106
0.00960537
  0.0581237
  0.0334818
  0.0113826
-0.00208372
 -0.0455402
 0.00950967
 0.0566506
-0.0225399
0.00767813
0.00373901
-0.0326673
0.00859514
  0.0309681
  0.0529743
 -0.0435387
-0.00247689
 -0.0361343
   0.005071
 0.0345474
 0.0207094
 0.0128588
0.00793358
-0.0360935
 0.0244428
 0.0390734
 0.0272876
-0.0183236
0.00450355
-0.0443138
 0.0232716
 0.0455508
-0.0375653
-0.0267921
0.00153697
-0.0436732
 0.0319378
 0.0210536
 0.0594146
-0.0362649
-0.0112395
-0.0451728
 0.0256122
  0.0432052
-0.00921152
-0.00281284
 0.00078275
 -0.0383121
  0.0173136
 0.0376182
-0.0196669
-0.0050557
 0.0113643
-0.0340433
  0.021731
 0.0320395
 0.0415015
-0.0356672
 0.0170563
-0.0328999
 0.0146466
 0.0390784
 0.0550382
-0.0231149
0.00856813
-0.0387732
  0.019803
-0.00442246
 -0.0703634
-0.00460284
  0.0153261
 -0.0385876
  0.0337546
   0.0423726
   0.0855945
-0.000438185
  0.00451273
  -0.0264152
 -0.00410722
 0.00582797
-0.00767355
 0.00463962
 0.00498951
 -0.0388845
  0.0280441
0.00725883
-0.0413878
-0.0465632
0.00581843
-0.0420218
 0.0259284
  0.0139731
  0.0376981
 -0.0197442
-0.00155079
 -0.0342301
  0.0343607
-0.000133475
   -0.018388
   0.0064487
 -0.00202058
   -0.032273
   0.0211006
  0.0312266
  0.0341285
-0.00278259
0.000557392
 -0.0374712
 0.00485821
  0.0183043
  0.0181656
 -0.0115694
-0.00473681
 -0.0379364
  0.0297351
0.00866858
-0.0203032
-0.0226411
0.00656956
-0.0430293
 0.0217985
 0.0146994
0.00778307
-0.0343267
 0.0105122
-0.0446719
  0.012124
 0.0238858
 0.0304519
-0.0035244
0.00044545
-0.0357528
 0.0241909
 0.0310411
 0.0451628
 0.0323434
0.00519188
-0.0225234
  0.011985
  0.0170744
 0.00579458
 0.00258754
-0.00172218
 -0.0364243
   0.027799
 0.0380087
 0.0316525
-0.0763517
0.00241121
-0.0367979
   0.01289
 0.0385018
  0.021144
-0.0130537
0.00558828
-0.0300541
 0.0124535
   0.037125
  0.0267666
  0.0269627
  0.0017624
 -0.0272892
-0.00146331
 0.0306817
 0.0556271
-0.0307918
0.00703832
-0.0322804
 0.0191978
 0.0169938
-0.0291152
-0.0185877
  0.010398
-0.0353174
 0.0153752
  0.0294811
  0.0776775
 -0.0283531
0.000306064
 -0.0466894
 0.00367035
 0.0326897
-0.0247099
0.00729069
 0.0132483
  -0.02758
 0.0276606
 0.0110952
-0.0213883
-0.0136291
0.00732079
-0.0330649
 0.0269846
  0.0406028
  0.0737921
-0.00412649
-0.00713041
 -0.0374136
 0.00350944
0.00637381
-0.0376316
-0.0342273
  0.005266
-0.0442885
 0.0233803
  0.0121756
0.000550938
  -0.032271
  0.0055808
 -0.0350824
  0.0131677
-0.00479756
-0.00572733
  0.0349651
  0.0101682
 -0.0378651
  0.0266735
 0.0165995
0.00914305
 0.0116514
 0.0123759
-0.0408674
  0.023177
-0.000451252
   0.0288974
   0.0190285
  0.00332982
  -0.0365061
   0.0233174
  0.0321521
  0.0133688
-0.00747485
 0.00968893
 -0.0276312
  0.0174308
0.00848986
-0.0646235
-0.0147603
0.00374235
-0.0286141
 0.0311306
 -0.0052153
  0.0490196
-0.00299951
-0.00159447
 -0.0368563
 0.00765636
-5.92078e-05
  0.00981248
   0.0029755
   0.0114789
  -0.0362772
    0.023895
 0.0378682
 0.0867731
 -0.086176
0.00598935
-0.0429299
 0.0010864
 0.0221182
-0.0786534
 0.0167432
 0.0138836
-0.0390526
 0.0142607
 0.0344585
 0.0397538
0.00652885
 0.0145242
-0.0354464
 0.0111951
  0.0259691
-0.00683362
 -0.0371064
-0.00430213
 -0.0434235
  0.0205404
0.000601382
 -0.0124541
 -0.0413978
 0.00422848
 -0.0409786
  0.0159992
   0.0292539
   0.0248515
  0.00247034
 0.000228257
  -0.0290028
-0.000208515
   0.010493
 -0.0106013
    0.01883
-0.00149955
 -0.0343412
  0.0225087
 0.0184387
-0.0258876
 0.0429276
0.00959976
-0.0243891
 0.0203024
 0.0261415
 0.0302529
-0.0125194
0.00570275
-0.0292624
 0.0182614
  0.0321887
 -0.0155001
 -0.0296553
-0.00351103
 -0.0281009
  0.0161662
   0.0328665
-0.000755168
    0.032125
 -0.00906071
  -0.0335864
   0.0220466
   0.0105001
   0.0257088
 -0.00917022
-0.000296316
  -0.0318254
   0.0184624
   0.0159375
   0.0109862
 -0.00955895
-0.000719834
  -0.0301523
   0.0237417
  0.0158876
  0.0191919
 -0.0285625
-0.00631515
 -0.0395181
  0.0137847
 0.0283575
-0.0168108
-0.0622475
0.00285844
-0.0408957
0.00157552
   0.01821
 0.0471037
 0.0127083
0.00640301
-0.0285571
 0.0219301
  0.026767
 0.0545937
 0.0450365
0.00558834
-0.0344694
 0.0175177
  0.0221895
  0.0296911
-0.00911038
  0.0106526
 -0.0373046
  0.0176223
  0.0301388
  0.0565695
 -0.0389966
-0.00195424
 -0.0379022
0.000694911
  0.0312005
  0.0519593
 -0.0804607
-0.00316905
 -0.0257936
 -0.0036555
-0.0113119
-0.0494203
 0.0270443
0.00916599
-0.0265595
 0.0241862
 0.0128249
 0.0623489
  0.069844
 0.0110671
 -0.017147
0.00461563
0.00139209
 0.0122416
-0.0472414
 0.0111603
-0.0353508
 0.0186606
  0.0155584
 0.00316031
 -0.0389197
-0.00306663
 -0.0297467
  0.0174721
 0.0243184
 0.0202597
-0.0348733
0.00782307
-0.0342958
 0.0283225
  0.0138579
 -0.0165062
-0.00163881
-0.00485037
 -0.0229551
   0.013303
 0.0283829
 0.0656478
 0.0250762
0.00333831
-0.0219765
0.00706973
 0.0243749
-0.0793928
-0.0220064
 0.0110828
-0.0377366
 0.0352454
 0.0383197
 0.0500036
-0.0443849
 0.0168852
-0.0402762
 0.0161726
  0.0357216
 -0.0297106
  0.0399434
 0.00937283
 -0.0260633
-0.00110218
   0.0157669
    0.047696
  -0.0446369
-8.31753e-05
  -0.0265566
 -0.00071439
-0.0117192
-0.0572779
0.00994174
0.00624347
-0.0283313
 0.0172505
-0.0151672
 0.0925813
-0.0644448
0.00679363
-0.0504401
-0.0157296
 0.0209608
-0.0471861
-0.0349942
0.00378176
-0.0275397
0.00707355
0.00287377
0.00507756
 0.0438138
0.00088043
-0.0288986
 0.0154171
 0.00861071
  0.0345428
-0.00667918
 0.00495558
 -0.0296887
  0.0139951
 0.0214998
-0.0312017
0.00448609
0.00540809
-0.0300452
0.00665999
  0.0274879
  0.0413603
 -0.0291167
-0.00170065
 -0.0368028
  0.0139185
 0.00213494
  0.0255663
  0.0186947
-0.00612073
 -0.0330505
  0.0161681
  0.0109125
  0.0502082
  -0.019983
-0.00176208
 -0.0462169
 0.00259801
0.00964131
 0.0208415
 0.0696708
0.00017592
-0.0179382
0.00546823
 0.0551834
 0.0213569
-0.0218709
 0.0152743
-0.0376029
  0.023509
 0.0105967
-0.0549732
 -0.024914
 0.0163238
-0.0358021
0.00869331
 -0.0078638
 -0.0127597
 -0.0482222
-0.00644181
 -0.0441096
  0.0109682
  0.0172949
 -0.0496368
  0.0183872
-0.00126606
 -0.0293335
  0.0050123
-0.00708462
  0.0766805
  0.0126001
 0.00760164
 -0.0258237
  0.0122238
 0.0277226
-0.0585768
0.00279481
0.00455676
-0.0383846
 0.0245979
  0.0402604
 -0.0496964
-0.00606485
 0.00821407
 -0.0324492
  0.0201325
 0.0341962
  0.031357
 0.0521612
0.00487164
-0.0246028
 0.0199508
   0.0307494
    0.027273
  -0.0250224
-0.000806502
  -0.0339635
   0.0161402
 0.00525821
-0.00594998
 -0.0435537
 0.00250382
 -0.0467088
  0.0156825
-0.00904324
  0.0295595
-0.00571251
 0.00030381
 -0.0382608
 0.00490849
   0.024989
  0.0722905
  0.0096981
  0.0157436
 -0.0281276
-0.00281709
   0.0300539
   0.0759897
   -0.102959
   0.0113163
  -0.0482919
-0.000911622
 0.0108504
  0.016718
 -0.026047
 0.0166303
-0.0329977
 0.0142149
 0.0401697
  0.040107
-0.0252555
0.00317675
-0.0407653
-0.0119899
  0.0568458
-0.00563443
  0.0170484
0.000602474
 -0.0308712
 0.00708732
 0.0299239
-0.0137495
 0.0263658
0.00404288
-0.0288109
 0.0212062
  0.0524363
 0.00456389
-0.00169463
-0.00199189
 -0.0220646
-0.00148661
  0.0558041
-0.00169307
0.000553905
-0.00649206
 -0.0330026
  0.0151559
 0.0515626
 -0.008975
 0.0206745
0.00373195
 -0.024668
 0.0195067
  0.0340753
-0.00559204
  0.0275809
-0.00202801
 -0.0339247
  0.0199738
 0.0250675
-0.0015907
 0.0123821
 0.0043782
-0.0378154
  0.026901
  0.0142286
0.000458089
 0.00115281
 0.00517749
 -0.0416897
  0.0137482
   0.0308668
-8.75441e-06
 -0.00465933
  0.00589815
  -0.0412633
   0.0115368
0.00165032
 0.0102789
-0.0017118
0.00509693
-0.0466246
 0.0169273
-0.0143585
0.00784887
-0.0117816
0.00284572
-0.0426226
  0.010085
  -0.0176907
   0.0131241
   -0.024998
-0.000161401
  -0.0433839
   0.0102325
-0.00449043
  0.0100118
 -0.0174148
 0.00106864
 -0.0307937
 0.00853926
 -0.009449
 0.0131335
-0.0138548
-0.0020083
 -0.041025
 0.0152267
 0.0270938
 0.0163189
-0.0142961
0.00455255
-0.0429175
0.00622861
0.00697956
 0.0052435
-0.0062976
0.00429024
-0.0380302
 0.0203825
-0.00375441
 0.00706901
 -0.0127985
  0.0048447
 -0.0400666
  0.0209073
  0.0118403
 0.00170092
-0.00542003
0.000729059
  -0.035381
  0.0180596
 0.0121213
0.00179902
-0.0030916
 0.0117894
-0.0275484
 0.0157732
  0.0170339
 0.00674194
-0.00323536
  0.0102155
 -0.0399886
 0.00676945
  0.0207859
 0.00786367
-0.00784173
 0.00577731
  -0.040413
 0.00234047
-0.00188055
 0.00795349
-0.00312321
   0.004381
 -0.0252663
1.33669e-05
 0.0261393
 0.0123547
-0.0041644
0.00996514
-0.0340025
 0.0122539
  0.0124802
 0.00835946
-0.00285289
 0.00389569
 -0.0365749
  0.0239815
  0.0274105
  0.0141494
-0.00881183
-0.00490853
 -0.0383398
  0.0094979
  0.0324136
  0.0102394
-0.00139593
-0.00325217
 -0.0390497
-0.00229474
  0.0136631
 0.00399839
-0.00200001
  0.0131198
 -0.0334244
  0.0123753
  0.0217348
 0.00269644
-0.00806304
-0.00370648
 -0.0425364
 0.00489249
  0.0131285
 0.00562466
-0.00871651
 0.00512052
 -0.0305432
   0.012061
  0.0213006
 0.00652217
-0.00319478
  0.0113258
 -0.0329593
 0.00983776
0.00831008
0.00880738
-0.0026894
0.00420237
-0.0312503
 0.0280447
  0.0192716
-0.00333156
-0.00572275
 0.00765132
 -0.0414634
  0.0118439
  0.0241587
 0.00324635
-0.00310096
  0.0101439
 -0.0279339
   0.021014
 0.0173273
 0.0145536
0.00147064
  0.010457
-0.0406956
0.00745701
 0.0348395
0.00991507
0.00448717
 0.0055011
-0.0330984
0.00938679
  0.0259768
  0.0122626
-0.00416295
 0.00189436
 -0.0360137
  0.0168711
 0.0101202
0.00963604
-0.0118822
0.00535177
-0.0377772
 0.0143809
  0.0285763
 0.00999404
-0.00204243
 0.00447578
 -0.0409383
  0.0156488
  0.0145029
 0.00848583
-0.00864882
 0.00524217
 -0.0373763
  0.0129556
 0.0133452
0.00438803
-0.0111271
  0.004784
-0.0356001
0.00576626
  0.0337853
 0.00576656
-0.00992147
 0.00664902
   -0.03331
  0.0188324
 0.00337153
 0.00349587
-0.00294513
  0.0109939
 -0.0415079
   0.018176
 0.0238963
 0.0127452
 0.0046248
0.00682534
-0.0315637
0.00458919
  0.0190141
 0.00641941
 0.00221079
0.000826713
  -0.029898
   0.004946
  0.0217172
 0.00277294
-0.00809539
-0.00461915
 -0.0386445
 0.00268962
 0.0168677
0.00718753
0.00257464
0.00268182
-0.0312184
 0.0203202
  0.0210368
  0.0159752
-0.00529276
 0.00353693
  -0.030689
 0.00562462
 0.00224221
 0.00810666
-0.00377425
 0.00310644
 -0.0321161
  0.0277429
  0.0186423
 0.00869681
-0.00741907
 0.00675655
 -0.0379344
  0.0200972
0.00686979
0.00587619
-0.0053151
0.00681476
-0.0366853
 0.0108745
  0.0201768
  0.0104507
-0.00773989
 0.00356167
 -0.0369901
 0.00347072
0.00290794
0.00532394
-0.0117921
0.00635767
-0.0349318
   0.02026
  0.0274643
 0.00626229
-0.00882324
 0.00668821
 -0.0327285
  0.0132767
  0.0160247
   0.011274
0.000405749
 0.00509754
 -0.0236207
  0.0140514
   0.0305759
   0.0104584
-8.29955e-05
  0.00785646
  -0.0373044
-0.000411151
  0.0134122
 0.00498039
0.000484824
  0.0121642
 -0.0410037
  0.0252927
 0.0341797
 0.0125519
0.00221981
0.00430924
 -0.034441
0.00358541
 0.0343295
 0.0212449
0.00358989
0.00661917
-0.0322204
0.00179778
 5.57737e-05
  0.00927957
-0.000490945
   0.0139163
  -0.0412769
   0.0172443
 0.0175997
  0.012562
-0.0076826
0.00167711
-0.0348029
0.00227509
 0.00680152
 0.00580211
-0.00308099
 0.00170178
 -0.0327857
  0.0132354
 0.0242608
0.00185975
-0.0057473
0.00747343
-0.0414516
0.00538518
   0.028899
 0.00753342
-0.00475586
-0.00226478
 -0.0431651
-0.00137019
  0.0292726
 0.00707301
-0.00344506
 0.00534514
 -0.0327835
 0.00365603
  0.0182898
0.000723327
-0.00774969
 0.00117046
 -0.0321727
  0.0171534
 0.00975308
  0.0115913
-0.00861246
 0.00726601
 -0.0273875
 0.00438127
    0.023577
   0.0126263
  -0.0125004
-0.000937137
  -0.0494779
 -0.00872528
  0.019791
 0.0126067
0.00144005
0.00562383
-0.0323498
 0.0112288
  0.0318879
  0.0133456
 0.00451188
4.05724e-06
 -0.0276863
 0.00536972
 0.0325134
 0.0121017
 0.0045483
 0.0166209
-0.0317348
0.00117903
 0.0049168
0.00573767
0.00038961
 0.0103555
-0.0386284
 0.0149206
  0.0146937
 0.00766992
-0.00544431
 0.00715795
  -0.039154
 0.00624366
   0.012727
 0.00719528
-0.00548259
 0.00749076
  -0.040389
  0.0039178
-0.00423107
 0.00016469
-0.00105461
  0.0116269
  -0.049381
 0.00250505
  0.012013
 0.0111107
-0.0027875
0.00882406
-0.0272466
 0.0182951
  0.0075059
 0.00332127
-0.00307683
 0.00709622
 -0.0314487
  0.0144714
  0.0144264
 0.00805418
-0.00996319
-0.00417825
 -0.0278137
 0.00670561
 0.00971911
  0.0102602
-0.00883258
 -0.0071728
  -0.026665
 0.00285852
  0.0299468
  0.0126663
-0.00797154
 0.00440736
 -0.0419276
-0.00580043
  0.0203355
 0.00956232
-0.00431483
 0.00154147
 -0.0400115
  0.0105248
-0.00140381
 0.00562777
0.000419721
 0.00288607
  -0.036459
  0.0166881
 -0.00604703
-0.000747126
 -0.00392944
  0.00797681
  -0.0457102
   0.0282371
  0.0297746
  0.0130709
-0.00440843
-0.00114892
 -0.0419134
 0.00760234
  0.0146411
 0.00827175
-0.00419537
 0.00981102
 -0.0380924
  0.0104847
  0.00213465
-0.000539808
 -0.00970905
     0.00785
  -0.0468968
   0.0224372
  0.0261493
  0.0116497
-0.00568425
 0.00898445
 -0.0424711
-0.00591764
0.000606186
 0.00554925
-0.00517058
 0.00210161
 -0.0461951
  0.0192444
  0.0137636
 0.00282034
-0.00668221
 0.00891483
  -0.040501
 0.00612969
   0.031347
 0.00832691
-0.00429488
  0.0159562
 -0.0296297
  0.0102272
  0.0327049
  0.0105101
-0.00324307
 0.00830819
 -0.0336246
 0.00924021
  0.0162164
  0.0100069
-0.00433816
 0.00669744
 -0.0373366
 0.00302542
  0.0106307
 0.00750896
-0.00845359
 0.00603346
 -0.0401312
  0.0220517
  0.0389919
  0.0188432
 -0.0050946
0.000940793
 -0.0274642
  0.0224194
 0.0178588
 0.0104903
 -0.008946
-0.0045543
-0.0449027
0.00308359
 0.00748194
  0.0121844
-0.00812513
 0.00200922
 -0.0347108
  0.0311532
  0.0266358
 0.00961796
-0.00448643
 0.00984475
 -0.0458852
 0.00179175
 0.0126328
0.00730349
-0.0076154
 0.0027803
-0.0387064
 0.0109337
-0.00582012
-0.00156512
-0.00858453
 0.00824286
 -0.0353921
  0.0177392
  0.0112546
 0.00440457
-0.00992296
 0.00463809
 -0.0406267
 0.00989484
-0.00793982
 0.00769866
-0.00279889
 0.00782075
 -0.0329511
  0.0129376
-0.00254469
 0.00227136
-0.00299287
 0.00931987
 -0.0337236
  0.0137599
 -0.0030892
 0.00486703
-0.00518403
  0.0130927
 -0.0380009
  0.0101462
   0.027974
  0.0121501
-0.00545564
-0.00113153
 -0.0357474
  0.0103674
   0.0074563
  0.00304704
-0.000909726
  0.00465365
  -0.0390393
   0.0142704
  0.00678774
  0.00692154
-0.000641572
   0.0128175
  -0.0373002
   0.0169382
  0.0289695
 0.00773178
-0.00688641
 0.00109024
 -0.0394685
 0.00103155
  0.0143592
 0.00904971
-0.00744312
 0.00384408
 -0.0372751
  0.0172085
  0.0132131
 0.00471216
-0.00743548
0.000190728
 -0.0395738
  0.0259499
  0.0286459
  0.0103254
-0.00406303
 0.00608245
 -0.0296463
  0.0228111
 0.0282137
 0.0119889
0.00347287
0.00440731
-0.0217958
0.00579443
  0.0103003
  0.0091893
-0.00521537
  0.0115337
 -0.0451243
  0.0116935
  0.0116294
 0.00300448
-0.00774494
 0.00803036
 -0.0426956
 0.00809628
  0.0134239
 0.00467326
-0.00292528
 0.00701467
 -0.0316385
  0.0236476
  0.0230983
 0.00693346
-0.00534219
 0.00402977
 -0.0386911
  0.0190115
   0.0125203
  0.00787272
 -0.00668607
  0.00618924
  -0.0411599
-0.000957339
 0.00718118
 0.00493181
-0.00747388
 0.00702023
 -0.0255902
   0.014089
  0.0114773
  0.0128688
-0.00181799
 0.00552083
 -0.0314223
  0.0103844
0.00881892
0.00593161
0.00349968
 0.0016519
-0.0320697
0.00848864
   0.0117933
  0.00288016
-0.000911743
   0.0097802
  -0.0309545
   0.0127391
 0.00185176
 0.00100863
-0.00196404
  0.0121057
  -0.045969
  0.0143902
  0.0243558
  0.0185316
-0.00649421
-0.00158791
 -0.0460001
 0.00443284
  0.0373013
 0.00827121
-0.00450975
 0.00720523
 -0.0356385
 0.00851812
  0.0234514
  0.0145008
-0.00418107
 0.00310437
  -0.028881
 0.00887248
  0.00354383
  0.00215055
-0.000844788
  0.00448151
  -0.0378049
   0.0165845
 0.00575648
  0.0020798
-0.00630571
   0.012725
 -0.0495156
  0.0213124
  0.0226188
 0.00857528
 0.00456776
-0.00359759
 -0.0232373
  0.0113227
  0.0293873
 0.00556068
-0.00350618
 -0.0022868
 -0.0427803
 0.00871997
   0.015467
  0.0127445
-0.00874605
0.000788191
 -0.0369977
 0.00423985
  0.00777537
  0.00173612
-0.000685445
  0.00341967
  -0.0396144
   0.0286525
   0.0209009
  0.00768123
-0.000866815
   0.0035559
  -0.0298206
   0.0161638
  0.0306829
 0.00931242
-0.00252694
 0.00166468
 -0.0356293
-0.00651447
  0.0189231
 0.00672011
-0.00455911
 0.00133513
 -0.0329888
0.000465614
  0.0300471
  0.0122076
-0.00669494
-0.00190255
 -0.0268284
 0.00403396
