   0.1079
-0.919937
-0.652765
  0.19232
-0.555977
 -1.19577
 0.120187
-0.927448
-0.648116
 0.194985
-0.562669
 -1.20075
 0.103071
 -0.92525
-0.632783
 0.179993
-0.549076
 -1.21504
0.0969542
-0.927477
-0.676116
 0.188007
-0.557968
  -1.2081
 0.115571
-0.924191
-0.646496
 0.199221
  -0.5457
 -1.22003
 0.108478
-0.922875
-0.644814
 0.184528
-0.565902
 -1.19956
 0.101986
-0.930218
-0.658235
 0.181701
-0.541134
 -1.21156
 0.103187
-0.926319
-0.652787
  0.18416
 -0.54604
 -1.21002
0.0934751
 -0.92837
-0.633673
 0.182162
-0.550456
 -1.20612
 0.100587
-0.924789
-0.657022
  0.18667
-0.560604
 -1.19677
  0.11082
-0.932078
-0.647797
 0.183405
-0.543601
 -1.19335
 0.102776
-0.924883
-0.648029
 0.182884
 -0.55224
 -1.19329
 0.109875
-0.928409
 -0.65803
 0.189087
-0.553679
  -1.1952
0.0976179
-0.937723
-0.658829
 0.191535
-0.561918
 -1.19545
 0.095606
-0.929903
-0.671292
 0.190274
-0.544042
 -1.18924
0.0779781
-0.924334
-0.631239
 0.190924
 -0.56682
  -1.1859
0.0830098
-0.937565
 -0.65313
 0.187065
-0.554996
 -1.18962
0.0722682
-0.928133
-0.665905
 0.184271
-0.547556
 -1.19728
0.0629078
-0.947721
-0.628229
 0.182882
-0.550349
 -1.18667
0.0710711
-0.905686
 -0.65215
 0.191811
-0.562741
 -1.18925
0.0675583
-0.942451
-0.646314
 0.187166
-0.561012
 -1.19028
0.0563061
-0.953553
-0.628384
 0.193358
-0.557446
 -1.19983
0.0703713
-0.919912
-0.671485
 0.188723
-0.535121
 -1.17508
0.0723466
-0.958648
-0.613326
 0.197152
-0.557204
 -1.17745
0.0461195
-0.938194
-0.656809
 0.190711
-0.552888
  -1.1947
0.0496408
-0.937411
 -0.68081
 0.188994
-0.554178
 -1.17041
 0.033316
-0.960449
-0.603201
 0.181992
-0.555698
 -1.17881
0.0255829
-0.973627
-0.670785
 0.190249
-0.550722
 -1.17369
0.0202995
-0.983579
-0.618118
 0.192132
-0.569216
 -1.17765
0.0178116
-0.941841
-0.652819
 0.187776
-0.565606
 -1.16533
-0.00565717
  -0.965563
  -0.658553
   0.182989
  -0.565878
   -1.16405
0.0182247
-0.977402
-0.649506
 0.182323
 -0.54417
 -1.17603
0.000475949
  -0.954592
  -0.639056
   0.197443
    -0.5586
   -1.16112
0.00115664
 -0.932611
 -0.647608
  0.195705
 -0.551627
  -1.15765
-0.034136
 -0.95082
-0.669725
 0.187778
-0.548684
 -1.18376
-0.0319784
 -0.985588
  -0.66253
  0.184681
 -0.558847
  -1.16816
-0.0201621
 -0.982038
 -0.643441
  0.183595
 -0.551806
  -1.15543
-0.0533365
 -0.965577
 -0.665573
  0.186237
  -0.55686
  -1.16769
-0.0637592
 -0.963318
 -0.617602
  0.180748
 -0.556153
  -1.16118
-0.0671209
 -0.992013
 -0.630074
   0.19041
 -0.569511
  -1.16611
-0.104871
-0.974254
-0.638441
 0.181492
-0.558041
 -1.16246
-0.0970462
 -0.988583
 -0.640318
  0.190372
 -0.559817
  -1.16987
-0.100041
 -1.01122
-0.650563
 0.182403
-0.548833
 -1.16843
-0.109108
-0.971995
-0.637724
  0.19977
-0.557235
 -1.17467
-0.126161
 -1.03106
-0.633151
 0.181495
-0.561118
 -1.16824
-0.131178
  -1.0277
-0.644607
 0.184579
-0.565993
 -1.17448
 -0.15824
 -1.01038
-0.649207
 0.186796
-0.553974
 -1.14728
-0.191707
 -1.06717
-0.622895
 0.190094
-0.570909
 -1.15463
-0.227839
 -1.03924
-0.647331
 0.189713
-0.563368
 -1.15004
-0.259146
 -1.01258
-0.643048
  0.18914
 -0.55985
 -1.16634
-0.243878
  -1.0496
-0.640458
 0.191988
-0.566187
 -1.15786
-0.276686
-0.993131
-0.630946
 0.177831
-0.577465
 -1.15056
-0.278613
 -1.08616
-0.651183
 0.187602
-0.548103
 -1.14557
-0.345668
 -1.06598
-0.629771
 0.183376
 -0.57803
 -1.14672
-0.375744
 -1.06045
-0.639158
  0.19566
-0.565766
 -1.14966
-0.378139
 -1.09473
-0.642112
 0.180463
 -0.56095
 -1.14696
-0.430059
 -1.05767
-0.620487
 0.197883
-0.566475
 -1.16342
-0.438842
 -1.13478
-0.645075
 0.192706
-0.585188
 -1.14359
-0.460711
 -1.10283
-0.603734
 0.188452
-0.577271
 -1.14003
-0.442102
 -1.08824
-0.669018
 0.185851
-0.555762
 -1.14407
-0.414032
  -1.0831
-0.646982
 0.191663
-0.579055
 -1.15446
-0.298221
 -1.07146
-0.617306
  0.19507
-0.563476
 -1.16267
-0.267643
 -1.01183
-0.635786
 0.188064
-0.560865
 -1.15129
-0.224013
 -1.07282
-0.659175
 0.189569
-0.566986
 -1.15133
-0.251834
 -1.02462
-0.622094
  0.19148
-0.566229
 -1.15968
-0.281189
 -1.05873
-0.655524
 0.194254
-0.564098
 -1.16121
-0.318777
 -1.03298
-0.639292
 0.180801
-0.560662
 -1.15022
-0.309056
 -1.08125
-0.659906
 0.190459
-0.550996
 -1.15018
-0.345585
 -1.08254
-0.635851
 0.197363
-0.566346
  -1.1679
  -0.3445
 -1.11076
-0.604588
 0.204025
-0.578233
 -1.15503
-0.318738
 -1.01569
-0.644604
 0.190102
-0.557986
 -1.15354
-0.303534
 -1.05237
 -0.64556
 0.197243
-0.569964
 -1.15369
-0.301439
 -1.03591
-0.640469
 0.187145
  -0.5594
 -1.15149
-0.305754
 -1.07837
-0.646917
 0.182033
-0.565196
 -1.15881
-0.301688
 -1.07777
  -0.6436
 0.181949
-0.560176
 -1.16162
-0.324403
 -1.04458
-0.652524
 0.191425
-0.572729
 -1.15401
-0.323166
 -1.06532
 -0.62505
 0.190875
-0.567746
 -1.15409
-0.388156
 -1.04678
-0.645697
  0.18652
-0.575267
 -1.14774
-0.379502
 -1.10646
-0.642525
 0.190579
-0.556418
 -1.14537
 -0.37093
 -1.04731
-0.624704
 0.198445
-0.576077
 -1.15797
-0.383205
 -1.07621
-0.656815
 0.188574
-0.565146
 -1.14797
-0.400711
 -1.07949
-0.634539
 0.196053
-0.578566
 -1.15049
-0.351013
 -1.06207
-0.621846
 0.187375
 -0.56839
 -1.15849
-0.324334
 -1.09539
-0.643138
 0.191896
-0.562955
 -1.16255
-0.325158
 -1.05082
-0.657898
 0.188389
-0.559916
 -1.15696
-0.339637
 -1.06571
-0.619584
 0.191948
-0.565417
 -1.16179
-0.421812
 -1.07798
-0.634818
 0.194676
-0.576652
 -1.15657
-0.399436
   -1.077
-0.643815
 0.190495
-0.578601
 -1.16277
-0.406252
 -1.07667
-0.669127
 0.181609
-0.568004
  -1.1516
-0.373897
 -1.05374
-0.628536
 0.194173
-0.581458
 -1.14869
-0.411748
 -1.12767
-0.620396
 0.191946
-0.578687
 -1.14495
-0.473321
 -1.09525
 -0.62644
 0.199131
-0.583475
 -1.15187
-0.449336
 -1.07789
 -0.66441
 0.184643
-0.569718
 -1.13802
-0.484717
 -1.09051
-0.610739
  0.19629
 -0.57879
 -1.14916
-0.515678
 -1.13644
-0.652714
 0.186207
-0.586109
 -1.15521
-0.513514
 -1.07818
-0.687106
 0.196033
-0.582904
 -1.14942
-0.434463
 -1.11901
-0.635998
 0.189146
-0.575404
 -1.18548
  -0.4596
 -1.08318
-0.617755
 0.192163
-0.574852
 -1.14624
-0.388476
 -1.08129
-0.682526
 0.183361
-0.574391
 -1.15941
-0.437878
 -1.06238
-0.637656
 0.197089
-0.584069
 -1.16055
-0.520953
 -1.16355
-0.624423
 0.187719
-0.583048
 -1.17807
-0.52076
-1.09771
-0.65626
0.199719
-0.58815
 -1.1454
-0.499096
 -1.10194
-0.652646
 0.186219
-0.571282
 -1.15062
-0.526855
 -1.13105
-0.638467
 0.195163
-0.581963
 -1.15447
-0.563192
 -1.15012
-0.614607
 0.201689
-0.578579
 -1.16504
-0.512454
 -1.09803
-0.666089
 0.197348
-0.562548
  -1.1558
-0.515137
 -1.13016
-0.646866
 0.189308
-0.583406
 -1.15696
-0.471093
 -1.09695
-0.647003
 0.204038
-0.579381
 -1.15827
-0.491556
 -1.12351
-0.629401
 0.199157
-0.594298
 -1.17316
-0.526143
 -1.10971
-0.603959
  0.18406
-0.590969
  -1.1619
-0.523165
 -1.10526
-0.623039
 0.194243
-0.584536
 -1.15937
-0.599426
 -1.12594
  -0.6489
  0.18883
-0.585212
 -1.15159
-0.613308
  -1.1348
-0.626709
 0.199324
-0.588378
 -1.16443
-0.599806
 -1.10453
-0.619823
 0.203567
-0.574072
 -1.15509
 -0.63138
 -1.14976
-0.684728
 0.191387
-0.569929
 -1.14149
-0.614368
 -1.16501
 -0.62875
 0.196478
-0.575313
 -1.15128
-0.574047
  -1.1196
-0.653646
 0.195509
-0.579796
 -1.14934
 -0.53761
 -1.09846
 -0.63987
 0.198471
-0.591805
 -1.14869
-0.589731
 -1.19956
-0.636586
 0.189071
-0.581144
 -1.16285
-0.584896
 -1.10147
-0.645611
 0.177725
-0.577041
 -1.15177
-0.619625
 -1.15248
-0.647663
  0.19616
 -0.57654
 -1.16001
-0.608078
 -1.12905
-0.594834
 0.201525
-0.582825
 -1.14859
-0.590643
 -1.10341
-0.677168
 0.194317
 -0.58174
 -1.15487
-0.559527
 -1.12092
-0.690965
 0.192271
 -0.56819
 -1.14365
-0.623704
 -1.18626
-0.645895
 0.195582
-0.584291
 -1.17078
-0.588019
 -1.08678
-0.652101
 0.194949
-0.569477
  -1.1357
-0.591785
 -1.12248
-0.636535
 0.185808
-0.574359
 -1.15485
-0.580166
 -1.17874
-0.671784
 0.198678
-0.580851
 -1.16211
-0.617005
 -1.13668
-0.644172
 0.200243
-0.581419
 -1.15107
-0.619379
 -1.12922
-0.666348
 0.192418
-0.576824
 -1.14841
-0.661351
 -1.17735
-0.654822
 0.193995
-0.579401
 -1.15956
-0.675384
 -1.13098
-0.694126
 0.192108
-0.584386
 -1.15223
-0.692526
 -1.19455
-0.649379
 0.197238
-0.595559
 -1.15208
-0.758373
 -1.18423
-0.595486
 0.206946
-0.594215
 -1.15635
-0.755783
 -1.15596
-0.643994
 0.190937
-0.576331
  -1.1391
-0.771821
 -1.16701
-0.641257
 0.193646
-0.597338
  -1.1439
-0.787685
 -1.20262
-0.608733
 0.192524
-0.599947
 -1.14428
-0.837667
 -1.21989
-0.644069
  0.19658
 -0.60055
  -1.1491
-0.778072
 -1.18082
-0.593043
 0.196763
-0.585878
  -1.1459
-0.838006
 -1.17299
-0.578998
 0.192958
-0.600345
 -1.14471
-0.791075
 -1.24307
-0.695175
 0.192892
-0.584742
 -1.17481
-0.833991
 -1.15982
-0.660852
 0.185746
 -0.58549
 -1.14649
-0.875848
 -1.20474
-0.588341
 0.191634
-0.588232
 -1.14369
-0.906883
 -1.23266
  -0.6492
 0.194181
-0.581431
 -1.15466
 -0.87379
 -1.16634
-0.681256
 0.191984
-0.568578
 -1.14461
-0.908729
 -1.27542
-0.626643
 0.192709
-0.583411
  -1.1709
-0.949899
 -1.29437
-0.676591
 0.200833
-0.569904
 -1.16816
 -0.95423
 -1.19822
-0.607176
 0.187533
-0.582806
 -1.14227
-0.937406
 -1.20982
-0.686654
 0.200066
 -0.56422
 -1.18493
-0.970579
 -1.27352
-0.714726
 0.181004
-0.570361
 -1.15388
 -0.96893
 -1.21568
-0.637918
 0.196839
-0.581459
 -1.15623
-0.996229
  -1.2932
-0.692103
 0.198188
-0.565025
 -1.16836
 -1.06511
 -1.25633
 -0.64755
 0.185345
-0.575212
 -1.16108
 -1.07951
 -1.24556
-0.625972
 0.208097
-0.593577
 -1.17094
 -1.10648
   -1.306
-0.627951
 0.200598
-0.582638
 -1.17541
 -1.09943
 -1.32935
-0.644248
 0.183196
-0.579755
 -1.15873
 -1.15517
 -1.32141
-0.637421
 0.191328
-0.584151
 -1.13492
 -1.20126
 -1.29185
-0.608304
 0.204972
-0.598542
 -1.13281
 -1.21107
 -1.31275
-0.635532
 0.198241
-0.595711
 -1.14224
 -1.27004
 -1.31671
-0.631044
 0.205565
-0.607664
 -1.14151
 -1.27261
 -1.32383
-0.638468
 0.204495
-0.602966
 -1.15104
 -1.33384
 -1.35479
-0.642763
 0.191158
-0.599641
 -1.15575
 -1.39827
 -1.40269
-0.604458
 0.196659
-0.600669
 -1.15207
 -1.43293
 -1.33955
-0.657892
 0.198633
 -0.60553
 -1.14057
 -1.48025
  -1.4259
-0.640406
 0.187874
-0.596982
 -1.13991
 -1.50734
  -1.3394
-0.627683
 0.192223
-0.598668
 -1.13817
 -1.61157
 -1.53233
-0.649654
 0.202834
-0.599878
 -1.16438
 -1.68661
 -1.41728
-0.601641
  0.20279
-0.600531
 -1.16415
 -1.67806
 -1.38776
-0.632018
 0.191691
-0.593962
 -1.13625
 -1.75162
 -1.53772
-0.658368
 0.193922
 -0.59334
  -1.1412
 -1.86447
 -1.46315
-0.619094
 0.197517
-0.602757
 -1.15216
 -1.96542
 -1.55006
-0.610738
 0.200396
-0.601852
 -1.14705
 -2.03464
 -1.54636
-0.612378
 0.197002
-0.587421
 -1.16511
 -2.03912
 -1.53182
-0.670629
 0.192346
-0.584237
 -1.14573
 -2.15013
 -1.59604
-0.693579
 0.191584
-0.594487
 -1.17464
 -2.26832
 -1.61005
-0.629037
 0.188986
-0.588521
 -1.12978
 -2.36909
 -1.62394
-0.664358
 0.186285
-0.592142
 -1.14515
 -2.50043
 -1.69489
-0.616607
 0.188309
-0.601991
 -1.15819
 -2.52758
 -1.65244
-0.624222
 0.192336
-0.610201
  -1.1482
 -2.71368
  -1.8158
-0.632758
 0.192446
-0.602782
  -1.1634
 -2.80802
 -1.73269
-0.605342
 0.204657
 -0.61842
 -1.15101
 -3.00259
 -1.84262
-0.575127
 0.209197
-0.629208
 -1.17371
 -3.07283
 -1.84566
-0.595379
 0.201834
-0.618343
 -1.15229
 -3.17144
 -1.89996
-0.570363
 0.194207
-0.619641
  -1.1652
 -3.31232
 -1.93787
-0.655433
 0.192251
-0.603502
 -1.18045
 -3.49435
 -1.95186
 -0.58478
 0.205208
-0.620905
 -1.17321
 -3.73988
 -2.10875
-0.545555
 0.193556
-0.618333
 -1.19707
 -3.85833
 -2.04225
-0.592332
 0.185617
-0.598766
 -1.17797
 -3.98482
 -2.19019
-0.659628
 0.183145
-0.598291
 -1.19885
 -4.22215
 -2.18245
-0.629906
 0.199481
-0.596073
 -1.18269
 -4.43001
  -2.2457
-0.566051
  0.19346
-0.596403
 -1.18201
 -4.71435
 -2.39933
-0.608415
 0.196206
-0.603261
 -1.19724
 -4.88443
  -2.3648
-0.605971
 0.192857
-0.584289
 -1.17589
 -5.06208
  -2.4786
-0.625206
 0.196496
-0.591805
 -1.18161
 -5.37702
 -2.52909
-0.570518
 0.185138
-0.609403
 -1.15664
 -5.66296
 -2.63058
-0.559275
 0.190289
-0.605231
 -1.17124
 -5.96595
  -2.7672
-0.581228
 0.187742
-0.609085
 -1.17527
  -6.1841
 -2.75335
-0.511211
  0.18729
 -0.62148
 -1.16269
 -6.37147
 -2.93232
-0.594035
 0.201201
-0.619952
 -1.15996
 -6.81044
 -2.95543
-0.517778
 0.199362
-0.637922
 -1.16146
 -7.18237
  -3.1143
-0.511242
 0.202467
-0.653304
 -1.13673
  -7.554
-3.26748
-0.55177
0.205164
-0.64465
-1.11909
 -7.73897
 -3.28472
-0.556255
 0.193707
-0.647776
 -1.11208
 -8.05335
  -3.4476
-0.530641
 0.201088
-0.659806
 -1.11339
 -8.68267
 -3.56764
-0.492462
 0.199515
-0.674276
 -1.10613
 -9.09956
 -3.68788
-0.514379
 0.204581
-0.679516
 -1.07981
 -9.38545
 -3.87658
 -0.49888
 0.206214
-0.681925
 -1.07333
 -9.73532
 -3.93951
-0.527369
 0.205402
-0.705267
 -1.06374
 -10.1094
 -4.04366
-0.468665
 0.205211
-0.713757
  -1.0208
 -10.6989
 -4.17674
-0.462671
 0.216258
-0.733524
-0.992487
 -11.2394
 -4.48103
-0.500911
 0.214826
-0.733253
-0.986411
 -11.5809
 -4.56531
-0.445887
 0.227517
-0.757456
-0.953861
 -11.9481
 -4.65775
 -0.44566
 0.234408
-0.765835
-0.921529
 -12.5311
 -4.80338
-0.479228
 0.234206
-0.768271
-0.854736
 -13.2587
 -5.10683
 -0.40316
 0.240804
-0.793748
-0.847904
 -13.8326
   -5.346
 -0.48625
 0.235092
-0.814506
-0.825116
 -14.1837
 -5.37699
-0.342292
 0.246206
 -0.83073
-0.772295
 -14.5309
  -5.5137
-0.424779
  0.25373
-0.852311
-0.794781
 -14.3378
 -5.39837
-0.442043
 0.254972
-0.878704
-0.777806
 -13.9412
 -5.28052
-0.427856
 0.271905
-0.910604
-0.838408
 -13.5886
 -5.16885
-0.535054
 0.288573
-0.938865
-0.876206
 -12.6548
 -4.81505
-0.499122
 0.275816
-0.957182
-0.923337
 -12.1372
 -4.63577
-0.538348
 0.273905
-0.965186
 -0.95089
 -12.3904
 -4.65186
-0.584572
 0.291011
-0.997313
-0.989484
-11.2781
-4.28992
-0.56109
0.292922
-1.00034
-1.04653
 -10.9307
 -4.23274
-0.643701
 0.284186
 -1.01384
 -1.10638
 -10.3717
  -3.9739
-0.673029
  0.28786
 -1.00541
 -1.13221
 -9.75741
  -3.7808
-0.705301
 0.294268
 -1.00697
 -1.18787
   -9.831
 -3.78159
-0.683021
 0.306672
 -1.01765
 -1.21278
 -9.15736
 -3.52901
-0.724752
 0.289732
   -1.029
 -1.24208
 -8.72965
 -3.46371
-0.739402
 0.289637
 -1.01178
  -1.2913
 -8.42787
 -3.28898
-0.767503
 0.288043
 -1.00267
 -1.29629
 -8.12549
 -3.20242
-0.776395
 0.280136
 -1.01413
 -1.31102
 -8.05785
 -3.12606
-0.737598
  0.29892
 -1.03404
 -1.32816
 -7.46809
 -2.99563
-0.784978
 0.290981
-0.987382
 -1.35828
 -7.24378
 -2.91888
-0.770351
 0.291544
-0.987979
 -1.37703
 -6.90158
 -2.79182
-0.800102
 0.286299
 -0.97307
 -1.39537
 -6.90411
 -2.79912
 -0.83638
  0.28376
-0.979583
 -1.40279
 -6.64635
  -2.6778
-0.759173
 0.287065
-0.991232
 -1.40987
 -6.28661
 -2.60951
-0.855215
 0.283105
-0.957311
 -1.42995
 -6.05609
 -2.57456
-0.806636
 0.287487
-0.965166
 -1.43398
 -5.88788
  -2.4639
-0.801175
 0.283729
-0.957928
 -1.41624
 -5.93411
  -2.5124
-0.834535
 0.283899
-0.942477
 -1.44351
 -5.62526
 -2.38348
-0.792972
 0.277062
-0.955359
 -1.43973
 -5.49131
 -2.38271
-0.842119
 0.269045
-0.936396
 -1.43464
   -5.243
 -2.31147
 -0.82744
  0.27508
-0.926383
 -1.42026
 -5.30213
 -2.26967
 -0.76885
 0.282544
-0.952381
 -1.42125
 -5.20529
 -2.29838
-0.878613
 0.270031
-0.932674
 -1.42919
 -5.00285
 -2.16441
-0.816073
 0.273338
-0.942699
 -1.41405
 -4.88068
 -2.17982
-0.807507
 0.280739
-0.934482
 -1.42258
 -4.75849
 -2.16475
-0.828645
 0.267972
-0.928521
  -1.4198
 -4.75791
 -2.10535
-0.793714
 0.272854
-0.925667
 -1.42172
 -4.60812
 -2.12792
-0.865435
 0.270427
-0.910616
 -1.42121
 -4.55704
 -2.03784
-0.821605
 0.269522
-0.924844
 -1.40537
  -4.3515
 -2.01375
-0.818138
 0.271859
-0.911475
  -1.4029
 -4.34019
 -2.02736
-0.842021
 0.276025
-0.921048
 -1.41118
  -4.2712
 -2.02006
-0.783949
 0.262759
-0.922194
 -1.40537
 -4.13998
 -1.94788
 -0.84428
 0.267745
-0.905066
 -1.40954
-4.03212
-1.93047
-0.83446
0.271874
-0.89962
 -1.3964
  -3.9397
 -1.90897
  -0.7753
 0.266104
-0.922747
 -1.38818
 -3.95262
 -1.93577
-0.851793
 0.261996
-0.902331
 -1.42322
 -3.78557
 -1.85374
-0.809094
 0.268982
-0.897837
 -1.40263
 -3.73441
 -1.87656
-0.781237
 0.260188
 -0.89414
 -1.40509
 -3.58248
 -1.82181
-0.816061
 0.252142
-0.879592
 -1.37546
 -3.58302
 -1.73355
-0.814376
 0.261335
-0.885556
 -1.38426
 -3.53233
 -1.83962
-0.815913
 0.273081
-0.884508
 -1.39836
 -3.41469
 -1.79492
-0.796268
 0.258337
-0.874922
 -1.39058
 -3.28601
 -1.69586
-0.823193
 0.254888
-0.873572
  -1.3558
 -3.20348
 -1.74397
-0.775903
 0.249073
-0.869514
 -1.37019
 -3.23508
 -1.73406
 -0.82741
 0.257805
-0.866933
 -1.39357
  -3.1526
 -1.67189
-0.807044
 0.252249
-0.856609
 -1.37804
 -3.06229
 -1.70257
-0.801149
 0.251464
-0.851206
  -1.3714
  -2.9743
 -1.67391
-0.819305
 0.250964
-0.856597
 -1.35105
 -2.95628
 -1.66111
-0.790877
 0.253539
-0.860847
 -1.35095
 -2.87461
 -1.63119
-0.804239
 0.247012
-0.843047
 -1.36481
  -2.7902
 -1.63741
-0.757318
 0.235331
-0.844904
 -1.34352
-2.75186
-1.57474
-0.81349
0.241918
-0.83613
-1.35503
 -2.73654
 -1.62919
-0.822945
 0.251691
-0.845065
  -1.3494
 -2.76453
 -1.57086
-0.746573
 0.244195
-0.839613
 -1.33033
 -2.68934
  -1.5568
-0.780691
 0.256582
-0.837688
 -1.35606
 -2.59194
 -1.57029
-0.836814
 0.243426
-0.816438
  -1.3187
 -2.49994
 -1.58715
-0.760662
 0.243787
-0.820077
  -1.3461
 -2.53574
  -1.5007
-0.806403
 0.244834
-0.811811
 -1.35204
 -2.47936
 -1.54647
-0.815684
 0.243957
-0.823215
 -1.34697
 -2.42485
 -1.49419
-0.742716
 0.242931
-0.817552
 -1.34248
 -2.36184
 -1.49197
-0.803532
 0.249179
-0.807333
 -1.32068
   -2.337
 -1.50112
 -0.79167
 0.238775
-0.803853
 -1.31484
 -2.33268
 -1.50265
-0.789279
 0.232333
 -0.80808
  -1.3229
 -2.30212
 -1.50645
-0.756005
 0.242595
-0.810848
 -1.33469
 -2.24058
 -1.48076
-0.787443
 0.240883
-0.807573
 -1.31688
 -2.22314
 -1.47498
-0.770934
 0.239628
-0.812115
 -1.31919
-2.20936
-1.46488
-0.80572
0.242156
-0.80792
-1.30968
 -2.18954
 -1.45015
-0.754974
  0.24236
-0.806604
 -1.32174
 -2.18454
 -1.46365
 -0.77906
 0.241161
-0.805022
  -1.3229
  -2.2078
 -1.41006
-0.774212
 0.239956
-0.804798
 -1.30923
 -2.22795
 -1.51325
-0.753353
 0.248579
-0.814503
 -1.33296
 -2.23053
 -1.45372
-0.801992
 0.251921
-0.813086
 -1.33653
 -2.17238
 -1.49701
-0.764152
 0.237883
-0.800482
 -1.32256
 -2.19198
 -1.46969
 -0.84679
 0.247983
-0.783227
 -1.31727
 -2.23642
 -1.50722
-0.820129
 0.253586
-0.809619
 -1.33681
 -2.23836
 -1.44629
-0.759124
 0.244768
-0.811571
 -1.31599
 -2.25561
  -1.4633
-0.823411
  0.24441
-0.788965
 -1.32158
 -2.23077
  -1.5155
-0.807752
 0.235889
-0.803849
   -1.317
 -2.29999
 -1.47589
-0.771125
  0.24541
-0.829374
 -1.31664
 -2.28736
   -1.434
-0.767128
  0.23608
-0.813063
 -1.33372
 -2.30293
 -1.54918
-0.748187
 0.247829
-0.846139
 -1.32137
 -2.32165
 -1.47302
-0.775343
 0.243781
-0.821427
 -1.31973
 -2.31554
 -1.46561
-0.782164
 0.238922
-0.842907
  -1.3272
 -2.33689
  -1.4869
-0.761284
 0.244601
-0.835611
 -1.31089
 -2.36154
 -1.51416
-0.778625
 0.246414
-0.838895
 -1.34031
 -2.40146
 -1.49397
-0.774712
 0.249203
-0.823663
 -1.32929
 -2.33874
 -1.48928
-0.796868
 0.253489
-0.833653
 -1.32145
 -2.36648
 -1.51864
-0.771676
 0.253222
-0.831774
 -1.32893
 -2.39801
  -1.4855
-0.806067
 0.240286
-0.830447
 -1.31713
 -2.41987
 -1.52293
-0.802838
 0.245959
-0.833805
 -1.33443
 -2.46156
 -1.52991
-0.791674
 0.246671
-0.839848
 -1.34701
 -2.42515
 -1.52657
-0.790511
 0.243858
-0.832207
 -1.33639
 -2.40084
 -1.51016
-0.848192
 0.242136
-0.839062
 -1.34869
 -2.43766
 -1.49251
-0.810884
 0.242388
-0.823023
 -1.33429
 -2.48919
 -1.54211
-0.761223
 0.254935
-0.843986
 -1.33287
 -2.46974
  -1.5052
-0.806897
 0.253222
-0.841116
 -1.33603
    -2.49
 -1.55943
-0.812503
 0.250571
-0.837864
 -1.33351
 -2.51959
 -1.53779
-0.777571
 0.253443
-0.839555
   -1.331
 -2.53086
 -1.54479
-0.818947
 0.248959
-0.832518
 -1.33794
 -2.55358
 -1.53572
-0.794567
 0.249392
 -0.84634
 -1.32958
  -2.5099
 -1.53495
 -0.78797
 0.258405
-0.830759
 -1.33523
 -2.53522
 -1.55301
-0.800455
  0.24438
-0.850683
 -1.33691
 -2.58567
 -1.54026
-0.782966
 0.251077
-0.857407
  -1.3281
 -2.60543
 -1.59833
-0.837729
  0.25366
-0.841075
 -1.33668
 -2.66208
  -1.5924
-0.806373
  0.25943
-0.844669
 -1.34959
 -2.61211
 -1.54335
 -0.81322
 0.251299
-0.839994
 -1.32552
  -2.6456
  -1.5471
-0.749348
 0.260292
 -0.85168
 -1.31971
 -2.68485
 -1.56084
-0.828285
 0.254087
-0.854106
 -1.33775
 -2.68164
 -1.58383
-0.832783
 0.249342
-0.857282
 -1.33462
 -2.69705
  -1.6199
-0.791649
 0.257902
-0.853999
 -1.34522
 -2.72417
 -1.57765
-0.814351
 0.256285
-0.860189
 -1.33706
 -2.78167
  -1.5704
-0.802426
  0.25668
 -0.86319
 -1.33896
 -2.88566
 -1.60387
-0.804477
  0.25266
-0.875341
 -1.33945
  -2.7918
  -1.6506
-0.842268
 0.255848
 -0.86395
 -1.36134
 -2.80064
 -1.61529
-0.873078
 0.263686
-0.868341
 -1.33946
 -2.82214
  -1.6266
-0.799802
 0.257777
-0.884971
 -1.32955
  -2.8951
 -1.59851
-0.802163
 0.258454
-0.881226
 -1.34453
 -2.89959
 -1.59846
-0.824297
 0.258758
-0.885302
 -1.34474
 -2.89771
 -1.65146
-0.856505
 0.256757
 -0.87784
 -1.33595
 -2.86984
  -1.6683
-0.780348
  0.26124
-0.890509
 -1.34859
 -2.95875
 -1.68698
-0.808909
 0.269155
-0.903641
 -1.35625
 -2.97264
  -1.6127
-0.798843
 0.256816
-0.896379
 -1.35268
 -2.96393
  -1.6587
-0.795969
 0.258517
 -0.90335
 -1.32681
 -2.99163
 -1.63808
-0.833253
 0.271228
-0.891128
 -1.35598
 -2.95794
 -1.65793
-0.811926
 0.260064
-0.891404
 -1.33823
 -3.06341
 -1.68492
-0.824251
  0.26558
-0.900473
 -1.33737
 -3.08128
 -1.69742
-0.819209
 0.261448
-0.917437
 -1.34528
 -3.08859
 -1.66079
-0.838662
 0.252872
-0.909981
  -1.3332
 -3.08252
 -1.69533
-0.855031
 0.260478
-0.916197
 -1.34186
 -3.12476
 -1.70758
-0.823416
 0.254126
-0.905924
 -1.33108
 -3.18668
 -1.69914
-0.824442
 0.260376
-0.924902
 -1.34671
 -3.16909
 -1.69316
-0.810445
 0.265115
 -0.91863
 -1.34933
 -3.18715
 -1.74091
-0.837293
 0.261991
-0.922866
 -1.34481
  -3.2035
 -1.70752
-0.832661
  0.25811
-0.912871
 -1.33938
 -3.25849
 -1.75154
-0.792187
 0.266168
-0.919937
 -1.33956
 -3.32209
 -1.71127
-0.806527
 0.269129
-0.930271
 -1.34668
 -3.31509
 -1.71577
-0.836692
 0.268643
-0.919048
 -1.34161
 -3.33192
 -1.76572
-0.829438
 0.268304
-0.915237
 -1.34514
 -3.38612
  -1.7846
-0.861206
 0.255495
 -0.92825
 -1.34314
 -3.46526
 -1.77273
-0.863256
 0.267395
-0.927841
 -1.35354
  -3.4484
 -1.77113
-0.829426
 0.271945
-0.928505
 -1.35917
 -3.47758
 -1.78263
-0.890002
 0.271227
-0.926904
  -1.3555
 -3.48052
 -1.75918
-0.816007
 0.256322
-0.922012
 -1.35318
 -3.54272
 -1.80461
-0.882443
 0.268224
 -0.92057
 -1.36348
 -3.56774
 -1.80242
-0.855679
 0.272031
-0.925081
 -1.36089
 -3.55742
 -1.80201
-0.836141
 0.270392
-0.927847
 -1.35132
 -3.62989
 -1.80362
-0.857891
 0.265858
-0.950793
 -1.35762
 -3.68775
 -1.79538
-0.864947
 0.267702
-0.940377
 -1.36521
 -3.72487
 -1.83768
 -0.83622
  0.27694
-0.952994
 -1.35426
 -3.67297
 -1.84935
-0.876554
 0.272682
-0.937285
 -1.36612
 -3.68865
 -1.86044
-0.835907
 0.265334
-0.950567
   -1.362
 -3.69676
 -1.83504
 -0.84808
 0.273987
-0.949283
  -1.3623
 -3.76396
 -1.81511
-0.859014
   0.2809
-0.963859
   -1.346
 -3.76938
 -1.90246
-0.818103
 0.274808
-0.958855
 -1.36335
 -3.76357
 -1.85289
-0.862004
 0.262363
-0.962321
 -1.34514
  -3.7825
 -1.85952
-0.870859
 0.274119
 -0.96105
  -1.3592
 -3.82323
 -1.84954
-0.814955
 0.282619
-0.969162
 -1.37102
 -3.87215
  -1.8822
-0.857295
 0.266823
-0.963427
 -1.37157
 -3.86182
 -1.88211
-0.867129
 0.274039
-0.957815
 -1.36548
 -3.85041
   -1.868
-0.846417
 0.280287
-0.969227
 -1.35193
 -3.85859
  -1.8617
-0.876918
 0.276712
-0.967549
 -1.34882
 -3.92281
 -1.89402
-0.832495
 0.270868
-0.964599
 -1.35227
 -3.93789
 -1.88587
-0.881801
 0.271253
-0.965366
 -1.35772
 -3.90706
 -1.89314
-0.885981
 0.280524
-0.966157
 -1.37365
 -3.92568
 -1.90873
-0.847468
 0.280731
-0.974872
 -1.36928
 -3.96445
 -1.87054
-0.886496
 0.275533
-0.957298
  -1.3524
 -4.03141
 -1.93386
-0.835543
 0.281454
-0.984768
 -1.36695
 -3.99183
 -1.89178
-0.839302
 0.283299
-0.979364
 -1.35445
 -3.97538
 -1.88432
 -0.86719
  0.28298
-0.966027
 -1.36097
 -3.96506
 -1.92797
-0.854203
 0.272774
-0.972804
 -1.36459
 -3.98896
 -1.89801
-0.876764
 0.273144
-0.957941
 -1.36095
 -3.98759
 -1.93717
-0.872194
  0.28228
-0.965973
 -1.37241
 -3.93437
 -1.90726
-0.847708
 0.280972
-0.964351
 -1.37749
 -3.89048
  -1.8921
 -0.85804
 0.278154
-0.944594
 -1.36422
 -3.84548
 -1.88216
-0.865853
 0.273878
-0.942342
 -1.34842
 -3.86528
 -1.88592
-0.851346
  0.26846
-0.960838
 -1.35938
 -3.82782
 -1.86903
-0.848402
 0.271543
-0.954616
  -1.3494
 -3.83228
 -1.85047
-0.848107
 0.265287
-0.941324
 -1.35908
 -3.86851
 -1.87157
-0.855439
  0.27766
-0.957634
 -1.37058
 -3.91563
 -1.89144
-0.861367
 0.272755
 -0.94869
 -1.36749
 -3.95655
 -1.89323
-0.850216
 0.274303
 -0.96935
 -1.37025
 -3.93956
 -1.90373
-0.864555
 0.274377
-0.952311
 -1.37929
 -3.90958
 -1.89057
-0.868198
 0.277974
-0.952094
 -1.36727
 -3.92076
 -1.89527
 -0.86267
 0.280656
-0.962608
 -1.37723
 -3.95463
  -1.9018
-0.865502
 0.272934
-0.961427
 -1.36472
  -3.9251
 -1.89494
-0.864492
 0.274803
-0.948756
 -1.35403
 -3.92746
 -1.89339
 -0.85951
 0.271594
-0.954564
 -1.38288
 -3.93165
 -1.89286
-0.856867
  0.27703
-0.952293
 -1.35716
 -3.98987
 -1.90943
-0.870128
 0.277973
-0.954557
 -1.38021
 -4.00909
 -1.90731
-0.851011
 0.268998
-0.970453
 -1.37508
 -3.97472
 -1.90405
-0.861007
 0.272886
-0.965219
 -1.36576
 -3.95531
 -1.89815
-0.855525
 0.273347
-0.958068
 -1.35895
 -3.98343
 -1.90908
-0.851017
 0.285416
-0.969922
 -1.37205
 -3.99821
 -1.90835
-0.858871
  0.28223
-0.960297
  -1.3722
 -3.97159
 -1.89907
-0.856833
 0.276627
-0.963959
 -1.36864
 -3.96778
 -1.90617
-0.856684
 0.276185
-0.962603
 -1.37474
  -3.9456
 -1.89553
 -0.86347
 0.274482
-0.951118
 -1.35867
 -4.00345
 -1.91254
-0.861145
 0.279477
  -0.9601
 -1.38257
  -3.9873
 -1.91116
-0.856397
 0.278954
-0.971326
 -1.36759
 -3.95486
 -1.89911
-0.861319
 0.282309
-0.953138
 -1.36389
 -3.91936
 -1.88342
-0.857483
  0.27507
-0.951869
 -1.37013
 -3.92818
 -1.88957
 -0.85516
 0.276126
-0.955537
 -1.37654
 -3.93317
 -1.88647
-0.858474
 0.277165
-0.964451
 -1.36941
 -3.91645
 -1.89601
 -0.85234
 0.271872
-0.962357
 -1.36247
  -3.8885
 -1.87465
-0.859715
 0.271987
-0.953654
 -1.35569
 -3.89491
 -1.88267
-0.857005
 0.268089
-0.948546
 -1.34756
 -3.95306
 -1.89873
-0.861315
  0.27386
-0.953909
 -1.36617
 -3.97323
 -1.90993
-0.862076
 0.271833
-0.960729
 -1.37103
 -3.96506
 -1.91004
-0.863061
 0.268099
-0.963596
 -1.36727
 -3.97612
 -1.90634
-0.859964
 0.269602
-0.951629
 -1.36947
 -3.97318
 -1.90969
 -0.86782
 0.279977
-0.964203
 -1.37507
 -4.00089
 -1.91379
-0.853216
 0.286697
-0.972664
 -1.37423
 -3.96402
  -1.9049
-0.862235
 0.272722
-0.953637
 -1.36771
 -3.95328
 -1.89689
-0.862673
 0.281872
 -0.95151
 -1.36988
 -3.91996
 -1.88961
-0.849323
 0.275841
-0.972851
  -1.3657
 -3.93223
 -1.89827
-0.858342
 0.279584
-0.957004
 -1.38218
 -3.92559
 -1.89228
 -0.85942
 0.277399
-0.971759
 -1.37265
 -3.93029
  -1.8887
 -0.85756
 0.277935
-0.939118
 -1.37866
 -3.90727
 -1.89041
-0.864221
 0.278093
-0.953177
 -1.38354
  -3.9223
 -1.88914
-0.860573
 0.267817
-0.950475
    -1.37
 -3.97322
 -1.90125
-0.860977
 0.275318
-0.962869
 -1.35318
 -3.94829
 -1.89231
 -0.86368
 0.278025
-0.947532
 -1.35695
 -3.93762
 -1.88575
-0.861635
  0.27173
-0.958478
 -1.35939
 -3.95775
 -1.90435
 -0.85574
 0.274879
-0.952462
 -1.37546
 -3.96393
 -1.90459
-0.863504
 0.283148
-0.966883
 -1.37159
 -3.98569
 -1.90852
-0.853513
 0.275123
-0.956715
 -1.38327
 -3.95895
 -1.89941
-0.855699
 0.278182
-0.959623
 -1.36357
 -3.93534
 -1.89389
-0.858418
 0.283248
-0.965622
 -1.37714
 -3.93583
 -1.89998
-0.857127
 0.287708
 -0.96625
 -1.37769
 -3.95818
 -1.89425
-0.864878
 0.277473
-0.950159
 -1.36569
 -3.93668
 -1.88918
-0.854978
 0.271326
-0.957941
 -1.36836
 -3.92834
 -1.88913
 -0.85602
 0.274735
-0.954894
  -1.3625
 -3.92969
 -1.89182
-0.859456
 0.280714
-0.961402
 -1.37005
 -3.97128
  -1.9081
 -0.86015
 0.281114
-0.958331
 -1.37746
 -3.95414
 -1.90134
-0.852295
 0.284455
-0.956777
 -1.36075
 -3.93299
 -1.89565
-0.861616
 0.280424
-0.971319
 -1.37553
  -3.9184
 -1.88746
-0.867492
 0.279719
-0.957858
 -1.37361
 -3.94024
  -1.8906
-0.853795
 0.280659
-0.954624
 -1.36193
 -3.93881
  -1.8967
 -0.84895
 0.278312
-0.957036
 -1.35594
 -3.94344
 -1.89503
-0.857213
 0.275663
-0.957268
 -1.37708
 -3.90529
 -1.88097
-0.860684
 0.284519
-0.949869
 -1.35216
 -3.92129
  -1.8925
-0.849084
 0.274725
-0.961946
 -1.35811
 -3.95219
 -1.89347
 -0.86152
 0.276799
-0.960064
 -1.36581
 -3.95149
 -1.89697
-0.856793
 0.267188
-0.956329
 -1.36332
 -3.96803
  -1.9046
-0.860153
 0.279064
-0.956019
 -1.37169
 -3.96306
 -1.89956
-0.862575
 0.279685
-0.958929
 -1.37196
 -3.96401
 -1.90462
-0.865748
  0.27608
-0.955373
 -1.37417
  -3.9809
 -1.90335
-0.863138
 0.279714
-0.961985
 -1.35086
 -3.97357
 -1.90654
-0.856941
 0.285842
-0.960279
 -1.37885
 -3.93523
 -1.89441
-0.859611
 0.276673
-0.950526
 -1.38245
 -3.92161
 -1.89013
-0.853925
  0.28513
 -0.95744
 -1.36607
  -3.9471
 -1.89808
-0.857882
 0.268232
-0.960872
 -1.36411
 -3.93832
 -1.89154
 -0.86373
 0.270522
-0.958977
 -1.36413
 -3.92133
 -1.89148
-0.853824
 0.284722
 -0.96152
 -1.36428
 -3.89656
 -1.88311
-0.850804
  0.27403
-0.956415
 -1.37048
 -3.90317
 -1.88985
-0.853852
 0.283409
-0.969815
 -1.36532
 -3.91717
 -1.89209
-0.860404
 0.282048
-0.955964
 -1.36031
 -3.90594
 -1.88746
-0.853756
 0.272753
-0.949281
 -1.35777
 -3.90943
 -1.89067
-0.854755
 0.272166
-0.963845
 -1.36054
  -3.8968
  -1.8834
-0.854902
 0.265579
-0.955914
  -1.3566
 -3.94923
 -1.89691
 -0.86587
 0.279122
-0.951611
 -1.36326
 -3.94887
 -1.89868
-0.850135
 0.268737
-0.957901
 -1.36702
 -3.94196
 -1.89348
 -0.85921
 0.268407
-0.956289
 -1.36495
 -3.93635
 -1.89879
-0.854737
 0.277163
 -0.96986
 -1.37242
 -3.94023
 -1.89998
-0.863455
 0.278346
-0.955339
 -1.36114
  -3.9602
 -1.90212
-0.851388
 0.277436
-0.951366
 -1.37437
 -3.96062
   -1.893
-0.863763
 0.274882
-0.956813
 -1.36459
 -3.93999
 -1.89188
 -0.85738
 0.282384
-0.973304
 -1.37767
 -3.91502
 -1.88393
-0.859567
 0.275944
-0.943296
 -1.35955
  -3.9438
 -1.90168
-0.850224
 0.279826
-0.968723
  -1.3732
 -3.94841
 -1.90003
-0.862735
 0.278961
-0.957767
 -1.38079
 -3.93591
 -1.89174
-0.854904
 0.276724
 -0.95639
  -1.3651
 -3.92131
 -1.89151
-0.853837
 0.284732
-0.961509
 -1.36429
 -3.91411
 -1.89638
  -0.8535
 0.276839
-0.959042
 -1.36062
 -3.94543
 -1.89525
-0.860549
 0.280354
-0.963875
 -1.37421
 -3.92017
 -1.88941
-0.854826
 0.269059
-0.967601
 -1.36311
 -3.89614
 -1.88481
-0.857621
  0.27707
-0.956561
 -1.37782
 -3.88791
 -1.88537
-0.857367
 0.268849
-0.952821
 -1.37001
 -3.92587
 -1.89065
-0.852558
  0.27751
-0.966511
 -1.35863
 -3.91816
 -1.88785
-0.863914
 0.284501
-0.953774
  -1.3581
  -3.9226
 -1.88687
-0.858663
 0.278572
-0.965453
 -1.37758
 -3.90934
 -1.89137
-0.868538
 0.270021
-0.954235
  -1.3811
 -3.94275
 -1.89769
-0.857132
 0.277958
-0.960629
 -1.37596
 -3.94826
 -1.90151
 -0.86697
 0.272238
-0.952932
 -1.37455
 -3.93757
  -1.8937
 -0.85939
 0.274394
-0.952153
 -1.37031
 -3.96052
 -1.90052
-0.854913
 0.283092
-0.956594
 -1.37779
 -3.93811
 -1.90003
-0.860407
  0.27555
-0.956761
 -1.37756
 -3.95445
 -1.90181
-0.864721
 0.272746
-0.966252
 -1.37587
 -3.94253
 -1.89753
-0.852849
 0.288318
-0.968529
 -1.38045
 -3.93498
  -1.8956
-0.857083
 0.275549
-0.951486
 -1.36936
 -3.90807
 -1.88724
-0.860694
 0.275779
-0.955049
 -1.36827
 -3.90375
 -1.89634
-0.863788
 0.279074
-0.950934
 -1.37072
 -3.92869
 -1.89533
-0.850505
 0.282431
-0.969437
 -1.37425
 -3.91299
 -1.88381
-0.853844
  0.27338
-0.945123
 -1.35308
 -3.89808
 -1.87742
-0.849465
 0.270184
-0.957517
 -1.34931
 -3.92142
 -1.89107
-0.855176
 0.284225
 -0.96548
  -1.3753
 -3.93334
 -1.90144
-0.856056
 0.287446
 -0.96549
   -1.381
 -3.94522
 -1.89678
-0.856921
 0.268784
 -0.95184
  -1.3664
 -3.94439
 -1.89132
-0.867321
 0.279444
-0.959415
 -1.36999
 -3.91477
 -1.89466
-0.854856
 0.263666
-0.958188
  -1.3757
 -3.92758
 -1.89228
-0.867001
 0.279169
-0.947906
 -1.35452
 -3.96879
 -1.90128
-0.854764
 0.276906
-0.959503
 -1.37476
 -3.92454
 -1.88759
-0.852737
  0.27487
-0.961905
 -1.36209
  -3.9123
 -1.88658
-0.858425
   0.2743
 -0.94288
 -1.36346
 -3.92435
 -1.88838
-0.856075
 0.275918
-0.959968
 -1.36238
 -3.93845
 -1.89824
-0.861664
 0.280458
-0.959152
 -1.37882
   -3.924
 -1.89041
 -0.85512
 0.268833
-0.966771
 -1.37919
 -3.90472
 -1.89253
-0.859837
 0.272322
-0.959689
 -1.39392
 -3.92062
 -1.88693
-0.861877
 0.271445
-0.947705
 -1.37145
 -3.93426
 -1.88935
-0.856428
 0.279359
-0.950157
 -1.37808
 -3.93773
 -1.90206
-0.856765
 0.275585
 -0.97439
  -1.3689
 -3.95303
 -1.89784
-0.861703
 0.281185
 -0.96056
 -1.37917
  -3.9395
 -1.89347
-0.858409
 0.281607
 -0.95235
 -1.37233
 -3.93402
 -1.89166
-0.861615
 0.271732
-0.952994
 -1.36731
 -3.94946
 -1.89651
-0.869328
 0.272503
-0.947721
 -1.36984
 -3.94136
 -1.89545
-0.860427
  0.27234
 -0.95483
 -1.37051
 -3.94265
  -1.8902
-0.853752
 0.272178
-0.966311
 -1.36325
 -3.94461
 -1.88923
-0.843973
 0.276377
-0.955549
 -1.37041
 -3.93132
 -1.89442
-0.858024
 0.274073
-0.968722
 -1.36164
 -3.95537
 -1.89698
-0.859329
  0.27908
-0.963394
 -1.37163
  -3.9371
 -1.89534
-0.853779
 0.274872
-0.954757
 -1.37133
  -3.9275
 -1.89187
-0.858456
 0.279925
-0.952663
 -1.37296
 -3.90528
 -1.88908
-0.858578
 0.285016
 -0.95249
 -1.37197
   -3.918
  -1.8978
-0.858191
 0.274073
-0.964765
 -1.37638
 -3.91042
 -1.89384
-0.864007
 0.281421
-0.942449
 -1.37367
 -3.92556
 -1.89114
-0.853977
 0.279951
-0.953439
 -1.37077
 -3.89602
 -1.88546
-0.854141
 0.276572
-0.966333
 -1.37335
 -3.90738
 -1.88956
-0.856372
 0.277485
-0.957039
 -1.37876
 -3.93989
  -1.9007
 -0.85252
 0.277015
-0.957423
 -1.37348
 -3.92226
 -1.88778
-0.858303
 0.281564
-0.947745
 -1.35581
 -3.92868
 -1.88797
-0.866263
 0.274843
-0.954147
 -1.36821
  -3.9123
 -1.88711
-0.857327
 0.265761
-0.937536
 -1.36854
 -3.93276
 -1.88828
-0.854789
 0.270648
-0.954946
 -1.35471
 -3.96405
 -1.90458
-0.863562
 0.271312
-0.953641
 -1.37658
 -3.94008
 -1.89244
 -0.85804
 0.272756
-0.962331
 -1.35763
 -3.92138
 -1.88452
-0.861661
 0.267048
-0.952596
 -1.35858
 -3.94821
 -1.89258
-0.861691
 0.276086
-0.957604
  -1.3705
 -3.95733
  -1.8972
-0.854868
 0.278897
-0.962954
 -1.37176
 -3.91541
 -1.89061
-0.854767
 0.278968
-0.949794
 -1.35346
 -3.90527
 -1.89049
-0.858387
 0.271531
-0.955824
 -1.37248
 -3.88777
 -1.87692
-0.863326
 0.274814
-0.947416
 -1.36825
    -3.93
 -1.89023
-0.855167
 0.274671
-0.948967
  -1.3745
 -3.92676
 -1.89512
-0.857137
 0.280546
-0.961003
 -1.36973
 -3.91031
  -1.8857
-0.857762
 0.280483
-0.957389
 -1.38341
 -3.89875
 -1.88276
-0.855173
 0.277293
-0.962703
 -1.36269
  -3.9222
 -1.88929
-0.855998
   0.2711
-0.963837
 -1.36289
  -3.9256
 -1.89309
-0.858163
 0.265815
-0.970996
 -1.37074
 -3.93141
 -1.89375
-0.861578
 0.273637
-0.955161
 -1.36851
 -3.90892
 -1.88319
-0.856229
 0.280272
-0.955955
 -1.35732
 -3.93548
 -1.89311
-0.855048
 0.280356
-0.959705
 -1.37252
 -3.95298
 -1.89889
-0.869188
 0.277828
-0.957111
 -1.36562
 -3.95254
 -1.90038
-0.861252
 0.278502
-0.960653
 -1.36208
 -3.92613
 -1.88907
-0.860935
 0.278971
-0.954799
 -1.38076
 -3.92593
 -1.89078
-0.857141
 0.270243
-0.954077
 -1.36575
 -3.93055
 -1.88887
-0.858254
 0.275101
 -0.96726
 -1.36147
 -3.92273
 -1.89516
-0.857019
 0.270634
  -0.9443
 -1.36626
 -3.90996
 -1.88765
-0.860566
 0.279271
-0.951208
 -1.35922
 -3.93284
 -1.88737
 -0.85206
 0.266717
-0.946229
 -1.38455
 -3.90824
  -1.8866
-0.859598
 0.274546
-0.955912
 -1.36796
 -3.92471
 -1.89663
-0.855758
 0.264094
-0.964185
 -1.36829
 -3.91329
 -1.89122
-0.860516
 0.277284
-0.954519
 -1.36495
 -3.90649
 -1.89364
-0.860495
 0.278028
 -0.95835
 -1.36903
 -3.90534
 -1.88923
-0.850441
 0.277094
-0.949799
 -1.35881
 -3.91745
 -1.88248
-0.856375
 0.272589
-0.947379
 -1.36546
 -3.94258
 -1.89038
-0.860417
 0.273757
-0.954316
 -1.35885
 -3.92396
 -1.88996
-0.854774
 0.272241
-0.944853
 -1.35462
 -3.92704
  -1.8946
-0.858121
 0.275076
-0.961694
 -1.36478
  -3.9231
 -1.89374
-0.858232
  0.27622
-0.966938
 -1.36922
 -3.94072
 -1.89746
-0.854907
 0.282525
-0.979561
 -1.37548
 -3.94646
 -1.90004
-0.859259
 0.271222
-0.955758
 -1.37666
 -3.92426
 -1.89707
-0.854786
 0.277661
-0.961341
 -1.36875
 -3.89723
 -1.88057
-0.862886
 0.278431
-0.948745
 -1.35049
 -3.92027
 -1.88836
 -0.85159
 0.268289
-0.953172
 -1.36332
 -3.93866
  -1.8971
-0.853811
 0.277927
-0.955396
 -1.37424
 -3.92179
 -1.88979
-0.857492
 0.278517
-0.953664
 -1.37725
 -3.90646
  -1.8848
-0.857432
 0.281671
-0.961973
 -1.36494
 -3.91051
 -1.88604
-0.851572
 0.269287
-0.958154
 -1.35861
 -3.95091
 -1.89842
-0.861711
 0.271636
-0.945321
 -1.38253
 -3.94221
  -1.8994
-0.853629
 0.282306
-0.960892
 -1.36783
 -3.92887
 -1.89572
-0.859406
 0.270737
 -0.95576
 -1.37669
 -3.92568
 -1.89263
-0.859228
  0.27032
-0.977336
 -1.36563
 -3.93617
 -1.89907
 -0.85945
 0.280823
-0.966965
 -1.38158
 -3.95116
 -1.89647
-0.858453
 0.282874
-0.956365
 -1.37908
  -3.9342
 -1.89907
-0.858046
 0.276928
 -0.96265
 -1.36829
 -3.93398
 -1.89874
-0.849254
 0.288628
 -0.97644
 -1.37044
 -3.91836
 -1.88747
-0.855172
 0.271259
-0.953739
 -1.37209
 -3.93971
 -1.89313
-0.859565
 0.278017
-0.960961
 -1.37632
 -3.93272
 -1.89678
-0.861466
 0.275338
-0.955984
 -1.36746
 -3.90607
  -1.8864
-0.858397
  0.27684
-0.942039
 -1.35955
 -3.90706
 -1.89072
-0.858495
 0.277154
-0.943575
 -1.37285
 -3.90094
 -1.88962
-0.852879
 0.283823
-0.948506
 -1.36631
 -3.92545
 -1.89235
-0.861629
 0.278471
-0.957916
 -1.36616
 -3.93127
 -1.89271
-0.854061
 0.286046
-0.960217
 -1.37517
 -3.91832
 -1.88799
-0.851462
 0.269824
-0.959363
 -1.35627
   -3.894
 -1.88549
-0.855259
 0.270575
-0.953673
 -1.37401
 -3.92616
 -1.88884
-0.856308
 0.279381
-0.956649
 -1.37166
 -3.93374
 -1.89279
-0.856983
 0.271731
-0.959049
 -1.36101
   -3.944
 -1.89241
-0.867493
 0.279292
-0.947397
 -1.37786
 -3.92291
 -1.89419
-0.857225
 0.275764
-0.959578
 -1.37437
 -3.95143
 -1.89625
-0.863923
 0.277951
-0.958838
 -1.37625
 -3.94548
 -1.89591
 -0.85892
 0.273766
-0.965391
 -1.35158
 -3.93597
 -1.89176
-0.862985
 0.276587
-0.961062
 -1.37821
 -3.90462
 -1.88432
-0.859604
 0.275178
-0.952906
 -1.36285
 -3.93884
 -1.89568
-0.851688
 0.283527
 -0.95513
 -1.37369
 -3.92321
 -1.88501
-0.861747
 0.271463
 -0.95292
 -1.36087
 -3.92962
 -1.89167
-0.857348
 0.278114
 -0.95097
 -1.37273
 -3.90204
 -1.88655
-0.863977
 0.275746
 -0.94906
 -1.36181
 -3.89313
 -1.89008
-0.855849
 0.264671
-0.958115
 -1.35998
 -3.90283
 -1.88305
-0.854087
 0.275844
-0.962358
  -1.3647
 -3.91812
 -1.88886
-0.854839
 0.271815
-0.961323
 -1.35873
 -3.90279
 -1.88331
 -0.86288
 0.277229
-0.949182
 -1.35568
 -3.89554
 -1.87922
 -0.85734
 0.273166
-0.951532
 -1.35253
 -3.91206
 -1.88752
-0.857246
 0.280484
-0.962147
 -1.36097
 -3.92898
 -1.89504
-0.862869
 0.270307
 -0.94207
 -1.37899
 -3.93199
 -1.89097
-0.857058
 0.276769
-0.956383
 -1.35818
  -3.9198
 -1.89032
-0.854987
 0.266082
-0.944005
 -1.36903
 -3.90047
 -1.88348
-0.851803
 0.280517
-0.952572
 -1.35881
 -3.92046
 -1.89568
-0.862688
 0.277052
-0.946742
 -1.36866
 -3.92729
 -1.89294
-0.863932
 0.282686
-0.957188
 -1.36842
 -3.90612
 -1.88695
-0.852816
 0.267479
-0.951391
  -1.3666
 -3.91157
 -1.89088
-0.860536
  0.26478
-0.956453
 -1.37176
 -3.90548
 -1.88088
-0.856248
 0.270925
-0.947424
 -1.35694
 -3.91885
 -1.89385
-0.858288
 0.276279
-0.956012
 -1.37018
 -3.93701
 -1.89558
 -0.85624
 0.275614
-0.957843
 -1.38266
 -3.92897
 -1.89513
-0.858154
 0.275446
-0.963029
 -1.36703
 -3.89022
 -1.88382
-0.854005
 0.273602
 -0.95449
 -1.36225
 -3.89945
 -1.88828
-0.857165
 0.278242
 -0.95428
 -1.35851
 -3.91816
 -1.88865
 -0.85482
 0.268983
-0.949753
 -1.35678
 -3.90218
 -1.88616
-0.862837
 0.278285
-0.965271
 -1.36105
 -3.92584
 -1.89015
-0.856439
 0.278009
-0.957219
 -1.38144
 -3.89729
 -1.88941
 -0.86162
 0.273018
-0.956169
 -1.36354
 -3.94208
 -1.89179
 -0.85286
 0.272514
-0.950706
 -1.37387
 -3.92742
 -1.89256
-0.857078
 0.278297
-0.957342
 -1.36171
 -3.93053
 -1.89665
-0.856144
 0.276784
 -0.95733
 -1.37935
 -3.91837
 -1.88737
-0.850529
 0.273559
-0.963257
 -1.36276
 -3.92629
 -1.89683
-0.866465
 0.281476
-0.952811
 -1.39101
 -3.93293
 -1.89534
-0.859164
 0.280954
-0.955455
 -1.35774
 -3.93304
 -1.89389
-0.845152
 0.278955
-0.955677
 -1.38074
 -3.91375
  -1.8895
-0.859672
 0.275231
-0.964142
 -1.37752
  -3.8982
 -1.88528
-0.855046
 0.273641
-0.959416
 -1.36175
 -3.92251
 -1.88775
-0.861806
 0.275614
-0.964232
 -1.36868
 -3.92146
 -1.89248
-0.856982
 0.268691
-0.959673
 -1.36226
 -3.90062
  -1.8841
-0.860657
 0.272594
-0.954246
  -1.3608
 -3.89735
 -1.88036
-0.856385
 0.270915
-0.954324
 -1.36425
 -3.91571
 -1.88952
-0.865326
 0.280909
-0.957268
 -1.37727
 -3.92877
 -1.89525
-0.854711
 0.277357
-0.947663
 -1.35872
 -3.92849
 -1.89687
-0.854851
 0.275715
-0.964712
  -1.3726
 -3.92907
 -1.88624
-0.854916
 0.274112
 -0.96363
 -1.35615
 -3.91608
 -1.88865
-0.857388
 0.273117
-0.967107
 -1.37456
 -3.95317
 -1.89705
-0.858528
 0.279194
-0.958838
 -1.38588
 -3.92749
 -1.89274
-0.857017
 0.276147
-0.966017
 -1.36145
 -3.92784
 -1.89074
-0.858425
 0.278202
-0.957108
 -1.36992
 -3.91538
 -1.89158
-0.857974
  0.27289
-0.953625
 -1.35127
 -3.90998
 -1.88887
-0.860363
 0.262959
-0.942965
 -1.35777
 -3.92363
   -1.891
-0.860472
 0.279027
-0.948635
 -1.35928
 -3.90208
 -1.88559
-0.856363
 0.280069
-0.956133
 -1.36839
 -3.88919
  -1.8801
-0.865224
 0.272297
-0.947916
 -1.35797
  -3.9006
 -1.89195
-0.856243
 0.277306
 -0.95682
 -1.37609
 -3.90517
  -1.8823
-0.858607
 0.269356
-0.946936
 -1.36669
  -3.9202
 -1.89696
-0.862553
 0.275704
 -0.94692
  -1.3647
 -3.91274
 -1.88502
-0.857491
 0.274156
-0.960027
 -1.37123
 -3.89833
 -1.88494
-0.862766
 0.274724
-0.951015
 -1.35459
 -3.92373
 -1.89119
-0.858351
 0.273954
 -0.96354
 -1.37036
 -3.94243
  -1.8987
-0.860393
 0.285918
-0.968958
 -1.36909
 -3.93331
 -1.89403
-0.854976
 0.275541
-0.963567
 -1.37304
 -3.93578
 -1.89209
-0.859753
 0.276328
-0.954759
 -1.38339
 -3.90814
  -1.8875
-0.865092
 0.270422
 -0.95001
 -1.36601
  -3.9462
 -1.89945
-0.858461
  0.28898
-0.964289
 -1.38305
 -3.91384
 -1.88956
-0.863787
 0.272981
-0.953828
 -1.35935
   -3.938
  -1.8917
-0.856045
 0.274734
-0.953615
 -1.36485
 -3.90106
 -1.88141
-0.858671
 0.279544
  -0.9538
 -1.36422
 -3.92314
 -1.90098
 -0.85696
 0.286471
-0.961951
 -1.36828
 -3.91237
  -1.8866
 -0.86417
 0.276254
-0.956151
  -1.3718
 -3.91712
 -1.89078
-0.856396
 0.293784
-0.963772
 -1.37338
 -3.89855
 -1.88475
-0.856213
 0.263162
 -0.95761
 -1.36832
 -3.90818
 -1.88678
-0.859686
 0.276438
-0.963696
 -1.37233
 -3.92002
 -1.88836
 -0.85379
 0.280242
-0.948814
 -1.35425
 -3.92075
 -1.88607
-0.855973
  0.27563
-0.952914
 -1.35051
 -3.92478
 -1.88632
-0.852866
 0.275298
-0.957799
 -1.36389
 -3.91264
 -1.88554
-0.856019
 0.275628
-0.959683
 -1.35324
 -3.92187
 -1.88982
-0.859336
 0.277419
-0.948168
 -1.35672
 -3.94259
 -1.89806
-0.868648
  0.27724
-0.939347
 -1.39006
 -3.93706
 -1.89563
-0.855924
  0.27659
-0.961212
 -1.36651
 -3.92003
 -1.88833
-0.851875
 0.276366
-0.951405
 -1.37257
 -3.91604
 -1.88847
-0.854941
 0.277379
-0.966763
 -1.36088
 -3.94518
 -1.89521
-0.848529
  0.28089
-0.961913
  -1.3841
 -3.90814
 -1.88693
-0.853958
 0.271402
-0.955306
 -1.36615
 -3.92406
 -1.88911
-0.855292
 0.278294
-0.964416
 -1.37866
 -3.91437
 -1.88674
-0.857247
 0.277229
-0.960278
 -1.36039
 -3.92587
 -1.89019
-0.858544
 0.276883
-0.952124
 -1.37466
 -3.91411
  -1.8953
-0.856038
 0.287048
-0.959648
 -1.36683
  -3.8997
 -1.88831
-0.857221
 0.264211
-0.949892
 -1.36779
 -3.90142
 -1.88835
-0.860854
 0.280995
 -0.95376
 -1.37418
 -3.90073
 -1.88303
-0.855158
 0.273896
-0.948562
 -1.36081
  -3.9352
 -1.89389
-0.858362
 0.285466
-0.956611
 -1.36827
  -3.9214
  -1.8919
-0.860292
 0.279202
-0.955138
 -1.35284
 -3.92612
 -1.88908
-0.850537
 0.275299
-0.952018
 -1.36308
 -3.92005
 -1.88913
-0.855082
 0.268388
-0.947583
  -1.3706
 -3.94259
 -1.89761
-0.857409
 0.280117
-0.952181
  -1.3854
 -3.93054
 -1.89666
-0.853728
 0.278889
-0.965789
    -1.37
 -3.92607
 -1.89759
 -0.85912
  0.28386
-0.950473
  -1.3575
 -3.93454
  -1.8891
-0.861795
 0.273518
-0.948575
  -1.3685
 -3.91205
  -1.8866
-0.844101
 0.277865
-0.953422
 -1.37076
 -3.92022
 -1.88726
-0.854098
 0.283471
-0.956559
 -1.36716
 -3.91076
 -1.89315
-0.855987
 0.275542
-0.959803
 -1.36618
 -3.91911
 -1.89312
-0.854909
 0.271193
-0.958949
 -1.36986
 -3.91731
 -1.89166
-0.861842
 0.275628
-0.953368
 -1.37611
 -3.91928
 -1.89187
-0.857377
 0.275443
-0.952931
 -1.37624
 -3.93025
 -1.89696
-0.848295
 0.284755
-0.967212
 -1.37502
 -3.90935
 -1.88273
-0.857272
 0.265769
 -0.95501
 -1.35928
 -3.92624
 -1.88849
-0.861936
 0.281601
-0.953327
  -1.3713
 -3.91574
  -1.8897
-0.855034
 0.275064
-0.963436
 -1.36849
 -3.91283
 -1.89274
-0.852594
 0.277968
-0.958044
 -1.36142
 -3.95052
 -1.89969
 -0.86172
 0.274328
-0.944611
 -1.38319
 -3.93247
 -1.88842
-0.855159
 0.280615
-0.960968
 -1.36833
 -3.90036
 -1.88515
-0.858399
 0.269542
-0.947943
 -1.36167
 -3.93547
 -1.89337
-0.859431
 0.279985
-0.957435
  -1.3679
 -3.91318
 -1.89135
-0.854672
 0.276315
-0.944842
 -1.34966
 -3.91433
 -1.89538
-0.853435
 0.281073
-0.969996
 -1.35281
 -3.92026
 -1.88807
-0.857579
  0.27048
 -0.95037
  -1.3813
 -3.89512
 -1.88062
-0.859751
 0.275645
-0.950028
 -1.36233
 -3.93098
 -1.89466
-0.852812
 0.278049
-0.962714
 -1.37606
   -3.929
 -1.89397
-0.850338
 0.281945
 -0.96103
 -1.36012
 -3.89714
 -1.88019
-0.854349
 0.279192
 -0.95349
 -1.36894
 -3.92799
 -1.89027
-0.859585
 0.277709
-0.960818
 -1.37176
 -3.90678
 -1.89221
-0.858209
 0.278658
-0.955047
 -1.36169
 -3.92327
 -1.89217
-0.853945
 0.281074
-0.963951
 -1.37111
 -3.90565
 -1.88742
-0.849519
 0.283147
-0.957135
 -1.36229
 -3.92506
 -1.89389
-0.858409
 0.270915
-0.945391
 -1.37673
 -3.93545
 -1.89327
-0.857295
 0.280174
-0.958625
 -1.37251
 -3.94667
 -1.89789
-0.856314
 0.278664
-0.951842
 -1.38742
 -3.92005
 -1.88775
-0.852946
  0.28397
 -0.95284
 -1.36532
 -3.90963
 -1.88788
-0.855347
 0.283242
-0.945207
 -1.37363
 -3.90629
 -1.88602
-0.861433
 0.276186
-0.944158
 -1.34304
 -3.91948
 -1.89067
-0.857283
 0.282752
-0.959013
 -1.36627
  -3.9307
 -1.89627
-0.861775
  0.27401
-0.951251
 -1.38136
 -3.91501
 -1.88411
-0.857409
 0.274009
-0.953121
 -1.36393
 -3.92258
 -1.88706
-0.857368
 0.269395
-0.939439
 -1.36723
 -3.88156
 -1.88463
-0.858566
 0.283041
 -0.95252
 -1.36347
 -3.90816
  -1.8871
-0.858379
 0.270071
-0.949283
 -1.36392
 -3.92296
 -1.88533
-0.868802
 0.278946
-0.948105
 -1.37461
 -3.90948
 -1.88204
-0.860643
 0.265345
 -0.94119
 -1.35699
 -3.89065
 -1.88137
 -0.85648
 0.280167
-0.951917
 -1.36561
  -3.9296
  -1.8924
-0.856096
 0.272425
-0.956924
  -1.3706
   -3.927
 -1.89454
   -0.856
 0.275275
-0.962866
  -1.3694
 -3.92821
 -1.88934
-0.856173
 0.274779
-0.954955
 -1.36712
 -3.93101
 -1.89394
-0.853897
 0.283762
-0.956484
 -1.36903
 -3.90681
 -1.89217
-0.856206
 0.274791
-0.957507
 -1.37543
 -3.94794
  -1.8939
-0.861483
 0.274757
 -0.95763
 -1.36196
 -3.92673
 -1.88775
-0.858331
 0.267492
-0.954255
 -1.36415
 -3.90936
 -1.88998
-0.853839
 0.278093
-0.958891
 -1.36273
 -3.92336
 -1.89174
-0.859615
 0.282339
-0.956871
 -1.37315
 -3.90004
 -1.88588
-0.857356
 0.277859
-0.958681
 -1.36401
 -3.91949
 -1.89131
-0.855985
 0.276114
-0.961079
 -1.36196
 -3.90158
  -1.8879
-0.851544
 0.277768
-0.958477
 -1.35593
 -3.89762
  -1.8878
-0.855094
  0.26997
-0.956394
 -1.36997
 -3.91302
 -1.89215
 -0.86409
  0.27927
-0.956722
 -1.37659
 -3.94367
  -1.8937
-0.863023
 0.281166
 -0.96138
  -1.3805
 -3.90839
 -1.88557
-0.861839
 0.281663
-0.961047
 -1.36256
 -3.92702
 -1.88598
-0.859851
 0.272374
-0.957044
 -1.37916
 -3.91037
 -1.88556
-0.865577
 0.283464
-0.956764
 -1.38063
 -3.93905
 -1.89578
-0.866415
 0.274966
-0.942309
 -1.38712
 -3.93563
 -1.89173
-0.852941
 0.285968
-0.959421
 -1.37199
  -3.9248
 -1.89463
-0.857549
 0.274224
-0.953631
 -1.39059
 -3.90911
 -1.89124
 -0.85603
 0.274647
-0.950475
 -1.36354
 -3.92135
 -1.89055
-0.848465
 0.286052
-0.955917
  -1.3689
 -3.92873
 -1.89592
-0.859403
 0.277631
-0.966169
 -1.37412
 -3.93172
 -1.89235
 -0.85724
 0.271352
-0.958083
 -1.37251
 -3.89288
 -1.88059
-0.858802
 0.279806
-0.944218
 -1.36744
 -3.91273
 -1.89351
-0.858274
 0.271932
-0.944745
 -1.36885
 -3.90852
 -1.88524
-0.857264
 0.276129
-0.956374
 -1.35822
 -3.91482
 -1.89286
 -0.85614
 0.281677
-0.961164
 -1.37011
 -3.90401
 -1.88619
-0.854013
 0.283483
-0.969831
 -1.36346
 -3.89274
 -1.88172
-0.854018
  0.27576
-0.951164
 -1.35651
 -3.90191
 -1.87891
-0.858512
 0.269206
-0.952159
 -1.35612
 -3.92473
 -1.89456
-0.844762
 0.276688
-0.958324
 -1.36359
 -3.93533
 -1.89446
 -0.86736
 0.276587
-0.954645
 -1.37725
 -3.93171
 -1.89166
-0.858547
 0.277064
-0.952109
 -1.37465
  -3.9055
 -1.88929
-0.856121
 0.275041
-0.963942
 -1.36252
 -3.92102
  -1.8936
 -0.85501
 0.270662
-0.956376
 -1.36993
 -3.89836
 -1.88393
 -0.85755
 0.276051
-0.945574
 -1.36377
 -3.88822
 -1.88228
-0.848732
 0.278625
-0.946561
 -1.36463
   -3.864
 -1.87106
-0.841055
 0.276072
 -0.94518
 -1.34896
 -3.87897
 -1.87968
-0.866731
 0.267298
-0.946036
 -1.36812
 -3.82384
 -1.86578
-0.848177
 0.281515
-0.954106
 -1.36424
 -3.77909
 -1.84485
-0.832106
 0.269764
-0.936776
 -1.36346
 -3.68129
 -1.83681
-0.820103
 0.276658
 -0.93564
  -1.3558
 -3.64291
 -1.84336
-0.852403
 0.271593
-0.932433
 -1.35939
 -3.59846
 -1.81106
-0.833711
 0.277068
-0.928094
 -1.36905
 -3.56169
 -1.80936
-0.834827
 0.274582
-0.927648
 -1.36795
 -3.54223
 -1.80432
-0.847517
 0.274526
-0.915457
 -1.35405
  -3.5281
 -1.78421
-0.815066
 0.268926
-0.921744
 -1.35935
 -3.50764
 -1.77602
-0.845341
 0.268761
-0.908199
 -1.35439
 -3.50508
 -1.79473
-0.843726
 0.270861
-0.905307
 -1.36351
 -3.44035
 -1.80767
-0.849879
 0.256058
-0.921128
 -1.37604
 -3.41371
 -1.73645
-0.862575
  0.27256
-0.909059
  -1.3527
 -3.34965
 -1.74362
-0.836255
 0.269497
-0.901153
 -1.35378
 -3.34834
 -1.75862
-0.834047
 0.263391
-0.900333
 -1.35631
 -3.34258
 -1.76625
-0.842289
 0.269318
-0.924135
 -1.35444
 -3.32016
 -1.75568
 -0.83185
 0.260022
-0.907515
 -1.35803
 -3.30193
 -1.71767
-0.811489
 0.262413
-0.905755
 -1.37579
 -3.30041
 -1.75057
-0.819519
 0.268651
-0.905905
 -1.35409
 -3.30017
 -1.75497
-0.841405
 0.255296
-0.931022
 -1.36308
  -3.2346
 -1.74207
-0.835606
  0.25747
-0.912883
 -1.36817
  -3.2217
 -1.68348
-0.830921
  0.25921
-0.911609
 -1.35646
 -3.18467
 -1.67519
-0.856247
 0.265152
-0.907831
 -1.34174
  -3.1715
 -1.74496
-0.810189
 0.264021
-0.913423
   -1.337
 -3.12373
 -1.70321
-0.833194
  0.26389
-0.910719
 -1.34704
 -3.11265
  -1.6945
-0.787993
 0.270293
-0.918916
 -1.33058
 -3.05183
 -1.68922
-0.805166
 0.272534
-0.909749
 -1.34375
 -3.04249
  -1.6631
-0.844565
 0.254017
-0.900752
 -1.32609
 -3.02795
 -1.69374
-0.808615
 0.265077
-0.898979
  -1.3579
 -2.97142
 -1.63739
 -0.83078
 0.270706
-0.886097
 -1.33043
 -2.95016
 -1.63966
-0.829756
 0.270355
-0.893456
 -1.34527
 -2.90905
 -1.62989
-0.832237
 0.268046
 -0.88904
 -1.35678
 -2.89584
 -1.67602
-0.827869
 0.271166
-0.889733
 -1.33424
 -2.85197
 -1.64212
-0.799866
 0.265718
-0.888205
 -1.33192
 -2.83827
 -1.60685
-0.840556
 0.254231
-0.874321
 -1.34516
 -2.79432
 -1.62408
-0.822988
 0.269492
-0.884525
 -1.34272
 -2.77947
 -1.65844
-0.781624
 0.263551
-0.900293
 -1.34163
 -2.79459
 -1.56359
-0.816051
 0.257932
-0.892073
 -1.33517
 -2.75176
 -1.63572
-0.766619
 0.252751
-0.885053
 -1.33796
  -2.6619
 -1.57415
-0.838485
 0.253344
-0.866574
 -1.31631
 -2.64166
  -1.5695
-0.788704
 0.250783
-0.870264
  -1.3238
  -2.6592
 -1.57317
-0.812683
 0.269265
-0.870337
 -1.32697
  -2.6113
 -1.56809
-0.841798
 0.253141
-0.847269
 -1.32713
 -2.54829
  -1.5853
-0.785922
 0.255272
-0.851159
 -1.33653
 -2.51048
 -1.55871
-0.872766
 0.243913
-0.835125
 -1.34502
 -2.52103
 -1.52694
-0.783479
  0.25009
 -0.84063
 -1.32472
 -2.50664
 -1.53524
-0.801934
 0.253301
-0.847201
  -1.3476
 -2.47098
 -1.51288
-0.812055
 0.248784
-0.847935
 -1.30864
 -2.45946
 -1.56618
 -0.78888
 0.258657
-0.844597
 -1.34099
 -2.43053
 -1.50662
-0.805486
 0.252632
-0.827418
 -1.31871
 -2.44654
 -1.53578
-0.822146
 0.254931
-0.832386
 -1.31781
 -2.43768
   -1.502
 -0.78575
 0.251864
-0.838395
 -1.33466
  -2.3955
 -1.50484
-0.775797
 0.244107
-0.829522
 -1.33503
  -2.3634
 -1.47692
 -0.80872
 0.239025
-0.825837
 -1.31925
 -2.35591
 -1.53234
 -0.81044
 0.248022
-0.820593
 -1.33215
 -2.34704
 -1.52486
 -0.79403
 0.260059
-0.843551
 -1.33211
 -2.28584
 -1.49404
 -0.74677
 0.244553
-0.834261
 -1.32556
  -2.2899
 -1.48766
-0.783415
 0.253285
-0.848309
 -1.32623
 -2.22251
 -1.46824
-0.800142
 0.241829
-0.819313
 -1.31355
 -2.26733
 -1.51279
-0.794607
 0.254019
-0.834221
 -1.32434
 -2.22454
  -1.4858
-0.823581
 0.247339
-0.826577
 -1.33147
 -2.17649
 -1.43496
 -0.80267
 0.247925
-0.815302
 -1.32627
 -2.19669
 -1.45607
 -0.82111
 0.253596
-0.827603
 -1.30463
 -2.19462
 -1.45959
  -0.7399
  0.26041
-0.841605
 -1.31059
 -2.19647
 -1.45362
-0.764862
 0.254177
-0.847264
 -1.30607
 -2.11125
 -1.42928
-0.761452
 0.240555
-0.825482
 -1.31486
 -2.07733
 -1.45585
-0.728268
 0.249536
-0.828998
 -1.33056
  -2.0554
 -1.42291
-0.791366
 0.231027
-0.806746
 -1.30365
 -2.05351
 -1.40031
-0.747157
  0.24884
 -0.80946
 -1.31415
  -2.0184
 -1.40293
-0.787927
 0.242623
-0.811365
 -1.29873
 -2.00685
 -1.44138
-0.772478
 0.237297
-0.809378
 -1.31673
 -1.99056
 -1.39543
-0.747327
 0.245085
-0.811666
 -1.30104
 -1.95233
 -1.42518
-0.760042
 0.246176
-0.795236
 -1.31499
 -1.90737
 -1.37607
-0.823431
 0.230276
-0.775496
 -1.29211
 -1.90749
 -1.43215
-0.760217
 0.233771
-0.784411
 -1.30313
 -1.89847
 -1.36747
-0.777102
  0.23447
 -0.79887
 -1.29329
 -1.86875
 -1.38701
-0.778933
 0.238799
-0.795967
 -1.30593
 -1.85502
 -1.39306
-0.787049
 0.236543
-0.774732
 -1.27857
 -1.89288
 -1.38803
-0.745528
 0.239398
-0.788215
 -1.30576
 -1.86161
 -1.36301
-0.746641
  0.24181
-0.796183
 -1.31123
 -1.79501
 -1.33213
-0.785024
 0.237926
-0.765335
  -1.2784
 -1.80109
 -1.39982
-0.755243
 0.234825
 -0.77702
 -1.29904
  -1.8369
 -1.35502
-0.762564
 0.230356
-0.789141
 -1.28919
 -1.76979
 -1.34796
-0.747428
 0.240451
-0.781363
 -1.29273
 -1.74972
 -1.37212
-0.768862
 0.236644
-0.764777
 -1.29204
 -1.73144
 -1.37173
-0.803832
 0.237059
-0.763637
 -1.29676
 -1.75509
 -1.35729
-0.750936
  0.23327
-0.780819
 -1.29415
 -1.78258
   -1.354
-0.744552
 0.230689
-0.762072
 -1.29276
 -1.71291
 -1.35389
-0.794594
 0.225672
-0.760747
  -1.2958
 -1.65285
 -1.37839
-0.780166
 0.232633
-0.760867
 -1.28301
 -1.65783
 -1.29435
-0.720717
 0.232839
-0.764173
 -1.27389
 -1.63836
 -1.30885
 -0.77601
 0.230523
-0.750391
 -1.28488
 -1.67697
 -1.35379
-0.764747
  0.23497
-0.769952
 -1.29662
 -1.64485
 -1.32387
-0.746445
 0.227164
 -0.76773
 -1.28297
  -1.5872
 -1.29378
-0.713728
 0.237127
-0.743297
 -1.26466
   -1.548
    -1.34
-0.790472
 0.238967
-0.757431
 -1.29521
 -1.57683
 -1.33781
-0.731308
 0.240864
-0.768759
 -1.28676
 -1.60708
   -1.316
-0.724125
 0.230097
-0.764109
 -1.28505
 -1.59369
 -1.32077
 -0.73848
 0.226093
-0.753641
 -1.29073
  -1.5644
 -1.33244
-0.794847
 0.239294
-0.756761
 -1.28715
-1.56903
 -1.3436
-0.71453
0.228681
-0.75184
-1.30781
 -1.59845
 -1.29334
-0.772843
 0.228694
-0.748101
 -1.28471
 -1.57324
 -1.32562
-0.712409
 0.233889
-0.743167
 -1.27645
 -1.54931
 -1.31599
-0.757259
 0.237034
-0.759906
 -1.28312
 -1.61914
 -1.33705
-0.764183
 0.224861
-0.759191
 -1.27522
 -1.63831
 -1.31648
-0.742679
 0.226863
-0.767755
 -1.26885
 -1.65141
 -1.35711
-0.765926
 0.229724
-0.756631
 -1.27165
 -1.69985
 -1.32724
-0.768416
 0.241585
 -0.76619
 -1.28815
  -1.8031
 -1.38875
-0.764102
 0.235603
-0.764327
 -1.28897
 -1.84715
  -1.3609
-0.768482
 0.239732
-0.787489
 -1.28339
 -1.89876
 -1.41071
-0.721794
 0.240734
-0.772663
  -1.2671
 -1.90452
 -1.38951
-0.765164
 0.238033
-0.786053
  -1.2812
 -1.92136
 -1.43052
-0.767281
 0.240987
-0.772162
 -1.29411
 -2.00911
 -1.42669
-0.733789
 0.242111
-0.805757
 -1.28267
 -2.08449
 -1.45825
-0.752967
 0.240803
-0.789693
 -1.29039
 -2.11115
  -1.4532
-0.792198
 0.239724
 -0.79584
 -1.29628
 -2.18624
 -1.47503
-0.768166
 0.242408
-0.794741
 -1.29219
 -2.31893
 -1.50854
-0.774602
 0.245925
-0.811022
 -1.31894
 -2.38288
 -1.51906
 -0.77011
 0.245209
-0.807196
 -1.28934
 -2.43757
 -1.50674
-0.764182
 0.244967
-0.813052
  -1.2935
 -2.52908
 -1.55845
-0.813301
 0.251338
-0.821966
 -1.30864
 -2.57362
 -1.56345
-0.816271
  0.24758
-0.818885
 -1.30111
 -2.72599
 -1.57237
-0.744133
 0.244012
-0.837787
 -1.32511
  -2.8239
 -1.65265
-0.842823
 0.240819
 -0.83444
 -1.31145
 -2.85629
 -1.65202
-0.799715
 0.252392
-0.830497
 -1.31215
  -2.9357
 -1.63037
-0.758236
  0.25009
-0.841692
 -1.31532
  -3.0312
 -1.74361
-0.801438
 0.248016
-0.844301
 -1.32712
 -3.08078
 -1.70299
-0.851174
 0.248858
-0.832298
 -1.33897
 -3.17309
 -1.71201
-0.774978
 0.249972
-0.847361
 -1.33376
  -3.2412
 -1.78513
-0.861726
 0.260375
-0.847267
 -1.34356
 -3.33983
 -1.76113
-0.828711
 0.263854
-0.860805
 -1.32876
 -3.45383
 -1.76801
-0.793712
 0.265967
-0.873303
 -1.32931
 -3.54481
 -1.87124
-0.794857
 0.269417
-0.875727
 -1.35521
 -3.59866
 -1.82334
-0.830133
 0.256638
-0.878376
 -1.32654
 -3.70046
 -1.87105
-0.797034
 0.269505
-0.888166
 -1.33361
 -3.82076
 -1.93092
-0.801481
 0.269349
-0.895473
 -1.32851
 -3.96799
 -1.87312
-0.844699
 0.260646
-0.898808
 -1.32512
 -4.05693
 -2.00066
-0.810971
 0.267911
-0.914461
 -1.33882
  -4.1352
 -1.96881
 -0.79474
   0.2569
-0.916401
  -1.3247
 -4.23396
  -2.0071
-0.847266
 0.269387
-0.909147
  -1.3375
 -4.40984
  -2.0754
-0.819288
 0.268389
-0.922623
 -1.34056
 -4.54347
 -2.07054
-0.816034
 0.275649
 -0.93788
 -1.33132
 -4.63524
 -2.14772
-0.861372
 0.267079
  -0.9261
 -1.33142
 -4.76089
 -2.14566
-0.774538
 0.276823
-0.945544
 -1.33595
 -4.83075
 -2.18515
-0.825374
 0.277056
-0.938347
  -1.3392
 -4.96893
 -2.21453
-0.855798
 0.280002
 -0.93707
 -1.34415
 -5.10206
 -2.26207
-0.813133
 0.275892
 -0.95645
 -1.35235
 -5.23138
 -2.26867
-0.855653
 0.274732
-0.949594
 -1.34949
 -5.32313
 -2.31604
-0.822714
 0.272082
-0.944152
  -1.3629
 -5.44003
 -2.35381
-0.801895
 0.279324
-0.945075
 -1.35191
 -5.59564
 -2.42428
-0.852231
 0.273633
-0.943806
 -1.35691
 -5.68628
 -2.42387
 -0.80534
 0.277145
-0.953635
 -1.34833
 -5.84002
 -2.45564
-0.806475
  0.28592
-0.959256
 -1.33099
-6.00314
 -2.5374
-0.85206
0.278203
-0.95546
-1.34969
 -6.16275
 -2.55822
-0.761705
 0.279755
-0.966989
 -1.35212
 -6.26375
 -2.65864
-0.826073
 0.272621
 -0.95811
 -1.36102
 -6.39985
 -2.66924
-0.831547
 0.275739
-0.949399
 -1.36141
 -6.57259
 -2.67327
-0.791975
 0.274654
 -0.97064
 -1.33518
  -6.7807
 -2.79032
-0.837525
 0.276419
-0.941512
  -1.3478
 -6.94301
 -2.81123
-0.794779
 0.282163
-0.957743
 -1.33347
 -7.03485
 -2.87615
-0.777116
 0.285048
-0.947939
 -1.31082
 -7.22125
 -2.93894
-0.803984
 0.272884
-0.955292
 -1.31868
 -7.46436
 -2.98468
 -0.75976
  0.28244
-0.971479
 -1.30185
  -7.7186
   -3.057
-0.793893
 0.280518
-0.953701
 -1.29753
 -7.84786
 -3.11231
-0.749399
 0.281575
-0.965479
 -1.28279
 -7.96515
 -3.18279
-0.740601
 0.297873
-0.966163
   -1.275
  -8.1824
 -3.22145
-0.759226
 0.273294
-0.960938
 -1.25298
 -8.42504
 -3.31315
-0.734839
  0.27287
-0.963016
 -1.26151
 -8.71933
  -3.4315
 -0.73022
 0.281843
-0.952281
 -1.22765
 -8.86083
 -3.44447
-0.694866
 0.281639
-0.951609
 -1.21476
 -8.98956
 -3.56993
-0.657722
 0.282385
 -0.94726
 -1.20317
 -9.21285
  -3.5668
-0.712736
 0.276461
-0.939195
 -1.18861
 -9.51349
 -3.72623
-0.694897
  0.28281
-0.913243
 -1.18833
 -9.96403
 -3.89315
-0.693456
 0.282298
-0.903233
 -1.14932
 -10.1315
  -3.8504
-0.619657
 0.258898
-0.892982
 -1.12569
  -10.465
 -4.14249
-0.616415
  0.25719
-0.888809
 -1.11095
 -11.0053
  -4.2029
-0.587583
 0.253515
-0.879568
 -1.04993
 -11.4397
 -4.41391
-0.506704
 0.264844
-0.864575
 -1.02688
 -12.1564
 -4.67353
-0.535442
 0.252678
-0.830502
-0.971667
 -12.5892
 -4.78222
-0.440177
 0.246799
-0.819011
-0.899286
  -12.801
 -4.99758
-0.464206
 0.230724
-0.774598
  -0.8791
  -13.612
 -5.12965
-0.442518
 0.245741
-0.862791
-0.861611
 -12.3667
 -4.75278
-0.446787
 0.250019
-0.832045
-0.880741
 -10.5341
 -4.17293
-0.398356
 0.243552
 -0.81077
-0.936771
 -10.3601
 -4.11894
-0.519012
 0.260653
-0.836076
-0.982072
 -8.77125
 -3.62551
-0.565983
 0.239192
-0.800161
 -1.00797
 -8.52688
 -3.55356
-0.509028
 0.235235
-0.801191
 -1.00843
 -9.48926
 -3.85814
-0.568918
  0.25437
-0.818471
 -1.01974
 -7.75792
 -3.32373
-0.555166
 0.237025
-0.769805
 -1.04492
 -7.86032
 -3.32455
-0.492095
 0.233926
-0.782729
 -1.06367
 -7.35061
 -3.19159
-0.584548
 0.229619
-0.766141
 -1.09334
 -7.01611
 -3.04828
-0.599866
 0.236523
-0.737739
 -1.08388
 -7.88353
 -3.34538
-0.541114
 0.247453
-0.785496
 -1.09405
 -6.67255
 -2.95526
-0.537093
 0.231529
-0.745207
 -1.12016
 -6.60547
 -2.96196
-0.596903
 0.214244
-0.733264
 -1.14187
 -6.39098
 -2.85252
-0.598064
 0.229341
-0.720438
 -1.13433
  -6.2785
 -2.87827
-0.580953
 0.229773
-0.722761
 -1.14406
 -6.62431
 -2.91162
-0.583079
 0.228451
-0.731072
 -1.16609
 -5.80154
 -2.61118
-0.553493
 0.232001
-0.722219
 -1.15657
 -5.44889
  -2.6411
-0.621434
 0.228039
-0.717344
 -1.17373
   -5.574
 -2.60065
-0.597625
 0.225045
-0.700089
 -1.16681
 -5.27703
 -2.50135
-0.622707
 0.222844
-0.698624
 -1.17455
 -5.39528
 -2.55611
-0.541042
 0.226462
-0.714304
 -1.17853
 -4.56537
 -2.28279
-0.590571
 0.208256
-0.702091
 -1.19495
 -4.53155
 -2.35488
-0.659932
 0.217222
-0.679852
 -1.20878
 -4.43047
 -2.23872
-0.602708
 0.223253
 -0.68344
 -1.19687
 -4.49529
 -2.29349
-0.578851
 0.222728
-0.680892
 -1.21155
 -4.09458
 -2.13078
-0.666402
  0.22725
-0.678156
 -1.19658
 -3.63584
 -2.02139
 -0.59529
 0.216027
-0.681484
 -1.19441
 -3.62078
 -2.03193
-0.594859
 0.215622
-0.697889
 -1.20535
 -3.53116
 -1.92764
-0.654677
 0.202049
 -0.68824
 -1.18266
 -3.52124
 -1.95536
-0.620754
 0.223943
-0.676579
 -1.18519
 -3.12934
 -1.88963
-0.632154
  0.21603
-0.676057
  -1.2048
 -2.77735
 -1.75237
-0.618145
 0.208188
-0.669231
 -1.18805
 -2.88446
 -1.81383
-0.614533
 0.208404
-0.668368
 -1.18832
 -2.78408
  -1.6997
-0.661963
 0.215552
-0.665209
 -1.19708
 -2.79179
 -1.83474
-0.617925
 0.222451
-0.669722
 -1.20414
 -2.38127
 -1.59294
-0.673965
 0.210465
-0.659624
 -1.19905
 -2.16506
 -1.64249
-0.616476
 0.223428
 -0.64826
 -1.21244
  -2.2699
 -1.61579
-0.670805
 0.212936
-0.657659
 -1.19567
 -2.21484
 -1.59281
-0.627141
 0.213716
-0.660493
 -1.19833
  -2.0869
 -1.57536
-0.679815
 0.217709
-0.655343
 -1.19567
 -1.80892
 -1.42096
-0.610571
 0.213493
-0.645655
 -1.18136
 -1.74805
 -1.52017
-0.660438
 0.217652
-0.655145
 -1.19055
 -1.79954
 -1.45485
-0.655585
 0.201842
-0.650924
 -1.16356
 -1.74746
 -1.43621
-0.619435
 0.211339
-0.642416
 -1.17242
 -1.66021
 -1.43073
-0.658624
  0.20492
-0.638769
 -1.18049
 -1.44756
 -1.33308
-0.636862
  0.20708
-0.630057
 -1.18226
 -1.49886
 -1.39446
 -0.62726
 0.207892
-0.639847
 -1.20274
 -1.47737
 -1.41103
-0.704052
 0.199501
-0.638609
 -1.17903
 -1.45655
 -1.32871
-0.612528
 0.214169
-0.638154
 -1.18935
 -1.29322
  -1.3635
 -0.66659
  0.21437
-0.631441
 -1.18545
 -1.17813
 -1.27303
-0.620608
 0.209427
-0.637875
 -1.19361
 -1.20504
 -1.33404
-0.629289
  0.20612
-0.642565
 -1.19068
 -1.20351
 -1.30921
-0.707343
 0.205505
-0.621074
    -1.21
 -1.15459
 -1.30994
 -0.60674
 0.201273
-0.631061
 -1.19152
 -1.01968
 -1.21503
-0.732342
 0.191694
-0.612102
 -1.19354
-1.01528
-1.27591
-0.56991
0.205563
-0.64525
-1.19821
 -1.03364
 -1.22879
-0.635811
 0.207064
-0.614093
 -1.17612
-0.974329
 -1.25514
-0.719505
  0.20671
-0.609036
 -1.18635
-0.913295
 -1.21876
-0.589459
 0.203789
-0.614098
 -1.19509
-0.887389
  -1.1776
-0.733523
 0.214667
-0.598507
 -1.18537
 -0.94003
 -1.23805
-0.617892
  0.20112
-0.624427
 -1.18988
-0.891017
 -1.17875
-0.674355
  0.19833
-0.614705
  -1.1995
-0.831482
 -1.24352
-0.648184
 0.202907
-0.617945
 -1.18992
-0.772464
  -1.1587
-0.587809
 0.207906
-0.618375
 -1.18598
-0.747112
 -1.17455
-0.694449
 0.197565
 -0.60163
 -1.20255
-0.813673
 -1.16882
-0.605308
 0.205765
-0.614765
  -1.1917
-0.758961
 -1.14253
-0.688606
 0.205782
-0.606931
 -1.19991
 -0.72683
 -1.25534
-0.640165
 0.207244
 -0.62989
 -1.20334
 -0.67278
 -1.11014
-0.610537
 0.196928
-0.606726
 -1.19035
-0.638797
 -1.12546
-0.682021
 0.205694
-0.608535
 -1.18361
-0.730505
 -1.22208
-0.618013
 0.203701
-0.624766
 -1.21162
-0.689208
 -1.11293
-0.665001
 0.202606
-0.609767
  -1.1888
-0.621746
 -1.12711
-0.660421
 0.196279
-0.597713
 -1.17189
-0.567612
 -1.14382
-0.634444
 0.199579
-0.608962
 -1.19625
-0.607669
 -1.11751
-0.680135
 0.199635
-0.605742
 -1.19299
-0.629016
 -1.17135
-0.640712
 0.208853
-0.603096
 -1.19733
-0.543842
 -1.08728
-0.633055
 0.205594
-0.601896
 -1.18227
-0.509333
 -1.12267
-0.731224
 0.203992
-0.587802
 -1.20699
-0.517931
 -1.18391
-0.627853
 0.210863
-0.601838
 -1.21231
-0.568964
 -1.08457
-0.603293
 0.208328
-0.608639
 -1.19319
-0.511838
 -1.08625
-0.671642
 0.187861
-0.593557
 -1.18132
-0.474522
 -1.10176
-0.665797
 0.205206
-0.610458
 -1.19722
-0.427777
 -1.11536
-0.650549
 0.195139
-0.610949
 -1.19611
 -0.47696
 -1.07542
  -0.6767
 0.201172
-0.604598
 -1.19339
-0.536449
 -1.07573
-0.624256
 0.193845
 -0.60305
 -1.18485
-0.442815
 -1.04286
-0.623151
  0.20141
-0.604775
  -1.1898
-0.375763
 -1.09926
-0.658743
 0.196457
-0.598214
 -1.19017
-0.359094
 -1.07382
 -0.65183
 0.191877
-0.589172
 -1.19691
-0.384122
 -1.04853
-0.661238
 0.193752
-0.593151
 -1.17683
-0.395482
 -1.10254
-0.649799
 0.198562
-0.600202
 -1.20332
-0.375917
 -1.05509
-0.647656
 0.200586
-0.593608
 -1.17469
-0.343335
 -1.02832
-0.658855
 0.193668
-0.598204
 -1.19501
 -0.31336
 -1.10027
-0.664927
 0.202165
-0.592937
 -1.18838
-0.336941
  -1.0443
-0.628015
 0.203486
 -0.59642
 -1.19119
-0.348912
 -1.03123
  -0.6585
 0.203184
-0.607953
 -1.18844
-0.278339
 -1.09362
-0.675812
 0.186557
-0.591356
 -1.18867
 -0.23416
 -1.00072
-0.642112
 0.193686
-0.590743
 -1.17531
-0.276958
 -1.03762
-0.629712
 0.190384
-0.601803
 -1.17408
 -0.31057
 -1.02501
-0.612385
 0.205141
-0.607748
 -1.16949
-0.281841
 -1.03173
-0.596659
 0.201717
-0.610606
 -1.18136
-0.204178
 -1.02172
-0.632472
 0.182412
-0.572275
 -1.17625
-0.182314
 -1.04222
-0.659109
  0.21057
-0.581572
 -1.20035
-0.209283
 -1.04375
-0.671375
  0.20033
-0.587942
 -1.20389
-0.194628
-0.991919
-0.618066
 0.193342
-0.591524
 -1.17742
-0.183936
 -1.00316
-0.661382
 0.200295
-0.586974
 -1.18634
-0.155265
 -1.03757
 -0.68474
 0.191714
-0.586335
 -1.19087
-0.179066
-0.971463
-0.649513
 0.189913
-0.576846
 -1.19852
-0.230339
-0.991672
-0.664919
 0.197586
-0.598591
 -1.16807
-0.173518
 -1.02799
-0.651683
  0.19424
 -0.58086
  -1.1863
-0.137849
 -1.00417
-0.635584
 0.191029
-0.591247
 -1.17765
-0.123924
-0.943937
-0.667806
 0.182522
 -0.57334
 -1.17528
-0.112453
-0.996213
-0.641657
 0.202767
-0.588441
 -1.18581
-0.111513
 -0.98309
-0.633054
 0.190155
-0.573095
 -1.17855
-0.0783789
 -0.991861
 -0.670836
  0.205097
 -0.574457
  -1.18444
-0.0587305
 -0.972265
 -0.679193
  0.191044
 -0.582936
  -1.19048
-0.065784
-0.990399
-0.616324
 0.195171
-0.587741
 -1.19233
-0.0929789
 -0.971973
 -0.638587
  0.200014
 -0.567631
  -1.20073
-0.104055
-0.963031
-0.648153
 0.187174
-0.587602
 -1.17548
-0.0383917
   -1.0024
  -0.65698
  0.188195
 -0.568146
  -1.18588
-0.0316586
 -0.952241
 -0.619638
  0.183698
 -0.573496
  -1.17894
-0.0388153
  -0.95741
 -0.675692
  0.202192
 -0.571594
   -1.1958
-0.0137268
 -0.991462
 -0.641857
  0.193734
 -0.577221
   -1.1888
-0.00782514
  -0.931808
  -0.640443
    0.18744
    -0.5891
   -1.18645
-0.0367034
  -1.00006
 -0.643764
  0.188333
 -0.581521
  -1.18758
-0.0493587
  -0.89536
 -0.613975
   0.19252
 -0.579662
  -1.17337
-0.0358944
 -0.994039
 -0.664095
  0.203106
 -0.558676
  -1.18677
-0.017755
-0.995343
-0.680466
 0.181022
-0.567895
 -1.18597
-0.0192672
 -0.994816
  -0.64717
  0.189418
  -0.55898
  -1.18094
-0.0337458
 -0.869354
 -0.689437
  0.191687
 -0.552953
  -1.16672
0.0101874
-0.978176
-0.633732
 0.199198
-0.575065
 -1.19982
0.0179573
-0.995271
-0.661881
 0.194104
-0.574557
 -1.18892
-0.00482173
  -0.920207
  -0.677742
   0.193531
   -0.58137
   -1.17757
0.0145108
  -1.0195
-0.595346
 0.196776
-0.563674
  -1.1924
0.0600206
-0.930107
-0.658654
 0.186176
-0.567379
 -1.19602
0.0351781
 -0.97309
-0.653855
 0.181896
-0.576019
 -1.20164
0.00824347
  -0.95396
 -0.623354
  0.191263
 -0.580492
  -1.19791
-0.00145085
  -0.891612
    -0.6529
   0.182001
  -0.574597
    -1.1731
0.0102239
-0.962786
-0.647251
 0.198966
-0.573718
 -1.17828
0.00147035
 -0.928936
 -0.685593
  0.193846
 -0.566668
  -1.19627
-0.0134977
 -0.960322
 -0.652805
  0.189372
 -0.572415
  -1.17633
-0.0147991
 -0.936835
 -0.635982
  0.191158
 -0.570933
  -1.18452
0.0097801
-0.945961
 -0.67681
 0.194268
 -0.57491
 -1.18239
0.0474309
-0.946618
-0.663512
 0.191819
-0.581862
  -1.1922
0.0774364
 -0.94896
-0.640138
 0.195265
-0.573231
 -1.19845
0.0618841
-0.985716
-0.627897
 0.203351
-0.575924
 -1.20519
0.0431568
-0.945889
-0.683888
 0.198659
-0.561129
 -1.20242
0.0606316
 -0.94793
-0.630139
 0.190047
-0.574477
 -1.20102
 0.049081
-0.975388
-0.603583
 0.189817
-0.574293
 -1.20248
 0.064224
-0.928124
 -0.63136
 0.185519
-0.563199
 -1.22467
0.0851381
-0.929236
-0.634187
 0.191208
-0.570185
 -1.20427
 0.099261
-0.937593
-0.653664
 0.188246
-0.568517
 -1.19502
 0.100219
 -0.92389
-0.639667
 0.189576
-0.580875
 -1.18918
 0.105501
-0.920021
-0.654459
 0.194529
-0.576707
 -1.19423
 0.117804
-0.909786
-0.640363
  0.19541
 -0.56589
 -1.18988
 0.111761
-0.911131
 -0.65256
 0.191224
-0.552793
 -1.18957
 0.114743
-0.915456
-0.653726
 0.188807
-0.571888
 -1.20043
  0.10808
-0.915119
-0.683951
  0.18073
-0.547047
  -1.2056
 0.124802
-0.937839
-0.638903
 0.192387
-0.554472
 -1.21591
 0.137817
-0.900798
-0.680253
 0.184532
-0.555161
 -1.21395
 0.123418
-0.948419
-0.627521
 0.201225
-0.568188
 -1.21633
 0.117993
-0.894986
-0.657968
 0.190429
-0.556449
 -1.19638
 0.123607
-0.942584
 -0.62057
 0.181684
-0.570687
 -1.20019
  0.10686
-0.892283
-0.653502
  0.18214
-0.567546
 -1.19142
 0.151167
-0.928449
 -0.64323
  0.18516
-0.550001
 -1.18276
 0.154677
-0.908299
-0.616109
 0.185031
-0.571479
 -1.19049
 0.144584
-0.897046
-0.713939
 0.182554
-0.561958
 -1.21339
 0.139898
-0.918229
-0.668334
 0.181857
-0.557428
 -1.20016
 0.129329
-0.888682
-0.640711
 0.204225
-0.570251
 -1.20905
   0.1296
-0.909619
-0.674663
 0.180378
-0.545221
  -1.2225
 0.123452
-0.934564
-0.670153
 0.189496
-0.551848
  -1.2104
 0.114794
-0.900585
-0.693511
 0.187047
-0.550763
 -1.20596
 0.127683
-0.949058
-0.611676
 0.187053
-0.560566
 -1.21817
 0.146724
-0.886492
-0.665746
  0.18265
-0.562727
 -1.19501
  0.14138
-0.896992
-0.648667
 0.191684
-0.565855
 -1.19546
 0.150431
 -0.94759
-0.589284
 0.190453
-0.567819
 -1.21648
 0.162065
-0.881317
-0.680342
 0.188417
-0.551232
 -1.18941
 0.169485
-0.909942
-0.635946
 0.182448
 -0.56147
 -1.20335
 0.161429
-0.926531
-0.620954
  0.18674
-0.566972
 -1.20168
 0.135626
-0.915145
 -0.65968
 0.192714
-0.566716
 -1.21418
 0.147273
-0.902149
-0.638868
 0.193843
-0.563273
 -1.20623
 0.131717
-0.931644
-0.640506
 0.192309
-0.561128
 -1.22959
 0.138163
-0.901196
-0.678981
 0.189028
-0.550135
 -1.20299
 0.167714
-0.912121
 -0.67172
 0.185711
-0.551896
 -1.19593
 0.142889
-0.901308
 -0.63025
 0.190611
-0.563217
 -1.21509
 0.134214
-0.868938
-0.674341
 0.183562
-0.552041
 -1.18779
 0.178067
-0.919859
-0.664877
  0.19198
-0.555847
  -1.1965
 0.169573
-0.910238
-0.659904
 0.188134
-0.552196
 -1.20975
 0.146448
-0.916377
-0.635404
 0.188524
-0.576874
 -1.22181
 0.167772
-0.927831
-0.654726
  0.18731
-0.553889
 -1.20424
 0.150845
-0.893738
-0.674924
 0.185678
-0.555815
 -1.20577
 0.145497
-0.912834
-0.642025
 0.185994
-0.566104
 -1.21542
 0.131497
-0.947568
-0.612729
 0.188833
-0.572504
 -1.20385
  0.13286
-0.879155
-0.666465
 0.194808
-0.564054
 -1.20153
 0.136656
-0.902087
  -0.6366
 0.194239
-0.571051
 -1.20256
 0.132554
-0.929136
-0.649091
 0.181397
-0.557659
 -1.21217
 0.157768
-0.897098
-0.672292
 0.189183
-0.543595
 -1.19714
 0.151216
-0.920347
-0.632352
 0.184307
-0.567775
 -1.20158
 0.162666
-0.916047
-0.644946
 0.190983
 -0.56004
 -1.20515
 0.145536
-0.923579
-0.666029
 0.186436
-0.555189
 -1.21706
 0.151311
-0.903614
-0.629661
 0.189512
-0.578299
 -1.20498
 0.154429
-0.901384
-0.658613
 0.177913
-0.551876
 -1.20138
 0.146217
-0.907676
-0.634233
  0.19271
-0.567391
 -1.21558
 0.142835
-0.928946
-0.652126
 0.191045
-0.562874
 -1.20134
   0.1376
-0.891584
-0.655696
 0.181016
-0.562998
 -1.20598
 0.163101
-0.919769
-0.662156
 0.184595
-0.560745
 -1.19203
 0.160151
 -0.88047
-0.643629
 0.190439
-0.558362
 -1.19507
 0.168308
-0.947233
-0.640216
 0.190937
-0.553945
 -1.20005
 0.169497
-0.901935
-0.650743
 0.187534
-0.551899
 -1.20143
 0.167756
-0.895433
-0.648539
 0.180491
-0.546675
  -1.1939
 0.154097
-0.897937
-0.640749
 0.190547
-0.557703
 -1.19576
 0.153507
-0.922046
-0.643287
 0.184639
-0.573428
 -1.20618
 0.130499
 -0.91255
-0.659538
 0.192297
-0.565987
 -1.21446
 0.138192
-0.911194
-0.648015
 0.176409
-0.561545
 -1.20174
 0.137845
-0.908238
-0.651662
 0.196519
-0.567144
 -1.20224
 0.150776
  -0.9119
-0.657782
  0.18287
-0.558429
 -1.18709
 0.144354
-0.918562
-0.649049
 0.187797
-0.567502
 -1.20792
 0.133471
-0.917389
-0.651163
 0.179512
-0.567229
 -1.20366
 0.147979
-0.908395
-0.653848
 0.182709
-0.558718
 -1.20824
 0.143779
-0.915416
 -0.65253
 0.196004
-0.559714
 -1.20419
 0.137369
-0.914912
-0.651425
 0.191285
 -0.55754
 -1.20561
 0.145078
-0.920177
-0.635718
 0.191489
-0.561047
   -1.212
 0.135978
-0.918164
-0.651098
 0.191834
-0.570699
 -1.19732
  0.12831
-0.920434
-0.643415
  0.19036
-0.576668
 -1.20912
 0.132063
-0.919413
-0.645461
 0.183466
-0.566172
 -1.20018
 0.151433
-0.912997
-0.645631
  0.19013
-0.554691
 -1.19304
 0.151347
-0.913624
-0.644423
 0.178496
-0.554174
 -1.19567
 0.137988
-0.917736
-0.653604
 0.190302
-0.564928
 -1.21117
 0.130144
-0.920509
-0.654283
 0.184979
-0.570821
 -1.19751
 0.132598
 -0.92194
-0.647499
 0.178651
-0.557977
 -1.19701
 0.139032
-0.921925
-0.652123
 0.189806
-0.557004
 -1.19986
 0.141995
-0.917526
-0.648925
  0.18073
-0.550275
 -1.20315
 0.138584
-0.911964
-0.649035
 0.187698
 -0.56625
 -1.19727
 0.114126
-0.921531
 -0.64222
 0.185436
-0.555495
 -1.20647
 0.136699
 -0.92103
-0.649877
  0.18674
-0.556231
  -1.1993
 0.154136
 -0.90837
-0.650209
 0.174029
-0.541897
 -1.19824
 0.129478
-0.917222
-0.645212
  0.18467
-0.558753
 -1.18306
 0.149747
-0.915199
-0.642063
 0.180808
-0.551883
 -1.19182
 0.136757
-0.920485
-0.651293
  0.19433
-0.558165
 -1.21037
 0.152308
-0.916911
-0.647811
 0.184911
-0.550988
 -1.20181
 0.131603
-0.918462
 -0.64974
 0.176376
 -0.56571
 -1.19483
 0.141053
-0.921531
-0.652373
 0.190387
-0.559972
 -1.21352
 0.140679
  -0.9208
-0.648487
 0.186293
-0.566073
 -1.18789
 0.151069
-0.919529
  -0.6433
 0.189128
-0.545249
 -1.20106
 0.124308
-0.922259
-0.650615
 0.179883
-0.561314
 -1.18668
 0.138532
-0.919904
-0.646748
 0.187241
-0.564892
 -1.21029
 0.151934
-0.914565
-0.652404
 0.196268
-0.549961
 -1.19819
  0.13111
-0.922713
-0.650061
 0.198818
-0.569775
 -1.20808
 0.126389
-0.921332
-0.644272
 0.183172
 -0.55874
  -1.2007
 0.121281
-0.917401
 -0.64662
 0.185114
-0.559987
 -1.19809
 0.142333
-0.910016
-0.643711
 0.185146
-0.563211
 -1.20864
 0.126265
-0.921114
-0.645395
 0.186531
-0.577778
 -1.20211
 0.128163
-0.919241
-0.650445
 0.191331
-0.557265
 -1.22259
 0.134307
-0.912499
-0.652243
 0.176817
-0.561981
 -1.19695
 0.143863
-0.916854
-0.644461
 0.176723
-0.552234
 -1.20549
 0.116791
-0.924689
-0.645425
 0.183195
-0.569343
 -1.20984
 0.122085
-0.928696
-0.647678
 0.187971
-0.560164
 -1.21486
 0.123594
-0.918765
-0.645379
 0.180787
-0.560165
 -1.19676
 0.134025
-0.919213
-0.649791
 0.183683
-0.566536
 -1.19544
  0.14839
-0.917168
-0.646666
 0.192503
-0.552255
 -1.19691
 0.120907
-0.924564
-0.640789
 0.179579
-0.561315
 -1.20164
 0.137248
-0.922511
-0.652386
 0.195174
-0.561501
 -1.21348
 0.124703
-0.914925
  -0.6502
 0.182916
-0.568713
 -1.20828
 0.132326
-0.919724
-0.652461
 0.190956
-0.561381
 -1.21388
 0.135586
-0.916096
 -0.65457
 0.190817
-0.549095
 -1.19916
 0.138176
-0.918512
-0.648825
 0.185531
-0.551708
 -1.19851
 0.127067
-0.916114
-0.646602
 0.182835
-0.568673
 -1.19785
 0.143634
-0.915402
-0.642152
 0.182329
  -0.5517
 -1.19577
 0.140792
-0.920264
-0.652513
 0.191741
 -0.55978
 -1.21749
 0.122677
-0.922851
-0.643176
 0.184399
  -0.5577
 -1.20336
 0.126195
-0.913121
 -0.65215
 0.177756
-0.558982
 -1.19181
 0.132286
-0.920532
-0.643285
 0.176365
-0.561218
 -1.21015
 0.136552
-0.920162
-0.644473
 0.185897
-0.559503
  -1.2082
 0.140954
-0.913079
-0.650128
 0.182414
-0.545285
 -1.19876
 0.118521
-0.921766
 -0.65461
 0.198976
-0.551379
 -1.20658
 0.131874
-0.918225
-0.647651
 0.188693
-0.563699
 -1.19496
 0.129021
-0.915384
-0.642208
 0.182858
-0.569578
 -1.20024
 0.131316
-0.924342
-0.648652
 0.186993
-0.556741
 -1.20024
 0.141373
-0.915461
  -0.6575
 0.183637
-0.548699
 -1.18105
 0.127737
-0.926141
-0.649852
 0.194936
-0.565174
 -1.20487
 0.143323
-0.915052
-0.642884
 0.179747
-0.563597
 -1.17903
 0.119656
-0.927148
-0.648486
 0.190402
-0.551694
 -1.19349
 0.121904
 -0.92016
-0.648963
  0.18315
-0.563709
 -1.21064
 0.127117
-0.923965
-0.646352
 0.189303
-0.559908
 -1.19499
 0.120949
-0.923805
-0.652244
 0.193009
-0.556651
 -1.20774
 0.126378
-0.921735
-0.648481
 0.185666
-0.567798
 -1.18886
  0.13427
 -0.91937
 -0.65694
 0.189223
-0.554157
 -1.21396
 0.128647
-0.921592
-0.645478
 0.189997
-0.563281
 -1.20316
 0.125832
-0.919017
-0.646496
 0.187615
 -0.56458
 -1.19464
 0.111256
-0.927024
-0.657664
 0.187842
 -0.54567
 -1.20591
  0.13654
-0.912941
 -0.64973
  0.17742
-0.552955
 -1.18185
 0.120294
-0.921652
-0.646686
 0.184485
-0.557613
 -1.20921
 0.131161
-0.915446
-0.645314
 0.185659
-0.557235
 -1.18477
  0.12777
-0.918375
-0.646573
 0.185318
-0.555707
 -1.19718
 0.131785
-0.918267
-0.647604
 0.184655
-0.564723
 -1.19492
 0.138454
-0.919564
-0.644319
 0.184573
-0.554144
 -1.19918
 0.126167
-0.920687
-0.645261
  0.18078
-0.554544
 -1.19359
 0.124624
-0.922749
-0.647445
 0.186517
-0.565546
 -1.19385
 0.135327
-0.916498
-0.648504
 0.175559
-0.551212
 -1.18349
 0.126745
-0.922745
-0.644023
 0.188748
-0.569208
 -1.18957
 0.120071
-0.921084
 -0.64529
  0.18518
-0.565778
 -1.19493
 0.147239
-0.913432
-0.648828
 0.182345
-0.545528
 -1.19056
 0.131444
-0.923801
-0.649983
 0.199584
 -0.56128
 -1.20437
 0.149428
-0.914515
-0.648762
 0.180413
-0.560978
 -1.19304
 0.127775
-0.918663
-0.650975
 0.185882
-0.557356
 -1.19472
 0.135153
-0.914952
-0.646569
 0.179225
-0.543521
 -1.19232
 0.130554
-0.920258
-0.654721
 0.199211
-0.559487
 -1.21159
 0.131211
-0.923464
-0.655737
 0.192735
-0.556496
  -1.2155
 0.125333
-0.925366
-0.645276
 0.190913
-0.577896
  -1.2017
  0.12451
-0.922542
-0.645186
 0.180757
-0.559968
 -1.19406
 0.136002
-0.918304
-0.659765
 0.191278
-0.549802
 -1.18388
 0.112561
-0.924503
-0.649731
 0.182993
-0.561549
 -1.20013
 0.125038
-0.924303
-0.649692
 0.191876
-0.575334
 -1.19644
 0.125962
-0.919584
-0.649724
 0.185782
-0.550959
 -1.18837
 0.140641
-0.919569
-0.653459
 0.193391
-0.554434
 -1.20583
 0.131018
-0.923182
-0.648509
  0.19028
-0.563832
 -1.19024
  0.11078
 -0.91655
-0.643303
 0.187701
-0.563844
 -1.19649
 0.119633
-0.920126
 -0.64979
 0.178057
-0.565517
 -1.19877
 0.135083
-0.914056
-0.649222
 0.188245
-0.556948
  -1.2096
  0.12507
-0.924513
-0.646242
 0.185642
-0.562145
 -1.19262
 0.127991
-0.918374
-0.646793
 0.194349
-0.557678
 -1.20402
 0.114978
-0.924965
-0.645382
 0.189736
-0.560722
 -1.20321
 0.126207
-0.920833
-0.645335
 0.182697
-0.562331
 -1.19796
 0.111244
-0.926413
-0.644248
 0.190004
 -0.55579
 -1.20369
 0.113297
-0.926559
-0.645427
 0.185867
-0.550952
 -1.20869
 0.118786
-0.924098
-0.647596
 0.184749
-0.558135
 -1.20322
 0.123894
-0.919532
-0.646524
 0.187987
 -0.56592
 -1.19689
 0.119891
-0.928773
 -0.65297
  0.18556
-0.554937
 -1.20078
 0.132608
 -0.92154
-0.653132
 0.184899
-0.553674
 -1.19666
 0.120768
-0.915738
-0.650145
 0.180786
-0.559711
 -1.20623
 0.119443
 -0.91934
 -0.64645
 0.177015
-0.567458
 -1.19849
 0.122398
-0.929194
-0.648668
 0.196341
-0.553088
 -1.20389
 0.131914
-0.918245
 -0.64783
 0.188685
-0.563953
 -1.20412
 0.118206
-0.922067
-0.644171
 0.181032
-0.560657
 -1.19771
 0.136126
 -0.91896
-0.644156
 0.184194
-0.563597
  -1.1914
 0.124871
-0.923628
-0.651001
 0.188507
 -0.56775
 -1.20548
 0.142794
-0.913057
-0.656541
 0.179336
-0.549201
   -1.187
 0.123018
-0.923933
-0.653059
 0.193891
 -0.55405
 -1.19205
 0.120462
-0.921783
-0.651145
 0.192168
-0.553322
 -1.20463
 0.133111
 -0.91526
-0.647808
 0.182953
-0.564025
 -1.20057
 0.128618
-0.921419
-0.653538
 0.192946
 -0.56305
 -1.21411
 0.110825
-0.925478
-0.646505
    0.185
-0.564249
 -1.20734
 0.111308
-0.919701
-0.646478
 0.174108
-0.549264
 -1.19837
  0.13174
-0.918245
-0.660082
 0.186247
-0.558482
 -1.20363
  0.13748
-0.917065
-0.656308
 0.176787
-0.549707
 -1.18364
 0.107653
-0.929009
-0.648655
 0.189953
-0.560436
 -1.20635
 0.121847
-0.920067
-0.648746
   0.1822
-0.559563
 -1.19929
 0.121901
-0.920587
-0.647457
 0.178649
-0.556743
 -1.19283
 0.137117
 -0.92249
-0.654039
 0.194045
 -0.55579
 -1.18377
 0.128904
 -0.91454
-0.645317
 0.185473
 -0.55047
 -1.18204
 0.134336
-0.920116
-0.647448
 0.183691
-0.555209
 -1.18957
  0.12663
-0.923182
 -0.65321
 0.177933
-0.559866
 -1.20793
  0.11923
-0.917255
-0.645441
 0.189253
-0.564826
 -1.19308
