  -1.71314
   1.76794
0.00690273
  -1.13395
  -1.95206
     1.496
 -0.188594
  -1.71314
   1.76794
0.00690267
  -1.13395
  -1.95206
     1.496
 -0.188594
  -1.71314
   1.76794
0.00690261
  -1.13395
  -1.95206
     1.496
 -0.188594
  -1.71313
   1.76794
0.00690411
  -1.13395
  -1.95206
     1.496
 -0.188594
  -1.71313
   1.76794
0.00690183
  -1.13396
  -1.95206
     1.496
 -0.188594
  -1.71314
   1.76794
0.00690315
  -1.13395
  -1.95206
     1.496
 -0.188594
  -1.71313
   1.76794
0.00690465
  -1.13396
  -1.95206
     1.496
 -0.188594
  -1.71313
   1.76795
0.00690585
  -1.13396
  -1.95206
     1.496
 -0.188594
  -1.71313
   1.76795
0.00690998
  -1.13398
  -1.95206
     1.496
 -0.188594
  -1.71313
   1.76795
0.00691418
  -1.13397
  -1.95206
   1.49601
 -0.188595
  -1.71313
   1.76796
0.00692544
  -1.13398
  -1.95206
   1.49601
 -0.188595
  -1.71312
   1.76795
0.00694348
  -1.13398
  -1.95207
   1.49602
 -0.188596
  -1.71312
   1.76796
0.00696589
  -1.13399
  -1.95208
   1.49604
 -0.188599
  -1.71312
   1.76796
0.00699711
    -1.134
  -1.95209
   1.49609
 -0.188604
  -1.71311
   1.76796
0.00705391
    -1.134
  -1.95213
   1.49619
 -0.188611
  -1.71311
   1.76797
0.00713541
    -1.134
  -1.95218
   1.49631
 -0.188634
   -1.7131
   1.76797
0.00724243
    -1.134
  -1.95223
   1.49642
 -0.188672
   -1.7131
   1.76796
0.00737551
    -1.134
  -1.95228
   1.49655
 -0.188724
   -1.7131
   1.76798
0.00752525
  -1.13404
  -1.95236
   1.49672
 -0.188781
  -1.71312
   1.76798
0.00766068
  -1.13406
  -1.95244
   1.49689
 -0.188837
  -1.71315
   1.76795
0.00777267
  -1.13404
  -1.95252
   1.49703
 -0.188889
  -1.71311
   1.76796
0.00800079
  -1.13409
   -1.9526
   1.49714
 -0.188935
  -1.71311
   1.76796
0.00822423
   -1.1341
  -1.95269
   1.49725
 -0.188977
  -1.71313
   1.76797
0.00840442
  -1.13416
  -1.95276
   1.49735
 -0.189018
  -1.71312
   1.76796
0.00860695
  -1.13424
  -1.95283
   1.49745
 -0.189058
  -1.71312
   1.76792
0.00880014
  -1.13424
  -1.95289
   1.49757
 -0.189091
  -1.71312
   1.76793
0.00900716
  -1.13432
  -1.95295
   1.49771
 -0.189124
  -1.71312
   1.76792
0.00920682
  -1.13437
  -1.95303
   1.49786
 -0.189159
  -1.71312
   1.76794
0.00940606
  -1.13445
   -1.9531
   1.49804
 -0.189193
  -1.71312
   1.76793
0.00960943
  -1.13453
  -1.95316
   1.49825
 -0.189224
  -1.71311
   1.76789
0.00981448
  -1.13455
  -1.95323
   1.49848
 -0.189255
 -1.71312
  1.76789
 0.010017
 -1.13464
  -1.9533
  1.49871
-0.189287
 -1.71312
  1.76789
0.0102199
 -1.13472
 -1.95338
  1.49897
-0.189335
 -1.71312
  1.76787
0.0104227
 -1.13479
 -1.95346
  1.49923
-0.189402
 -1.71312
  1.76783
0.0106171
 -1.13479
 -1.95357
  1.49945
-0.189479
 -1.71312
   1.7678
0.0108215
 -1.13482
 -1.95368
  1.49964
-0.189554
 -1.71312
  1.76777
 0.011042
 -1.13484
  -1.9538
  1.49981
-0.189633
 -1.71312
  1.76778
0.0112715
 -1.13488
 -1.95391
  1.49997
-0.189709
 -1.71312
  1.76779
0.0115047
 -1.13495
 -1.95402
  1.50014
-0.189784
 -1.71312
  1.76775
0.0117457
 -1.13495
 -1.95414
  1.50036
 -0.18986
 -1.71312
  1.76774
0.0120014
 -1.13497
 -1.95425
  1.50059
-0.189934
 -1.71312
   1.7677
 0.012258
 -1.13497
 -1.95437
  1.50083
-0.190004
 -1.71312
  1.76767
 0.012515
   -1.135
  -1.9545
  1.50108
-0.190068
 -1.71312
  1.76765
0.0127673
 -1.13502
 -1.95463
  1.50133
-0.190135
 -1.71312
  1.76765
0.0130219
  -1.1351
 -1.95474
  1.50156
-0.190214
 -1.71312
  1.76763
0.0132828
 -1.13516
 -1.95486
  1.50176
-0.190299
 -1.71312
  1.76758
0.0135726
 -1.13518
 -1.95498
  1.50201
-0.190384
 -1.71312
  1.76758
0.0138895
 -1.13528
  -1.9551
  1.50227
-0.190471
 -1.71312
  1.76757
0.0142315
 -1.13536
 -1.95521
  1.50257
-0.190556
 -1.71312
  1.76754
0.0145743
  -1.1354
 -1.95533
  1.50292
-0.190647
 -1.71313
  1.76752
0.0149122
 -1.13549
 -1.95547
  1.50324
-0.190735
 -1.71312
  1.76745
0.0152564
  -1.1355
 -1.95561
  1.50355
-0.190827
 -1.71312
  1.76742
0.0156211
 -1.13559
 -1.95576
  1.50383
-0.190918
 -1.71313
  1.76745
 0.016004
 -1.13574
 -1.95591
  1.50409
-0.191004
 -1.71312
  1.76742
 0.016403
  -1.1358
 -1.95607
  1.50441
-0.191088
 -1.71313
  1.76739
0.0167878
 -1.13582
 -1.95623
  1.50478
-0.191161
 -1.71312
  1.76739
0.0171782
 -1.13582
 -1.95639
  1.50517
-0.191233
 -1.71315
   1.7674
0.0175377
 -1.13584
 -1.95655
  1.50551
-0.191306
 -1.71318
   1.7674
0.0179055
 -1.13585
 -1.95672
  1.50583
-0.191376
 -1.71314
   1.7674
0.0183575
 -1.13588
 -1.95689
  1.50617
 -0.19145
 -1.71313
  1.76738
0.0187872
 -1.13589
 -1.95708
  1.50651
-0.191526
 -1.71318
  1.76738
0.0191622
 -1.13592
 -1.95725
  1.50689
-0.191602
 -1.71318
  1.76738
0.0195586
 -1.13592
 -1.95741
  1.50726
-0.191685
  -1.7132
  1.76739
0.0199632
 -1.13597
 -1.95759
   1.5076
-0.191779
 -1.71321
  1.76739
0.0203775
 -1.13599
 -1.95777
  1.50797
 -0.19189
 -1.71321
  1.76738
0.0208024
 -1.13604
 -1.95795
  1.50841
-0.192008
 -1.71322
  1.76733
 0.021226
 -1.13601
 -1.95814
  1.50884
-0.192129
 -1.71323
   1.7673
0.0216656
 -1.13603
 -1.95832
  1.50924
-0.192248
 -1.71325
  1.76734
0.0221218
 -1.13613
 -1.95851
  1.50961
-0.192358
 -1.71327
  1.76734
0.0225979
 -1.13626
 -1.95871
  1.51004
 -0.19248
 -1.71329
  1.76727
0.0230834
 -1.13633
 -1.95891
  1.51051
-0.192614
 -1.71332
  1.76723
0.0235712
 -1.13645
 -1.95911
  1.51097
-0.192745
 -1.71333
  1.76717
0.0240583
 -1.13655
 -1.95931
  1.51138
-0.192879
 -1.71335
  1.76714
0.0245516
 -1.13669
 -1.95951
  1.51178
-0.193007
 -1.71336
  1.76708
0.0250552
 -1.13676
 -1.95972
  1.51222
-0.193125
 -1.71341
  1.76706
0.0255435
 -1.13685
 -1.95992
   1.5127
-0.193236
 -1.71347
  1.76706
0.0260391
 -1.13696
 -1.96013
  1.51317
-0.193342
 -1.71346
  1.76706
0.0266094
 -1.13702
 -1.96037
  1.51358
-0.193447
 -1.71349
  1.76706
0.0271578
 -1.13711
 -1.96059
    1.514
-0.193553
 -1.71356
  1.76704
0.0276717
 -1.13709
 -1.96081
  1.51446
-0.193662
 -1.71361
  1.76704
0.0282091
 -1.13711
 -1.96101
  1.51496
-0.193788
 -1.71365
  1.76706
 0.028748
 -1.13715
 -1.96123
   1.5154
-0.193939
  -1.7137
  1.76707
0.0292863
 -1.13717
 -1.96146
  1.51583
-0.194108
 -1.71372
  1.76709
0.0298375
 -1.13723
 -1.96168
  1.51627
-0.194282
 -1.71373
  1.76707
0.0303879
 -1.13721
 -1.96191
  1.51678
 -0.19444
 -1.71374
  1.76709
0.0309316
 -1.13724
 -1.96214
  1.51726
-0.194602
 -1.71374
  1.76712
0.0314812
 -1.13727
 -1.96236
   1.5177
-0.194771
 -1.71373
  1.76714
0.0320386
 -1.13728
  -1.9626
  1.51817
-0.194943
 -1.71374
  1.76712
0.0325867
 -1.13728
 -1.96287
   1.5187
  -0.1951
 -1.71377
  1.76709
0.0331212
 -1.13726
 -1.96315
  1.51921
-0.195239
 -1.71385
  1.76716
0.0336682
 -1.13739
 -1.96343
  1.51969
-0.195374
 -1.71382
   1.7672
0.0343395
 -1.13753
 -1.96372
   1.5202
-0.195503
 -1.71382
  1.76713
0.0349923
 -1.13755
 -1.96401
  1.52078
-0.195632
 -1.71384
   1.7671
0.0356084
 -1.13762
 -1.96427
  1.52132
-0.195773
 -1.71384
   1.7671
0.0362577
 -1.13776
 -1.96454
  1.52183
-0.195912
 -1.71384
  1.76707
0.0369058
 -1.13781
  -1.9648
  1.52237
-0.196065
 -1.71384
  1.76705
0.0375513
 -1.13789
 -1.96507
  1.52294
-0.196239
 -1.71384
  1.76707
0.0382154
 -1.13803
 -1.96533
  1.52349
-0.196415
 -1.71383
  1.76703
0.0388732
 -1.13807
 -1.96558
  1.52403
-0.196592
 -1.71383
  1.76702
  0.03952
 -1.13811
 -1.96585
  1.52459
-0.196757
 -1.71386
  1.76702
0.0401612
 -1.13823
 -1.96609
  1.52517
 -0.19693
 -1.71387
  1.76698
0.0408134
 -1.13823
 -1.96637
  1.52572
-0.197093
 -1.71384
  1.76697
0.0415056
 -1.13825
 -1.96666
  1.52632
-0.197242
 -1.71384
  1.76701
0.0421788
 -1.13836
 -1.96696
  1.52691
-0.197393
 -1.71389
    1.767
0.0428062
  -1.1384
 -1.96726
   1.5275
-0.197541
  -1.7139
  1.76693
0.0434449
  -1.1383
 -1.96755
  1.52814
-0.197689
 -1.71391
  1.76694
0.0441001
 -1.13834
 -1.96781
  1.52878
-0.197846
 -1.71393
  1.76696
0.0447631
 -1.13832
 -1.96809
  1.52938
-0.198004
 -1.71394
  1.76696
 0.045421
 -1.13831
 -1.96837
     1.53
-0.198183
 -1.71398
  1.76701
 0.046054
 -1.13839
 -1.96864
  1.53064
-0.198369
 -1.71404
  1.76699
0.0467091
 -1.13837
 -1.96892
  1.53125
-0.198565
 -1.71402
  1.76699
0.0474719
  -1.1384
 -1.96919
  1.53186
-0.198755
 -1.71405
  1.76703
0.0482106
 -1.13851
 -1.96947
  1.53251
-0.198929
 -1.71413
  1.76702
0.0489144
 -1.13853
 -1.96975
  1.53314
-0.199096
 -1.71417
  1.76702
0.0496522
 -1.13858
 -1.97006
  1.53372
-0.199263
 -1.71421
  1.76707
0.0503892
 -1.13872
 -1.97036
  1.53434
 -0.19943
 -1.71425
  1.76706
0.0511308
 -1.13876
 -1.97066
  1.53497
 -0.19959
 -1.71431
  1.76708
0.0518644
 -1.13882
 -1.97098
  1.53557
-0.199759
  -1.7144
  1.76714
0.0525882
 -1.13898
  -1.9713
  1.53621
-0.199925
 -1.71439
   1.7672
0.0533904
 -1.13911
 -1.97163
  1.53684
-0.200128
 -1.71441
  1.76725
0.0541659
 -1.13921
 -1.97195
  1.53744
-0.200348
 -1.71444
  1.76727
0.0548692
 -1.13929
 -1.97226
  1.53809
-0.200582
 -1.71444
  1.76726
 0.055606
 -1.13934
  -1.9726
  1.53876
-0.200814
 -1.71446
  1.76733
0.0563589
 -1.13946
 -1.97294
  1.53937
-0.201023
 -1.71447
  1.76739
0.0571042
 -1.13961
 -1.97327
  1.53998
-0.201214
 -1.71451
  1.76741
0.0578408
 -1.13967
 -1.97362
  1.54068
-0.201409
 -1.71458
  1.76744
0.0585924
 -1.13971
 -1.97398
  1.54137
-0.201604
 -1.71455
  1.76754
0.0593993
 -1.13986
 -1.97434
  1.54202
-0.201804
 -1.71456
  1.76759
0.0602117
 -1.13991
 -1.97468
  1.54272
-0.202011
 -1.71458
  1.76756
0.0609558
 -1.13982
 -1.97503
  1.54344
-0.202223
 -1.71458
  1.76761
0.0617111
 -1.13986
 -1.97537
  1.54417
 -0.20244
 -1.71459
  1.76762
0.0624888
 -1.13984
 -1.97572
  1.54489
-0.202662
 -1.71463
  1.76764
0.0632321
 -1.13985
 -1.97605
   1.5456
-0.202889
 -1.71467
   1.7677
0.0639782
 -1.13998
 -1.97638
  1.54631
-0.203097
 -1.71465
  1.76771
0.0648439
 -1.14004
 -1.97674
  1.54702
-0.203289
 -1.71467
  1.76767
0.0656909
 -1.14005
 -1.97709
  1.54776
 -0.20348
  -1.7147
  1.76769
0.0664931
 -1.14014
 -1.97744
  1.54851
-0.203688
 -1.71471
  1.76773
0.0673338
 -1.14024
 -1.97779
  1.54921
-0.203897
 -1.71474
  1.76778
 0.068138
 -1.14033
 -1.97813
  1.54994
-0.204123
 -1.71479
  1.76787
0.0689635
  -1.1405
 -1.97849
  1.55067
-0.204347
 -1.71477
  1.76783
0.0698742
 -1.14051
 -1.97886
  1.55139
-0.204577
 -1.71477
  1.76786
0.0707585
 -1.14059
  -1.9792
  1.55214
-0.204807
 -1.71483
  1.76803
0.0716109
 -1.14082
 -1.97954
  1.55285
-0.205032
 -1.71485
  1.76812
 0.072468
 -1.14092
 -1.97989
  1.55353
-0.205246
  -1.7149
  1.76814
0.0733109
 -1.14087
 -1.98026
  1.55428
-0.205436
 -1.71497
  1.76823
0.0741731
 -1.14092
 -1.98062
    1.555
-0.205644
 -1.71496
  1.76838
  0.07509
   -1.141
 -1.98099
  1.55567
-0.205863
 -1.71498
  1.76853
0.0759866
 -1.14114
 -1.98135
   1.5564
  -0.2061
 -1.71504
   1.7685
0.0767841
 -1.14106
 -1.98172
  1.55714
-0.206339
 -1.71507
   1.7685
0.0776305
 -1.14105
 -1.98207
  1.55788
 -0.20658
 -1.71514
  1.76861
0.0784563
 -1.14114
 -1.98244
  1.55861
-0.206819
 -1.71522
  1.76857
0.0792633
 -1.14106
 -1.98283
  1.55932
-0.207045
 -1.71522
  1.76864
0.0801359
  -1.1411
 -1.98318
  1.56005
-0.207273
 -1.71525
  1.76872
0.0809783
 -1.14109
 -1.98354
   1.5608
-0.207491
 -1.71531
  1.76867
0.0817787
 -1.14098
 -1.98392
  1.56153
-0.207705
 -1.71534
  1.76867
0.0826091
 -1.14096
 -1.98431
  1.56227
-0.207941
 -1.71541
  1.76869
0.0834121
 -1.14098
  -1.9847
  1.56302
-0.208187
 -1.71548
  1.76867
0.0842414
 -1.14104
 -1.98511
  1.56382
 -0.20844
 -1.71547
  1.76867
0.0851613
 -1.14111
 -1.98554
  1.56462
 -0.20869
  -1.7155
  1.76869
0.0860788
  -1.1412
 -1.98595
   1.5654
-0.208924
 -1.71555
  1.76865
0.0869524
 -1.14118
 -1.98636
  1.56621
-0.209141
 -1.71561
  1.76865
0.0878159
 -1.14119
 -1.98678
  1.56699
-0.209369
 -1.71569
  1.76873
0.0886855
 -1.14136
 -1.98719
  1.56778
 -0.20961
 -1.71569
  1.76877
0.0896513
 -1.14142
 -1.98763
  1.56857
-0.209837
 -1.71571
  1.76882
0.0906125
 -1.14157
 -1.98803
  1.56939
-0.210085
 -1.71577
   1.7688
 0.091511
 -1.14153
 -1.98845
   1.5702
-0.210348
 -1.71579
  1.76892
0.0924304
  -1.1417
 -1.98883
  1.57097
-0.210607
 -1.71586
  1.76901
0.0933386
 -1.14179
 -1.98922
  1.57176
-0.210857
 -1.71596
  1.76906
0.0942389
 -1.14181
 -1.98961
  1.57258
-0.211087
 -1.71595
  1.76916
0.0952159
 -1.14197
    -1.99
  1.57338
-0.211311
 -1.71596
  1.76921
  0.09616
 -1.14202
 -1.99039
  1.57418
-0.211552
 -1.71599
  1.76932
0.0970596
 -1.14217
 -1.99077
  1.57496
-0.211798
 -1.71602
  1.76932
0.0979498
 -1.14228
 -1.99117
  1.57578
-0.212043
  -1.7161
  1.76935
0.0988488
 -1.14243
 -1.99156
  1.57656
-0.212298
 -1.71609
  1.76932
0.0998331
  -1.1425
 -1.99196
  1.57734
-0.212559
 -1.71612
  1.76936
 0.100766
 -1.14269
 -1.99236
  1.57815
-0.212811
 -1.71616
  1.76933
 0.101662
 -1.14269
 -1.99275
  1.57893
-0.213047
 -1.71621
  1.76939
 0.102558
 -1.14281
 -1.99314
  1.57973
-0.213274
 -1.71633
  1.76938
 0.103454
 -1.14275
 -1.99355
  1.58053
-0.213507
 -1.71633
   1.7695
 0.104438
 -1.14285
 -1.99393
  1.58132
-0.213759
 -1.71635
  1.76952
 0.105369
 -1.14278
 -1.99433
   1.5821
-0.214021
  -1.7164
  1.76959
 0.106258
 -1.14273
 -1.99474
  1.58289
-0.214277
 -1.71644
  1.76961
 0.107143
 -1.14267
 -1.99516
   1.5837
-0.214537
 -1.71656
  1.76975
 0.108037
 -1.14267
 -1.99556
  1.58448
-0.214793
 -1.71657
  1.76981
 0.109051
 -1.14261
 -1.99599
  1.58526
-0.215031
 -1.71659
  1.76989
 0.110028
 -1.14254
 -1.99641
  1.58604
-0.215258
  -1.7167
  1.77005
 0.110945
 -1.14261
  -1.9968
  1.58684
-0.215514
 -1.71681
  1.77015
 0.111878
 -1.14261
 -1.99721
  1.58765
-0.215806
-1.71683
 1.77031
0.112893
 -1.1427
-1.99763
 1.58846
-0.21612
 -1.71687
  1.77034
 0.113872
  -1.1427
  -1.9981
  1.58929
-0.216423
 -1.71696
  1.77037
 0.114791
 -1.14268
 -1.99856
  1.59012
-0.216725
 -1.71704
  1.77051
 0.115704
 -1.14281
   -1.999
  1.59093
-0.217005
 -1.71717
  1.77054
 0.116632
 -1.14285
 -1.99943
  1.59175
-0.217267
 -1.71721
  1.77063
 0.117635
 -1.14294
 -1.99987
  1.59254
-0.217532
 -1.71726
  1.77064
 0.118581
 -1.14297
 -2.00031
  1.59336
-0.217812
 -1.71734
  1.77064
 0.119504
 -1.14297
 -2.00072
   1.5942
-0.218104
 -1.71743
   1.7707
 0.120396
 -1.14299
 -2.00114
  1.59502
-0.218395
 -1.71755
  1.77074
 0.121338
 -1.14302
  -2.0016
  1.59583
-0.218643
 -1.71759
  1.77073
 0.122323
   -1.143
 -2.00207
  1.59663
-0.218883
-1.71762
 1.77077
0.123273
-1.14301
 -2.0025
 1.59743
-0.21912
  -1.7177
  1.77078
 0.124178
   -1.143
 -2.00292
  1.59825
-0.219355
 -1.71778
  1.77077
  0.12507
 -1.14296
 -2.00334
  1.59905
-0.219593
-1.71792
  1.7707
0.125988
-1.14287
-2.00377
 1.59988
-0.21985
 -1.71795
  1.77083
 0.126958
 -1.14301
 -2.00417
  1.60067
-0.220114
 -1.71799
  1.77089
 0.127899
 -1.14307
 -2.00462
  1.60147
-0.220392
 -1.71813
  1.77079
 0.128755
 -1.14293
 -2.00508
  1.60229
-0.220662
 -1.71825
  1.77077
 0.129587
 -1.14291
 -2.00551
  1.60313
-0.220907
 -1.71826
  1.77088
 0.130521
 -1.14303
 -2.00594
  1.60393
-0.221155
  -1.7183
  1.77093
 0.131405
 -1.14307
 -2.00638
  1.60476
-0.221408
 -1.71839
  1.77083
 0.132177
 -1.14294
 -2.00682
  1.60564
-0.221671
-1.71846
 1.77082
 0.13294
-1.14294
-2.00723
 1.60649
-0.22194
 -1.71858
  1.77093
 0.133697
 -1.14304
 -2.00764
   1.6073
-0.222217
 -1.71862
    1.771
 0.134572
  -1.1431
 -2.00808
  1.60812
-0.222506
 -1.71866
  1.77095
 0.135423
   -1.143
  -2.0085
  1.60898
-0.222776
 -1.71876
  1.77096
   0.1362
 -1.14299
 -2.00892
  1.60981
-0.223027
 -1.71888
  1.77095
 0.137004
 -1.14293
 -2.00936
  1.61062
-0.223289
 -1.71904
  1.77108
 0.137788
 -1.14302
 -2.00975
  1.61143
-0.223553
 -1.71908
  1.77116
  0.13872
 -1.14308
 -2.01019
  1.61223
-0.223836
-1.71915
 1.77112
0.139612
  -1.143
-2.01062
 1.61304
-0.22412
 -1.71927
  1.77118
 0.140449
 -1.14303
 -2.01103
  1.61384
-0.224405
 -1.71939
  1.77118
 0.141324
 -1.14294
 -2.01146
  1.61462
-0.224683
 -1.71955
  1.77119
 0.142198
  -1.1429
 -2.01189
  1.61543
-0.224945
 -1.71958
  1.77133
 0.143201
 -1.14306
 -2.01232
   1.6162
-0.225195
 -1.71961
  1.77144
 0.144213
 -1.14317
 -2.01275
  1.61701
-0.225466
 -1.71973
  1.77144
 0.145134
 -1.14314
 -2.01318
  1.61782
-0.225753
  -1.7198
  1.77154
 0.146107
 -1.14323
 -2.01359
  1.61861
-0.226044
 -1.71977
  1.77165
 0.147192
 -1.14328
 -2.01403
  1.61941
-0.226328
 -1.71974
  1.77178
 0.148303
 -1.14336
 -2.01447
  1.62019
-0.226607
-1.71973
 1.77191
0.149342
-1.14346
-2.01487
 1.62099
-0.22688
  -1.7197
  1.77205
 0.150382
 -1.14356
 -2.01531
  1.62178
-0.227141
 -1.71969
  1.77216
 0.151411
 -1.14362
 -2.01574
  1.62257
-0.227398
-1.71956
 1.77226
0.152572
-1.14375
-2.01616
 1.62336
-0.22768
 -1.71941
  1.77249
 0.153681
 -1.14402
 -2.01657
  1.62414
-0.227971
 -1.71934
  1.77262
 0.154703
 -1.14416
   -2.017
  1.62494
-0.228257
 -1.71926
  1.77274
 0.155709
 -1.14431
 -2.01744
  1.62575
-0.228532
  -1.7192
  1.77289
 0.156724
 -1.14445
 -2.01786
  1.62655
-0.228788
 -1.71904
  1.77305
 0.157826
 -1.14456
 -2.01829
  1.62736
-0.229048
 -1.71889
  1.77322
 0.158925
 -1.14468
 -2.01873
  1.62815
-0.229319
  -1.7188
  1.77337
 0.159949
 -1.14478
 -2.01915
  1.62894
-0.229585
 -1.71871
  1.77352
 0.160976
 -1.14488
 -2.01958
  1.62975
-0.229866
 -1.71869
  1.77369
 0.161953
 -1.14495
 -2.02001
  1.63056
-0.230157
 -1.71859
  1.77386
 0.163019
 -1.14503
 -2.02046
  1.63136
-0.230441
 -1.7185
 1.77402
 0.16403
-1.14509
-2.02088
 1.63213
 -0.2307
 -1.71847
  1.77417
 0.164954
 -1.14512
  -2.0213
  1.63291
-0.230953
 -1.71841
  1.77432
 0.165877
 -1.14514
 -2.02173
  1.63366
-0.231217
  -1.7184
  1.77447
 0.166761
 -1.14515
 -2.02216
  1.63441
-0.231488
 -1.71841
   1.7746
  0.16763
 -1.14515
 -2.02259
  1.63517
-0.231758
 -1.71834
  1.77474
  0.16857
 -1.14516
 -2.02302
  1.63591
-0.232043
 -1.71829
  1.77487
 0.169507
 -1.14517
 -2.02343
  1.63667
-0.232326
  -1.7183
  1.77499
 0.170347
 -1.14516
 -2.02387
  1.63744
-0.232589
 -1.71832
  1.77511
 0.171176
 -1.14516
  -2.0243
  1.63818
-0.232836
 -1.71837
  1.77523
  0.17201
 -1.14514
 -2.02471
  1.63895
-0.233085
 -1.71833
  1.77533
 0.172938
 -1.14514
 -2.02512
  1.63969
-0.233347
 -1.71832
  1.77544
 0.173856
 -1.14513
 -2.02552
  1.64041
-0.233627
 -1.71836
  1.77551
 0.174676
 -1.14506
 -2.02595
  1.64118
-0.233898
  -1.7184
  1.77561
 0.175495
 -1.14499
 -2.02639
   1.6419
-0.234175
 -1.71847
  1.77575
 0.176333
 -1.14498
 -2.02682
  1.64263
-0.234444
 -1.71846
  1.77585
 0.177228
  -1.1449
 -2.02725
  1.64337
-0.234693
 -1.71846
  1.77595
 0.178144
 -1.14484
 -2.02765
  1.64411
-0.234929
 -1.71852
  1.77604
 0.178958
 -1.14478
 -2.02805
  1.64484
-0.235176
 -1.71854
  1.77613
   0.1798
 -1.14472
 -2.02845
  1.64557
-0.235439
 -1.71861
  1.77622
 0.180627
 -1.14465
 -2.02884
  1.64634
-0.235717
  -1.7187
  1.77635
 0.181425
 -1.14465
 -2.02924
  1.64708
-0.235993
 -1.71869
  1.77652
  0.18233
 -1.14466
 -2.02968
  1.64782
-0.236264
 -1.71871
  1.77654
 0.183236
 -1.14451
  -2.0301
  1.64861
-0.236516
 -1.71878
  1.77661
 0.184048
 -1.14438
 -2.03051
  1.64934
-0.236758
 -1.71878
  1.77681
  0.18488
 -1.14442
  -2.0309
  1.65003
-0.237001
 -1.71885
  1.77691
 0.185676
 -1.14432
 -2.03129
  1.65071
-0.237243
-1.71895
 1.77701
0.186465
 -1.1443
-2.03165
 1.65136
 -0.2375
 -1.71894
  1.77711
 0.187359
 -1.14432
 -2.03204
  1.65204
-0.237772
 -1.71894
  1.77721
 0.188228
  -1.1443
 -2.03243
  1.65273
-0.238045
   -1.719
  1.77729
 0.189035
 -1.14425
 -2.03282
  1.65339
-0.238298
-1.71902
 1.77738
0.189839
-1.14421
-2.03323
 1.65407
-0.23854
 -1.71903
  1.77753
 0.190644
 -1.14423
 -2.03362
  1.65476
-0.238777
  -1.7191
  1.77761
 0.191439
 -1.14416
 -2.03402
  1.65541
-0.239012
  -1.7192
   1.7777
 0.192178
 -1.14414
  -2.0344
  1.65611
-0.239247
  -1.7192
   1.7778
 0.193031
 -1.14415
 -2.03479
   1.6568
-0.239495
 -1.71922
  1.77792
 0.193874
 -1.14414
 -2.03515
  1.65743
-0.239751
  -1.7193
  1.77808
 0.194602
 -1.14413
  -2.0355
  1.65811
-0.240022
 -1.71933
  1.77818
 0.195384
 -1.14406
 -2.03589
  1.65885
-0.240278
 -1.71941
  1.77825
 0.196127
 -1.14393
 -2.03628
  1.65951
-0.240502
-1.71952
 1.77839
0.196842
-1.14391
-2.03668
 1.66017
-0.24073
 -1.71953
   1.7785
 0.197682
 -1.14387
 -2.03707
  1.66084
-0.240962
 -1.71954
   1.7786
 0.198495
 -1.14382
 -2.03744
   1.6615
-0.241198
  -1.7196
  1.77875
 0.199219
 -1.14385
 -2.03781
  1.66216
-0.241448
 -1.71963
  1.77885
 0.199978
 -1.14378
  -2.0382
  1.66283
-0.241699
 -1.71965
  1.77894
 0.200726
 -1.14371
 -2.03856
  1.66347
-0.241953
 -1.71967
  1.77903
  0.20147
 -1.14364
 -2.03892
  1.66413
-0.242212
 -1.71971
  1.77918
 0.202199
 -1.14364
 -2.03928
  1.66479
-0.242445
 -1.71979
  1.77926
 0.202905
 -1.14356
 -2.03964
  1.66543
-0.242663
 -1.71979
  1.77936
 0.203692
 -1.14355
 -2.04003
  1.66608
-0.242893
 -1.71979
  1.77943
 0.204488
  -1.1435
  -2.0404
   1.6667
-0.243123
-1.71985
 1.77951
0.205174
-1.14345
-2.04075
 1.66733
-0.24337
 -1.71986
  1.77966
 0.205873
 -1.14347
 -2.04111
  1.66797
-0.243614
 -1.71988
  1.77978
 0.206594
 -1.14344
 -2.04146
  1.66854
-0.243859
  -1.7199
  1.77993
 0.207288
 -1.14342
 -2.04181
   1.6691
-0.244104
-1.71996
 1.77996
0.207962
-1.14326
-2.04217
 1.66971
-0.24434
 -1.72004
  1.78007
 0.208643
  -1.1432
 -2.04252
  1.67031
-0.244553
 -1.72003
  1.78017
 0.209405
 -1.14313
 -2.04288
  1.67084
-0.244739
 -1.72005
  1.78024
  0.21014
 -1.14305
 -2.04323
  1.67141
-0.244945
 -1.72011
  1.78032
 0.210797
 -1.14299
 -2.04357
  1.67203
-0.245162
 -1.72013
  1.78044
 0.211456
 -1.14296
  -2.0439
  1.67259
-0.245393
 -1.72017
   1.7805
 0.212104
 -1.14287
 -2.04423
  1.67312
-0.245624
  -1.7202
  1.78056
 0.212762
 -1.14277
 -2.04455
   1.6737
-0.245853
 -1.72022
  1.78063
 0.213421
 -1.14267
 -2.04486
  1.67429
-0.246078
 -1.72029
  1.78074
 0.214031
 -1.14267
 -2.04519
  1.67482
-0.246275
-1.72038
 1.78079
0.214649
-1.14259
-2.04551
 1.67535
-0.24647
 -1.72038
  1.78085
 0.215347
 -1.14254
 -2.04581
  1.67595
-0.246661
 -1.72038
  1.78097
 0.216032
 -1.14258
 -2.04613
  1.67651
-0.246842
 -1.72045
  1.78105
 0.216625
 -1.14255
 -2.04645
  1.67703
-0.247026
 -1.72047
  1.78113
 0.217251
 -1.14252
 -2.04676
  1.67759
-0.247233
  -1.7205
  1.78122
 0.217866
 -1.14249
 -2.04707
  1.67814
-0.247443
 -1.72051
  1.78138
 0.218476
 -1.14253
 -2.04737
  1.67866
-0.247659
 -1.72052
   1.7815
 0.219091
 -1.14249
 -2.04768
  1.67918
-0.247869
 -1.72054
   1.7816
 0.219703
 -1.14247
 -2.04798
  1.67972
-0.248067
 -1.72059
  1.78173
 0.220295
 -1.14244
 -2.04828
  1.68024
-0.248246
 -1.72066
  1.78184
 0.220895
 -1.14243
 -2.04859
  1.68073
-0.248423
 -1.72066
  1.78192
 0.221559
 -1.14237
 -2.04891
  1.68123
-0.248606
 -1.72068
  1.78206
 0.222162
 -1.14239
 -2.04921
  1.68175
-0.248794
 -1.72072
  1.78222
 0.222707
  -1.1424
 -2.04951
  1.68227
-0.248976
 -1.72074
  1.78226
 0.223268
 -1.14229
 -2.04983
  1.68276
-0.249159
 -1.72076
  1.78234
 0.223835
 -1.14221
 -2.05013
  1.68325
-0.249354
-1.72078
 1.78244
0.224398
-1.14214
-2.05039
 1.68372
-0.24956
 -1.72079
  1.78258
  0.22496
  -1.1421
 -2.05064
  1.68415
-0.249762
 -1.72081
  1.78267
 0.225512
 -1.14201
 -2.05089
  1.68458
-0.249961
 -1.72083
  1.78274
 0.226065
 -1.14192
 -2.05116
  1.68504
-0.250132
 -1.72084
  1.78282
 0.226623
 -1.14184
 -2.05141
   1.6855
-0.250283
 -1.72088
   1.7829
 0.227157
 -1.14181
 -2.05165
  1.68595
-0.250436
 -1.72094
  1.78291
 0.227683
 -1.14174
 -2.05192
  1.68639
-0.250586
 -1.72093
    1.783
 0.228266
 -1.14183
 -2.05217
  1.68682
-0.250746
 -1.72095
  1.78307
 0.228823
 -1.14186
 -2.05241
  1.68729
-0.250909
 -1.72102
  1.78312
 0.229297
  -1.1419
 -2.05265
  1.68778
-0.251074
 -1.72105
  1.78318
 0.229795
 -1.14187
  -2.0529
  1.68819
-0.251235
 -1.72109
  1.78319
 0.230305
 -1.14177
 -2.05314
  1.68857
-0.251401
 -1.72111
  1.78325
 0.230803
 -1.14176
 -2.05339
  1.68898
-0.251579
 -1.72115
  1.78336
  0.23126
  -1.1418
 -2.05364
  1.68939
-0.251752
 -1.72117
  1.78343
 0.231721
 -1.14178
 -2.05389
  1.68978
-0.251918
  -1.7212
  1.78345
 0.232179
 -1.14172
 -2.05414
  1.69013
-0.252075
  -1.7212
  1.78348
 0.232649
  -1.1417
 -2.05437
  1.69047
-0.252212
 -1.72121
  1.78348
 0.233111
 -1.14158
 -2.05463
  1.69081
-0.252346
 -1.72123
  1.78356
 0.233541
 -1.14159
 -2.05487
  1.69121
-0.252472
 -1.72123
  1.78361
 0.233983
 -1.14156
 -2.05511
  1.69162
-0.252601
 -1.72122
  1.78361
  0.23445
  -1.1415
 -2.05534
  1.69199
-0.252739
 -1.72127
   1.7836
 0.234878
 -1.14138
 -2.05558
   1.6923
-0.252883
 -1.72133
   1.7837
 0.235264
 -1.14135
 -2.05581
   1.6926
-0.253043
 -1.72131
  1.78378
 0.235702
 -1.14129
 -2.05605
  1.69296
-0.253202
 -1.72128
  1.78379
  0.23614
 -1.14118
 -2.05626
  1.69337
-0.253347
  -1.7213
   1.7838
  0.23651
 -1.14104
 -2.05646
  1.69376
-0.253495
 -1.72128
  1.78389
 0.236898
   -1.141
 -2.05665
  1.69409
-0.253644
 -1.72128
  1.78398
 0.237278
 -1.14091
 -2.05683
  1.69438
-0.253786
 -1.72128
  1.78403
 0.237661
 -1.14082
 -2.05703
  1.69469
-0.253902
 -1.72128
  1.78413
 0.238031
 -1.14076
 -2.05722
  1.69504
-0.253991
 -1.72128
  1.78414
 0.238416
 -1.14065
 -2.05743
  1.69544
-0.254076
-1.72128
 1.78416
0.238804
-1.14056
-2.05762
  1.6958
-0.25416
 -1.72127
  1.78426
 0.239185
 -1.14059
 -2.05778
  1.69609
-0.254244
 -1.72126
  1.78437
  0.23956
 -1.14063
 -2.05795
  1.69637
-0.254326
 -1.72127
  1.78447
 0.239901
 -1.14064
 -2.05811
  1.69664
-0.254406
 -1.72127
  1.78448
 0.240251
 -1.14058
 -2.05827
  1.69694
-0.254489
 -1.72127
  1.78452
 0.240583
 -1.14051
 -2.05842
  1.69724
-0.254591
 -1.72126
  1.78464
 0.240896
 -1.14051
 -2.05858
  1.69753
-0.254717
 -1.72126
  1.78476
 0.241197
 -1.14053
 -2.05873
  1.69776
-0.254841
 -1.72126
  1.78487
 0.241466
  -1.1405
 -2.05887
  1.69794
-0.254974
 -1.72126
  1.78488
 0.241747
 -1.14047
 -2.05901
  1.69811
-0.255123
 -1.72126
  1.78495
 0.242007
 -1.14045
 -2.05915
  1.69828
-0.255269
 -1.72126
  1.78499
 0.242272
 -1.14042
 -2.05928
  1.69848
-0.255407
 -1.72126
  1.78515
 0.242527
 -1.14052
 -2.05941
  1.69869
-0.255522
 -1.72126
  1.78515
 0.242793
 -1.14047
 -2.05955
  1.69894
-0.255611
 -1.72126
  1.78526
 0.243057
 -1.14049
 -2.05965
  1.69922
-0.255689
 -1.72127
  1.78527
 0.243329
 -1.14044
 -2.05978
  1.69948
-0.255757
 -1.72129
  1.78534
 0.243569
  -1.1404
  -2.0599
   1.6997
-0.255823
 -1.72132
  1.78533
 0.243815
 -1.14032
 -2.06002
  1.69993
-0.255885
 -1.72127
  1.78544
 0.244105
 -1.14037
 -2.06013
  1.70011
-0.255943
 -1.72128
  1.78544
  0.24436
 -1.14027
 -2.06026
   1.7003
-0.255998
-1.72133
  1.7855
0.244568
-1.14021
-2.06037
  1.7005
-0.25605
 -1.72134
  1.78544
 0.244814
 -1.14007
 -2.06052
  1.70072
-0.256097
 -1.72135
  1.78551
 0.245043
 -1.14008
 -2.06066
  1.70091
-0.256143
 -1.72137
  1.78556
 0.245277
 -1.14007
  -2.0608
  1.70111
-0.256191
 -1.72139
  1.78549
 0.245493
 -1.13994
 -2.06095
  1.70133
-0.256242
 -1.72139
  1.78552
 0.245665
 -1.13997
 -2.06106
  1.70148
-0.256294
 -1.7214
 1.78553
0.245809
-1.13997
-2.06115
 1.70156
-0.25634
 -1.72141
  1.78546
 0.245957
 -1.13993
 -2.06123
  1.70166
-0.256386
 -1.72142
  1.78549
 0.246084
 -1.14002
 -2.06129
  1.70177
-0.256432
 -1.72143
  1.78549
 0.246207
 -1.14008
 -2.06136
  1.70186
-0.256485
 -1.72145
  1.78542
 0.246341
 -1.14005
 -2.06142
  1.70195
-0.256545
 -1.72146
  1.78544
 0.246458
 -1.14011
 -2.06145
  1.70205
-0.256611
 -1.72147
  1.78548
 0.246572
 -1.14014
 -2.06151
  1.70213
-0.256676
 -1.72149
  1.78553
 0.246682
 -1.14017
 -2.06154
  1.70222
-0.256741
-1.72149
 1.78552
0.246813
-1.14012
-2.06158
 1.70234
 -0.2568
 -1.72151
  1.78552
 0.246926
 -1.14003
 -2.06163
  1.70247
-0.256862
 -1.72153
  1.78559
 0.247034
 -1.14004
 -2.06167
  1.70259
-0.256924
 -1.72153
  1.78561
  0.24715
 -1.14001
 -2.06171
   1.7027
-0.256984
 -1.72155
  1.78569
 0.247251
 -1.14004
 -2.06175
   1.7028
-0.257043
 -1.72156
  1.78579
 0.247362
 -1.14006
 -2.06178
  1.70292
-0.257088
 -1.72157
  1.78579
 0.247484
 -1.13993
 -2.06182
  1.70304
-0.257111
 -1.72159
  1.78581
 0.247588
 -1.13985
 -2.06185
   1.7031
-0.257117
 -1.72159
  1.78589
 0.247651
 -1.13981
 -2.06188
  1.70312
-0.257118
 -1.72158
  1.78592
 0.247696
 -1.13976
 -2.06191
  1.70314
-0.257118
 -1.72159
  1.78595
 0.247705
 -1.13975
 -2.06195
  1.70315
-0.257119
-1.72158
 1.78598
0.247706
-1.13973
-2.06197
 1.70316
-0.25712
 -1.72158
    1.786
 0.247707
 -1.13973
 -2.06199
  1.70316
-0.257122
 -1.72157
  1.78602
 0.247707
 -1.13973
 -2.06201
  1.70317
-0.257123
 -1.72158
  1.78604
 0.247702
 -1.13973
 -2.06202
  1.70318
-0.257123
 -1.72157
  1.78606
 0.247701
 -1.13973
 -2.06204
  1.70321
-0.257123
 -1.72157
  1.78607
 0.247701
 -1.13973
 -2.06205
  1.70321
-0.257123
 -1.72157
  1.78609
 0.247701
 -1.13974
 -2.06206
  1.70322
-0.257124
 -1.72157
  1.78611
 0.247701
 -1.13975
 -2.06207
  1.70322
-0.257124
 -1.72156
  1.78612
 0.247701
 -1.13975
 -2.06207
  1.70323
-0.257124
 -1.72155
  1.78612
 0.247701
 -1.13977
 -2.06208
  1.70323
-0.257124
 -1.72154
  1.78613
 0.247701
 -1.13978
 -2.06209
  1.70323
-0.257124
 -1.72154
  1.78613
 0.247701
  -1.1398
  -2.0621
  1.70323
-0.257125
 -1.72153
  1.78613
   0.2477
 -1.13982
  -2.0621
  1.70324
-0.257125
 -1.72153
  1.78612
   0.2477
 -1.13983
  -2.0621
  1.70324
-0.257125
 -1.72152
  1.78612
   0.2477
 -1.13984
  -2.0621
  1.70324
-0.257125
 -1.72152
  1.78612
   0.2477
 -1.13985
  -2.0621
  1.70324
-0.257126
 -1.72151
  1.78611
 0.247701
 -1.13985
  -2.0621
  1.70325
-0.257126
  -1.7215
   1.7861
 0.247701
 -1.13986
  -2.0621
  1.70325
-0.257126
  -1.7215
  1.78609
 0.247701
 -1.13987
  -2.0621
  1.70325
-0.257127
 -1.72149
  1.78609
 0.247701
 -1.13988
  -2.0621
  1.70325
-0.257127
 -1.72149
  1.78608
 0.247701
 -1.13988
  -2.0621
  1.70326
-0.257127
 -1.72149
  1.78608
 0.247701
 -1.13989
  -2.0621
  1.70326
-0.257127
 -1.72148
  1.78608
 0.247701
 -1.13989
  -2.0621
  1.70326
-0.257127
 -1.72148
  1.78608
 0.247701
 -1.13989
  -2.0621
  1.70326
-0.257127
 -1.72148
  1.78608
 0.247701
  -1.1399
  -2.0621
  1.70326
-0.257128
 -1.72147
  1.78608
 0.247701
  -1.1399
  -2.0621
  1.70326
-0.257128
 -1.72147
  1.78608
 0.247701
 -1.13991
  -2.0621
  1.70326
-0.257128
 -1.72147
  1.78608
 0.247701
 -1.13991
  -2.0621
  1.70326
-0.257128
 -1.72146
  1.78608
 0.247701
 -1.13992
  -2.0621
  1.70326
-0.257129
 -1.72146
  1.78608
 0.247701
 -1.13992
  -2.0621
  1.70327
-0.257129
 -1.72146
  1.78608
 0.247701
 -1.13993
  -2.0621
  1.70327
-0.257129
 -1.72146
  1.78608
 0.247701
 -1.13993
  -2.0621
  1.70327
-0.257129
 -1.72146
  1.78608
 0.247701
 -1.13993
  -2.0621
  1.70327
-0.257129
-1.72146
 1.78608
0.247701
-1.13993
 -2.0621
 1.70327
-0.25713
-1.72146
 1.78608
0.247701
-1.13993
 -2.0621
 1.70327
-0.25713
-1.72145
 1.78608
0.247701
-1.13994
 -2.0621
 1.70327
-0.25713
-1.72145
 1.78608
0.247701
-1.13994
 -2.0621
 1.70327
-0.25713
-1.72145
 1.78608
0.247701
-1.13994
 -2.0621
 1.70327
-0.25713
-1.72144
 1.78608
0.247701
-1.13994
 -2.0621
 1.70327
-0.25713
 -1.72144
  1.78608
 0.247701
 -1.13994
  -2.0621
  1.70327
-0.257131
 -1.72144
  1.78608
 0.247701
 -1.13994
  -2.0621
  1.70328
-0.257131
 -1.72144
  1.78608
 0.247701
 -1.13995
  -2.0621
  1.70328
-0.257131
 -1.72144
  1.78608
 0.247701
 -1.13995
  -2.0621
  1.70328
-0.257131
 -1.72143
  1.78608
 0.247701
 -1.13995
  -2.0621
  1.70328
-0.257131
 -1.72143
  1.78608
 0.247701
 -1.13995
  -2.0621
  1.70328
-0.257131
 -1.72143
  1.78608
 0.247701
 -1.13995
  -2.0621
  1.70328
-0.257131
 -1.72143
  1.78608
 0.247701
 -1.13995
  -2.0621
  1.70328
-0.257131
 -1.72143
  1.78608
 0.247701
 -1.13995
  -2.0621
  1.70328
-0.257132
 -1.72143
  1.78608
 0.247701
 -1.13996
  -2.0621
  1.70328
-0.257132
 -1.72143
  1.78608
 0.247701
 -1.13996
  -2.0621
  1.70328
-0.257132
 -1.72143
  1.78608
 0.247701
 -1.13996
  -2.0621
  1.70328
-0.257132
 -1.72143
  1.78608
 0.247701
 -1.13996
  -2.0621
  1.70328
-0.257132
 -1.72142
  1.78608
 0.247701
 -1.13996
  -2.0621
  1.70329
-0.257132
 -1.72142
  1.78608
 0.247701
 -1.13996
  -2.0621
  1.70329
-0.257133
 -1.72142
  1.78608
 0.247701
 -1.13996
  -2.0621
  1.70329
-0.257133
 -1.72142
  1.78608
 0.247701
 -1.13996
  -2.0621
  1.70329
-0.257133
 -1.72142
  1.78608
 0.247701
 -1.13996
  -2.0621
  1.70329
-0.257133
 -1.72142
  1.78608
 0.247701
 -1.13996
  -2.0621
  1.70329
-0.257133
 -1.72142
  1.78608
 0.247701
 -1.13996
  -2.0621
  1.70329
-0.257133
 -1.72142
  1.78608
 0.247701
 -1.13996
  -2.0621
  1.70329
-0.257133
 -1.72142
  1.78608
 0.247701
 -1.13997
  -2.0621
  1.70329
-0.257133
 -1.72142
  1.78608
 0.247701
 -1.13997
  -2.0621
  1.70329
-0.257133
 -1.72141
  1.78608
 0.247701
 -1.13997
  -2.0621
  1.70329
-0.257134
 -1.72141
  1.78608
 0.247701
 -1.13997
  -2.0621
  1.70329
-0.257134
 -1.72141
  1.78608
 0.247701
 -1.13997
  -2.0621
  1.70329
-0.257134
 -1.72141
  1.78608
 0.247701
 -1.13997
  -2.0621
  1.70329
-0.257134
 -1.72141
  1.78608
 0.247701
 -1.13997
  -2.0621
  1.70329
-0.257134
 -1.72141
  1.78608
 0.247701
 -1.13997
  -2.0621
  1.70329
-0.257134
 -1.72141
  1.78608
 0.247701
 -1.13997
  -2.0621
  1.70329
-0.257134
 -1.72141
  1.78608
 0.247701
 -1.13997
  -2.0621
  1.70329
-0.257134
 -1.72141
  1.78608
 0.247701
 -1.13997
  -2.0621
  1.70329
-0.257134
 -1.72141
  1.78608
 0.247701
 -1.13997
  -2.0621
  1.70329
-0.257135
 -1.72141
  1.78608
 0.247701
 -1.13997
  -2.0621
  1.70329
-0.257135
 -1.72141
  1.78608
 0.247701
 -1.13997
  -2.0621
  1.70329
-0.257135
 -1.72141
  1.78608
 0.247701
 -1.13997
  -2.0621
  1.70329
-0.257135
 -1.72141
  1.78608
 0.247701
 -1.13997
  -2.0621
  1.70329
-0.257135
  -1.7214
  1.78608
 0.247701
 -1.13997
  -2.0621
  1.70329
-0.257135
  -1.7214
  1.78608
 0.247701
 -1.13997
  -2.0621
  1.70329
-0.257135
  -1.7214
  1.78608
 0.247701
 -1.13997
  -2.0621
  1.70329
-0.257135
  -1.7214
  1.78608
 0.247701
 -1.13997
  -2.0621
  1.70329
-0.257135
  -1.7214
  1.78608
 0.247701
 -1.13997
  -2.0621
  1.70329
-0.257135
  -1.7214
  1.78608
 0.247701
 -1.13997
  -2.0621
  1.70329
-0.257136
  -1.7214
  1.78608
 0.247701
 -1.13997
  -2.0621
  1.70329
-0.257136
  -1.7214
  1.78608
 0.247701
 -1.13997
  -2.0621
  1.70329
-0.257136
  -1.7214
  1.78608
 0.247701
 -1.13997
  -2.0621
  1.70329
-0.257136
  -1.7214
  1.78608
 0.247701
 -1.13997
  -2.0621
  1.70329
-0.257136
  -1.7214
  1.78608
 0.247701
 -1.13998
  -2.0621
  1.70329
-0.257136
  -1.7214
  1.78608
 0.247701
 -1.13998
  -2.0621
  1.70329
-0.257136
  -1.7214
  1.78608
 0.247701
 -1.13998
  -2.0621
  1.70329
-0.257136
  -1.7214
  1.78608
 0.247701
 -1.13998
  -2.0621
  1.70329
-0.257136
  -1.7214
  1.78608
 0.247701
 -1.13998
  -2.0621
  1.70329
-0.257136
  -1.7214
  1.78608
 0.247701
 -1.13998
  -2.0621
  1.70329
-0.257137
  -1.7214
  1.78608
 0.247701
 -1.13998
  -2.0621
  1.70329
-0.257137
  -1.7214
  1.78608
 0.247701
 -1.13998
  -2.0621
  1.70329
-0.257137
 -1.72139
  1.78608
 0.247701
 -1.13998
  -2.0621
  1.70329
-0.257137
 -1.72139
  1.78608
 0.247701
 -1.13998
  -2.0621
  1.70329
-0.257137
 -1.72139
  1.78608
 0.247701
 -1.13998
  -2.0621
  1.70329
-0.257137
 -1.72139
  1.78608
 0.247701
 -1.13998
  -2.0621
  1.70329
-0.257137
 -1.72139
  1.78608
 0.247701
 -1.13998
  -2.0621
  1.70329
-0.257137
 -1.72139
  1.78608
 0.247701
 -1.13998
  -2.0621
  1.70329
-0.257137
 -1.72139
  1.78608
 0.247701
 -1.13998
  -2.0621
  1.70329
-0.257137
 -1.72139
  1.78608
 0.247701
 -1.13998
  -2.0621
  1.70329
-0.257138
 -1.72139
  1.78608
 0.247701
 -1.13998
  -2.0621
  1.70329
-0.257138
 -1.72139
  1.78608
 0.247701
 -1.13998
  -2.0621
  1.70329
-0.257138
 -1.72139
  1.78608
 0.247701
 -1.13998
  -2.0621
  1.70329
-0.257138
 -1.72139
  1.78608
 0.247701
 -1.13998
  -2.0621
  1.70329
-0.257138
 -1.72139
  1.78608
 0.247701
 -1.13998
  -2.0621
  1.70329
-0.257138
 -1.72139
  1.78608
 0.247701
 -1.13998
  -2.0621
  1.70329
-0.257138
 -1.72139
  1.78608
 0.247701
 -1.13998
  -2.0621
  1.70329
-0.257138
 -1.72139
  1.78608
 0.247701
 -1.13998
  -2.0621
  1.70329
-0.257138
 -1.72139
  1.78608
 0.247701
 -1.13998
  -2.0621
  1.70329
-0.257139
 -1.72139
  1.78608
 0.247701
 -1.13998
  -2.0621
  1.70329
-0.257139
 -1.72139
  1.78608
 0.247701
 -1.13998
  -2.0621
  1.70329
-0.257139
 -1.72139
  1.78608
 0.247701
 -1.13998
  -2.0621
  1.70329
-0.257139
 -1.72139
  1.78608
 0.247701
 -1.13998
  -2.0621
  1.70329
-0.257139
 -1.72139
  1.78608
 0.247701
 -1.13998
  -2.0621
  1.70329
-0.257139
 -1.72139
  1.78608
 0.247701
 -1.13998
  -2.0621
  1.70329
-0.257139
 -1.72139
  1.78608
 0.247701
 -1.13998
  -2.0621
  1.70329
-0.257139
 -1.72139
  1.78608
 0.247701
 -1.13998
  -2.0621
  1.70329
-0.257139
 -1.72139
  1.78608
 0.247701
 -1.13998
  -2.0621
  1.70329
-0.257139
 -1.72139
  1.78608
 0.247701
 -1.13998
  -2.0621
  1.70329
-0.257139
 -1.72139
  1.78608
 0.247701
 -1.13998
  -2.0621
  1.70329
-0.257139
 -1.72139
  1.78608
 0.247701
 -1.13998
  -2.0621
  1.70329
-0.257139
 -1.72139
  1.78608
 0.247701
 -1.13998
  -2.0621
  1.70329
-0.257139
-1.72139
 1.78608
0.247701
-1.13998
 -2.0621
 1.70329
-0.25714
-1.72139
 1.78608
0.247701
-1.13998
 -2.0621
 1.70329
-0.25714
-1.72139
 1.78608
0.247701
-1.13998
 -2.0621
 1.70329
-0.25714
-1.72139
 1.78608
0.247701
-1.13998
 -2.0621
 1.70329
-0.25714
-1.72139
 1.78608
0.247701
-1.13998
 -2.0621
 1.70329
-0.25714
-1.72139
 1.78608
0.247701
-1.13998
 -2.0621
 1.70329
-0.25714
-1.72139
 1.78608
0.247701
-1.13998
 -2.0621
 1.70329
-0.25714
-1.72139
 1.78608
0.247701
-1.13998
 -2.0621
 1.70329
-0.25714
-1.72139
 1.78608
0.247701
-1.13998
 -2.0621
 1.70329
-0.25714
-1.72139
 1.78608
0.247701
-1.13998
 -2.0621
 1.70329
-0.25714
-1.72138
 1.78608
0.247701
-1.13998
 -2.0621
 1.70329
-0.25714
-1.72138
 1.78608
0.247701
-1.13998
 -2.0621
 1.70329
-0.25714
-1.72138
 1.78608
0.247701
-1.13998
 -2.0621
 1.70329
-0.25714
-1.72138
 1.78608
0.247701
-1.13998
 -2.0621
 1.70329
-0.25714
 -1.72138
  1.78608
 0.247701
 -1.13998
  -2.0621
  1.70329
-0.257141
 -1.72138
  1.78608
 0.247701
 -1.13998
  -2.0621
  1.70329
-0.257141
 -1.72138
  1.78608
 0.247701
 -1.13998
  -2.0621
  1.70329
-0.257141
 -1.72138
  1.78608
 0.247701
 -1.13998
  -2.0621
  1.70329
-0.257141
 -1.72138
  1.78608
 0.247701
 -1.13998
  -2.0621
  1.70329
-0.257141
 -1.72138
  1.78608
 0.247701
 -1.13998
  -2.0621
  1.70329
-0.257141
 -1.72138
  1.78608
 0.247701
 -1.13998
  -2.0621
  1.70329
-0.257141
 -1.72138
  1.78608
 0.247701
 -1.13998
  -2.0621
  1.70329
-0.257141
 -1.72138
  1.78608
 0.247701
 -1.13998
  -2.0621
  1.70329
-0.257141
 -1.72138
  1.78608
 0.247701
 -1.13998
  -2.0621
  1.70329
-0.257141
 -1.72138
  1.78608
 0.247701
 -1.13998
  -2.0621
  1.70329
-0.257141
 -1.72138
  1.78608
 0.247701
 -1.13998
  -2.0621
  1.70329
-0.257141
 -1.72138
  1.78608
 0.247701
 -1.13998
  -2.0621
  1.70329
-0.257141
 -1.72138
  1.78608
 0.247701
 -1.13998
  -2.0621
  1.70329
-0.257141
 -1.72138
  1.78608
 0.247701
 -1.13998
  -2.0621
  1.70329
-0.257142
 -1.72138
  1.78608
 0.247701
 -1.13998
  -2.0621
  1.70329
-0.257142
 -1.72138
  1.78608
 0.247701
 -1.13998
  -2.0621
  1.70329
-0.257142
 -1.72138
  1.78608
 0.247701
 -1.13998
  -2.0621
  1.70329
-0.257142
 -1.72138
  1.78608
 0.247701
 -1.13998
  -2.0621
  1.70329
-0.257142
 -1.72138
  1.78608
 0.247701
 -1.13998
  -2.0621
  1.70329
-0.257142
 -1.72138
  1.78608
 0.247701
 -1.13998
  -2.0621
  1.70329
-0.257142
 -1.72138
  1.78608
 0.247701
 -1.13998
  -2.0621
  1.70329
-0.257142
 -1.72138
  1.78608
 0.247701
 -1.13998
  -2.0621
  1.70329
-0.257142
 -1.72138
  1.78608
 0.247701
 -1.13998
  -2.0621
  1.70329
-0.257142
 -1.72138
  1.78608
 0.247701
 -1.13998
  -2.0621
  1.70329
-0.257142
 -1.72138
  1.78608
 0.247701
 -1.13998
  -2.0621
  1.70329
-0.257142
 -1.72138
  1.78608
 0.247701
 -1.13998
  -2.0621
  1.70329
-0.257142
 -1.72138
  1.78608
 0.247701
 -1.13998
  -2.0621
  1.70329
-0.257143
 -1.72138
  1.78608
 0.247702
 -1.13998
  -2.0621
  1.70329
-0.257143
 -1.72138
  1.78608
 0.247701
 -1.13998
  -2.0621
  1.70329
-0.257143
 -1.72138
  1.78608
 0.247701
 -1.13998
  -2.0621
  1.70329
-0.257143
 -1.72138
  1.78608
 0.247701
 -1.13998
  -2.0621
  1.70329
-0.257143
 -1.72138
  1.78608
 0.247701
 -1.13998
  -2.0621
  1.70329
-0.257143
 -1.72138
  1.78608
 0.247701
 -1.13998
  -2.0621
  1.70329
-0.257143
 -1.72138
  1.78608
 0.247701
 -1.13998
  -2.0621
  1.70329
-0.257143
 -1.72138
  1.78608
 0.247701
 -1.13998
  -2.0621
  1.70329
-0.257143
 -1.72138
  1.78608
 0.247701
 -1.13998
  -2.0621
  1.70329
-0.257143
 -1.72138
  1.78608
 0.247701
 -1.13998
  -2.0621
  1.70329
-0.257143
 -1.72138
  1.78608
 0.247701
 -1.13998
  -2.0621
  1.70329
-0.257143
 -1.72138
  1.78608
 0.247701
 -1.13998
  -2.0621
  1.70329
-0.257143
 -1.72138
  1.78608
 0.247701
 -1.13998
  -2.0621
  1.70329
-0.257143
 -1.72138
  1.78608
 0.247701
 -1.13998
  -2.0621
  1.70329
-0.257143
 -1.72138
  1.78608
 0.247701
 -1.13998
  -2.0621
  1.70329
-0.257143
 -1.72138
  1.78608
 0.247701
 -1.13998
  -2.0621
  1.70329
-0.257143
 -1.72138
  1.78608
 0.247702
 -1.13998
  -2.0621
  1.70329
-0.257143
 -1.72138
  1.78608
 0.247701
 -1.13998
  -2.0621
  1.70329
-0.257144
 -1.72138
  1.78608
 0.247701
 -1.13998
  -2.0621
  1.70329
-0.257144
 -1.72138
  1.78608
 0.247701
 -1.13998
  -2.0621
  1.70329
-0.257144
 -1.72138
  1.78608
 0.247701
 -1.13998
  -2.0621
  1.70329
-0.257144
 -1.72138
  1.78608
 0.247701
 -1.13998
  -2.0621
  1.70329
-0.257144
 -1.72138
  1.78608
 0.247701
 -1.13998
  -2.0621
  1.70329
-0.257144
 -1.72138
  1.78608
 0.247701
 -1.13998
  -2.0621
  1.70329
-0.257144
 -1.72138
  1.78608
 0.247701
 -1.13998
  -2.0621
  1.70329
-0.257144
 -1.72138
  1.78608
 0.247701
 -1.13998
  -2.0621
  1.70329
-0.257144
 -1.72138
  1.78608
 0.247701
 -1.13999
  -2.0621
  1.70329
-0.257144
 -1.72138
  1.78608
 0.247702
 -1.13999
  -2.0621
  1.70329
-0.257144
 -1.72138
  1.78608
 0.247701
 -1.13999
  -2.0621
  1.70329
-0.257144
 -1.72138
  1.78608
 0.247702
 -1.13999
  -2.0621
  1.70329
-0.257144
 -1.72138
  1.78608
 0.247701
 -1.13999
  -2.0621
  1.70329
-0.257144
 -1.72138
  1.78608
 0.247701
 -1.13999
  -2.0621
  1.70329
-0.257144
 -1.72138
  1.78608
 0.247702
 -1.13999
  -2.0621
  1.70329
-0.257144
 -1.72138
  1.78608
 0.247701
 -1.13999
  -2.0621
  1.70329
-0.257144
 -1.72138
  1.78608
 0.247701
 -1.13999
  -2.0621
  1.70329
-0.257144
 -1.72138
  1.78608
 0.247701
 -1.13999
  -2.0621
  1.70329
-0.257144
 -1.72138
  1.78608
 0.247701
 -1.13999
  -2.0621
  1.70329
-0.257145
 -1.72138
  1.78608
 0.247702
 -1.13999
  -2.0621
  1.70329
-0.257144
 -1.72138
  1.78608
 0.247701
 -1.13999
  -2.0621
  1.70329
-0.257145
 -1.72138
  1.78608
 0.247701
 -1.13999
  -2.0621
  1.70329
-0.257145
 -1.72138
  1.78608
 0.247701
 -1.13999
  -2.0621
  1.70329
-0.257145
 -1.72138
  1.78608
 0.247701
 -1.13999
  -2.0621
  1.70329
-0.257145
 -1.72138
  1.78608
 0.247701
 -1.13999
  -2.0621
  1.70329
-0.257145
 -1.72138
  1.78608
 0.247701
 -1.13999
  -2.0621
  1.70329
-0.257145
 -1.72138
  1.78608
 0.247701
 -1.13999
  -2.0621
  1.70329
-0.257145
 -1.72138
  1.78608
 0.247702
 -1.13999
  -2.0621
  1.70329
-0.257145
 -1.72138
  1.78608
 0.247701
 -1.13999
  -2.0621
  1.70329
-0.257145
 -1.72138
  1.78608
 0.247701
 -1.13999
  -2.0621
  1.70329
-0.257145
 -1.72138
  1.78608
 0.247701
 -1.13999
  -2.0621
  1.70329
-0.257145
 -1.72138
  1.78608
 0.247701
 -1.13999
  -2.0621
  1.70329
-0.257145
 -1.72137
  1.78608
 0.247701
 -1.13999
  -2.0621
  1.70329
-0.257145
 -1.72137
  1.78608
 0.247701
 -1.13999
  -2.0621
  1.70329
-0.257145
 -1.72137
  1.78608
 0.247701
 -1.13999
  -2.0621
  1.70329
-0.257145
 -1.72137
  1.78608
 0.247701
 -1.13999
  -2.0621
  1.70329
-0.257145
 -1.72137
  1.78608
 0.247701
 -1.13999
  -2.0621
  1.70329
-0.257146
 -1.72137
  1.78608
 0.247702
 -1.13999
  -2.0621
  1.70329
-0.257146
 -1.72137
  1.78608
 0.247701
 -1.13999
  -2.0621
  1.70329
-0.257146
 -1.72137
  1.78608
 0.247701
 -1.13999
  -2.0621
  1.70329
-0.257146
 -1.72137
  1.78608
 0.247701
 -1.13999
  -2.0621
  1.70329
-0.257146
 -1.72137
  1.78608
 0.247701
 -1.13999
  -2.0621
  1.70329
-0.257146
 -1.72137
  1.78608
 0.247701
 -1.13999
  -2.0621
  1.70329
-0.257146
 -1.72137
  1.78608
 0.247701
 -1.13999
  -2.0621
  1.70329
-0.257146
 -1.72137
  1.78608
 0.247701
 -1.13999
  -2.0621
  1.70329
-0.257146
 -1.72137
  1.78608
 0.247701
 -1.13999
  -2.0621
  1.70329
-0.257146
 -1.72137
  1.78608
 0.247702
 -1.13999
  -2.0621
  1.70329
-0.257146
 -1.72137
  1.78608
 0.247701
 -1.13999
  -2.0621
  1.70329
-0.257146
 -1.72137
  1.78608
 0.247702
 -1.13999
  -2.0621
  1.70329
-0.257146
 -1.72137
  1.78608
 0.247701
 -1.13999
  -2.0621
  1.70329
-0.257147
 -1.72137
  1.78608
 0.247702
 -1.13999
  -2.0621
  1.70329
-0.257147
 -1.72137
  1.78608
 0.247701
 -1.13999
  -2.0621
  1.70329
-0.257147
 -1.72137
  1.78608
 0.247701
 -1.13999
  -2.0621
  1.70329
-0.257147
 -1.72137
  1.78608
 0.247701
 -1.13999
  -2.0621
  1.70329
-0.257147
 -1.72137
  1.78608
 0.247702
 -1.13999
  -2.0621
  1.70329
-0.257147
 -1.72137
  1.78608
 0.247701
 -1.13999
  -2.0621
  1.70329
-0.257147
 -1.72137
  1.78608
 0.247702
 -1.13999
  -2.0621
  1.70329
-0.257147
 -1.72137
  1.78608
 0.247701
 -1.13999
  -2.0621
  1.70329
-0.257147
 -1.72137
  1.78608
 0.247701
 -1.13999
  -2.0621
  1.70329
-0.257147
 -1.72137
  1.78608
 0.247701
 -1.13999
  -2.0621
  1.70329
-0.257147
 -1.72137
  1.78608
 0.247701
 -1.13999
  -2.0621
  1.70329
-0.257147
 -1.72137
  1.78608
 0.247702
 -1.13999
  -2.0621
  1.70329
-0.257147
 -1.72137
  1.78608
 0.247702
 -1.13999
  -2.0621
  1.70329
-0.257147
 -1.72137
  1.78608
 0.247702
 -1.13999
  -2.0621
  1.70329
-0.257147
 -1.72137
  1.78608
 0.247702
 -1.13999
  -2.0621
  1.70329
-0.257147
 -1.72137
  1.78608
 0.247702
 -1.13999
  -2.0621
  1.70329
-0.257147
 -1.72137
  1.78608
 0.247702
 -1.13999
  -2.0621
  1.70329
-0.257147
 -1.72137
  1.78608
 0.247701
 -1.13999
  -2.0621
  1.70329
-0.257147
 -1.72137
  1.78608
 0.247702
 -1.13999
  -2.0621
  1.70329
-0.257147
 -1.72137
  1.78608
 0.247702
 -1.13999
  -2.0621
  1.70329
-0.257147
 -1.72137
  1.78608
 0.247702
 -1.13999
  -2.0621
  1.70329
-0.257148
 -1.72137
  1.78608
 0.247701
 -1.13999
  -2.0621
  1.70329
-0.257148
 -1.72137
  1.78608
 0.247702
 -1.13999
  -2.0621
  1.70329
-0.257148
 -1.72137
  1.78608
 0.247702
 -1.13999
  -2.0621
  1.70329
-0.257148
 -1.72137
  1.78608
 0.247702
 -1.13999
  -2.0621
  1.70329
-0.257148
 -1.72137
  1.78608
 0.247702
 -1.13999
  -2.0621
  1.70329
-0.257148
 -1.72137
  1.78608
 0.247701
 -1.13999
  -2.0621
  1.70329
-0.257148
 -1.72137
  1.78608
 0.247701
 -1.13999
  -2.0621
  1.70329
-0.257148
 -1.72137
  1.78608
 0.247702
 -1.13999
  -2.0621
  1.70329
-0.257148
 -1.72137
  1.78608
 0.247702
 -1.13999
  -2.0621
  1.70329
-0.257148
 -1.72137
  1.78608
 0.247701
 -1.13999
  -2.0621
  1.70329
-0.257148
 -1.72137
  1.78608
 0.247702
 -1.13999
  -2.0621
  1.70329
-0.257148
 -1.72137
  1.78608
 0.247702
 -1.13999
  -2.0621
  1.70329
-0.257148
 -1.72137
  1.78608
 0.247702
 -1.13999
  -2.0621
  1.70329
-0.257148
 -1.72137
  1.78608
 0.247702
 -1.13999
  -2.0621
  1.70329
-0.257148
 -1.72137
  1.78608
 0.247701
 -1.13999
  -2.0621
  1.70329
-0.257148
 -1.72137
  1.78608
 0.247702
 -1.13999
  -2.0621
  1.70329
-0.257148
 -1.72137
  1.78608
 0.247701
 -1.13999
  -2.0621
  1.70329
-0.257148
 -1.72137
  1.78608
 0.247701
 -1.13999
  -2.0621
  1.70329
-0.257148
 -1.72137
  1.78608
 0.247702
 -1.13999
  -2.0621
  1.70329
-0.257148
 -1.72137
  1.78608
 0.247702
 -1.13999
  -2.0621
  1.70329
-0.257149
 -1.72137
  1.78608
 0.247702
 -1.13999
  -2.0621
  1.70329
-0.257149
 -1.72137
  1.78608
 0.247702
 -1.13999
  -2.0621
  1.70329
-0.257149
 -1.72137
  1.78608
 0.247702
 -1.13999
  -2.0621
  1.70329
-0.257149
 -1.72137
  1.78608
 0.247701
 -1.13999
  -2.0621
  1.70329
-0.257149
 -1.72137
  1.78608
 0.247702
 -1.13999
  -2.0621
  1.70329
-0.257149
 -1.72137
  1.78608
 0.247701
 -1.13999
  -2.0621
  1.70329
-0.257149
 -1.72137
  1.78608
 0.247702
 -1.13999
  -2.0621
  1.70329
-0.257149
 -1.72137
  1.78608
 0.247702
 -1.13999
  -2.0621
  1.70329
-0.257149
 -1.72137
  1.78608
 0.247702
 -1.13999
  -2.0621
  1.70329
-0.257149
 -1.72137
  1.78608
 0.247702
 -1.13999
  -2.0621
  1.70329
-0.257149
 -1.72137
  1.78608
 0.247701
 -1.13999
  -2.0621
  1.70329
-0.257149
 -1.72137
  1.78608
 0.247702
 -1.13999
  -2.0621
  1.70329
-0.257149
 -1.72137
  1.78608
 0.247702
 -1.13999
  -2.0621
  1.70329
-0.257149
 -1.72137
  1.78608
 0.247702
 -1.13999
  -2.0621
  1.70329
-0.257149
 -1.72137
  1.78608
 0.247702
 -1.13999
  -2.0621
  1.70329
-0.257149
 -1.72137
  1.78608
 0.247702
 -1.13999
  -2.0621
  1.70329
-0.257149
 -1.72137
  1.78608
 0.247702
 -1.13999
  -2.0621
  1.70329
-0.257149
 -1.72137
  1.78608
 0.247702
 -1.13999
  -2.0621
  1.70329
-0.257149
 -1.72137
  1.78608
 0.247702
 -1.13999
  -2.0621
  1.70329
-0.257149
 -1.72137
  1.78608
 0.247702
 -1.13999
  -2.0621
  1.70329
-0.257149
 -1.72137
  1.78608
 0.247702
 -1.13999
  -2.0621
  1.70329
-0.257149
 -1.72137
  1.78608
 0.247701
 -1.13999
  -2.0621
  1.70329
-0.257149
 -1.72137
  1.78608
 0.247702
 -1.13999
  -2.0621
  1.70329
-0.257149
 -1.72137
  1.78608
 0.247702
 -1.13999
  -2.0621
  1.70329
-0.257149
 -1.72137
  1.78608
 0.247702
 -1.13999
  -2.0621
  1.70329
-0.257149
 -1.72137
  1.78608
 0.247702
 -1.13999
  -2.0621
  1.70329
-0.257149
 -1.72137
  1.78608
 0.247702
 -1.13999
  -2.0621
  1.70329
-0.257149
-1.72137
 1.78608
0.247701
-1.13999
 -2.0621
 1.70329
-0.25715
-1.72137
 1.78608
0.247702
-1.13999
 -2.0621
 1.70329
-0.25715
-1.72137
 1.78608
0.247702
-1.13999
 -2.0621
 1.70329
-0.25715
-1.72137
 1.78608
0.247702
-1.13999
 -2.0621
 1.70329
-0.25715
-1.72137
 1.78608
0.247702
-1.13999
 -2.0621
 1.70329
-0.25715
-1.72137
 1.78608
0.247702
-1.13999
 -2.0621
 1.70329
-0.25715
-1.72137
 1.78608
0.247702
-1.13999
 -2.0621
 1.70329
-0.25715
-1.72137
 1.78608
0.247702
-1.13999
 -2.0621
 1.70329
-0.25715
-1.72137
 1.78608
0.247702
-1.13999
 -2.0621
 1.70329
-0.25715
-1.72137
 1.78608
0.247702
-1.13999
 -2.0621
 1.70329
-0.25715
-1.72137
 1.78608
0.247702
-1.13999
 -2.0621
 1.70329
-0.25715
-1.72137
 1.78608
0.247702
-1.13999
 -2.0621
 1.70329
-0.25715
-1.72137
 1.78608
0.247702
-1.13999
 -2.0621
 1.70329
-0.25715
-1.72137
 1.78608
0.247702
-1.13999
 -2.0621
 1.70329
-0.25715
-1.72137
 1.78608
0.247702
-1.13999
 -2.0621
 1.70329
-0.25715
-1.72137
 1.78608
0.247702
-1.13999
 -2.0621
 1.70329
-0.25715
-1.72137
 1.78608
0.247701
-1.13999
 -2.0621
 1.70329
-0.25715
-1.72137
 1.78608
0.247702
-1.13999
 -2.0621
 1.70329
-0.25715
-1.72137
 1.78608
0.247702
-1.13999
 -2.0621
 1.70329
-0.25715
-1.72137
 1.78608
0.247702
-1.13999
 -2.0621
 1.70329
-0.25715
-1.72137
 1.78608
0.247702
-1.13999
 -2.0621
 1.70329
-0.25715
 -1.72137
  1.78608
 0.247702
 -1.13999
  -2.0621
  1.70329
-0.257151
 -1.72137
  1.78608
 0.247702
 -1.13999
  -2.0621
  1.70329
-0.257151
 -1.72137
  1.78608
 0.247702
 -1.13999
  -2.0621
  1.70329
-0.257151
 -1.72137
  1.78608
 0.247702
 -1.13999
  -2.0621
  1.70329
-0.257151
 -1.72137
  1.78608
 0.247702
 -1.13999
  -2.0621
  1.70329
-0.257151
 -1.72137
  1.78608
 0.247702
 -1.13999
  -2.0621
  1.70329
-0.257151
 -1.72137
  1.78608
 0.247702
 -1.13999
  -2.0621
  1.70329
-0.257151
 -1.72137
  1.78608
 0.247702
 -1.13999
  -2.0621
  1.70329
-0.257151
 -1.72137
  1.78608
 0.247702
 -1.13999
  -2.0621
  1.70329
-0.257151
 -1.72137
  1.78608
 0.247702
 -1.13999
  -2.0621
  1.70329
-0.257151
 -1.72137
  1.78608
 0.247702
 -1.13999
  -2.0621
  1.70329
-0.257151
 -1.72137
  1.78608
 0.247702
 -1.13999
  -2.0621
  1.70329
-0.257151
 -1.72137
  1.78608
 0.247702
 -1.13999
  -2.0621
  1.70329
-0.257151
 -1.72137
  1.78608
 0.247702
 -1.13999
  -2.0621
  1.70329
-0.257151
 -1.72137
  1.78608
 0.247702
 -1.13999
  -2.0621
  1.70329
-0.257151
 -1.72137
  1.78608
 0.247702
 -1.13999
  -2.0621
  1.70329
-0.257151
 -1.72137
  1.78608
 0.247702
 -1.13999
  -2.0621
  1.70329
-0.257151
 -1.72137
  1.78608
 0.247702
 -1.13999
  -2.0621
  1.70329
-0.257151
 -1.72137
  1.78608
 0.247702
 -1.13999
  -2.0621
  1.70329
-0.257151
 -1.72137
  1.78608
 0.247702
 -1.13999
  -2.0621
  1.70329
-0.257151
 -1.72137
  1.78608
 0.247702
 -1.13999
  -2.0621
  1.70329
-0.257151
 -1.72137
  1.78608
 0.247702
 -1.13999
  -2.0621
  1.70329
-0.257151
 -1.72137
  1.78608
 0.247702
 -1.13999
  -2.0621
  1.70329
-0.257151
 -1.72137
  1.78608
 0.247702
 -1.13999
  -2.0621
  1.70329
-0.257151
 -1.72137
  1.78608
 0.247702
 -1.13999
  -2.0621
  1.70329
-0.257151
 -1.72137
  1.78608
 0.247702
 -1.13999
  -2.0621
  1.70329
-0.257152
 -1.72137
  1.78608
 0.247702
 -1.13999
  -2.0621
  1.70329
-0.257152
 -1.72137
  1.78608
 0.247702
 -1.13999
  -2.0621
  1.70329
-0.257151
 -1.72137
  1.78608
 0.247702
 -1.13999
  -2.0621
  1.70329
-0.257152
 -1.72137
  1.78608
 0.247702
 -1.13999
  -2.0621
  1.70329
-0.257152
 -1.72137
  1.78608
 0.247702
 -1.13999
  -2.0621
  1.70329
-0.257152
 -1.72137
  1.78608
 0.247702
 -1.13999
  -2.0621
  1.70329
-0.257152
 -1.72137
  1.78608
 0.247702
 -1.13999
  -2.0621
  1.70329
-0.257152
 -1.72137
  1.78608
 0.247702
 -1.13999
  -2.0621
  1.70329
-0.257152
 -1.72137
  1.78608
 0.247702
 -1.13999
  -2.0621
  1.70329
-0.257152
 -1.72137
  1.78608
 0.247702
 -1.13999
  -2.0621
  1.70329
-0.257152
 -1.72137
  1.78608
 0.247702
 -1.13999
  -2.0621
  1.70329
-0.257152
 -1.72137
  1.78608
 0.247702
 -1.13999
  -2.0621
  1.70329
-0.257152
 -1.72137
  1.78608
 0.247702
 -1.13999
  -2.0621
  1.70329
-0.257152
 -1.72137
  1.78608
 0.247702
 -1.13999
  -2.0621
  1.70329
-0.257152
 -1.72137
  1.78608
 0.247702
 -1.13999
  -2.0621
  1.70329
-0.257152
 -1.72137
  1.78608
 0.247702
 -1.13999
  -2.0621
  1.70329
-0.257152
 -1.72137
  1.78608
 0.247702
 -1.13999
  -2.0621
  1.70329
-0.257152
 -1.72137
  1.78608
 0.247702
 -1.13999
  -2.0621
  1.70329
-0.257152
 -1.72136
  1.78608
 0.247702
 -1.13999
  -2.0621
  1.70329
-0.257152
 -1.72136
  1.78608
 0.247702
 -1.13999
  -2.0621
  1.70329
-0.257152
 -1.72136
  1.78608
 0.247702
 -1.13999
  -2.0621
  1.70329
-0.257152
 -1.72136
  1.78608
 0.247702
 -1.13999
  -2.0621
  1.70329
-0.257152
 -1.72136
  1.78608
 0.247702
 -1.13999
  -2.0621
  1.70329
-0.257152
 -1.72136
  1.78608
 0.247702
 -1.13999
  -2.0621
  1.70329
-0.257152
 -1.72136
  1.78608
 0.247702
 -1.13999
  -2.0621
  1.70329
-0.257152
 -1.72136
  1.78608
 0.247702
 -1.13999
  -2.0621
  1.70329
-0.257152
 -1.72136
  1.78608
 0.247702
 -1.13999
  -2.0621
  1.70329
-0.257152
 -1.72136
  1.78608
 0.247702
 -1.13999
  -2.0621
  1.70329
-0.257152
 -1.72136
  1.78608
 0.247702
 -1.13999
  -2.0621
  1.70329
-0.257153
 -1.72136
  1.78608
 0.247702
 -1.13999
  -2.0621
  1.70329
-0.257153
 -1.72136
  1.78608
 0.247702
 -1.13999
  -2.0621
  1.70329
-0.257153
 -1.72136
  1.78608
 0.247702
 -1.13999
  -2.0621
  1.70329
-0.257153
 -1.72136
  1.78608
 0.247702
 -1.13999
  -2.0621
  1.70329
-0.257153
 -1.72136
  1.78608
 0.247702
 -1.13999
  -2.0621
  1.70329
-0.257153
 -1.72136
  1.78608
 0.247702
 -1.13999
  -2.0621
  1.70329
-0.257153
 -1.72136
  1.78608
 0.247702
 -1.13999
  -2.0621
  1.70329
-0.257153
 -1.72136
  1.78608
 0.247702
 -1.13999
  -2.0621
  1.70329
-0.257153
 -1.72136
  1.78608
 0.247702
 -1.13999
  -2.0621
  1.70329
-0.257153
 -1.72136
  1.78608
 0.247702
 -1.13999
  -2.0621
  1.70329
-0.257153
 -1.72136
  1.78608
 0.247702
 -1.13999
  -2.0621
  1.70329
-0.257153
 -1.72136
  1.78608
 0.247702
 -1.13999
  -2.0621
  1.70329
-0.257153
 -1.72136
  1.78608
 0.247702
 -1.13999
  -2.0621
  1.70329
-0.257153
 -1.72136
  1.78608
 0.247702
 -1.13999
  -2.0621
  1.70329
-0.257153
 -1.72136
  1.78608
 0.247702
 -1.13999
  -2.0621
  1.70329
-0.257153
 -1.72136
  1.78608
 0.247702
 -1.13999
  -2.0621
  1.70329
-0.257153
 -1.72136
  1.78608
 0.247702
 -1.13999
  -2.0621
  1.70329
-0.257153
 -1.72136
  1.78608
 0.247702
 -1.13999
  -2.0621
  1.70329
-0.257153
 -1.72136
  1.78608
 0.247702
 -1.13999
  -2.0621
  1.70329
-0.257153
 -1.72136
  1.78608
 0.247702
 -1.13999
  -2.0621
  1.70329
-0.257153
 -1.72136
  1.78608
 0.247702
 -1.13999
  -2.0621
  1.70329
-0.257153
 -1.72136
  1.78608
 0.247702
 -1.13999
  -2.0621
  1.70329
-0.257153
 -1.72136
  1.78608
 0.247702
 -1.13999
  -2.0621
  1.70329
-0.257153
 -1.72136
  1.78607
 0.247702
 -1.13999
  -2.0621
  1.70329
-0.257153
 -1.72136
  1.78608
 0.247702
 -1.13999
  -2.0621
  1.70329
-0.257154
 -1.72136
  1.78607
 0.247702
 -1.13999
  -2.0621
  1.70329
-0.257153
 -1.72136
  1.78608
 0.247699
 -1.13999
  -2.0621
  1.70328
-0.257154
 -1.72136
  1.78607
   0.2477
 -1.13999
  -2.0621
  1.70327
-0.257154
 -1.72136
  1.78607
 0.247699
 -1.13999
  -2.0621
  1.70326
-0.257154
 -1.72137
  1.78607
 0.247692
 -1.13999
  -2.0621
  1.70326
-0.257153
 -1.72136
  1.78607
 0.247692
 -1.13999
  -2.0621
  1.70326
-0.257153
 -1.72136
  1.78607
 0.247682
 -1.13999
 -2.06209
  1.70324
-0.257151
 -1.72136
  1.78607
 0.247669
 -1.13999
 -2.06206
  1.70322
-0.257144
 -1.72136
  1.78607
 0.247625
 -1.13999
 -2.06206
  1.70321
-0.257132
 -1.72136
  1.78607
 0.247576
 -1.13999
 -2.06206
  1.70317
-0.257118
 -1.72136
  1.78607
 0.247489
 -1.13999
 -2.06204
  1.70307
-0.257109
 -1.72135
  1.78607
 0.247398
 -1.13999
 -2.06198
  1.70295
-0.257101
 -1.72135
  1.78603
 0.247292
 -1.13996
 -2.06193
  1.70285
-0.257088
 -1.72135
    1.786
 0.247172
 -1.13995
 -2.06185
  1.70274
-0.257074
 -1.72134
  1.78604
  0.24703
 -1.14003
 -2.06176
  1.70258
-0.257034
-1.72134
 1.78604
0.246891
-1.14005
-2.06166
 1.70242
-0.25697
 -1.72134
  1.78598
 0.246748
 -1.14001
 -2.06157
  1.70228
-0.256891
 -1.72133
  1.78593
 0.246614
 -1.13997
 -2.06147
  1.70211
-0.256807
 -1.72133
  1.78587
  0.24647
 -1.13996
 -2.06139
  1.70196
-0.256723
 -1.72133
   1.7859
 0.246313
 -1.14001
 -2.06128
  1.70183
-0.256636
 -1.72133
  1.78586
 0.246157
 -1.13997
 -2.06118
  1.70175
-0.256551
 -1.72132
  1.78575
  0.24602
 -1.13992
 -2.06109
  1.70168
-0.256465
 -1.72133
  1.78567
 0.245873
 -1.13989
 -2.06102
  1.70158
-0.256378
 -1.72132
  1.78568
 0.245717
 -1.13996
 -2.06092
  1.70143
-0.256314
 -1.72132
  1.78564
 0.245563
 -1.14002
 -2.06081
   1.7013
-0.256264
 -1.72132
  1.78549
 0.245422
 -1.13999
 -2.06071
   1.7012
-0.256223
 -1.72132
  1.78536
 0.245265
 -1.14002
  -2.0606
  1.70109
-0.256175
 -1.72131
  1.78531
 0.245106
 -1.14015
 -2.06048
  1.70095
-0.256124
 -1.72132
  1.78521
 0.244928
 -1.14025
 -2.06036
  1.70083
-0.256074
 -1.72133
  1.78502
 0.244751
 -1.14024
 -2.06026
  1.70069
-0.256021
 -1.72133
  1.78496
 0.244532
 -1.14033
 -2.06014
  1.70048
-0.255974
 -1.72132
  1.78486
 0.244316
 -1.14035
 -2.06005
  1.70025
-0.255926
 -1.72132
  1.78489
 0.244049
 -1.14046
 -2.05993
  1.69999
-0.255871
 -1.72132
  1.78481
 0.243787
 -1.14047
 -2.05983
  1.69975
-0.255821
-1.72129
 1.78471
0.243557
-1.14045
 -2.0597
 1.69954
-0.25577
-1.72123
 1.78469
0.243307
-1.14052
-2.05958
 1.69933
-0.25571
 -1.72125
  1.78456
 0.242962
 -1.14043
 -2.05947
  1.69912
-0.255616
 -1.72123
  1.78458
 0.242628
 -1.14047
 -2.05933
  1.69892
-0.255502
 -1.72119
  1.78452
 0.242332
 -1.14043
 -2.05923
  1.69871
-0.255376
 -1.72118
  1.78455
 0.242007
 -1.14042
  -2.0591
  1.69844
-0.255268
 -1.72117
   1.7845
 0.241688
 -1.14039
 -2.05897
  1.69819
-0.255164
 -1.72116
  1.78454
 0.241376
  -1.1404
 -2.05884
  1.69793
-0.255053
 -1.72116
  1.78447
 0.241074
  -1.1403
 -2.05871
  1.69765
-0.254942
 -1.72114
  1.78453
 0.240761
 -1.14037
 -2.05858
   1.6974
-0.254825
 -1.72114
  1.78451
 0.240457
 -1.14031
 -2.05845
  1.69719
-0.254695
-1.72113
 1.78455
0.240127
 -1.1404
-2.05831
 1.69695
-0.25456
 -1.72114
  1.78445
  0.23979
 -1.14039
  -2.0582
  1.69671
-0.254422
 -1.72113
  1.78445
 0.239437
 -1.14048
 -2.05802
  1.69645
-0.254288
 -1.72112
  1.78446
 0.239092
 -1.14063
 -2.05783
  1.69615
-0.254172
 -1.72112
  1.78437
 0.238752
 -1.14066
 -2.05767
  1.69584
-0.254071
 -1.72111
  1.78439
 0.238404
 -1.14079
 -2.05746
  1.69554
-0.253972
  -1.7211
  1.78428
 0.238057
 -1.14083
 -2.05725
  1.69529
-0.253874
  -1.7211
  1.78425
 0.237682
 -1.14093
 -2.05702
  1.69501
-0.253786
 -1.72108
  1.78425
 0.237304
 -1.14106
 -2.05679
  1.69466
-0.253698
 -1.72106
  1.78413
 0.236938
 -1.14107
 -2.05655
  1.69429
-0.253603
 -1.72105
  1.78407
 0.236567
 -1.14115
 -2.05632
   1.6939
-0.253506
 -1.72105
  1.78403
 0.236192
 -1.14121
 -2.05609
  1.69351
-0.253399
 -1.72105
  1.78389
 0.235822
  -1.1412
 -2.05587
  1.69318
-0.253271
 -1.72105
  1.78382
 0.235428
 -1.14124
 -2.05565
  1.69286
-0.253116
 -1.72104
  1.78381
 0.235024
 -1.14135
 -2.05543
  1.69251
-0.252964
   -1.721
  1.78364
 0.234666
 -1.14134
 -2.05524
  1.69214
-0.252815
 -1.72094
  1.78352
 0.234277
 -1.14135
 -2.05503
  1.69172
-0.252652
 -1.72096
  1.78347
 0.233773
 -1.14142
 -2.05481
  1.69134
-0.252479
 -1.72096
  1.78346
 0.233256
 -1.14149
 -2.05462
  1.69102
-0.252302
 -1.72094
  1.78331
 0.232802
 -1.14145
 -2.05444
  1.69071
-0.252135
 -1.72095
  1.78314
 0.232324
 -1.14139
 -2.05422
  1.69032
-0.251974
 -1.72093
  1.78309
 0.231852
 -1.14147
 -2.05399
  1.68988
-0.251828
 -1.72094
  1.78301
 0.231364
  -1.1415
 -2.05379
  1.68946
-0.251688
 -1.72096
  1.78284
 0.230868
 -1.14145
 -2.05356
   1.6891
-0.251553
 -1.72096
  1.78266
 0.230375
 -1.14141
 -2.05333
  1.68875
-0.251412
 -1.72096
  1.78262
 0.229878
 -1.14152
  -2.0531
  1.68834
-0.251265
 -1.72095
  1.78259
  0.22939
 -1.14162
 -2.05286
  1.68787
-0.251102
-1.72097
  1.7825
0.228879
-1.14165
-2.05261
 1.68739
-0.25094
 -1.72097
  1.78233
 0.228388
 -1.14165
 -2.05234
  1.68699
-0.250778
 -1.72096
  1.78222
 0.227902
 -1.14171
 -2.05206
  1.68656
-0.250616
 -1.72096
  1.78218
 0.227387
 -1.14182
 -2.05179
  1.68609
-0.250443
 -1.72094
  1.78205
 0.226877
 -1.14186
 -2.05153
  1.68563
-0.250262
-1.72091
 1.78199
0.226355
-1.14196
-2.05127
 1.68518
-0.25009
 -1.72093
    1.782
  0.22575
 -1.14206
 -2.05098
  1.68475
-0.249924
 -1.72094
  1.78202
 0.225131
 -1.14215
 -2.05069
  1.68431
-0.249774
 -1.72091
  1.78189
 0.224557
 -1.14206
 -2.05044
  1.68384
-0.249628
  -1.7209
  1.78184
 0.223938
 -1.14208
 -2.05017
  1.68337
-0.249463
 -1.72088
  1.78187
 0.223328
 -1.14215
 -2.04989
  1.68286
-0.249266
 -1.72087
  1.78183
  0.22272
 -1.14216
  -2.0496
  1.68235
-0.249042
 -1.72088
  1.78177
 0.222101
 -1.14214
  -2.0493
  1.68184
-0.248807
-1.72086
 1.78176
0.221504
-1.14219
-2.04897
 1.68136
-0.24858
 -1.72086
  1.78173
 0.220914
 -1.14224
 -2.04865
  1.68087
-0.248355
 -1.72086
  1.78165
  0.22032
 -1.14223
 -2.04834
  1.68035
-0.248131
 -1.72082
   1.7816
 0.219746
 -1.14231
 -2.04802
  1.67981
-0.247912
 -1.72077
  1.78154
 0.219186
 -1.14241
 -2.04771
  1.67926
-0.247722
 -1.72079
  1.78147
 0.218564
 -1.14247
 -2.04738
  1.67875
-0.247544
 -1.72078
  1.78134
 0.217954
 -1.14251
 -2.04706
  1.67821
-0.247371
 -1.72071
  1.78125
 0.217386
 -1.14262
 -2.04674
  1.67766
-0.247182
 -1.72068
  1.78118
 0.216793
 -1.14272
 -2.04642
  1.67714
-0.246991
 -1.72064
  1.78109
  0.21619
 -1.14283
 -2.04611
  1.67662
-0.246781
 -1.72061
  1.78095
  0.21554
 -1.14284
 -2.04578
  1.67605
-0.246561
-1.72057
 1.78085
0.214901
-1.14292
-2.04544
 1.67551
-0.24635
 -1.72054
  1.78078
 0.214261
 -1.14303
 -2.04513
  1.67499
-0.246153
 -1.72048
  1.78063
 0.213607
 -1.14303
 -2.04483
  1.67446
-0.245949
 -1.72037
  1.78052
 0.212958
 -1.14311
  -2.0445
  1.67388
-0.245759
 -1.72037
  1.78042
 0.212235
 -1.14315
 -2.04415
  1.67333
-0.245564
 -1.72036
  1.78031
 0.211493
  -1.1432
 -2.04384
  1.67278
-0.245371
 -1.72033
  1.78015
 0.210786
 -1.14319
 -2.04352
   1.6722
-0.245167
-1.72031
 1.78005
0.210084
-1.14324
-2.04318
 1.67163
-0.24496
 -1.72028
  1.77996
 0.209366
  -1.1433
 -2.04287
   1.6711
-0.244736
 -1.72027
  1.77986
 0.208627
 -1.14335
 -2.04254
  1.67053
-0.244498
-1.72024
  1.7797
0.207915
-1.14332
 -2.0422
 1.66989
-0.24427
 -1.72019
   1.7796
   0.2072
 -1.14338
 -2.04186
  1.66928
-0.244057
  -1.7201
  1.77949
 0.206481
 -1.14342
 -2.04152
  1.66869
-0.243853
 -1.72012
  1.77937
 0.205701
 -1.14346
 -2.04116
  1.66806
-0.243642
 -1.72013
  1.77921
 0.204935
 -1.14344
 -2.04081
  1.66745
-0.243429
 -1.72008
  1.77911
 0.204253
 -1.14352
 -2.04047
  1.66686
-0.243204
 -1.72009
  1.77901
 0.203573
 -1.14356
  -2.0401
  1.66622
-0.242979
-1.72009
 1.77888
0.202868
-1.14361
-2.03975
 1.66558
-0.24274
  -1.7201
  1.77872
 0.202147
  -1.1436
 -2.03942
  1.66499
-0.242493
 -1.72006
  1.77862
 0.201471
 -1.14366
 -2.03906
  1.66439
-0.242242
 -1.72001
  1.77852
  0.20077
 -1.14366
 -2.03871
  1.66373
-0.242013
-1.72004
 1.77843
0.199941
-1.14367
-2.03833
 1.66308
 -0.2418
 -1.72003
  1.77834
  0.19914
 -1.14368
 -2.03797
  1.66241
-0.241573
 -1.72002
  1.77822
 0.198374
 -1.14366
 -2.03762
  1.66175
-0.241342
 -1.72002
  1.77815
 0.197589
 -1.14369
 -2.03725
   1.6611
-0.241104
 -1.72002
  1.77805
 0.196806
 -1.14368
 -2.03687
  1.66043
-0.240855
-1.72001
 1.77794
0.196014
-1.14369
-2.03649
 1.65978
 -0.2406
   -1.72
 1.77788
 0.19522
-1.14375
-2.03612
  1.6591
-0.24034
 -1.71998
  1.77782
 0.194434
 -1.14383
 -2.03572
  1.65841
-0.240086
-1.72002
 1.77769
0.193565
-1.14384
 -2.0353
 1.65776
-0.23986
    -1.72
  1.77761
 0.192764
 -1.14393
 -2.03489
   1.6571
-0.239637
    -1.72
  1.77752
 0.192013
 -1.14399
 -2.03447
  1.65638
-0.239401
 -1.72001
  1.77738
 0.191227
 -1.14401
 -2.03407
  1.65572
-0.239144
 -1.72001
   1.7773
 0.190458
  -1.1441
 -2.03369
  1.65508
-0.238874
 -1.71998
   1.7772
 0.189708
 -1.14414
  -2.0333
  1.65437
-0.238606
 -1.71996
   1.7771
 0.188931
 -1.14418
 -2.03291
  1.65366
-0.238343
-1.71999
   1.777
0.188111
-1.14422
-2.03252
 1.65299
-0.23809
 -1.72001
   1.7769
  0.18729
 -1.14425
 -2.03212
  1.65227
-0.237846
 -1.71998
  1.77673
  0.18652
 -1.14422
 -2.03171
  1.65157
-0.237614
-1.71999
 1.77661
0.185696
-1.14425
-2.03129
 1.65088
-0.23737
-1.71994
 1.77643
 0.18487
-1.14422
-2.03089
 1.65017
-0.23711
 -1.71986
  1.77625
 0.184036
 -1.14422
 -2.03049
  1.64948
-0.236835
 -1.71987
  1.77616
 0.183083
 -1.14427
 -2.03009
  1.64879
-0.236558
 -1.71987
  1.77605
 0.182129
 -1.14432
  -2.0297
  1.64805
-0.236293
  -1.7198
  1.77586
 0.181241
 -1.14431
 -2.02932
  1.64733
-0.236041
 -1.71979
  1.77568
 0.180318
 -1.14428
 -2.02893
   1.6466
-0.235792
 -1.71973
  1.77554
 0.179441
 -1.14431
 -2.02851
  1.64587
-0.235549
 -1.71963
  1.77538
 0.178583
 -1.14431
  -2.0281
  1.64514
-0.235302
 -1.71964
  1.77524
 0.177624
  -1.1443
 -2.02767
   1.6444
-0.235035
 -1.71965
  1.77512
 0.176683
  -1.1443
 -2.02726
  1.64366
-0.234752
  -1.7196
    1.775
  0.17581
 -1.14429
 -2.02684
  1.64292
-0.234471
 -1.71961
  1.77489
 0.174941
 -1.14429
 -2.02645
  1.64215
-0.234204
 -1.71957
  1.77478
 0.174072
 -1.14429
 -2.02606
  1.64141
-0.233957
  -1.7195
  1.77467
 0.173224
 -1.14428
 -2.02566
  1.64064
-0.233706
 -1.71954
  1.77458
 0.172275
  -1.1443
 -2.02524
  1.63988
-0.233444
 -1.71955
  1.77448
 0.171314
 -1.14431
 -2.02482
  1.63912
-0.233192
 -1.71952
  1.77435
  0.17046
 -1.14427
  -2.0244
  1.63834
-0.232924
 -1.71949
  1.77426
 0.169592
 -1.14429
 -2.02397
  1.63759
-0.232641
 -1.71942
  1.77418
 0.168742
 -1.14429
 -2.02356
  1.63681
-0.232368
 -1.71945
  1.77409
 0.167787
 -1.14427
 -2.02315
  1.63604
-0.232108
-1.71946
   1.774
0.166825
-1.14426
-2.02275
 1.63529
-0.23186
 -1.71941
  1.77392
 0.165965
 -1.14426
 -2.02234
  1.63451
-0.231611
  -1.7194
  1.77382
 0.165075
 -1.14425
  -2.0219
  1.63374
-0.231341
 -1.71935
  1.77373
  0.16421
 -1.14425
  -2.0215
  1.63297
-0.231072
 -1.71926
  1.77364
 0.163356
 -1.14425
 -2.02109
  1.63222
-0.230796
 -1.71928
  1.77354
 0.162383
 -1.14424
 -2.02066
  1.63146
-0.230511
 -1.71928
  1.77344
 0.161433
 -1.14422
 -2.02024
  1.63066
-0.230241
 -1.71923
  1.77334
 0.160544
 -1.14422
 -2.01981
  1.62989
-0.229995
-1.71918
 1.77325
0.159679
-1.14423
 -2.0194
 1.62915
-0.22975
 -1.71911
  1.77315
 0.158797
 -1.14423
 -2.01896
  1.62837
-0.229485
 -1.71912
  1.77305
 0.157811
 -1.14422
 -2.01851
   1.6276
-0.229186
 -1.71913
  1.77295
 0.156834
 -1.14421
 -2.01808
  1.62682
-0.228883
 -1.71909
  1.77285
 0.155927
 -1.14421
 -2.01765
  1.62604
-0.228579
 -1.71906
  1.77275
 0.155036
 -1.14422
 -2.01721
  1.62528
-0.228277
 -1.71899
  1.77264
 0.154131
 -1.14422
 -2.01676
  1.62453
-0.228004
 -1.71902
  1.77251
 0.153127
 -1.14417
 -2.01632
  1.62375
-0.227736
 -1.71904
   1.7724
 0.152121
 -1.14413
 -2.01587
  1.62295
-0.227461
-1.71899
 1.77234
0.151214
-1.14415
-2.01541
 1.62215
-0.22718
-1.71896
 1.77224
0.150308
 -1.1441
-2.01499
 1.62135
-0.22688
 -1.71889
  1.77213
 0.149394
 -1.14408
 -2.01455
  1.62055
-0.226602
 -1.71891
  1.77207
 0.148399
 -1.14409
 -2.01409
  1.61974
-0.226327
 -1.71891
  1.77204
 0.147399
  -1.1441
 -2.01367
  1.61892
-0.226064
 -1.71887
  1.77188
 0.146495
 -1.14399
 -2.01324
  1.61814
-0.225803
 -1.71882
  1.77175
 0.145595
 -1.14392
 -2.01279
  1.61732
-0.225538
 -1.71874
  1.77169
 0.144703
  -1.1439
 -2.01236
  1.61649
-0.225272
 -1.71876
   1.7716
 0.143689
 -1.14383
 -2.01192
   1.6157
-0.224983
 -1.71876
  1.77155
 0.142685
 -1.14385
 -2.01147
  1.61489
-0.224681
-1.71872
 1.77145
0.141758
 -1.1438
-2.01105
 1.61406
-0.22441
 -1.7187
  1.7714
0.140815
 -1.1438
 -2.0106
 1.61323
-0.22415
 -1.71862
  1.77136
 0.139893
  -1.1438
 -2.01016
  1.61239
-0.223889
-1.71866
 1.77118
0.138851
-1.14361
-2.00973
 1.61159
-0.22362
 -1.71869
  1.77104
 0.137821
 -1.14347
 -2.00928
  1.61078
-0.223354
  -1.7186
  1.77104
   0.1369
  -1.1435
 -2.00884
  1.60997
-0.223076
 -1.71856
  1.77093
 0.135964
  -1.1434
 -2.00842
  1.60917
-0.222787
 -1.71862
  1.77088
 0.134906
 -1.14339
 -2.00799
   1.6084
-0.222505
 -1.71865
  1.77082
 0.133857
 -1.14335
 -2.00756
  1.60765
-0.222244
 -1.71863
  1.77065
 0.132966
 -1.14318
 -2.00712
  1.60683
-0.221985
 -1.71861
  1.77057
 0.132086
 -1.14316
 -2.00669
  1.60601
-0.221718
 -1.71852
  1.77053
 0.131246
 -1.14318
 -2.00628
  1.60516
-0.221439
  -1.7185
  1.77049
 0.130323
  -1.1432
 -2.00585
  1.60429
-0.221155
 -1.71846
  1.77049
 0.129422
 -1.14325
 -2.00545
  1.60344
-0.220868
 -1.71833
  1.77043
 0.128636
 -1.14326
 -2.00505
  1.60262
-0.220588
 -1.71818
  1.77035
 0.127849
 -1.14324
 -2.00464
  1.60176
-0.220318
 -1.71799
  1.77039
 0.127061
 -1.14334
 -2.00423
  1.60089
-0.220072
  -1.7179
  1.77041
 0.126141
 -1.14339
  -2.0038
  1.60001
-0.219814
 -1.71777
  1.77037
 0.125252
  -1.1434
 -2.00335
  1.59918
-0.219535
 -1.71757
  1.77032
 0.124447
 -1.14339
 -2.00293
   1.5984
-0.219246
 -1.71739
  1.77037
 0.123623
 -1.14349
 -2.00251
  1.59758
-0.218958
 -1.71716
   1.7704
  0.12279
 -1.14355
  -2.0021
  1.59679
-0.218686
 -1.71699
  1.77036
 0.121865
 -1.14355
 -2.00167
  1.59602
-0.218433
 -1.71681
   1.7703
 0.120921
 -1.14352
 -2.00127
  1.59519
-0.218194
 -1.71657
  1.77033
 0.120095
 -1.14359
 -2.00086
  1.59437
-0.217965
 -1.71635
  1.77029
 0.119255
  -1.1436
 -2.00041
  1.59357
-0.217726
 -1.71625
   1.7703
 0.118306
 -1.14364
 -1.99996
   1.5928
-0.217471
-1.71617
 1.77029
 0.11734
-1.14366
-1.99954
 1.59204
 -0.2172
 -1.71605
  1.77022
 0.116483
  -1.1436
 -1.99911
  1.59125
-0.216925
 -1.71595
  1.77016
 0.115641
 -1.14355
 -1.99868
  1.59045
-0.216661
 -1.71581
  1.77023
 0.114765
 -1.14366
 -1.99827
  1.58963
-0.216413
  -1.7158
  1.77009
 0.113792
 -1.14351
 -1.99787
  1.58885
-0.216169
 -1.71578
  1.77003
 0.112804
 -1.14348
 -1.99744
  1.58809
-0.215921
 -1.71572
   1.7701
 0.111913
 -1.14358
   -1.997
  1.58726
-0.215671
 -1.71566
  1.77001
 0.111033
 -1.14348
 -1.99655
  1.58645
-0.215405
 -1.71555
  1.76997
 0.110138
 -1.14346
 -1.99611
  1.58564
-0.215123
 -1.71556
  1.76985
 0.109148
 -1.14337
  -1.9957
  1.58483
-0.214843
 -1.71555
  1.76984
  0.10816
 -1.14333
 -1.99529
  1.58398
-0.214583
  -1.7155
  1.76986
 0.107273
 -1.14338
 -1.99489
  1.58316
-0.214338
 -1.71546
  1.76974
 0.106381
 -1.14326
 -1.99448
  1.58233
-0.214094
-1.71536
 1.76975
0.105498
-1.14332
-1.99404
 1.58147
-0.21384
 -1.71538
  1.76962
 0.104508
 -1.14315
 -1.99362
  1.58063
-0.213591
 -1.71538
  1.76962
 0.103524
 -1.14311
 -1.99318
   1.5798
-0.213333
 -1.71534
  1.76956
 0.102642
 -1.14306
 -1.99277
  1.57897
-0.213059
 -1.71531
  1.76955
 0.101744
 -1.14302
 -1.99235
  1.57814
-0.212787
 -1.71524
  1.76946
 0.100863
 -1.14295
 -1.99195
  1.57735
-0.212534
 -1.71527
  1.76942
0.0998731
 -1.14288
 -1.99155
  1.57657
-0.212298
 -1.71528
  1.76933
0.0988981
 -1.14281
 -1.99114
  1.57578
-0.212057
 -1.71525
  1.76931
0.0980003
 -1.14278
 -1.99074
  1.57499
-0.211802
 -1.71522
  1.76922
0.0971092
 -1.14271
 -1.99033
  1.57427
 -0.21155
 -1.71517
  1.76919
0.0962352
 -1.14267
 -1.98991
   1.5735
-0.211298
 -1.71519
   1.7691
0.0952432
  -1.1426
 -1.98947
  1.57277
-0.211034
 -1.71521
  1.76907
0.0942743
 -1.14255
 -1.98907
    1.572
-0.210776
 -1.71517
  1.76898
 0.093388
 -1.14248
 -1.98867
  1.57124
-0.210533
 -1.71514
  1.76896
0.0925105
 -1.14242
  -1.9883
  1.57048
 -0.21031
 -1.71507
  1.76889
0.0916468
 -1.14234
 -1.98793
  1.56972
-0.210084
 -1.71509
   1.7689
0.0906692
  -1.1423
 -1.98753
  1.56895
-0.209846
 -1.71509
  1.76882
0.0897318
 -1.14219
 -1.98714
  1.56821
-0.209594
 -1.71505
  1.76871
0.0888612
 -1.14202
 -1.98676
  1.56741
-0.209339
 -1.71501
  1.76874
0.0880056
 -1.14205
 -1.98636
  1.56658
-0.209088
 -1.71494
  1.76863
0.0871488
 -1.14188
 -1.98598
  1.56578
-0.208835
 -1.71497
  1.76868
0.0861831
 -1.14193
 -1.98556
  1.56499
-0.208591
 -1.71499
  1.76858
0.0852343
  -1.1418
 -1.98519
  1.56419
-0.208368
 -1.71496
  1.76845
0.0843497
 -1.14165
 -1.98479
  1.56341
-0.208152
 -1.71497
  1.76847
0.0834596
 -1.14168
 -1.98437
  1.56261
-0.207925
 -1.71494
  1.76837
0.0825943
 -1.14156
   -1.984
   1.5618
-0.207698
 -1.71489
  1.76842
0.0817285
 -1.14164
 -1.98361
  1.56101
-0.207448
 -1.71494
  1.76828
0.0807865
 -1.14143
 -1.98325
  1.56025
  -0.2072
 -1.71495
  1.76821
0.0798495
 -1.14136
 -1.98286
  1.55953
-0.206969
 -1.71491
  1.76827
0.0790168
 -1.14141
 -1.98248
  1.55877
 -0.20674
 -1.71488
  1.76819
0.0781853
  -1.1413
 -1.98213
  1.55801
 -0.20652
 -1.71481
  1.76811
 0.077354
 -1.14124
 -1.98177
   1.5573
-0.206302
 -1.71483
  1.76798
0.0764452
 -1.14109
 -1.98139
  1.55657
-0.206087
 -1.71483
  1.76805
0.0755348
 -1.14116
 -1.98101
   1.5558
-0.205865
  -1.7148
  1.76804
0.0747086
 -1.14117
 -1.98067
  1.55506
-0.205643
  -1.7148
  1.76789
0.0738534
 -1.14097
  -1.9803
  1.55436
-0.205404
 -1.71476
  1.76792
0.0730282
   -1.141
 -1.97992
  1.55362
-0.205152
  -1.7147
   1.7679
 0.072229
 -1.14096
 -1.97957
  1.55289
-0.204927
 -1.71472
  1.76781
0.0713139
 -1.14078
 -1.97918
  1.55217
-0.204715
 -1.71473
  1.76774
0.0704237
  -1.1407
 -1.97881
  1.55146
-0.204507
 -1.71469
  1.76775
 0.069613
 -1.14069
 -1.97845
  1.55074
-0.204298
 -1.71469
  1.76778
0.0687947
 -1.14071
 -1.97807
  1.54998
-0.204089
 -1.71466
  1.76767
0.0679995
 -1.14059
 -1.97774
  1.54928
-0.203878
 -1.71458
  1.76753
0.0672069
 -1.14043
  -1.9774
   1.5486
-0.203665
 -1.71461
  1.76757
0.0663293
 -1.14047
 -1.97705
  1.54786
 -0.20344
 -1.71462
  1.76758
0.0654685
 -1.14048
 -1.97672
  1.54717
-0.203203
 -1.71459
  1.76747
0.0646654
 -1.14032
 -1.97638
   1.5465
-0.202974
 -1.71458
  1.76741
0.0638619
 -1.14022
 -1.97602
  1.54578
-0.202763
 -1.71459
  1.76734
0.0630599
 -1.14014
 -1.97567
  1.54507
-0.202573
 -1.71455
  1.76731
 0.062292
 -1.14008
 -1.97532
  1.54434
-0.202378
  -1.7145
  1.76731
0.0615412
 -1.14008
 -1.97497
  1.54364
-0.202177
 -1.71452
  1.76726
 0.060682
 -1.14002
 -1.97461
  1.54297
-0.201966
 -1.71452
  1.76719
0.0598312
 -1.13989
 -1.97429
  1.54227
 -0.20176
  -1.7145
  1.76712
0.0590843
 -1.13978
 -1.97397
  1.54161
-0.201542
  -1.7145
  1.76706
0.0583187
 -1.13969
 -1.97365
  1.54094
-0.201324
 -1.71451
  1.76704
0.0575599
 -1.13964
 -1.97334
  1.54023
-0.201109
 -1.71448
  1.76701
0.0568303
 -1.13961
 -1.97302
  1.53957
-0.200895
 -1.71445
  1.76694
0.0561029
 -1.13953
 -1.97268
  1.53894
-0.200703
 -1.71448
  1.76687
0.0552871
 -1.13939
 -1.97235
  1.53827
 -0.20053
 -1.71448
  1.76684
0.0544871
 -1.13932
 -1.97202
  1.53765
-0.200354
 -1.71445
  1.76681
0.0537589
 -1.13925
 -1.97169
  1.53703
-0.200166
 -1.71446
  1.76668
0.0530144
 -1.13908
 -1.97136
  1.53637
-0.199962
 -1.71445
  1.76659
0.0522685
 -1.13903
 -1.97102
  1.53574
-0.199754
 -1.71446
  1.76664
0.0515345
 -1.13908
 -1.97071
   1.5351
-0.199538
 -1.71443
  1.76659
0.0508403
 -1.13902
 -1.97041
  1.53445
-0.199331
  -1.7144
  1.76654
0.0501322
 -1.13899
 -1.97011
  1.53386
-0.199157
 -1.71443
  1.76654
0.0493299
 -1.13895
 -1.96981
  1.53324
-0.198993
 -1.71444
   1.7665
0.0485653
 -1.13882
 -1.96951
  1.53259
-0.198832
 -1.71439
  1.76652
0.0478314
 -1.13878
 -1.96919
  1.53198
-0.198675
 -1.71437
  1.76654
0.0470718
 -1.13872
 -1.96887
   1.5314
-0.198527
 -1.71434
  1.76653
0.0463218
 -1.13861
 -1.96857
  1.53077
-0.198387
 -1.71431
  1.76657
0.0455724
 -1.13858
 -1.96828
  1.53013
-0.198236
 -1.71425
   1.7666
0.0448845
 -1.13853
   -1.968
  1.52954
-0.198071
 -1.71418
  1.76659
  0.04424
 -1.13843
 -1.96773
  1.52895
-0.197902
 -1.71417
  1.76663
0.0435216
 -1.13838
 -1.96745
  1.52835
-0.197717
 -1.71416
  1.76667
0.0428275
 -1.13834
 -1.96719
  1.52779
-0.197529
 -1.71409
  1.76668
0.0422415
 -1.13828
 -1.96694
  1.52724
-0.197343
 -1.71406
  1.76667
0.0416306
 -1.13818
 -1.96669
  1.52665
-0.197165
 -1.71402
   1.7667
0.0410101
 -1.13814
 -1.96643
  1.52605
-0.196991
 -1.71399
  1.76668
0.0403986
 -1.13805
 -1.96615
  1.52548
 -0.19683
 -1.71395
  1.76666
0.0397989
 -1.13791
 -1.96588
   1.5249
-0.196679
 -1.71392
  1.76674
0.0391817
 -1.13794
  -1.9656
   1.5243
-0.196522
 -1.71386
  1.76677
0.0385839
  -1.1379
  -1.9653
  1.52373
-0.196369
 -1.71377
  1.76669
0.0380057
 -1.13777
 -1.96502
  1.52315
-0.196223
 -1.71376
  1.76671
0.0373288
 -1.13773
 -1.96474
  1.52257
-0.196067
 -1.71375
  1.76673
0.0366518
 -1.13771
 -1.96448
    1.522
-0.195906
 -1.7137
  1.7667
0.036073
-1.13763
-1.96422
 1.52144
-0.19573
 -1.71369
  1.76672
0.0354777
 -1.13762
 -1.96397
  1.52089
-0.195551
 -1.71367
  1.76669
0.0348709
 -1.13753
 -1.96372
  1.52042
-0.195368
 -1.71366
  1.76677
0.0342709
 -1.13756
 -1.96347
  1.51992
-0.195199
 -1.71365
  1.76683
 0.033688
  -1.1375
 -1.96322
  1.51938
-0.195038
 -1.71365
  1.76674
 0.033082
 -1.13729
 -1.96298
  1.51888
-0.194894
 -1.71364
  1.76675
0.0324741
  -1.1372
 -1.96272
  1.51839
-0.194764
 -1.71361
  1.76678
0.0319213
 -1.13723
 -1.96246
   1.5179
-0.194632
 -1.71353
  1.76673
0.0313905
 -1.13717
 -1.96219
   1.5174
-0.194496
 -1.71355
  1.76674
0.0307425
 -1.13722
  -1.9619
  1.51689
-0.194352
 -1.71355
  1.76673
0.0301005
 -1.13723
 -1.96165
  1.51639
-0.194206
 -1.71353
   1.7667
0.0295173
 -1.13714
 -1.96143
  1.51591
-0.194069
 -1.71353
  1.76671
0.0289211
 -1.13713
 -1.96122
  1.51542
-0.193937
 -1.71353
  1.76668
0.0283105
 -1.13702
 -1.96104
  1.51492
-0.193793
 -1.71353
   1.7667
0.0277374
 -1.13701
 -1.96081
  1.51448
-0.193642
 -1.71354
  1.76669
0.0272063
 -1.13699
 -1.96063
  1.51408
-0.193486
 -1.71354
  1.76666
0.0266847
  -1.1369
 -1.96044
  1.51367
-0.193354
 -1.71354
  1.76667
 0.026163
 -1.13686
 -1.96025
   1.5132
-0.193244
 -1.71355
  1.76666
0.0256502
 -1.13674
 -1.96006
  1.51273
 -0.19314
 -1.71355
  1.76668
0.0251677
 -1.13668
 -1.95983
  1.51231
-0.193046
 -1.71355
  1.76667
0.0247066
 -1.13659
 -1.95963
   1.5119
-0.192952
 -1.71352
  1.76665
  0.02428
 -1.13648
 -1.95944
  1.51146
-0.192865
 -1.71348
  1.76666
0.0238635
 -1.13642
 -1.95924
  1.51101
-0.192774
 -1.71351
  1.76665
0.0233833
 -1.13632
 -1.95903
  1.51059
 -0.19269
  -1.7135
  1.76666
0.0229377
 -1.13628
 -1.95883
   1.5102
-0.192601
 -1.71347
  1.76663
0.0225374
 -1.13616
 -1.95864
  1.50981
-0.192504
 -1.71347
  1.76666
0.0221087
 -1.13615
 -1.95843
   1.5094
-0.192384
 -1.71347
   1.7667
0.0216725
 -1.13615
 -1.95825
  1.50897
-0.192241
 -1.71347
  1.76671
0.0212215
 -1.13611
 -1.95808
  1.50857
-0.192098
 -1.71347
  1.76668
0.0207823
 -1.13604
  -1.9579
  1.50821
-0.191965
 -1.71347
  1.76665
0.0203577
 -1.13598
 -1.95771
  1.50783
-0.191836
 -1.71347
  1.76673
0.0199425
 -1.13604
 -1.95751
  1.50742
-0.191706
 -1.71347
  1.76672
0.0195165
 -1.13603
 -1.95734
  1.50702
-0.191573
 -1.71347
  1.76676
0.0190904
 -1.13608
 -1.95717
  1.50664
-0.191436
 -1.71346
  1.76675
0.0186804
 -1.13603
   -1.957
  1.50628
-0.191316
 -1.71346
   1.7668
0.0182948
 -1.13605
 -1.95681
  1.50592
-0.191223
 -1.71346
   1.7668
0.0179078
 -1.13597
 -1.95664
  1.50556
 -0.19115
 -1.71346
  1.76686
0.0175119
 -1.13598
 -1.95647
  1.50524
-0.191084
 -1.71346
  1.76688
 0.017118
 -1.13589
  -1.9563
  1.50492
-0.191018
 -1.71346
  1.76693
0.0167336
 -1.13587
 -1.95614
  1.50464
-0.190958
 -1.71346
  1.76695
0.0163705
 -1.13576
 -1.95599
  1.50436
-0.190899
 -1.71343
  1.76701
0.0160503
 -1.13575
 -1.95582
  1.50405
-0.190841
 -1.71338
  1.76705
0.0157379
 -1.13567
 -1.95567
  1.50369
-0.190785
 -1.71341
  1.76713
0.0153149
 -1.13563
 -1.95549
  1.50336
-0.190726
  -1.7134
  1.76713
0.0149003
 -1.13551
 -1.95533
  1.50308
-0.190657
 -1.71335
  1.76716
0.0145293
 -1.13535
 -1.95518
  1.50279
 -0.19057
 -1.71333
  1.76722
0.0141546
 -1.13528
 -1.95501
  1.50251
-0.190472
 -1.71331
  1.76725
0.0137816
 -1.13514
  -1.9549
  1.50225
-0.190368
 -1.71329
  1.76732
0.0134194
 -1.13509
 -1.95479
  1.50194
-0.190263
 -1.71328
  1.76733
0.0130732
 -1.13495
 -1.95469
  1.50162
-0.190158
 -1.71326
  1.76734
0.0127624
 -1.13484
 -1.95457
  1.50135
-0.190051
-1.71324
 1.76739
0.012477
-1.13484
-1.95447
 1.50112
-0.18994
 -1.71323
  1.76737
0.0122154
 -1.13477
 -1.95438
  1.50092
-0.189839
  -1.7132
  1.76735
0.0119784
 -1.13471
 -1.95428
  1.50074
-0.189753
 -1.71319
  1.76738
0.0117593
 -1.13476
 -1.95417
  1.50054
 -0.18969
 -1.71316
  1.76734
0.0115425
  -1.1347
 -1.95405
  1.50032
-0.189637
 -1.71314
  1.76731
0.0113175
 -1.13467
 -1.95393
  1.50009
-0.189594
 -1.71312
  1.76734
  0.01109
 -1.13473
 -1.95383
  1.49983
-0.189552
 -1.71311
  1.76735
0.0108575
 -1.13473
 -1.95372
  1.49955
 -0.18951
  -1.7131
  1.76737
0.0106209
 -1.13473
 -1.95361
  1.49931
-0.189467
 -1.71309
  1.76735
 0.010384
 -1.13471
 -1.95351
  1.49912
-0.189424
 -1.71309
  1.76734
0.0101575
 -1.13467
  -1.9534
  1.49895
-0.189378
 -1.71309
  1.76737
0.0099396
 -1.13468
  -1.9533
   1.4988
-0.189331
   -1.7131
    1.7674
0.00972628
  -1.13474
  -1.95322
   1.49866
 -0.189284
  -1.71309
   1.76738
0.00951703
  -1.13471
  -1.95312
   1.49849
 -0.189238
  -1.71309
   1.76737
0.00930911
  -1.13469
  -1.95303
   1.49829
 -0.189199
  -1.7131
  1.76738
0.0091037
 -1.13465
 -1.95295
  1.49808
-0.189163
   -1.7131
   1.76741
0.00890668
  -1.13466
  -1.95288
   1.49787
 -0.189125
   -1.7131
    1.7674
0.00869731
  -1.13461
  -1.95285
   1.49765
 -0.189094
   -1.7131
   1.76738
0.00851168
  -1.13455
  -1.95279
    1.4975
 -0.189064
   -1.7131
   1.76739
0.00835768
  -1.13448
  -1.95274
    1.4974
 -0.189036
  -1.71312
   1.76742
0.00822112
  -1.13448
   -1.9527
   1.49733
 -0.189008
  -1.71313
    1.7674
0.00809175
  -1.13439
  -1.95265
   1.49728
 -0.188984
  -1.71314
    1.7674
0.00797748
  -1.13435
   -1.9526
   1.49722
 -0.188958
 -1.71316
   1.7674
0.0078707
 -1.13432
 -1.95256
  1.49714
-0.188929
  -1.71317
   1.76739
0.00777297
  -1.13425
  -1.95252
   1.49706
 -0.188905
  -1.71319
    1.7674
0.00767823
  -1.13419
  -1.95248
     1.497
 -0.188886
  -1.71319
   1.76742
0.00759344
  -1.13418
  -1.95244
   1.49691
 -0.188867
   -1.7132
    1.7674
0.00750482
  -1.13412
  -1.95242
   1.49684
  -0.18885
  -1.71321
   1.76741
0.00742165
   -1.1341
  -1.95238
   1.49679
 -0.188836
  -1.71322
   1.76741
0.00734106
  -1.13406
  -1.95234
   1.49672
 -0.188822
  -1.71323
   1.76741
0.00725375
  -1.13403
  -1.95231
   1.49662
 -0.188807
  -1.71324
   1.76741
0.00716555
  -1.13401
  -1.95228
   1.49652
 -0.188788
  -1.71324
   1.76741
0.00708753
  -1.13398
  -1.95223
   1.49642
 -0.188766
  -1.71325
   1.76739
0.00701017
  -1.13393
   -1.9522
   1.49632
 -0.188742
  -1.71325
    1.7674
0.00693725
  -1.13388
  -1.95217
   1.49622
 -0.188721
 -1.71326
  1.76743
0.0068684
 -1.13389
 -1.95215
  1.49612
-0.188702
  -1.71326
   1.76741
0.00681633
  -1.13385
  -1.95212
   1.49603
 -0.188685
  -1.71326
   1.76741
0.00679829
  -1.13385
  -1.95207
   1.49601
  -0.18867
  -1.71327
   1.76741
0.00679727
  -1.13385
  -1.95204
     1.496
 -0.188657
  -1.71328
   1.76741
0.00680314
  -1.13385
  -1.95201
   1.49599
 -0.188643
  -1.71329
   1.76741
0.00680992
  -1.13384
  -1.95199
   1.49599
 -0.188634
   -1.7133
   1.76741
0.00681261
  -1.13384
  -1.95198
   1.49599
 -0.188625
  -1.71331
   1.76741
0.00681675
  -1.13385
  -1.95197
     1.496
 -0.188617
  -1.71332
   1.76741
0.00682196
  -1.13385
  -1.95197
     1.496
 -0.188609
  -1.71332
   1.76741
0.00682693
  -1.13384
  -1.95198
     1.496
 -0.188603
  -1.71333
   1.76741
0.00683137
  -1.13384
  -1.95198
     1.496
 -0.188596
  -1.71333
   1.76741
0.00683472
  -1.13385
  -1.95198
     1.496
  -0.18859
  -1.71333
   1.76741
0.00683718
  -1.13384
  -1.95199
     1.496
 -0.188586
  -1.71334
   1.76741
0.00683844
  -1.13384
    -1.952
     1.496
 -0.188581
  -1.71334
   1.76741
0.00683862
  -1.13384
  -1.95201
     1.496
 -0.188578
  -1.71334
   1.76741
0.00683874
  -1.13384
  -1.95201
     1.496
 -0.188574
  -1.71335
   1.76741
0.00683904
  -1.13384
  -1.95201
     1.496
 -0.188571
 -1.71334
  1.76741
0.0068397
 -1.13384
 -1.95202
    1.496
-0.188567
  -1.71334
   1.76741
0.00684084
  -1.13384
  -1.95202
     1.496
 -0.188564
  -1.71334
   1.76741
0.00684299
  -1.13384
  -1.95202
     1.496
  -0.18856
  -1.71334
   1.76741
0.00684545
  -1.13384
  -1.95202
     1.496
 -0.188558
  -1.71334
   1.76741
0.00684749
  -1.13384
  -1.95202
     1.496
 -0.188555
  -1.71334
   1.76741
0.00684797
  -1.13384
  -1.95202
     1.496
 -0.188551
  -1.71334
   1.76741
0.00684797
  -1.13384
  -1.95202
     1.496
 -0.188548
  -1.71334
   1.76741
0.00684743
  -1.13384
  -1.95202
     1.496
 -0.188546
  -1.71334
   1.76741
0.00684689
  -1.13384
  -1.95202
     1.496
 -0.188543
  -1.71334
   1.76741
0.00684659
  -1.13384
  -1.95202
     1.496
  -0.18854
  -1.71334
   1.76741
0.00684653
  -1.13384
  -1.95202
     1.496
 -0.188537
  -1.71334
   1.76741
0.00684671
  -1.13384
  -1.95202
     1.496
 -0.188534
  -1.71334
   1.76741
0.00684689
  -1.13384
  -1.95202
     1.496
 -0.188532
  -1.71334
   1.76741
0.00684749
  -1.13384
  -1.95202
     1.496
 -0.188529
  -1.71334
   1.76741
0.00684809
  -1.13384
  -1.95202
     1.496
 -0.188526
  -1.71334
   1.76741
0.00684839
  -1.13384
  -1.95202
     1.496
 -0.188524
  -1.71334
   1.76741
0.00684839
  -1.13384
  -1.95202
     1.496
 -0.188521
  -1.71334
   1.76741
0.00684839
  -1.13384
  -1.95202
     1.496
 -0.188519
  -1.71334
   1.76741
0.00684845
  -1.13384
  -1.95202
     1.496
 -0.188519
  -1.71334
   1.76741
0.00684839
  -1.13384
  -1.95202
     1.496
  -0.18852
  -1.71334
   1.76741
0.00684845
  -1.13384
  -1.95202
     1.496
  -0.18852
  -1.71334
   1.76741
0.00684851
  -1.13384
  -1.95202
     1.496
  -0.18852
  -1.71334
   1.76741
0.00684851
  -1.13384
  -1.95202
     1.496
  -0.18852
  -1.71334
   1.76741
0.00684851
  -1.13384
  -1.95202
     1.496
  -0.18852
  -1.71334
   1.76741
0.00684857
  -1.13384
  -1.95202
     1.496
  -0.18852
  -1.71334
   1.76741
0.00684839
  -1.13384
  -1.95202
     1.496
  -0.18852
  -1.71334
   1.76741
0.00684821
  -1.13384
  -1.95202
     1.496
  -0.18852
  -1.71334
   1.76741
0.00684797
  -1.13384
  -1.95202
     1.496
  -0.18852
  -1.71334
   1.76741
0.00684779
  -1.13384
  -1.95202
     1.496
  -0.18852
  -1.71334
   1.76741
0.00684767
  -1.13384
  -1.95202
     1.496
  -0.18852
  -1.71334
   1.76741
0.00684797
  -1.13384
  -1.95202
     1.496
  -0.18852
  -1.71334
   1.76741
0.00684797
  -1.13384
  -1.95202
     1.496
  -0.18852
  -1.71334
   1.76741
0.00684862
  -1.13384
  -1.95202
     1.496
  -0.18852
  -1.71334
   1.76741
0.00684886
  -1.13384
  -1.95202
     1.496
  -0.18852
  -1.71334
   1.76741
0.00684922
  -1.13384
  -1.95202
     1.496
  -0.18852
  -1.71334
   1.76741
0.00684928
  -1.13384
  -1.95202
     1.496
  -0.18852
  -1.71334
   1.76741
0.00684928
  -1.13384
  -1.95202
     1.496
  -0.18852
  -1.71334
   1.76741
0.00684922
  -1.13384
  -1.95202
     1.496
  -0.18852
  -1.71334
   1.76741
0.00684916
  -1.13384
  -1.95202
     1.496
  -0.18852
  -1.71334
   1.76741
0.00684898
  -1.13384
  -1.95202
     1.496
  -0.18852
  -1.71334
   1.76741
0.00684898
  -1.13384
  -1.95202
     1.496
  -0.18852
  -1.71334
   1.76741
0.00684916
  -1.13384
  -1.95202
     1.496
  -0.18852
  -1.71334
   1.76741
0.00684922
  -1.13384
  -1.95202
     1.496
  -0.18852
  -1.71334
   1.76741
0.00684916
  -1.13384
  -1.95202
     1.496
  -0.18852
  -1.71334
   1.76741
0.00684916
  -1.13384
  -1.95202
     1.496
  -0.18852
  -1.71334
   1.76741
0.00684916
  -1.13384
  -1.95202
     1.496
  -0.18852
  -1.71334
   1.76741
0.00684892
  -1.13384
  -1.95202
     1.496
  -0.18852
  -1.71334
   1.76741
0.00684874
  -1.13384
  -1.95202
     1.496
  -0.18852
  -1.71334
   1.76741
0.00684868
  -1.13384
  -1.95202
     1.496
  -0.18852
  -1.71334
   1.76741
0.00684874
  -1.13384
  -1.95202
     1.496
  -0.18852
  -1.71334
   1.76741
0.00684886
  -1.13384
  -1.95202
     1.496
  -0.18852
  -1.71334
   1.76741
0.00684874
  -1.13384
  -1.95202
     1.496
  -0.18852
  -1.71334
   1.76741
0.00684898
  -1.13384
  -1.95202
     1.496
  -0.18852
  -1.71334
   1.76741
0.00684934
  -1.13384
  -1.95202
     1.496
  -0.18852
  -1.71334
   1.76741
0.00684946
  -1.13384
  -1.95202
     1.496
  -0.18852
  -1.71334
   1.76741
0.00684964
  -1.13384
  -1.95202
     1.496
  -0.18852
 -1.71334
  1.76741
0.0068497
 -1.13384
 -1.95202
    1.496
 -0.18852
  -1.71334
   1.76741
0.00684976
  -1.13384
  -1.95202
     1.496
  -0.18852
 -1.71334
  1.76741
0.0068497
 -1.13384
 -1.95202
    1.496
 -0.18852
  -1.71334
   1.76741
0.00684958
  -1.13384
  -1.95202
     1.496
  -0.18852
  -1.71334
   1.76741
0.00684946
  -1.13384
  -1.95202
     1.496
  -0.18852
  -1.71334
   1.76741
0.00684946
  -1.13384
  -1.95202
     1.496
  -0.18852
  -1.71334
   1.76741
0.00684934
  -1.13384
  -1.95202
     1.496
  -0.18852
  -1.71334
   1.76741
0.00684928
  -1.13384
  -1.95202
     1.496
  -0.18852
  -1.71334
   1.76741
0.00684928
  -1.13384
  -1.95202
     1.496
  -0.18852
  -1.71334
   1.76741
0.00684928
  -1.13384
  -1.95202
     1.496
  -0.18852
  -1.71334
   1.76741
0.00684916
  -1.13384
  -1.95202
     1.496
  -0.18852
  -1.71334
   1.76741
0.00684916
  -1.13384
  -1.95202
     1.496
  -0.18852
  -1.71334
   1.76741
0.00684916
  -1.13384
  -1.95202
     1.496
  -0.18852
  -1.71334
   1.76741
0.00684934
  -1.13384
  -1.95202
     1.496
  -0.18852
 -1.71334
  1.76741
0.0068494
 -1.13384
 -1.95202
    1.496
 -0.18852
  -1.71334
   1.76741
0.00684964
  -1.13384
  -1.95202
     1.496
  -0.18852
  -1.71334
   1.76741
0.00684988
  -1.13384
  -1.95202
     1.496
  -0.18852
-1.71334
 1.76741
 0.00685
-1.13384
-1.95202
   1.496
-0.18852
-1.71334
 1.76741
 0.00685
-1.13384
-1.95202
   1.496
-0.18852
-1.71334
 1.76741
 0.00685
-1.13384
-1.95202
   1.496
-0.18852
-1.71334
 1.76741
 0.00685
-1.13384
-1.95202
   1.496
-0.18852
  -1.71334
   1.76741
0.00684988
  -1.13384
  -1.95202
     1.496
  -0.18852
 -1.71334
  1.76741
0.0068497
 -1.13384
 -1.95202
    1.496
 -0.18852
  -1.71334
   1.76741
0.00684964
  -1.13384
  -1.95202
     1.496
  -0.18852
  -1.71334
   1.76741
0.00684958
  -1.13384
  -1.95202
     1.496
  -0.18852
  -1.71334
   1.76741
0.00684958
  -1.13384
  -1.95202
     1.496
  -0.18852
  -1.71334
   1.76741
0.00684964
  -1.13384
  -1.95202
     1.496
  -0.18852
  -1.71334
   1.76741
0.00684958
  -1.13384
  -1.95202
     1.496
  -0.18852
  -1.71334
   1.76741
0.00684958
  -1.13384
  -1.95202
     1.496
  -0.18852
  -1.71334
   1.76741
0.00684964
  -1.13384
  -1.95202
     1.496
  -0.18852
  -1.71334
   1.76741
0.00684964
  -1.13384
  -1.95202
     1.496
  -0.18852
  -1.71334
   1.76741
0.00684964
  -1.13384
  -1.95202
     1.496
  -0.18852
 -1.71334
  1.76741
0.0068497
 -1.13384
 -1.95202
    1.496
 -0.18852
 -1.71334
  1.76741
0.0068497
 -1.13384
 -1.95202
    1.496
 -0.18852
 -1.71334
  1.76741
0.0068497
 -1.13384
 -1.95202
    1.496
 -0.18852
  -1.71334
   1.76741
0.00684976
  -1.13384
  -1.95202
     1.496
  -0.18852
  -1.71334
   1.76741
0.00684988
  -1.13384
  -1.95202
     1.496
  -0.18852
  -1.71334
   1.76741
0.00684988
  -1.13384
  -1.95202
     1.496
  -0.18852
  -1.71334
   1.76741
0.00684988
  -1.13384
  -1.95202
     1.496
  -0.18852
-1.71334
 1.76741
 0.00685
-1.13384
-1.95202
   1.496
-0.18852
  -1.71334
   1.76741
0.00684988
  -1.13384
  -1.95202
     1.496
  -0.18852
  -1.71334
   1.76741
0.00684988
  -1.13384
  -1.95203
     1.496
  -0.18852
 -1.71334
  1.76741
0.0068497
 -1.13384
 -1.95202
    1.496
 -0.18852
  -1.71334
   1.76741
0.00684964
  -1.13384
  -1.95203
     1.496
  -0.18852
 -1.71334
  1.76741
0.0068497
 -1.13384
 -1.95203
    1.496
 -0.18852
  -1.71334
   1.76741
0.00684964
  -1.13384
  -1.95203
     1.496
  -0.18852
  -1.71334
   1.76741
0.00684946
  -1.13384
  -1.95203
     1.496
  -0.18852
  -1.71334
   1.76741
0.00684964
  -1.13384
  -1.95203
     1.496
  -0.18852
  -1.71334
   1.76741
0.00684958
  -1.13384
  -1.95203
     1.496
  -0.18852
  -1.71334
   1.76741
0.00684958
  -1.13384
  -1.95203
     1.496
  -0.18852
  -1.71334
   1.76741
0.00684964
  -1.13384
  -1.95203
     1.496
  -0.18852
  -1.71334
   1.76741
0.00684976
  -1.13384
  -1.95203
     1.496
  -0.18852
 -1.71334
  1.76741
0.0068497
 -1.13384
 -1.95203
    1.496
 -0.18852
  -1.71334
   1.76741
0.00684988
  -1.13384
  -1.95203
     1.496
  -0.18852
  -1.71334
   1.76741
0.00684988
  -1.13384
  -1.95203
     1.496
  -0.18852
-1.71334
 1.76741
 0.00685
-1.13384
-1.95203
   1.496
-0.18852
  -1.71334
   1.76741
0.00684988
  -1.13384
  -1.95203
     1.496
  -0.18852
  -1.71334
   1.76741
0.00684988
  -1.13384
  -1.95203
     1.496
 -0.188519
  -1.71334
   1.76741
0.00684988
  -1.13384
  -1.95203
     1.496
  -0.18852
  -1.71334
   1.76741
0.00684988
  -1.13384
  -1.95203
     1.496
  -0.18852
 -1.71334
  1.76741
0.0068497
 -1.13384
 -1.95203
    1.496
 -0.18852
  -1.71334
   1.76741
0.00684964
  -1.13384
  -1.95203
     1.496
  -0.18852
  -1.71334
   1.76741
0.00684958
  -1.13384
  -1.95203
     1.496
  -0.18852
 -1.71334
  1.76741
0.0068497
 -1.13384
 -1.95203
    1.496
 -0.18852
  -1.71334
   1.76741
0.00684964
  -1.13384
  -1.95203
     1.496
  -0.18852
  -1.71334
   1.76741
0.00684964
  -1.13384
  -1.95203
     1.496
  -0.18852
  -1.71334
   1.76741
0.00684958
  -1.13384
  -1.95203
     1.496
  -0.18852
  -1.71334
   1.76741
0.00684976
  -1.13384
  -1.95203
     1.496
  -0.18852
  -1.71334
   1.76741
0.00684976
  -1.13384
  -1.95203
     1.496
  -0.18852
  -1.71334
   1.76741
0.00684976
  -1.13384
  -1.95203
     1.496
  -0.18852
  -1.71334
   1.76741
0.00684988
  -1.13384
  -1.95203
     1.496
  -0.18852
  -1.71334
   1.76741
0.00684976
  -1.13384
  -1.95203
     1.496
  -0.18852
  -1.71334
   1.76741
0.00684976
  -1.13384
  -1.95203
     1.496
  -0.18852
