-1.51814
 1.84144
0.466096
-1.05217
 1.14413
 1.22159
0.397135
-1.51814
 1.84144
0.466096
-1.05217
 1.14413
 1.22159
0.397135
-1.51814
 1.84144
0.466096
-1.05217
 1.14413
 1.22159
0.397135
-1.51814
 1.84144
0.466097
-1.05217
 1.14413
 1.22159
0.397135
-1.51814
 1.84144
0.466107
-1.05217
 1.14414
 1.22159
0.397129
-1.51814
 1.84144
0.466127
-1.05216
 1.14416
 1.22161
0.397122
-1.51814
 1.84144
0.466153
-1.05216
 1.14419
 1.22166
0.397094
-1.51814
 1.84143
0.466184
-1.05217
 1.14431
 1.22177
0.396983
-1.51814
 1.84142
 0.46619
-1.05222
 1.14455
 1.22198
0.396774
-1.51816
 1.84139
 0.46615
-1.05229
 1.14491
 1.22231
  0.3965
-1.51819
 1.84135
0.466006
-1.05241
 1.14536
 1.22273
0.396157
-1.51821
 1.84129
0.465808
-1.05263
 1.14591
 1.22324
0.395779
-1.51822
  1.8411
0.465571
-1.05289
 1.14656
 1.22391
0.395383
-1.51827
 1.84086
0.465138
-1.05319
 1.14732
  1.2247
0.394926
-1.51828
 1.84066
0.464537
 -1.0537
 1.14816
 1.22549
0.394408
-1.51836
 1.84038
0.463769
 -1.0542
 1.14904
 1.22633
0.393876
 -1.5184
 1.84009
0.462953
-1.05475
 1.14992
 1.22721
0.393371
-1.51841
 1.83967
0.462126
-1.05522
 1.15083
 1.22813
0.392861
-1.51846
  1.8393
0.461184
-1.05579
 1.15172
   1.229
0.392336
-1.51846
 1.83899
0.460197
-1.05646
 1.15255
 1.22976
0.391843
-1.51854
 1.83858
0.459208
-1.05698
 1.15335
 1.23046
0.391409
-1.51857
 1.83829
0.458279
-1.05757
 1.15406
 1.23109
0.391054
-1.51869
 1.83786
0.457373
-1.05789
 1.15468
  1.2317
 0.39074
-1.51875
 1.83753
0.456526
-1.05826
 1.15521
 1.23228
0.390434
-1.51885
 1.83729
0.455615
-1.05866
 1.15573
 1.23276
0.390159
-1.51891
 1.83702
0.454749
  -1.059
  1.1562
 1.23321
0.389908
-1.51908
 1.83677
0.453856
-1.05927
 1.15666
 1.23371
0.389646
-1.51915
 1.83642
0.453117
-1.05951
 1.15713
 1.23421
0.389388
-1.51921
 1.83614
0.452374
-1.05984
 1.15759
 1.23468
 0.38912
-1.51936
 1.83585
0.451569
-1.06009
 1.15805
 1.23516
0.388842
-1.51946
 1.83557
  0.4508
-1.06041
  1.1585
 1.23569
0.388549
-1.51958
 1.83528
0.450035
-1.06071
 1.15896
  1.2362
0.388236
-1.51966
 1.83494
0.449353
-1.06091
 1.15942
 1.23669
0.387949
-1.51978
 1.83467
0.448601
-1.06115
 1.15989
 1.23718
0.387676
-1.51982
 1.83437
0.447946
 -1.0614
 1.16036
 1.23773
0.387396
-1.5199
1.83416
0.44721
-1.0617
1.16084
1.23828
0.38711
-1.51993
 1.83381
0.446556
-1.06193
 1.16132
 1.23879
  0.3868
   -1.52
  1.8336
 0.44585
-1.06225
 1.16181
 1.23928
0.386479
-1.52001
 1.83339
0.445175
-1.06253
 1.16229
 1.23983
0.386151
-1.52009
  1.8331
0.444494
-1.06269
 1.16279
 1.24037
0.385845
-1.52009
 1.83288
0.443859
 -1.0629
 1.16329
 1.24085
0.385553
-1.52013
 1.83262
0.443195
-1.06308
 1.16379
 1.24137
 0.38525
-1.52013
 1.83243
0.442502
 -1.0634
 1.16428
  1.2419
0.384937
-1.52017
 1.83217
0.441776
-1.06366
 1.16477
  1.2424
0.384619
-1.52018
 1.83197
0.441086
-1.06405
 1.16526
 1.24287
0.384306
-1.52024
 1.83172
0.440365
-1.06432
 1.16577
 1.24337
0.383993
-1.52025
 1.83153
 0.43967
-1.06471
 1.16627
 1.24394
  0.3837
-1.52029
 1.83129
 0.43896
-1.06496
 1.16678
 1.24447
0.383418
-1.52031
  1.8311
0.438266
-1.06535
 1.16725
 1.24495
0.383117
-1.52038
 1.83086
0.437569
-1.06565
 1.16773
 1.24545
0.382804
-1.52041
 1.83072
0.436865
-1.06611
 1.16818
 1.24596
0.382487
-1.52049
 1.83044
0.436186
-1.06644
 1.16866
 1.24647
0.382175
 -1.5205
 1.83017
0.435529
-1.06686
 1.16914
 1.24696
 0.38188
-1.52059
 1.82992
0.434795
-1.06727
 1.16963
 1.24748
0.381592
-1.52066
 1.82962
0.434074
-1.06761
 1.17011
 1.24799
0.381312
-1.52068
 1.82934
0.433372
-1.06803
 1.17057
 1.24848
0.381011
-1.52076
 1.82903
0.432685
 -1.0683
 1.17103
 1.24896
0.380703
-1.52081
 1.82875
0.431988
-1.06864
 1.17149
 1.24945
0.380409
-1.52088
 1.82844
0.431281
-1.06882
 1.17197
 1.24999
0.380149
 -1.5209
 1.82831
0.430573
-1.06924
 1.17242
 1.25052
0.379905
-1.52098
 1.82803
  0.4299
-1.06935
 1.17292
 1.25105
0.379657
  -1.521
 1.82778
0.429245
-1.06953
 1.17341
  1.2516
0.379397
-1.52106
 1.82758
0.428538
-1.06973
 1.17391
 1.25213
0.379136
-1.52114
 1.82736
0.427837
-1.06987
 1.17438
 1.25264
0.378859
-1.52116
 1.82722
0.427125
-1.07015
 1.17483
 1.25318
0.378568
-1.52122
 1.82698
0.426453
-1.07032
 1.17529
 1.25375
0.378281
-1.52126
 1.82676
0.425788
-1.07053
 1.17577
 1.25428
0.378016
-1.52133
 1.82661
0.424999
-1.07078
 1.17626
 1.25475
0.377754
-1.52132
 1.82643
 0.42427
-1.07109
 1.17672
 1.25529
0.377481
-1.52141
 1.82629
 0.42347
-1.07136
  1.1772
 1.25582
  0.3772
-1.52149
   1.826
0.422718
-1.07159
 1.17766
 1.25632
0.376923
-1.52149
 1.82573
0.422085
-1.07191
  1.1781
 1.25681
0.376628
-1.52154
 1.82556
0.421371
-1.07229
 1.17856
 1.25731
0.376335
-1.52154
 1.82533
  0.4207
-1.07261
 1.17902
 1.25784
0.376066
-1.52162
 1.82507
0.420006
-1.07289
 1.17949
 1.25833
0.375809
-1.52168
 1.82488
0.419317
-1.07321
 1.17997
 1.25879
 0.37554
-1.52169
 1.82458
0.418709
-1.07344
 1.18044
 1.25932
0.375233
-1.52173
 1.82424
0.418072
-1.07362
  1.1809
 1.25985
0.374924
-1.52173
 1.82406
0.417408
-1.07392
 1.18134
  1.2603
0.374617
-1.52178
 1.82385
0.416725
-1.07418
 1.18179
  1.2608
0.374309
-1.52184
 1.82349
0.416081
-1.07429
 1.18227
 1.26135
0.374028
-1.52184
 1.82316
0.415479
-1.07446
 1.18273
 1.26188
0.373762
-1.52183
 1.82294
0.414833
-1.07475
 1.18319
 1.26234
0.373491
-1.52187
 1.82274
0.414059
-1.07509
 1.18364
 1.26281
0.373203
 -1.5219
 1.82238
0.413378
-1.07531
 1.18409
 1.26334
0.372905
-1.52198
 1.82208
0.412656
-1.07559
 1.18454
 1.26387
0.372617
-1.52198
 1.82178
0.412024
 -1.0759
 1.18498
 1.26436
0.372326
-1.52202
 1.82151
 0.41134
-1.07621
 1.18543
 1.26483
0.372056
-1.52211
 1.82116
0.410653
-1.07641
 1.18588
 1.26534
0.371802
-1.52211
 1.82098
0.409952
-1.07675
 1.18632
 1.26584
0.371544
-1.52218
 1.82081
0.409215
-1.07707
 1.18677
 1.26633
0.371277
-1.52227
 1.82048
0.408542
-1.07717
 1.18723
 1.26682
0.370998
-1.52228
 1.82019
0.407899
-1.07735
 1.18768
 1.26733
0.370702
-1.52233
 1.82007
0.407136
-1.07767
 1.18813
 1.26782
0.370426
-1.52241
 1.81987
0.406409
-1.07786
 1.18856
 1.26829
0.370165
-1.52243
 1.81965
0.405758
-1.07805
 1.18901
 1.26877
0.369909
-1.52251
 1.81944
0.405055
 -1.0783
 1.18947
 1.26927
0.369656
-1.52263
 1.81915
0.404361
-1.07839
 1.18993
 1.26976
0.369409
-1.52261
 1.81898
 0.40369
-1.07874
 1.19037
 1.27024
0.369139
-1.52261
  1.8188
0.402998
-1.07914
  1.1908
 1.27072
 0.36886
-1.52268
 1.81855
 0.40231
-1.07936
 1.19125
 1.27124
0.368575
-1.52265
  1.8183
0.401707
-1.07961
 1.19171
 1.27176
0.368328
 -1.5227
 1.81806
0.401055
-1.07986
 1.19215
 1.27227
0.368104
-1.52274
  1.8179
0.400394
-1.08017
 1.19258
 1.27277
0.367877
-1.52267
 1.81773
0.399812
-1.08061
 1.19301
 1.27329
0.367644
-1.52269
 1.81741
0.399213
-1.08088
 1.19345
  1.2738
0.367401
-1.52271
 1.81715
0.398546
-1.08123
 1.19385
 1.27429
 0.36715
-1.52265
  1.8169
0.397945
-1.08163
 1.19426
 1.27482
0.366889
-1.52267
 1.81665
0.397286
-1.08191
 1.19469
 1.27536
0.366625
-1.52268
 1.81639
0.396642
-1.08218
  1.1951
 1.27586
0.366363
-1.52263
 1.81609
0.396077
 -1.0824
 1.19551
 1.27635
0.366125
-1.52263
 1.81593
0.395406
-1.08274
 1.19593
 1.27684
0.365887
-1.52267
 1.81572
0.394679
-1.08294
 1.19636
 1.27733
0.365636
 -1.5226
  1.8155
0.394049
-1.08318
 1.19676
  1.2778
0.365379
 -1.5226
 1.81529
0.393392
-1.08337
 1.19719
 1.27823
0.365119
-1.52263
 1.81509
  0.3927
-1.08357
 1.19761
 1.27866
0.364852
-1.52268
 1.81487
0.392013
-1.08369
 1.19805
 1.27915
0.364585
-1.52265
  1.8147
0.391376
-1.08396
 1.19848
 1.27963
 0.36433
-1.52266
 1.81451
0.390733
-1.08416
  1.1989
 1.28006
0.364088
-1.52273
 1.81435
0.390021
-1.08439
  1.1993
 1.28052
0.363862
-1.52273
 1.81418
0.389353
-1.08458
  1.1997
 1.28099
0.363616
-1.52275
 1.81402
 0.38869
-1.08481
  1.2001
 1.28145
0.363352
-1.52283
 1.81383
0.388021
-1.08499
 1.20051
  1.2819
0.363089
-1.52293
 1.81367
 0.38735
-1.08521
 1.20093
 1.28237
0.362825
-1.52294
  1.8135
0.386806
-1.08545
 1.20135
 1.28291
0.362567
-1.52295
 1.81336
0.386238
-1.08576
 1.20174
 1.28345
0.362325
-1.52306
 1.81317
0.385616
-1.08599
 1.20212
 1.28391
0.362076
 -1.5232
 1.81295
0.385024
-1.08624
  1.2025
 1.28436
0.361845
-1.52322
 1.81275
  0.3845
-1.08654
 1.20287
 1.28486
0.361611
-1.52326
 1.81252
0.383917
-1.08679
 1.20325
 1.28538
0.361353
-1.52336
 1.81233
0.383265
-1.08706
 1.20363
 1.28584
0.361095
-1.52345
 1.81212
 0.38261
-1.08731
 1.20403
 1.28629
0.360835
-1.52346
 1.81187
0.382019
-1.08755
 1.20445
 1.28677
0.360584
-1.52346
 1.81165
 0.38142
-1.08785
 1.20485
 1.28726
0.360359
-1.52354
 1.81142
0.380759
 -1.0881
 1.20524
 1.28774
0.360134
-1.52363
 1.81118
0.380098
 -1.0883
 1.20562
 1.28819
0.359894
-1.52361
 1.81096
0.379496
-1.08858
   1.206
 1.28866
0.359662
-1.52363
 1.81073
 0.37888
-1.08878
 1.20639
 1.28916
0.359421
-1.52371
 1.81051
0.378204
-1.08898
 1.20676
 1.28964
 0.35917
-1.52379
  1.8103
0.377552
-1.08921
 1.20715
 1.29008
0.358914
-1.52378
 1.81007
0.376956
-1.08947
 1.20757
 1.29054
0.358675
-1.52381
 1.80987
0.376335
 -1.0897
 1.20797
 1.29102
0.358482
-1.52389
 1.80973
0.375682
-1.08993
 1.20834
 1.29148
0.358293
-1.52399
  1.8095
0.375062
-1.09009
 1.20872
 1.29195
0.358106
  -1.524
 1.80925
0.374555
-1.09027
 1.20911
 1.29244
0.357903
-1.52401
 1.80913
 0.37402
 -1.0906
 1.20949
 1.29295
0.357691
-1.52407
 1.80897
0.373453
-1.09091
 1.20987
 1.29342
0.357475
-1.52413
 1.80878
0.372866
 -1.0912
 1.21023
 1.29383
0.357261
-1.52425
 1.80855
0.372281
 -1.0914
 1.21061
 1.29429
 0.35703
-1.52427
 1.80845
0.371744
-1.09175
 1.21101
 1.29478
0.356803
-1.52428
 1.80836
0.371217
-1.09205
 1.21139
 1.29522
0.356587
-1.52435
 1.80816
0.370654
 -1.0922
 1.21176
 1.29566
0.356387
-1.52441
 1.80799
 0.37008
 -1.0924
 1.21214
 1.29608
0.356181
-1.52448
 1.80786
0.369474
-1.09258
 1.21252
 1.29653
0.355956
-1.52447
 1.80778
0.368939
-1.09289
 1.21287
 1.29701
0.355708
-1.52449
 1.80769
0.368383
-1.09314
 1.21323
 1.29743
0.355446
-1.52455
 1.80753
 0.36781
-1.09328
 1.21361
 1.29785
0.355198
 -1.5246
  1.8074
0.367235
-1.09346
 1.21398
 1.29829
0.354949
-1.52467
 1.80731
0.366611
-1.09364
 1.21434
 1.29875
0.354703
-1.52466
 1.80725
0.366056
-1.09392
 1.21471
  1.2992
0.354482
-1.52468
 1.80705
0.365569
-1.09406
 1.21507
 1.29961
 0.35427
-1.52472
 1.80686
0.365016
-1.09424
 1.21544
 1.30001
0.354067
-1.52476
 1.80676
0.364375
-1.09449
 1.21579
 1.30044
0.353857
 -1.5248
 1.80665
0.363733
-1.09471
 1.21613
 1.30092
0.353633
-1.52478
 1.80643
0.363246
-1.09489
 1.21649
 1.30137
0.353393
-1.52478
 1.80625
0.362741
-1.09512
 1.21684
 1.30175
0.353155
-1.52479
 1.80612
0.362109
-1.09541
 1.21719
 1.30215
0.352933
-1.52483
 1.80594
0.361495
-1.09557
 1.21754
 1.30262
0.352709
-1.52489
 1.80571
0.360913
-1.09576
  1.2179
 1.30309
0.352509
-1.52486
 1.80551
0.360439
-1.09601
 1.21826
 1.30351
0.352316
-1.52484
 1.80537
  0.3599
-1.09633
 1.21862
  1.3039
0.352124
-1.52488
 1.80514
0.359338
-1.09654
 1.21897
 1.30433
0.351929
-1.52486
   1.805
0.358772
-1.09684
 1.21931
 1.30477
0.351729
-1.52489
 1.80483
0.358178
 -1.0971
 1.21967
 1.30522
0.351515
-1.52494
 1.80459
0.357619
-1.09724
 1.22003
 1.30563
0.351288
-1.52491
  1.8044
 0.35715
-1.09748
 1.22037
 1.30602
0.351062
-1.52488
 1.80431
0.356647
-1.09778
  1.2207
 1.30645
0.350854
 -1.5249
 1.80414
0.356098
-1.09796
 1.22104
  1.3069
0.350656
-1.52489
 1.80406
0.355533
-1.09825
 1.22136
 1.30731
0.350463
-1.52489
 1.80392
0.354984
-1.09848
  1.2217
  1.3077
0.350274
-1.52494
 1.80373
0.354442
 -1.0986
 1.22203
 1.30809
0.350083
-1.52496
 1.80362
0.353897
-1.09881
 1.22234
 1.30852
0.349895
-1.52492
 1.80348
 0.35344
-1.09901
 1.22267
 1.30897
0.349699
-1.52493
 1.80341
0.352888
-1.09927
 1.22301
 1.30938
0.349496
-1.52495
 1.80332
0.352331
-1.09947
 1.22334
 1.30978
0.349283
-1.52494
 1.80317
0.351831
-1.09964
 1.22367
 1.31019
0.349063
-1.52499
 1.80303
 0.35127
-1.09976
 1.22401
 1.31061
0.348849
-1.52505
 1.80286
0.350712
 -1.0999
 1.22432
 1.31103
0.348671
-1.52502
  1.8028
0.350235
 -1.1002
 1.22464
 1.31141
 0.34849
-1.52502
 1.80259
0.349787
-1.10037
 1.22496
 1.31185
0.348311
-1.52506
 1.80248
0.349221
-1.10061
 1.22528
  1.3123
 0.34813
-1.52507
 1.80236
0.348674
-1.10082
  1.2256
 1.31275
0.347942
-1.52509
 1.80215
0.348175
 -1.1009
 1.22591
 1.31317
0.347748
-1.52508
 1.80205
0.347676
-1.10113
 1.22621
 1.31356
0.347552
-1.52512
 1.80184
0.347165
-1.10123
 1.22653
   1.314
0.347351
-1.52519
 1.80173
0.346601
-1.10144
 1.22682
 1.31444
0.347147
-1.52517
 1.80157
0.346163
-1.10166
 1.22713
 1.31488
0.346933
-1.52517
 1.80144
 0.34572
-1.10186
 1.22744
 1.31524
0.346743
-1.52521
 1.80124
0.345227
-1.10194
 1.22777
  1.3156
0.346583
-1.52519
 1.80117
0.344714
-1.10219
 1.22807
 1.31596
0.346426
 -1.5252
 1.80099
0.344239
-1.10227
 1.22839
 1.31636
 0.34626
-1.52519
 1.80093
0.343733
-1.10252
 1.22869
 1.31673
0.346084
-1.52524
 1.80071
0.343245
 -1.1026
 1.22902
 1.31708
0.345907
 -1.5253
 1.80051
0.342755
-1.10269
 1.22933
 1.31742
0.345713
-1.52525
 1.80046
0.342312
  -1.103
 1.22963
 1.31778
0.345524
-1.52525
 1.80029
0.341878
-1.10313
 1.22995
 1.31819
0.345331
-1.52529
 1.80016
0.341378
-1.10331
 1.23023
 1.31858
0.345138
-1.52528
 1.80001
0.340909
-1.10352
 1.23051
 1.31893
0.344946
-1.52528
 1.79992
0.340418
-1.10372
 1.23078
 1.31924
0.344763
-1.52529
 1.79969
0.339966
-1.10379
 1.23105
 1.31962
0.344588
 -1.5253
 1.79948
 0.33952
-1.10389
 1.23131
 1.32006
0.344433
-1.52531
 1.79945
0.338998
 -1.1042
 1.23158
 1.32048
 0.34428
-1.52536
 1.79934
0.338494
-1.10437
 1.23188
 1.32086
0.344107
-1.52535
 1.79914
0.338117
-1.10448
 1.23218
 1.32124
 0.34393
-1.52534
 1.79904
0.337708
-1.10474
 1.23248
 1.32161
0.343734
-1.52537
 1.79884
0.337245
-1.10479
 1.23278
   1.322
0.343542
-1.52536
 1.79878
0.336769
-1.10502
 1.23306
 1.32241
0.343347
-1.52535
 1.79868
0.336314
-1.10526
 1.23334
 1.32282
0.343178
-1.52536
 1.79847
0.335894
-1.10534
  1.2336
 1.32317
0.343027
-1.52535
  1.7984
0.335419
-1.10557
 1.23387
 1.32349
0.342895
-1.52533
 1.79828
0.334989
-1.10575
 1.23415
 1.32384
0.342761
-1.52536
 1.79811
0.334536
-1.10581
 1.23441
 1.32422
0.342622
 -1.5254
 1.79793
0.334091
-1.10594
 1.23466
 1.32463
0.342483
-1.52535
 1.79787
0.333676
 -1.1062
 1.23495
 1.32498
0.342348
-1.52533
 1.79782
0.333254
 -1.1065
 1.23525
 1.32529
0.342215
-1.52538
 1.79759
 0.33281
-1.10653
 1.23555
 1.32563
0.342077
-1.52536
 1.79749
0.332378
-1.10671
 1.23581
 1.32598
0.341916
-1.52535
  1.7974
0.331955
-1.10688
 1.23612
 1.32635
0.341733
-1.52535
 1.79725
0.331525
-1.10697
 1.23639
 1.32671
 0.34155
-1.52533
 1.79708
0.331121
-1.10711
 1.23664
 1.32704
 0.34136
-1.52532
   1.797
0.330678
-1.10734
 1.23687
 1.32735
0.341179
-1.52531
 1.79692
0.330241
-1.10756
  1.2371
 1.32768
0.341008
-1.52533
 1.79668
0.329831
 -1.1076
 1.23735
 1.32806
0.340857
-1.52537
 1.79652
0.329365
-1.10775
 1.23757
 1.32843
0.340713
 -1.5253
 1.79646
 0.32897
-1.10797
  1.2378
 1.32875
0.340561
-1.52527
 1.79637
0.328562
-1.10822
 1.23803
 1.32908
0.340405
-1.52532
 1.79616
0.328116
-1.10827
 1.23827
 1.32943
0.340245
-1.52532
 1.79599
0.327688
-1.10839
 1.23852
 1.32977
0.340093
-1.52533
 1.79577
0.327248
-1.10844
 1.23879
 1.33012
0.339941
-1.52532
 1.79573
0.326737
-1.10867
 1.23904
 1.33047
0.339775
-1.52535
  1.7956
0.326255
-1.10874
  1.2393
 1.33079
0.339602
-1.52539
 1.79545
 0.32577
-1.10885
 1.23955
 1.33114
0.339427
-1.52544
 1.79531
0.325276
-1.10892
  1.2398
 1.33151
0.339258
-1.52554
 1.79515
 0.32474
-1.10893
 1.24006
 1.33186
0.339086
-1.52565
 1.79496
0.324217
-1.10894
 1.24028
 1.33217
0.338956
-1.52578
 1.79473
0.323706
-1.10893
 1.24052
 1.33243
0.338847
-1.52595
 1.79467
0.323098
-1.10909
 1.24073
 1.33267
0.338739
-1.52618
 1.79455
0.322492
-1.10916
 1.24098
 1.33292
0.338629
-1.52636
 1.79432
0.322015
-1.10913
 1.24122
  1.3332
0.338517
-1.52652
 1.79418
0.321521
-1.10919
 1.24144
 1.33349
0.338395
-1.52674
 1.79404
0.320991
-1.10919
 1.24169
 1.33379
0.338261
-1.52695
 1.79387
0.320451
-1.10915
 1.24195
 1.33408
0.338127
-1.52715
 1.79376
0.319933
-1.10921
 1.24219
 1.33437
0.337993
-1.52735
 1.79362
 0.31945
-1.10926
 1.24244
 1.33465
0.337861
-1.52756
 1.79346
0.318975
-1.10924
 1.24269
 1.33492
0.337726
-1.52772
 1.79336
0.318489
-1.10935
 1.24293
 1.33523
0.337582
-1.52787
 1.79325
0.318018
-1.10943
 1.24316
 1.33558
0.337433
-1.52804
 1.79302
0.317588
-1.10939
 1.24339
 1.33594
0.337284
-1.52818
 1.79282
0.317166
-1.10948
 1.24361
 1.33626
0.337143
-1.52826
 1.79277
0.316721
-1.10971
 1.24383
 1.33653
 0.33701
-1.52835
 1.79268
0.316291
-1.10991
 1.24403
 1.33679
0.336892
-1.52845
 1.79252
0.315909
-1.10995
 1.24424
 1.33709
0.336782
 -1.5285
 1.79242
 0.31554
 -1.1101
 1.24444
  1.3374
0.336672
-1.52857
 1.79233
0.315162
-1.11022
 1.24466
 1.33774
0.336564
-1.52865
 1.79223
0.314801
-1.11035
 1.24486
 1.33809
0.336446
-1.52865
 1.79213
 0.31452
-1.11053
 1.24508
  1.3384
0.336305
-1.52866
 1.79211
0.314193
-1.11082
 1.24531
 1.33868
0.336148
-1.52869
 1.79196
0.313857
 -1.1109
 1.24553
 1.33893
0.335982
-1.52869
 1.79185
0.313537
-1.11102
 1.24573
 1.33918
0.335825
-1.52867
 1.79184
0.313205
-1.11125
 1.24595
 1.33947
 0.33568
-1.52865
 1.79178
0.312893
-1.11143
 1.24615
  1.3398
0.335528
-1.52865
 1.79165
0.312599
-1.11155
 1.24636
 1.34012
0.335378
-1.52863
 1.79157
0.312292
-1.11176
 1.24656
 1.34039
 0.33523
 -1.5286
 1.79148
0.311982
-1.11191
 1.24677
 1.34061
0.335107
-1.52856
 1.79139
0.311666
-1.11204
 1.24697
 1.34083
0.335018
-1.52852
 1.79128
0.311365
-1.11218
 1.24717
 1.34104
0.334931
-1.52848
 1.79118
0.311065
-1.11231
 1.24736
  1.3413
0.334848
-1.52844
 1.79109
0.310763
-1.11248
 1.24755
 1.34157
0.334763
 -1.5284
 1.79104
0.310453
-1.11269
 1.24772
 1.34186
0.334679
-1.52837
 1.79096
0.310141
-1.11281
 1.24789
 1.34216
0.334596
-1.52835
 1.79082
0.309843
-1.11288
 1.24807
 1.34244
0.334511
-1.52831
  1.7907
0.309553
-1.11297
 1.24825
 1.34265
0.334418
-1.52826
 1.79067
0.309239
-1.11313
 1.24842
 1.34285
0.334303
-1.52821
 1.79058
0.308952
-1.11324
 1.24861
 1.34307
0.334176
-1.52816
 1.79051
0.308664
-1.11336
 1.24879
 1.34331
0.334033
-1.52812
 1.79048
0.308369
-1.11353
 1.24896
 1.34358
 0.33388
-1.52811
 1.79045
0.308042
-1.11366
 1.24912
 1.34385
0.333729
-1.52813
 1.79032
 0.30774
-1.11366
 1.24932
 1.34414
0.333584
-1.52808
 1.79022
0.307518
-1.11375
 1.24951
  1.3444
0.333457
-1.52803
  1.7902
 0.30726
-1.11391
 1.24968
 1.34459
0.333326
-1.52804
 1.79017
0.306948
-1.11405
 1.24984
 1.34478
0.333206
-1.52802
 1.79016
0.306655
-1.11421
 1.25001
   1.345
0.333124
-1.52802
 1.79004
0.306393
-1.11424
 1.25018
 1.34525
0.333052
-1.52799
 1.78994
0.306159
 -1.1143
 1.25034
  1.3455
0.332979
-1.52797
 1.78998
0.305844
-1.11448
 1.25051
 1.34577
0.332914
-1.52794
 1.78998
 0.30553
-1.11463
 1.25068
 1.34603
0.332845
-1.52792
 1.78986
0.305285
-1.11465
 1.25085
  1.3463
0.332773
-1.52791
 1.78978
0.305012
-1.11473
 1.25103
 1.34655
0.332706
-1.52788
  1.7898
0.304715
-1.11487
  1.2512
 1.34673
0.332637
-1.52787
 1.78979
 0.30443
-1.11495
 1.25137
 1.34692
0.332561
-1.52785
 1.78973
0.304189
-1.11502
 1.25153
 1.34715
0.332464
-1.52784
 1.78964
0.303944
-1.11504
 1.25167
 1.34736
0.332347
-1.52782
 1.78967
0.303651
 -1.1152
  1.2518
 1.34759
0.332229
 -1.5278
 1.78967
0.303359
-1.11532
 1.25193
 1.34786
0.332106
-1.52779
  1.7896
0.303123
-1.11533
 1.25208
 1.34811
0.331982
-1.52778
 1.78954
0.302877
-1.11539
 1.25223
 1.34832
0.331856
-1.52776
 1.78954
0.302624
-1.11548
 1.25235
  1.3485
0.331722
-1.52775
 1.78949
0.302392
-1.11549
 1.25249
 1.34867
0.331586
-1.52771
 1.78953
0.302135
 -1.1157
 1.25263
 1.34883
0.331481
-1.52769
  1.7895
 0.30189
 -1.1158
 1.25278
 1.34901
0.331415
-1.52768
 1.78939
0.301672
-1.11583
 1.25293
 1.34921
 0.33136
-1.52768
  1.7893
0.301439
-1.11586
 1.25308
 1.34941
0.331302
-1.52766
 1.78928
0.301167
-1.11599
 1.25321
 1.34961
0.331241
-1.52763
 1.78926
0.300915
-1.11614
 1.25334
 1.34982
0.331181
-1.52761
 1.78922
0.300675
-1.11623
 1.25347
 1.35001
0.331123
-1.52762
 1.78906
0.300448
-1.11624
 1.25361
 1.35019
0.331063
 -1.5276
 1.78898
0.300244
-1.11632
 1.25373
 1.35034
0.331004
-1.52757
 1.78895
 0.30001
 -1.1165
 1.25387
 1.35049
0.330947
-1.52756
 1.78885
 0.29978
-1.11654
 1.25403
 1.35069
0.330885
-1.52755
 1.78876
0.299565
-1.11658
 1.25416
  1.3509
0.330818
-1.52755
  1.7886
0.299377
-1.11655
 1.25431
 1.35112
0.330745
-1.52752
 1.78857
0.299159
-1.11663
 1.25446
 1.35131
0.330664
-1.52751
 1.78855
0.298934
-1.11668
 1.25459
 1.35152
0.330572
 -1.5275
 1.78847
 0.29874
-1.11668
 1.25472
 1.35174
0.330479
-1.52748
 1.78846
0.298526
-1.11676
 1.25482
  1.3519
0.330389
-1.52751
 1.78837
0.298335
-1.11673
 1.25494
 1.35201
0.330304
-1.52756
 1.78837
 0.29809
-1.11679
 1.25507
 1.35213
0.330217
-1.52753
 1.78833
 0.29797
 -1.1168
 1.25518
 1.35227
0.330127
-1.52752
 1.78835
0.297815
-1.11695
 1.25527
 1.35237
0.330031
-1.52753
 1.78831
0.297616
-1.11699
 1.25538
 1.35248
0.329939
-1.52752
 1.78832
 0.29741
-1.11716
 1.25546
 1.35259
0.329849
-1.52753
 1.78821
0.297217
-1.11721
 1.25557
 1.35276
0.329761
-1.52752
 1.78819
0.296994
-1.11736
 1.25567
 1.35294
0.329664
-1.52752
 1.78813
0.296806
 -1.1175
 1.25579
 1.35313
 0.32959
-1.52752
 1.78809
0.296589
-1.11763
 1.25591
  1.3533
0.329541
-1.52752
 1.78799
0.296414
-1.11764
 1.25603
 1.35351
0.329502
-1.52752
 1.78797
0.296217
-1.11776
 1.25614
 1.35368
0.329463
-1.52752
 1.78788
0.296054
-1.11772
 1.25626
 1.35384
0.329426
-1.52751
 1.78785
0.295878
-1.11781
 1.25636
 1.35396
 0.32939
-1.52752
 1.78774
0.295721
-1.11773
 1.25649
 1.35411
0.329353
-1.52752
 1.78771
 0.29555
-1.11781
 1.25658
 1.35422
0.329322
-1.52752
  1.7876
0.295417
-1.11771
  1.2567
 1.35434
0.329293
-1.52752
 1.78761
0.295234
-1.11776
 1.25674
 1.35446
0.329263
-1.52752
 1.78748
0.295103
 -1.1176
  1.2568
 1.35459
0.329236
-1.52752
 1.78739
0.294976
-1.11752
 1.25686
 1.35471
0.329203
-1.52751
 1.78741
0.294819
 -1.1176
 1.25693
 1.35485
0.329151
-1.52751
 1.78737
0.294663
-1.11756
   1.257
 1.35502
0.329089
-1.52751
 1.78739
0.294502
-1.11768
 1.25707
 1.35518
0.329023
-1.52752
 1.78729
0.294382
-1.11757
 1.25716
 1.35534
0.328953
-1.52752
 1.78729
0.294229
-1.11762
  1.2572
 1.35548
0.328881
-1.52752
 1.78729
0.294079
 -1.1177
 1.25727
 1.35557
0.328812
-1.52753
 1.78725
0.293938
-1.11769
 1.25735
 1.35562
0.328747
-1.52752
 1.78728
 0.29378
-1.11788
 1.25742
 1.35568
0.328679
-1.52753
 1.78718
0.293657
-1.11787
 1.25751
 1.35574
0.328618
-1.52753
 1.78713
0.293533
-1.11797
 1.25757
  1.3558
 0.32856
-1.52752
 1.78713
0.293382
-1.11809
 1.25763
 1.35584
  0.3285
-1.52753
 1.78706
0.293254
-1.11822
 1.25771
 1.35589
0.328445
-1.52753
 1.78697
0.293156
-1.11821
 1.25778
 1.35598
 0.32839
-1.52752
 1.78699
0.293019
-1.11842
 1.25782
 1.35607
0.328335
-1.52752
 1.78691
0.292906
-1.11851
 1.25791
 1.35617
0.328281
-1.52753
 1.78678
0.292814
-1.11855
 1.25798
 1.35627
0.328227
-1.52752
 1.78667
0.292723
-1.11868
 1.25804
 1.35639
0.328178
-1.52752
 1.78668
0.292583
-1.11889
  1.2581
 1.35649
 0.32815
-1.52753
 1.78661
0.292453
-1.11894
 1.25817
 1.35663
0.328132
-1.52752
 1.78651
 0.29238
-1.11894
 1.25822
 1.35676
0.328113
-1.52752
 1.78654
0.292275
-1.11902
 1.25828
 1.35686
0.328093
-1.52752
 1.78647
0.292193
-1.11892
 1.25835
 1.35699
 0.32807
-1.52752
 1.78645
0.292117
-1.11894
 1.25842
 1.35717
0.328049
-1.52752
 1.78641
0.292031
-1.11894
 1.25849
 1.35733
0.328026
-1.52753
 1.78642
 0.29193
-1.11894
 1.25854
  1.3574
0.328003
-1.52752
 1.78644
 0.29183
-1.11897
 1.25859
 1.35742
0.327979
-1.52753
 1.78636
0.291769
-1.11891
 1.25864
 1.35745
0.327953
-1.52753
 1.78627
0.291712
-1.11884
  1.2587
 1.35748
0.327927
-1.52752
 1.78632
0.291636
-1.11894
 1.25875
 1.35748
0.327903
-1.52752
 1.78634
0.291563
-1.11902
  1.2588
 1.35751
0.327879
-1.52753
 1.78631
0.291519
-1.11904
 1.25884
 1.35754
0.327852
-1.52754
 1.78629
0.291469
-1.11902
 1.25889
 1.35756
0.327826
-1.52754
 1.78627
0.291415
-1.11902
 1.25894
 1.35758
0.327798
-1.52753
 1.78621
0.291369
-1.11899
 1.25899
  1.3576
0.327774
-1.52753
 1.78627
0.291292
-1.11913
 1.25903
 1.35762
0.327749
-1.52753
 1.78624
0.291235
-1.11926
 1.25907
 1.35765
0.327722
-1.52754
 1.78618
0.291191
-1.11929
 1.25912
 1.35772
0.327701
-1.52754
 1.78619
0.291138
-1.11943
 1.25917
 1.35779
0.327679
-1.52754
 1.78614
0.291097
-1.11947
  1.2592
 1.35784
0.327658
-1.52753
 1.78612
0.291062
-1.11956
 1.25923
 1.35789
0.327637
-1.52753
 1.78615
0.291006
-1.11972
 1.25926
 1.35795
 0.32761
-1.52754
  1.7861
0.290961
-1.11975
  1.2593
 1.35799
0.327582
-1.52753
 1.78605
0.290928
-1.11978
 1.25932
 1.35805
0.327554
-1.52753
 1.78603
0.290881
-1.11979
 1.25933
 1.35808
0.327527
-1.52753
   1.786
 0.29084
-1.11978
 1.25935
 1.35809
0.327504
-1.52753
 1.78598
0.290796
-1.11979
 1.25937
  1.3581
0.327482
-1.52753
 1.78596
0.290751
-1.11978
 1.25938
 1.35813
0.327465
-1.52753
 1.78593
0.290701
-1.11976
 1.25939
 1.35816
0.327462
-1.52753
 1.78587
0.290666
-1.11973
 1.25939
 1.35819
0.327462
-1.52754
  1.7858
0.290621
 -1.1197
  1.2594
  1.3582
0.327462
-1.52754
 1.78578
0.290569
-1.11971
 1.25942
  1.3582
0.327462
-1.52753
 1.78575
0.290517
-1.11973
 1.25945
 1.35823
0.327462
-1.52754
 1.78569
0.290479
-1.11968
 1.25946
 1.35827
0.327461
-1.52754
 1.78567
0.290461
-1.11966
 1.25947
 1.35829
0.327461
-1.52754
 1.78565
0.290446
-1.11965
 1.25949
 1.35831
0.327461
-1.52754
 1.78563
0.290442
-1.11963
  1.2595
 1.35832
0.327461
-1.52754
 1.78562
0.290429
-1.11963
  1.2595
 1.35833
0.327461
-1.52754
 1.78562
 0.29043
-1.11962
 1.25951
 1.35835
 0.32746
-1.52754
 1.78562
0.290424
-1.11961
 1.25952
 1.35836
 0.32746
-1.52754
 1.78562
0.290424
-1.11961
 1.25952
 1.35837
 0.32746
-1.52754
 1.78563
0.290425
-1.11961
 1.25951
 1.35838
 0.32746
-1.52754
 1.78564
 0.29043
-1.11961
 1.25951
 1.35839
 0.32746
-1.52754
 1.78565
0.290436
-1.11961
 1.25951
  1.3584
 0.32746
-1.52754
 1.78566
0.290442
-1.11962
 1.25951
 1.35841
 0.32746
-1.52754
 1.78566
0.290451
-1.11962
 1.25951
 1.35841
0.327459
-1.52754
 1.78567
0.290458
-1.11962
 1.25951
 1.35842
0.327459
-1.52754
 1.78568
 0.29046
-1.11963
 1.25951
 1.35843
0.327459
-1.52754
 1.78568
0.290462
-1.11963
 1.25951
 1.35843
0.327459
-1.52754
 1.78569
0.290468
-1.11964
 1.25951
 1.35844
0.327459
-1.52754
 1.78569
0.290475
-1.11965
 1.25951
 1.35844
0.327459
-1.52754
  1.7857
0.290481
-1.11966
 1.25951
 1.35845
0.327458
-1.52754
 1.78571
0.290487
-1.11967
 1.25951
 1.35845
0.327458
-1.52754
 1.78572
0.290491
-1.11968
 1.25951
 1.35845
0.327458
-1.52754
 1.78573
0.290495
-1.11969
 1.25951
 1.35846
0.327458
-1.52754
 1.78574
0.290499
-1.11969
 1.25951
 1.35846
0.327458
-1.52754
 1.78575
0.290502
 -1.1197
 1.25951
 1.35846
0.327458
-1.52754
 1.78576
0.290503
 -1.1197
 1.25951
 1.35846
0.327458
-1.52754
 1.78576
0.290505
-1.11971
 1.25951
 1.35847
0.327458
-1.52754
 1.78577
0.290506
-1.11972
 1.25951
 1.35847
0.327458
-1.52754
 1.78578
0.290507
-1.11972
 1.25951
 1.35847
0.327457
-1.52754
 1.78578
0.290508
-1.11973
 1.25951
 1.35847
0.327457
-1.52754
 1.78579
0.290509
-1.11973
 1.25951
 1.35847
0.327457
-1.52754
 1.78579
0.290511
-1.11973
 1.25951
 1.35847
0.327457
-1.52754
 1.78579
0.290512
-1.11973
 1.25951
 1.35847
0.327457
-1.52754
  1.7858
0.290513
-1.11973
 1.25951
 1.35847
0.327457
-1.52754
  1.7858
0.290514
-1.11973
 1.25951
 1.35847
0.327457
-1.52754
  1.7858
0.290515
-1.11974
 1.25951
 1.35847
0.327457
-1.52754
 1.78581
0.290516
-1.11974
 1.25951
 1.35847
0.327456
-1.52754
 1.78581
0.290516
-1.11974
 1.25951
 1.35847
0.327456
-1.52754
 1.78581
0.290516
-1.11974
 1.25951
 1.35847
0.327456
-1.52754
 1.78581
0.290517
-1.11974
 1.25951
 1.35847
0.327456
-1.52754
 1.78581
0.290518
-1.11974
 1.25951
 1.35847
0.327456
-1.52754
 1.78582
0.290518
-1.11974
 1.25951
 1.35847
0.327456
-1.52754
 1.78582
0.290518
-1.11974
 1.25951
 1.35847
0.327456
-1.52754
 1.78582
0.290518
-1.11975
 1.25951
 1.35847
0.327456
-1.52754
 1.78582
0.290519
-1.11975
 1.25951
 1.35847
0.327456
-1.52754
 1.78582
0.290519
-1.11975
 1.25951
 1.35847
0.327456
-1.52754
 1.78582
0.290519
-1.11975
 1.25951
 1.35847
0.327456
-1.52754
 1.78582
 0.29052
-1.11975
 1.25951
 1.35847
0.327455
-1.52754
 1.78582
 0.29052
-1.11975
 1.25951
 1.35847
0.327455
-1.52754
 1.78583
0.290521
-1.11975
 1.25951
 1.35847
0.327455
-1.52754
 1.78583
0.290522
-1.11975
 1.25951
 1.35847
0.327455
-1.52754
 1.78583
0.290522
-1.11975
 1.25951
 1.35847
0.327455
-1.52754
 1.78583
0.290523
-1.11975
 1.25951
 1.35847
0.327455
-1.52754
 1.78583
0.290523
-1.11975
 1.25951
 1.35847
0.327455
-1.52754
 1.78583
0.290523
-1.11975
 1.25951
 1.35847
0.327455
-1.52754
 1.78583
0.290523
-1.11975
 1.25951
 1.35847
0.327455
-1.52754
 1.78583
0.290524
-1.11975
 1.25951
 1.35847
0.327455
-1.52754
 1.78583
0.290524
-1.11975
 1.25951
 1.35847
0.327455
-1.52754
 1.78583
0.290524
-1.11975
 1.25951
 1.35847
0.327455
-1.52754
 1.78583
0.290524
-1.11975
 1.25951
 1.35847
0.327455
-1.52754
 1.78583
0.290524
-1.11975
 1.25951
 1.35847
0.327454
-1.52754
 1.78583
0.290525
-1.11975
 1.25951
 1.35847
0.327454
-1.52754
 1.78583
0.290525
-1.11975
 1.25951
 1.35847
0.327454
-1.52754
 1.78583
0.290525
-1.11975
 1.25951
 1.35847
0.327454
-1.52754
 1.78583
0.290525
-1.11975
 1.25951
 1.35847
0.327454
-1.52754
 1.78583
0.290525
-1.11975
 1.25951
 1.35847
0.327454
-1.52754
 1.78583
0.290525
-1.11975
 1.25951
 1.35847
0.327454
-1.52754
 1.78583
0.290525
-1.11975
 1.25951
 1.35847
0.327454
-1.52754
 1.78583
0.290526
-1.11975
 1.25951
 1.35847
0.327454
-1.52754
 1.78583
0.290526
-1.11975
 1.25951
 1.35847
0.327454
-1.52754
 1.78583
0.290526
-1.11975
 1.25951
 1.35847
0.327453
-1.52754
 1.78583
0.290526
-1.11976
 1.25951
 1.35847
0.327453
-1.52754
 1.78583
0.290526
-1.11976
 1.25951
 1.35847
0.327453
-1.52754
 1.78583
0.290526
-1.11976
 1.25951
 1.35847
0.327453
-1.52754
 1.78583
0.290526
-1.11976
 1.25951
 1.35847
0.327453
-1.52754
 1.78583
0.290526
-1.11976
 1.25951
 1.35847
0.327453
-1.52754
 1.78583
0.290526
-1.11976
 1.25951
 1.35847
0.327453
-1.52754
 1.78583
0.290526
-1.11976
 1.25951
 1.35847
0.327453
-1.52754
 1.78583
0.290527
-1.11976
 1.25951
 1.35847
0.327453
-1.52754
 1.78584
0.290527
-1.11976
 1.25951
 1.35847
0.327453
-1.52754
 1.78584
0.290527
-1.11976
 1.25951
 1.35847
0.327453
-1.52754
 1.78584
0.290527
-1.11976
 1.25951
 1.35847
0.327453
-1.52754
 1.78584
0.290527
-1.11976
 1.25951
 1.35847
0.327453
-1.52754
 1.78584
0.290527
-1.11976
 1.25951
 1.35847
0.327453
-1.52754
 1.78584
0.290527
-1.11976
 1.25951
 1.35847
0.327453
-1.52754
 1.78584
0.290527
-1.11976
 1.25951
 1.35847
0.327453
-1.52754
 1.78584
0.290527
-1.11976
 1.25951
 1.35847
0.327452
-1.52754
 1.78584
0.290528
-1.11976
 1.25951
 1.35847
0.327452
-1.52754
 1.78584
0.290528
-1.11976
 1.25951
 1.35847
0.327452
-1.52754
 1.78584
0.290528
-1.11976
 1.25951
 1.35847
0.327452
-1.52754
 1.78584
0.290528
-1.11976
 1.25951
 1.35847
0.327452
-1.52754
 1.78584
0.290528
-1.11976
 1.25951
 1.35847
0.327452
-1.52754
 1.78584
0.290528
-1.11976
 1.25951
 1.35847
0.327452
-1.52754
 1.78584
0.290528
-1.11976
 1.25951
 1.35847
0.327452
-1.52754
 1.78584
0.290528
-1.11976
 1.25951
 1.35847
0.327452
-1.52754
 1.78584
0.290528
-1.11976
 1.25951
 1.35847
0.327452
-1.52754
 1.78584
0.290528
-1.11976
 1.25951
 1.35847
0.327452
-1.52754
 1.78584
0.290528
-1.11976
 1.25951
 1.35847
0.327452
-1.52754
 1.78584
0.290528
-1.11976
 1.25951
 1.35847
0.327452
-1.52754
 1.78584
0.290529
-1.11976
 1.25951
 1.35847
0.327452
-1.52754
 1.78584
0.290529
-1.11976
 1.25951
 1.35847
0.327452
-1.52754
 1.78584
0.290529
-1.11976
 1.25951
 1.35847
0.327452
-1.52754
 1.78584
0.290529
-1.11976
 1.25951
 1.35847
0.327452
-1.52754
 1.78584
0.290529
-1.11976
 1.25951
 1.35847
0.327452
-1.52754
 1.78584
0.290529
-1.11976
 1.25951
 1.35847
0.327452
-1.52754
 1.78584
0.290529
-1.11976
 1.25951
 1.35847
0.327451
-1.52754
 1.78584
0.290529
-1.11976
 1.25951
 1.35847
0.327451
-1.52754
 1.78584
0.290529
-1.11976
 1.25951
 1.35847
0.327451
-1.52754
 1.78584
0.290529
-1.11976
 1.25951
 1.35847
0.327451
-1.52754
 1.78584
0.290529
-1.11976
 1.25951
 1.35847
0.327451
-1.52754
 1.78584
0.290529
-1.11976
 1.25951
 1.35847
0.327451
-1.52754
 1.78584
 0.29053
-1.11976
 1.25951
 1.35847
0.327451
-1.52754
 1.78584
 0.29053
-1.11976
 1.25951
 1.35847
0.327451
-1.52754
 1.78584
 0.29053
-1.11976
 1.25951
 1.35847
0.327451
-1.52754
 1.78584
 0.29053
-1.11976
 1.25951
 1.35847
0.327451
-1.52754
 1.78584
 0.29053
-1.11976
 1.25951
 1.35847
0.327451
-1.52754
 1.78584
 0.29053
-1.11976
 1.25951
 1.35847
0.327451
-1.52754
 1.78584
 0.29053
-1.11976
 1.25951
 1.35847
0.327451
-1.52754
 1.78584
 0.29053
-1.11976
 1.25951
 1.35847
0.327451
-1.52754
 1.78584
0.290531
-1.11976
 1.25951
 1.35847
0.327451
-1.52754
 1.78584
0.290531
-1.11976
 1.25951
 1.35847
0.327451
-1.52754
 1.78584
0.290531
-1.11976
 1.25951
 1.35847
0.327451
-1.52754
 1.78584
0.290531
-1.11976
 1.25951
 1.35847
0.327451
-1.52754
 1.78584
0.290531
-1.11976
 1.25951
 1.35847
 0.32745
-1.52754
 1.78584
0.290531
-1.11976
 1.25951
 1.35847
 0.32745
-1.52754
 1.78584
0.290531
-1.11976
 1.25951
 1.35847
 0.32745
-1.52754
 1.78584
0.290531
-1.11976
 1.25951
 1.35847
 0.32745
-1.52754
 1.78584
0.290531
-1.11976
 1.25951
 1.35847
 0.32745
-1.52754
 1.78584
0.290531
-1.11976
 1.25951
 1.35847
 0.32745
-1.52754
 1.78584
0.290531
-1.11976
 1.25951
 1.35847
 0.32745
-1.52754
 1.78584
0.290531
-1.11976
 1.25951
 1.35847
 0.32745
-1.52754
 1.78584
0.290532
-1.11976
 1.25951
 1.35847
 0.32745
-1.52754
 1.78584
0.290532
-1.11976
 1.25951
 1.35847
 0.32745
-1.52754
 1.78584
0.290532
-1.11976
 1.25951
 1.35847
 0.32745
-1.52754
 1.78584
0.290532
-1.11976
 1.25951
 1.35847
 0.32745
-1.52754
 1.78584
0.290532
-1.11976
 1.25951
 1.35847
 0.32745
-1.52754
 1.78584
0.290532
-1.11976
 1.25951
 1.35847
 0.32745
-1.52754
 1.78584
0.290532
-1.11976
 1.25951
 1.35847
 0.32745
-1.52754
 1.78584
0.290532
-1.11976
 1.25951
 1.35847
 0.32745
-1.52754
 1.78584
0.290532
-1.11976
 1.25951
 1.35847
 0.32745
-1.52754
 1.78584
0.290532
-1.11976
 1.25951
 1.35847
 0.32745
-1.52754
 1.78584
0.290532
-1.11976
 1.25951
 1.35847
 0.32745
-1.52754
 1.78584
0.290532
-1.11976
 1.25951
 1.35847
 0.32745
-1.52754
 1.78584
0.290532
-1.11976
 1.25951
 1.35847
 0.32745
-1.52754
 1.78584
0.290532
-1.11976
 1.25951
 1.35847
 0.32745
-1.52754
 1.78584
0.290532
-1.11976
 1.25951
 1.35847
 0.32745
-1.52754
 1.78584
0.290532
-1.11976
 1.25951
 1.35847
 0.32745
-1.52754
 1.78584
0.290532
-1.11976
 1.25951
 1.35847
 0.32745
-1.52754
 1.78584
0.290532
-1.11976
 1.25951
 1.35847
 0.32745
-1.52754
 1.78584
0.290532
-1.11976
 1.25951
 1.35847
 0.32745
-1.52754
 1.78584
0.290532
-1.11977
 1.25951
 1.35847
 0.32745
-1.52754
 1.78584
0.290532
-1.11977
 1.25951
 1.35847
 0.32745
-1.52754
 1.78584
0.290532
-1.11977
 1.25951
 1.35847
 0.32745
-1.52754
 1.78584
0.290532
-1.11977
 1.25951
 1.35847
0.327449
-1.52754
 1.78584
0.290532
-1.11977
 1.25951
 1.35847
0.327449
-1.52754
 1.78584
0.290532
-1.11977
 1.25951
 1.35847
0.327449
-1.52754
 1.78584
0.290533
-1.11977
 1.25951
 1.35847
0.327449
-1.52754
 1.78584
0.290533
-1.11977
 1.25951
 1.35847
0.327449
-1.52754
 1.78584
0.290533
-1.11977
 1.25951
 1.35847
0.327449
-1.52754
 1.78584
0.290533
-1.11977
 1.25951
 1.35847
0.327449
-1.52754
 1.78584
0.290533
-1.11977
 1.25951
 1.35847
0.327449
-1.52754
 1.78584
0.290533
-1.11977
 1.25951
 1.35847
0.327449
-1.52754
 1.78584
0.290533
-1.11977
 1.25951
 1.35847
0.327449
-1.52754
 1.78584
0.290533
-1.11977
 1.25951
 1.35847
0.327449
-1.52754
 1.78584
0.290533
-1.11977
 1.25951
 1.35847
0.327449
-1.52754
 1.78584
0.290533
-1.11977
 1.25951
 1.35847
0.327449
-1.52754
 1.78584
0.290533
-1.11977
 1.25951
 1.35847
0.327449
-1.52754
 1.78584
0.290533
-1.11977
 1.25951
 1.35847
0.327449
-1.52754
 1.78584
0.290533
-1.11977
 1.25951
 1.35847
0.327449
-1.52754
 1.78584
0.290533
-1.11977
 1.25951
 1.35847
0.327449
-1.52754
 1.78584
0.290533
-1.11977
 1.25951
 1.35847
0.327449
-1.52754
 1.78584
0.290533
-1.11977
 1.25951
 1.35847
0.327449
-1.52754
 1.78584
0.290533
-1.11977
 1.25951
 1.35847
0.327449
-1.52754
 1.78584
0.290534
-1.11977
 1.25951
 1.35847
0.327449
-1.52754
 1.78584
0.290534
-1.11977
 1.25951
 1.35847
0.327449
-1.52754
 1.78584
0.290534
-1.11977
 1.25951
 1.35847
0.327449
-1.52754
 1.78584
0.290534
-1.11977
 1.25951
 1.35847
0.327449
-1.52754
 1.78584
0.290534
-1.11977
 1.25951
 1.35847
0.327449
-1.52754
 1.78584
0.290534
-1.11977
 1.25951
 1.35847
0.327449
-1.52754
 1.78584
0.290534
-1.11977
 1.25951
 1.35847
0.327449
-1.52754
 1.78584
0.290534
-1.11977
 1.25951
 1.35847
0.327449
-1.52754
 1.78584
0.290534
-1.11977
 1.25951
 1.35847
0.327449
-1.52754
 1.78584
0.290534
-1.11977
 1.25951
 1.35847
0.327449
-1.52754
 1.78584
0.290534
-1.11977
 1.25951
 1.35847
0.327449
-1.52754
 1.78584
0.290534
-1.11977
 1.25951
 1.35847
0.327449
-1.52754
 1.78584
0.290534
-1.11977
 1.25951
 1.35847
0.327449
-1.52754
 1.78584
0.290534
-1.11977
 1.25951
 1.35847
0.327449
-1.52754
 1.78584
0.290534
-1.11977
 1.25951
 1.35847
0.327449
-1.52754
 1.78584
0.290534
-1.11977
 1.25951
 1.35847
0.327449
-1.52754
 1.78584
0.290534
-1.11977
 1.25951
 1.35847
0.327449
-1.52754
 1.78584
0.290534
-1.11977
 1.25951
 1.35847
0.327449
-1.52754
 1.78584
0.290534
-1.11977
 1.25951
 1.35847
0.327449
-1.52754
 1.78584
0.290534
-1.11977
 1.25951
 1.35847
0.327449
-1.52754
 1.78584
0.290534
-1.11977
 1.25951
 1.35847
0.327449
-1.52754
 1.78584
0.290534
-1.11977
 1.25951
 1.35847
0.327449
-1.52754
 1.78584
0.290534
-1.11977
 1.25951
 1.35847
0.327448
-1.52754
 1.78584
0.290534
-1.11977
 1.25951
 1.35847
0.327448
-1.52754
 1.78584
0.290534
-1.11977
 1.25951
 1.35847
0.327448
-1.52754
 1.78584
0.290534
-1.11977
 1.25951
 1.35847
0.327448
-1.52754
 1.78584
0.290534
-1.11977
 1.25951
 1.35847
0.327448
-1.52754
 1.78584
0.290534
-1.11977
 1.25951
 1.35847
0.327448
-1.52754
 1.78584
0.290534
-1.11977
 1.25951
 1.35847
0.327448
-1.52754
 1.78584
0.290534
-1.11977
 1.25951
 1.35847
0.327448
-1.52754
 1.78584
0.290534
-1.11977
 1.25951
 1.35847
0.327448
-1.52754
 1.78584
0.290534
-1.11977
 1.25951
 1.35847
0.327448
-1.52754
 1.78584
0.290534
-1.11977
 1.25951
 1.35847
0.327448
-1.52754
 1.78584
0.290534
-1.11977
 1.25951
 1.35847
0.327448
-1.52754
 1.78584
0.290534
-1.11977
 1.25951
 1.35847
0.327448
-1.52754
 1.78584
0.290534
-1.11977
 1.25951
 1.35847
0.327448
-1.52754
 1.78584
0.290534
-1.11977
 1.25951
 1.35847
0.327448
-1.52754
 1.78584
0.290534
-1.11977
 1.25951
 1.35847
0.327448
-1.52754
 1.78584
0.290534
-1.11977
 1.25951
 1.35847
0.327448
-1.52754
 1.78584
0.290534
-1.11977
 1.25951
 1.35847
0.327448
-1.52754
 1.78584
0.290534
-1.11977
 1.25951
 1.35847
0.327448
-1.52754
 1.78584
0.290534
-1.11977
 1.25951
 1.35847
0.327448
-1.52754
 1.78584
0.290534
-1.11977
 1.25951
 1.35847
0.327448
-1.52754
 1.78584
0.290534
-1.11977
 1.25951
 1.35847
0.327448
-1.52754
 1.78584
0.290534
-1.11977
 1.25951
 1.35847
0.327448
-1.52754
 1.78584
0.290534
-1.11977
 1.25951
 1.35847
0.327448
-1.52754
 1.78584
0.290534
-1.11977
 1.25951
 1.35847
0.327448
-1.52754
 1.78584
0.290534
-1.11977
 1.25951
 1.35847
0.327448
-1.52754
 1.78584
0.290534
-1.11977
 1.25951
 1.35847
0.327448
-1.52754
 1.78584
0.290534
-1.11977
 1.25951
 1.35847
0.327448
-1.52754
 1.78584
0.290534
-1.11977
 1.25951
 1.35847
0.327448
-1.52754
 1.78584
0.290534
-1.11977
 1.25951
 1.35847
0.327448
-1.52754
 1.78584
0.290534
-1.11977
 1.25951
 1.35847
0.327448
-1.52754
 1.78584
0.290535
-1.11977
 1.25951
 1.35847
0.327448
-1.52754
 1.78584
0.290534
-1.11977
 1.25951
 1.35847
0.327448
-1.52754
 1.78584
0.290534
-1.11977
 1.25951
 1.35847
0.327448
-1.52754
 1.78584
0.290535
-1.11977
 1.25951
 1.35847
0.327448
-1.52754
 1.78584
0.290535
-1.11977
 1.25951
 1.35847
0.327448
-1.52754
 1.78584
0.290535
-1.11977
 1.25951
 1.35847
0.327448
-1.52754
 1.78584
0.290535
-1.11977
 1.25951
 1.35847
0.327448
-1.52754
 1.78584
0.290535
-1.11977
 1.25951
 1.35847
0.327448
-1.52754
 1.78584
0.290535
-1.11977
 1.25951
 1.35847
0.327448
-1.52754
 1.78584
0.290535
-1.11977
 1.25951
 1.35847
0.327448
-1.52754
 1.78584
0.290535
-1.11977
 1.25951
 1.35847
0.327447
-1.52754
 1.78584
0.290535
-1.11977
 1.25951
 1.35847
0.327447
-1.52754
 1.78584
0.290535
-1.11977
 1.25951
 1.35847
0.327447
-1.52754
 1.78584
0.290535
-1.11977
 1.25951
 1.35847
0.327447
-1.52754
 1.78584
0.290535
-1.11977
 1.25951
 1.35847
0.327447
-1.52754
 1.78584
0.290535
-1.11977
 1.25951
 1.35847
0.327447
-1.52754
 1.78584
0.290535
-1.11977
 1.25951
 1.35847
0.327447
-1.52754
 1.78584
0.290535
-1.11977
 1.25951
 1.35847
0.327447
-1.52754
 1.78584
0.290535
-1.11977
 1.25951
 1.35847
0.327447
-1.52754
 1.78584
0.290535
-1.11977
 1.25951
 1.35847
0.327447
-1.52754
 1.78584
0.290535
-1.11977
 1.25951
 1.35847
0.327447
-1.52754
 1.78584
0.290535
-1.11977
 1.25951
 1.35847
0.327447
-1.52754
 1.78584
0.290535
-1.11977
 1.25951
 1.35847
0.327447
-1.52754
 1.78584
0.290535
-1.11977
 1.25951
 1.35847
0.327447
-1.52754
 1.78584
0.290535
-1.11977
 1.25951
 1.35847
0.327447
-1.52754
 1.78584
0.290535
-1.11977
 1.25951
 1.35847
0.327447
-1.52754
 1.78584
0.290535
-1.11977
 1.25951
 1.35847
0.327447
-1.52754
 1.78584
0.290535
-1.11977
 1.25951
 1.35847
0.327447
-1.52754
 1.78584
0.290535
-1.11977
 1.25951
 1.35847
0.327447
-1.52754
 1.78584
0.290535
-1.11977
 1.25951
 1.35847
0.327447
-1.52754
 1.78584
0.290535
-1.11977
 1.25951
 1.35847
0.327447
-1.52754
 1.78584
0.290535
-1.11977
 1.25951
 1.35847
0.327447
-1.52754
 1.78584
0.290535
-1.11977
 1.25951
 1.35847
0.327447
-1.52754
 1.78584
0.290535
-1.11977
 1.25951
 1.35847
0.327447
-1.52754
 1.78584
0.290535
-1.11977
 1.25951
 1.35847
0.327447
-1.52754
 1.78584
0.290535
-1.11977
 1.25951
 1.35847
0.327447
-1.52754
 1.78584
0.290535
-1.11977
 1.25951
 1.35847
0.327447
-1.52754
 1.78584
0.290535
-1.11977
 1.25951
 1.35847
0.327447
-1.52754
 1.78584
0.290535
-1.11977
 1.25951
 1.35847
0.327447
-1.52754
 1.78584
0.290535
-1.11977
 1.25951
 1.35847
0.327447
-1.52754
 1.78584
0.290535
-1.11977
 1.25951
 1.35847
0.327447
-1.52754
 1.78584
0.290535
-1.11977
 1.25951
 1.35847
0.327447
-1.52754
 1.78584
0.290535
-1.11977
 1.25951
 1.35847
0.327447
-1.52754
 1.78584
0.290535
-1.11977
 1.25951
 1.35847
0.327447
-1.52754
 1.78584
0.290535
-1.11977
 1.25951
 1.35847
0.327447
-1.52754
 1.78584
0.290536
-1.11977
 1.25951
 1.35847
0.327447
-1.52754
 1.78584
0.290536
-1.11977
 1.25951
 1.35847
0.327447
-1.52754
 1.78584
0.290536
-1.11977
 1.25951
 1.35847
0.327446
-1.52754
 1.78584
0.290536
-1.11977
 1.25951
 1.35847
0.327447
-1.52754
 1.78584
0.290536
-1.11977
 1.25951
 1.35847
0.327446
-1.52754
 1.78584
0.290536
-1.11977
 1.25951
 1.35847
0.327447
-1.52754
 1.78584
0.290536
-1.11977
 1.25951
 1.35847
0.327446
-1.52754
 1.78584
0.290536
-1.11977
 1.25951
 1.35847
0.327447
-1.52754
 1.78584
0.290536
-1.11977
 1.25951
 1.35847
0.327446
-1.52754
 1.78584
0.290536
-1.11977
 1.25951
 1.35847
0.327446
-1.52754
 1.78584
0.290536
-1.11977
 1.25951
 1.35847
0.327446
-1.52754
 1.78584
0.290536
-1.11977
 1.25951
 1.35847
0.327446
-1.52754
 1.78584
0.290536
-1.11977
 1.25951
 1.35847
0.327446
-1.52754
 1.78584
0.290536
-1.11977
 1.25951
 1.35847
0.327446
-1.52754
 1.78584
0.290536
-1.11977
 1.25951
 1.35847
0.327446
-1.52754
 1.78584
0.290536
-1.11977
 1.25951
 1.35847
0.327446
-1.52754
 1.78584
0.290536
-1.11977
 1.25951
 1.35847
0.327446
-1.52754
 1.78584
0.290536
-1.11977
 1.25951
 1.35847
0.327446
-1.52754
 1.78584
0.290536
-1.11977
 1.25951
 1.35847
0.327446
-1.52754
 1.78584
0.290536
-1.11977
 1.25951
 1.35847
0.327446
-1.52754
 1.78584
0.290536
-1.11977
 1.25951
 1.35847
0.327446
-1.52754
 1.78584
0.290536
-1.11977
 1.25951
 1.35847
0.327446
-1.52754
 1.78584
0.290536
-1.11977
 1.25951
 1.35847
0.327446
-1.52754
 1.78584
0.290536
-1.11977
 1.25951
 1.35847
0.327446
-1.52754
 1.78584
0.290536
-1.11977
 1.25951
 1.35847
0.327446
-1.52754
 1.78584
0.290536
-1.11977
 1.25951
 1.35847
0.327446
-1.52754
 1.78584
0.290536
-1.11977
 1.25951
 1.35847
0.327446
-1.52754
 1.78584
0.290536
-1.11977
 1.25951
 1.35847
0.327446
-1.52754
 1.78584
0.290536
-1.11977
 1.25951
 1.35847
0.327446
-1.52754
 1.78584
0.290536
-1.11977
 1.25951
 1.35847
0.327446
-1.52754
 1.78584
0.290536
-1.11977
 1.25951
 1.35847
0.327446
-1.52754
 1.78584
0.290536
-1.11977
 1.25951
 1.35847
0.327446
-1.52754
 1.78584
0.290536
-1.11977
 1.25951
 1.35847
0.327446
-1.52754
 1.78584
0.290536
-1.11977
 1.25951
 1.35847
0.327446
-1.52754
 1.78584
0.290536
-1.11977
 1.25951
 1.35847
0.327446
-1.52754
 1.78584
0.290536
-1.11977
 1.25951
 1.35847
0.327446
-1.52754
 1.78584
0.290536
-1.11977
 1.25951
 1.35847
0.327446
-1.52754
 1.78584
0.290536
-1.11977
 1.25951
 1.35847
0.327446
-1.52754
 1.78584
0.290536
-1.11977
 1.25951
 1.35847
0.327446
-1.52754
 1.78584
0.290536
-1.11977
 1.25951
 1.35847
0.327446
-1.52754
 1.78584
0.290536
-1.11977
 1.25951
 1.35847
0.327446
-1.52754
 1.78584
0.290536
-1.11977
 1.25951
 1.35847
0.327446
-1.52754
 1.78584
0.290536
-1.11977
 1.25951
 1.35847
0.327446
-1.52754
 1.78584
0.290536
-1.11977
 1.25951
 1.35847
0.327446
-1.52754
 1.78584
0.290537
-1.11977
 1.25951
 1.35847
0.327446
-1.52754
 1.78584
0.290536
-1.11977
 1.25951
 1.35847
0.327446
-1.52754
 1.78584
0.290536
-1.11977
 1.25951
 1.35847
0.327446
-1.52754
 1.78584
0.290537
-1.11977
 1.25951
 1.35847
0.327446
-1.52754
 1.78584
0.290537
-1.11977
 1.25951
 1.35847
0.327446
-1.52754
 1.78584
0.290537
-1.11977
 1.25951
 1.35847
0.327446
-1.52754
 1.78584
0.290537
-1.11977
 1.25951
 1.35847
0.327446
-1.52754
 1.78584
0.290537
-1.11977
 1.25951
 1.35847
0.327446
-1.52754
 1.78584
0.290537
-1.11977
 1.25951
 1.35847
0.327446
-1.52754
 1.78584
0.290537
-1.11977
 1.25951
 1.35847
0.327446
-1.52754
 1.78584
0.290537
-1.11977
 1.25951
 1.35847
0.327446
-1.52754
 1.78584
0.290537
-1.11977
 1.25951
 1.35847
0.327445
-1.52754
 1.78584
0.290537
-1.11977
 1.25951
 1.35847
0.327445
-1.52754
 1.78584
0.290537
-1.11977
 1.25951
 1.35847
0.327446
-1.52754
 1.78584
0.290537
-1.11977
 1.25951
 1.35847
0.327445
-1.52754
 1.78584
0.290537
-1.11977
 1.25951
 1.35847
0.327445
-1.52754
 1.78584
0.290537
-1.11977
 1.25951
 1.35847
0.327445
-1.52754
 1.78584
0.290537
-1.11977
 1.25951
 1.35847
0.327446
-1.52754
 1.78584
0.290537
-1.11977
 1.25951
 1.35847
0.327445
-1.52754
 1.78584
0.290537
-1.11977
 1.25951
 1.35847
0.327445
-1.52754
 1.78584
0.290537
-1.11977
 1.25951
 1.35847
0.327445
-1.52754
 1.78584
0.290537
-1.11977
 1.25951
 1.35847
0.327445
-1.52754
 1.78584
0.290537
-1.11977
 1.25951
 1.35847
0.327445
-1.52754
 1.78584
0.290537
-1.11977
 1.25951
 1.35847
0.327445
-1.52754
 1.78584
0.290537
-1.11977
 1.25951
 1.35847
0.327445
-1.52754
 1.78584
0.290537
-1.11977
 1.25951
 1.35847
0.327445
-1.52754
 1.78584
0.290537
-1.11977
 1.25951
 1.35847
0.327445
-1.52754
 1.78584
0.290537
-1.11977
 1.25951
 1.35847
0.327445
-1.52754
 1.78584
0.290537
-1.11977
 1.25951
 1.35847
0.327445
-1.52754
 1.78584
0.290537
-1.11977
 1.25951
 1.35847
0.327445
-1.52754
 1.78584
0.290537
-1.11977
 1.25951
 1.35847
0.327445
-1.52754
 1.78585
0.290537
-1.11977
 1.25951
 1.35847
0.327445
-1.52754
 1.78585
0.290537
-1.11977
 1.25951
 1.35847
0.327445
-1.52754
 1.78585
0.290537
-1.11977
 1.25951
 1.35847
0.327445
-1.52754
 1.78585
0.290537
-1.11977
 1.25951
 1.35847
0.327445
-1.52754
 1.78585
0.290537
-1.11977
 1.25951
 1.35847
0.327445
-1.52754
 1.78585
0.290537
-1.11977
 1.25951
 1.35847
0.327445
-1.52754
 1.78585
0.290537
-1.11977
 1.25951
 1.35847
0.327445
-1.52754
 1.78585
0.290537
-1.11977
 1.25951
 1.35847
0.327445
-1.52754
 1.78585
0.290537
-1.11977
 1.25951
 1.35847
0.327445
-1.52754
 1.78585
0.290537
-1.11977
 1.25951
 1.35847
0.327445
-1.52754
 1.78585
0.290537
-1.11977
 1.25951
 1.35847
0.327445
-1.52754
 1.78585
0.290537
-1.11977
 1.25951
 1.35847
0.327445
-1.52754
 1.78585
0.290537
-1.11977
 1.25951
 1.35847
0.327445
-1.52754
 1.78585
0.290537
-1.11977
 1.25951
 1.35847
0.327445
-1.52754
 1.78585
0.290537
-1.11977
 1.25951
 1.35847
0.327445
-1.52754
 1.78585
0.290537
-1.11977
 1.25951
 1.35847
0.327445
-1.52754
 1.78585
0.290537
-1.11977
 1.25951
 1.35847
0.327445
-1.52754
 1.78585
0.290537
-1.11977
 1.25951
 1.35847
0.327445
-1.52754
 1.78585
0.290537
-1.11977
 1.25951
 1.35847
0.327445
-1.52754
 1.78585
0.290537
-1.11977
 1.25951
 1.35847
0.327445
-1.52754
 1.78585
0.290537
-1.11977
 1.25951
 1.35847
0.327445
-1.52754
 1.78585
0.290537
-1.11977
 1.25951
 1.35847
0.327445
-1.52754
 1.78585
0.290537
-1.11977
 1.25951
 1.35847
0.327445
-1.52754
 1.78585
0.290537
-1.11977
 1.25951
 1.35847
0.327445
-1.52754
 1.78585
0.290537
-1.11977
 1.25951
 1.35847
0.327445
-1.52754
 1.78585
0.290537
-1.11977
 1.25951
 1.35847
0.327445
-1.52754
 1.78585
0.290537
-1.11977
 1.25951
 1.35847
0.327445
-1.52754
 1.78585
0.290537
-1.11977
 1.25951
 1.35847
0.327445
-1.52754
 1.78585
0.290537
-1.11977
 1.25951
 1.35847
0.327445
-1.52754
 1.78585
0.290537
-1.11977
 1.25951
 1.35847
0.327445
-1.52754
 1.78585
0.290537
-1.11977
 1.25951
 1.35847
0.327445
-1.52754
 1.78585
0.290537
-1.11977
 1.25951
 1.35847
0.327445
-1.52754
 1.78585
0.290537
-1.11977
 1.25951
 1.35847
0.327445
-1.52754
 1.78585
0.290537
-1.11977
 1.25951
 1.35847
0.327445
-1.52754
 1.78585
0.290537
-1.11977
 1.25951
 1.35847
0.327445
-1.52754
 1.78585
0.290537
-1.11977
 1.25951
 1.35847
0.327445
-1.52754
 1.78585
0.290537
-1.11977
 1.25951
 1.35847
0.327445
-1.52754
 1.78585
0.290537
-1.11977
 1.25951
 1.35847
0.327445
-1.52754
 1.78585
0.290538
-1.11977
 1.25951
 1.35847
0.327445
-1.52754
 1.78585
0.290538
-1.11977
 1.25951
 1.35847
0.327445
-1.52754
 1.78585
0.290538
-1.11977
 1.25951
 1.35847
0.327445
-1.52754
 1.78585
0.290538
-1.11977
 1.25951
 1.35847
0.327445
-1.52754
 1.78585
0.290538
-1.11977
 1.25951
 1.35847
0.327445
-1.52754
 1.78585
0.290538
-1.11977
 1.25951
 1.35847
0.327445
-1.52754
 1.78585
0.290538
-1.11977
 1.25951
 1.35847
0.327445
-1.52754
 1.78585
0.290538
-1.11977
 1.25951
 1.35847
0.327445
-1.52754
 1.78585
0.290538
-1.11977
 1.25951
 1.35847
0.327445
-1.52754
 1.78585
0.290538
-1.11977
 1.25951
 1.35847
0.327445
-1.52754
 1.78585
0.290538
-1.11977
 1.25951
 1.35847
0.327445
-1.52754
 1.78585
0.290538
-1.11977
 1.25951
 1.35847
0.327444
-1.52754
 1.78585
0.290538
-1.11977
 1.25951
 1.35847
0.327444
-1.52754
 1.78585
0.290538
-1.11977
 1.25951
 1.35847
0.327444
-1.52754
 1.78585
0.290538
-1.11977
 1.25951
 1.35847
0.327444
-1.52754
 1.78585
0.290538
-1.11977
 1.25951
 1.35847
0.327444
-1.52754
 1.78585
0.290538
-1.11977
 1.25951
 1.35847
0.327444
-1.52754
 1.78585
0.290538
-1.11977
 1.25951
 1.35847
0.327444
-1.52754
 1.78585
0.290538
-1.11977
 1.25951
 1.35847
0.327444
-1.52754
 1.78585
0.290538
-1.11977
 1.25951
 1.35847
0.327444
-1.52754
 1.78585
0.290538
-1.11977
 1.25951
 1.35847
0.327444
-1.52754
 1.78585
0.290538
-1.11977
 1.25951
 1.35847
0.327444
-1.52754
 1.78585
0.290542
-1.11977
 1.25951
 1.35847
0.327444
-1.52754
 1.78585
0.290539
-1.11977
 1.25951
 1.35847
0.327444
-1.52754
 1.78585
0.290547
-1.11977
 1.25951
 1.35847
0.327444
-1.52754
 1.78585
0.290547
-1.11977
 1.25951
 1.35847
0.327444
-1.52754
 1.78585
0.290549
-1.11977
 1.25951
 1.35847
0.327445
-1.52754
 1.78585
0.290556
-1.11977
 1.25951
 1.35847
0.327445
-1.52754
 1.78585
0.290557
-1.11977
  1.2595
 1.35846
0.327445
-1.52754
 1.78585
 0.29057
-1.11977
 1.25948
 1.35844
0.327445
-1.52754
 1.78589
0.290566
 -1.1198
 1.25947
 1.35843
0.327447
-1.52754
 1.78591
0.290582
-1.11979
 1.25947
 1.35842
0.327451
-1.52755
 1.78589
0.290629
-1.11973
 1.25947
 1.35841
0.327459
-1.52754
 1.78593
0.290677
-1.11976
 1.25946
 1.35838
0.327462
-1.52755
 1.78598
0.290719
-1.11975
 1.25943
 1.35831
0.327465
-1.52755
   1.786
0.290766
-1.11974
 1.25936
 1.35826
0.327468
-1.52755
 1.78603
0.290814
-1.11973
 1.25931
 1.35823
0.327471
-1.52755
 1.78606
0.290866
-1.11972
 1.25927
 1.35816
0.327487
-1.52755
  1.7861
 0.29091
-1.11971
 1.25923
 1.35813
0.327524
-1.52755
 1.78611
0.290965
-1.11967
 1.25918
  1.3581
0.327569
-1.52755
 1.78617
0.291015
-1.11966
 1.25912
 1.35807
 0.32762
-1.52755
  1.7863
0.291066
-1.11971
 1.25909
 1.35803
0.327672
-1.52756
 1.78627
 0.29114
-1.11957
 1.25905
 1.35801
0.327727
-1.52756
 1.78627
0.291222
-1.11949
 1.25899
 1.35801
0.327776
-1.52756
  1.7863
0.291265
-1.11947
 1.25896
 1.35799
 0.32782
-1.52756
 1.78628
0.291316
 -1.1194
 1.25892
 1.35794
0.327862
-1.52756
 1.78628
0.291372
-1.11935
 1.25886
 1.35789
0.327904
-1.52756
 1.78634
0.291415
-1.11938
 1.25882
 1.35783
0.327948
-1.52756
 1.78635
 0.29147
-1.11931
 1.25879
 1.35773
0.327987
-1.52757
 1.78628
0.291551
-1.11913
 1.25874
 1.35767
 0.32802
-1.52756
  1.7863
0.291621
-1.11903
  1.2587
  1.3576
0.328054
-1.52756
 1.78638
0.291673
-1.11905
 1.25865
 1.35751
0.328082
-1.52756
 1.78643
0.291744
-1.11903
 1.25862
 1.35741
0.328104
-1.52757
 1.78646
0.291825
  -1.119
 1.25857
 1.35731
0.328127
-1.52757
 1.78646
0.291933
-1.11892
 1.25853
 1.35726
0.328151
-1.52757
 1.78651
 0.29203
-1.11893
 1.25848
 1.35717
0.328177
-1.52757
 1.78662
0.292096
-1.11895
 1.25844
 1.35706
0.328203
-1.52758
  1.7867
0.292188
-1.11892
  1.2584
 1.35697
0.328233
-1.52758
 1.78673
0.292307
-1.11886
 1.25837
 1.35689
0.328261
-1.52757
 1.78682
0.292426
-1.11889
 1.25832
 1.35677
0.328291
-1.52758
 1.78695
0.292508
-1.11892
 1.25829
 1.35661
0.328324
-1.52758
 1.78703
0.292619
-1.11889
 1.25823
 1.35647
0.328359
-1.52758
 1.78706
 0.29276
-1.11887
 1.25818
 1.35638
0.328398
-1.52758
 1.78708
0.292892
-1.11879
 1.25814
 1.35627
0.328437
-1.52757
 1.78719
0.293006
-1.11879
 1.25807
 1.35615
0.328476
-1.52757
 1.78731
0.293153
 -1.1188
 1.25798
 1.35607
0.328516
-1.52758
 1.78729
0.293311
-1.11863
 1.25791
 1.35602
0.328555
-1.52757
 1.78732
0.293468
-1.11857
 1.25782
 1.35597
0.328596
-1.52757
 1.78738
0.293591
 -1.1185
 1.25775
  1.3559
0.328638
-1.52757
 1.78735
 0.29374
-1.11836
 1.25768
 1.35585
0.328682
-1.52757
 1.78744
0.293869
-1.11834
 1.25759
  1.3558
0.328725
-1.52757
 1.78748
0.294006
-1.11821
 1.25751
 1.35575
0.328768
-1.52757
 1.78744
0.294158
-1.11805
 1.25744
  1.3557
0.328811
-1.52757
 1.78744
0.294282
-1.11791
 1.25739
 1.35559
0.328856
-1.52757
 1.78746
0.294397
-1.11789
  1.2573
 1.35546
0.328901
-1.52757
  1.7874
0.294541
-1.11781
 1.25722
 1.35533
0.328945
-1.52757
 1.78741
0.294659
-1.11776
 1.25713
 1.35521
0.328991
-1.52757
 1.78742
0.294787
 -1.1178
 1.25704
 1.35506
0.329038
-1.52758
 1.78739
0.294945
-1.11773
 1.25698
 1.35488
0.329086
-1.52758
 1.78746
0.295082
-1.11778
 1.25691
 1.35471
0.329136
-1.52758
 1.78737
 0.29526
-1.11773
 1.25683
 1.35454
0.329185
-1.52758
 1.78745
0.295407
-1.11782
 1.25674
 1.35432
0.329231
-1.52758
 1.78749
0.295563
-1.11782
 1.25665
 1.35414
0.329277
-1.52758
 1.78748
 0.29573
-1.11779
 1.25653
 1.35403
0.329315
-1.52758
 1.78756
0.295877
-1.11775
 1.25641
 1.35393
0.329349
-1.52757
 1.78759
 0.29605
 -1.1177
  1.2563
 1.35381
0.329383
-1.52758
 1.78768
0.296188
-1.11762
 1.25619
 1.35369
0.329415
-1.52757
 1.78769
0.296365
-1.11753
 1.25607
 1.35361
0.329449
-1.52757
 1.78783
0.296514
-1.11755
 1.25595
 1.35352
0.329489
-1.52757
 1.78792
0.296678
-1.11746
 1.25585
 1.35343
0.329558
-1.52757
 1.78798
0.296897
-1.11737
 1.25573
 1.35333
0.329649
-1.52757
 1.78809
0.297092
-1.11727
 1.25563
  1.3532
0.329748
-1.52757
 1.78815
0.297328
-1.11715
 1.25552
 1.35304
0.329849
-1.52757
 1.78827
0.297537
-1.11703
  1.2554
 1.35284
0.329956
-1.52757
 1.78835
0.297775
-1.11695
 1.25527
 1.35265
0.330065
-1.52757
 1.78846
0.298001
-1.11688
 1.25513
 1.35242
0.330171
-1.52757
 1.78844
0.298224
-1.11671
 1.25502
  1.3522
0.330275
-1.52756
 1.78857
0.298436
-1.11673
 1.25491
 1.35198
0.330365
-1.52754
 1.78861
0.298663
-1.11671
 1.25481
 1.35181
0.330436
-1.52752
 1.78866
0.298882
-1.11667
 1.25471
 1.35163
0.330497
-1.52756
 1.78867
0.299052
-1.11663
 1.25459
  1.3515
0.330552
-1.52757
 1.78877
0.299234
-1.11667
 1.25446
 1.35136
0.330609
-1.52756
 1.78873
0.299472
-1.11651
 1.25436
 1.35123
0.330671
-1.52756
 1.78875
0.299706
-1.11643
 1.25425
 1.35108
0.330735
-1.52755
 1.78882
 0.29992
 -1.1164
 1.25412
  1.3509
0.330799
-1.52756
 1.78879
0.300147
-1.11623
 1.25401
 1.35074
0.330859
-1.52754
 1.78885
 0.30036
-1.11619
 1.25388
 1.35056
0.330917
-1.52754
 1.78886
 0.30059
-1.11609
 1.25378
 1.35037
0.330976
-1.52754
 1.78893
0.300793
-1.11604
 1.25365
 1.35015
0.331037
-1.52755
 1.78885
0.301033
-1.11581
 1.25352
 1.34996
0.331097
-1.52753
 1.78886
0.301254
-1.11572
 1.25338
 1.34977
 0.33116
-1.52752
 1.78899
0.301459
-1.11576
 1.25323
 1.34959
0.331227
-1.52751
 1.78905
0.301687
-1.11572
 1.25309
 1.34943
0.331291
-1.52752
 1.78899
0.301947
-1.11553
 1.25295
 1.34928
0.331356
-1.52752
 1.78908
0.302192
-1.11549
  1.2528
 1.34909
0.331437
-1.52751
 1.78911
0.302426
 -1.1154
 1.25266
 1.34889
0.331528
-1.52749
 1.78928
0.302649
-1.11546
  1.2525
 1.34867
0.331628
-1.52749
 1.78933
0.302901
-1.11541
 1.25238
 1.34847
0.331725
 -1.5275
 1.78932
0.303139
-1.11529
 1.25224
 1.34825
0.331822
-1.52747
 1.78948
0.303369
-1.11536
 1.25207
 1.34801
0.331927
-1.52746
 1.78961
0.303592
-1.11536
 1.25192
  1.3478
 0.33204
-1.52746
 1.78964
 0.30388
-1.11532
 1.25175
 1.34762
0.332159
-1.52745
  1.7897
0.304198
-1.11534
 1.25158
 1.34744
0.332279
-1.52743
 1.78987
0.304482
-1.11544
 1.25143
 1.34722
0.332405
-1.52742
 1.78997
0.304789
-1.11539
 1.25129
 1.34701
0.332532
-1.52742
 1.79005
0.305097
-1.11533
 1.25113
 1.34678
0.332663
-1.52739
 1.79022
0.305403
-1.11529
 1.25098
 1.34651
0.332771
-1.52736
 1.79033
0.305712
-1.11517
 1.25084
 1.34625
 0.33286
-1.52733
 1.79041
0.306027
-1.11502
 1.25067
 1.34605
0.332939
 -1.5273
  1.7905
0.306346
-1.11488
 1.25051
 1.34584
 0.33302
-1.52726
 1.79068
0.306626
-1.11486
 1.25035
 1.34559
0.333096
-1.52724
 1.79082
0.306919
-1.11476
 1.25018
 1.34537
0.333169
-1.52722
 1.79083
0.307246
-1.11454
 1.25001
 1.34515
0.333243
 -1.5272
 1.79087
 0.30756
-1.11438
 1.24984
 1.34488
0.333314
-1.52716
   1.791
0.307834
-1.11434
 1.24965
 1.34461
 0.33339
-1.52713
 1.79111
0.308121
-1.11425
 1.24947
 1.34434
0.333471
-1.52712
 1.79114
0.308466
-1.11409
 1.24931
  1.3441
0.333557
 -1.5271
 1.79116
0.308817
-1.11393
 1.24916
 1.34388
 0.33367
-1.52705
 1.79117
0.309192
-1.11375
 1.24899
 1.34367
0.333789
-1.52695
 1.79128
0.309525
-1.11367
 1.24877
 1.34344
 0.33391
-1.52694
 1.79135
0.309765
 -1.1135
 1.24857
 1.34322
0.334039
-1.52694
 1.79137
0.310047
-1.11332
 1.24837
 1.34294
 0.33416
-1.52688
 1.79142
  0.3104
-1.11317
 1.24815
 1.34263
0.334299
-1.52687
 1.79142
0.310761
-1.11298
 1.24793
 1.34236
0.334445
-1.52686
 1.79141
0.311118
-1.11282
 1.24772
  1.3421
0.334588
-1.52686
 1.79152
0.311403
 -1.1128
 1.24749
 1.34186
0.334735
-1.52685
 1.79159
0.311708
-1.11273
 1.24727
 1.34166
0.334873
-1.52685
 1.79159
0.312036
 -1.1126
 1.24706
 1.34146
0.334999
-1.52685
 1.79164
0.312367
-1.11252
 1.24685
 1.34119
0.335111
-1.52684
 1.79168
0.312718
-1.11242
 1.24665
 1.34088
0.335213
-1.52684
 1.79172
0.313073
 -1.1123
 1.24644
 1.34056
0.335306
-1.52684
 1.79177
0.313426
-1.11219
 1.24625
 1.34024
0.335402
-1.52684
 1.79184
0.313773
-1.11213
 1.24609
 1.33996
0.335496
-1.52684
 1.79185
0.314122
  -1.112
  1.2459
 1.33971
0.335598
-1.52684
 1.79197
 0.31444
-1.11199
 1.24566
 1.33946
0.335706
-1.52684
 1.79206
0.314775
-1.11192
 1.24545
 1.33918
0.335827
-1.52685
  1.7921
0.315139
-1.11178
 1.24524
 1.33887
0.335946
-1.52686
 1.79217
  0.3155
-1.11161
 1.24503
 1.33855
0.336058
-1.52686
 1.79227
0.315848
-1.11144
 1.24483
 1.33824
0.336168
-1.52686
 1.79242
0.316196
-1.11133
 1.24462
 1.33797
0.336291
-1.52687
 1.79253
0.316555
-1.11117
 1.24442
 1.33773
0.336426
-1.52684
 1.79265
0.316947
-1.11106
 1.24423
  1.3375
0.336565
-1.52681
 1.79276
0.317361
 -1.1109
 1.24404
 1.33726
0.336711
-1.52685
 1.79288
0.317676
-1.11072
 1.24385
 1.33697
0.336851
-1.52686
 1.79304
0.317989
-1.11063
 1.24363
 1.33665
0.336984
-1.52685
 1.79314
0.318388
-1.11048
 1.24341
 1.33631
0.337109
-1.52686
 1.79325
0.318763
-1.11034
  1.2432
 1.33601
0.337223
-1.52687
 1.79338
0.319133
-1.11021
   1.243
 1.33574
0.337334
-1.52687
 1.79354
 0.31951
-1.11013
 1.24278
 1.33548
0.337441
-1.52687
 1.79364
0.319899
-1.10994
 1.24256
  1.3352
0.337556
-1.52688
 1.79373
0.320281
-1.10977
 1.24236
 1.33488
0.337699
-1.52688
 1.79387
0.320647
-1.10967
 1.24217
 1.33452
0.337866
-1.52688
 1.79397
0.321027
 -1.1095
 1.24196
 1.33417
0.338044
-1.52688
 1.79409
0.321422
-1.10935
 1.24174
 1.33387
0.338211
-1.52688
 1.79426
0.321812
 -1.1092
 1.24153
 1.33359
0.338378
-1.52688
 1.79435
0.322246
-1.10903
  1.2413
 1.33333
0.338542
-1.52688
 1.79443
0.322675
-1.10882
 1.24106
 1.33303
0.338721
-1.52688
 1.79455
0.323059
-1.10867
 1.24083
  1.3327
0.338886
-1.52685
 1.79468
0.323483
-1.10856
 1.24059
 1.33235
0.339042
-1.52684
 1.79477
0.323935
-1.10838
 1.24034
 1.33203
0.339179
-1.52686
  1.7949
0.324281
-1.10826
 1.24009
 1.33175
0.339298
-1.52687
 1.79496
0.324655
-1.10805
 1.23986
 1.33148
0.339415
-1.52682
 1.79509
0.325072
-1.10796
 1.23964
 1.33116
0.339544
-1.52678
 1.79522
0.325469
-1.10791
 1.23941
 1.33077
0.339667
-1.52676
 1.79525
0.325904
-1.10773
 1.23918
  1.3304
0.339801
-1.52673
 1.79534
0.326341
-1.10767
 1.23893
 1.33004
0.339946
-1.52672
 1.79545
 0.32676
-1.10755
 1.23868
 1.32966
0.340096
-1.52669
 1.79555
0.327184
-1.10743
 1.23842
 1.32933
0.340259
-1.52666
 1.79574
  0.3276
 -1.1074
 1.23812
 1.32896
0.340411
-1.52662
 1.79592
0.328031
-1.10729
 1.23782
 1.32857
0.340568
-1.52659
 1.79602
0.328518
 -1.1071
 1.23751
 1.32824
0.340729
-1.52657
 1.79612
0.328983
-1.10688
 1.23722
 1.32795
0.340889
-1.52649
 1.79635
0.329434
-1.10683
  1.2369
 1.32762
0.341047
-1.52636
 1.79656
0.329909
-1.10669
 1.23662
 1.32727
0.341193
-1.52633
 1.79678
0.330277
-1.10663
 1.23635
 1.32691
0.341337
-1.52632
 1.79686
0.330701
-1.10636
 1.23609
 1.32655
0.341476
-1.52622
 1.79701
0.331192
-1.10625
 1.23581
 1.32622
 0.34161
-1.52618
 1.79723
0.331601
-1.10616
 1.23558
 1.32588
0.341754
-1.52611
 1.79744
0.332043
-1.10611
  1.2353
 1.32554
0.341907
-1.52608
  1.7975
0.332533
-1.10589
 1.23504
  1.3252
 0.34206
-1.52604
 1.79761
0.333008
-1.10581
 1.23476
 1.32482
 0.34224
-1.52599
 1.79777
0.333447
-1.10569
 1.23448
 1.32444
0.342439
-1.52594
 1.79794
0.333896
-1.10562
 1.23417
 1.32412
0.342625
-1.52586
 1.79801
0.334413
-1.10546
 1.23392
 1.32381
0.342798
-1.52576
 1.79808
 0.33495
-1.10526
 1.23365
 1.32346
0.342967
-1.52573
 1.79826
0.335351
-1.10519
 1.23335
 1.32306
0.343138
-1.52571
 1.79831
0.335804
-1.10485
  1.2331
 1.32267
0.343301
-1.52562
  1.7985
0.336294
-1.10479
 1.23284
 1.32231
0.343465
-1.52555
 1.79864
 0.33679
-1.10469
 1.23259
 1.32199
0.343621
-1.52552
 1.79868
0.337329
 -1.1044
 1.23232
 1.32169
0.343787
-1.52549
 1.79884
0.337817
-1.10429
 1.23205
 1.32133
0.343956
-1.52545
 1.79904
0.338289
-1.10416
 1.23178
  1.3209
0.344124
-1.52543
 1.79917
0.338782
-1.10394
  1.2315
 1.32049
 0.34431
-1.52538
 1.79934
0.339299
 -1.1038
 1.23123
 1.32011
 0.34451
-1.52532
 1.79951
0.339761
-1.10364
 1.23096
 1.31974
0.344706
-1.52536
 1.79966
0.340136
 -1.1034
 1.23067
 1.31935
0.344877
-1.52537
 1.79986
0.340516
-1.10326
 1.23037
 1.31893
0.345045
-1.52538
 1.79994
0.340988
-1.10293
 1.23009
 1.31853
 0.34521
 -1.5254
 1.80015
0.341411
-1.10279
 1.22978
 1.31816
0.345376
-1.52541
 1.80039
0.341822
-1.10269
  1.2295
 1.31779
0.345543
-1.52546
 1.80051
0.342275
-1.10245
 1.22922
 1.31742
0.345718
-1.52554
 1.80066
0.342702
-1.10224
 1.22894
 1.31701
0.345892
-1.52557
 1.80078
0.343168
-1.10205
 1.22865
 1.31658
 0.34607
-1.52556
 1.80101
0.343626
-1.10194
 1.22837
 1.31619
0.346263
-1.52566
 1.80108
0.344052
-1.10164
 1.22809
 1.31586
0.346457
-1.52576
 1.80122
0.344478
 -1.1014
 1.22779
  1.3155
0.346658
-1.52578
 1.80142
0.344948
-1.10123
 1.22749
  1.3151
 0.34685
-1.52586
 1.80151
0.345446
-1.10094
  1.2272
 1.31469
0.347025
 -1.5259
  1.8017
0.345946
-1.10073
 1.22688
 1.31428
 0.34719
-1.52597
 1.80179
0.346451
-1.10043
 1.22655
 1.31392
0.347363
  -1.526
 1.80194
 0.34694
-1.10023
 1.22621
 1.31354
0.347544
-1.52602
 1.80204
0.347479
-1.10005
 1.22589
 1.31317
0.347738
-1.52611
 1.80221
 0.34792
-1.09988
 1.22556
 1.31274
0.347939
-1.52618
 1.80229
0.348405
-1.09961
 1.22525
 1.31235
0.348148
-1.52617
 1.80245
0.348921
-1.09951
 1.22491
 1.31198
0.348357
-1.52619
 1.80252
0.349456
-1.09931
 1.22458
 1.31161
0.348569
-1.52622
 1.80267
0.349929
-1.09919
 1.22425
 1.31117
0.348775
 -1.5262
 1.80276
0.350471
-1.09905
 1.22393
 1.31071
0.348982
-1.52617
 1.80283
0.351022
-1.09884
  1.2236
 1.31027
0.349156
-1.52622
 1.80303
0.351438
-1.09869
 1.22327
 1.30985
0.349331
-1.52624
 1.80313
0.351921
-1.09844
 1.22293
 1.30942
0.349508
-1.52622
 1.80333
0.352448
-1.09831
  1.2226
 1.30897
0.349704
-1.52623
 1.80344
0.352988
-1.09806
 1.22228
 1.30856
0.349909
-1.52622
 1.80368
0.353488
-1.09792
 1.22193
 1.30812
0.350126
 -1.5262
 1.80378
0.354061
-1.09766
 1.22161
 1.30769
0.350344
-1.52613
 1.80391
0.354653
-1.09747
 1.22128
 1.30723
0.350566
-1.52614
 1.80413
0.355108
-1.09734
 1.22094
 1.30678
0.350774
-1.52616
 1.80422
0.355595
-1.09705
 1.22063
 1.30639
0.350984
 -1.5261
 1.80449
0.356128
-1.09699
 1.22028
 1.30601
0.351181
-1.52609
  1.8046
0.356712
-1.09673
 1.21995
 1.30559
0.351368
-1.52608
 1.80472
0.357284
-1.09651
 1.21961
 1.30516
0.351556
-1.52601
 1.80498
0.357839
-1.09642
 1.21926
 1.30474
0.351762
-1.52592
  1.8052
0.358422
-1.09626
 1.21894
 1.30435
0.351975
-1.52593
 1.80536
0.358951
-1.09597
  1.2186
 1.30396
0.352203
-1.52593
 1.80562
0.359447
-1.09575
 1.21824
 1.30351
0.352432
-1.52588
 1.80581
0.360029
-1.09546
  1.2179
 1.30306
0.352652
-1.52581
 1.80602
0.360657
-1.09522
 1.21756
 1.30263
0.352861
 -1.5257
 1.80629
 0.36124
-1.09506
 1.21721
 1.30224
0.353054
 -1.5257
 1.80649
 0.36173
-1.09481
 1.21685
 1.30183
0.353253
 -1.5257
 1.80662
0.362248
-1.09454
 1.21649
 1.30138
0.353449
-1.52563
 1.80688
0.362822
-1.09443
 1.21613
 1.30089
0.353649
 -1.5256
 1.80706
0.363404
-1.09422
 1.21578
 1.30045
0.353852
-1.52555
  1.8072
0.364018
-1.09399
  1.2154
 1.30007
0.354081
-1.52545
  1.8073
0.364654
-1.09378
 1.21504
 1.29965
0.354317
-1.52546
 1.80751
0.365146
-1.09366
 1.21469
 1.29914
0.354553
-1.52545
 1.80767
0.365685
-1.09345
 1.21434
 1.29867
 0.35477
-1.52541
 1.80772
0.366314
-1.09316
 1.21399
 1.29826
0.354977
-1.52534
 1.80782
0.366952
-1.09297
 1.21362
 1.29785
0.355173
-1.52524
 1.80797
0.367572
-1.09281
 1.21325
 1.29736
0.355381
-1.52524
  1.8081
  0.3681
 -1.0926
 1.21289
 1.29686
0.355601
-1.52524
 1.80819
0.368645
-1.09234
 1.21251
 1.29642
0.355807
-1.52518
 1.80827
 0.36928
-1.09209
 1.21214
   1.296
 0.35603
-1.52514
 1.80834
0.369945
-1.09178
  1.2118
 1.29556
0.356267
-1.52504
 1.80854
0.370572
 -1.0916
 1.21143
 1.29507
0.356504
-1.52502
 1.80877
0.371092
-1.09141
 1.21106
 1.29462
0.356731
-1.52502
 1.80891
0.371684
-1.09106
  1.2107
 1.29422
0.356947
-1.52498
 1.80908
0.372323
-1.09078
 1.21035
  1.2938
0.357151
-1.52493
 1.80921
0.372987
-1.09044
 1.20998
 1.29335
0.357357
-1.52483
 1.80937
0.373662
-1.09021
 1.20956
  1.2929
0.357584
-1.52483
 1.80959
0.374203
   -1.09
 1.20916
 1.29245
0.357808
-1.52482
 1.80978
 0.37473
-1.08979
 1.20876
 1.29201
0.358031
-1.52477
 1.80995
 0.37535
-1.08954
 1.20836
 1.29154
 0.35827
-1.52469
 1.81021
0.375996
-1.08941
 1.20796
 1.29105
0.358522
-1.52459
 1.81042
0.376667
-1.08915
 1.20759
 1.29055
0.358764
 -1.5246
 1.81061
0.377234
-1.08883
  1.2072
 1.29004
0.358983
-1.52459
 1.81079
0.377815
 -1.0885
 1.20683
 1.28954
0.359203
-1.52447
 1.81102
0.378504
-1.08834
 1.20645
 1.28903
0.359423
-1.52436
 1.81127
0.379157
-1.08818
 1.20605
 1.28852
0.359661
-1.52438
 1.81146
0.379692
-1.08791
 1.20564
 1.28804
 0.35992
-1.52435
 1.81162
0.380275
 -1.0877
 1.20523
 1.28754
0.360172
-1.52426
 1.81179
0.380947
-1.08751
 1.20483
 1.28705
0.360431
-1.52417
 1.81194
  0.3816
-1.08726
 1.20445
 1.28663
0.360689
-1.52416
 1.81214
0.382159
-1.08708
 1.20407
 1.28619
0.360924
-1.52415
 1.81229
0.382755
-1.08682
 1.20369
 1.28571
0.361148
-1.52406
 1.81246
0.383435
-1.08659
  1.2033
 1.28525
 0.36137
-1.52393
 1.81265
0.384113
-1.08645
 1.20289
 1.28483
0.361605
-1.52392
 1.81279
0.384708
-1.08615
 1.20249
 1.28439
0.361852
-1.52391
 1.81294
0.385318
-1.08585
 1.20208
 1.28394
0.362114
-1.52378
 1.81315
0.386018
-1.08569
 1.20168
 1.28348
0.362365
-1.52369
 1.81331
0.386702
-1.08541
  1.2013
 1.28302
0.362604
-1.52366
 1.81351
0.387314
-1.08517
 1.20091
  1.2826
0.362846
-1.52365
 1.81365
0.387929
-1.08483
 1.20054
 1.28212
0.363079
-1.52356
 1.81382
0.388606
-1.08459
 1.20015
 1.28158
0.363311
-1.52344
 1.81405
0.389302
-1.08442
 1.19975
 1.28108
0.363548
-1.52343
 1.81423
0.389904
 -1.0841
 1.19931
 1.28061
0.363786
-1.52341
 1.81443
0.390492
-1.08385
 1.19883
 1.28012
0.364044
-1.52333
 1.81462
0.391173
-1.08357
 1.19839
  1.2796
0.364317
-1.52332
 1.81482
0.391824
-1.08335
 1.19795
 1.27909
 0.36456
 -1.5233
 1.81502
0.392464
-1.08306
 1.19753
 1.27862
0.364795
-1.52322
 1.81525
0.393135
-1.08287
 1.19709
  1.2782
0.365031
-1.52315
 1.81544
0.393822
-1.08261
 1.19665
 1.27769
0.365266
-1.52315
 1.81565
0.394437
-1.08238
  1.1962
 1.27716
0.365521
-1.52314
 1.81588
0.395024
-1.08212
 1.19577
 1.27668
0.365796
-1.52304
  1.8162
0.395701
  -1.082
 1.19533
 1.27622
0.366079
-1.52305
 1.81633
0.396392
-1.08167
 1.19495
 1.27574
0.366368
-1.52303
 1.81654
0.397064
 -1.0815
 1.19453
 1.27521
0.366645
-1.52297
 1.81679
0.397758
-1.08131
 1.19413
 1.27474
0.366892
-1.52287
 1.81703
0.398457
-1.08116
 1.19371
 1.27431
0.367154
-1.52289
 1.81722
0.399052
-1.08088
 1.19332
 1.27384
0.367426
-1.52288
 1.81747
0.399652
-1.08066
  1.1929
 1.27332
0.367698
 -1.5228
 1.81773
0.400352
 -1.0804
 1.19248
 1.27283
0.367977
-1.52279
 1.81806
 0.40098
 -1.0802
 1.19206
 1.27237
 0.36826
-1.52275
 1.81827
0.401677
 -1.0799
 1.19165
 1.27188
0.368538
-1.52268
 1.81845
0.402425
-1.07954
 1.19123
 1.27135
0.368796
-1.52269
 1.81873
0.403061
-1.07925
 1.19082
 1.27082
 0.36904
-1.52268
 1.81894
0.403703
-1.07889
  1.1904
  1.2703
  0.3693
-1.52258
 1.81925
0.404402
-1.07873
 1.18994
 1.26975
0.369573
-1.52258
 1.81952
0.405055
-1.07847
 1.18952
 1.26922
 0.36986
-1.52256
 1.81969
0.405767
-1.07812
 1.18907
 1.26872
0.370146
-1.52248
 1.81991
0.406493
 -1.0779
 1.18861
  1.2682
0.370399
-1.52248
 1.82021
0.407154
-1.07771
 1.18817
 1.26764
0.370647
-1.52246
 1.82049
0.407862
-1.07748
 1.18772
 1.26712
0.370886
-1.52238
 1.82081
0.408583
-1.07734
 1.18726
 1.26664
0.371117
-1.52242
 1.82101
0.409311
  -1.077
 1.18681
 1.26617
0.371366
-1.52238
 1.82129
0.410024
-1.07679
 1.18637
 1.26565
0.371626
-1.52227
 1.82164
0.410718
-1.07668
 1.18592
 1.26517
0.371907
-1.52226
 1.82194
0.411344
-1.07646
 1.18547
 1.26471
 0.37219
-1.52224
 1.82209
0.412004
-1.07606
 1.18501
 1.26422
0.372457
-1.52214
 1.82232
0.412666
 -1.0758
 1.18454
 1.26369
0.372707
 -1.5221
 1.82262
0.413237
-1.07562
 1.18407
  1.2632
0.372965
-1.52205
 1.82288
0.413876
 -1.0753
 1.18361
 1.26272
0.373217
-1.52197
 1.82307
0.414561
-1.07499
 1.18316
 1.26224
0.373473
-1.52193
 1.82329
  0.4152
-1.07468
 1.18269
 1.26172
0.373754
-1.52185
 1.82356
0.415863
-1.07441
 1.18222
  1.2612
0.374046
-1.52186
 1.82377
0.416445
-1.07401
 1.18177
 1.26073
0.374329
-1.52177
 1.82394
0.417179
-1.07365
 1.18131
 1.26023
0.374596
 -1.5217
 1.82416
 0.41796
 -1.0734
 1.18086
 1.25967
0.374846
-1.52171
 1.82442
0.418612
-1.07315
  1.1804
 1.25914
0.375111
 -1.5217
 1.82457
0.419307
-1.07273
 1.17996
  1.2587
0.375381
-1.52164
 1.82485
0.420066
-1.07252
 1.17949
 1.25821
0.375655
-1.52161
 1.82513
0.420771
-1.07232
 1.17905
 1.25767
0.375948
-1.52158
 1.82532
0.421498
  -1.072
 1.17861
 1.25717
0.376243
 -1.5216
 1.82553
0.422174
-1.07162
 1.17814
 1.25672
0.376517
-1.52154
 1.82583
0.422884
-1.07148
 1.17765
 1.25623
0.376774
-1.52148
 1.82602
0.423619
 -1.0712
 1.17721
 1.25571
0.377031
-1.52146
  1.8263
0.424296
-1.07096
 1.17673
 1.25521
 0.37731
 -1.5214
 1.82661
0.425001
-1.07084
 1.17627
 1.25474
 0.37759
-1.52142
 1.82678
0.425683
-1.07056
 1.17584
  1.2542
0.377875
-1.52137
   1.827
0.426421
-1.07032
 1.17538
 1.25364
0.378171
-1.52129
 1.82731
0.427139
-1.07022
 1.17489
 1.25311
0.378455
-1.52128
  1.8275
0.427822
-1.06999
  1.1744
  1.2526
0.378717
-1.52121
 1.82772
0.428537
-1.06984
 1.17391
 1.25207
0.378996
-1.5212
1.82785
0.42926
-1.0695
1.17343
1.25155
0.37931
-1.52112
 1.82812
0.429964
-1.06933
 1.17293
 1.25103
0.379645
 -1.5211
 1.82843
0.430625
-1.06912
 1.17248
 1.25048
 0.37997
-1.52105
 1.82866
0.431375
-1.06876
 1.17202
 1.24991
0.380295
-1.52097
 1.82897
0.432109
-1.06852
 1.17154
 1.24939
0.380607
-1.52097
 1.82918
0.432823
-1.06807
 1.17104
 1.24889
0.380897
-1.52089
 1.82951
0.433535
-1.06778
 1.17055
 1.24834
0.381194
-1.52087
 1.82982
0.434192
-1.06747
 1.17009
 1.24779
0.381493
 -1.5208
 1.83002
0.434935
-1.06709
 1.16961
  1.2473
0.381813
-1.52079
  1.8303
0.435628
-1.06676
 1.16914
 1.24682
0.382105
-1.52073
  1.8305
0.436365
 -1.0664
 1.16866
 1.24627
 0.38238
-1.52071
 1.83078
0.437027
-1.06609
 1.16817
 1.24573
0.382641
-1.52064
 1.83098
0.437758
-1.06575
 1.16766
 1.24527
0.382904
-1.52064
 1.83119
0.438423
-1.06539
 1.16717
 1.24479
0.383179
-1.52058
 1.83136
0.439161
-1.06504
  1.1667
 1.24428
0.383455
 -1.5205
 1.83159
0.439883
-1.06481
 1.16622
 1.24375
0.383751
-1.52049
 1.83173
0.440582
-1.06442
 1.16574
 1.24328
0.384054
-1.52042
   1.832
0.441273
-1.06419
 1.16524
  1.2428
0.384331
-1.52039
 1.83216
0.441989
-1.06381
 1.16477
 1.24228
0.384601
-1.52031
 1.83243
0.442716
-1.06355
 1.16427
 1.24176
0.384877
-1.52028
 1.83259
0.443419
-1.06313
 1.16379
  1.2413
0.385159
-1.52017
 1.83287
0.444146
-1.06286
 1.16327
  1.2408
0.385445
-1.52013
 1.83306
0.444858
 -1.0625
 1.16277
 1.24024
0.385739
-1.52004
 1.83335
0.445572
-1.06228
 1.16225
  1.2397
0.386044
-1.52001
 1.83354
0.446281
-1.06191
 1.16175
 1.23924
0.386333
-1.51991
 1.83387
 0.44699
 -1.0617
 1.16122
 1.23873
0.386609
-1.51988
  1.8341
0.447685
-1.06136
 1.16072
  1.2382
0.386912
-1.51978
 1.83443
0.448421
-1.06116
  1.1602
 1.23766
0.387247
-1.51975
 1.83465
0.449145
-1.06081
  1.1597
 1.23715
0.387588
-1.51965
 1.83497
0.449864
-1.06058
 1.15918
 1.23662
0.387934
-1.51965
 1.83519
0.450574
-1.06025
 1.15868
 1.23608
0.388272
-1.51958
 1.83552
0.451292
-1.06006
 1.15816
 1.23554
0.388575
-1.51957
 1.83576
   0.452
-1.05979
 1.15766
 1.23503
0.388877
 -1.5195
 1.83612
0.452756
-1.05962
 1.15714
 1.23448
0.389205
 -1.5195
 1.83638
  0.4535
-1.05929
 1.15665
 1.23395
0.389538
-1.51944
 1.83667
0.454261
-1.05902
 1.15614
 1.23344
0.389867
-1.51943
 1.83702
0.454972
-1.05876
 1.15563
 1.23294
0.390162
-1.51935
 1.83731
0.455751
-1.05847
 1.15513
 1.23242
0.390443
-1.51935
 1.83759
 0.45646
-1.05812
 1.15462
 1.23188
0.390709
-1.51931
 1.83785
0.457183
-1.05775
  1.1541
 1.23135
 0.39099
-1.51918
 1.83826
0.457914
-1.05751
 1.15357
  1.2308
0.391291
-1.51912
 1.83849
0.458656
-1.05705
 1.15308
 1.23027
0.391605
-1.51903
 1.83873
  0.4594
-1.05665
 1.15257
 1.22975
0.391919
-1.51897
 1.83904
0.460101
-1.05628
 1.15207
 1.22923
 0.39222
-1.51886
 1.83926
0.460843
-1.05591
 1.15155
  1.2287
0.392503
-1.51883
  1.8396
0.461535
-1.05566
 1.15105
 1.22813
0.392795
-1.51873
  1.8398
0.462326
 -1.0553
 1.15056
 1.22764
 0.39309
-1.51871
 1.83996
0.463055
-1.05485
 1.15007
 1.22717
 0.39341
-1.51868
 1.84029
 0.46376
-1.05462
 1.14955
 1.22666
0.393744
-1.51861
 1.84055
0.464525
-1.05433
 1.14906
 1.22614
0.394063
 -1.5186
  1.8407
0.465273
-1.05399
 1.14856
 1.22567
0.394361
-1.51855
 1.84098
0.466034
-1.05381
 1.14805
 1.22518
 0.39466
-1.51855
 1.84117
 0.46676
-1.05352
 1.14757
 1.22464
0.394972
-1.51847
 1.84134
0.467526
-1.05326
 1.14708
 1.22413
0.395279
-1.51846
 1.84163
0.468185
-1.05308
 1.14656
 1.22367
0.395607
-1.51845
  1.8418
0.468867
-1.05271
 1.14605
  1.2232
0.395937
-1.51839
 1.84211
0.469553
-1.05255
 1.14552
 1.22268
0.396245
-1.51838
  1.8423
0.470256
-1.05219
 1.14501
 1.22213
0.396539
-1.51832
 1.84249
0.470999
-1.05183
 1.14449
 1.22163
0.396844
-1.51831
 1.84282
0.471635
-1.05152
 1.14398
 1.22114
0.397155
-1.51833
 1.84313
0.472295
-1.05117
 1.14348
 1.22065
0.397423
-1.51831
 1.84338
0.472957
-1.05086
 1.14317
 1.22038
0.397534
-1.51835
 1.84349
0.473492
-1.05048
 1.14304
 1.22032
0.397551
-1.51836
 1.84365
0.473906
-1.05025
 1.14299
 1.22033
0.397544
-1.51833
 1.84379
0.474183
-1.05018
   1.143
 1.22035
0.397535
-1.51831
 1.84385
 0.47435
-1.05012
 1.14301
 1.22037
0.397522
-1.51829
 1.84387
0.474413
 -1.0501
 1.14306
 1.22041
0.397518
-1.51825
 1.84387
 0.47441
-1.05011
 1.14309
 1.22042
0.397515
-1.51821
 1.84386
0.474372
-1.05013
 1.14313
 1.22043
0.397509
-1.51818
 1.84384
0.474311
-1.05016
 1.14319
 1.22044
0.397501
-1.51815
 1.84383
0.474232
-1.05021
 1.14327
 1.22047
0.397471
-1.51812
 1.84382
0.474123
-1.05026
 1.14335
 1.22052
0.397428
-1.51811
 1.84381
0.473999
 -1.0503
 1.14343
 1.22058
0.397377
-1.51809
 1.84381
0.473869
-1.05035
 1.14351
 1.22062
0.397327
-1.51807
  1.8438
0.473738
-1.05039
 1.14358
 1.22065
0.397275
-1.51806
 1.84379
0.473617
-1.05043
 1.14364
 1.22068
0.397231
-1.51805
 1.84378
0.473505
-1.05046
  1.1437
 1.22071
0.397191
-1.51804
 1.84377
0.473399
-1.05049
 1.14376
 1.22073
0.397153
-1.51803
 1.84376
0.473314
-1.05052
 1.14382
 1.22075
0.397129
-1.51802
 1.84375
0.473251
-1.05054
 1.14386
 1.22075
0.397123
  -1.518
 1.84373
0.473204
-1.05056
 1.14388
 1.22076
0.397123
-1.51799
 1.84371
0.473173
-1.05058
 1.14389
 1.22077
0.397125
-1.51799
 1.84369
0.473157
 -1.0506
  1.1439
 1.22077
0.397128
-1.51799
 1.84368
0.473153
-1.05063
  1.1439
 1.22078
0.397132
  -1.518
 1.84366
0.473158
-1.05066
  1.1439
 1.22078
0.397138
  -1.518
 1.84365
0.473171
-1.05068
 1.14389
 1.22079
0.397144
  -1.518
 1.84363
0.473186
 -1.0507
 1.14389
 1.22079
0.397146
-1.51801
 1.84362
0.473198
-1.05072
 1.14388
 1.22079
0.397148
-1.51801
 1.84361
0.473215
-1.05073
 1.14387
 1.22079
 0.39715
-1.51801
  1.8436
0.473235
-1.05073
 1.14386
 1.22079
0.397152
-1.51801
 1.84359
0.473256
-1.05073
 1.14386
  1.2208
0.397155
-1.51801
 1.84358
0.473276
-1.05072
 1.14385
  1.2208
0.397159
-1.51802
 1.84357
0.473296
-1.05072
 1.14385
  1.2208
0.397175
-1.51802
 1.84356
0.473314
-1.05071
 1.14384
  1.2208
0.397199
-1.51802
 1.84355
 0.47333
-1.05071
 1.14381
  1.2208
0.397217
-1.51802
 1.84354
0.473346
 -1.0507
 1.14379
  1.2208
0.397231
-1.51803
 1.84353
0.473362
 -1.0507
 1.14376
  1.2208
0.397245
-1.51803
 1.84352
0.473379
-1.05069
 1.14373
  1.2208
0.397255
-1.51803
 1.84351
0.473395
-1.05068
 1.14371
  1.2208
0.397265
-1.51803
  1.8435
0.473413
-1.05068
 1.14369
  1.2208
0.397272
-1.51803
  1.8435
0.473431
-1.05067
 1.14367
  1.2208
0.397278
-1.51803
  1.8435
0.473449
-1.05066
 1.14366
  1.2208
0.397282
-1.51803
  1.8435
0.473465
-1.05066
 1.14365
  1.2208
0.397286
-1.51803
  1.8435
0.473478
-1.05065
 1.14364
  1.2208
 0.39729
-1.51803
  1.8435
0.473491
-1.05065
 1.14362
  1.2208
0.397293
-1.51803
  1.8435
0.473502
-1.05065
 1.14361
  1.2208
0.397295
-1.51803
  1.8435
0.473512
-1.05065
 1.14361
  1.2208
0.397297
-1.51803
 1.84351
0.473521
-1.05065
  1.1436
  1.2208
0.397299
-1.51803
 1.84351
 0.47353
-1.05065
 1.14359
  1.2208
0.397301
-1.51803
 1.84352
 0.47354
-1.05065
 1.14358
  1.2208
0.397302
-1.51803
 1.84352
0.473549
-1.05065
 1.14357
  1.2208
0.397304
-1.51803
 1.84353
0.473558
-1.05065
 1.14356
  1.2208
0.397305
-1.51803
 1.84354
0.473566
-1.05064
 1.14356
  1.2208
0.397306
-1.51803
 1.84354
0.473575
-1.05064
 1.14356
 1.22081
0.397307
-1.51803
 1.84355
0.473584
-1.05064
 1.14356
 1.22081
0.397308
-1.51803
 1.84355
0.473592
-1.05064
 1.14356
 1.22081
0.397309
-1.51803
 1.84356
  0.4736
-1.05064
 1.14356
 1.22081
 0.39731
-1.51803
 1.84356
0.473608
-1.05064
 1.14356
 1.22081
 0.39731
-1.51803
 1.84356
0.473615
-1.05064
 1.14356
 1.22081
0.397311
-1.51803
 1.84357
0.473622
-1.05064
 1.14356
 1.22081
0.397312
-1.51803
 1.84357
0.473628
-1.05064
 1.14357
 1.22081
0.397313
-1.51803
 1.84357
0.473633
-1.05064
 1.14357
 1.22081
0.397313
-1.51803
 1.84357
0.473638
-1.05064
 1.14357
 1.22081
0.397314
-1.51803
 1.84358
0.473642
-1.05064
 1.14357
 1.22081
0.397315
-1.51803
 1.84358
0.473646
-1.05064
 1.14357
 1.22081
0.397315
-1.51803
 1.84358
 0.47365
-1.05063
 1.14358
 1.22081
0.397316
-1.51803
 1.84358
0.473654
-1.05063
 1.14358
 1.22081
0.397316
-1.51803
 1.84358
0.473658
-1.05063
 1.14358
 1.22081
0.397317
-1.51803
 1.84358
0.473663
-1.05063
 1.14358
 1.22081
0.397317
-1.51803
 1.84358
0.473667
-1.05063
 1.14358
 1.22081
0.397318
-1.51803
 1.84358
0.473671
-1.05063
 1.14358
 1.22081
0.397318
-1.51803
 1.84358
0.473675
-1.05063
 1.14358
 1.22081
0.397318
-1.51803
 1.84358
 0.47368
-1.05063
 1.14358
 1.22081
0.397319
-1.51803
 1.84359
0.473679
-1.05063
 1.14358
 1.22081
0.397319
-1.51803
 1.84359
0.473674
-1.05063
 1.14358
 1.22081
 0.39732
-1.51803
 1.84359
0.473672
-1.05063
 1.14358
 1.22081
 0.39732
-1.51803
 1.84359
 0.47367
-1.05063
 1.14358
 1.22081
 0.39732
-1.51803
 1.84359
0.473669
-1.05063
 1.14358
 1.22081
 0.39732
-1.51803
 1.84359
0.473668
-1.05063
 1.14358
 1.22081
0.397321
-1.51803
 1.84359
0.473666
-1.05063
 1.14358
 1.22081
0.397321
-1.51803
 1.84359
0.473664
-1.05062
 1.14358
 1.22081
0.397322
-1.51803
 1.84359
0.473663
-1.05062
 1.14358
 1.22081
0.397322
-1.51803
 1.84359
0.473663
-1.05062
 1.14358
 1.22081
0.397322
-1.51803
 1.84359
0.473662
-1.05062
 1.14358
 1.22081
0.397322
-1.51803
 1.84359
0.473662
-1.05062
 1.14358
 1.22081
0.397323
-1.51804
 1.84359
0.473661
-1.05062
 1.14358
 1.22081
0.397323
-1.51804
 1.84359
0.473662
-1.05062
 1.14358
 1.22081
0.397324
-1.51804
 1.84359
0.473662
-1.05062
 1.14358
 1.22081
0.397324
-1.51804
 1.84359
0.473662
-1.05062
 1.14358
 1.22081
0.397324
-1.51804
 1.84359
0.473663
-1.05062
 1.14358
 1.22081
0.397325
-1.51804
 1.84359
0.473663
-1.05062
 1.14358
 1.22081
0.397325
-1.51804
 1.84359
0.473663
-1.05062
 1.14358
 1.22081
0.397325
-1.51804
 1.84359
0.473664
-1.05062
 1.14358
 1.22081
0.397325
-1.51804
 1.84359
0.473664
-1.05062
 1.14358
 1.22081
0.397325
-1.51804
 1.84359
0.473664
-1.05062
 1.14358
 1.22081
0.397326
-1.51804
 1.84359
0.473663
-1.05062
 1.14358
 1.22081
0.397326
-1.51804
 1.84359
0.473663
-1.05062
 1.14358
 1.22081
0.397326
-1.51804
 1.84359
0.473662
-1.05062
 1.14358
 1.22081
0.397326
-1.51804
 1.84359
0.473662
-1.05062
 1.14358
 1.22081
0.397326
-1.51804
 1.84359
0.473661
-1.05062
 1.14358
 1.22081
0.397327
-1.51804
  1.8436
0.473661
-1.05062
 1.14358
 1.22081
0.397327
-1.51804
  1.8436
0.473661
-1.05062
 1.14358
 1.22081
0.397327
-1.51804
  1.8436
0.473661
-1.05062
 1.14358
 1.22081
0.397327
-1.51804
  1.8436
0.473661
-1.05062
 1.14358
 1.22081
0.397327
-1.51804
  1.8436
0.473661
-1.05062
 1.14358
 1.22081
0.397327
-1.51804
  1.8436
0.473661
-1.05062
 1.14358
 1.22081
0.397327
-1.51804
  1.8436
0.473662
-1.05062
 1.14358
 1.22081
0.397328
-1.51804
  1.8436
0.473662
-1.05062
 1.14358
 1.22081
0.397328
-1.51804
  1.8436
0.473662
-1.05062
 1.14358
 1.22081
0.397328
-1.51804
  1.8436
0.473662
-1.05062
 1.14358
 1.22081
0.397328
-1.51804
  1.8436
0.473662
-1.05062
 1.14358
 1.22081
0.397329
-1.51804
  1.8436
0.473662
-1.05062
 1.14358
 1.22081
0.397329
-1.51804
  1.8436
0.473662
-1.05062
 1.14358
 1.22081
0.397329
-1.51804
  1.8436
0.473662
-1.05062
 1.14358
 1.22081
0.397329
-1.51804
  1.8436
0.473662
-1.05062
 1.14358
 1.22081
 0.39733
-1.51804
  1.8436
0.473662
-1.05062
 1.14358
 1.22081
 0.39733
-1.51804
  1.8436
0.473662
-1.05062
 1.14358
 1.22081
 0.39733
-1.51804
  1.8436
0.473662
-1.05062
 1.14358
 1.22081
 0.39733
-1.51804
  1.8436
0.473661
-1.05062
 1.14358
 1.22081
 0.39733
-1.51804
  1.8436
0.473661
-1.05062
 1.14358
 1.22081
 0.39733
-1.51804
  1.8436
0.473661
-1.05062
 1.14358
 1.22081
0.397331
-1.51804
  1.8436
0.473661
-1.05062
 1.14358
 1.22081
0.397331
-1.51804
  1.8436
0.473661
-1.05062
 1.14358
 1.22081
0.397331
-1.51804
  1.8436
0.473661
-1.05062
 1.14358
 1.22081
0.397331
-1.51804
  1.8436
0.473662
-1.05062
 1.14358
 1.22081
0.397331
-1.51804
  1.8436
0.473662
-1.05062
 1.14358
 1.22081
0.397331
-1.51804
  1.8436
0.473662
-1.05062
 1.14358
 1.22081
0.397332
-1.51804
  1.8436
0.473662
-1.05062
 1.14358
 1.22081
0.397332
-1.51804
  1.8436
0.473663
-1.05062
 1.14358
 1.22081
0.397332
-1.51804
  1.8436
0.473663
-1.05062
 1.14358
 1.22081
0.397332
-1.51804
  1.8436
0.473663
-1.05062
 1.14358
 1.22081
0.397332
-1.51804
  1.8436
0.473662
-1.05062
 1.14358
 1.22081
0.397332
-1.51804
  1.8436
0.473662
-1.05062
 1.14358
 1.22081
0.397332
-1.51804
  1.8436
0.473662
-1.05062
 1.14358
 1.22081
0.397333
-1.51804
  1.8436
0.473661
-1.05062
 1.14358
 1.22081
0.397333
-1.51804
  1.8436
0.473661
-1.05062
 1.14358
 1.22081
0.397333
-1.51804
  1.8436
0.473661
-1.05062
 1.14358
 1.22081
0.397334
-1.51804
  1.8436
0.473661
-1.05062
 1.14358
 1.22081
0.397334
-1.51804
  1.8436
0.473661
-1.05062
 1.14358
 1.22081
0.397334
-1.51804
  1.8436
0.473662
-1.05061
 1.14358
 1.22081
0.397334
-1.51804
  1.8436
0.473662
-1.05061
 1.14358
 1.22081
0.397334
-1.51804
  1.8436
0.473662
-1.05061
 1.14358
 1.22081
0.397334
-1.51804
  1.8436
0.473662
-1.05062
 1.14358
 1.22081
0.397334
-1.51804
  1.8436
0.473662
-1.05062
 1.14358
 1.22081
0.397334
-1.51804
  1.8436
0.473662
-1.05062
 1.14358
 1.22081
0.397335
-1.51804
  1.8436
0.473662
-1.05062
 1.14358
 1.22081
0.397335
-1.51804
  1.8436
0.473662
-1.05062
 1.14358
 1.22081
0.397335
-1.51804
  1.8436
0.473662
-1.05062
 1.14358
 1.22081
0.397335
-1.51804
  1.8436
0.473662
-1.05062
 1.14358
 1.22081
0.397336
-1.51804
  1.8436
0.473662
-1.05062
 1.14358
 1.22081
0.397336
-1.51804
  1.8436
0.473662
-1.05061
 1.14358
 1.22081
0.397336
-1.51804
  1.8436
0.473662
-1.05061
 1.14358
 1.22081
0.397336
-1.51804
  1.8436
0.473662
-1.05061
 1.14358
 1.22081
0.397336
-1.51804
  1.8436
0.473662
-1.05061
 1.14358
 1.22081
0.397336
-1.51804
  1.8436
0.473662
-1.05061
 1.14358
 1.22081
0.397337
-1.51804
  1.8436
0.473662
-1.05061
 1.14358
 1.22081
0.397337
-1.51804
  1.8436
0.473662
-1.05061
 1.14358
 1.22081
0.397337
-1.51804
  1.8436
0.473662
-1.05062
 1.14358
 1.22081
0.397337
-1.51804
  1.8436
0.473662
-1.05062
 1.14358
 1.22081
0.397337
-1.51804
  1.8436
0.473662
-1.05062
 1.14358
 1.22081
0.397338
-1.51804
  1.8436
0.473662
-1.05061
 1.14358
 1.22081
0.397338
-1.51804
  1.8436
0.473662
-1.05062
 1.14358
 1.22081
0.397338
