    -1.76392
     1.82739
-0.000240464
   -0.928916
    -1.98635
     1.42532
   -0.317421
    -1.76392
     1.82739
-0.000240583
   -0.928916
    -1.98635
     1.42532
   -0.317422
    -1.76392
     1.82739
-0.000240583
   -0.928916
    -1.98635
     1.42532
   -0.317421
    -1.76392
     1.82739
-0.000239565
   -0.928917
    -1.98635
     1.42532
   -0.317422
    -1.76393
     1.82739
-0.000241183
   -0.928916
    -1.98635
     1.42532
   -0.317421
    -1.76392
     1.82739
-0.000240164
   -0.928918
    -1.98635
     1.42532
   -0.317422
    -1.76392
     1.82739
-0.000238846
   -0.928918
    -1.98635
     1.42532
   -0.317421
    -1.76393
     1.82739
-0.000240464
   -0.928919
    -1.98635
     1.42532
   -0.317421
    -1.76392
     1.82739
-0.000234951
   -0.928918
    -1.98635
     1.42533
   -0.317421
    -1.76392
     1.82739
-0.000232374
   -0.928923
    -1.98635
     1.42534
   -0.317422
   -1.76392
    1.82741
-0.00022794
  -0.928939
   -1.98635
    1.42536
  -0.317422
    -1.76392
     1.82739
-0.000217274
   -0.928924
    -1.98636
     1.42538
   -0.317422
   -1.76392
    1.82736
-0.00019744
  -0.928898
   -1.98636
    1.42542
  -0.317422
    -1.76391
     1.82738
-0.000157233
   -0.928937
    -1.98636
     1.42546
   -0.317422
    -1.76391
     1.82741
-0.000103424
   -0.928983
    -1.98636
     1.42549
   -0.317423
     -1.7639
     1.82738
-4.13455e-05
   -0.928956
    -1.98637
     1.42557
   -0.317423
    -1.7639
    1.82739
3.22375e-05
  -0.928991
   -1.98638
    1.42565
  -0.317424
    -1.7639
    1.82739
0.000122059
  -0.928983
   -1.98639
    1.42572
  -0.317426
    -1.7639
    1.82739
0.000218532
  -0.928991
   -1.98642
     1.4258
  -0.317427
   -1.76389
    1.82739
0.000318421
  -0.929002
   -1.98647
    1.42587
  -0.317437
  -1.76389
   1.82739
0.00042538
 -0.929015
  -1.98652
   1.42595
 -0.317456
   -1.76389
    1.82739
0.000533897
  -0.929023
   -1.98659
    1.42604
  -0.317483
   -1.76388
    1.82739
0.000646729
  -0.929026
   -1.98666
    1.42613
  -0.317524
   -1.76388
    1.82739
0.000756085
  -0.929044
   -1.98674
    1.42621
  -0.317573
   -1.76388
    1.82739
0.000872931
  -0.929042
   -1.98682
     1.4263
  -0.317615
  -1.76388
   1.82739
0.00098738
 -0.929056
   -1.9869
   1.42641
 -0.317658
  -1.76387
   1.82739
0.00110369
 -0.929063
  -1.98698
    1.4265
 -0.317702
  -1.76387
   1.82739
0.00121466
 -0.929071
  -1.98705
   1.42657
 -0.317743
  -1.76386
   1.82735
0.00132569
 -0.929032
  -1.98713
   1.42664
 -0.317784
  -1.76386
   1.82733
0.00143541
 -0.929043
  -1.98722
    1.4267
 -0.317825
  -1.76386
   1.82739
0.00154686
 -0.929165
  -1.98729
   1.42674
 -0.317863
  -1.76386
   1.82739
0.00165826
 -0.929246
  -1.98736
   1.42683
 -0.317902
 -1.76385
  1.82735
0.0017642
-0.929306
 -1.98745
  1.42697
-0.317946
  -1.76385
   1.82733
0.00187248
 -0.929379
  -1.98754
   1.42707
 -0.317977
  -1.76385
   1.82733
0.00198818
  -0.92946
  -1.98761
   1.42717
 -0.317997
  -1.76385
   1.82733
0.00212133
 -0.929536
  -1.98768
   1.42726
 -0.318017
  -1.76385
   1.82733
0.00226664
 -0.929619
  -1.98777
   1.42736
 -0.318035
  -1.76385
   1.82732
0.00242579
 -0.929688
  -1.98785
    1.4275
 -0.318056
  -1.76385
   1.82728
0.00259836
 -0.929718
  -1.98794
   1.42768
 -0.318076
 -1.76382
   1.8272
0.0027943
-0.929733
 -1.98803
  1.42785
-0.318097
  -1.76378
   1.82725
0.00301439
 -0.929891
  -1.98811
   1.42802
 -0.318123
  -1.76381
   1.82726
0.00318583
 -0.929998
  -1.98818
    1.4282
 -0.318151
  -1.76381
   1.82719
0.00337488
 -0.929998
  -1.98825
   1.42837
 -0.318182
  -1.76377
   1.82718
0.00359611
 -0.930036
  -1.98833
   1.42852
 -0.318217
  -1.76377
   1.82715
0.00380403
 -0.930021
  -1.98843
   1.42865
 -0.318253
  -1.76376
   1.82713
0.00399716
 -0.930038
  -1.98852
    1.4288
 -0.318293
  -1.76373
   1.82705
0.00419064
 -0.929984
  -1.98862
   1.42894
 -0.318331
 -1.76372
  1.82695
0.0043903
-0.929973
 -1.98875
  1.42907
-0.318369
  -1.76371
   1.82698
0.00460152
 -0.930037
  -1.98886
   1.42922
 -0.318409
  -1.76369
   1.82697
0.00480849
 -0.930041
  -1.98896
    1.4294
 -0.318448
  -1.76368
    1.8269
0.00500935
 -0.929996
  -1.98908
   1.42958
 -0.318489
 -1.76366
  1.82688
0.0052295
 -0.92999
 -1.98919
  1.42976
-0.318528
  -1.76365
    1.8268
0.00545528
  -0.92994
  -1.98931
   1.42998
 -0.318564
  -1.76363
   1.82668
0.00567423
 -0.929931
  -1.98943
   1.43019
 -0.318598
  -1.76362
   1.82665
0.00588809
 -0.930069
  -1.98956
   1.43034
 -0.318629
  -1.76361
    1.8266
0.00610608
 -0.930189
  -1.98969
   1.43047
 -0.318656
   -1.7636
   1.82649
0.00631856
 -0.930234
  -1.98983
   1.43064
 -0.318678
  -1.76359
   1.82642
0.00653074
  -0.93032
  -1.98998
   1.43079
 -0.318697
  -1.76358
   1.82635
0.00674928
 -0.930357
  -1.99013
   1.43093
  -0.31872
  -1.76353
   1.82625
0.00699082
 -0.930373
  -1.99028
   1.43107
 -0.318744
  -1.76348
   1.82613
0.00723392
 -0.930412
  -1.99044
   1.43128
 -0.318765
  -1.7635
  1.82616
0.0074319
-0.930592
 -1.99057
  1.43152
-0.318789
  -1.76348
   1.82616
0.00766086
 -0.930734
  -1.99073
   1.43176
 -0.318813
 -1.76344
  1.82608
0.0079438
-0.930822
 -1.99089
  1.43201
-0.318839
  -1.76343
     1.826
0.00821423
 -0.930904
  -1.99104
   1.43226
 -0.318887
  -1.76342
    1.8259
0.00849022
 -0.931028
  -1.99121
    1.4325
 -0.318957
   -1.7634
   1.82592
0.00878144
 -0.931231
  -1.99136
   1.43268
 -0.319034
   -1.7634
   1.82593
0.00907565
 -0.931427
   -1.9915
   1.43287
  -0.31911
  -1.76338
   1.82587
0.00936837
 -0.931451
  -1.99167
   1.43309
  -0.31918
  -1.76337
   1.82584
0.00967463
 -0.931478
  -1.99184
   1.43332
  -0.31925
  -1.76336
   1.82579
0.00998436
 -0.931478
    -1.992
   1.43357
 -0.319315
 -1.76335
  1.82586
0.0102982
-0.931627
 -1.99215
  1.43383
-0.319377
 -1.76334
   1.8259
0.0106023
-0.931752
 -1.99231
  1.43411
-0.319444
 -1.76332
  1.82589
0.0108924
-0.931764
 -1.99246
   1.4344
-0.319513
 -1.76326
  1.82588
0.0112158
-0.931751
 -1.99263
  1.43464
-0.319579
 -1.76318
  1.82588
0.0115313
-0.931707
  -1.9928
  1.43485
-0.319649
  -1.7632
  1.82597
0.0118048
-0.931793
 -1.99294
  1.43505
-0.319716
 -1.76319
  1.82598
0.0121072
-0.931801
 -1.99309
  1.43529
-0.319787
 -1.76317
  1.82595
0.0124756
-0.931805
 -1.99325
  1.43556
 -0.31986
 -1.76317
   1.8259
0.0128184
-0.931774
 -1.99343
  1.43585
-0.319928
 -1.76317
  1.82585
0.0131502
-0.931809
  -1.9936
  1.43618
-0.319987
 -1.76316
  1.82589
0.0134939
-0.931966
 -1.99375
  1.43647
-0.320046
 -1.76316
   1.8259
0.0138413
-0.932138
 -1.99393
  1.43673
-0.320102
 -1.76316
  1.82582
0.0141924
-0.932241
 -1.99415
  1.43697
-0.320158
 -1.76316
  1.82573
0.0145441
-0.932334
 -1.99437
  1.43722
-0.320215
 -1.76316
  1.82561
0.0148933
-0.932454
  -1.9946
  1.43751
-0.320277
 -1.76316
  1.82562
0.0152394
-0.932683
 -1.99484
  1.43781
-0.320343
 -1.76316
   1.8256
0.0155805
-0.932859
 -1.99507
  1.43813
-0.320413
 -1.76313
  1.82546
0.0159432
-0.932863
 -1.99531
  1.43843
-0.320485
 -1.76309
  1.82534
0.0163245
 -0.93288
 -1.99554
  1.43868
-0.320558
 -1.76312
  1.82535
0.0166538
 -0.93304
 -1.99575
  1.43892
-0.320629
 -1.76312
  1.82533
0.0169957
-0.933173
 -1.99596
  1.43918
-0.320697
 -1.76309
  1.82524
0.0173654
-0.933201
 -1.99617
  1.43952
-0.320761
 -1.76309
  1.82516
0.0177197
-0.933226
 -1.99635
  1.43988
-0.320818
 -1.76308
  1.82508
0.0180945
-0.933188
 -1.99655
  1.44028
-0.320869
 -1.76308
  1.82509
0.0185027
 -0.93327
 -1.99672
  1.44064
-0.320915
 -1.76308
  1.82505
0.0189102
-0.933278
 -1.99692
  1.44093
-0.320953
 -1.76308
  1.82492
0.0193034
-0.933228
 -1.99712
  1.44122
-0.320999
 -1.76308
  1.82483
0.0196991
-0.933216
 -1.99731
  1.44152
-0.321051
 -1.76308
  1.82483
 0.020104
-0.933357
  -1.9975
  1.44184
-0.321107
 -1.76304
  1.82477
0.0205313
-0.933466
 -1.99771
   1.4422
-0.321171
 -1.76299
  1.82462
0.0209567
-0.933472
 -1.99793
  1.44258
-0.321237
 -1.76303
  1.82453
0.0213172
-0.933546
 -1.99816
  1.44289
-0.321304
 -1.76303
  1.82455
0.0217067
-0.933694
 -1.99839
  1.44317
-0.321388
 -1.76299
  1.82452
0.0221679
-0.933817
 -1.99861
  1.44349
-0.321486
 -1.76299
  1.82445
0.0226114
-0.933873
 -1.99883
  1.44383
-0.321582
 -1.76299
  1.82438
0.0230606
-0.933956
 -1.99907
  1.44419
 -0.32168
 -1.76298
  1.82428
0.0235123
-0.933981
 -1.99929
  1.44451
-0.321789
 -1.76298
  1.82432
0.0239643
-0.934184
 -1.99951
  1.44481
-0.321899
 -1.76298
  1.82432
0.0244078
 -0.93439
 -1.99975
  1.44511
   -0.322
 -1.76296
  1.82423
0.0248541
-0.934422
 -2.00001
  1.44548
-0.322096
 -1.76295
  1.82421
0.0253157
-0.934531
 -2.00025
  1.44587
-0.322198
 -1.76294
  1.82425
0.0257729
-0.934709
  -2.0005
  1.44623
-0.322299
  -1.7629
  1.82424
0.0262433
-0.934861
 -2.00076
   1.4466
-0.322398
 -1.76284
  1.82416
0.0267026
-0.934979
 -2.00103
  1.44696
 -0.32249
 -1.76286
  1.82411
 0.027091
-0.935126
 -2.00129
  1.44734
-0.322579
 -1.76287
  1.82416
0.0275017
 -0.93535
 -2.00157
   1.4477
-0.322658
 -1.76282
  1.82415
0.0279443
-0.935493
 -2.00185
  1.44806
-0.322725
  -1.7628
  1.82404
0.0283482
-0.935511
 -2.00212
  1.44846
-0.322793
 -1.76277
  1.82395
0.0287608
 -0.93559
 -2.00239
  1.44882
-0.322856
 -1.76275
  1.82396
  0.02919
-0.935753
 -2.00266
  1.44917
 -0.32292
 -1.76274
  1.82395
  0.02964
-0.935899
 -2.00292
  1.44957
-0.322986
 -1.76272
  1.82381
0.0300946
-0.935908
 -2.00317
  1.45003
-0.323046
  -1.7627
  1.82371
0.0305525
-0.935968
 -2.00341
  1.45043
-0.323101
 -1.76269
  1.82367
0.0310415
-0.936082
 -2.00365
  1.45076
-0.323159
 -1.76264
  1.82359
0.0315654
-0.936166
 -2.00392
  1.45114
-0.323243
 -1.76259
  1.82348
0.0321032
-0.936211
 -2.00417
  1.45157
-0.323353
  -1.7626
  1.82334
0.0325823
-0.936227
 -2.00442
  1.45202
-0.323485
  -1.7626
  1.82321
 0.033084
-0.936278
  -2.0047
   1.4524
 -0.32362
 -1.76256
   1.8232
0.0336301
-0.936442
 -2.00498
  1.45274
-0.323761
 -1.76254
  1.82316
0.0341633
-0.936569
 -2.00525
   1.4531
-0.323901
 -1.76252
  1.82301
0.0346776
-0.936605
 -2.00554
  1.45353
-0.324038
 -1.76251
  1.82288
0.0351925
-0.936672
 -2.00583
  1.45394
-0.324168
  -1.7625
   1.8229
0.0357201
-0.936913
 -2.00609
   1.4543
-0.324267
 -1.76247
  1.82288
 0.036245
-0.937086
 -2.00634
  1.45465
-0.324347
 -1.76245
  1.82276
0.0367341
-0.937192
 -2.00661
  1.45503
-0.324429
 -1.76243
  1.82267
0.0372184
-0.937331
  -2.0069
  1.45542
-0.324511
 -1.76242
  1.82272
0.0377241
-0.937595
 -2.00717
  1.45582
-0.324592
 -1.76237
  1.82273
0.0382567
-0.937788
 -2.00743
  1.45623
-0.324665
  -1.7623
   1.8227
0.0387865
-0.937883
 -2.00769
   1.4566
 -0.32474
 -1.76231
  1.82266
0.0392132
-0.937922
 -2.00797
  1.45698
-0.324817
  -1.7623
  1.82263
0.0396669
-0.937971
 -2.00825
  1.45743
-0.324896
 -1.76225
  1.82271
0.0401702
-0.938149
 -2.00854
   1.4579
-0.324987
 -1.76223
  1.82275
0.0406435
-0.938298
 -2.00882
  1.45832
-0.325077
 -1.76222
  1.82276
0.0411091
-0.938355
 -2.00912
  1.45871
-0.325161
  -1.7622
  1.82274
0.0415949
-0.938353
 -2.00943
  1.45912
-0.325238
 -1.76219
  1.82275
 0.042112
-0.938328
 -2.00975
  1.45958
-0.325325
 -1.76218
  1.82284
0.0426478
-0.938415
 -2.01005
  1.46006
-0.325439
 -1.76217
  1.82287
0.0431776
-0.938444
 -2.01036
  1.46047
-0.325576
 -1.76216
  1.82278
0.0437114
-0.938397
 -2.01066
  1.46088
-0.325727
 -1.76216
  1.82272
0.0442609
-0.938432
 -2.01097
   1.4613
-0.325876
 -1.76216
  1.82278
0.0448306
-0.938604
 -2.01128
  1.46173
-0.326021
 -1.76212
  1.82278
0.0454176
-0.938789
 -2.01159
  1.46219
-0.326169
 -1.76205
  1.82271
0.0459991
-0.938872
 -2.01191
  1.46263
-0.326313
 -1.76208
  1.82263
0.0465204
-0.938932
 -2.01222
  1.46303
-0.326429
 -1.76208
  1.82252
0.0470794
-0.938985
 -2.01254
  1.46346
-0.326521
 -1.76205
  1.82254
 0.047688
-0.939189
 -2.01284
   1.4639
-0.326602
 -1.76206
  1.82252
 0.048252
-0.939396
 -2.01316
  1.46434
-0.326678
 -1.76204
  1.82243
 0.048811
-0.939509
 -2.01347
  1.46478
-0.326752
 -1.76204
  1.82233
0.0493841
-0.939609
 -2.01376
  1.46524
-0.326826
 -1.76204
   1.8222
0.0499643
-0.939739
 -2.01408
  1.46573
-0.326908
 -1.76204
  1.82219
 0.050532
-0.939996
 -2.01438
  1.46618
   -0.327
 -1.76203
  1.82215
0.0510947
-0.940198
 -2.01467
  1.46663
-0.327095
 -1.76203
  1.82204
 0.051665
-0.940274
 -2.01497
   1.4671
 -0.32719
 -1.76203
  1.82198
0.0522192
 -0.94038
 -2.01527
  1.46757
-0.327316
 -1.76203
  1.82188
0.0527649
-0.940401
 -2.01559
  1.46802
 -0.32745
 -1.76203
  1.82179
0.0533116
-0.940457
 -2.01589
  1.46849
-0.327576
 -1.76199
  1.82181
0.0538929
-0.940617
  -2.0162
  1.46894
-0.327714
 -1.76197
  1.82178
0.0544509
-0.940705
 -2.01652
  1.46943
-0.327857
 -1.76199
  1.82173
0.0549247
-0.940722
 -2.01682
  1.46994
-0.328005
 -1.76198
  1.82171
0.0554411
-0.940758
 -2.01713
  1.47041
-0.328157
 -1.76194
  1.82163
0.0560065
-0.940768
 -2.01745
  1.47086
-0.328305
 -1.76192
  1.82153
0.0565445
-0.940791
 -2.01776
  1.47133
-0.328449
  -1.7619
  1.82155
0.0570762
-0.940975
 -2.01808
  1.47176
 -0.32857
 -1.76189
  1.82154
0.0576233
-0.941149
 -2.01841
  1.47216
-0.328669
 -1.76187
  1.82149
0.0581871
-0.941196
 -2.01872
  1.47256
-0.328762
 -1.76186
   1.8215
 0.058753
-0.941302
 -2.01904
  1.47301
-0.328854
 -1.76185
  1.82144
0.0593288
-0.941318
 -2.01936
  1.47348
-0.328949
 -1.76183
  1.82136
0.0599172
-0.941368
 -2.01969
  1.47391
-0.329041
 -1.76183
  1.82141
0.0605021
-0.941611
 -2.02002
  1.47432
-0.329137
 -1.76182
   1.8214
0.0610817
-0.941817
 -2.02034
  1.47474
-0.329249
 -1.76181
  1.82137
0.0616618
-0.941935
 -2.02065
  1.47525
-0.329368
  -1.7618
  1.82138
0.0622551
-0.942076
 -2.02097
  1.47578
-0.329487
 -1.76179
  1.82138
0.0628452
-0.942197
 -2.02131
  1.47624
-0.329604
 -1.76178
  1.82134
0.0634275
 -0.94225
 -2.02162
  1.47668
-0.329722
 -1.76178
  1.82134
0.0640221
-0.942364
 -2.02193
  1.47718
-0.329838
 -1.76172
  1.82139
0.0646663
-0.942593
 -2.02226
  1.47768
-0.329962
 -1.76167
  1.82134
0.0652656
-0.942726
  -2.0226
  1.47813
-0.330102
  -1.7617
  1.82131
0.0658114
-0.942896
 -2.02291
  1.47858
-0.330239
 -1.76168
  1.82128
0.0664172
-0.943055
 -2.02323
  1.47907
-0.330366
 -1.76167
  1.82126
0.0670498
-0.943209
 -2.02356
  1.47957
-0.330497
 -1.76168
  1.82124
0.0676448
-0.943327
  -2.0239
  1.48005
-0.330614
 -1.76167
  1.82122
0.0682342
 -0.94342
 -2.02421
  1.48049
-0.330719
 -1.76167
  1.82117
 0.068834
 -0.94347
 -2.02454
  1.48093
-0.330821
 -1.76168
  1.82111
0.0694339
-0.943498
 -2.02487
  1.48142
-0.330924
 -1.76168
  1.82115
0.0700236
-0.943629
 -2.02516
  1.48191
-0.331028
 -1.76167
  1.82111
0.0706045
-0.943682
 -2.02547
  1.48233
-0.331148
 -1.76167
  1.82107
 0.071203
-0.943698
  -2.0258
  1.48279
-0.331295
 -1.76168
  1.82106
0.0717987
-0.943748
 -2.02614
  1.48328
-0.331455
 -1.76168
  1.82104
 0.072386
-0.943764
 -2.02648
  1.48375
-0.331628
 -1.76168
  1.82102
0.0729771
-0.943807
 -2.02683
  1.48419
-0.331793
 -1.76168
  1.82101
0.0735753
-0.943889
 -2.02718
  1.48464
-0.331945
 -1.76168
  1.82099
0.0741702
-0.943954
  -2.0275
  1.48511
-0.332107
 -1.76168
  1.82097
0.0747565
-0.944051
 -2.02781
   1.4856
-0.332262
 -1.76168
   1.8209
0.0753547
-0.944099
 -2.02815
  1.48609
-0.332397
 -1.76168
  1.82082
0.0759477
-0.944181
 -2.02847
  1.48658
-0.332499
 -1.76168
  1.82085
0.0765349
-0.944403
 -2.02877
  1.48703
-0.332586
 -1.76168
  1.82083
0.0771225
-0.944608
  -2.0291
  1.48751
-0.332677
 -1.76168
  1.82079
0.0777112
-0.944714
 -2.02946
  1.48799
-0.332767
 -1.76169
  1.82079
0.0782989
-0.944844
  -2.0298
  1.48848
-0.332859
 -1.76169
  1.82078
0.0788844
-0.944934
 -2.03015
  1.48897
-0.332947
 -1.76166
  1.82078
0.0794947
-0.945034
 -2.03051
  1.48948
-0.333041
 -1.76162
  1.82078
0.0800924
-0.945138
 -2.03084
  1.48998
-0.333158
 -1.76166
  1.82078
0.0805867
-0.945246
 -2.03117
  1.49046
-0.333301
 -1.76168
  1.82078
0.0811035
-0.945363
  -2.0315
  1.49096
-0.333451
 -1.76165
  1.82078
0.0816673
 -0.94547
 -2.03182
  1.49146
-0.333625
 -1.76166
  1.82078
0.0822141
-0.945575
 -2.03212
   1.4919
-0.333801
 -1.76167
  1.82078
0.0827489
-0.945673
 -2.03247
  1.49232
-0.333971
 -1.76169
  1.82079
0.0832922
-0.945792
 -2.03281
   1.4928
 -0.33412
 -1.76172
  1.82079
0.0838567
-0.945878
 -2.03316
  1.49329
-0.334279
 -1.76174
  1.82078
0.0844202
-0.945958
  -2.0335
  1.49373
-0.334432
 -1.76177
  1.82079
0.0849706
-0.946077
 -2.03385
  1.49415
-0.334548
  -1.7618
  1.82079
0.0855328
-0.946162
 -2.03418
   1.4946
-0.334647
 -1.76183
  1.82079
0.0861051
-0.946236
  -2.0345
  1.49509
-0.334743
 -1.76187
  1.82079
0.0866748
-0.946347
 -2.03483
  1.49557
-0.334841
 -1.76191
  1.82079
0.0872399
-0.946421
 -2.03514
  1.49599
-0.334942
 -1.76195
  1.82079
0.0878036
-0.946512
 -2.03544
  1.49642
 -0.33504
 -1.76198
  1.82079
0.0883789
-0.946606
 -2.03577
   1.4969
-0.335139
 -1.76202
  1.82079
0.0889546
-0.946683
 -2.03611
  1.49739
-0.335247
 -1.76205
  1.82079
 0.089516
-0.946772
 -2.03644
  1.49781
-0.335357
 -1.76207
   1.8208
0.0900844
-0.946869
 -2.03677
  1.49821
-0.335479
 -1.76209
  1.82079
0.0906684
-0.946928
  -2.0371
  1.49867
-0.335632
 -1.76212
   1.8208
0.0912471
-0.947018
 -2.03745
  1.49917
-0.335795
 -1.76213
   1.8208
0.0918162
-0.947092
 -2.03777
  1.49964
-0.335964
 -1.76215
  1.82079
0.0923901
-0.947171
 -2.03807
  1.50006
-0.336125
 -1.76215
  1.82079
0.0929752
 -0.94725
  -2.0384
  1.50049
-0.336268
 -1.76218
  1.82079
0.0935416
-0.947323
 -2.03873
  1.50097
 -0.33641
 -1.76219
  1.82079
0.0941023
-0.947393
 -2.03904
  1.50145
-0.336543
 -1.76221
  1.82079
0.0946661
-0.947463
 -2.03936
  1.50189
-0.336668
 -1.76222
  1.82079
0.0952346
-0.947541
 -2.03969
  1.50232
-0.336796
 -1.76224
  1.82079
0.0957842
-0.947618
 -2.04003
  1.50278
-0.336912
 -1.76226
  1.82079
0.0963351
-0.947686
 -2.04035
  1.50323
-0.337026
 -1.76227
  1.82079
0.0968949
-0.947773
 -2.04066
  1.50369
-0.337146
 -1.76228
  1.82079
0.0974575
-0.947854
 -2.04097
   1.5041
 -0.33726
 -1.76229
  1.82079
 0.098007
-0.947924
 -2.04127
  1.50454
-0.337382
 -1.76229
  1.82079
0.0985634
-0.948014
 -2.04159
    1.505
-0.337515
  -1.7623
  1.82079
0.0991192
-0.948079
 -2.04193
  1.50546
-0.337649
  -1.7623
  1.82079
0.0996705
-0.948171
 -2.04224
   1.5059
-0.337784
 -1.76231
  1.82078
 0.100213
-0.948231
 -2.04255
  1.50633
-0.337931
 -1.76231
  1.82078
 0.100747
-0.948316
 -2.04285
  1.50678
 -0.33808
 -1.76231
  1.82078
 0.101284
-0.948371
 -2.04317
  1.50723
-0.338228
 -1.76231
  1.82077
 0.101819
-0.948443
 -2.04349
  1.50766
-0.338359
 -1.76231
  1.82076
  0.10235
-0.948511
 -2.04382
  1.50811
-0.338455
 -1.76231
  1.82075
 0.102871
-0.948583
 -2.04415
  1.50857
-0.338548
 -1.76229
  1.82073
 0.103405
-0.948663
 -2.04447
  1.50904
-0.338648
 -1.76229
  1.82071
 0.103938
-0.948721
 -2.04478
   1.5095
-0.338753
 -1.76228
  1.82068
 0.104469
-0.948796
 -2.04509
  1.50992
-0.338857
 -1.76227
  1.82065
  0.10499
-0.948849
 -2.04541
  1.51038
-0.338962
 -1.76226
  1.82068
 0.105514
-0.948973
 -2.04571
  1.51087
-0.339071
 -1.76225
  1.82071
 0.106048
-0.949079
 -2.04601
  1.51131
-0.339181
 -1.76225
  1.82063
 0.106562
-0.949027
 -2.04632
  1.51171
-0.339295
 -1.76224
  1.82058
 0.107072
-0.949033
 -2.04662
  1.51212
-0.339414
 -1.76224
  1.82061
 0.107587
-0.949112
 -2.04693
  1.51259
-0.339539
 -1.76224
   1.8206
 0.108101
 -0.94915
 -2.04722
  1.51308
-0.339649
 -1.76223
  1.82059
  0.10859
-0.949215
 -2.04747
  1.51346
-0.339755
 -1.76221
  1.82057
 0.109086
-0.949268
 -2.04773
   1.5138
-0.339882
  -1.7622
  1.82056
 0.109575
-0.949307
   -2.048
  1.51419
-0.340007
 -1.76219
  1.82056
 0.110081
-0.949359
 -2.04828
  1.51465
-0.340141
 -1.76218
  1.82054
 0.110592
-0.949398
 -2.04856
  1.51507
 -0.34028
 -1.76218
  1.82054
 0.111086
-0.949467
 -2.04884
  1.51543
-0.340405
 -1.76217
  1.82057
 0.111575
-0.949558
 -2.04912
  1.51578
-0.340518
 -1.76216
  1.82063
  0.11207
-0.949667
  -2.0494
  1.51615
-0.340614
 -1.76216
  1.82057
 0.112575
-0.949612
 -2.04969
  1.51659
-0.340719
 -1.76217
  1.82055
 0.113064
-0.949628
 -2.04996
    1.517
-0.340827
 -1.76216
  1.82061
 0.113545
-0.949711
 -2.05023
  1.51736
-0.340934
 -1.76217
  1.82061
 0.114021
 -0.94976
 -2.05051
  1.51771
-0.341053
 -1.76217
  1.82062
 0.114502
-0.949834
  -2.0508
  1.51811
-0.341172
 -1.76218
  1.82062
 0.114978
-0.949898
 -2.05109
  1.51855
-0.341291
 -1.76218
  1.82063
 0.115446
-0.949952
 -2.05138
  1.51899
-0.341415
 -1.76219
  1.82063
   0.1159
    -0.95
 -2.05165
  1.51938
-0.341542
 -1.76219
  1.82069
 0.116364
-0.950115
 -2.05192
  1.51972
-0.341665
  -1.7622
  1.82077
 0.116834
-0.950208
  -2.0522
  1.52007
 -0.34179
 -1.76221
  1.82073
 0.117303
 -0.95013
 -2.05249
  1.52049
-0.341917
 -1.76223
  1.82073
  0.11776
-0.950136
 -2.05275
  1.52091
-0.342039
 -1.76224
  1.82079
 0.118226
-0.950197
 -2.05301
   1.5213
 -0.34216
 -1.76226
  1.82081
 0.118704
 -0.95026
 -2.05329
  1.52165
-0.342288
 -1.76227
  1.82082
  0.11919
-0.950335
 -2.05357
    1.522
-0.342403
 -1.76229
  1.82085
 0.119677
-0.950438
 -2.05384
  1.52238
-0.342511
 -1.76229
  1.82088
 0.120175
-0.950534
  -2.0541
  1.52277
-0.342616
 -1.76228
  1.82097
 0.120686
-0.950719
 -2.05437
  1.52314
-0.342713
 -1.76225
  1.82107
 0.121222
-0.950888
 -2.05464
  1.52349
-0.342798
 -1.76222
  1.82105
 0.121769
-0.950907
 -2.05493
  1.52385
-0.342886
 -1.76217
  1.82108
 0.122304
-0.950987
  -2.0552
   1.5242
-0.342986
  -1.7621
  1.82118
 0.122858
-0.951164
 -2.05545
   1.5246
-0.343094
 -1.76203
  1.82124
 0.123409
-0.951329
 -2.05571
  1.52498
-0.343207
 -1.76192
  1.82129
 0.123952
-0.951503
 -2.05596
  1.52535
-0.343325
 -1.76183
  1.82136
 0.124478
-0.951706
 -2.05621
  1.52569
-0.343449
 -1.76172
  1.82147
 0.125009
-0.951921
 -2.05645
  1.52605
 -0.34357
 -1.76159
  1.82163
 0.125549
-0.952162
 -2.05669
  1.52642
-0.343694
 -1.76146
  1.82163
  0.12608
-0.952276
 -2.05695
  1.52678
 -0.34382
 -1.76132
  1.82168
 0.126599
-0.952486
 -2.05721
   1.5271
-0.343937
 -1.76119
  1.82179
 0.127111
-0.952727
 -2.05747
  1.52742
-0.344055
 -1.76106
  1.82186
 0.127617
-0.952928
 -2.05774
  1.52776
-0.344161
 -1.76093
  1.82192
  0.12811
-0.953072
 -2.05801
  1.52811
-0.344244
 -1.76081
  1.82201
 0.128584
-0.953209
 -2.05827
  1.52849
-0.344314
  -1.7607
  1.82215
 0.129042
-0.953365
 -2.05851
   1.5288
-0.344386
  -1.7606
   1.8223
 0.129489
-0.953502
 -2.05874
  1.52908
-0.344462
  -1.7605
  1.82232
 0.129947
-0.953484
 -2.05897
  1.52939
-0.344542
 -1.76042
  1.82237
 0.130385
-0.953493
 -2.05917
   1.5297
-0.344626
 -1.76034
  1.82249
 0.130806
-0.953576
 -2.05939
     1.53
-0.344707
 -1.76029
  1.82255
 0.131209
 -0.95362
  -2.0596
  1.53034
-0.344784
 -1.76023
  1.82259
 0.131611
-0.953673
  -2.0598
  1.53066
-0.344858
 -1.76018
  1.82263
  0.13202
-0.953714
 -2.05999
  1.53094
-0.344925
 -1.76015
  1.82271
 0.132412
 -0.95379
 -2.06021
  1.53119
-0.345002
 -1.76013
  1.82282
 0.132781
-0.953868
 -2.06044
  1.53145
  -0.3451
 -1.76011
   1.8228
 0.133145
 -0.95379
 -2.06067
  1.53177
-0.345218
  -1.7601
  1.82279
  0.13351
 -0.95375
 -2.06089
  1.53211
-0.345343
  -1.7601
  1.82285
 0.133883
-0.953794
 -2.06113
  1.53242
-0.345472
  -1.7601
  1.82285
 0.134255
-0.953811
 -2.06136
  1.53272
-0.345594
 -1.76011
  1.82285
 0.134598
-0.953826
 -2.06157
    1.533
-0.345715
 -1.76012
  1.82286
  0.13493
-0.953863
 -2.06179
  1.53325
-0.345838
 -1.76014
  1.82289
 0.135247
-0.953905
 -2.06201
  1.53352
-0.345947
 -1.76015
  1.82297
 0.135565
-0.953986
 -2.06223
   1.5338
-0.346038
 -1.76017
  1.82291
 0.135898
-0.953908
 -2.06244
  1.53413
-0.346105
 -1.76019
  1.82287
 0.136236
-0.953867
 -2.06262
  1.53444
-0.346159
 -1.76021
  1.82292
 0.136577
-0.953921
 -2.06279
  1.53472
-0.346214
 -1.76024
  1.82291
 0.136905
-0.953929
 -2.06296
  1.53497
-0.346268
 -1.76026
   1.8229
 0.137211
-0.953959
 -2.06312
   1.5352
-0.346321
 -1.76029
   1.8229
 0.137524
-0.953988
  -2.0633
  1.53542
-0.346373
 -1.76032
  1.82293
 0.137839
-0.954048
 -2.06347
  1.53568
-0.346422
 -1.76034
  1.82298
  0.13816
-0.954123
 -2.06366
  1.53596
-0.346472
 -1.76037
   1.8229
  0.13848
-0.954049
 -2.06385
  1.53628
 -0.34653
  -1.7604
  1.82287
 0.138792
-0.954032
 -2.06404
  1.53654
-0.346612
 -1.76044
  1.82292
 0.139082
-0.954111
 -2.06423
  1.53672
-0.346712
 -1.76046
  1.82291
 0.139374
 -0.95412
 -2.06442
  1.53691
-0.346812
 -1.76049
   1.8229
 0.139653
-0.954148
 -2.06461
   1.5371
 -0.34691
 -1.76052
  1.82291
 0.139935
-0.954196
 -2.06479
  1.53728
-0.347007
 -1.76054
  1.82294
 0.140231
-0.954239
 -2.06496
  1.53747
-0.347097
 -1.76057
    1.823
 0.140509
-0.954327
 -2.06514
   1.5377
-0.347181
  -1.7606
  1.82293
 0.140804
-0.954246
 -2.06532
  1.53802
-0.347271
 -1.76063
   1.8229
 0.141079
-0.954224
 -2.06546
  1.53832
-0.347368
 -1.76066
  1.82291
 0.141339
 -0.95429
 -2.06562
  1.53858
-0.347461
 -1.76069
  1.82289
 0.141593
-0.954325
 -2.06576
  1.53881
-0.347555
 -1.76071
  1.82287
 0.141844
 -0.95437
 -2.06589
    1.539
-0.347629
 -1.76075
  1.82286
  0.14209
-0.954429
 -2.06603
  1.53917
-0.347689
 -1.76077
  1.82284
 0.142345
-0.954438
 -2.06617
  1.53935
-0.347735
 -1.76079
  1.82287
 0.142601
-0.954511
  -2.0663
  1.53956
-0.347777
 -1.76081
  1.82286
 0.142852
-0.954579
 -2.06643
  1.53978
-0.347818
 -1.76084
  1.82279
 0.143098
-0.954515
 -2.06658
  1.54001
-0.347863
-1.76085
 1.82275
 0.14334
-0.95449
-2.06671
 1.54021
-0.34791
 -1.76086
  1.82281
 0.143573
-0.954559
 -2.06685
  1.54039
-0.347959
 -1.76087
  1.82281
 0.143794
-0.954544
 -2.06698
  1.54058
-0.348005
 -1.76088
  1.82282
  0.14402
-0.954552
 -2.06711
  1.54074
-0.348049
 -1.76089
  1.82284
 0.144238
-0.954576
 -2.06727
  1.54088
-0.348092
 -1.76091
  1.82285
 0.144455
-0.954569
 -2.06741
  1.54099
-0.348133
 -1.76092
  1.82286
 0.144669
-0.954568
 -2.06754
   1.5411
-0.348172
 -1.76094
  1.82294
 0.144882
-0.954633
  -2.0677
  1.54123
-0.348208
 -1.76096
  1.82306
  0.14509
-0.954708
 -2.06786
   1.5414
-0.348242
 -1.76098
  1.82306
 0.145286
-0.954603
   -2.068
  1.54159
-0.348276
 -1.76099
  1.82311
 0.145483
-0.954556
 -2.06813
   1.5418
 -0.34831
   -1.761
  1.82322
 0.145677
-0.954558
 -2.06824
  1.54199
-0.348354
 -1.76102
  1.82329
  0.14586
-0.954534
 -2.06833
   1.5422
-0.348409
 -1.76104
  1.82337
 0.146029
-0.954542
  -2.0684
  1.54239
-0.348472
 -1.76105
  1.82343
 0.146199
-0.954537
 -2.06847
  1.54254
-0.348538
 -1.76106
  1.82348
 0.146368
-0.954534
 -2.06855
  1.54268
-0.348598
 -1.76107
  1.82353
 0.146533
-0.954548
 -2.06862
  1.54281
-0.348652
 -1.76109
  1.82356
 0.146692
-0.954579
  -2.0687
   1.5429
-0.348709
 -1.76109
  1.82364
 0.146854
-0.954657
 -2.06878
  1.54297
-0.348762
 -1.76111
  1.82374
  0.14701
-0.954697
 -2.06886
  1.54308
-0.348813
 -1.76112
  1.82371
  0.14718
-0.954653
 -2.06893
  1.54319
-0.348868
 -1.76113
   1.8237
 0.147339
-0.954661
 -2.06901
  1.54328
-0.348929
 -1.76114
  1.82374
 0.147487
-0.954737
 -2.06908
  1.54339
-0.348983
 -1.76115
  1.82374
 0.147631
-0.954812
 -2.06917
  1.54353
-0.349036
 -1.76116
  1.82374
 0.147759
-0.954873
 -2.06924
  1.54366
-0.349087
 -1.76117
  1.82374
 0.147881
-0.954934
  -2.0693
  1.54378
-0.349139
 -1.76118
  1.82373
 0.147993
-0.954959
 -2.06938
  1.54391
-0.349175
 -1.76119
  1.82373
 0.148104
-0.955014
 -2.06948
  1.54404
-0.349192
 -1.76121
  1.82372
 0.148204
-0.955047
 -2.06956
  1.54417
-0.349203
 -1.76121
  1.82372
 0.148309
-0.955082
 -2.06962
  1.54428
-0.349215
 -1.76122
   1.8237
 0.148417
-0.955107
 -2.06971
  1.54433
-0.349224
 -1.76124
   1.8237
 0.148516
 -0.95514
 -2.06978
  1.54438
-0.349234
 -1.76124
  1.82367
 0.148618
-0.955141
 -2.06985
  1.54444
-0.349245
 -1.76125
  1.82366
  0.14871
-0.955166
 -2.06991
   1.5445
-0.349255
 -1.76125
  1.82364
 0.148807
 -0.95517
 -2.06998
  1.54456
-0.349267
 -1.76127
  1.82362
 0.148895
-0.955178
 -2.07004
  1.54461
-0.349279
 -1.76127
  1.82365
  0.14898
-0.955227
 -2.07011
  1.54467
-0.349293
 -1.76129
  1.82369
 0.149055
-0.955274
 -2.07017
  1.54474
-0.349307
 -1.76129
  1.82362
 0.149135
-0.955177
 -2.07023
  1.54479
-0.349322
  -1.7613
  1.82361
 0.149209
-0.955132
 -2.07029
  1.54484
-0.349334
 -1.76132
  1.82362
 0.149273
-0.955161
 -2.07033
  1.54486
-0.349347
 -1.76132
   1.8236
 0.149337
-0.955147
 -2.07039
   1.5449
-0.349362
 -1.76134
   1.8236
 0.149381
-0.955183
 -2.07044
  1.54495
-0.349375
 -1.76135
  1.82359
 0.149423
-0.955178
 -2.07048
  1.54498
 -0.34939
 -1.76135
  1.82359
  0.14946
 -0.95517
  -2.0705
  1.54499
-0.349405
 -1.76136
  1.82358
 0.149488
-0.955156
 -2.07054
  1.54501
-0.349417
 -1.76137
  1.82358
 0.149513
 -0.95516
 -2.07055
  1.54505
-0.349429
 -1.76138
  1.82356
 0.149537
-0.955143
 -2.07055
  1.54506
-0.349441
 -1.76139
  1.82356
 0.149552
-0.955143
 -2.07054
  1.54508
-0.349456
 -1.76139
  1.82356
 0.149566
-0.955133
 -2.07054
  1.54509
-0.349468
  -1.7614
  1.82356
 0.149572
-0.955121
 -2.07053
  1.54511
 -0.34948
  -1.7614
  1.82356
 0.149578
-0.955121
 -2.07053
  1.54515
-0.349493
 -1.76141
  1.82355
 0.149582
-0.955102
 -2.07053
  1.54518
-0.349503
 -1.76142
  1.82356
 0.149583
-0.955099
 -2.07053
  1.54519
-0.349513
 -1.76142
  1.82356
 0.149586
-0.955089
 -2.07053
  1.54521
-0.349523
 -1.76142
  1.82356
 0.149588
-0.955079
 -2.07053
  1.54522
-0.349532
 -1.76143
  1.82356
  0.14959
-0.955072
 -2.07053
  1.54524
-0.349541
 -1.76143
  1.82356
 0.149591
-0.955064
 -2.07053
  1.54525
-0.349548
 -1.76144
  1.82355
 0.149593
-0.955054
 -2.07053
  1.54526
-0.349555
 -1.76144
  1.82355
 0.149594
-0.955043
 -2.07053
  1.54528
-0.349563
 -1.76145
  1.82355
 0.149595
-0.955033
 -2.07053
  1.54529
-0.349571
 -1.76145
  1.82355
 0.149597
-0.955023
 -2.07053
  1.54531
-0.349579
 -1.76145
  1.82355
 0.149598
-0.955014
 -2.07053
  1.54532
-0.349583
 -1.76146
  1.82355
 0.149598
-0.955005
 -2.07053
  1.54533
-0.349582
 -1.76146
  1.82355
 0.149597
-0.954998
 -2.07053
  1.54534
-0.349579
 -1.76146
  1.82355
 0.149597
-0.954993
 -2.07053
  1.54534
-0.349577
 -1.76146
  1.82355
 0.149597
 -0.95499
 -2.07053
  1.54534
-0.349577
 -1.76147
  1.82355
 0.149597
-0.954986
 -2.07053
  1.54534
-0.349576
 -1.76147
  1.82355
 0.149597
-0.954983
 -2.07053
  1.54533
-0.349576
 -1.76147
  1.82355
 0.149597
-0.954981
 -2.07053
  1.54533
-0.349576
 -1.76147
  1.82355
 0.149597
-0.954978
 -2.07053
  1.54533
-0.349576
 -1.76148
  1.82355
 0.149597
-0.954974
 -2.07053
  1.54533
-0.349576
 -1.76148
  1.82355
 0.149597
 -0.95497
 -2.07053
  1.54533
-0.349576
 -1.76149
  1.82355
 0.149597
-0.954966
 -2.07053
  1.54533
-0.349576
 -1.76149
  1.82355
 0.149597
-0.954962
 -2.07053
  1.54533
-0.349576
 -1.76149
  1.82355
 0.149597
-0.954958
 -2.07053
  1.54533
-0.349576
  -1.7615
  1.82355
 0.149597
-0.954954
 -2.07053
  1.54533
-0.349576
  -1.7615
  1.82355
 0.149597
-0.954951
 -2.07053
  1.54533
-0.349576
  -1.7615
  1.82355
 0.149597
-0.954948
 -2.07053
  1.54533
-0.349576
  -1.7615
  1.82355
 0.149597
-0.954946
 -2.07053
  1.54533
-0.349576
 -1.76151
  1.82355
 0.149597
-0.954945
 -2.07053
  1.54533
-0.349576
 -1.76151
  1.82355
 0.149597
-0.954943
 -2.07053
  1.54533
-0.349576
 -1.76151
  1.82355
 0.149597
-0.954942
 -2.07053
  1.54533
-0.349576
 -1.76151
  1.82355
 0.149597
-0.954941
 -2.07053
  1.54533
-0.349576
 -1.76151
  1.82355
 0.149597
-0.954939
 -2.07053
  1.54533
-0.349576
 -1.76152
  1.82355
 0.149597
-0.954937
 -2.07053
  1.54533
-0.349576
 -1.76152
  1.82355
 0.149597
-0.954935
 -2.07053
  1.54533
-0.349576
 -1.76152
  1.82355
 0.149597
-0.954933
 -2.07053
  1.54533
-0.349576
 -1.76152
  1.82355
 0.149597
-0.954931
 -2.07053
  1.54533
-0.349576
 -1.76153
  1.82355
 0.149597
-0.954929
 -2.07053
  1.54533
-0.349576
 -1.76153
  1.82355
 0.149597
-0.954928
 -2.07053
  1.54533
-0.349576
 -1.76153
  1.82355
 0.149597
-0.954927
 -2.07053
  1.54533
-0.349576
 -1.76153
  1.82355
 0.149597
-0.954925
 -2.07053
  1.54533
-0.349576
 -1.76154
  1.82355
 0.149597
-0.954924
 -2.07053
  1.54533
-0.349576
 -1.76154
  1.82355
 0.149597
-0.954923
 -2.07053
  1.54533
-0.349576
 -1.76154
  1.82355
 0.149597
-0.954922
 -2.07053
  1.54533
-0.349576
 -1.76154
  1.82355
 0.149597
-0.954921
 -2.07053
  1.54533
-0.349576
 -1.76155
  1.82355
 0.149597
 -0.95492
 -2.07053
  1.54533
-0.349576
 -1.76155
  1.82355
 0.149597
-0.954919
 -2.07053
  1.54533
-0.349576
 -1.76155
  1.82355
 0.149597
-0.954918
 -2.07053
  1.54533
-0.349576
 -1.76155
  1.82355
 0.149597
-0.954917
 -2.07053
  1.54533
-0.349576
 -1.76155
  1.82355
 0.149597
-0.954918
 -2.07053
  1.54533
-0.349576
 -1.76156
  1.82355
 0.149597
-0.954918
 -2.07053
  1.54533
-0.349576
 -1.76156
  1.82355
 0.149597
-0.954919
 -2.07053
  1.54533
-0.349576
 -1.76156
  1.82355
 0.149597
-0.954919
 -2.07053
  1.54533
-0.349576
 -1.76156
  1.82355
 0.149597
-0.954919
 -2.07053
  1.54533
-0.349576
 -1.76156
  1.82355
 0.149597
-0.954919
 -2.07053
  1.54533
-0.349576
 -1.76157
  1.82355
 0.149597
-0.954919
 -2.07053
  1.54533
-0.349576
 -1.76157
  1.82355
 0.149597
-0.954919
 -2.07053
  1.54533
-0.349576
 -1.76157
  1.82355
 0.149597
-0.954919
 -2.07053
  1.54533
-0.349576
 -1.76157
  1.82355
 0.149597
-0.954919
 -2.07053
  1.54533
-0.349576
 -1.76157
  1.82355
 0.149597
-0.954919
 -2.07053
  1.54533
-0.349576
 -1.76157
  1.82355
 0.149597
-0.954919
 -2.07053
  1.54533
-0.349576
 -1.76158
  1.82355
 0.149597
-0.954919
 -2.07053
  1.54533
-0.349576
 -1.76158
  1.82355
 0.149597
-0.954919
 -2.07053
  1.54533
-0.349576
 -1.76158
  1.82355
 0.149597
-0.954919
 -2.07053
  1.54533
-0.349576
 -1.76158
  1.82355
 0.149597
-0.954919
 -2.07053
  1.54533
-0.349576
 -1.76158
  1.82355
 0.149597
-0.954919
 -2.07053
  1.54533
-0.349576
 -1.76158
  1.82355
 0.149597
-0.954919
 -2.07053
  1.54533
-0.349576
 -1.76158
  1.82355
 0.149597
-0.954919
 -2.07053
  1.54533
-0.349576
 -1.76158
  1.82355
 0.149597
-0.954919
 -2.07053
  1.54533
-0.349576
 -1.76159
  1.82355
 0.149597
-0.954919
 -2.07053
  1.54533
-0.349576
 -1.76159
  1.82355
 0.149597
-0.954919
 -2.07053
  1.54533
-0.349576
 -1.76159
  1.82355
 0.149597
-0.954919
 -2.07053
  1.54533
-0.349576
 -1.76159
  1.82355
 0.149597
-0.954919
 -2.07053
  1.54533
-0.349576
 -1.76159
  1.82355
 0.149597
-0.954919
 -2.07053
  1.54533
-0.349576
 -1.76159
  1.82355
 0.149597
-0.954919
 -2.07053
  1.54533
-0.349576
 -1.76159
  1.82355
 0.149597
-0.954919
 -2.07053
  1.54533
-0.349576
  -1.7616
  1.82355
 0.149597
-0.954919
 -2.07053
  1.54533
-0.349576
  -1.7616
  1.82355
 0.149597
-0.954919
 -2.07053
  1.54533
-0.349576
  -1.7616
  1.82355
 0.149597
-0.954919
 -2.07053
  1.54533
-0.349576
  -1.7616
  1.82355
 0.149597
-0.954919
 -2.07053
  1.54533
-0.349576
  -1.7616
  1.82355
 0.149597
-0.954919
 -2.07053
  1.54533
-0.349576
  -1.7616
  1.82355
 0.149597
-0.954919
 -2.07053
  1.54533
-0.349576
  -1.7616
  1.82355
 0.149597
-0.954919
 -2.07053
  1.54533
-0.349576
  -1.7616
  1.82355
 0.149597
-0.954919
 -2.07053
  1.54533
-0.349576
  -1.7616
  1.82355
 0.149597
-0.954919
 -2.07053
  1.54533
-0.349576
  -1.7616
  1.82355
 0.149597
-0.954919
 -2.07053
  1.54533
-0.349576
  -1.7616
  1.82355
 0.149597
 -0.95492
 -2.07053
  1.54533
-0.349576
  -1.7616
  1.82355
 0.149597
-0.954919
 -2.07053
  1.54533
-0.349576
  -1.7616
  1.82355
 0.149597
-0.954919
 -2.07053
  1.54533
-0.349576
  -1.7616
  1.82355
 0.149597
-0.954919
 -2.07053
  1.54533
-0.349576
  -1.7616
  1.82355
 0.149597
-0.954919
 -2.07053
  1.54533
-0.349576
  -1.7616
  1.82355
 0.149597
-0.954919
 -2.07053
  1.54533
-0.349576
  -1.7616
  1.82355
 0.149597
-0.954919
 -2.07053
  1.54533
-0.349576
  -1.7616
  1.82355
 0.149597
-0.954919
 -2.07053
  1.54533
-0.349576
  -1.7616
  1.82355
 0.149597
-0.954919
 -2.07053
  1.54533
-0.349576
  -1.7616
  1.82355
 0.149597
-0.954919
 -2.07053
  1.54533
-0.349576
  -1.7616
  1.82355
 0.149597
-0.954919
 -2.07053
  1.54533
-0.349576
  -1.7616
  1.82355
 0.149597
-0.954919
 -2.07053
  1.54533
-0.349576
  -1.7616
  1.82355
 0.149597
 -0.95492
 -2.07053
  1.54533
-0.349576
  -1.7616
  1.82355
 0.149597
 -0.95492
 -2.07053
  1.54533
-0.349576
  -1.7616
  1.82355
 0.149597
 -0.95492
 -2.07053
  1.54533
-0.349576
  -1.7616
  1.82355
 0.149597
 -0.95492
 -2.07053
  1.54533
-0.349576
  -1.7616
  1.82355
 0.149597
-0.954919
 -2.07053
  1.54533
-0.349576
  -1.7616
  1.82355
 0.149597
-0.954919
 -2.07053
  1.54533
-0.349576
  -1.7616
  1.82355
 0.149597
 -0.95492
 -2.07053
  1.54533
-0.349576
  -1.7616
  1.82355
 0.149597
-0.954919
 -2.07053
  1.54533
-0.349576
  -1.7616
  1.82355
 0.149597
-0.954919
 -2.07053
  1.54533
-0.349576
  -1.7616
  1.82355
 0.149597
-0.954919
 -2.07053
  1.54533
-0.349576
  -1.7616
  1.82355
 0.149597
-0.954919
 -2.07053
  1.54533
-0.349576
  -1.7616
  1.82355
 0.149597
 -0.95492
 -2.07053
  1.54533
-0.349576
  -1.7616
  1.82355
 0.149597
 -0.95492
 -2.07053
  1.54533
-0.349576
  -1.7616
  1.82355
 0.149597
-0.954919
 -2.07053
  1.54533
-0.349576
  -1.7616
  1.82355
 0.149597
-0.954919
 -2.07053
  1.54533
-0.349576
  -1.7616
  1.82355
 0.149597
-0.954919
 -2.07053
  1.54533
-0.349576
  -1.7616
  1.82355
 0.149597
-0.954919
 -2.07053
  1.54533
-0.349576
  -1.7616
  1.82355
 0.149597
-0.954919
 -2.07053
  1.54533
-0.349576
  -1.7616
  1.82355
 0.149597
-0.954919
 -2.07053
  1.54533
-0.349576
  -1.7616
  1.82355
 0.149597
-0.954919
 -2.07053
  1.54533
-0.349576
  -1.7616
  1.82355
 0.149597
 -0.95492
 -2.07053
  1.54533
-0.349576
  -1.7616
  1.82355
 0.149597
 -0.95492
 -2.07053
  1.54533
-0.349576
  -1.7616
  1.82355
 0.149597
-0.954919
 -2.07053
  1.54533
-0.349576
  -1.7616
  1.82355
 0.149597
 -0.95492
 -2.07053
  1.54533
-0.349576
  -1.7616
  1.82355
 0.149597
-0.954919
 -2.07053
  1.54533
-0.349576
  -1.7616
  1.82355
 0.149597
-0.954919
 -2.07053
  1.54533
-0.349576
  -1.7616
  1.82355
 0.149597
 -0.95492
 -2.07053
  1.54533
-0.349576
  -1.7616
  1.82355
 0.149597
 -0.95492
 -2.07053
  1.54533
-0.349576
  -1.7616
  1.82355
 0.149597
-0.954919
 -2.07053
  1.54533
-0.349576
  -1.7616
  1.82355
 0.149597
-0.954919
 -2.07053
  1.54533
-0.349576
  -1.7616
  1.82355
 0.149597
 -0.95492
 -2.07053
  1.54533
-0.349576
  -1.7616
  1.82355
 0.149597
 -0.95492
 -2.07053
  1.54533
-0.349576
  -1.7616
  1.82355
 0.149597
-0.954919
 -2.07053
  1.54533
-0.349576
  -1.7616
  1.82355
 0.149597
 -0.95492
 -2.07053
  1.54533
-0.349576
  -1.7616
  1.82355
 0.149597
 -0.95492
 -2.07053
  1.54533
-0.349576
  -1.7616
  1.82355
 0.149597
-0.954919
 -2.07053
  1.54533
-0.349576
  -1.7616
  1.82355
 0.149597
-0.954919
 -2.07053
  1.54533
-0.349576
  -1.7616
  1.82355
 0.149597
 -0.95492
 -2.07053
  1.54533
-0.349576
  -1.7616
  1.82355
 0.149597
 -0.95492
 -2.07053
  1.54533
-0.349576
  -1.7616
  1.82355
 0.149597
-0.954919
 -2.07053
  1.54533
-0.349576
  -1.7616
  1.82355
 0.149597
 -0.95492
 -2.07053
  1.54533
-0.349576
  -1.7616
  1.82355
 0.149597
 -0.95492
 -2.07053
  1.54533
-0.349576
  -1.7616
  1.82355
 0.149597
 -0.95492
 -2.07053
  1.54533
-0.349576
  -1.7616
  1.82355
 0.149597
 -0.95492
 -2.07053
  1.54533
-0.349576
  -1.7616
  1.82355
 0.149597
-0.954919
 -2.07053
  1.54533
-0.349576
  -1.7616
  1.82355
 0.149597
-0.954919
 -2.07053
  1.54533
-0.349576
  -1.7616
  1.82355
 0.149597
-0.954919
 -2.07053
  1.54533
-0.349576
  -1.7616
  1.82355
 0.149597
-0.954919
 -2.07053
  1.54533
-0.349576
  -1.7616
  1.82355
 0.149597
 -0.95492
 -2.07053
  1.54533
-0.349576
  -1.7616
  1.82355
 0.149597
-0.954919
 -2.07053
  1.54533
-0.349576
  -1.7616
  1.82355
 0.149597
-0.954919
 -2.07053
  1.54533
-0.349576
  -1.7616
  1.82355
 0.149597
-0.954919
 -2.07053
  1.54533
-0.349576
  -1.7616
  1.82355
 0.149597
-0.954919
 -2.07053
  1.54533
-0.349576
  -1.7616
  1.82355
 0.149597
-0.954919
 -2.07053
  1.54533
-0.349576
  -1.7616
  1.82355
 0.149597
-0.954919
 -2.07053
  1.54533
-0.349576
  -1.7616
  1.82355
 0.149597
-0.954919
 -2.07053
  1.54533
-0.349576
  -1.7616
  1.82355
 0.149597
 -0.95492
 -2.07053
  1.54533
-0.349576
  -1.7616
  1.82355
 0.149597
-0.954919
 -2.07053
  1.54533
-0.349576
  -1.7616
  1.82355
 0.149597
-0.954919
 -2.07053
  1.54533
-0.349576
  -1.7616
  1.82355
 0.149597
 -0.95492
 -2.07053
  1.54533
-0.349576
  -1.7616
  1.82355
 0.149597
-0.954919
 -2.07053
  1.54533
-0.349576
  -1.7616
  1.82355
 0.149597
-0.954919
 -2.07053
  1.54533
-0.349576
  -1.7616
  1.82355
 0.149597
-0.954919
 -2.07053
  1.54533
-0.349576
  -1.7616
  1.82355
 0.149597
-0.954919
 -2.07053
  1.54533
-0.349576
  -1.7616
  1.82355
 0.149597
 -0.95492
 -2.07053
  1.54533
-0.349576
  -1.7616
  1.82355
 0.149597
 -0.95492
 -2.07053
  1.54533
-0.349576
  -1.7616
  1.82355
 0.149597
 -0.95492
 -2.07053
  1.54533
-0.349576
  -1.7616
  1.82355
 0.149597
-0.954919
 -2.07053
  1.54533
-0.349576
  -1.7616
  1.82355
 0.149597
 -0.95492
 -2.07053
  1.54533
-0.349576
  -1.7616
  1.82355
 0.149597
 -0.95492
 -2.07053
  1.54533
-0.349576
  -1.7616
  1.82355
 0.149597
 -0.95492
 -2.07053
  1.54533
-0.349576
  -1.7616
  1.82355
 0.149597
 -0.95492
 -2.07053
  1.54533
-0.349576
  -1.7616
  1.82355
 0.149597
 -0.95492
 -2.07053
  1.54533
-0.349576
  -1.7616
  1.82355
 0.149597
-0.954919
 -2.07053
  1.54533
-0.349576
  -1.7616
  1.82355
 0.149597
 -0.95492
 -2.07053
  1.54533
-0.349576
  -1.7616
  1.82355
 0.149597
-0.954919
 -2.07053
  1.54533
-0.349576
  -1.7616
  1.82355
 0.149597
-0.954919
 -2.07053
  1.54533
-0.349576
  -1.7616
  1.82355
 0.149597
 -0.95492
 -2.07053
  1.54533
-0.349576
  -1.7616
  1.82355
 0.149597
-0.954919
 -2.07053
  1.54533
-0.349576
  -1.7616
  1.82355
 0.149597
 -0.95492
 -2.07053
  1.54533
-0.349576
  -1.7616
  1.82355
 0.149597
-0.954919
 -2.07053
  1.54533
-0.349576
  -1.7616
  1.82355
 0.149597
 -0.95492
 -2.07053
  1.54533
-0.349576
  -1.7616
  1.82355
 0.149597
-0.954919
 -2.07053
  1.54533
-0.349576
  -1.7616
  1.82355
 0.149597
-0.954919
 -2.07053
  1.54533
-0.349576
  -1.7616
  1.82355
 0.149597
-0.954919
 -2.07053
  1.54533
-0.349576
  -1.7616
  1.82355
 0.149597
 -0.95492
 -2.07053
  1.54533
-0.349576
  -1.7616
  1.82355
 0.149597
 -0.95492
 -2.07053
  1.54533
-0.349576
  -1.7616
  1.82355
 0.149597
-0.954919
 -2.07053
  1.54533
-0.349576
  -1.7616
  1.82355
 0.149597
 -0.95492
 -2.07053
  1.54533
-0.349576
  -1.7616
  1.82355
 0.149597
-0.954919
 -2.07053
  1.54533
-0.349576
  -1.7616
  1.82355
 0.149597
-0.954919
 -2.07053
  1.54533
-0.349576
  -1.7616
  1.82355
 0.149597
-0.954919
 -2.07053
  1.54533
-0.349576
  -1.7616
  1.82355
 0.149597
 -0.95492
 -2.07053
  1.54533
-0.349576
  -1.7616
  1.82355
 0.149597
 -0.95492
 -2.07053
  1.54533
-0.349576
  -1.7616
  1.82355
 0.149597
-0.954919
 -2.07053
  1.54533
-0.349576
  -1.7616
  1.82355
 0.149597
-0.954919
 -2.07053
  1.54533
-0.349576
  -1.7616
  1.82355
 0.149597
-0.954919
 -2.07053
  1.54533
-0.349576
  -1.7616
  1.82355
 0.149597
-0.954919
 -2.07053
  1.54533
-0.349576
  -1.7616
  1.82355
 0.149597
-0.954919
 -2.07053
  1.54533
-0.349576
  -1.7616
  1.82355
 0.149597
-0.954919
 -2.07053
  1.54533
-0.349576
  -1.7616
  1.82355
 0.149597
 -0.95492
 -2.07053
  1.54533
-0.349576
  -1.7616
  1.82355
 0.149597
 -0.95492
 -2.07053
  1.54533
-0.349576
  -1.7616
  1.82355
 0.149597
 -0.95492
 -2.07053
  1.54533
-0.349576
  -1.7616
  1.82355
 0.149597
 -0.95492
 -2.07053
  1.54533
-0.349576
  -1.7616
  1.82355
 0.149597
-0.954919
 -2.07053
  1.54533
-0.349576
  -1.7616
  1.82355
 0.149597
 -0.95492
 -2.07053
  1.54533
-0.349576
  -1.7616
  1.82355
 0.149597
 -0.95492
 -2.07053
  1.54533
-0.349576
  -1.7616
  1.82355
 0.149597
 -0.95492
 -2.07053
  1.54533
-0.349576
  -1.7616
  1.82355
 0.149597
 -0.95492
 -2.07053
  1.54533
-0.349576
  -1.7616
  1.82355
 0.149597
-0.954919
 -2.07053
  1.54533
-0.349576
  -1.7616
  1.82355
 0.149597
 -0.95492
 -2.07053
  1.54533
-0.349576
  -1.7616
  1.82355
 0.149597
-0.954919
 -2.07053
  1.54533
-0.349576
  -1.7616
  1.82355
 0.149597
-0.954919
 -2.07053
  1.54533
-0.349576
  -1.7616
  1.82355
 0.149597
-0.954919
 -2.07053
  1.54533
-0.349576
  -1.7616
  1.82355
 0.149597
-0.954919
 -2.07053
  1.54533
-0.349576
  -1.7616
  1.82355
 0.149597
 -0.95492
 -2.07053
  1.54533
-0.349576
  -1.7616
  1.82355
 0.149597
-0.954919
 -2.07053
  1.54533
-0.349576
  -1.7616
  1.82355
 0.149597
-0.954919
 -2.07053
  1.54533
-0.349576
  -1.7616
  1.82355
 0.149597
 -0.95492
 -2.07053
  1.54533
-0.349576
  -1.7616
  1.82355
 0.149597
-0.954919
 -2.07053
  1.54533
-0.349576
  -1.7616
  1.82355
 0.149597
 -0.95492
 -2.07053
  1.54533
-0.349576
  -1.7616
  1.82355
 0.149597
-0.954919
 -2.07053
  1.54533
-0.349576
  -1.7616
  1.82355
 0.149597
-0.954919
 -2.07053
  1.54533
-0.349576
  -1.7616
  1.82355
 0.149597
-0.954919
 -2.07053
  1.54533
-0.349576
  -1.7616
  1.82355
 0.149597
-0.954919
 -2.07053
  1.54533
-0.349576
  -1.7616
  1.82355
 0.149597
-0.954919
 -2.07053
  1.54533
-0.349576
  -1.7616
  1.82355
 0.149597
 -0.95492
 -2.07053
  1.54533
-0.349576
  -1.7616
  1.82355
 0.149597
 -0.95492
 -2.07053
  1.54533
-0.349576
  -1.7616
  1.82355
 0.149597
-0.954919
 -2.07053
  1.54533
-0.349576
  -1.7616
  1.82355
 0.149597
-0.954919
 -2.07053
  1.54533
-0.349576
  -1.7616
  1.82355
 0.149597
-0.954919
 -2.07053
  1.54533
-0.349576
  -1.7616
  1.82355
 0.149597
-0.954919
 -2.07053
  1.54533
-0.349576
  -1.7616
  1.82355
 0.149597
-0.954919
 -2.07053
  1.54533
-0.349576
  -1.7616
  1.82355
 0.149597
 -0.95492
 -2.07053
  1.54533
-0.349576
  -1.7616
  1.82355
 0.149597
-0.954919
 -2.07053
  1.54533
-0.349576
  -1.7616
  1.82355
 0.149597
-0.954919
 -2.07053
  1.54533
-0.349576
  -1.7616
  1.82355
 0.149597
 -0.95492
 -2.07053
  1.54533
-0.349576
  -1.7616
  1.82355
 0.149597
 -0.95492
 -2.07053
  1.54533
-0.349576
  -1.7616
  1.82355
 0.149597
 -0.95492
 -2.07053
  1.54533
-0.349576
  -1.7616
  1.82355
 0.149597
 -0.95492
 -2.07053
  1.54533
-0.349576
  -1.7616
  1.82355
 0.149597
 -0.95492
 -2.07053
  1.54533
-0.349576
  -1.7616
  1.82355
 0.149597
-0.954919
 -2.07053
  1.54533
-0.349576
  -1.7616
  1.82355
 0.149597
-0.954919
 -2.07053
  1.54533
-0.349576
  -1.7616
  1.82355
 0.149597
-0.954919
 -2.07053
  1.54533
-0.349576
  -1.7616
  1.82355
 0.149597
-0.954919
 -2.07053
  1.54533
-0.349576
  -1.7616
  1.82355
 0.149597
-0.954919
 -2.07053
  1.54533
-0.349576
  -1.7616
  1.82355
 0.149597
-0.954919
 -2.07053
  1.54533
-0.349576
  -1.7616
  1.82355
 0.149597
-0.954919
 -2.07053
  1.54533
-0.349576
  -1.7616
  1.82355
 0.149597
-0.954919
 -2.07053
  1.54533
-0.349576
  -1.7616
  1.82355
 0.149597
-0.954919
 -2.07053
  1.54533
-0.349576
  -1.7616
  1.82355
 0.149597
-0.954919
 -2.07053
  1.54533
-0.349576
  -1.7616
  1.82355
 0.149597
-0.954919
 -2.07053
  1.54533
-0.349576
  -1.7616
  1.82355
 0.149597
 -0.95492
 -2.07053
  1.54533
-0.349576
  -1.7616
  1.82355
 0.149597
 -0.95492
 -2.07053
  1.54533
-0.349576
  -1.7616
  1.82355
 0.149597
-0.954919
 -2.07053
  1.54533
-0.349576
  -1.7616
  1.82355
 0.149597
-0.954919
 -2.07053
  1.54533
-0.349576
  -1.7616
  1.82355
 0.149597
-0.954919
 -2.07053
  1.54533
-0.349576
  -1.7616
  1.82355
 0.149597
-0.954919
 -2.07053
  1.54533
-0.349576
  -1.7616
  1.82355
 0.149597
-0.954919
 -2.07053
  1.54533
-0.349576
  -1.7616
  1.82355
 0.149597
-0.954919
 -2.07053
  1.54533
-0.349576
  -1.7616
  1.82355
 0.149597
-0.954919
 -2.07053
  1.54533
-0.349576
  -1.7616
  1.82355
 0.149597
 -0.95492
 -2.07053
  1.54533
-0.349576
  -1.7616
  1.82355
 0.149597
-0.954919
 -2.07053
  1.54533
-0.349576
  -1.7616
  1.82355
 0.149597
-0.954919
 -2.07053
  1.54533
-0.349576
  -1.7616
  1.82355
 0.149597
-0.954919
 -2.07053
  1.54533
-0.349576
  -1.7616
  1.82355
 0.149597
-0.954919
 -2.07053
  1.54533
-0.349576
  -1.7616
  1.82355
 0.149597
-0.954919
 -2.07053
  1.54533
-0.349576
  -1.7616
  1.82355
 0.149597
-0.954919
 -2.07053
  1.54533
-0.349576
  -1.7616
  1.82355
 0.149597
-0.954919
 -2.07053
  1.54533
-0.349576
  -1.7616
  1.82355
 0.149597
-0.954919
 -2.07053
  1.54533
-0.349576
  -1.7616
  1.82355
 0.149597
-0.954919
 -2.07053
  1.54533
-0.349576
  -1.7616
  1.82355
 0.149597
 -0.95492
 -2.07053
  1.54533
-0.349576
  -1.7616
  1.82355
 0.149597
-0.954919
 -2.07053
  1.54533
-0.349576
  -1.7616
  1.82355
 0.149597
-0.954919
 -2.07053
  1.54533
-0.349576
  -1.7616
  1.82355
 0.149597
-0.954919
 -2.07053
  1.54533
-0.349576
  -1.7616
  1.82355
 0.149597
 -0.95492
 -2.07053
  1.54533
-0.349576
  -1.7616
  1.82355
 0.149597
-0.954919
 -2.07053
  1.54533
-0.349576
  -1.7616
  1.82355
 0.149597
 -0.95492
 -2.07053
  1.54533
-0.349576
  -1.7616
  1.82355
 0.149597
-0.954919
 -2.07053
  1.54533
-0.349576
  -1.7616
  1.82355
 0.149597
 -0.95492
 -2.07053
  1.54533
-0.349576
  -1.7616
  1.82355
 0.149597
-0.954919
 -2.07053
  1.54533
-0.349576
  -1.7616
  1.82355
 0.149597
-0.954919
 -2.07053
  1.54533
-0.349576
  -1.7616
  1.82355
 0.149597
 -0.95492
 -2.07053
  1.54533
-0.349576
  -1.7616
  1.82355
 0.149597
 -0.95492
 -2.07053
  1.54533
-0.349576
  -1.7616
  1.82355
 0.149597
-0.954919
 -2.07053
  1.54533
-0.349576
  -1.7616
  1.82355
 0.149597
-0.954919
 -2.07053
  1.54533
-0.349576
  -1.7616
  1.82355
 0.149597
-0.954919
 -2.07053
  1.54533
-0.349576
  -1.7616
  1.82355
 0.149597
-0.954919
 -2.07053
  1.54533
-0.349576
  -1.7616
  1.82355
 0.149597
-0.954919
 -2.07053
  1.54533
-0.349576
  -1.7616
  1.82355
 0.149597
-0.954919
 -2.07053
  1.54533
-0.349576
  -1.7616
  1.82355
 0.149597
-0.954919
 -2.07053
  1.54533
-0.349576
  -1.7616
  1.82355
 0.149597
 -0.95492
 -2.07053
  1.54533
-0.349576
  -1.7616
  1.82355
 0.149597
-0.954919
 -2.07053
  1.54533
-0.349576
  -1.7616
  1.82355
 0.149597
-0.954919
 -2.07053
  1.54533
-0.349576
  -1.7616
  1.82355
 0.149597
 -0.95492
 -2.07053
  1.54533
-0.349576
  -1.7616
  1.82355
 0.149597
 -0.95492
 -2.07053
  1.54533
-0.349576
  -1.7616
  1.82355
 0.149597
 -0.95492
 -2.07053
  1.54533
-0.349576
  -1.7616
  1.82355
 0.149597
-0.954919
 -2.07053
  1.54533
-0.349576
  -1.7616
  1.82355
 0.149597
 -0.95492
 -2.07053
  1.54533
-0.349576
  -1.7616
  1.82355
 0.149597
 -0.95492
 -2.07053
  1.54533
-0.349576
  -1.7616
  1.82355
 0.149597
 -0.95492
 -2.07053
  1.54533
-0.349576
  -1.7616
  1.82355
 0.149597
-0.954919
 -2.07053
  1.54533
-0.349576
  -1.7616
  1.82355
 0.149597
 -0.95492
 -2.07053
  1.54533
-0.349576
  -1.7616
  1.82355
 0.149597
 -0.95492
 -2.07053
  1.54533
-0.349576
  -1.7616
  1.82355
 0.149597
 -0.95492
 -2.07053
  1.54533
-0.349576
  -1.7616
  1.82355
 0.149597
-0.954919
 -2.07053
  1.54533
-0.349576
  -1.7616
  1.82355
 0.149597
-0.954919
 -2.07053
  1.54533
-0.349576
  -1.7616
  1.82355
 0.149597
-0.954919
 -2.07053
  1.54533
-0.349576
  -1.7616
  1.82355
 0.149597
 -0.95492
 -2.07053
  1.54533
-0.349576
  -1.7616
  1.82355
 0.149597
 -0.95492
 -2.07053
  1.54533
-0.349576
  -1.7616
  1.82355
 0.149597
 -0.95492
 -2.07053
  1.54533
-0.349576
  -1.7616
  1.82355
 0.149597
-0.954919
 -2.07053
  1.54533
-0.349576
  -1.7616
  1.82355
 0.149597
 -0.95492
 -2.07053
  1.54533
-0.349576
  -1.7616
  1.82355
 0.149597
-0.954919
 -2.07053
  1.54533
-0.349576
  -1.7616
  1.82355
 0.149597
 -0.95492
 -2.07053
  1.54533
-0.349576
  -1.7616
  1.82355
 0.149597
 -0.95492
 -2.07053
  1.54533
-0.349576
  -1.7616
  1.82355
 0.149597
 -0.95492
 -2.07053
  1.54533
-0.349576
  -1.7616
  1.82355
 0.149597
-0.954919
 -2.07053
  1.54533
-0.349576
  -1.7616
  1.82355
 0.149597
-0.954919
 -2.07053
  1.54533
-0.349576
  -1.7616
  1.82355
 0.149597
 -0.95492
 -2.07053
  1.54533
-0.349576
  -1.7616
  1.82355
 0.149597
 -0.95492
 -2.07053
  1.54533
-0.349576
  -1.7616
  1.82355
 0.149597
 -0.95492
 -2.07053
  1.54533
-0.349576
  -1.7616
  1.82355
 0.149597
-0.954919
 -2.07053
  1.54533
-0.349576
  -1.7616
  1.82355
 0.149597
-0.954919
 -2.07053
  1.54533
-0.349576
  -1.7616
  1.82355
 0.149597
-0.954919
 -2.07053
  1.54533
-0.349576
  -1.7616
  1.82355
 0.149597
-0.954919
 -2.07053
  1.54533
-0.349576
  -1.7616
  1.82355
 0.149597
-0.954919
 -2.07053
  1.54533
-0.349576
  -1.7616
  1.82355
 0.149597
 -0.95492
 -2.07053
  1.54533
-0.349576
  -1.7616
  1.82355
 0.149597
-0.954919
 -2.07053
  1.54533
-0.349576
  -1.7616
  1.82355
 0.149597
-0.954919
 -2.07053
  1.54533
-0.349576
  -1.7616
  1.82355
 0.149597
-0.954919
 -2.07053
  1.54533
-0.349576
  -1.7616
  1.82355
 0.149597
 -0.95492
 -2.07053
  1.54533
-0.349576
  -1.7616
  1.82355
 0.149597
 -0.95492
 -2.07053
  1.54533
-0.349576
  -1.7616
  1.82355
 0.149597
-0.954919
 -2.07053
  1.54533
-0.349576
  -1.7616
  1.82355
 0.149597
-0.954919
 -2.07053
  1.54533
-0.349576
  -1.7616
  1.82355
 0.149597
-0.954919
 -2.07053
  1.54533
-0.349576
  -1.7616
  1.82355
 0.149597
-0.954919
 -2.07053
  1.54533
-0.349576
  -1.7616
  1.82355
 0.149597
-0.954919
 -2.07053
  1.54533
-0.349576
  -1.7616
  1.82355
 0.149597
 -0.95492
 -2.07053
  1.54533
-0.349576
  -1.7616
  1.82355
 0.149597
-0.954919
 -2.07053
  1.54533
-0.349576
  -1.7616
  1.82355
 0.149597
-0.954919
 -2.07053
  1.54533
-0.349576
  -1.7616
  1.82355
 0.149597
 -0.95492
 -2.07053
  1.54533
-0.349576
  -1.7616
  1.82355
 0.149597
-0.954919
 -2.07053
  1.54533
-0.349576
  -1.7616
  1.82355
 0.149597
-0.954919
 -2.07053
  1.54533
-0.349576
  -1.7616
  1.82355
 0.149597
-0.954919
 -2.07053
  1.54533
-0.349576
  -1.7616
  1.82355
 0.149597
-0.954919
 -2.07053
  1.54533
-0.349576
  -1.7616
  1.82355
 0.149597
-0.954919
 -2.07053
  1.54533
-0.349576
  -1.7616
  1.82355
 0.149597
 -0.95492
 -2.07053
  1.54533
-0.349576
  -1.7616
  1.82355
 0.149597
 -0.95492
 -2.07053
  1.54533
-0.349576
  -1.7616
  1.82355
 0.149597
 -0.95492
 -2.07053
  1.54533
-0.349576
  -1.7616
  1.82355
 0.149597
-0.954919
 -2.07053
  1.54533
-0.349576
  -1.7616
  1.82355
 0.149597
 -0.95492
 -2.07053
  1.54533
-0.349576
  -1.7616
  1.82355
 0.149597
-0.954919
 -2.07053
  1.54533
-0.349576
  -1.7616
  1.82355
 0.149597
-0.954919
 -2.07053
  1.54533
-0.349576
  -1.7616
  1.82355
 0.149597
-0.954919
 -2.07053
  1.54533
-0.349576
  -1.7616
  1.82355
 0.149597
 -0.95492
 -2.07053
  1.54533
-0.349576
  -1.7616
  1.82355
 0.149597
-0.954919
 -2.07053
  1.54533
-0.349576
  -1.7616
  1.82355
 0.149597
 -0.95492
 -2.07053
  1.54533
-0.349576
  -1.7616
  1.82355
 0.149597
-0.954919
 -2.07053
  1.54533
-0.349576
  -1.7616
  1.82355
 0.149597
 -0.95492
 -2.07053
  1.54533
-0.349576
  -1.7616
  1.82355
 0.149597
 -0.95492
 -2.07053
  1.54533
-0.349576
  -1.7616
  1.82355
 0.149597
-0.954919
 -2.07053
  1.54533
-0.349576
  -1.7616
  1.82355
 0.149597
 -0.95492
 -2.07053
  1.54533
-0.349576
  -1.7616
  1.82355
 0.149597
-0.954919
 -2.07053
  1.54533
-0.349576
  -1.7616
  1.82355
 0.149597
-0.954919
 -2.07053
  1.54533
-0.349576
  -1.7616
  1.82355
 0.149597
-0.954919
 -2.07053
  1.54533
-0.349576
  -1.7616
  1.82355
 0.149597
-0.954919
 -2.07053
  1.54533
-0.349576
  -1.7616
  1.82355
 0.149597
-0.954919
 -2.07053
  1.54533
-0.349576
  -1.7616
  1.82355
 0.149597
-0.954919
 -2.07053
  1.54533
-0.349576
  -1.7616
  1.82355
 0.149597
-0.954919
 -2.07053
  1.54533
-0.349576
  -1.7616
  1.82355
 0.149597
-0.954919
 -2.07053
  1.54533
-0.349576
  -1.7616
  1.82355
 0.149597
-0.954919
 -2.07053
  1.54533
-0.349576
  -1.7616
  1.82355
 0.149597
 -0.95492
 -2.07053
  1.54533
-0.349576
  -1.7616
  1.82355
 0.149597
-0.954919
 -2.07053
  1.54533
-0.349576
  -1.7616
  1.82355
 0.149597
-0.954919
 -2.07053
  1.54533
-0.349576
  -1.7616
  1.82355
 0.149597
 -0.95492
 -2.07053
  1.54533
-0.349576
  -1.7616
  1.82355
 0.149597
 -0.95492
 -2.07053
  1.54533
-0.349576
  -1.7616
  1.82355
 0.149597
-0.954919
 -2.07053
  1.54533
-0.349576
  -1.7616
  1.82355
 0.149597
 -0.95492
 -2.07053
  1.54533
-0.349576
  -1.7616
  1.82355
 0.149597
 -0.95492
 -2.07053
  1.54533
-0.349576
  -1.7616
  1.82355
 0.149597
 -0.95492
 -2.07053
  1.54533
-0.349576
  -1.7616
  1.82355
 0.149597
 -0.95492
 -2.07053
  1.54533
-0.349576
  -1.7616
  1.82355
 0.149597
 -0.95492
 -2.07053
  1.54533
-0.349576
  -1.7616
  1.82355
 0.149597
 -0.95492
 -2.07053
  1.54533
-0.349576
  -1.7616
  1.82355
 0.149597
-0.954919
 -2.07053
  1.54533
-0.349576
  -1.7616
  1.82355
 0.149597
 -0.95492
 -2.07053
  1.54533
-0.349576
  -1.7616
  1.82355
 0.149597
 -0.95492
 -2.07053
  1.54533
-0.349576
  -1.7616
  1.82355
 0.149597
 -0.95492
 -2.07053
  1.54533
-0.349576
  -1.7616
  1.82355
 0.149597
 -0.95492
 -2.07053
  1.54533
-0.349576
  -1.7616
  1.82355
 0.149597
-0.954919
 -2.07053
  1.54533
-0.349576
  -1.7616
  1.82355
 0.149597
 -0.95492
 -2.07053
  1.54533
-0.349576
  -1.7616
  1.82355
 0.149597
 -0.95492
 -2.07053
  1.54533
-0.349576
  -1.7616
  1.82355
 0.149597
-0.954919
 -2.07053
  1.54533
-0.349576
  -1.7616
  1.82355
 0.149597
-0.954919
 -2.07053
  1.54533
-0.349576
  -1.7616
  1.82355
 0.149597
-0.954919
 -2.07053
  1.54533
-0.349576
  -1.7616
  1.82355
 0.149597
-0.954919
 -2.07053
  1.54533
-0.349576
  -1.7616
  1.82355
 0.149597
-0.954919
 -2.07053
  1.54533
-0.349576
  -1.7616
  1.82355
 0.149597
-0.954919
 -2.07053
  1.54533
-0.349576
  -1.7616
  1.82355
   0.1496
-0.954919
 -2.07053
  1.54533
-0.349576
  -1.7616
  1.82355
 0.149606
-0.954922
 -2.07053
  1.54533
-0.349577
  -1.7616
  1.82355
 0.149608
-0.954924
 -2.07053
  1.54533
-0.349577
  -1.7616
  1.82355
 0.149608
-0.954918
 -2.07053
  1.54533
-0.349577
 -1.76161
  1.82355
 0.149599
-0.954924
 -2.07052
  1.54533
-0.349575
 -1.76161
  1.82355
 0.149569
-0.954917
 -2.07051
   1.5453
-0.349566
 -1.76164
  1.82351
 0.149463
-0.954878
 -2.07044
  1.54519
-0.349526
 -1.76166
  1.82347
 0.149227
-0.954834
 -2.07026
   1.5449
-0.349445
 -1.76168
  1.82351
 0.148787
-0.954876
 -2.06995
  1.54442
-0.349301
 -1.76169
   1.8235
 0.148105
-0.954826
 -2.06945
  1.54367
-0.349061
 -1.76167
  1.82341
 0.147187
-0.954626
 -2.06872
  1.54258
-0.348686
 -1.76164
  1.82339
 0.146012
-0.954447
 -2.06781
  1.54121
-0.348197
 -1.76159
  1.82341
  0.14456
-0.954313
 -2.06668
  1.53955
-0.347655
 -1.76154
  1.82329
 0.142821
-0.953999
 -2.06533
  1.53762
-0.347042
 -1.76148
  1.82325
 0.140772
-0.953776
 -2.06383
  1.53551
-0.346332
 -1.76144
  1.82317
 0.138438
-0.953488
 -2.06217
   1.5332
 -0.34559
  -1.7614
  1.82309
 0.135822
-0.953142
 -2.06035
  1.53071
-0.344814
 -1.76136
  1.82299
 0.132904
-0.952749
 -2.05837
  1.52804
-0.343968
 -1.76131
  1.82289
 0.129701
-0.952314
 -2.05626
  1.52519
-0.343112
 -1.76128
   1.8228
 0.126219
-0.951846
 -2.05405
   1.5222
-0.342188
 -1.76125
  1.82268
  0.12247
-0.951304
 -2.05172
  1.51904
-0.341261
 -1.76124
  1.82256
 0.118458
-0.950736
 -2.04933
  1.51578
-0.340307
 -1.76123
  1.82243
 0.114216
-0.950108
 -2.04686
  1.51239
-0.339348
 -1.76125
  1.82235
 0.109757
-0.949469
  -2.0443
  1.50884
-0.338361
 -1.76128
  1.82229
 0.105107
 -0.94879
 -2.04169
  1.50523
-0.337374
-1.76134
 1.82211
0.100326
-0.94786
-2.03902
 1.50158
-0.33634
 -1.76143
  1.82197
0.0954219
-0.946934
 -2.03631
  1.49788
-0.335295
 -1.76153
   1.8219
0.0904801
-0.946117
 -2.03354
  1.49414
-0.334228
 -1.76165
  1.82184
0.0854745
-0.945281
 -2.03077
  1.49035
-0.333184
 -1.76178
  1.82171
0.0804725
-0.944351
 -2.02805
  1.48662
-0.332125
 -1.76177
  1.82169
0.0755917
-0.943559
 -2.02533
  1.48285
-0.331091
 -1.76174
  1.82163
0.0707655
-0.942641
 -2.02262
  1.47911
-0.330051
 -1.76177
  1.82173
0.0658637
 -0.94192
 -2.01992
  1.47536
-0.329039
 -1.76178
  1.82183
0.0610869
-0.941172
  -2.0173
  1.47161
 -0.32804
 -1.76175
  1.82193
0.0565086
-0.940366
  -2.0147
  1.46787
-0.327096
 -1.76174
  1.82196
 0.051972
-0.939478
 -2.01216
  1.46426
 -0.32617
 -1.76167
   1.8221
0.0474986
  -0.9387
  -2.0097
  1.46071
  -0.3253
 -1.76169
  1.82235
0.0430972
-0.938026
 -2.00728
  1.45717
-0.324445
 -1.76167
  1.82257
0.0389103
-0.937273
 -2.00496
  1.45376
-0.323656
 -1.76168
  1.82278
0.0348104
 -0.93644
 -2.00273
  1.45049
 -0.32289
 -1.76158
    1.823
0.0309426
-0.935584
 -2.00062
  1.44737
-0.322165
 -1.76148
  1.82321
  0.02726
 -0.93476
 -1.99861
  1.44443
-0.321493
 -1.76151
  1.82355
0.0236789
-0.934176
 -1.99673
  1.44164
-0.320843
 -1.76154
  1.82386
0.0202828
-0.933559
 -1.99497
  1.43906
-0.320264
 -1.76149
  1.82408
0.0171799
-0.932859
 -1.99334
  1.43669
-0.319731
 -1.76151
  1.82435
0.0142628
-0.932233
 -1.99182
  1.43446
 -0.31923
 -1.76151
  1.82457
0.0115498
-0.931537
 -1.99049
  1.43247
-0.318774
   -1.7616
    1.8248
0.00901975
 -0.930886
  -1.98928
    1.4307
 -0.318393
  -1.76163
   1.82511
0.00681405
 -0.930456
  -1.98823
   1.42911
 -0.318079
  -1.76174
   1.82525
0.00481089
 -0.929899
   -1.9873
   1.42775
  -0.31778
  -1.76177
   1.82544
0.00310397
 -0.929482
  -1.98655
   1.42662
 -0.317525
   -1.7619
    1.8256
0.00163561
 -0.929062
  -1.98594
   1.42573
 -0.317325
   -1.76191
    1.82569
0.000521074
  -0.928675
   -1.98551
    1.42504
  -0.317185
    -1.76199
     1.82576
-0.000393202
   -0.928404
    -1.98524
     1.42463
   -0.317105
   -1.76205
    1.82592
-0.00105144
  -0.928385
   -1.98513
    1.42445
  -0.317089
   -1.76211
    1.82591
-0.00142558
  -0.928304
   -1.98515
    1.42447
  -0.317092
   -1.76218
    1.82593
-0.00156382
  -0.928345
   -1.98521
    1.42457
  -0.317099
   -1.76229
    1.82591
-0.00152631
  -0.928367
   -1.98532
     1.4247
  -0.317108
   -1.76242
    1.82589
-0.00136177
  -0.928404
   -1.98545
    1.42482
  -0.317117
   -1.76252
    1.82586
-0.00108709
  -0.928468
   -1.98558
     1.4249
  -0.317118
    -1.76259
     1.82583
-0.000764534
   -0.928542
    -1.98574
     1.42496
    -0.31712
   -1.76263
    1.82581
-0.00043335
  -0.928629
   -1.98592
    1.42504
  -0.317122
    -1.76264
     1.82578
-0.000108457
   -0.928716
    -1.98609
     1.42513
   -0.317126
   -1.76263
    1.82576
0.000213439
   -0.92881
   -1.98624
    1.42521
  -0.317144
   -1.76261
    1.82574
0.000517419
  -0.928904
   -1.98637
    1.42531
  -0.317174
   -1.76257
    1.82571
0.000803482
  -0.928993
   -1.98649
     1.4254
  -0.317201
  -1.76253
   1.82569
0.00105869
 -0.929072
  -1.98659
   1.42548
  -0.31722
 -1.76248
  1.82566
 0.001262
-0.929138
 -1.98667
  1.42557
-0.317234
  -1.76243
   1.82564
0.00141594
 -0.929192
  -1.98673
   1.42563
 -0.317246
 -1.76238
  1.82562
0.0015329
-0.929233
 -1.98677
  1.42567
-0.317257
  -1.76232
   1.82559
0.00162063
 -0.929266
   -1.9868
   1.42569
 -0.317266
  -1.76227
   1.82557
0.00168037
 -0.929285
  -1.98681
    1.4257
 -0.317274
  -1.76223
   1.82555
0.00171303
 -0.929292
  -1.98682
    1.4257
 -0.317282
  -1.76221
   1.82553
0.00172495
  -0.92929
  -1.98682
   1.42569
 -0.317289
  -1.76219
   1.82551
0.00172034
 -0.929282
  -1.98681
   1.42569
 -0.317294
  -1.76219
   1.82549
0.00170751
 -0.929268
   -1.9868
   1.42568
 -0.317299
   -1.7622
   1.82547
0.00168558
 -0.929249
  -1.98679
   1.42567
 -0.317304
  -1.76222
   1.82545
0.00165256
 -0.929229
  -1.98678
   1.42566
 -0.317307
  -1.76225
   1.82544
0.00161176
 -0.929213
  -1.98676
   1.42565
 -0.317311
  -1.76229
   1.82542
0.00156646
 -0.929196
  -1.98676
   1.42564
 -0.317314
  -1.76233
   1.82541
0.00151936
  -0.92918
  -1.98675
   1.42564
 -0.317317
  -1.76239
   1.82539
0.00146831
 -0.929161
  -1.98672
   1.42564
 -0.317319
  -1.76244
   1.82538
0.00141276
 -0.929141
  -1.98668
   1.42563
 -0.317322
  -1.76249
   1.82536
0.00135488
 -0.929123
  -1.98664
   1.42563
 -0.317324
  -1.76253
   1.82535
0.00129843
 -0.929107
  -1.98659
   1.42562
 -0.317326
 -1.76257
  1.82534
0.0012463
-0.929091
 -1.98655
  1.42562
-0.317328
 -1.76259
  1.82533
 0.001204
-0.929074
  -1.9865
  1.42561
 -0.31733
  -1.76261
   1.82532
0.00116936
 -0.929056
  -1.98646
   1.42559
 -0.317332
  -1.76261
   1.82531
0.00114036
 -0.929038
  -1.98642
   1.42556
 -0.317334
  -1.76261
    1.8253
0.00111723
  -0.92902
  -1.98639
   1.42552
 -0.317336
  -1.76261
    1.8253
0.00109931
 -0.929002
  -1.98637
   1.42548
 -0.317337
  -1.76261
   1.82529
0.00108325
 -0.928985
  -1.98635
   1.42544
 -0.317338
  -1.76261
   1.82528
0.00106678
  -0.92897
  -1.98633
    1.4254
 -0.317339
  -1.76261
   1.82528
0.00104802
 -0.928957
  -1.98631
   1.42537
  -0.31734
  -1.76261
   1.82527
0.00102405
 -0.928945
   -1.9863
   1.42535
 -0.317341
   -1.76263
    1.82526
0.000993972
  -0.928934
   -1.98628
    1.42532
  -0.317342
   -1.76265
    1.82526
0.000960416
  -0.928924
   -1.98627
     1.4253
  -0.317343
   -1.76267
    1.82525
0.000926381
  -0.928915
   -1.98626
    1.42529
  -0.317344
    -1.7627
    1.82525
0.000891447
  -0.928906
   -1.98624
    1.42529
  -0.317345
   -1.76273
    1.82524
0.000857351
  -0.928899
   -1.98623
    1.42529
  -0.317346
   -1.76276
    1.82524
0.000826732
  -0.928892
   -1.98622
    1.42529
  -0.317346
   -1.76278
    1.82524
0.000801205
  -0.928886
   -1.98621
     1.4253
  -0.317347
   -1.76281
    1.82523
0.000781072
   -0.92888
   -1.98621
     1.4253
  -0.317348
   -1.76283
    1.82523
0.000765133
  -0.928875
   -1.98621
     1.4253
  -0.317349
   -1.76284
    1.82522
0.000752549
   -0.92887
   -1.98621
     1.4253
   -0.31735
   -1.76286
    1.82522
0.000742483
  -0.928865
   -1.98621
     1.4253
   -0.31735
   -1.76288
    1.82521
0.000734154
   -0.92886
   -1.98622
     1.4253
  -0.317351
   -1.76289
    1.82521
0.000726783
  -0.928856
   -1.98622
     1.4253
  -0.317352
   -1.76289
     1.8252
0.000719233
  -0.928851
   -1.98622
     1.4253
  -0.317352
   -1.76289
     1.8252
0.000710065
  -0.928847
   -1.98622
    1.42531
  -0.317353
   -1.76289
     1.8252
0.000699279
  -0.928843
   -1.98622
    1.42532
  -0.317354
   -1.76289
    1.82519
0.000689273
  -0.928839
   -1.98622
    1.42534
  -0.317354
   -1.76289
    1.82519
0.000680764
  -0.928836
   -1.98622
    1.42534
  -0.317355
   -1.76289
    1.82519
0.000674113
  -0.928833
   -1.98622
    1.42535
  -0.317356
   -1.76288
    1.82519
0.000669259
  -0.928829
   -1.98622
    1.42535
  -0.317356
   -1.76287
    1.82518
0.000664465
  -0.928826
   -1.98622
    1.42535
  -0.317357
   -1.76287
    1.82518
0.000658593
  -0.928823
   -1.98622
    1.42536
  -0.317357
   -1.76286
    1.82518
0.000652361
  -0.928819
   -1.98622
    1.42536
  -0.317358
  -1.76286
   1.82518
0.00064601
 -0.928816
  -1.98622
   1.42536
 -0.317358
   -1.76286
    1.82518
0.000640377
  -0.928812
   -1.98622
    1.42536
  -0.317358
   -1.76286
    1.82518
0.000635104
  -0.928808
   -1.98622
    1.42536
  -0.317359
  -1.76286
   1.82518
0.00063025
 -0.928804
  -1.98622
   1.42536
  -0.31736
   -1.76286
    1.82517
0.000625517
    -0.9288
   -1.98622
    1.42536
   -0.31736
   -1.76286
    1.82517
0.000620483
  -0.928797
   -1.98622
    1.42536
  -0.317361
  -1.76286
   1.82517
0.00061521
 -0.928793
  -1.98622
   1.42537
 -0.317361
   -1.76286
    1.82517
0.000609638
   -0.92879
   -1.98622
    1.42537
  -0.317362
   -1.76286
    1.82517
0.000603945
  -0.928787
   -1.98622
    1.42537
  -0.317362
   -1.76286
    1.82517
0.000598552
  -0.928784
   -1.98622
    1.42537
  -0.317362
   -1.76286
    1.82517
0.000593339
  -0.928781
   -1.98623
    1.42537
  -0.317363
   -1.76286
    1.82517
0.000588545
  -0.928778
   -1.98622
    1.42537
  -0.317363
   -1.76286
    1.82517
0.000584231
  -0.928775
   -1.98622
    1.42537
  -0.317363
   -1.76286
    1.82516
0.000580815
  -0.928772
   -1.98623
    1.42537
  -0.317364
  -1.76286
   1.82516
0.00057776
 -0.928769
  -1.98623
   1.42537
 -0.317364
   -1.76286
    1.82516
0.000575423
  -0.928766
   -1.98623
    1.42537
  -0.317365
   -1.76286
    1.82516
0.000573445
  -0.928763
   -1.98623
    1.42537
  -0.317365
   -1.76286
    1.82516
0.000571348
   -0.92876
   -1.98623
    1.42537
  -0.317365
   -1.76286
    1.82516
0.000569311
  -0.928756
   -1.98623
    1.42537
  -0.317365
   -1.76286
    1.82516
0.000567633
  -0.928753
   -1.98623
    1.42537
  -0.317366
   -1.76286
    1.82516
0.000565476
   -0.92875
   -1.98623
    1.42537
  -0.317366
   -1.76286
    1.82516
0.000563139
  -0.928746
   -1.98623
    1.42537
  -0.317367
   -1.76286
    1.82516
0.000560562
  -0.928743
   -1.98623
    1.42537
   -0.31737
   -1.76286
    1.82516
0.000557506
   -0.92874
   -1.98623
    1.42537
  -0.317372
  -1.76286
   1.82515
0.00055439
 -0.928736
  -1.98623
   1.42537
 -0.317373
   -1.76286
    1.82515
0.000551274
  -0.928733
   -1.98623
    1.42537
  -0.317373
   -1.76286
    1.82515
0.000548158
  -0.928729
   -1.98623
    1.42537
  -0.317373
   -1.76286
    1.82515
0.000544923
  -0.928725
   -1.98623
    1.42538
  -0.317372
   -1.76286
    1.82515
0.000542106
  -0.928722
   -1.98623
    1.42538
   -0.31737
  -1.76286
   1.82515
0.00053965
 -0.928718
  -1.98623
   1.42538
 -0.317368
   -1.76286
    1.82515
0.000537552
  -0.928715
   -1.98623
    1.42538
  -0.317365
   -1.76286
    1.82515
0.000536054
  -0.928712
   -1.98623
    1.42538
  -0.317364
   -1.76286
    1.82515
0.000534676
  -0.928709
   -1.98623
    1.42538
  -0.317364
   -1.76286
    1.82515
0.000533538
  -0.928707
   -1.98623
    1.42538
  -0.317364
   -1.76286
    1.82515
0.000532279
  -0.928704
   -1.98623
    1.42538
  -0.317364
   -1.76286
    1.82515
0.000531261
  -0.928704
   -1.98623
    1.42538
  -0.317364
   -1.76286
    1.82515
0.000530482
  -0.928706
   -1.98623
    1.42538
  -0.317363
   -1.76286
    1.82515
0.000529703
  -0.928707
   -1.98623
    1.42538
  -0.317363
   -1.76286
    1.82515
0.000529163
  -0.928707
   -1.98623
    1.42538
  -0.317363
   -1.76286
    1.82515
0.000528504
  -0.928707
   -1.98623
    1.42538
  -0.317363
   -1.76286
    1.82515
0.000527725
  -0.928708
   -1.98623
    1.42538
  -0.317363
   -1.76286
    1.82515
0.000526587
  -0.928708
   -1.98623
    1.42538
  -0.317363
   -1.76286
    1.82515
0.000525448
  -0.928708
   -1.98623
    1.42538
  -0.317363
  -1.76286
   1.82515
0.00052395
 -0.928708
  -1.98623
   1.42538
 -0.317363
   -1.76286
    1.82515
0.000522153
  -0.928708
   -1.98623
    1.42538
  -0.317363
   -1.76286
    1.82515
0.000520595
  -0.928708
   -1.98623
    1.42538
  -0.317363
   -1.76286
    1.82515
0.000518737
  -0.928708
   -1.98623
    1.42538
  -0.317363
   -1.76286
    1.82515
0.000517179
  -0.928708
   -1.98623
    1.42538
  -0.317363
   -1.76286
    1.82515
0.000515861
  -0.928708
   -1.98623
    1.42538
  -0.317363
   -1.76286
    1.82515
0.000515142
  -0.928708
   -1.98623
    1.42538
  -0.317363
   -1.76286
    1.82515
0.000514603
  -0.928708
   -1.98623
    1.42538
  -0.317363
   -1.76286
    1.82515
0.000514123
  -0.928708
   -1.98623
    1.42538
  -0.317363
   -1.76286
    1.82515
0.000513824
  -0.928708
   -1.98623
    1.42538
  -0.317363
   -1.76286
    1.82515
0.000513584
  -0.928708
   -1.98623
    1.42538
  -0.317363
   -1.76286
    1.82515
0.000513344
  -0.928708
   -1.98623
    1.42538
  -0.317363
   -1.76286
    1.82515
0.000513045
  -0.928708
   -1.98623
    1.42538
  -0.317363
   -1.76286
    1.82515
0.000512625
  -0.928708
   -1.98623
    1.42538
  -0.317363
   -1.76286
    1.82515
0.000511786
  -0.928709
   -1.98623
    1.42538
  -0.317363
   -1.76286
    1.82515
0.000511127
  -0.928709
   -1.98623
    1.42538
  -0.317363
   -1.76286
    1.82515
0.000510468
  -0.928708
   -1.98623
    1.42538
  -0.317363
   -1.76286
    1.82515
0.000509509
  -0.928708
   -1.98623
    1.42538
  -0.317363
   -1.76286
    1.82515
0.000508431
  -0.928708
   -1.98623
    1.42538
  -0.317363
   -1.76286
    1.82515
0.000507412
  -0.928708
   -1.98623
    1.42538
  -0.317363
   -1.76286
    1.82515
0.000506214
  -0.928708
   -1.98623
    1.42538
  -0.317363
   -1.76286
    1.82515
0.000505435
  -0.928708
   -1.98623
    1.42538
  -0.317363
   -1.76286
    1.82515
0.000504476
  -0.928709
   -1.98623
    1.42538
  -0.317363
   -1.76286
    1.82515
0.000503637
  -0.928709
   -1.98623
    1.42538
  -0.317363
   -1.76286
    1.82515
0.000503277
  -0.928708
   -1.98623
    1.42538
  -0.317363
   -1.76286
    1.82515
0.000503098
  -0.928708
   -1.98623
    1.42538
  -0.317363
   -1.76286
    1.82515
0.000502918
  -0.928709
   -1.98623
    1.42538
  -0.317363
   -1.76286
    1.82515
0.000502738
  -0.928708
   -1.98623
    1.42538
  -0.317363
   -1.76286
    1.82515
0.000502439
  -0.928708
   -1.98623
    1.42538
  -0.317363
   -1.76286
    1.82515
0.000502379
  -0.928708
   -1.98623
    1.42538
  -0.317363
   -1.76286
    1.82515
0.000501899
  -0.928709
   -1.98623
    1.42538
  -0.317363
  -1.76286
   1.82515
0.00050142
 -0.928709
  -1.98623
   1.42538
 -0.317363
   -1.76286
    1.82515
0.000500761
  -0.928708
   -1.98623
    1.42538
  -0.317362
   -1.76286
    1.82515
0.000499922
  -0.928709
   -1.98623
    1.42538
  -0.317363
   -1.76286
    1.82515
0.000499323
  -0.928709
   -1.98623
    1.42538
  -0.317363
   -1.76286
    1.82515
0.000498783
  -0.928709
   -1.98623
    1.42538
  -0.317363
   -1.76286
    1.82515
0.000498124
  -0.928708
   -1.98623
    1.42538
  -0.317363
   -1.76286
    1.82515
0.000497945
  -0.928709
   -1.98623
    1.42538
  -0.317363
   -1.76286
    1.82515
0.000497525
  -0.928709
   -1.98623
    1.42538
  -0.317363
   -1.76286
    1.82515
0.000496986
  -0.928709
   -1.98623
    1.42538
  -0.317363
   -1.76286
    1.82515
0.000496566
  -0.928708
   -1.98623
    1.42538
  -0.317363
   -1.76286
    1.82515
0.000496027
  -0.928709
   -1.98623
    1.42538
  -0.317362
   -1.76286
    1.82515
0.000495668
  -0.928709
   -1.98623
    1.42538
  -0.317363
   -1.76286
    1.82515
0.000495368
  -0.928709
   -1.98623
    1.42538
  -0.317363
   -1.76286
    1.82515
0.000494949
  -0.928709
   -1.98623
    1.42538
  -0.317363
   -1.76286
    1.82515
0.000494709
  -0.928708
   -1.98623
    1.42538
  -0.317363
   -1.76286
    1.82515
0.000494529
  -0.928708
   -1.98623
    1.42538
  -0.317363
   -1.76286
    1.82515
0.000494289
  -0.928709
   -1.98623
    1.42538
  -0.317362
   -1.76286
    1.82515
0.000494229
  -0.928709
   -1.98623
    1.42538
  -0.317362
  -1.76286
   1.82515
0.00049399
 -0.928709
  -1.98623
   1.42538
 -0.317363
  -1.76286
   1.82515
0.00049369
 -0.928709
  -1.98623
   1.42538
 -0.317363
   -1.76286
    1.82515
0.000493031
  -0.928709
   -1.98623
    1.42538
  -0.317363
   -1.76286
    1.82515
0.000492552
  -0.928709
   -1.98623
    1.42538
  -0.317363
   -1.76286
    1.82515
0.000492252
  -0.928709
   -1.98623
    1.42538
  -0.317363
   -1.76286
    1.82515
0.000492012
  -0.928709
   -1.98623
    1.42538
  -0.317362
   -1.76286
    1.82515
0.000491413
  -0.928709
   -1.98623
    1.42539
  -0.317363
   -1.76286
    1.82515
0.000490994
  -0.928708
   -1.98623
    1.42539
  -0.317362
   -1.76286
    1.82515
0.000490694
  -0.928709
   -1.98623
    1.42539
  -0.317363
   -1.76286
    1.82515
0.000490275
  -0.928709
   -1.98623
    1.42539
  -0.317362
   -1.76286
    1.82515
0.000489975
  -0.928709
   -1.98623
    1.42539
  -0.317362
   -1.76286
    1.82515
0.000489675
  -0.928709
   -1.98623
    1.42539
  -0.317362
   -1.76286
    1.82515
0.000489256
  -0.928709
   -1.98623
    1.42539
  -0.317363
   -1.76286
    1.82515
0.000489076
  -0.928709
   -1.98623
    1.42539
  -0.317363
   -1.76286
    1.82515
0.000488956
  -0.928709
   -1.98623
    1.42539
  -0.317363
   -1.76286
    1.82515
0.000488897
  -0.928709
   -1.98623
    1.42539
  -0.317363
   -1.76286
    1.82515
0.000488897
  -0.928709
   -1.98623
    1.42539
  -0.317362
   -1.76286
    1.82515
0.000488597
  -0.928709
   -1.98623
    1.42539
  -0.317363
   -1.76286
    1.82515
0.000488357
  -0.928709
   -1.98623
    1.42539
  -0.317362
   -1.76286
    1.82515
0.000488058
  -0.928709
   -1.98623
    1.42539
  -0.317362
   -1.76286
    1.82515
0.000487578
  -0.928709
   -1.98623
    1.42539
  -0.317362
   -1.76286
    1.82515
0.000486859
  -0.928709
   -1.98623
    1.42539
  -0.317362
 -1.76286
  1.82515
0.0004862
-0.928709
 -1.98623
  1.42539
-0.317362
  -1.76286
   1.82515
0.00048584
 -0.928709
  -1.98623
   1.42539
 -0.317362
   -1.76286
    1.82515
0.000485301
  -0.928709
   -1.98623
    1.42539
  -0.317362
   -1.76286
    1.82515
0.000484942
  -0.928709
   -1.98623
    1.42539
  -0.317362
   -1.76286
    1.82515
0.000484882
  -0.928709
   -1.98623
    1.42539
  -0.317362
   -1.76286
    1.82515
0.000484822
  -0.928709
   -1.98623
    1.42539
  -0.317362
   -1.76286
    1.82515
0.000484822
  -0.928709
   -1.98623
    1.42539
  -0.317362
   -1.76286
    1.82515
0.000484822
  -0.928709
   -1.98623
    1.42539
  -0.317363
   -1.76286
    1.82515
0.000484702
  -0.928708
   -1.98623
    1.42539
  -0.317362
   -1.76286
    1.82515
0.000484582
  -0.928709
   -1.98623
    1.42539
  -0.317362
   -1.76286
    1.82515
0.000484522
  -0.928709
   -1.98623
    1.42539
  -0.317363
   -1.76286
    1.82515
0.000484223
  -0.928709
   -1.98623
    1.42539
  -0.317362
   -1.76286
    1.82515
0.000484103
  -0.928709
   -1.98623
    1.42539
  -0.317362
   -1.76286
    1.82515
0.000483504
  -0.928709
   -1.98623
    1.42539
  -0.317362
   -1.76286
    1.82515
0.000483024
  -0.928709
   -1.98623
    1.42539
  -0.317362
   -1.76286
    1.82515
0.000482725
  -0.928709
   -1.98623
    1.42539
  -0.317363
   -1.76286
    1.82515
0.000482485
  -0.928709
   -1.98623
    1.42539
  -0.317362
   -1.76286
    1.82515
0.000482065
  -0.928709
   -1.98623
    1.42539
  -0.317362
   -1.76286
    1.82515
0.000481886
  -0.928709
   -1.98623
    1.42539
  -0.317362
   -1.76286
    1.82515
0.000481706
  -0.928709
   -1.98623
    1.42539
  -0.317362
   -1.76286
    1.82515
0.000481526
  -0.928709
   -1.98623
    1.42539
  -0.317362
   -1.76286
    1.82515
0.000481406
  -0.928709
   -1.98623
    1.42539
  -0.317362
   -1.76286
    1.82515
0.000481286
  -0.928709
   -1.98623
    1.42539
  -0.317362
   -1.76286
    1.82515
0.000481286
  -0.928709
   -1.98623
    1.42539
  -0.317362
   -1.76286
    1.82515
0.000481227
  -0.928709
   -1.98623
    1.42539
  -0.317362
   -1.76286
    1.82515
0.000481107
  -0.928709
   -1.98623
    1.42539
  -0.317362
   -1.76286
    1.82515
0.000480987
  -0.928709
   -1.98623
    1.42539
  -0.317362
   -1.76286
    1.82515
0.000480807
  -0.928709
   -1.98623
    1.42539
  -0.317362
   -1.76286
    1.82515
0.000480507
  -0.928709
   -1.98623
    1.42539
  -0.317362
   -1.76286
    1.82515
0.000480268
  -0.928709
   -1.98623
    1.42539
  -0.317362
   -1.76286
    1.82515
0.000479908
  -0.928709
   -1.98623
    1.42539
  -0.317362
   -1.76286
    1.82515
0.000479669
  -0.928709
   -1.98623
    1.42539
  -0.317363
   -1.76286
    1.82515
0.000479489
  -0.928709
   -1.98623
    1.42539
  -0.317362
   -1.76286
    1.82515
0.000479189
  -0.928709
   -1.98623
    1.42539
  -0.317362
   -1.76286
    1.82515
0.000479069
  -0.928709
   -1.98623
    1.42539
  -0.317362
   -1.76286
    1.82515
0.000479009
  -0.928709
   -1.98623
    1.42539
  -0.317362
  -1.76286
   1.82515
0.00047889
 -0.928709
  -1.98623
   1.42539
 -0.317362
  -1.76286
   1.82515
0.00047877
 -0.928709
  -1.98623
   1.42539
 -0.317362
  -1.76286
   1.82515
0.00047865
 -0.928709
  -1.98623
   1.42539
 -0.317362
  -1.76286
   1.82515
0.00047859
 -0.928709
  -1.98623
   1.42539
 -0.317362
  -1.76286
   1.82515
0.00047829
 -0.928709
  -1.98623
   1.42539
 -0.317362
  -1.76286
   1.82515
0.00047829
 -0.928709
  -1.98623
   1.42539
 -0.317362
   -1.76286
    1.82515
0.000478171
  -0.928709
   -1.98623
    1.42539
  -0.317362
   -1.76286
    1.82515
0.000478111
  -0.928709
   -1.98623
    1.42539
  -0.317362
   -1.76286
    1.82515
0.000477931
  -0.928709
   -1.98623
    1.42539
  -0.317362
   -1.76286
    1.82515
0.000477631
  -0.928709
   -1.98623
    1.42539
  -0.317362
   -1.76286
    1.82515
0.000477511
  -0.928709
   -1.98623
    1.42539
  -0.317362
   -1.76286
    1.82515
0.000477212
  -0.928709
   -1.98623
    1.42539
  -0.317362
   -1.76286
    1.82515
0.000477092
  -0.928709
   -1.98623
    1.42539
  -0.317362
   -1.76286
    1.82515
0.000476792
  -0.928709
   -1.98623
    1.42539
  -0.317362
   -1.76286
    1.82515
0.000476613
  -0.928709
   -1.98623
    1.42539
  -0.317363
   -1.76286
    1.82515
0.000476613
  -0.928709
   -1.98623
    1.42539
  -0.317362
   -1.76286
    1.82515
0.000476373
  -0.928709
   -1.98623
    1.42539
  -0.317362
   -1.76286
    1.82515
0.000476313
  -0.928709
   -1.98623
    1.42539
  -0.317362
   -1.76286
    1.82515
0.000476193
  -0.928709
   -1.98623
    1.42539
  -0.317362
   -1.76286
    1.82515
0.000476073
  -0.928709
   -1.98623
    1.42539
  -0.317362
   -1.76286
    1.82515
0.000476013
  -0.928709
   -1.98623
    1.42539
  -0.317362
   -1.76286
    1.82515
0.000475894
  -0.928709
   -1.98623
    1.42539
  -0.317362
   -1.76286
    1.82515
0.000475774
  -0.928709
   -1.98623
    1.42539
  -0.317362
   -1.76286
    1.82515
0.000475594
  -0.928709
   -1.98623
    1.42539
  -0.317362
   -1.76286
    1.82515
0.000475714
  -0.928709
   -1.98623
    1.42539
  -0.317363
   -1.76286
    1.82515
0.000475414
  -0.928709
   -1.98623
    1.42539
  -0.317362
   -1.76286
    1.82515
0.000475294
  -0.928709
   -1.98623
    1.42539
  -0.317362
   -1.76286
    1.82515
0.000475294
  -0.928709
   -1.98623
    1.42539
  -0.317362
   -1.76286
    1.82515
0.000475175
  -0.928709
   -1.98623
    1.42539
  -0.317362
   -1.76286
    1.82515
0.000475115
  -0.928709
   -1.98623
    1.42539
  -0.317362
   -1.76286
    1.82515
0.000474995
  -0.928709
   -1.98623
    1.42539
  -0.317362
   -1.76286
    1.82515
0.000474815
  -0.928709
   -1.98623
    1.42539
  -0.317362
   -1.76286
    1.82515
0.000474695
  -0.928709
   -1.98623
    1.42539
  -0.317362
   -1.76286
    1.82515
0.000474396
  -0.928709
   -1.98623
    1.42539
  -0.317362
   -1.76286
    1.82515
0.000474276
  -0.928709
   -1.98623
    1.42539
  -0.317362
   -1.76286
    1.82515
0.000474216
  -0.928709
   -1.98623
    1.42539
  -0.317362
   -1.76286
    1.82515
0.000474216
  -0.928709
   -1.98623
    1.42539
  -0.317362
   -1.76286
    1.82515
0.000474096
  -0.928709
   -1.98623
    1.42539
  -0.317362
   -1.76286
    1.82515
0.000474096
  -0.928709
   -1.98623
    1.42539
  -0.317363
   -1.76286
    1.82515
0.000473976
  -0.928709
   -1.98623
    1.42539
  -0.317362
   -1.76286
    1.82515
0.000473916
  -0.928709
   -1.98623
    1.42539
  -0.317362
   -1.76286
    1.82515
0.000473916
  -0.928709
   -1.98623
    1.42539
  -0.317362
   -1.76286
    1.82515
0.000473796
  -0.928709
   -1.98623
    1.42539
  -0.317362
   -1.76286
    1.82515
0.000473617
  -0.928709
   -1.98623
    1.42539
  -0.317362
   -1.76286
    1.82515
0.000473497
  -0.928709
   -1.98623
    1.42539
  -0.317362
   -1.76286
    1.82515
0.000473377
  -0.928709
   -1.98623
    1.42539
  -0.317362
   -1.76286
    1.82515
0.000473317
  -0.928709
   -1.98623
    1.42539
  -0.317362
   -1.76286
    1.82515
0.000473197
  -0.928709
   -1.98623
    1.42539
  -0.317362
   -1.76286
    1.82515
0.000473137
  -0.928709
   -1.98623
    1.42539
  -0.317362
   -1.76286
    1.82515
0.000472898
  -0.928709
   -1.98623
    1.42539
  -0.317362
   -1.76286
    1.82515
0.000472718
  -0.928709
   -1.98623
    1.42539
  -0.317362
   -1.76286
    1.82515
0.000472538
  -0.928709
   -1.98623
    1.42539
  -0.317362
   -1.76286
    1.82515
0.000472298
  -0.928709
   -1.98623
    1.42539
  -0.317362
   -1.76286
    1.82515
0.000472298
  -0.928709
   -1.98623
    1.42539
  -0.317362
   -1.76286
    1.82515
0.000472238
  -0.928709
   -1.98623
    1.42539
  -0.317362
   -1.76286
    1.82515
0.000472119
  -0.928709
   -1.98623
    1.42539
  -0.317363
   -1.76286
    1.82515
0.000472119
  -0.928709
   -1.98623
    1.42539
  -0.317362
   -1.76286
    1.82515
0.000471999
  -0.928709
   -1.98623
    1.42539
  -0.317362
   -1.76286
    1.82515
0.000471999
  -0.928709
   -1.98623
    1.42539
  -0.317362
   -1.76286
    1.82515
0.000471879
  -0.928709
   -1.98623
    1.42539
  -0.317362
   -1.76286
    1.82515
0.000471819
  -0.928709
   -1.98623
    1.42539
  -0.317362
   -1.76286
    1.82515
0.000471699
  -0.928709
   -1.98623
    1.42539
  -0.317362
   -1.76286
    1.82515
0.000471519
  -0.928709
   -1.98623
    1.42539
  -0.317362
  -1.76286
   1.82515
0.00047134
 -0.928709
  -1.98623
   1.42539
 -0.317362
 -1.76286
  1.82515
0.0004711
-0.928709
 -1.98623
  1.42539
-0.317362
  -1.76286
   1.82515
0.00047098
 -0.928709
  -1.98623
   1.42539
 -0.317362
  -1.76286
   1.82515
0.00047098
 -0.928709
  -1.98623
   1.42539
 -0.317362
  -1.76286
   1.82515
0.00047098
 -0.928709
  -1.98623
   1.42539
 -0.317362
 -1.76286
  1.82515
0.0004708
-0.928709
 -1.98623
  1.42539
-0.317362
 -1.76286
  1.82515
0.0004708
-0.928709
 -1.98623
  1.42539
-0.317362
 -1.76286
  1.82515
0.0004708
-0.928709
 -1.98623
  1.42539
-0.317362
  -1.76286
   1.82515
0.00047074
 -0.928709
  -1.98623
   1.42539
 -0.317362
   -1.76286
    1.82515
0.000470501
  -0.928709
   -1.98623
    1.42539
  -0.317362
