 -0.330742
-0.0941422
  0.020874
0.00792624
 0.0213155
 0.0144454
  -0.340884
 -0.0801743
-0.00334262
 0.00675774
  0.0111417
-0.00596912
 -0.329554
-0.0919759
0.00727339
0.00283657
 0.0195598
  0.004679
   -0.321592
  -0.0827958
  0.00361548
-3.35056e-05
   0.0189837
  0.00595285
  -0.327671
 -0.0832725
 0.00715191
-0.00375575
  0.0287081
  0.0128331
   -0.32488
 -0.0778259
-0.00654351
 0.00471463
  0.0360288
   0.013136
  -0.333335
 -0.0938484
 0.00386018
0.000515742
  0.0176803
-0.00464169
    -0.34394
  -0.0930981
  0.00510898
 -0.00206842
   0.0177421
-0.000774439
 -0.320407
-0.0877127
0.00382721
-0.0033427
  0.026516
0.00785092
 -0.340109
-0.0834257
  0.003858
0.00053779
  0.019036
 0.0124434
 -0.325217
-0.0832237
 0.0102859
 0.0115337
 0.0241283
  0.010133
  -0.337527
 -0.0859979
-0.00506694
 0.00258562
  0.0172214
 0.00916272
  -0.358572
 -0.0998897
  0.0108924
 0.00619939
  0.0143308
-0.00244356
  -0.360943
 -0.0991469
-0.00150457
  0.0104609
  0.0159216
-0.00583422
 -0.394509
-0.0970742
 0.0085841
0.00759821
 0.0122661
-0.0103964
 -0.413121
 -0.105363
 0.0159698
0.00819385
 0.0122061
0.00591317
 -0.456689
 -0.115931
-0.0138565
0.00379782
  0.019856
-0.0107904
  -0.472183
  -0.125637
  0.0314032
 0.00737294
 0.00309318
0.000754502
 -0.458811
 -0.107598
-0.0103067
 0.0039882
 0.0144778
 0.0139835
  -0.445479
  -0.126564
 0.00905273
0.000631967
  0.0183285
 0.00239997
  -0.457903
 -0.0845358
   0.017849
-0.00112047
  0.0020103
 0.00757149
 -0.431377
 -0.126063
-0.0122899
0.00299847
 0.0268935
0.00175343
 -0.435259
 -0.116944
 0.0154761
  0.003718
 0.0158332
0.00997118
 -0.448547
-0.0885368
 0.0099303
0.00561873
 0.0091012
0.00240344
 -0.425067
 -0.134458
-0.0108354
0.00731852
 0.0266043
0.00844832
  -0.424094
 -0.0957677
  0.0100822
 -0.0011272
  0.0106377
0.000691019
  -0.455884
  -0.135788
 0.00404891
0.000287455
 0.00498409
 0.00927864
   -0.442052
   -0.121958
    0.018781
   0.0121417
   0.0106841
-0.000776141
 -0.417439
-0.0712331
0.00718409
  0.012508
 0.0190626
 0.0179457
 -0.450687
 -0.165436
-0.0120084
0.00684642
 0.0142057
-0.0069934
  -0.427879
  -0.105884
-0.00378001
 0.00524991
  0.0282248
   0.014823
 -0.444958
 -0.126939
 0.0146329
 0.0165169
 0.0114754
0.00199069
  -0.455539
  -0.131714
  0.0481424
  0.0149172
  0.0146408
-0.00772143
  -0.462786
  -0.124614
-0.00771727
  0.0034573
  0.0159106
-0.00739128
  -0.44512
 -0.101744
   0.02402
0.00308322
0.00646443
0.00669561
  -0.459132
  -0.131264
-0.00865013
 0.00349994
 0.00991048
-0.00836149
 -0.472376
 -0.110462
0.00100045
0.00370539
 0.0153914
0.00680554
 -0.452721
  -0.14727
 0.0120401
0.00424743
 0.0104277
-0.0016587
 -0.469952
 -0.119485
 0.0068116
0.00625874
 0.0218571
 0.0109312
 -0.454137
 -0.115796
 0.0145077
0.00824612
 0.0174054
 0.0173666
 -0.448489
 -0.104235
 0.0273424
0.00431038
 0.0188256
0.00992055
  -0.459813
  -0.129206
 -0.0300264
  0.0130171
  0.0147746
-0.00184171
 -0.486294
 -0.135272
 0.0282347
0.00820138
 0.0184762
-0.0069576
 -0.475432
 -0.143495
-0.0344047
0.00197399
  0.011457
 0.0236139
 -0.461189
  -0.06006
 0.0369411
0.00874945
 0.0114227
0.00653712
 -0.480216
 -0.148891
-0.0390958
0.00459018
 0.0179805
0.00102495
  -0.490354
  -0.120623
  0.0213614
 -0.0033684
   0.014368
-0.00133587
  -0.486565
  -0.145774
-0.00104088
 0.00401528
  0.0112601
 0.00833906
 -0.466851
-0.0707722
 0.0374611
0.00690123
 0.0139259
0.00668699
 -0.470488
 -0.134477
0.00752391
0.00615876
 0.0114709
 0.0134807
 -0.508271
 -0.141048
0.00209969
0.00924646
0.00895239
0.00154049
  -0.482838
  -0.126533
  0.0093151
-0.00294782
  0.0250183
 0.00212232
 -0.480877
 -0.117805
0.00375337
0.00759691
 0.0130439
 0.0226297
  -0.50029
 -0.132123
0.00205966
0.00120209
 0.0180149
 0.0182467
 -0.500596
 -0.149776
-0.0366923
 0.0088092
 0.0205578
0.00736205
  -0.511242
  -0.122021
-0.00276519
 0.00262353
 0.00242588
  0.0181829
  -0.515348
   -0.13626
   0.021865
 0.00468607
  0.0138389
-0.00115265
 -0.513425
 -0.145472
0.00343727
0.00625956
 0.0160377
0.00896059
 -0.517506
 -0.144895
0.00792299
 0.0118642
 0.0166072
 0.0117074
  -0.541784
   -0.14747
 0.00346361
   0.014934
 0.00675952
-0.00206939
 -0.542046
 -0.146082
 0.0158872
0.00781907
 0.0112143
0.00473522
 -0.542088
 -0.152505
 0.0353272
 0.0167128
0.00332813
  0.021553
   -0.570935
    -0.15689
 -0.00694198
   0.0123357
-0.000479828
  0.00932505
  -0.55606
 -0.124931
0.00235256
0.00275706
0.00673498
 0.0286604
  -0.567927
  -0.168567
-0.00336787
  0.0118932
 0.00617283
 0.00309886
   -0.550481
   -0.155206
-0.000504371
   0.0091237
  0.00917626
  0.00700327
 -0.542575
-0.0979904
-0.0321527
0.00525497
0.00425371
   0.02774
  -0.564062
  -0.167762
-0.00540606
  0.0129484
 0.00236248
  0.0124166
  -0.558222
  -0.167155
-0.00876532
 0.00574855
 0.00224015
  0.0122461
  -0.561663
   -0.12547
  0.0223232
 0.00968037
-0.00575918
  0.0215295
 -0.550944
 -0.135014
  0.028097
0.00389784
0.00390409
 0.0151926
 -0.576525
 -0.168019
 -0.013268
 0.0148665
0.00234695
0.00731913
  -0.571011
  -0.123862
-0.00675875
-0.00010405
 0.00850175
  0.0153534
  -0.594773
   -0.15302
 0.00448358
 0.00298125
-0.00734578
  0.0160106
  -0.620392
  -0.149613
0.000863479
 0.00733878
-0.00538213
 0.00241271
  -0.608552
  -0.162989
 0.00915914
  0.0137627
-0.00959805
 0.00816262
  -0.626654
  -0.168809
  0.0562281
  0.0241766
-0.00300397
 0.00937943
  -0.611266
  -0.152073
  -0.002277
  0.0209748
-0.00246574
  0.0138589
 -0.608798
 -0.187712
 0.0136532
0.00829868
-0.0158519
 0.0127354
  -0.637826
  -0.179638
 -0.0124103
  0.0238522
-0.00943167
 0.00954237
 -0.657021
  -0.12776
-0.0116388
 0.0118878
0.00525631
 0.0240941
 -0.615758
 -0.189584
 0.0416811
 0.0218292
-0.0026836
 0.0312318
 -0.633393
 -0.119857
  0.040429
0.00322701
 -0.014828
 0.0183704
  -0.669833
  -0.201332
 0.00417136
  0.0064708
-0.00101571
 0.00906559
-0.648255
-0.219405
0.0305206
0.0139589
-0.011979
0.0222006
    -0.66418
   -0.114884
-1.78368e-05
  0.00878487
 -0.00100287
   0.0145079
  -0.627267
  -0.199335
 -0.0216464
   0.008652
0.000893477
   0.022218
 -0.636886
 -0.115914
0.00223029
 0.0129761
-0.0030887
 0.0244242
 -0.654871
 -0.187317
-0.0198654
 0.0153966
0.00474161
  0.019363
  -0.681348
   -0.18678
  0.0159316
   0.014076
-0.00287912
  0.0165861
 -0.676553
 -0.116327
-0.0219528
 0.0149508
0.00783429
 0.0321436
    -0.67714
   -0.166353
  -0.0222379
-0.000897624
 -0.00171255
   0.0323048
  -0.687879
  -0.163558
 -0.0204079
 0.00864242
0.000514663
  0.0231715
  -0.676119
  -0.183094
     0.0115
  0.0182757
-0.00743897
  0.0317976
 -0.706361
 -0.135883
  0.019942
0.00903751
 -0.004779
 0.0180043
 -0.698401
 -0.196743
 -0.026935
 0.0131957
0.00240317
 0.0252449
  -0.68788
 -0.168153
 0.0346517
0.00968852
-0.0151728
 0.0278399
 -0.722841
 -0.171429
 0.0146567
0.00090715
-0.0150763
 0.0109993
  -0.705337
  -0.183588
 0.00180303
  0.0111142
-0.00340928
  0.0286324
  -0.710216
  -0.183155
  -0.038985
  0.0118731
-0.00325043
-0.00510396
  -0.730663
  -0.224949
 -0.0089921
 0.00909666
-0.00806118
  0.0177293
 -0.755908
  -0.18624
 0.0344588
 0.0153249
-0.0247014
 0.0187038
  -0.745287
  -0.215695
-0.00125962
  0.0108344
 -0.0201152
  0.0192277
 -0.753796
 -0.153715
 0.0141997
 0.0146171
 -0.009903
0.00896142
 -0.759405
  -0.22149
-0.0557178
0.00911716
-0.0111872
 0.0185051
 -0.760308
 -0.170665
0.00816533
 0.0110161
-0.0219116
 0.0140675
 -0.773376
 -0.184943
 0.0167637
0.00640316
-0.0251994
 0.0201368
 -0.784574
 -0.230714
 0.0184144
 0.0227011
-0.0305748
 0.0230202
  -0.79074
 -0.180358
 0.0199669
   0.01763
-0.0230954
 0.0171238
  -0.787415
  -0.195437
-0.00614648
  0.0205676
-0.00826988
  0.0288548
 -0.803454
 -0.197695
-0.0052434
  0.019481
-0.0206694
0.00720417
 -0.842445
 -0.214703
 0.0236489
 0.0134885
-0.0236556
 0.0140357
 -0.821645
 -0.231972
 0.0143369
 0.0204841
-0.0170459
 0.0289082
  -0.85048
  -0.21408
 0.0506114
 0.0128369
-0.0343932
 0.0188402
 -0.838028
 -0.225081
 0.0208718
0.00738355
-0.0216553
 0.0202479
  -0.845288
  -0.221531
-0.00839607
    0.02076
-0.00813004
  0.0214033
  -0.834492
  -0.217861
 -0.0396915
  0.0151891
-0.00616247
  0.0257633
 -0.868898
 -0.213431
-0.0440657
 0.0143742
-0.0101926
 0.0277405
 -0.888415
 -0.255015
 0.0239977
 0.0158779
-0.0221115
0.00517632
 -0.875297
 -0.223192
 0.0377293
 0.0142244
-0.0122718
 0.0288413
 -0.88344
-0.165574
0.0291829
0.0178685
-0.026124
0.0346788
 -0.900139
 -0.261581
-0.0181189
0.00986598
-0.0148918
0.00326197
  -0.915583
  -0.255776
-0.00161423
  0.0159691
 -0.0111775
 0.00218064
 -0.903886
 -0.220941
-0.0191095
 0.0156236
-0.0141659
 0.0272353
 -0.917321
 -0.220681
 0.0353835
 0.0180565
-0.0180213
 0.0147272
 -0.926055
  -0.22308
-0.0131748
  0.020724
-0.0266144
 0.0335671
  -0.910031
  -0.219669
-0.00230373
  0.0213932
 -0.0209909
  0.0324591
 -0.941106
 -0.279548
-0.0202144
 0.0289472
-0.0213017
 0.0320806
 -0.952101
 -0.222999
 0.0359969
 0.0213862
-0.0321003
 0.0343166
 -0.954295
   -0.2601
-0.0106349
 0.0146233
-0.0157035
 0.0352701
 -0.957856
 -0.225906
 0.0271192
 0.0104897
-0.0101288
  0.031143
  -0.98347
 -0.287199
-0.0398457
 0.0111492
-0.0123079
 0.0275892
  -1.01654
 -0.264153
 0.0297588
 0.0248971
-0.0147528
 0.0339923
  -1.02456
 -0.253115
-0.0115949
 0.0111462
-0.0172211
 0.0379127
  -1.05843
 -0.279698
 0.0394177
 0.0126536
-0.0199898
 0.0223747
  -1.05047
 -0.250246
-0.0319559
 0.0124179
-0.0242575
 0.0161701
  -1.05998
 -0.276135
 0.0152134
0.00772207
-0.0252384
 0.0348979
  -1.07429
 -0.292145
 0.0336493
 0.0114341
-0.0287612
 0.0351093
  -1.06479
 -0.254779
 0.0323465
 0.0120498
-0.0213062
  0.042029
   -1.0978
 -0.240805
0.00058744
 0.0146092
-0.0253864
 0.0313682
  -1.06066
 -0.272642
0.00387529
 0.0229464
 -0.015779
 0.0412873
  -1.09704
 -0.320706
-0.0188347
 0.0187966
-0.0147713
 0.0336114
  -1.12669
 -0.237833
 0.0555404
0.00944735
-0.0366265
 0.0314545
  -1.12692
 -0.324318
-0.0041519
 0.0241599
-0.0292576
 0.0260101
  -1.11915
 -0.247135
0.00600116
0.00910632
-0.0231403
 0.0535695
   -1.14389
  -0.289764
-0.00984068
  0.0153114
 -0.0158476
  0.0188369
  -1.15965
 -0.325077
 0.0117753
 0.0245222
-0.0345692
 0.0289203
    -1.17749
   -0.295357
-0.000219257
   0.0284186
  -0.0359108
   0.0340946
    -1.153
 -0.268105
 0.0246296
0.00856912
-0.0254854
 0.0400596
  -1.19704
 -0.303346
-0.0286781
 0.0211188
-0.0410528
 0.0367684
  -1.22755
 -0.318738
 0.0209863
 0.0136307
-0.0253062
  0.027831
  -1.22885
 -0.289308
 0.0171827
  0.013439
-0.0403788
 0.0516217
  -1.22291
 -0.303827
 0.0273781
 0.0111856
-0.0280771
 0.0363093
  -1.20707
 -0.345483
-0.0227374
 0.0252861
-0.0220057
 0.0356441
  -1.21499
 -0.317853
 0.0421761
 0.0138649
-0.0355233
 0.0305421
  -1.25507
 -0.330466
-0.0507404
 0.0196109
-0.0310161
 0.0433673
  -1.27137
 -0.298678
 0.0540973
 0.0156337
-0.0437276
 0.0390053
  -1.27779
 -0.351301
 0.0044093
 0.0248977
-0.0390439
 0.0313585
  -1.27826
 -0.307146
 0.0195214
 0.0150647
-0.0485833
 0.0287113
  -1.30281
 -0.353232
-0.0277356
 0.0247029
-0.0312155
 0.0440479
  -1.28446
 -0.314561
 0.0434292
0.00754815
-0.0425815
 0.0428841
  -1.31459
 -0.329697
-0.0062065
 0.0203419
-0.0443478
 0.0420212
  -1.32814
 -0.345999
 0.0475392
 0.0157227
-0.0313998
 0.0235931
  -1.35408
 -0.358418
-0.0586105
 0.0188564
-0.0272706
 0.0469967
  -1.35351
 -0.346025
 0.0208559
 0.0198171
-0.0419344
 0.0237772
  -1.36933
 -0.358674
0.00835631
 0.0200949
-0.0388375
 0.0363602
  -1.38672
 -0.313326
 0.0236814
0.00674455
-0.0441689
 0.0315727
   -1.43209
  -0.375462
-0.00810352
  0.0138808
 -0.0383638
  0.0530245
   -1.40901
  -0.350952
-0.00927711
  0.0162013
 -0.0398488
   0.041157
   -1.43022
  -0.349545
-0.00657178
  0.0130053
 -0.0472612
  0.0536637
  -1.47462
 -0.382837
 0.0570783
 0.0163216
-0.0514116
 0.0425226
  -1.50952
 -0.356578
-0.0225852
 0.0206609
-0.0501817
 0.0539668
   -1.4952
  -0.41268
 0.0129132
 0.0139073
-0.0502561
 0.0517671
  -1.50261
 -0.382186
0.00162075
 0.0240162
-0.0438388
   0.04881
  -1.51413
 -0.410433
 0.0172368
 0.0205824
-0.0471318
 0.0477893
  -1.55807
 -0.407689
 0.0386718
 0.0174111
-0.0550137
 0.0511941
  -1.5799
-0.419868
0.0415507
0.0215318
-0.063016
0.0573855
  -1.59035
 -0.423627
-0.0197638
 0.0238245
-0.0471344
 0.0526507
  -1.62052
 -0.399522
 0.0220164
 0.0188887
-0.0584282
 0.0496625
  -1.68115
 -0.430492
  0.025828
 0.0229295
-0.0499981
 0.0602518
   -1.69359
  -0.408074
-0.00708262
  0.0225938
  -0.055161
  0.0672643
   -1.71237
  -0.441794
-0.00907036
  0.0213555
 -0.0584685
  0.0677493
   -1.7229
 -0.469306
 0.0477905
 0.0329854
-0.0578615
  0.071333
  -1.78532
  -0.43945
0.00228469
 0.0190169
-0.0605052
 0.0587107
  -1.80246
 -0.446663
-0.0163389
 0.0218791
-0.0501897
  0.067175
  -1.81435
 -0.487932
 0.0228827
 0.0241531
-0.0622166
 0.0522492
  -1.86996
 -0.469547
 0.0665135
 0.0282681
-0.0767184
 0.0771043
  -1.90601
 -0.501791
 0.0570389
 0.0155772
-0.0655911
 0.0849442
  -1.93433
  -0.54508
 -0.022685
 0.0141762
-0.0695551
 0.0840067
  -1.94365
 -0.495549
 0.0011217
  0.023811
-0.0597497
 0.0835817
  -2.01834
  -0.52674
 0.0223234
 0.0295534
-0.0661247
 0.0632501
  -2.05083
 -0.512101
 0.0391435
 0.0297493
-0.0815767
  0.085082
  -2.08407
 -0.593418
-0.0283735
 0.0254259
-0.0800366
 0.0753264
  -2.13825
 -0.571578
0.00668124
 0.0366934
-0.0842276
 0.0695175
 -2.15322
-0.534495
0.0398186
0.0312437
-0.086398
 0.105289
  -2.24597
 -0.622416
0.00156282
  0.046169
-0.0787132
 0.0930844
 -2.31247
-0.578396
 0.040613
0.0333214
-0.100013
0.0997515
  -2.31941
 -0.669236
 0.0280836
 0.0325788
-0.0924523
 0.0998384
 -2.37453
-0.637722
0.0518326
0.0269461
-0.102675
0.0881922
  -2.41596
 -0.623364
 0.0118829
  0.039437
-0.0960947
  0.124527
   -2.462
-0.654529
0.0243105
0.0423843
-0.103082
 0.133392
   -2.5164
 -0.663575
-0.0139015
  0.036725
-0.0952969
   0.09618
 -2.60128
-0.712125
0.0334082
0.0375629
-0.114877
 0.125383
 -2.69359
-0.672818
0.0504877
0.0385475
-0.123186
 0.131192
  -2.76571
 -0.771477
0.00226876
 0.0312787
 -0.119954
   0.10542
 -2.80532
-0.725806
0.0344108
0.0317317
-0.116532
 0.111242
  -2.87811
 -0.794546
0.00996749
 0.0407252
 -0.132689
  0.137716
  -2.9593
-0.757668
0.0373713
 0.037907
-0.127304
  0.15844
 -3.01126
 -0.79267
0.0118072
0.0442037
-0.143615
 0.147922
 -3.03914
-0.848157
0.0116247
0.0421422
-0.148866
 0.132481
 -3.08021
-0.804378
0.0544108
0.0420625
-0.143361
 0.153102
 -3.18015
-0.888253
  0.04455
 0.045184
-0.164764
 0.150103
 -3.24873
-0.876523
0.0747101
0.0489247
-0.170668
 0.146348
 -3.31001
-0.919414
0.0146083
0.0430658
-0.166322
   0.1574
  -3.3897
-0.923721
0.0233393
 0.044322
-0.174852
 0.162462
 -3.44047
-0.925569
0.0527986
0.0499685
-0.189997
 0.155051
  -3.5252
-0.980765
0.0278309
0.0356602
 -0.18174
 0.167966
 -3.62215
-0.999839
0.0108297
 0.054657
-0.198611
 0.176581
 -3.73984
  -1.0234
0.0577516
0.0534843
-0.198285
 0.167927
 -3.83763
 -1.04535
0.0796339
0.0580715
-0.202339
 0.168254
  -3.93183
  -1.04826
0.00866325
 0.0545985
 -0.208805
  0.191336
 -4.02507
  -1.1148
0.0257819
0.0615368
-0.232609
 0.189588
 -4.12623
 -1.13053
0.0644233
0.0644231
-0.230044
 0.217335
 -4.28749
 -1.14898
0.0798191
0.0600877
-0.242034
 0.227617
  -4.4194
 -1.24843
0.0504488
0.0552318
-0.254063
 0.228732
 -4.53513
  -1.2495
0.0401747
0.0623486
-0.234776
 0.228069
 -4.62335
 -1.26067
0.0540254
0.0666326
-0.243177
 0.237367
 -4.72415
 -1.33309
 0.050599
0.0628949
-0.260022
 0.255161
 -4.84122
   -1.327
0.0614939
0.0767583
-0.258248
 0.266567
 -4.98179
 -1.34716
0.0469764
0.0753139
-0.270048
 0.263575
 -5.11099
 -1.43666
0.0810446
 0.066153
-0.282438
  0.29086
 -5.24783
 -1.43246
0.0284579
0.0658182
-0.289452
 0.286942
 -5.36632
 -1.45471
0.0499165
0.0766446
-0.309501
 0.306175
 -5.51479
 -1.56305
  0.10302
0.0831214
-0.312217
 0.293523
 -5.66916
 -1.53023
0.0538477
0.0823806
-0.319634
 0.339318
 -5.80322
 -1.64088
0.0969879
0.0725481
-0.331444
 0.329454
 -5.93426
 -1.64908
0.0729676
0.0851611
-0.346635
  0.34748
 -6.06139
 -1.70695
0.0604115
0.0844438
-0.349793
 0.354633
 -6.21314
 -1.74636
0.0687611
 0.093878
-0.359765
 0.358821
  -6.5016
 -1.81251
0.0971917
0.0850767
-0.392469
 0.366603
  -6.6032
 -1.87541
 0.148102
  0.10441
-0.409492
 0.397471
 -6.74972
 -1.86049
0.0620712
0.0900066
-0.395834
 0.391801
  -6.9551
 -2.02447
0.0155951
0.0957986
-0.416854
 0.381809
 -7.18852
 -2.06344
 0.107876
  0.10103
-0.425439
 0.432661
-7.42181
-2.04181
0.114561
0.112544
-0.46359
0.453189
-7.61268
-2.14326
0.107047
0.115588
-0.46303
0.458778
 -7.87732
 -2.27958
0.0542667
  0.10374
-0.479212
 0.489771
 -8.07133
 -2.25069
 0.150973
 0.108577
-0.505552
 0.515134
 -8.31016
 -2.43815
 0.115032
 0.117189
-0.509563
 0.542509
  -8.5724
 -2.38289
 0.114036
 0.124342
-0.516353
 0.560896
 -8.76336
 -2.49006
0.0435384
 0.131377
 -0.53929
 0.604538
 -9.01893
 -2.60024
 0.118831
 0.135455
-0.551684
 0.602689
  -9.3466
 -2.68765
 0.081727
 0.146659
-0.582472
 0.624334
 -9.60572
  -2.7298
  0.12358
 0.133348
-0.610666
 0.680207
 -9.74892
 -2.75571
 0.106299
 0.140393
-0.607633
 0.708828
 -9.96184
 -2.93749
0.0909293
 0.140645
-0.633611
 0.669314
 -10.3126
 -2.98285
 0.148382
 0.147801
-0.662557
 0.708493
-10.5887
-3.05154
0.130366
0.149653
-0.67911
0.758834
 -10.7959
 -3.09259
 0.156088
 0.158071
-0.696746
 0.781446
 -10.9416
 -3.19567
 0.104286
  0.15985
-0.685891
  0.78272
   -11.33
 -3.32726
 0.130613
 0.163148
-0.719097
 0.810788
 -11.7045
 -3.37808
 0.175289
 0.176638
-0.750525
 0.866633
 -11.9667
 -3.43956
 0.115623
 0.176682
-0.756574
 0.918351
 -12.2596
  -3.5986
   0.1184
 0.174556
-0.776837
 0.911538
 -12.4826
 -3.70156
 0.152141
  0.18323
-0.804913
 0.934938
 -12.8803
 -3.70327
 0.159266
 0.186365
-0.817516
  1.00004
 -13.2563
 -3.88115
 0.135949
 0.190343
-0.841295
  1.02581
 -13.5521
 -3.97616
 0.139081
  0.20415
-0.855664
  1.06022
 -13.8192
 -4.07814
 0.161559
 0.208848
-0.880313
   1.0666
 -14.1021
 -4.16132
 0.159108
 0.202765
-0.900435
  1.11012
 -14.4584
 -4.18966
 0.129359
 0.216029
-0.909204
  1.14325
 -14.8079
 -4.38717
 0.152877
 0.223914
-0.946052
  1.16995
 -15.1745
 -4.49625
 0.195903
 0.231811
-0.972057
  1.22257
 -15.4645
 -4.55374
 0.155394
 0.222503
-0.991954
  1.26748
-15.8536
-4.68459
0.140366
0.236874
-1.01322
  1.2813
-16.1649
-4.77623
0.151321
 0.24198
-1.02582
 1.31635
-16.1417
-4.71581
0.179942
0.247695
  -1.045
 1.30644
-15.9873
-4.68846
 0.14342
0.243701
-1.03299
 1.26804
 -15.829
-4.62212
0.156642
0.236698
-1.02891
  1.2152
-15.6869
-4.59049
0.184291
0.239334
-1.04245
 1.20241
-15.3072
 -4.4142
0.157527
0.242117
-1.01218
 1.15008
 -14.8867
 -4.26348
0.0995187
 0.229573
-0.968494
  1.08267
 -14.6963
 -4.19149
 0.140331
 0.217085
-0.965934
  1.04554
  -14.431
 -4.14424
 0.196916
 0.205202
-0.952608
 0.991199
 -14.0207
 -3.94552
 0.108297
 0.199639
-0.920798
  0.93589
 -13.5465
  -3.7713
0.0956587
 0.198239
-0.859216
 0.851732
 -13.0976
 -3.68899
 0.119117
 0.186787
-0.841875
 0.786743
 -12.8436
 -3.52656
 0.170826
 0.184194
-0.814023
 0.753096
 -12.5822
  -3.4107
 0.134471
 0.173584
-0.784194
 0.703971
 -12.3652
 -3.37568
 0.092071
 0.170978
-0.756265
 0.652485
 -12.0113
 -3.25436
0.0905224
 0.153109
-0.716789
 0.613335
 -11.6036
 -3.03391
 0.138178
 0.156427
-0.689318
 0.577323
 -11.3646
 -3.04612
 0.110008
 0.144675
-0.645131
 0.515717
 -11.2169
  -2.9199
 0.106905
 0.144632
-0.631407
 0.488459
 -11.0185
 -2.87357
 0.109381
  0.14547
-0.620349
 0.442714
  -10.722
 -2.82266
 0.106065
 0.134564
-0.582151
 0.414355
 -10.4578
 -2.68354
  0.10112
 0.115098
-0.564382
 0.411351
 -10.4544
 -2.66116
 0.125434
 0.106963
-0.543818
 0.373857
 -10.3829
 -2.61934
 0.151967
 0.122304
-0.543188
 0.363091
-10.2759
-2.61806
0.107492
0.113631
-0.49373
0.329332
 -10.1392
 -2.52631
0.0835664
 0.101905
-0.473835
 0.304399
 -9.88605
 -2.47588
0.0912568
0.0908363
-0.453896
 0.288032
 -9.71501
 -2.40732
 0.163354
0.0911294
-0.454328
 0.294018
-9.50544
-2.35491
0.150342
0.115466
-0.44405
0.250279
 -9.22851
 -2.29684
0.0902752
0.0979465
-0.410338
 0.232827
 -9.04361
 -2.24034
0.0669357
0.0916117
-0.381611
 0.217063
  -8.8945
 -2.13685
0.0879139
0.0877919
 -0.37599
 0.216656
 -8.79749
 -2.18164
 0.138765
 0.092572
-0.382299
 0.197718
 -8.55173
 -2.07106
 0.108627
0.0776736
-0.364937
 0.207435
 -8.39402
 -2.05369
  0.11533
0.0744809
-0.348524
 0.184422
 -8.26862
 -1.98668
 0.150688
0.0824876
-0.342452
 0.182685
 -8.27157
 -2.00363
0.0947311
0.0789462
-0.327815
 0.166115
 -8.25054
 -2.02836
 0.116521
0.0812245
 -0.33624
 0.148883
 -8.09837
 -1.92133
 0.137402
0.0636944
-0.310436
 0.151369
 -7.97287
 -1.91085
 0.102484
0.0679428
-0.308498
 0.145245
 -7.87673
 -1.84976
0.0623977
0.0584247
 -0.30097
 0.136689
  -7.7774
 -1.87001
0.0953876
0.0752896
-0.290957
 0.129331
 -7.66995
  -1.8336
 0.134898
0.0556811
-0.293165
 0.115613
 -7.49554
 -1.75174
 0.101132
0.0575917
 -0.27175
 0.115554
 -7.38963
 -1.73983
0.0532706
0.0445793
-0.260247
 0.113141
 -7.37269
 -1.75145
 0.126912
0.0606743
-0.272556
0.0952827
 -7.35484
 -1.73989
 0.140465
0.0451227
-0.266319
0.0861653
 -7.24834
  -1.6924
 0.125574
 0.057428
-0.268548
0.0940945
 -7.14496
 -1.65328
0.0614372
0.0533321
-0.257749
0.0754334
 -7.09798
 -1.69901
0.0969237
0.0492331
-0.254626
 0.083125
   -7.092
 -1.66301
 0.113453
0.0517492
-0.262521
0.0824255
 -7.04945
 -1.60052
0.0916746
0.0575484
-0.255175
0.0796749
   -6.983
 -1.59264
 0.091422
0.0513933
 -0.24391
0.0726813
 -6.89031
 -1.62184
 0.111311
0.0574194
-0.251893
0.0493291
 -6.90066
 -1.62564
0.0868303
0.0378615
-0.255601
 0.050215
 -6.88462
 -1.59366
 0.132234
0.0506594
-0.257262
0.0516235
 -6.80773
 -1.57889
 0.109495
0.0496465
-0.241505
0.0613645
 -6.71356
 -1.52773
0.0483536
 0.046299
-0.232178
0.0675719
 -6.67289
 -1.58613
  0.12799
0.0455391
-0.237306
0.0312841
 -6.62482
 -1.58906
0.0958394
0.0557512
-0.226996
0.0503759
 -6.58481
 -1.41312
 0.106509
0.0554067
-0.217541
0.0718525
 -6.53854
 -1.50315
0.0843519
0.0405188
-0.209909
0.0642939
 -6.45639
 -1.49175
0.0767469
0.0376805
-0.195779
0.0550535
 -6.43438
  -1.4698
 0.120567
0.0332879
-0.226192
0.0545586
 -6.41057
 -1.44767
 0.104729
0.0486162
-0.208647
0.0553387
 -6.35079
 -1.43894
0.0966587
0.0412721
-0.201879
0.0594296
 -6.23448
 -1.41236
0.0126911
0.0267249
-0.176235
0.0501409
 -6.16144
 -1.37328
 0.094636
0.0453202
-0.188729
0.0466015
 -6.15784
 -1.40597
0.0813187
0.0417686
-0.184216
0.0406898
 -6.11591
 -1.37108
 0.128268
0.0411493
-0.192226
0.0452752
 -6.02152
 -1.39529
0.0820271
0.0412855
-0.186279
0.0249384
 -5.97953
 -1.34177
0.0415178
0.0342705
-0.181803
0.0354229
 -5.94563
 -1.35749
0.0880777
0.0414132
-0.179244
 0.028325
 -5.95382
 -1.33282
 0.101586
0.0292715
-0.183608
0.0288892
 -5.91391
 -1.37409
 0.136708
0.0389991
-0.189614
0.0283741
 -5.82054
 -1.31072
0.0841737
 0.029172
-0.173432
0.0215349
   -5.77432
   -1.30671
  0.0343163
  0.0382228
  -0.164458
-0.00521444
 -5.72786
 -1.30823
0.0759982
0.0353775
-0.166446
0.0345772
 -5.69712
 -1.26192
0.0978042
0.0378111
 -0.15576
0.0119051
 -5.60083
 -1.27249
  0.12233
0.0422975
-0.169053
 0.015027
 -5.57296
 -1.26133
0.0989602
0.0378399
-0.163058
0.0202558
 -5.56145
 -1.18539
0.0542424
0.0273496
-0.159032
0.0266998
 -5.55627
 -1.25375
 0.103189
0.0315051
-0.162531
0.0328915
  -5.49928
   -1.2355
 0.0433753
 0.0332274
 -0.141703
0.00949367
 -5.43965
 -1.17347
0.0683492
0.0277248
-0.140549
0.0391992
 -5.43401
 -1.21862
 0.106647
0.0328445
-0.148849
0.0157278
 -5.41638
 -1.25025
0.0783318
0.0323919
-0.138556
0.0274425
 -5.40366
 -1.15951
0.0728287
0.0284323
-0.153962
 0.036887
  -5.35038
  -1.19209
 0.0285831
 0.0344519
  -0.12777
0.00523144
  -5.29515
  -1.20185
   0.08333
 0.0436389
 -0.141848
0.00774097
 -5.28461
 -1.16183
 0.065909
0.0385489
 -0.13858
0.0122632
 -5.30517
 -1.18827
0.0739792
0.0324409
-0.152584
0.0047265
 -5.26744
 -1.16055
 0.126062
0.0399588
 -0.15203
0.0287487
 -5.22567
 -1.17236
 0.100393
0.0372494
-0.154119
0.0219937
 -5.23054
  -1.1538
0.0786407
0.0331398
 -0.14144
0.0114287
   -5.23766
   -1.16119
  0.0306917
  0.0338435
  -0.127205
-0.00520434
  -5.22583
  -1.16546
 0.0654699
 0.0333696
 -0.141174
0.00842724
 -5.17764
 -1.12499
0.0730463
0.0335926
-0.148661
0.0168681
  -5.1374
 -1.10998
0.0900389
 0.034264
-0.140975
0.0134504
   -5.13095
   -1.13808
  0.0682065
  0.0327033
  -0.150032
-0.00121753
    -5.1671
   -1.15158
  0.0618865
  0.0333912
  -0.148085
-0.00520434
   -5.15866
   -1.14359
  0.0724552
  0.0238795
  -0.141303
-0.00997271
   -5.08248
   -1.17214
  0.0985069
   0.040577
  -0.143571
-0.00394219
  -5.07116
  -1.08628
   0.05263
 0.0335899
 -0.137464
-0.0180553
   -5.08979
   -1.11337
  0.0442776
   0.027087
  -0.141459
-0.00503775
 -5.08564
  -1.1296
0.0595201
0.0241323
-0.148992
-0.013712
   -5.03704
   -1.09792
  0.0632757
  0.0352195
  -0.136215
-0.00319274
   -5.02149
   -1.10153
  0.0747839
  0.0383394
  -0.151464
-0.00237588
  -5.03383
  -1.10395
 0.0493694
 0.0370724
 -0.159755
-0.0120029
   -5.03101
   -1.06073
  0.0985999
  0.0383763
  -0.148699
-0.00196735
  -5.06093
  -1.15364
  0.054352
 0.0330928
 -0.146482
-0.0212346
  -5.05093
   -1.1002
 0.0648692
 0.0364667
 -0.146384
-0.0187157
  -5.00448
  -1.08662
 0.0882955
 0.0261299
 -0.151667
0.00861164
   -5.02185
   -1.12651
  0.0611159
  0.0342407
  -0.144658
-0.00912377
  -5.01445
  -1.10414
 0.0834545
 0.0365059
 -0.152352
-0.0165597
  -4.99677
   -1.1026
 0.0520644
 0.0357413
 -0.153076
-0.0117732
  -4.97688
  -1.08779
 0.0890648
 0.0400762
 -0.160102
-0.0135296
   -4.98248
   -1.12656
  0.0611708
  0.0319826
  -0.139687
-0.00487167
  -4.98221
  -1.07505
 0.0909965
 0.0254884
  -0.12975
0.00128491
  -4.99051
  -1.09472
 0.0397261
 0.0350063
 -0.138447
-0.0155807
   -4.95649
   -1.07875
  0.0767231
  0.0321562
  -0.129261
-0.00745845
  -4.94802
  -1.07966
 0.0696727
 0.0341753
 -0.132316
-0.0199622
  -4.94573
  -1.06289
 0.0859331
 0.0310751
   -0.1336
-0.0131528
  -4.90895
  -1.09528
 0.0681065
 0.0400887
 -0.129486
0.00698311
  -4.86284
  -1.06554
  0.053788
 0.0304703
  -0.13502
0.00936129
  -4.83634
   -1.0545
  0.059327
 0.0266582
 -0.124771
-0.0143951
  -4.76647
  -1.03422
 0.0664372
  0.029826
 -0.110688
0.00882754
  -4.72923
  -1.05037
 0.0664902
 0.0328783
 -0.116109
-0.0145174
   -4.66802
   -1.01334
  0.0575101
  0.0312074
  -0.115539
-0.00863996
  -4.60624
  -1.00349
 0.0651053
 0.0259166
 -0.118549
0.00438772
    -4.5725
   -1.01331
  0.0593582
  0.0364789
  -0.112557
-0.00877625
   -4.59577
   -1.01248
  0.0640752
  0.0247334
  -0.120776
-0.00545746
 -4.59768
-0.996523
0.0581808
0.0286848
-0.124134
0.0048741
  -4.54648
  -1.01928
 0.0530491
 0.0279944
 -0.114969
-0.0118736
  -4.45719
 -0.985299
 0.0655285
 0.0250496
 -0.102822
0.00157461
  -4.43406
 -0.963271
 0.0471509
 0.0183675
 -0.105516
0.00340069
 -4.41633
 -0.97459
0.0587184
0.0326038
-0.113546
0.0070808
   -4.36444
  -0.942165
  0.0566883
  0.0176992
  -0.106346
-0.00225656
 -4.32839
-0.919849
0.0461169
0.0321869
-0.115363
0.0069287
   -4.3157
 -0.962481
 0.0572987
  0.031346
 -0.113669
0.00329859
   -4.39567
  -0.973017
  0.0746654
  0.0301175
  -0.108396
-0.00910349
   -4.46269
  -0.980382
  0.0679833
  0.0221086
  -0.119399
-0.00148441
  -4.51741
 -0.968527
 0.0552579
 0.0248805
 -0.107324
-0.0189343
  -4.50006
  -1.00822
 0.0389882
 0.0146764
 -0.110042
0.00285103
   -4.53706
  -0.996937
  0.0784876
  0.0268377
  -0.114358
-0.00772493
   -4.53935
  -0.980885
  0.0644799
  0.0206489
  -0.116512
-0.00140437
  -4.46755
  -0.97955
 0.0232548
 0.0256289
 -0.100083
-0.0169029
  -4.34635
 -0.955077
 0.0685982
 0.0283174
 -0.111979
-0.0103929
  -4.31935
 -0.947638
 0.0518662
 0.0267839
 -0.102002
-0.0233546
   -4.30006
  -0.940334
  0.0694443
  0.0301645
 -0.0959798
-0.00504067
  -4.34821
 -0.948986
 0.0584382
 0.0142924
 -0.095055
-0.0118579
   -4.3324
 -0.972981
 0.0262496
 0.0210066
 -0.102256
-0.0162551
  -4.31492
 -0.939861
 0.0590023
 0.0306436
 -0.100443
0.00444578
  -4.34328
 -0.936622
 0.0209866
 0.0251701
-0.0893158
 -0.011981
  -4.34482
 -0.961867
 0.0576414
 0.0272434
 -0.094548
0.00212974
  -4.37869
 -0.940283
 0.0850715
 0.0281053
 -0.103895
0.00136833
  -4.35763
 -0.987009
 0.0477863
 0.0231182
-0.0975395
 0.0062703
  -4.36353
 -0.946624
 0.0433414
 0.0212269
 -0.107332
0.00113869
   -4.41466
  -0.981472
  0.0579914
  0.0278292
  -0.106719
-0.00986483
   -4.43878
  -0.976182
  0.0651525
  0.0215294
  -0.102488
-0.00274624
 -4.43341
-0.973027
0.0601375
0.0279597
-0.109908
  0.01909
  -4.44943
 -0.967104
 0.0591156
 0.0264093
 -0.119991
0.00345845
  -4.46764
 -0.980604
 0.0254892
 0.0147174
 -0.106944
0.00763722
   -4.54925
   -1.03314
  0.0582699
  0.0307451
  -0.119438
-0.00173034
  -4.57133
  -1.00077
 0.0933307
 0.0240651
 -0.129052
0.00995715
  -4.53872
  -1.00833
 0.0632801
 0.0342749
 -0.135315
0.00877937
  -4.5478
 -1.00428
0.0809969
 0.029041
-0.126502
0.0198333
 -4.59003
 -1.03092
0.0304848
0.0206677
-0.121935
0.0241263
 -4.62563
  -1.0082
0.0863005
0.0236935
 -0.12624
0.0178739
 -4.62464
 -1.02471
0.0276395
0.0206163
-0.106589
0.0239218
 -4.61245
-0.998398
0.0255619
0.0225612
-0.110186
0.0281009
 -4.64227
 -1.04507
0.0348783
0.0273804
-0.114442
 0.032409
 -4.71564
 -1.05512
0.0859779
0.0323247
-0.132025
0.0320634
 -4.74889
  -1.0238
0.0581542
0.0224415
-0.125997
0.0450635
  -4.7469
 -1.09044
0.0601641
0.0307637
-0.135614
0.0321954
 -4.78387
 -1.06036
0.0320039
 0.026552
-0.135189
0.0338274
 -4.84733
 -1.06185
  0.05519
0.0320312
-0.147009
0.0375501
  -4.8688
 -1.11521
  0.09875
0.0330858
-0.152087
0.0451503
 -4.89415
 -1.10623
0.0852148
 0.025066
 -0.15116
0.0301895
 -4.87979
  -1.0727
0.0665807
0.0303419
-0.142743
0.0517407
 -4.93782
 -1.13115
0.0646371
0.0407497
-0.148644
0.0361802
 -4.99899
 -1.15231
0.0664926
0.0352965
-0.137183
0.0377957
 -5.04664
 -1.12239
0.0338199
0.0222669
-0.139436
 0.050115
 -5.06769
 -1.16843
 0.064783
0.0369059
-0.146927
0.0433876
 -5.07368
 -1.16837
0.0815213
0.0362796
-0.151341
0.0456573
 -5.13482
 -1.14051
 0.067058
0.0298196
-0.145815
0.0641596
 -5.14691
 -1.15984
0.0490487
0.0346432
-0.149707
0.0644064
 -5.15239
 -1.18901
0.0420857
0.0285288
-0.146903
0.0471617
 -5.15541
 -1.17361
0.0727541
0.0413222
-0.155418
0.0556004
 -5.18584
  -1.2016
0.0916593
0.0254232
-0.147551
0.0519452
 -5.25832
 -1.19481
0.0587609
0.0424344
-0.157456
0.0701856
 -5.29411
  -1.2182
 0.064429
0.0339108
-0.147892
0.0768341
 -5.31127
  -1.2526
0.0151753
0.0391169
-0.149782
0.0584781
 -5.36013
 -1.19451
0.0541546
0.0421338
-0.161441
0.0828224
 -5.40712
 -1.25204
 0.117808
0.0463746
-0.173267
0.0861061
 -5.51287
 -1.24036
 0.049304
 0.037443
-0.165121
0.0753779
 -5.50417
 -1.22536
0.0383605
0.0487424
-0.168733
 0.102597
 -5.50967
 -1.33007
0.0536872
 0.038094
-0.182905
0.0815786
 -5.52057
 -1.27333
 0.114632
0.0331317
-0.186827
0.0972276
 -5.62541
 -1.28269
 0.032822
0.0355752
-0.187339
0.0959046
  -5.6564
 -1.28878
0.0791996
0.0344199
-0.195276
 0.110693
 -5.67806
 -1.37114
0.0381425
0.0503469
-0.199035
 0.093129
 -5.74783
 -1.36425
0.0780536
0.0364355
-0.215727
0.0849662
 -5.79677
 -1.37364
 0.107874
0.0443286
-0.221283
   0.1056
 -5.85762
 -1.36479
0.0693971
0.0467727
-0.219994
  0.11209
 -5.90848
 -1.40546
0.0384151
0.0345121
-0.213913
0.0847354
 -5.88416
 -1.41869
0.0612229
0.0406916
-0.224797
 0.111574
 -5.97117
 -1.43317
0.0864275
0.0545829
-0.245262
 0.105396
 -6.01528
 -1.39788
0.0754226
0.0523689
-0.236305
 0.118414
  -6.1129
 -1.44401
0.0265312
0.0416074
-0.239711
 0.104478
 -6.14162
 -1.50163
0.0638436
0.0467649
-0.242199
 0.118051
 -6.18245
 -1.46729
 0.103498
0.0588702
-0.261399
 0.148945
 -6.28202
 -1.51214
0.0757076
 0.049255
-0.260084
 0.136935
 -6.33097
 -1.50911
0.0439226
0.0507986
-0.263686
 0.127471
 -6.34156
 -1.56695
0.0471618
0.0589691
 -0.26402
 0.154068
 -6.35406
 -1.53737
0.0937349
0.0628455
-0.267693
 0.146317
 -6.40278
 -1.53437
0.0805626
0.0689619
-0.278089
 0.177159
 -6.50096
 -1.58548
0.0437574
0.0617441
-0.279642
 0.166855
 -6.56387
 -1.58285
0.0575702
0.0522015
-0.280989
 0.193163
 -6.59562
 -1.63543
0.0890612
 0.069265
-0.279623
 0.188923
 -6.66852
 -1.61621
 0.113991
0.0627318
-0.282466
 0.207734
  -6.7569
 -1.65962
0.0278577
0.0587588
-0.275284
 0.197677
  -6.8964
 -1.72888
0.0873816
 0.069375
-0.301882
 0.204848
 -6.91848
 -1.70648
 0.101847
0.0654547
-0.313268
 0.231387
  -6.9278
 -1.72668
0.0999162
0.0713966
-0.308006
 0.204801
 -7.01569
 -1.75334
0.0354576
0.0771565
-0.306508
  0.22923
 -7.16266
 -1.77038
0.0499651
0.0798383
-0.319249
 0.243358
 -7.20822
 -1.83093
 0.166416
0.0698224
-0.332244
 0.235686
 -7.20399
 -1.80557
0.0731259
0.0613538
-0.333066
 0.258973
 -7.16211
 -1.74665
0.0609031
 0.077567
-0.304557
 0.269843
 -7.31811
 -1.90554
0.0658496
0.0768108
-0.328339
 0.249203
  -7.4519
 -1.91369
  0.11823
0.0873399
-0.331654
 0.283924
  -7.5089
 -1.90829
0.0423644
0.0706054
-0.329833
 0.290327
 -7.47261
 -1.86877
0.0484381
 0.082535
-0.325027
 0.303747
 -7.53141
 -1.94154
0.0666297
0.0768551
-0.342459
   0.2969
 -7.69315
 -1.96278
 0.143582
0.0747328
-0.368544
 0.341955
 -7.79226
 -2.00923
0.0976186
0.0801719
-0.362715
 0.325003
  -7.8392
 -2.06539
0.0750613
 0.085003
-0.383037
 0.351948
 -7.82057
 -2.02242
0.0870873
0.0795776
-0.377025
 0.357581
 -7.92842
  -2.0385
0.0786316
0.0920761
-0.373992
 0.356359
 -8.00152
  -2.0887
0.0723836
0.0873894
-0.384268
 0.372136
 -8.13558
 -2.21565
 0.123865
0.0868763
-0.416734
 0.363947
 -8.18908
 -2.17056
0.0536936
 0.101581
-0.415811
 0.386057
 -8.17638
 -2.14413
  0.08986
0.0971381
-0.414473
 0.402071
 -8.34487
 -2.21981
0.0770333
0.0961692
-0.421657
 0.429247
 -8.54517
 -2.33273
0.0814045
  0.10006
-0.430425
 0.428101
 -8.66953
  -2.3318
 0.106938
 0.109146
-0.464993
 0.475307
 -8.76203
 -2.37033
0.0965035
 0.104201
-0.460739
 0.489546
 -8.75179
 -2.36448
0.0619265
 0.102024
-0.459606
  0.50223
 -8.97643
  -2.4935
 0.108139
 0.116691
-0.500391
 0.525187
 -9.25029
 -2.51897
0.0969074
 0.121717
-0.511044
 0.542684
 -9.21771
 -2.51359
  0.14388
 0.125671
-0.521331
 0.582813
  -9.3113
  -2.6684
 0.104573
 0.116609
-0.518913
 0.567398
 -9.48284
 -2.60651
0.0756353
   0.1177
-0.540054
 0.623773
 -9.68997
 -2.77162
 0.128992
 0.131355
-0.544343
 0.644309
 -9.94956
 -2.80829
0.0981253
 0.123842
-0.571034
 0.683833
 -10.1095
 -2.90716
 0.104532
 0.140497
-0.577669
  0.70224
 -10.1993
 -2.96416
 0.123706
 0.126812
-0.586978
 0.733744
 -10.3685
 -2.95197
  0.11528
 0.132289
-0.592447
 0.787732
 -10.4749
 -3.02501
 0.130472
 0.131526
-0.605119
 0.807269
 -10.5757
 -3.13126
0.0958313
 0.145221
-0.603011
 0.798703
 -10.7181
 -3.13193
 0.132568
 0.144131
-0.613822
 0.846039
 -10.8219
 -3.20155
 0.115985
 0.143062
-0.632513
 0.882862
 -10.8999
 -3.21279
 0.101314
 0.160576
-0.628352
 0.891941
 -10.1979
 -3.00576
0.0955402
  0.14443
-0.598346
 0.782593
  -9.8191
 -2.86694
0.0949855
 0.143752
-0.584201
 0.753677
   -9.478
 -2.75241
 0.102939
 0.127676
-0.556836
 0.714659
 -9.14228
 -2.63475
0.0782019
 0.130955
-0.555232
 0.696252
 -9.04927
 -2.62901
 0.126426
 0.127355
-0.535753
 0.663895
 -8.79806
 -2.58216
0.0931908
 0.120377
 -0.52859
  0.62744
 -8.37851
 -2.41462
0.0928482
 0.121054
 -0.50838
 0.586146
 -8.28643
 -2.44001
 0.128785
 0.116236
-0.486933
 0.558682
 -8.13242
 -2.31214
0.0554608
 0.112869
-0.455497
 0.571048
 -8.10832
 -2.30525
 0.110153
 0.109145
-0.467256
 0.559836
 -7.77382
 -2.26763
0.0741432
 0.105135
-0.427081
 0.547343
 -7.59216
 -2.15797
0.0223729
0.0928729
-0.403162
 0.503394
   -7.458
 -2.13809
 0.128639
 0.103128
-0.407772
 0.511873
 -7.41859
  -2.1158
0.0873745
0.0986189
-0.396203
 0.498927
 -7.36336
  -2.0965
0.0824103
0.0920275
-0.393569
 0.487981
  -7.0545
 -2.00544
0.0396936
0.0860935
-0.362441
 0.449128
 -6.85043
 -1.94043
0.0399298
0.0882288
-0.337304
 0.451983
 -6.70576
 -1.90583
 0.147868
0.0767253
-0.344172
 0.429554
 -6.68688
 -1.88696
0.0642399
 0.076246
-0.324328
 0.419386
 -6.51179
 -1.78018
0.0636622
0.0785054
-0.309071
 0.418299
 -6.26647
 -1.81695
0.0366929
0.0813724
-0.287975
 0.370228
 -6.08388
 -1.74652
  0.10361
0.0617593
-0.278297
 0.377639
 -5.94923
 -1.60376
0.0826512
0.0609169
-0.267877
 0.374037
 -5.84587
 -1.61896
0.0701261
0.0674066
-0.245962
 0.370533
 -5.70714
 -1.61815
0.0738188
0.0584451
-0.244324
 0.340404
 -5.51871
 -1.59317
0.0510321
0.0525969
-0.229042
 0.316481
 -5.41468
 -1.45665
0.0879466
0.0574419
-0.225998
 0.338115
 -5.23973
 -1.40018
 0.087464
0.0585438
-0.216825
 0.322579
 -5.11857
 -1.40893
0.0137793
0.0476536
-0.185041
 0.293207
 -4.94478
  -1.3395
0.0167367
0.0444107
-0.169677
 0.299703
 -4.82062
 -1.34891
0.0956045
0.0522081
 -0.18351
 0.281245
 -4.70087
 -1.28869
0.0898865
0.0429421
-0.177837
 0.269949
 -4.50718
 -1.20325
0.0166493
0.0507019
-0.155284
 0.257598
   -4.38668
   -1.19757
-0.00791158
  0.0449652
  -0.149523
   0.233218
  -4.2875
 -1.21623
0.0535269
0.0461699
-0.150345
  0.20253
 -4.19224
 -1.11218
0.0730877
0.0508871
-0.132514
 0.210449
 -4.05205
 -1.08774
0.0308064
0.0417012
-0.134825
 0.211983
 -3.93646
 -1.08301
0.0572912
0.0383339
-0.121487
  0.18017
 -3.75406
 -1.00999
0.0199625
0.0365696
-0.118958
  0.19657
 -3.70331
  -0.9709
 0.047867
0.0188081
-0.116332
 0.172963
 -3.65069
 -0.99611
0.0733404
0.0340213
-0.122444
 0.165188
 -3.44935
-0.893593
0.0882098
 0.040342
-0.104478
 0.171354
  -3.35034
 -0.897269
0.00310415
 0.0416012
 -0.093411
  0.161896
  -3.23057
 -0.871985
-0.0119911
 0.0295485
-0.0918616
  0.151072
  -3.21356
 -0.833321
 0.0607004
 0.0382526
-0.0870994
  0.140044
   -3.1607
 -0.914045
 0.0583434
   0.03138
-0.0863538
  0.128291
 -3.01322
-0.740703
0.0286759
0.0244351
-0.081063
 0.131007
  -2.90422
 -0.771606
 0.0216359
 0.0193483
-0.0703782
   0.13562
  -2.80103
 -0.761208
 0.0146851
 0.0174856
-0.0634799
  0.107593
  -2.77497
 -0.692864
-0.0196986
 0.0202741
-0.0684283
  0.126867
  -2.68746
  -0.67367
 0.0235884
 0.0262052
-0.0611464
   0.12738
  -2.57059
 -0.717081
 0.0500096
 0.0221483
-0.0599512
  0.112326
  -2.42925
 -0.602705
 0.0243955
 0.0124357
-0.0481868
  0.103911
  -2.38423
 -0.643736
-0.0140501
 0.0227756
-0.0382863
 0.0856115
  -2.31248
 -0.588126
0.00906351
   0.03076
-0.0455425
  0.120267
  -2.25437
 -0.521659
 0.0266694
0.00746135
-0.0549198
  0.102632
  -2.14459
 -0.622638
  0.016644
0.00682349
-0.0504588
 0.0702736
  -2.05987
 -0.474671
 0.0446531
 0.0178406
-0.0415718
 0.0791227
  -2.03742
 -0.566774
 0.0333206
 0.0180617
-0.0351271
 0.0819761
  -2.00298
  -0.47942
 0.0358986
  0.012739
-0.0374508
 0.0795947
   -1.89804
  -0.486384
-0.00129933
  0.0204089
 -0.0292146
  0.0745712
  -1.86005
 -0.481222
-0.0108313
 0.0171728
-0.0200434
 0.0634807
  -1.76817
 -0.406643
 0.0199039
0.00748655
-0.0250821
  0.065228
  -1.75514
 -0.555191
-0.0234307
0.00724932
    -0.012
 0.0443461
  -1.68326
 -0.330171
  0.016497
0.00429145
-0.0124314
 0.0515204
  -1.64397
 -0.428129
 0.0429727
 0.0132094
-0.0128224
  0.045509
  -1.59632
  -0.44161
 -0.030536
 0.0152883
-0.0060044
 0.0440481
   -1.56079
  -0.323615
-0.00101178
 0.00301107
 -0.0069417
  0.0521302
   -1.53542
  -0.400301
-0.00309001
  0.0142172
  0.0048701
  0.0473103
   -1.48477
  -0.326881
  0.0279035
 0.00367289
-0.00356763
  0.0536093
  -1.43107
 -0.362572
-0.0139211
0.00301719
0.00376168
  0.034805
  -1.40255
 -0.361908
-0.0467377
 0.0128458
0.00481553
 0.0264462
   -1.39196
  -0.306222
  0.0406195
 0.00830922
-0.00674436
  0.0286291
   -1.38699
  -0.350836
  0.0476732
  0.0116536
-0.00313567
  0.0273447
   -1.31955
  -0.290031
  0.0141548
  0.0170072
-0.00604469
  0.0356823
   -1.24974
  -0.359103
 -0.0362115
  0.0108546
-0.00448635
  0.0275822
  -1.22723
 -0.260565
 0.0134368
 0.0114974
0.00411195
 0.0128777
  -1.21942
 -0.335149
 0.0116355
0.00734782
0.00501951
 0.0139233
   -1.22219
  -0.280633
  0.0290149
 0.00871386
-0.00266911
  0.0298527
  -1.13983
 -0.307346
-0.0309139
 0.0144037
0.00735946
  0.021782
    -1.106
 -0.241964
-0.0141892
0.00277717
 0.0179833
 0.0241265
    -1.11283
   -0.270396
   0.0178755
   0.0109919
-0.000270831
   0.0151477
 -1.09692
-0.258805
0.0206247
0.0112205
0.0019903
0.0115414
  -1.05192
 -0.209653
-0.0131909
-0.0019044
0.00741096
 0.0285043
  -0.981593
  -0.250495
-0.00987738
-0.00190137
  0.0236142
  0.0300978
   -1.0029
 -0.194637
 0.0204562
0.00547683
 0.0141457
 0.0275738
 -0.977643
 -0.289953
-0.0138747
  0.013385
 0.0300954
-0.0072539
 -0.934689
 -0.227609
  0.014194
0.00863043
0.00612354
0.00463026
  -0.902838
  -0.215523
-0.00869034
  0.0103334
 0.00417669
 0.00772716
 -0.876804
 -0.209415
 0.0291277
0.00527676
0.00632403
 0.0191587
   -0.87207
   -0.24719
 -0.0091221
  0.0143743
  0.0138217
0.000373543
  -0.847492
   -0.17909
 0.00325149
-0.00274555
  0.0198857
  0.0147021
  -0.841814
  -0.235224
-0.00505494
  0.0127424
  0.0169671
  0.0111907
 -0.833728
 -0.166342
 0.0230608
-0.0047289
 0.0245475
 0.0292637
   -0.794562
   -0.192251
  0.00222197
-0.000519706
  0.00579992
   0.0119585
  -0.805238
  -0.159263
 -0.0372055
 0.00105747
  0.0261855
-0.00211397
   -0.7771
 -0.197909
 -0.037999
0.00469908
 0.0219471
0.00876227
 -0.781727
 -0.139924
 0.0358721
0.00142516
 0.0197386
0.00961707
 -0.772107
  -0.20884
-0.0277294
0.00548805
 0.0229862
0.00708253
-0.721237
-0.125048
0.0139594
0.0143837
0.0275689
0.0261471
   -0.719419
   -0.213142
   -0.029972
-0.000971456
   0.0205417
  0.00360712
 -0.722433
 -0.104967
0.00772129
 0.0007314
 0.0245829
 0.0155708
 -0.68723
-0.195321
 0.022655
0.0123208
0.0204152
0.0028691
 -0.672321
 -0.142678
-0.0247804
0.00325632
 0.0136154
 0.0078375
 -0.657251
 -0.186399
-0.0222096
 0.0109118
 0.0112901
 0.0130339
  -0.683873
  -0.153456
 -0.0122272
 0.00241987
  0.0222834
0.000931278
  -0.664206
  -0.127774
  0.0447484
0.000747005
  0.0251691
-0.00173053
   -0.64957
  -0.190673
 -0.0181254
  0.0164821
   0.026538
-0.00903262
  -0.640918
  -0.108952
 -0.0096638
-0.00169739
  0.0207966
-0.00642908
 -0.634093
 -0.194516
-0.0113853
   0.01227
 0.0238135
   -0.0106
  -0.628208
 -0.0822849
  0.0127463
 0.00531125
  0.0226341
-0.00370918
 -0.613794
    -0.168
-0.0121592
0.00977719
 0.0201667
-0.0004774
 -0.623177
 -0.110531
 0.0239381
0.00449526
 0.0254686
 0.0070535
  -0.626825
  -0.152589
 -0.0496545
-0.00447211
  0.0242273
 -0.0149701
 -0.577031
-0.0872036
 0.0160684
 0.0113327
 0.0276696
0.00351845
  -0.570584
  -0.165977
-0.00569283
 0.00897883
  0.0295024
 0.00151656
  -0.558715
  -0.131023
 -0.0193827
 0.00877585
  0.0235588
-0.00557153
   -0.546528
  -0.0948651
  0.00958778
  0.00130283
   0.0194874
-0.000656676
 -0.544607
 -0.172852
-0.0255519
0.00220237
 0.0219873
0.00121187
  -0.537078
 -0.0918869
-0.00412582
 0.00141597
  0.0245776
 -0.0112886
   -0.53737
   -0.16601
-0.00853816
  0.0082693
  0.0275507
 -0.0251105
 -0.536896
-0.0930528
-0.0119762
0.00394507
 0.0208604
-0.0159009
  -0.532811
  -0.125267
 0.00599506
 0.00404537
  0.0192596
-0.00937813
  -0.506758
  -0.121653
  0.0014336
 0.00999533
  0.0167075
0.000929586
   -0.52421
  -0.109321
-0.00268769
  0.0101622
  0.0281694
 -0.0189404
  -0.503694
  -0.100239
  0.0140561
 0.00368949
 0.00500864
-0.00341388
  -0.498913
  -0.111256
-0.00698577
   0.015136
  0.0242768
 -0.0042171
  -0.461414
   -0.09637
-0.00750503
 0.00176273
  0.0278574
0.000537987
 -0.461638
 -0.138502
-0.0230808
0.00687677
 0.0152568
-0.0155542
  -0.496412
  -0.113117
  0.0118716
-0.00213959
  0.0156194
 -0.0196786
  -0.463059
  -0.118793
  0.0375994
  0.0181973
 0.00913255
-0.00468599
-0.474551
-0.141009
0.0148473
 0.017894
0.0141431
-0.014939
   -0.43797
  -0.118434
 -0.0347502
 0.00127215
  0.0140306
0.000861423
  -0.416486
  -0.053888
 -0.0372613
0.000560783
  0.0243223
-0.00165078
   -0.3912
 -0.094671
-0.0139726
 0.0144801
 0.0155228
-0.0109833
  -0.417546
 -0.0557798
 -0.0150422
 0.00828118
  0.0138271
-0.00556898
  -0.423985
  -0.121952
 -0.0216774
  0.0143367
  0.0272618
-0.00373661
  -0.433423
 -0.0420088
-0.00623235
 0.00387532
 0.00378827
 0.00497056
  -0.414404
   -0.11066
-0.00414723
 -0.0014479
  0.0181692
-0.00697505
   -0.395472
  -0.0412627
   0.0391732
-0.000257107
  0.00491803
 -0.00164084
 -0.416196
 -0.122157
-0.0410565
0.00787303
0.00727827
-0.0304866
  -0.413945
 -0.0501398
  0.0203006
   0.013602
  0.0163069
-0.00996968
 -0.376438
 -0.106308
-0.0350428
0.00681443
 0.0119853
-0.0283376
 -0.393158
-0.0497009
 0.0314026
 0.0123526
 0.0120967
-0.0103964
 -0.373642
  -0.12374
 -0.010914
 0.0139875
0.00974724
-0.0220127
 -0.364235
-0.0535043
-0.0117836
0.00516026
 0.0149988
0.00267252
  -0.354874
  -0.101169
 -0.0291937
 0.00763215
  0.0129583
-0.00135346
   -0.367453
  -0.0646957
  0.00757067
-0.000421817
    0.012497
 -0.00305019
  -0.377664
  -0.107691
-0.00315461
  0.0105694
0.000832491
-0.00263967
  -0.376248
 -0.0578114
  0.0519165
  0.0161198
 0.00519674
-0.00102867
  -0.379148
 -0.0683813
-0.00551836
 0.00470407
  0.0123464
 0.00187296
   -0.364546
  -0.0459122
  -0.0556856
   0.0178542
   0.0204339
-0.000890191
 -0.367113
 -0.125827
-0.0184533
  0.011806
 0.0134065
-0.0142944
 -0.400092
-0.0398338
 0.0144578
 0.0132483
0.00523786
 -0.010684
  -0.336967
 -0.0786382
 0.00570732
 0.00684781
 0.00957802
-0.00158992
  -0.315509
  -0.111869
  0.0435543
 0.00911245
  0.0178115
0.000949601
   -0.366918
  -0.0205829
  -0.0451619
-0.000497295
   0.0121756
  0.00194582
  -0.337395
  -0.101811
 0.00177205
  0.0127002
 0.00972321
-0.00989056
 -0.343802
-0.0612264
-0.0276302
0.00704443
 0.0232937
-0.0165852
  -0.312795
 -0.0685705
-0.00701668
 0.00538037
 0.00863899
 0.00322986
  -0.313953
 -0.0386375
-0.00493866
 0.00162621
 0.00474138
 -0.0101232
  -0.312793
 -0.0769726
-0.00382816
-0.00480832
  0.0189936
 -0.0217714
  -0.302584
 -0.0587512
-0.00912019
  0.0102084
 0.00968335
 -0.0208877
   -0.282648
  -0.0976951
  -0.0052418
  0.00928992
   0.0130684
-0.000487098
 -0.313354
 0.0120453
 0.0187651
0.00494561
 0.0157537
-0.0111671
  -0.281909
 -0.0858957
 -0.0347654
  0.0131235
 0.00614229
-0.00704548
 -0.269886
-0.0557017
 0.0176574
0.00183434
0.00849604
-0.0109345
  -0.287861
 -0.0762818
-0.00407677
 0.00915236
 0.00663483
  -0.019512
   -0.259221
  -0.0183107
  -0.0247534
-0.000789607
   0.0167173
   0.0026142
  -0.267903
 -0.0581174
 -0.0111509
-0.00361697
  0.0108145
-0.00622414
 -0.267827
-0.0740071
-0.0233542
 0.0136609
 0.0228286
-0.0204515
 -0.251859
-0.0541881
-0.0015235
0.00558576
 0.0108957
-0.0114918
  -0.242533
  -0.065454
  0.0109371
  0.0123343
-0.00129441
 -0.0181446
 -0.264871
-0.0110808
-0.0220472
0.00885359
0.00587668
-0.0161008
 -0.254901
 -0.102431
-0.0358975
 0.0121872
 0.0177526
-0.0275126
  -0.240686
 -0.0239384
-0.00362123
 0.00663759
  0.0111365
-0.00321744
 -0.235891
-0.0923104
 0.0107729
0.00950762
 0.0159095
 -0.013706
 -0.236452
-0.0391529
 0.0148392
 0.0119904
 0.0166146
0.00400384
 -0.263311
-0.0450619
-0.0510136
0.00521896
 0.0126722
-0.0216492
  -0.222795
  -0.056136
 -0.0195191
 0.00420801
-0.00206395
 -0.0190489
  -0.250376
  0.0319575
-0.00441956
 0.00239409
  0.0102137
-0.00798615
  -0.21561
-0.0689183
-0.0358114
0.00802616
 0.0187628
-0.0120282
  -0.238398
-0.00891934
 -0.0187397
  0.0104579
   0.002399
-0.00917388
 -0.206386
-0.0222265
-0.0331525
0.00382182
 0.0152885
-0.0211442
 -0.222663
 -0.090174
-0.0215794
 0.0053504
 0.0119959
-0.0124124
 -0.236411
  0.011432
 0.0226904
0.00469896
0.00754101
-0.0228844
 -0.211557
-0.0745898
0.00573313
0.00360777
0.00284706
-0.0121688
  -0.221152
 -0.0266092
-0.00287567
  0.0166511
-0.00322016
 -0.0201817
 -0.217493
  -0.01622
0.00672438
0.00315301
0.00828694
-0.0280462
   -0.213271
  -0.0555106
  -0.0575189
-0.000125352
    0.018468
  -0.0185733
   -0.19836
 -0.0443079
-0.00785164
 0.00623968
  0.0141461
 -0.0176768
  -0.201936
 -0.0775733
  0.0302256
 0.00961728
-0.00220297
 -0.0158886
 -0.173085
-0.0381928
-0.0206374
 0.0115709
0.00251699
-0.0259722
  -0.190071
 -0.0277694
-0.00840114
 0.00858045
-0.00191121
 -0.0149544
  -0.209617
 -0.0843443
 -0.0176061
 0.00345034
-0.00602364
 -0.0268452
  -0.188032
 -0.0350159
  0.0188305
-0.00328261
 0.00260351
-0.00862852
   -0.195281
-6.06295e-05
  -0.0180392
 -0.00306596
 0.000129125
 -0.00774835
 -0.187898
-0.0794299
  -0.01866
 0.0116994
7.6743e-05
-0.0044654
   -0.197746
  -0.0285142
   0.0241603
 0.000499401
-0.000969454
  -0.0114959
 -0.193142
-0.0462077
 0.0221714
0.00945395
0.00271791
-0.0249859
  -0.172175
  -0.048975
7.02056e-05
  0.0127899
-0.00374278
 -0.0136514
  -0.165619
 -0.0112859
 -0.0446792
  0.0141474
  0.0118729
-0.00422819
 -0.187943
-0.0192579
-0.0110873
 0.0116845
0.00234597
-0.0204482
   -0.1843
-0.0496466
0.00554045
 0.0116347
0.00100146
-0.0221318
   -0.188381
  -0.0113073
  -0.0211336
-0.000993917
 -0.00280634
  -0.0135666
 -0.157718
-0.0342123
-0.0205689
0.00154292
0.00714622
-0.0145723
   -0.17039
  -0.056727
-0.00629364
  0.0102282
 0.00748359
  -0.008348
  -0.180585
 -0.0142869
 0.00797953
  0.0110737
  0.0026672
-0.00397701
 -0.181794
-0.0289273
-0.0217912
0.00314131
0.00891479
-0.0161122
   -0.170379
  -0.0326469
 -0.00478027
-0.000675286
 -0.00124265
 -0.00825858
  -0.178294
  0.0089236
-0.00766648
 0.00756823
 0.00515396
 -0.0201682
 -0.158371
-0.0233725
-0.0223419
0.00222392
-0.0077987
-0.0294504
 -0.162322
-0.0655569
-0.0183346
0.00772637
0.00103233
-0.0102488
  -0.170649
-0.00454541
  0.0040497
 0.00678991
 0.00695909
 -0.0119942
  -0.154294
-0.00523343
 -0.0193689
  0.0120907
-0.00148802
-0.00819259
  -0.148394
-0.00792443
 -0.0560097
 0.00129418
-0.00628643
 -0.0102383
  -0.125753
 -0.0220944
 -0.0479178
 0.00902007
  0.0171549
-0.00713847
  -0.154137
-0.00419639
  0.0107057
 0.00416395
-0.00228831
 -0.0138149
  -0.138286
 -0.0105893
  -0.009147
  0.0102927
 0.00304119
-0.00642265
 -0.146072
-0.0132391
-0.0180937
 0.0128543
-0.0057267
-0.0151287
  -0.146612
 -0.0509055
 0.00753559
  0.0140127
-0.00719073
 -0.0270669
   -0.144846
  -0.0340076
-0.000262624
   0.0121875
 -0.00353777
  0.00382841
  -0.150371
 -0.0271706
   0.015486
 0.00357407
-0.00177513
 -0.0390003
  -0.153941
   -0.03239
 -0.0127498
 0.00307864
-0.00579425
 -0.0118428
  -0.139362
 -0.0560578
-0.00111852
 0.00841536
 0.00437294
  -0.021071
  -0.137189
 -0.0132581
 0.00872122
  0.0130064
 0.00722433
-0.00662585
  -0.132347
  -0.045765
 -0.0371723
 0.00574752
-0.00469935
 -0.0217199
   -0.147376
-0.000582107
  -0.0272914
  0.00916324
 -0.00109094
   -0.006415
 -0.136978
-0.0390984
 0.0217009
0.00972351
-0.0156139
-0.0231248
  -0.131983
 -0.0604811
 0.00373069
 0.00813108
  0.0108624
-0.00616746
  -0.147973
-0.00421569
 0.00641468
  0.0073323
-0.00299143
-0.00287343
  -0.141507
  -0.049537
 -0.0269391
  0.0106254
-0.00705225
 -0.0205995
  -0.146555
 0.00445836
 -0.0365894
  0.0152687
-0.00226511
 -0.0151551
 -0.135068
-0.0304147
 0.0171762
0.00486371
0.00446565
-0.0105808
  -0.141231
 -0.0165098
 -0.0145276
 0.00565514
-0.00627308
 -0.0127621
   -0.127955
  0.00474987
  -0.0207234
  0.00393595
-7.83738e-05
 -0.00202481
  -0.132299
-0.00139557
-0.00395928
 0.00257717
 0.00340338
 -0.0122504
 -0.140149
-0.0303277
-0.0251756
0.00550879
-0.0098303
-0.0117625
  -0.13666
-0.0152781
   0.01412
 0.0141575
-0.0159785
 -0.023151
  -0.142164
  -0.005109
 -0.0382909
   0.015089
 0.00492047
-0.00196664
  -0.134703
 -0.0161879
 0.00997333
 0.00210219
-0.00700931
 -0.0123403
 -0.131121
-0.0654925
-0.0142972
0.00616449
0.00257755
-0.0256764
  -0.153325
 0.00778495
-0.00629686
 0.00363074
-0.00380451
 -0.0050692
  -0.125144
 -0.0325505
  -0.026575
-0.00141833
-0.00159542
 -0.0262107
  -0.129107
 -0.0310359
 0.00821613
-0.00169861
-0.00912012
 -0.0151427
    -0.14001
  -0.0290591
  -0.0055087
  0.00236201
-0.000638269
  -0.0285724
  -0.140252
 -0.0460558
 -0.0205191
 0.00253416
0.000866898
 -0.0288466
   -0.11148
 -0.0184132
-0.00260584
 0.00422247
-0.00572425
 -0.0247213
  -0.109194
-0.00427678
  -0.029746
 0.00356193
  0.0112793
 -0.0152757
  -0.102199
 -0.0146259
-0.00228685
0.000812017
-0.00328162
-0.00121605
   -0.1335
-0.0475929
-0.0192757
 0.0092274
 0.0023538
-0.0213784
 -0.133227
0.00367685
0.00792158
0.00537087
 0.0017017
-0.0218247
  -0.102654
 -0.0210063
-0.00790117
 0.00360643
 0.00281444
 -0.0132531
  -0.115876
 0.00811391
-0.00438434
 0.00753531
 0.00466714
-0.00984433
 -0.122698
-0.0230954
0.00341936
0.00702638
-0.0157479
-0.0163688
  -0.121802
 -0.0273103
 -0.0201019
  0.0155977
-0.00194741
 -0.0223512
   -0.13392
  -0.019537
-0.00567638
  0.0119721
-0.00493229
 -0.0179024
   -0.12717
   -0.03055
-0.00625364
 0.00838596
-0.00194011
 -0.0101369
  -0.118625
 -0.0149013
-0.00699119
 0.00348463
 0.00441286
 -0.0177689
   -0.150825
  -0.0260586
   0.0112956
-0.000385202
  0.00374956
  -0.0269074
  -0.134117
 -0.0290502
 -0.0176602
 0.00130379
-0.00693062
 -0.0260932
  -0.136843
 -0.0254483
 -0.0131475
  0.0102991
-0.00802688
 -0.0129038
   -0.120836
  -0.0233249
  -0.0142309
  0.00822268
-0.000778564
  -0.0025569
  -0.136583
 -0.0183801
-0.00874225
 0.00409386
-0.00641265
-0.00529407
  -0.152654
 -0.0283126
-0.00724952
 0.00769506
-0.00190444
-0.00598314
   -0.13876
 -0.0180704
 -0.0074846
 0.00135376
-0.00073098
 0.00173852
  -0.159841
 -0.0244488
 -0.0109973
  0.0094165
-0.00857146
 -0.0212343
  -0.170473
 -0.0320044
   -0.01627
 0.00957806
-0.00160232
 -0.0211649
  -0.160939
 -0.0276675
-0.00774775
 0.00882105
 0.00444498
 -0.0301237
 -0.144771
-0.0267189
-0.0161028
  0.015502
0.00220359
0.00782617
  -0.138166
 -0.0290284
 -0.0117121
 0.00446125
 -0.0070705
-0.00530643
  -0.164542
 -0.0383681
  -0.011868
  0.0140798
-0.00400238
 -0.0319069
  -0.148249
 -0.0295604
 -0.0107306
 0.00946455
-0.00939817
 -0.0135283
   -0.145068
  -0.0259302
  -0.0106213
  0.00652237
 -0.00310552
-0.000961794
   -0.11996
 -0.0178982
-0.00672673
 0.00527172
 0.00383813
-0.00755365
  -0.149087
 -0.0255599
-0.00869766
  0.0127649
-0.00573196
 -0.0141251
 -0.148546
-0.0280149
-0.0042281
0.00732115
  -0.01353
-0.0221201
  -0.150632
 -0.0276647
-0.00301208
  0.0086167
-0.00681907
 -0.0151491
  -0.124472
 -0.0247115
-0.00880005
  0.0107435
-0.00586489
 -0.0120659
  -0.142699
 -0.0177962
-0.00976308
  0.0154137
 0.00131001
 0.00684775
  -0.157813
 -0.0330106
-0.00838406
 0.00127644
0.000836917
 -0.0190021
 -0.137317
  -0.02351
-0.0163549
 0.0122338
0.00258071
0.00157893
  -0.160609
 -0.0299955
 -0.0130337
 0.00626611
-0.00131556
 -0.0215632
  -0.162899
 -0.0370267
-0.00834047
 0.00773789
-0.00162763
  -0.022526
  -0.157664
 -0.0335662
 -0.0173229
   0.011465
-0.00429286
 -0.0164117
  -0.144805
 -0.0276097
 -0.0172952
 0.00550634
 -0.0041386
-0.00366783
  -0.162087
 -0.0319282
-0.00498891
 0.00642821
-0.00218478
 -0.0135163
  -0.159766
  -0.032952
-0.00713529
  0.0114648
 -0.0105033
-0.00931258
  -0.148289
 -0.0294152
  -0.010658
 0.00756626
-0.00161804
-0.00914052
  -0.145689
 -0.0226203
-0.00988318
  0.0109861
 0.00120145
 -0.0110427
  -0.169685
 -0.0348986
 -0.0106163
 0.00869624
-0.00452963
 -0.0227953
  -0.138581
  -0.026864
 -0.0087054
 0.00274309
-0.00140349
  -0.018355
 -0.148048
-0.0311253
  -0.01285
0.00580143
-0.0173478
 -0.013847
  -0.149368
 -0.0251652
-0.00966087
 0.00926204
 -0.0141243
-0.00893556
  -0.143273
 -0.0248552
-0.00765341
  0.0028443
 -0.0130119
 -0.0210759
  -0.148777
 -0.0277505
 -0.0139942
 0.00827419
-0.00383478
-0.00576078
  -0.145096
  -0.025366
 -0.0121434
 0.00897473
-0.00239096
 -0.0190031
  -0.147951
 -0.0300326
-0.00738764
  0.0161263
 -0.0133676
 -0.0115826
  -0.147206
 -0.0258638
-0.00741315
 0.00367107
 -0.0153186
 -0.0118405
 -0.127011
-0.0226538
-0.0111534
 0.0116888
0.00215354
-0.0132698
  -0.162676
  -0.029752
-0.00988675
 0.00551638
-0.00484052
 -0.0326986
 -0.146008
-0.0303903
 -0.010709
0.00869439
-0.0122708
 -0.014073
   -0.15587
 -0.0327428
-0.00816297
 0.00486196
 -0.0128966
 -0.0071899
  -0.160319
 -0.0301583
-0.00752935
  0.0102085
 0.00508238
 -0.0222353
 -0.150843
  -0.03572
-0.0128073
 0.0126435
-0.0101067
-0.0159796
  -0.149834
 -0.0237517
 -0.0117381
 0.00258844
  0.0017819
0.000541266
   -0.15618
 -0.0302715
-0.00860712
  0.0174835
 -0.0182208
 -0.0196487
  -0.137111
  -0.023996
 -0.0110461
  0.0108781
-0.00499736
 -0.0147159
  -0.161698
 -0.0339342
-0.00367718
 0.00443982
 -0.0112435
-0.00963606
  -0.158671
 -0.0289369
-0.00631603
 0.00362765
 0.00839366
 -0.0174051
  -0.152937
  -0.027793
-0.00833181
 0.00222158
-0.00276073
-0.00557049
   -0.137537
  -0.0227898
  -0.0131465
  0.00708923
-0.000637879
 -0.00723809
  -0.136385
 -0.0279038
 -0.0130466
 0.00160614
-0.00203726
 -0.0142532
 -0.164888
 -0.038393
-0.0114229
 0.0011319
-0.0028378
 -0.015781
  -0.157999
 -0.0311193
-0.00972839
  0.0142584
 0.00053237
 -0.0204203
  -0.159774
 -0.0334628
-0.00594257
 0.00289498
-0.00508089
-0.00973609
  -0.156037
 -0.0309238
-0.00954181
   0.018793
 -0.0170917
 -0.0108018
   -0.16734
 -0.0356388
-0.00836135
  0.0131495
 -0.0111977
 -0.0210453
  -0.161905
 -0.0334834
-0.00701813
 0.00280105
 -0.0100117
-0.00925265
 -0.153799
-0.0323852
-0.0106406
0.00921442
-0.0136053
-0.0163217
  -0.142346
 -0.0286547
 -0.0118086
 0.00460477
-0.00176615
-0.00940558
  -0.166648
 -0.0305524
-0.00962555
   0.003458
 0.00440134
 -0.0214653
  -0.162999
 -0.0282681
-0.00991231
  0.0039937
  0.0070266
  -0.030092
  -0.160259
 -0.0311967
-0.00860844
 0.00720645
 -0.0115311
 -0.0266237
  -0.143368
 -0.0246802
-0.00730982
  0.0010556
-0.00486525
-0.00294083
  -0.139486
 -0.0312527
-0.00857054
 0.00906106
-0.00917142
 -0.0177796
  -0.127928
 -0.0190661
 -0.0111808
  0.0146578
-0.00934531
 -0.0088004
   -0.13823
 -0.0281267
-0.00422783
 0.00466903
 -0.0153878
 -0.0210257
   -0.15345
 -0.0252761
-0.00627458
 0.00704452
 -0.0109607
-0.00877388
 -0.133179
 -0.023647
-0.0143265
0.00522531
0.00624647
 -0.010624
    -0.1389
 -0.0263868
-0.00954058
 -0.0016727
-0.00578441
-0.00638826
  -0.153088
  -0.026746
-0.00839818
  0.0114903
 -0.0167258
-0.00463282
  -0.140622
 -0.0274385
 -0.0129224
0.000872764
 0.00740116
-0.00699367
  -0.155422
 -0.0331635
-0.00952541
  0.0162362
-0.00138399
 -0.0124696
  -0.144167
 -0.0296678
-0.00843456
 0.00256618
-0.00536586
 -0.0119837
  -0.165686
 -0.0337809
-0.00844701
  0.0131669
-0.00577452
 -0.0205698
  -0.144718
 -0.0269031
 -0.0107441
 0.00529042
  0.0127996
-0.00660433
  -0.153928
  -0.030769
-0.00848163
  0.0169521
-0.00450252
 -0.0114811
   -0.148056
  -0.0304395
  -0.0184508
   0.0132212
-0.000295569
 -0.00703426
  -0.159389
 -0.0342443
 -0.0095074
  0.0129162
-0.00508832
 -0.0169209
  -0.139578
 -0.0234621
 -0.0153408
 0.00320988
-0.00194741
-0.00940167
  -0.145057
 -0.0257915
-0.00648093
 0.00274235
-0.00674209
  -0.019296
 -0.147946
-0.0309101
-0.0107246
0.00905313
 -0.013608
-0.0163294
 -0.148316
-0.0295734
-0.0151658
0.00617816
0.00426587
-0.0114649
  -0.132855
 -0.0246544
 -0.0075448
 0.00545333
-0.00101538
-0.00893933
  -0.153543
 -0.0241561
 -0.0110523
  0.0160037
-0.00670805
 -0.0173894
  -0.145642
 -0.0232293
-0.00648502
 0.00550204
 -0.0059815
 -0.0134972
   -0.147099
   -0.026303
  -0.0107482
-0.000113628
  0.00583036
  -0.0103235
   -0.13458
 -0.0258087
-0.00648358
 0.00819916
-0.00641614
 -0.0137399
 -0.149282
-0.0337779
-0.0129489
0.00665295
0.00182099
-0.0202217
  -0.160173
 -0.0391835
-0.00835233
  0.0156143
 -0.0104151
 -0.0236071
   -0.15654
 -0.0295872
-0.00941948
  0.0101827
 -0.0110542
-0.00568499
  -0.166176
 -0.0328096
  -0.012853
 0.00605305
-0.00539977
 -0.0197754
  -0.154011
 -0.0309943
 -0.0106985
  0.0136635
-0.00836542
  -0.013581
 -0.153311
-0.0337074
-0.0130964
 0.0156523
-0.0110498
-0.0261847
  -0.144902
   -0.02599
 -0.0109791
  0.0113992
-0.00633161
 -0.0169646
  -0.155563
 -0.0333932
-0.00950515
  0.0100618
  -0.011226
 -0.0167347
   -0.166102
  -0.0316163
  -0.0054367
   0.0114478
-0.000107816
  -0.0336184
 -0.153301
-0.0259808
-0.0120001
0.00492148
 0.0033431
-0.0161948
   -0.153463
  -0.0341616
  -0.0140592
-3.96948e-05
  0.00594805
  -0.0245176
    -0.1346
 -0.0249788
-0.00542773
   0.014086
-0.00134935
 -0.0113504
  -0.156983
 -0.0284001
 -0.0118823
  0.0012265
-0.00444706
 -0.0188651
  -0.128773
  -0.025301
 -0.0119498
0.000834684
-0.00535521
-0.00929756
  -0.129309
 -0.0225859
-0.00995948
 0.00273751
-0.00213006
 -0.0150845
  -0.132244
 -0.0267158
-0.00882369
  0.0112275
-0.00732114
 -0.0188969
  -0.146423
 -0.0189437
 -0.0124283
  0.0198189
0.000236675
 -0.0160235
 -0.146874
-0.0257279
-0.0122175
 0.0164572
0.00222428
-0.0191872
   -0.15553
 -0.0340144
  -0.010355
 0.00638575
-0.00723704
 -0.0056333
  -0.166192
 -0.0323175
-0.00842818
 0.00258457
 0.00779831
 -0.0202294
  -0.165772
 -0.0338806
 -0.0107688
 0.00790713
-0.00210093
 -0.0274481
  -0.148313
  -0.028943
 -0.0140438
  0.0149851
-0.00209244
-0.00649082
   -0.156234
  -0.0312106
 -0.00609317
-0.000569192
  -0.0033637
  -0.0137196
  -0.163752
 -0.0339605
-0.00708195
  0.0071958
 -0.0103181
 -0.0115699
  -0.161114
 -0.0279078
-0.00947298
 0.00670202
-0.00257179
-0.00692105
 -0.136971
-0.0252791
 -0.013105
0.00338045
0.00249109
 -0.010843
   -0.140251
  -0.0286774
  -0.0105018
  0.00575757
-0.000358261
  0.00166565
 -0.147742
-0.0318319
-0.0105801
0.00290838
0.00540051
-0.0105516
  -0.157644
 -0.0332595
-0.00858557
 0.00911103
 -0.0136923
  -0.027838
  -0.151132
 -0.0261744
-0.00852639
  0.0101094
 -0.0117449
-0.00934837
  -0.159838
 -0.0329418
-0.00723146
  0.0064064
-0.00788934
 -0.0162228
  -0.141486
 -0.0238514
  -0.012766
 0.00893748
-0.00658958
 0.00896856
  -0.158749
 -0.0292834
 -0.0108511
0.000101876
 0.00546757
 -0.0240564
  -0.142216
 -0.0295149
 -0.0129502
 0.00370345
-0.00969271
 -0.0140505
  -0.148873
 -0.0351004
 -0.0106554
  0.0124497
-0.00995006
 -0.0183386
  -0.136596
  -0.027675
-0.00828119
-0.00693991
-0.00208089
-0.00283617
 -0.160286
-0.0312573
-0.0151366
0.00782724
0.00446694
-0.0154242
  -0.160533
 -0.0311679
-0.00811712
-0.00167015
-0.00921305
-0.00597646
  -0.172042
 -0.0421645
-0.00823249
 0.00684271
-0.00882764
 -0.0304403
  -0.152306
 -0.0291079
  -0.008684
   0.014795
-0.00801322
 -0.0199138
  -0.162109
 -0.0331574
 -0.0102552
 0.00313328
 -0.0163155
-0.00409185
  -0.149691
 -0.0326503
 -0.0126651
  0.0060222
-0.00618029
-0.00560894
  -0.169885
 -0.0341544
-0.00946705
 0.00651035
-0.00152471
 -0.0202832
  -0.146529
 -0.0282877
-0.00947914
  0.0069574
-0.00493404
-0.00417706
  -0.146413
 -0.0295376
-0.00710879
-0.00227585
-0.00837383
-0.00469435
  -0.132519
 -0.0271025
 -0.0151421
 0.00266015
-0.00584062
-0.00493064
 -0.153772
-0.0321643
-0.0061869
0.00961752
-0.0157224
-0.0163859
  -0.159465
 -0.0349322
-0.00825104
 0.00224502
-0.00835407
 -0.0170879
   -0.13561
 -0.0219675
-0.00855096
  0.0062205
 0.00259445
 0.00172951
  -0.146947
 -0.0274234
 -0.0117699
 0.00289256
 -0.0172886
-0.00999514
  -0.154004
 -0.0314568
-0.00722532
 0.00628114
-0.00776923
 -0.0116481
  -0.140086
 -0.0294943
 -0.0118748
  0.0037974
-0.00476187
 -0.0145339
  -0.152035
 -0.0312171
 -0.0138513
 0.00939184
-0.00210345
-0.00477348
   -0.133621
  -0.0299846
  -0.0152581
   0.0114188
-0.000955141
  -0.0109754
  -0.16187
-0.0248518
  -0.01305
0.00676313
0.00294325
-0.0122945
   -0.139732
  -0.0306556
  -0.0118372
  0.00552284
-0.000159772
  -0.0130086
  -0.170085
 -0.0334087
-0.00831561
 0.00432415
 0.00148026
 -0.0177703
   -0.135958
  -0.0290767
  -0.0129172
  0.00839047
-5.01343e-05
 -0.00581832
 -0.168098
-0.0330537
-0.0151352
0.00542714
 0.0145576
-0.0202565
 -0.160164
-0.0318719
-0.0140661
0.00519297
0.00314028
-0.0202961
   -0.138398
  -0.0268079
  -0.0107203
   0.0147971
  0.00323723
-0.000175121
 -0.160389
-0.0314731
-0.0172646
0.00457569
0.00072701
-0.0129426
  -0.142286
 -0.0283965
-0.00516499
   0.006158
-0.00883152
 -0.0116957
   -0.155541
  -0.0259704
  -0.0129915
-0.000157855
  0.00127197
  -0.0134568
  -0.129139
 -0.0234936
 -0.0131967
 0.00574431
-0.00772135
 -0.0105932
   -0.162328
    -0.03234
 -0.00906741
-2.35666e-06
 -0.00942003
 0.000613857
  -0.153845
 -0.0321531
-0.00628103
 0.00455878
 -0.0131075
 -0.0232963
  -0.159876
  -0.032791
-0.00957887
 0.00229792
 0.00836171
 -0.0211639
  -0.161531
 -0.0347177
-0.00702034
 0.00547599
-0.00930021
  -0.009922
  -0.138322
 -0.0284867
 -0.0130112
 0.00295113
-0.00714096
   -0.01412
     -0.156
 -0.0309439
-0.00972291
  0.0187208
 -0.0173362
 -0.0199676
  -0.149536
 -0.0324072
-0.00843853
  0.0103889
-0.00751117
 -0.0148998
  -0.156993
 -0.0281594
-0.00724947
 0.00170189
-0.00631962
-0.00976432
    -0.14919
  -0.0260928
   -0.019659
   0.0118317
-0.000194276
 -0.00479923
  -0.145956
 -0.0310225
 -0.0116494
 0.00498247
-0.00840468
-0.00755402
 -0.166679
-0.0307158
-0.0117122
0.00427895
0.00181403
 -0.014461
  -0.138618
 -0.0268446
-0.00852891
 0.00281573
-0.00115893
-0.00918896
  -0.159425
 -0.0349809
 -0.0103473
 0.00615339
-0.00601981
-0.00795253
  -0.137445
 -0.0228112
 -0.0131438
  0.0121118
-0.00337463
-0.00491105
  -0.144888
 -0.0266027
 -0.0117396
  0.0077592
-0.00221994
-0.00128075
  -0.155473
 -0.0333507
-0.00955412
  0.0140989
 -0.0101949
 -0.0167963
   -0.140961
  -0.0254732
 -0.00966172
  0.00717082
-0.000849899
  -0.0059658
  -0.159388
 -0.0350006
  -0.010526
  0.0060801
-0.00626462
 -0.0171175
  -0.133531
 -0.0213161
-0.00653713
  0.0100268
 0.00365818
-0.00527275
 -0.148068
-0.0220498
-0.0118059
0.00956386
-0.0031887
0.00353963
  -0.149659
 -0.0325502
 -0.0105279
 0.00618717
-0.00736173
 -0.0102235
  -0.157094
 -0.0269244
-0.00728779
   0.013108
 -0.0114738
-0.00450072
  -0.144411
 -0.0284401
  -0.010579
 0.00783581
-0.00271227
-0.00223868
  -0.17241
-0.0320483
-0.0095395
0.00864226
0.00166626
-0.0191295
  -0.138152
 -0.0281616
-0.00847233
  0.0114985
-0.00695189
-0.00514169
   -0.14803
 -0.0309759
 -0.0150156
 0.00678797
-0.00358895
-0.00729508
   -0.144567
  -0.0286552
  -0.0128896
-0.000511535
  -0.0039603
  -0.0112501
   -0.15814
 -0.0312528
 -0.0117305
  0.0100939
0.000804761
 -0.0111623
  -0.148471
 -0.0286179
-0.00965023
 0.00435772
 0.00503166
 -0.0135996
  -0.141023
 -0.0257373
 -0.0138856
 0.00782663
-0.00225572
 0.00565308
  -0.160101
 -0.0318011
-0.00726457
 0.00970329
 -0.0152272
 -0.0154192
  -0.156117
 -0.0306683
-0.00742578
  0.0120008
-0.00787809
 -0.0179401
   -0.14433
 -0.0279071
 -0.0121836
  0.0152739
-0.00485751
 -0.0225345
  -0.128974
 -0.0229802
 -0.0088151
  0.0113355
 0.00377008
-0.00878094
  -0.148628
 -0.0282071
-0.00841753
 0.00702845
 -0.0110463
-0.00830816
  -0.147771
 -0.0232152
-0.00953127
 0.00840341
 -0.0045657
 0.00289884
  -0.153193
 -0.0260168
 -0.0096647
  0.0121167
-0.00798663
-0.00912154
  -0.160222
 -0.0318133
 -0.0118806
 0.00132072
0.000928727
   -0.02485
 -0.160561
 -0.029751
 -0.010641
 0.0096275
0.00279186
-0.0102982
  -0.148647
 -0.0281344
-0.00838013
 0.00607902
-0.00715578
 -0.0061144
   -0.164154
  -0.0320658
  -0.0106228
  0.00898336
-0.000200678
  -0.0154179
