   -340.33
      -nan
-0.0338674
  -220.807
  -388.083
      -nan
  -39.7466
           0
 4.79311e-05
-3.59538e-05
-2.39765e-05
 3.83274e-05
           0
           0
           0
-2.39546e-05
           0
-1.19773e-05
-3.83274e-05
           0
           0
-1.19773e-05
-0.000203745
           0
 0.000371515
           0
 2.39546e-05
 3.59538e-05
 3.59538e-05
 0.000395492
 7.19076e-05
-0.000599215
           0
-2.39546e-05
-3.59538e-05
-2.39765e-05
-0.000383492
 2.39546e-05
 0.000143815
-3.83623e-05
           0
 3.59538e-05
 2.39765e-05
 9.58622e-05
 5.99302e-05
 3.59538e-05
           0
 9.58622e-05
-3.59538e-05
-0.000359538
 1.19773e-05
-0.000215723
-2.39765e-05
           0
-2.39546e-05
           0
 0.000922799
-1.19773e-05
  0.00139018
           0
-3.83274e-05
 2.39546e-05
-3.59538e-05
-0.000874868
 3.59538e-05
 8.38849e-05
           0
 3.83274e-05
-2.39546e-05
           0
 3.59538e-05
-4.79311e-05
 0.000695099
-1.19773e-05
-9.58535e-05
 2.39546e-05
-1.19773e-05
   0.0002277
-3.59538e-05
  0.00134222
 5.99084e-05
 1.91637e-05
  0.00101866
 1.19773e-05
 0.000179769
 0.000131816
  0.00236089
 1.19991e-05
 -0.00149564
 0.000575239
-5.99084e-05
-0.000719054
 -0.00016777
  0.00230098
-0.000335561
-0.000939546
  0.00125836
           0
 0.000431445
 0.000215723
  0.00503338
  0.00016777
 0.000479372
  0.00134222
-0.000251676
-0.000155814
 -0.00011986
  0.00872451
-3.59538e-05
-0.000575261
 2.39765e-05
  -0.0002277
-0.000215701
  -0.0018216
   0.0117206
  0.00421844
 -0.00028763
  0.00333162
-0.000203724
-0.000215723
  0.00430235
   0.0166101
 -0.00584829
 -0.00437184
  0.00841292
 -0.00213321
-0.00165383
-0.00226502
   0.017461
 0.00415853
-0.00885873
  0.0138537
-0.00493749
-0.000155792
 0.000922799
   0.0191029
 -0.00173772
 -0.00517717
   0.0206968
 -0.00643553
           0
-0.000155814
    0.021296
 0.000119839
 -0.00972162
   0.0214278
 -0.00802943
-0.000814916
           0
   0.0208765
-0.000575239
  -0.0120609
     0.01516
 -0.00900014
 0.00062317
5.99302e-05
  0.0226981
0.000203724
-0.00847525
  0.0171374
-0.00792159
5.99302e-05
          0
  0.0235969
0.000587238
 -0.0108529
  0.0183598
-0.00732235
-0.00101866
          0
   0.022794
-0.00116248
 -0.0143044
  0.0146807
-0.00693886
  0.00112652
-1.19773e-05
   0.0240643
 0.000623192
  -0.0137483
    0.020529
 -0.00716656
-0.00105462
 0.00324771
  0.0233572
-0.00710665
 -0.0124252
  0.0284385
-0.00677109
0.000659124
-0.00234891
  0.0232254
-0.00202532
  -0.009875
  0.0290138
-0.00574045
0.000886845
-0.00586027
  0.0224105
 0.00583632
 -0.0128663
  0.0295411
-0.00590822
-0.000982708
  0.00347541
   0.0218592
  -0.0122479
  -0.0114665
    0.027348
 -0.00599211
 0.000790961
 -0.00104262
   0.0224465
-0.000131816
  -0.0131347
   0.0298887
 -0.00580036
-0.000767007
-1.19773e-05
   0.0216915
 -0.00290019
  -0.0115432
   0.0362762
 -0.00553671
0.000802961
 0.00225302
   0.022806
 -0.0103184
 -0.0122143
  0.0286423
-0.00656737
-0.000611214
 -0.00252868
   0.0214398
  -0.0116127
  -0.0163752
   0.0168978
 -0.00633965
-3.59538e-05
 -0.00515322
   0.0207087
-0.000527308
  -0.0138058
   0.0103663
 -0.00594418
0.000671123
 0.00240884
  0.0229498
 -0.0142253
 -0.0124444
  0.0148964
-0.00605204
-0.00128232
-0.00726245
  0.0230217
-0.00135422
 -0.0142085
  0.0143331
-0.00521312
0.000767007
-0.00215716
  0.0253946
 -0.0157593
 -0.0122527
  0.0122359
-0.00474577
-0.00112652
 0.00709468
  0.0302602
  -0.034167
 -0.0177942
  0.0100548
-0.00467384
-0.000826915
  -0.0077538
   0.0310991
  -0.0134463
   -0.014266
   0.0198698
 -0.00538092
0.000826915
-0.00744221
  0.0338794
 -0.0176168
 -0.0134415
  0.0326331
-0.00503338
 -0.00121041
-0.000299608
   0.0356411
  -0.0115768
  -0.0179476
   0.0297209
 -0.00504535
-0.000239677
  0.00396678
   0.0381458
  -0.0140215
  -0.0170272
   0.0313028
  -0.0063876
-0.000179769
 0.000167792
   0.0375106
  -0.0125235
  -0.0152631
   0.0382656
 -0.00727442
 0.00111452
-0.00580038
  0.0368994
 0.00565657
 -0.0141318
   0.041034
-0.00708268
-0.000958731
  0.00352336
   0.0369474
  -0.0124636
  -0.0138058
   0.0434069
 -0.00766989
0.000131816
 0.00431432
  0.0369713
-0.00963531
 -0.0157808
  0.0396798
-0.00769387
7.19076e-05
0.000599215
  0.0354014
-0.00880841
 -0.0114665
  0.0465947
-0.00781373
  0.0013662
-0.00750212
  0.0362283
  0.0070707
 -0.0117158
  0.0457078
-0.00792157
-0.000527308
  0.00351138
   0.0371031
 -0.00695084
  -0.0125211
   0.0349101
 -0.00766989
-0.00033554
 0.00220509
  0.0376425
-0.00200137
 -0.0147837
  0.0209244
-0.00795752
 0.000407447
-0.000107861
   0.0383855
 -0.00097073
  -0.0144578
   0.0236928
  -0.0122479
0.000131838
-0.00738228
  0.0403988
 0.00651942
 -0.0147645
  0.0253706
 -0.0133384
-0.000107861
 -0.00711863
   0.0451566
-0.000731031
  -0.0151864
   0.0227101
  -0.0141294
-0.000275631
  -0.0116726
   0.0458756
 -0.00611195
  -0.0156083
   0.0208406
  -0.0151241
-0.000659145
  0.00756205
   0.0462471
  -0.0250111
   -0.015915
   0.0261615
  -0.0141294
-0.000419446
  -0.0101387
   0.0447012
 -0.00530901
  -0.0193282
   0.0424481
  -0.0133984
0.000659145
-0.00931175
  0.0437304
 -0.0104742
 -0.0206512
  0.0528384
 -0.0133864
-0.000131838
-0.000143815
   0.0438024
  -0.0119123
  -0.0221852
   0.0508251
  -0.0147885
-0.000179769
  -0.0103783
   0.0445094
  0.00262454
  -0.0241602
    0.049363
  -0.0161547
  9.5884e-05
-0.000515308
   0.0462591
  -0.0115767
  -0.0214949
   0.0467145
   -0.015939
-0.000155792
 0.000563261
   0.0494709
  -0.0110255
  -0.0215908
   0.0413096
  -0.0164663
-0.000203745
 -0.00323575
   0.0517359
  -0.0098031
  -0.0216867
   0.0388529
  -0.0133025
0.000155814
-0.00898816
  0.0528744
0.000599215
 -0.0227988
  0.0403629
-0.00941961
-0.000371515
-0.000707077
   0.0541567
  -0.0140335
   -0.021284
   0.0424361
 -0.00743022
-0.000107861
 -0.00336757
   0.0535575
  -0.0140575
  -0.0223578
   0.0432271
 -0.00834102
0.000731031
 -0.0173771
  0.0523231
 0.00565655
 -0.0227604
  0.0511247
-0.00776578
0.000898823
-0.00669918
  0.0531021
 -0.0179524
 -0.0239493
  0.0550316
-0.00689093
-0.00141413
 0.00278033
  0.0537373
 -0.0272641
 -0.0260201
   0.045624
-0.00644753
 0.00104262
 -0.0115648
  0.0529703
-0.00315187
 -0.0221468
  0.0481286
 -0.0061479
 0.00074303
 -0.0124636
  0.0533897
 -0.0100188
 -0.0213032
  0.0511127
-0.00633965
-0.000479376
 -0.00844888
   0.0559304
  -0.0103664
  -0.0260585
   0.0370912
 -0.00678307
-0.00130627
 -0.0120441
  0.0549597
  0.0018216
 -0.0262311
  0.0400033
 -0.0112652
0.000479355
-0.00908405
  0.0574644
-0.00402669
 -0.0219167
   0.050118
 -0.0164184
-0.000191746
  -0.0115528
    0.057776
  0.00407462
  -0.0233357
   0.0512206
   -0.019738
0.000239677
 0.00225302
  0.0597294
-0.00953942
 -0.0250422
   0.060005
 -0.0195343
-0.00085087
 -0.0024927
   0.062258
 -0.0013782
 -0.0287621
  0.0602447
 -0.0189111
-0.00540489
 -0.0101506
  0.0579318
 0.00917993
 -0.0254833
  0.0546601
 -0.0176048
-0.00611195
-0.00825713
  0.0619824
0.000359516
 -0.0283978
  0.0561341
 -0.0176648
 0.00499742
 -0.0102585
  0.0805699
-0.00264852
 -0.0310056
  0.0505135
 -0.0180842
0.000635169
 0.00397876
  0.0741824
 -0.0161787
 -0.0242561
  0.0474096
 -0.0186714
-0.00983905
 0.00401472
  0.0643553
 -0.0227341
 -0.0268447
  0.0575842
 -0.0191028
-0.00270845
-0.00286424
  0.0667042
 0.00533298
 -0.0296442
   0.063049
 -0.0202414
-0.00129429
  0.0112053
  0.0711623
 -0.0147646
 -0.0254449
   0.055487
 -0.0184078
-0.00394281
 0.00427837
  0.0707309
-0.00488956
  -0.032482
  0.0485481
 -0.0184677
-0.00125834
 0.00294812
  0.0717016
-0.00172574
 -0.0308905
  0.0537612
 -0.0169337
-0.00330764
  0.0052371
  0.0688614
  -0.019738
 -0.0284362
  0.0579078
 -0.0152919
-0.00238486
 0.00423044
  0.0679386
-0.00782571
 -0.0304112
  0.0573325
 -0.0145129
-0.00329566
  0.0114449
   0.066069
 -0.0272521
 -0.0271323
  0.0640796
 -0.0135542
-0.00143811
 0.00352336
  0.0659851
 -0.0195343
  -0.032041
  0.0645111
 -0.0139736
-0.00276835
-0.00927579
  0.0661769
-0.00992294
 -0.0344379
  0.0646908
 -0.0161547
-0.00184558
-0.00725045
  0.0707189
 -0.0175809
 -0.0326929
  0.0589025
 -0.0160469
-0.00418251
  0.0105581
  0.0701317
 -0.0329087
 -0.0335367
  0.0520595
 -0.0158911
-0.00236089
 0.00669918
  0.0692928
 -0.0227101
 -0.0323286
  0.0580875
  -0.015927
-0.00221707
 -0.0134942
  0.0656855
  0.0103424
 -0.0339393
  0.0675551
 -0.0156514
-0.000886845
  0.00493749
   0.0685618
 -0.00805341
  -0.0305454
   0.0703354
  -0.0133624
-0.00246875
-0.00109057
  0.0705391
 0.00185755
 -0.0369498
  0.0689093
 -0.0109416
-0.00191748
-0.00456598
  0.0716776
 0.00257661
 -0.0329997
  0.0617187
 -0.0108697
 -0.0009108
-0.00324773
  0.0723248
-0.00174969
 -0.0329614
  0.0565416
 -0.0117445
 -0.0025047
-0.00554869
  0.0710305
 0.00244477
 -0.0370648
  0.0610357
 -0.0133504
-0.00264852
 0.00123436
  0.0702755
 -0.0111573
 -0.0342845
  0.0709466
 -0.0139257
-0.00109057
-0.00417051
   0.070683
-0.00051533
 -0.0352816
  0.0715818
 -0.0180962
-0.00137818
 -0.0123677
  0.0731877
-0.00743022
 -0.0369306
   0.073715
 -0.0230577
-0.000551284
  -0.0249032
   0.0780173
   0.0009108
  -0.0371607
   0.0651103
  -0.0246156
-0.00221707
-0.00156992
  0.0825234
 -0.0374747
 -0.0301044
  0.0544683
 -0.0243519
-0.00107859
 -0.0108817
  0.0824634
 -0.0157713
 -0.0324054
  0.0571288
 -0.0246995
-0.000635147
   -0.012152
   0.0809654
  -0.0185636
  -0.0353774
   0.0796352
  -0.0264732
0.000179747
 -0.0118884
  0.0822118
 -0.0147046
 -0.0357034
  0.0855913
 -0.0256103
-0.000155792
  -0.0124037
    0.084285
 -0.00790959
  -0.0336134
   0.0792157
   -0.025071
0.000814938
 -0.0118524
  0.0870894
 -0.0146088
  -0.031159
  0.0711863
 -0.0254066
-0.000347539
  -0.0104263
   0.0842371
  -0.0143811
  -0.0364512
    0.069868
  -0.0209724
0.000419446
-0.00185755
  0.0841412
  -0.022063
 -0.0371415
  0.0743022
 -0.0181921
0.000635147
-0.00522512
  0.0832904
 -0.0130868
   -0.03764
   0.079024
 -0.0171854
  0.00142613
-0.000719054
   0.0855794
  -0.0156754
  -0.0377551
   0.0780293
   -0.018959
-0.00621981
-0.00520115
  0.0822118
-0.00649546
  -0.032808
  0.0717376
  -0.018228
 -0.00952747
-0.000982708
   0.0841652
  -0.0116007
  -0.0323286
   0.0679386
  -0.0161667
  0.00481768
  -0.0109776
   0.0953585
-0.000826915
    -0.03764
   0.0722649
  -0.0161907
-0.00186955
-0.00627974
  0.0910801
 -0.0117925
  -0.035991
  0.0764833
 -0.0163585
-0.00619583
  0.0104143
  0.0821998
 -0.0241242
 -0.0362211
  0.0791199
 -0.0161787
0.00010784
0.00713061
 0.0880002
-0.0244239
-0.0389823
 0.0806538
-0.0138777
-0.00116245
-0.00288819
  0.0863104
 0.00529703
 -0.0395192
  0.0719772
 -0.0139377
-0.00141415
 0.00437425
  0.0859988
-0.00448209
 -0.0384837
  0.0664046
 -0.0154117
-0.00185755
 0.00381097
  0.0846925
 0.00431432
 -0.0424337
  0.0673274
 -0.0215956
-0.00168976
 0.00618385
  0.0861186
-0.00584831
 -0.0413216
  0.0803422
 -0.0282708
-0.00156995
 0.00270845
  0.0872332
-0.00212121
  -0.041149
  0.0826192
 -0.0289539
-0.00143811
 0.00279233
  0.0883357
-0.00864062
 -0.0421653
  0.0770825
 -0.0304399
-0.00165381
 0.00240882
  0.0888031
-0.00148604
 -0.0416092
  0.0694126
 -0.0304399
-0.00152199
 0.00462591
   0.091176
 -0.0148964
 -0.0421077
  0.0740985
   -0.03038
-0.00104264
 0.00225305
  0.0936088
-0.00336757
 -0.0431816
  0.0783888
 -0.0302841
-0.00106659
0.000407469
  0.0976115
 -0.0161907
 -0.0424913
  0.0812291
  -0.026569
-0.000874846
 -0.00140215
   0.0967367
 -0.00823315
   -0.043335
   0.0751171
  -0.0225423
-0.00105462
-0.00109057
  0.0949989
 -0.0184797
 -0.0412257
  0.0753688
  -0.018995
-0.000587238
 -0.00191748
   0.0952147
   -0.014429
  -0.0412258
   0.0806538
  -0.0164543
-0.000179747
 -0.00232493
   0.0976834
  -0.0184317
  -0.0437951
   0.0920988
  -0.0176648
-0.00100668
-0.00153399
  0.0975276
 -0.0177127
  -0.045866
  0.0905049
 -0.0181801
0.00028763
-0.0101386
 0.0959097
-0.0104742
-0.0432199
 0.0927219
-0.0191628
-0.00645951
-0.00624378
  0.0902172
 -0.0137938
 -0.0422804
  0.0878084
 -0.0200136
-0.0119962
0.00804141
 0.0937646
-0.0324533
-0.0429898
 0.0873291
-0.0194384
 0.00335559
-0.00269645
   0.108158
 -0.0148365
  -0.044543
  0.0873291
 -0.0184797
-0.00279233
-0.00901214
     0.1031
-0.00713061
 -0.0424338
   0.085807
 -0.0179284
-0.00710663
 -0.0040986
  0.0917392
-0.00268447
 -0.0463262
  0.0848244
 -0.0186474
-0.00218114
 0.00171374
   0.096473
  -0.014417
 -0.0480711
  0.0917153
 -0.0254425
-0.00166581
-0.00154597
  0.0993372
-0.00208525
 -0.0444663
  0.0932133
 -0.0307036
 -0.00212121
-0.000934755
   0.0989418
  -0.0138777
  -0.0413408
   0.0846686
  -0.0329566
-0.00231295
-0.00427837
  0.0963292
-0.00330764
 -0.0427981
  0.0751051
  -0.031171
-0.00248072
-0.00134225
  0.0975516
-0.00529703
 -0.0452524
  0.0846446
 -0.0327409
 -0.0031998
-0.00286422
  0.0976954
-0.00160588
 -0.0470932
   0.085867
 -0.0318181
 -0.0015939
-0.00278035
  0.0990856
-0.00575243
 -0.0431049
  0.0897139
 -0.0288221
-0.00134222
 -0.0025047
  0.0973718
-0.00306796
 -0.0416092
  0.0838536
 -0.0268566
-0.000922799
 -0.00421844
    0.097252
 -0.00735833
  -0.0455976
   0.0779694
  -0.0233573
-0.00104262
-0.00339155
  0.0979471
-0.00316382
 -0.0465946
  0.0852798
 -0.0209844
0.000671101
 -0.0031878
   0.103028
-0.00481765
 -0.0433542
  0.0951667
  -0.022806
0.000479376
-0.00203732
   0.103975
 -0.0027444
    -0.0474
  0.0856872
 -0.0235849
-0.00722649
-0.00290017
  0.0977553
 -0.0148005
 -0.0477452
  0.0794434
 -0.0240284
 -0.0115648
-0.00278035
   0.097971
-0.00412255
 -0.0445621
  0.0795033
 -0.0257781
  0.0070707
-0.00390685
   0.121772
 -0.0143331
 -0.0474384
  0.0915475
 -0.0242082
-0.00107859
-0.00142613
    0.11995
-0.00679505
 -0.0489532
  0.0922546
 -0.0235849
-0.00545282
-0.00284026
   0.110111
 -0.0141893
 -0.0440252
  0.0903011
 -0.0260897
 0.00104264
-0.00104262
   0.113383
-0.00764594
 -0.0474192
  0.0775499
 -0.0275757
-0.00129431
-0.00237288
   0.114401
 -0.0183478
 -0.0450031
  0.0854475
 -0.0286543
 4.79529e-05
-0.000671123
    0.112196
  -0.0135422
  -0.0436417
   0.0928657
  -0.0299845
0.000119839
-0.00139015
   0.107259
 -0.0183239
 -0.0458277
  0.0944357
 -0.0295172
-2.39765e-05
  0.00166581
    0.104071
  -0.0176288
  -0.0465947
   0.0822957
  -0.0293374
0.000874846
0.000563261
   0.105497
 -0.0182999
 -0.0419544
  0.0835181
 -0.0280311
0.000539307
  0.0011265
   0.105749
 -0.0124995
 -0.0439485
   0.098007
 -0.0236808
-0.000695099
  0.00129431
    0.103544
  -0.0163824
  -0.0455401
     0.10938
  -0.0211881
0.000611192
0.000647146
   0.102657
-0.00627972
 -0.0463262
  0.0948551
 -0.0221469
-0.000311585
  0.00152199
    0.102873
  -0.0112532
  -0.0503338
   0.0899776
  -0.0221109
 -0.00608799
  0.00112652
   0.0993372
-0.000587238
  -0.0505447
   0.0913318
  -0.0219551
-0.00818522
 0.00894023
   0.100524
 -0.0105581
 -0.0528648
   0.103064
 -0.0236089
 0.00378702
 0.00563257
   0.110387
-0.00520115
 -0.0550124
  0.0958978
 -0.0260417
-0.000179747
 -0.00993492
    0.105857
  0.00926381
   -0.054859
   0.0894383
  -0.0270364
-0.00952747
-0.00359527
  0.0997327
-0.00522512
 -0.0510816
   0.093417
 -0.0264492
-0.00402669
  0.0103064
   0.106372
 -0.0231056
 -0.0517527
  0.0963532
 -0.0264012
-0.00714261
-0.00335557
   0.103664
 -0.0156274
  -0.050142
  0.0923504
 -0.0267488
 -0.00437423
-0.000191746
    0.104898
  -0.0209484
   -0.046959
   0.0910202
  -0.0289659
-0.00395481
-0.00285226
   0.106312
 -0.0157952
 -0.0477643
  0.0910082
 -0.0302961
-0.00626774
0.000647146
   0.104694
 -0.0162027
 -0.0478602
   0.092698
 -0.0299965
 -0.00572845
-0.000431424
    0.105533
 -0.00177367
  -0.0466714
   0.0948072
   -0.029637
-0.00631569
 0.00401472
    0.10751
-0.00811332
 -0.0474767
  0.0935489
 -0.0263054
 -0.00224105
-0.000958731
    0.108182
  0.00270845
  -0.0503337
   0.0870294
   -0.023585
-0.0110015
  0.012128
   0.10195
-0.0139137
-0.0511966
 0.0948671
-0.0239684
 -0.0180003
 0.00420646
   0.100955
-0.00375106
 -0.0535934
  0.0967367
 -0.0231655
 0.00261256
0.000575239
   0.122011
-0.00310392
    -0.0553
  0.0919669
 -0.0230577
 0.00183358
 0.00111452
   0.122599
-0.00514124
 -0.0516952
  0.0909003
 -0.0244358
-0.00635162
  0.0120561
    0.10672
 -0.0102465
  -0.052117
   0.100476
 -0.0312908
0.00141413
 0.0195822
  0.112328
-0.0102825
-0.0503721
  0.102213
-0.0359407
-0.000107861
  0.00124636
    0.111609
   0.0104862
  -0.0504104
   0.0969883
   -0.037199
 0.00185755
 0.00451805
   0.112316
-0.00160588
  -0.048934
  0.0932373
 -0.0334839
-0.000323562
   0.0101626
    0.112017
 -0.00602806
  -0.0491257
   0.0991575
   -0.033436
0.00085087
0.00455402
  0.112879
-0.0104143
-0.0464413
  0.103795
-0.0343827
0.000527308
 0.00588425
   0.111393
-0.00916793
 -0.0478218
   0.092674
 -0.0342509
0.00178565
 0.0100668
  0.113215
-0.0219791
-0.0470357
  0.091176
-0.0308234
-0.00720252
 0.00649544
   0.106803
 -0.0154956
 -0.0496818
   0.100703
 -0.0269645
-0.00590822
 0.00321178
   0.109092
-0.00492552
 -0.0507172
   0.104682
  -0.025035
0.00553671
0.00582434
  0.124049
-0.0208406
-0.0534976
  0.095694
-0.0239924
-0.000778962
    0.014465
     0.11832
  -0.0159031
  -0.0538044
   0.0871253
  -0.0239565
-0.0105581
 0.0234052
   0.10968
-0.0268566
-0.0537469
 0.0984144
-0.0248193
-0.00412258
 -0.0059322
   0.113922
 -0.0043263
 -0.0546289
   0.104718
 -0.0264851
-0.00257661
 0.00195344
   0.116331
 -0.0188632
 -0.0509665
  0.0960656
 -0.0278274
-0.00382297
0.000503331
   0.114881
 -0.0194864
 -0.0503146
  0.0836139
 -0.0313867
-0.00176169
 0.00324773
   0.113862
 -0.0275397
 -0.0476493
  0.0907685
 -0.0330645
-0.00346343
 0.00312787
   0.113383
 -0.0270005
 -0.0471699
   0.100116
 -0.0331004
-0.00188153
-0.00287622
     0.1156
-0.00548876
 -0.0483396
  0.0948192
 -0.0304879
-0.00264852
 0.00810134
   0.114174
 -0.0259339
 -0.0461728
  0.0882518
  -0.031135
-0.00835299
 0.00527305
    0.10763
-0.00399076
 -0.0476493
  0.0891507
 -0.0312788
 -0.0117445
-0.00118643
   0.109644
 0.00278035
 -0.0472658
   0.101207
 -0.0291576
0.00327169
0.00106659
  0.125043
0.00462591
-0.0512733
 0.0991815
-0.0264971
 -0.00426637
  0.00309194
     0.11421
-0.000563261
  -0.0547056
   0.0894023
  -0.0262575
  -0.0093477
-0.000886845
   0.0942799
-0.000826915
  -0.0531908
   0.0899536
   -0.025071
 -0.00221709
  0.00130629
    0.100691
-0.000407447
  -0.0529415
   0.0952626
  -0.0247354
-0.00358327
  0.0093357
   0.102237
 -0.0140935
 -0.0501803
  0.0970363
 -0.0258739
-0.00198939
 0.00286424
   0.101207
 0.00463791
 -0.0519828
  0.0917752
 -0.0264612
-0.00357129
-0.00171374
   0.100032
 0.00302003
 -0.0502954
  0.0938604
 -0.0276237
-0.00293615
-0.00239686
   0.103064
 0.00145008
 -0.0491641
  0.0951667
 -0.0306077
 -0.0120681
 0.00162985
  0.0991934
0.000611192
 -0.0476685
  0.0963412
 -0.0316983
 -0.0178325
 0.00299608
  0.0983545
-0.00672314
 -0.0473425
  0.0905888
 -0.0336157
0.000215723
  0.0150522
   0.116786
 -0.0216675
 -0.0539194
  0.0882159
 -0.0330285
-0.00482965
  0.0134223
   0.116666
 -0.0103065
 -0.0490107
   0.099517
 -0.0297688
-0.00862865
-0.00413455
   0.105281
 0.00384695
 -0.0495092
   0.109404
 -0.0290737
-0.00312787
-0.00399074
   0.105893
 0.00536894
 -0.0499886
   0.100907
  -0.028103
-0.00351138
  0.0188632
   0.107427
 -0.0269286
 -0.0478794
  0.0958378
 -0.0269765
-0.00740626
  0.0025047
   0.107439
 -0.0138418
 -0.0509857
   0.103604
 -0.0283547
-0.00438621
 0.00485361
   0.108194
  -0.010606
 -0.0511966
   0.101087
 -0.0258619
-0.00596815
  0.0195463
   0.107307
 -0.0270723
 -0.0498736
  0.0947952
 -0.0258021
-0.00557266
-0.00300803
   0.108697
-0.00454202
 -0.0513308
   0.102921
 -0.0266769
 -0.0154956
-0.00425441
   0.101842
-0.00307996
 -0.0496818
   0.103484
 -0.0265091
-0.0202294
 0.0155795
  0.101662
-0.0276716
-0.0476301
 0.0874009
-0.0285225
-0.00196542
   0.014465
    0.12122
 -0.0292295
 -0.0502187
  0.0848004
 -0.0299246
-0.00309194
  0.0115767
   0.118368
-0.00979112
 -0.0474383
  0.0904569
 -0.0294932
 -0.0148964
-0.00369113
   0.101195
  0.0135182
 -0.0494709
  0.0964131
 -0.0322256
 -0.00463791
-0.000203745
    0.106132
   0.0152439
  -0.0503146
   0.0928058
   -0.033388
-0.00486559
  0.0229738
   0.109919
-0.00824515
  -0.052232
  0.0864662
 -0.0330285
-0.00656735
  0.0154836
   0.107451
-0.00324773
 -0.0551466
   0.084369
 -0.0284146
-0.00425441
 0.00973119
   0.104167
  0.0117805
 -0.0534209
  0.0935968
 -0.0244598
-0.00443416
 0.00325971
   0.105245
  0.0179524
 -0.0519445
   0.101315
 -0.0254066
-0.0115168
0.00627974
  0.104011
 0.0100308
 -0.053766
 0.0912359
-0.0265211
-0.0214518
0.00641155
 0.0975636
 0.0112053
-0.0541687
 0.0788682
-0.0257062
0.000503331
  0.0147286
    0.11663
-0.00858069
 -0.0540728
  0.0843929
 -0.0259938
-0.00357129
  0.0206967
   0.114893
 -0.0165263
 -0.0516568
   0.095694
  -0.027336
  -0.0119243
-0.000659124
    0.102106
    0.015196
  -0.0520019
   0.0997088
  -0.0276117
-0.00548878
-0.00141415
   0.101135
  0.0239565
  -0.053977
  0.0884316
 -0.0290857
-0.00437423
  0.0246875
   0.102429
 -0.0199298
  -0.046518
  0.0786165
 -0.0294213
-0.00352336
  0.0216675
   0.106815
 -0.0192347
  -0.051791
  0.0860467
 -0.0310152
-0.00397878
-0.00221707
   0.105917
  0.0272761
 -0.0546289
   0.104658
 -0.0310751
-0.00056324
  0.0122479
   0.104934
-0.00504535
 -0.0491449
   0.092698
 -0.0313028
-0.0038829
 0.0188033
  0.102201
-0.0240643
-0.0502762
 0.0811692
-0.0329686
 -0.0111333
  0.0144649
  0.0973838
0.000731031
 -0.0491066
   0.086634
  -0.030392
-0.0196062
 0.0208526
 0.0942679
-0.0232734
-0.0474767
  0.101171
 -0.027384
0.000790961
 0.00028763
   0.114114
0.000587238
 -0.0526155
  0.0959697
 -0.0253107
-0.00482963
 0.00541687
   0.108565
-0.00816127
 -0.0493367
  0.0854955
 -0.0255504
-0.0147765
 0.0142013
 0.0920868
-0.0146208
-0.0462112
 0.0804141
-0.0268447
-0.00508131
  0.0155435
  0.0984264
 -0.0213079
 -0.0457701
  0.0933811
 -0.0284026
 -0.00635165
-8.38849e-05
    0.100116
 -0.00111455
  -0.0475151
   0.0963412
  -0.0277914
-0.00534496
0.000143815
  0.0986901
  0.0102585
 -0.0477068
  0.0866699
 -0.0284026
-0.00554871
  0.0205889
  0.0969763
 -0.0300325
 -0.0479753
  0.0794794
 -0.0312429
-0.00339152
  0.0141893
    0.10159
 -0.0165382
 -0.0507556
  0.0844888
 -0.0297448
 -0.0128591
-0.00453005
  0.0951907
  0.0104742
 -0.0496818
  0.0970962
 -0.0301643
  -0.0213199
-0.000443423
   0.0905888
   0.0126793
  -0.0465755
   0.0928418
  -0.0306676
-0.00219312
  0.0201455
    0.10799
 -0.0267248
 -0.0484354
  0.0799228
 -0.0298887
-0.00417051
  0.0154716
   0.107295
 -0.0168019
 -0.0495859
  0.0792157
 -0.0293254
 -0.0156514
-0.00363122
   0.090385
  0.0139736
 -0.0447539
  0.0933451
 -0.0282468
 -0.00613592
-0.000215723
   0.0942559
   0.0146447
  -0.0482629
   0.0915954
  -0.0265091
-0.00721449
  0.0234651
   0.093441
 -0.0280671
 -0.0484546
  0.0788682
 -0.0262455
-0.00608799
  0.0173052
  0.0939084
 -0.0181681
 -0.0479369
  0.0805819
 -0.0223626
-0.00143811
-0.00212121
  0.0978153
  0.0109895
  -0.048934
  0.0892825
 -0.0221828
-0.00544085
 0.00110255
  0.0946035
  0.0100787
 -0.0504104
  0.0887432
 -0.0251429
-0.00335557
  0.0221828
  0.0965929
 -0.0283786
 -0.0430473
  0.0794554
 -0.0271203
-0.0116966
 0.0169817
  0.089654
 -0.018264
-0.0446005
 0.0776817
-0.0278873
 -0.0206368
-0.00258861
  0.0842731
 0.00859269
  -0.049701
   0.088911
 -0.0308953
 -0.00191748
-0.000527286
    0.104179
  0.00867658
  -0.0459235
   0.0953824
  -0.0294333
-0.00473377
  0.0208166
   0.104011
 -0.0267847
 -0.0376976
  0.0858789
 -0.0299965
  -0.015915
  0.0125715
  0.0858909
-0.00697482
 -0.0430474
  0.0807138
 -0.0300085
-0.00874848
1.19773e-05
  0.0855913
 0.00871253
 -0.0467864
   0.082787
 -0.0271203
-0.00836499
-0.00228898
  0.0879762
-0.00304399
  -0.041475
  0.0868976
 -0.0239445
-0.00743022
 0.00274438
  0.0926501
-0.00351138
 -0.0419927
  0.0859988
 -0.0222307
-0.00741824
-0.00858069
  0.0925901
3.59538e-05
 -0.0449456
  0.0817444
 -0.0208046
 -0.00663925
-0.000191746
   0.0885994
  -0.0119842
  -0.0463646
   0.0711983
  -0.0213679
-0.00397876
 0.00487758
  0.0907685
 -0.0225783
 -0.0436226
  0.0670517
 -0.0221828
-0.0143931
0.00407462
 0.0860467
-0.0236928
-0.0425104
 0.0780413
 -0.022015
-0.0209005
-0.0285824
 0.0883836
 0.0224465
-0.0453291
 0.0859868
-0.0219911
 0.00180962
 -0.0103424
   0.109847
-0.00689093
 -0.0409765
  0.0798149
 -0.0202294
-0.000766985
   0.0124756
     0.10781
  -0.0247954
  -0.0432966
   0.0669798
  -0.0201575
-0.0109056
0.00974317
 0.0924942
-0.0232854
-0.0439869
 0.0672555
-0.0206488
0.00244477
-0.0162746
 0.0992533
0.00118645
-0.0441403
 0.0730199
-0.0233093
0.00237288
-0.0158431
   0.10358
0.00550075
-0.0417435
 0.0823556
-0.0260417
0.00317582
 0.0214757
  0.103915
-0.0360965
 -0.040708
 0.0800307
-0.0263413
0.00693886
 0.0133025
  0.104239
-0.0254185
-0.0412833
  0.075225
-0.0267967
  0.0120681
-0.00975515
   0.106036
 0.00128229
 -0.0384262
  0.0708507
 -0.0279712
 0.0162386
0.00300803
  0.107822
-0.0183598
-0.0360677
 0.0679506
-0.0269885
 0.0165862
 0.0224225
  0.105245
-0.0376784
-0.0370456
 0.0733315
-0.0262095
0.00944358
  -0.00912
 0.0988579
0.00100668
-0.0383304
 0.0829069
-0.0249871
0.00798148
 0.0134823
 0.0959936
 -0.031938
-0.0342653
 0.0742902
-0.0230097
 0.0277674
 0.0176887
  0.116451
-0.0353055
-0.0384837
 0.0672795
-0.0201575
 0.0248073
 0.0241003
  0.111741
 -0.030356
-0.0343803
 0.0658293
-0.0193425
  0.0127872
-0.00100668
  0.0984504
-0.00973119
 -0.0372758
  0.0744819
 -0.0202773
 0.0217034
 0.0120801
  0.103951
-0.0281749
-0.0388672
 0.0794794
-0.0207687
 0.0188991
 0.0313867
  0.102968
-0.0451686
-0.0377167
 0.0778855
-0.0227341
 0.0178206
 0.0170895
  0.099541
-0.0218472
-0.0414175
 0.0698441
-0.0218832
  0.0202773
 0.00381097
  0.0932493
-0.00743024
 -0.0416859
  0.0660091
 -0.0226023
  0.0213798
  0.0115768
  0.0912719
-0.00607599
 -0.0422228
   0.064595
 -0.0206488
  0.019726
 0.0374986
  0.088084
-0.0259818
-0.0400177
  0.067603
-0.0209244
 0.0188272
 0.0345146
 0.0880721
-0.0180722
-0.0419735
 0.0750692
-0.0268566
0.00689093
0.00993494
 0.0749254
 0.0034155
-0.0401711
 0.0792037
-0.0275757
0.000647146
   0.012176
  0.0707908
-0.00360725
 -0.0395959
  0.0670398
 -0.0281989
  0.0137699
  0.0221948
   0.089654
-0.00756205
 -0.0374866
  0.0557985
 -0.0284625
   0.0127392
  0.00733435
   0.0917752
-0.000695077
  -0.0339777
    0.064583
  -0.0272641
-0.00131827
  0.0179524
  0.0734274
 -0.0100428
 -0.0357034
  0.0719773
 -0.0274559
0.00481768
 0.0213079
 0.0743142
-0.0118045
-0.0378318
 0.0689213
-0.0259099
0.00255263
 0.0210084
 0.0763635
-0.0113371
-0.0348789
 0.0635284
-0.0215596
0.00153397
0.00366718
 0.0749613
 0.0176528
-0.0371223
 0.0612514
-0.0208046
  0.00348743
   0.0155915
   0.0750213
-0.000635169
  -0.0314658
   0.0582194
  -0.0196901
0.00347541
 0.0274439
 0.0755366
-0.0201215
-0.0310247
 0.0601488
-0.0202294
-0.000778962
   0.0145968
   0.0730558
  0.00376304
  -0.0359143
   0.0689333
  -0.0187194
 0.000407447
-0.000299608
   0.0711983
  0.00738228
  -0.0329423
   0.0726963
  -0.0189471
-0.000215701
  0.00421846
   0.0695205
  0.00310392
  -0.0347063
   0.0635523
  -0.0203492
-0.00231295
  0.0230097
   0.065302
 -0.0172932
 -0.0372757
   0.059226
 -0.0219791
-0.00853278
  0.0203492
  0.0612274
-0.00945554
 -0.0381003
  0.0571288
 -0.0219671
 -0.0139377
-0.00504538
  0.0601249
    0.01673
 -0.0369881
  0.0619824
 -0.0215836
0.00538092
0.00173772
 0.0829069
0.00425441
-0.0410723
 0.0605323
-0.0180602
-0.0029601
 0.0188752
 0.0784008
-0.0165742
-0.0358952
 0.0537372
-0.0149803
-0.00876046
  0.0188392
   0.063852
 -0.0119003
 -0.0301619
   0.050921
 -0.0157952
-0.00335559
-0.00750212
  0.0627015
 0.00741824
 -0.0341694
   0.055463
 -0.0166221
 -0.0043263
-0.00772982
  0.0642474
  0.0138178
 -0.0309672
  0.0538691
 -0.0179883
-0.00313987
   0.015951
  0.0643912
 -0.0214038
 -0.0245629
  0.0543005
 -0.0198818
-0.00329566
 0.00379899
  0.0663447
-0.00854476
 -0.0263461
  0.0557266
 -0.0190429
-0.00480568
  -0.010654
  0.0632767
   0.016682
 -0.0248697
   0.058531
 -0.0198938
-0.00303201
0.000994685
  0.0629172
 0.00123438
 -0.0246779
  0.0639718
 -0.0176648
 -0.0047817
  0.0128711
  0.0595856
-0.00499742
 -0.0242944
  0.0506453
 -0.0168139
 -0.00554869
   0.0125834
   0.0552712
-0.000826915
  -0.0247546
   0.0400513
  -0.0161907
 -0.0009108
  0.0117086
  0.0574764
-0.00141413
 -0.0239876
  0.0448689
 -0.0150042
-0.00635165
-0.00334359
  0.0559783
  0.0196062
 -0.0246971
  0.0433709
  -0.013722
-0.00184558
 0.00291217
  0.0601968
  0.0126194
 -0.0205553
  0.0429634
 -0.0126074
 -0.011421
 0.0291816
 0.0534257
-0.0176648
-0.0214757
 0.0468104
-0.0124756
 -0.0209964
  0.0192706
  0.0493031
-0.00959935
  -0.029625
  0.0510168
 -0.0129789
-0.00189351
-0.00225302
  0.0665484
  0.0244478
  -0.033249
  0.0542646
 -0.0123558
-0.00276835
  0.0153758
  0.0634325
-0.00107857
 -0.0310439
  0.0504776
 -0.0126913
-0.0137459
 0.0192586
 0.0457797
0.00260058
-0.0276884
 0.0416691
-0.0124636
-0.00533296
  0.0237647
  0.0491114
0.000503331
 -0.0306412
  0.0421965
  -0.012907
 -0.00510528
   0.0287502
   0.0503937
-0.000479376
  -0.0318493
    0.038733
  -0.0135182
 -0.0052491
0.000886824
  0.0520475
  0.0171494
 -0.0294908
  0.0390806
  -0.014465
-0.00257661
  0.0075261
  0.0532818
 0.00829308
 -0.0292799
  0.0421725
 -0.0154117
-0.00195342
  0.0202533
  0.0514483
0.000982708
 -0.0317342
   0.049339
 -0.0165862
-0.00423044
   0.018959
  0.0476852
-0.00359527
    -0.0316
  0.0534736
 -0.0178805
-0.000263654
   0.0225303
   0.0474096
  0.00313987
   -0.027976
   0.0489556
  -0.0187314
-0.000719054
  -0.0036432
   0.0469182
   0.0191268
  -0.0271898
   0.0510168
  -0.0182879
-0.00122238
 0.00310392
  0.0468703
  0.0103184
 -0.0230481
  0.0388169
 -0.0162985
-0.00097073
  0.0117325
  0.0465108
-0.00947952
 -0.0165287
  0.0340831
 -0.0145848
0.000203724
 0.00937168
  0.0483803
 -0.0124876
 -0.0207663
  0.0343468
 -0.0136021
-0.00363122
  0.0196901
  0.0426758
 -0.0246036
 -0.0211689
  0.0358209
 -0.0152919
-0.000323562
 -0.00927579
    0.048596
  0.00104262
   -0.020191
   0.0400513
  -0.0161188
-0.00376304
-0.00986303
  0.0445693
-0.00141413
 -0.0174874
  0.0404827
 -0.0164663
-0.000695099
   0.0126194
   0.0430953
  -0.0301643
  -0.0176216
   0.0437904
  -0.0163465
 -0.0105701
-0.00117445
  0.0360965
 -0.0199537
 -0.0165286
  0.0525748
  -0.015184
-0.0150402
 0.0103424
 0.0326331
-0.0303441
-0.0154357
 0.0435747
-0.0145009
0.00294812
 0.0139017
 0.0497345
-0.0292176
-0.0182352
 0.0320937
-0.0109296
-0.000179769
  -0.0075261
   0.0515561
  0.00841292
  -0.0171614
   0.0303201
 -0.00768189
-0.00975515
 0.00097073
  0.0356051
 0.00233693
 -0.0149947
  0.0276356
-0.00673514
-0.00225305
  0.0134463
  0.0360605
 -0.0123078
 -0.0172189
  0.0218592
-0.00629172
-0.00363122
 0.00397876
   0.037235
-0.00103064
  -0.016126
  0.0221828
-0.00636362
-0.00166581
  0.0141294
  0.0366957
 -0.0120921
 -0.0171806
  0.0223865
-0.00647148
-0.00407462
  0.0191268
  0.0324173
 -0.0112652
 -0.0144003
  0.0229738
-0.00663925
-0.00184558
-0.00669918
  0.0351977
  0.0218832
 -0.0130197
  0.0318061
-0.00639958
-0.00127034
0.000119839
  0.0342749
  0.0139976
 -0.0152439
  0.0370073
-0.00645949
-0.000743008
   0.0123797
   0.0320219
 -0.00388288
  -0.0181777
   0.0333281
 -0.00614792
-0.00171374
0.000802939
  0.0297089
 0.00496147
 -0.0200568
  0.0376425
-0.00608799
-0.000695099
 0.000647146
   0.0289898
-0.000707077
  -0.0162027
    0.043299
 -0.00608797
-0.000778962
  0.00946754
   0.0274679
 -0.00522512
  -0.0136333
   0.0388648
 -0.00770587
-0.00111455
  0.0146447
  0.0274199
-0.00219312
 -0.0183119
   0.023537
 -0.0101746
-0.00135422
 -0.0101147
  0.0275517
  0.0240044
 -0.0195582
  0.0149803
 -0.0116247
-0.00233691
-0.00245677
  0.0264851
  0.0170655
 -0.0160876
  0.0178206
 -0.0112412
-0.00124636
 0.00588425
  0.0281509
7.19076e-05
 -0.0157808
  0.0171734
 -0.0108577
-0.00230098
-0.00143811
  0.0270484
 0.00298405
 -0.0167588
  0.0162267
 -0.0104742
-0.000203724
 -0.00122238
   0.0248433
-0.000323562
   -0.015685
   0.0147885
  -0.0107139
-0.00140215
-0.00104264
  0.0249511
0.000263654
 -0.0196541
  0.0132066
 -0.0110375
 -0.00345145
-0.000371493
   0.0226023
  0.00339152
  -0.0162794
   0.0109895
  -0.0100428
-0.000527308
  0.00744219
   0.0258739
 -0.00129429
  -0.0159534
   0.0123917
 -0.00928777
-0.00364322
  0.0107259
  0.0218592
-0.00160588
  -0.015685
  0.0177486
-0.00922786
-0.00117445
 -0.0104382
  0.0242081
   0.025107
 -0.0131155
   0.025814
-0.00980308
 -0.0029601
 0.00222907
  0.0198818
  0.0149204
-0.00824514
  0.0283667
 -0.0102225
 -0.0011385
 0.00636362
  0.0178206
 0.00850879
-0.00571407
  0.0290977
 -0.0112292
-0.00128232
0.000814916
   0.018192
  0.0115648
 -0.0056949
   0.028882
-0.00925182
-0.00137818
 0.00292415
  0.0149563
 0.00079094
-0.00285707
  0.0252508
-0.00415853
 -0.00268447
-9.58622e-05
   0.0135302
 -0.00702275
 -0.00467863
   0.0238606
 -0.00196542
-0.00174969
-0.00515322
  0.0145608
 0.00739426
-0.00446773
  0.0178924
-0.00174969
-0.00255263
 0.00313987
  0.0113371
 -0.0110015
-0.00408421
  0.0113491
-0.00123436
-0.000467399
  -0.0013662
   0.0134223
 -0.00162985
 -0.00325972
  0.00903609
 -0.00140215
 -0.00254065
-2.39765e-05
   0.0109296
 9.58622e-05
 -0.00404585
  0.00872451
 -0.00158192
 -0.00124636
-0.000335561
   0.0112292
 -0.00442216
 -0.00561821
  0.00435028
 -0.00165383
-0.00085087
0.000419446
  0.0114569
-0.00291217
-0.00201334
 0.00304401
-0.00140215
-0.00116248
0.000119839
  0.0101506
-0.00248075
-0.00162986
 0.00429035
 -0.0015939
-0.00178565
 0.00847285
 0.00817325
 -0.0135901
-0.00377745
 0.00249272
-0.00194144
-0.000934777
  0.00653139
  0.00850879
  -0.0186594
 -0.00517717
  0.00414653
 -0.00200137
 -0.00212121
 -0.00733433
  0.00762198
-0.000503353
 -0.00268446
  0.00497347
   -0.002277
-0.00130627
  0.0004554
 0.00704672
 -0.0128231
-0.00168738
 0.00234891
-0.00194144
-0.000731053
   0.0100787
  0.00799348
  -0.0189591
  -0.0018408
 0.000503331
 -0.00189351
-0.00310389
0.000814916
 0.00558464
-0.00562059
-0.00138056
 0.00346343
-0.00177367
-0.00028763
 0.00260058
 0.00747817
  -0.004566
-0.00485121
 0.00367915
-0.00161788
 -0.00830506
  0.00238486
-0.000767007
 -0.00281629
 -0.00444857
 0.000874868
 -0.00202532
  -0.0105941
  0.00189351
-0.000311585
-0.000563261
 -0.00189829
 0.000131816
 -0.00106661
  0.00261256
  0.00183358
  0.00906007
 -0.00230098
 -0.00207087
 4.79311e-05
-0.000790961
  -0.0018216
 0.000826915
  0.00645951
 -0.00062317
 -0.00151481
 0.000167792
-0.000731031
 -0.00784966
 0.000671123
 -0.00847285
  0.00141413
-0.000901218
 0.000107861
-0.000671123
 -0.00111455
 0.000419446
 -0.00316382
  0.00171374
 -0.00145728
 5.99084e-05
-0.000647146
  -0.0013662
 0.000359538
  -0.0006831
  0.00330766
-0.000747839
 0.000131838
-0.000611192
 -0.00178565
 0.000191746
  -0.0020613
  0.00285224
 -0.00072864
 0.000119839
-0.000383492
  0.00438623
 0.000323562
  0.00278033
   0.0018336
 -0.00145728
 4.79311e-05
-0.000323562
   0.0015939
 0.000479376
  0.00146208
   0.0020493
  0.00122721
 0.000155792
-0.000335561
 -0.00698681
 0.000119839
   -0.014465
  0.00624376
-0.000862891
 -0.00100666
-5.99302e-05
 -0.00104262
 0.000359516
  -0.0124276
  0.00307996
-0.000651915
   0.0002277
-3.59538e-05
  0.00849681
  0.00111455
 -0.00514124
  0.00298408
-3.83623e-05
 0.000347539
           0
  0.00287622
 0.000790961
  -0.0101027
   0.0031758
-0.000249268
 -0.00112652
 0.000239699
 0.00195344
-0.00649546
 -0.0124396
 0.00909605
 0.00143812
  0.0002277
0.000707055
 0.00472177
-0.00179762
 -0.0101147
 0.00793355
0.000709441
-0.00101866
 0.00153399
 0.00218114
  0.0111453
 -0.0122599
-0.00931175
 0.00164906
-0.00420646
 0.00236089
 0.00412258
 0.00218114
  -0.011373
 0.00379901
 0.00136139
-0.00269645
 0.00183358
 0.00484163
-0.00662728
 -0.0111813
 0.00876046
 0.00517717
-0.00143811
 0.00100668
 0.00625576
0.000131816
 -0.0102465
 0.00184558
 0.00604006
  -0.006831
 0.00103064
  0.00632767
-0.000874846
 -0.00937165
 0.000970708
 0.000556062
  -0.0131347
  0.00125834
  0.00576441
-2.39765e-05
  -0.0118284
-7.19076e-05
  0.00673034
  -0.0165862
  0.00244479
 0.00766991
-0.00152199
  -0.011433
 0.00158192
   0.013384
  -0.023537
 0.00753808
 0.00497345
-0.00509329
 -0.0152559
  0.0072984
 0.00962574
 -0.0285824
  0.0110854
 0.00578838
-0.00161788
 -0.0149683
 0.00566852
   0.011965
 -0.0272042
  0.0125954
 0.00659132
 0.00458995
  -0.015184
-0.00256461
  0.0181393
 -0.0295531
  0.0132905
 0.00248072
-0.00456598
 -0.0195103
 0.00838895
  0.0161643
 -0.0307156
   0.013674
 0.00447012
-0.00195344
 -0.0196302
 0.00272042
  0.0168546
 -0.0322975
  0.0149204
  0.00375106
-0.000790961
  -0.0185756
  0.00125834
   0.0156658
  -0.0317223
   0.0150162
0.00191748
-0.0115767
 -0.020505
 0.0103304
 0.0157425
-0.0188632
  0.014405
0.00331964
-0.0105701
-0.0203852
0.00578838
 0.0154165
-0.0126194
 0.0116607
0.00125834
0.00527305
-0.0272282
-0.0116127
 0.0204595
-0.0179284
0.00838895
 0.00400272
-0.00207328
 -0.0251549
0.000191746
  0.0149755
 -0.0176887
 0.00649546
5.99302e-05
 -0.0119842
 -0.0293614
 0.00735831
  0.0160493
 -0.0180722
 0.00600409
 0.00191748
-0.00255265
  -0.029613
 0.00237288
  0.0151097
 -0.0180602
 0.00505735
0.000143793
-0.00319978
 -0.0281989
 0.00155795
  0.0128663
 -0.0133624
 0.00439821
-0.00149802
-0.00401472
 -0.0328248
 0.00109057
  0.0171998
 -0.0131826
 0.00552473
 0.00118643
-0.00418251
 -0.0314346
0.000407469
   0.019424
 -0.0130029
 0.00659132
-0.00262454
 -0.0118404
 -0.0337476
 0.00894023
   0.015474
 -0.0146208
 0.00648346
-0.000443423
  -0.0108337
  -0.0318301
   0.0038709
   0.0106612
  -0.0198459
  0.00571648
-0.00176167
 0.00487756
 -0.0338315
  -0.019714
  0.0167588
 -0.0248673
 0.00595615
-0.00130629
-0.00262454
 -0.0335678
-0.00997089
  0.0169888
 -0.0270005
 0.00639958
  -0.0018216
  -0.0148964
   -0.033448
-0.000719054
   0.0140743
  -0.0290498
  0.00599211
-0.00329566
-0.00505735
    -0.0334
-0.00747815
 0.00985584
  -0.040243
 0.00614792
-0.00194144
-0.00671116
 -0.0313028
-0.00307994
  0.0135182
 -0.0443776
 0.00665123
-0.00438623
-0.00463789
 -0.0352576
-0.00393083
  0.0163752
 -0.0457438
 0.00624378
-0.0036432
-0.0138538
-0.0376544
0.00574043
 0.0154549
-0.0450008
0.00681902
-0.00201335
 -0.0135422
  -0.038757
 0.00173772
  0.0158767
 -0.0453603
 0.00687895
-0.00225305
 0.00189351
 -0.0420407
 -0.0133384
   0.017449
 -0.0338075
 0.00715458
-0.00324773
-0.00666323
  -0.043311
-0.00400274
  0.0157808
 -0.0254785
  0.0108098
-0.00190549
 -0.0128471
 -0.0432151
 0.00943158
  0.0164328
 -0.0222547
  0.0133864
 -0.00248072
 -0.00639958
  -0.0443297
-0.000131816
   0.0171039
  -0.0275158
   0.0145728
0.00331962
-0.0153158
-0.0369713
 0.0124276
 0.0138825
-0.0245796
 0.0132186
0.00116248
-0.0135302
-0.0380739
 0.0107139
 0.0162602
-0.0204571
 0.0127752
-0.00906007
 0.00520115
 -0.0519516
-0.00632767
  0.0173148
 -0.0240044
  0.0120082
-0.00309194
-0.00538092
 -0.0454202
 0.00421844
  0.0147837
 -0.0334599
  0.0119603
 0.0043383
 -0.012128
-0.0377863
 0.0185156
 0.0156658
-0.0435627
  0.012943
-0.000623192
 -0.00143811
  -0.0438023
   0.0115648
   0.0201527
  -0.0534137
   0.0135542
0.000695099
-0.00487758
 -0.0446652
 0.00902414
  0.0208621
 -0.0522752
  0.0138418
-0.000671123
  -0.0109416
  -0.0473976
   0.0178325
   0.0223002
  -0.0500821
    0.015951
0.000383492
 0.00651942
 -0.0481886
 -0.0138418
  0.0267296
 -0.0473257
  0.0160589
0.000419446
-0.00316382
 -0.0460434
-0.00516519
  0.0259818
  -0.038721
  0.0145968
0.000107861
-0.00758603
 -0.0487638
 0.00421844
  0.0298168
 -0.0347063
  0.0134583
0.000203724
 -0.0079695
 -0.0514842
 0.00391883
  0.0266721
    -0.0334
  0.0126434
0.000946754
-0.00789759
 -0.0502379
 0.00130629
  0.0250231
  -0.036432
  0.0125954
0.00158192
0.00789759
-0.0551034
-0.0153278
 0.0250998
-0.0421725
 0.0139377
 0.000922777
-0.000958731
  -0.0596095
 -0.00577639
   0.0283403
  -0.0471339
   0.0154117
0.00177367
-0.0124276
-0.0611795
0.00311589
 0.0297209
-0.0480448
 0.0162267
 0.0038709
-0.0121281
-0.0598252
0.00451805
 0.0264803
-0.0505974
 0.0179763
0.000994707
 -0.0173532
 -0.0613113
 0.00116248
  0.0304112
 -0.0496147
  0.0187433
  0.00321175
-0.000191746
  -0.0594777
  -0.0154237
   0.0337859
    -0.04409
    0.019726
 0.00101866
-0.00538092
  -0.058483
-0.00647148
  0.0308138
 -0.0372589
  0.0184557
0.00643553
 -0.027384
 -0.054684
 0.0149084
 0.0311973
-0.0361564
 0.0175449
0.00964731
-0.0238486
-0.0568412
 0.0173412
 0.0337859
-0.0491473
 0.0164783
 -0.00354734
 -0.00340352
  -0.0708627
-0.000587216
   0.0339393
  -0.0588306
     0.01673
 0.00130629
-0.00855674
 -0.0663806
0.000671123
  0.0324245
 -0.0623779
  0.0153997
0.00860467
-0.0237527
-0.0520954
 0.0214278
 0.0272665
-0.0608439
  0.015172
0.00333162
-0.0240523
 -0.053162
 0.0194264
 0.0299702
-0.0589264
 0.0142253
0.00191748
-0.0257541
-0.0541208
 0.0201575
  0.020191
-0.0557147
 0.0133864
0.00109055
0.00146206
-0.0556428
 -0.006831
  0.023374
-0.0564217
 0.0140335
0.000239699
-0.00657932
 -0.0565656
0.000707077
  0.0282827
 -0.0502858
  0.0131467
0.000539285
 -0.0313028
 -0.0591182
  0.0227341
  0.0251765
 -0.0542406
  0.0141773
0.00146208
-0.0244478
-0.0613113
 0.0130029
 0.0246779
 -0.056949
 0.0202533
0.00111452
0.00354732
-0.0671955
-0.0100548
 0.0250422
-0.0612154
 0.0228899
0.000443423
-0.00165381
 -0.0693168
-0.00419448
  0.0232974
 -0.0582913
  0.0252388
0.00317582
-0.0289419
-0.0689453
 0.0254066
 0.0245245
-0.0511127
 0.0268806
0.000766985
 -0.0196302
 -0.0716057
  0.0146807
  0.0276308
 -0.0537612
  0.0249751
0.00189351
  0.016754
-0.0718574
-0.0260417
 0.0359527
-0.0611196
 0.0241003
   0.0070587
-0.000143815
  -0.0683221
 0.000251676
    0.033901
  -0.0593938
    0.023537
0.00819722
-0.0207447
-0.0727562
 0.0173891
 0.0323287
-0.0575482
 0.0240403
-0.00461393
 -0.0149323
 -0.0847764
 0.00825713
  0.0412449
 -0.0587227
  0.0257301
-0.00105462
 0.00894023
  -0.079036
 -0.0149443
  0.0442362
 -0.0614192
  0.0239445
 0.00619583
 0.00284026
   -0.06686
-0.00991096
  0.0412833
 -0.0562779
  0.0185516
-0.00133025
 -0.0214398
 -0.0737389
  0.0168498
  0.0482629
 -0.0530302
  0.0156154
0.00300805
-0.0162147
-0.0747576
0.00530901
 0.0479561
-0.0602207
 0.0170895
-2.39765e-05
  0.00420646
    -0.07598
 -0.00964729
   0.0432007
  -0.0676869
   0.0165382
-0.000215723
  0.00206128
  -0.0747935
-0.000215723
   0.0336325
  -0.0670158
   0.0158551
 0.00210923
-0.00903609
 -0.0734393
  0.0079815
  0.0342078
 -0.0602926
  0.0147885
0.000575239
 -0.0160589
 -0.0739307
  0.0126074
  0.0344571
 -0.0628812
  0.0146687
0.000898823
 0.00753808
  -0.075237
 -0.0145249
  0.0357801
 -0.0647148
  0.0147885
0.000119839
-0.00343948
 -0.0768069
-0.00719054
  0.0309481
 -0.0628093
  0.0148125
0.000479376
 -0.0161667
 -0.0778735
 0.00367915
  0.0257709
 -0.0676509
  0.0161188
 0.00871253
-0.00968326
 -0.0735711
-0.00583632
   0.030277
 -0.0731757
   0.022015
  0.0168019
 0.00286424
 -0.0726244
-0.00895221
  0.0309864
 -0.0675072
    0.02585
-0.00413458
-0.00130629
 -0.0880721
 -0.0002277
  0.0322328
 -0.0593579
  0.0285105
 0.00196542
-0.00986301
 -0.0857831
 0.00633965
   0.030392
 -0.0600649
  0.0300444
 0.0117445
-0.0100668
-0.0739666
 0.0131108
 0.0327696
-0.0699519
 0.0310391
 0.00110255
 0.00749015
 -0.0802224
-0.00727445
  0.0395575
 -0.0772743
  0.0314826
0.00408662
0.00145008
-0.0801625
0.00393083
 0.0394425
-0.0775619
 0.0278394
0.00294812
-0.0213679
-0.0803063
 0.0259458
 0.0433541
-0.0649185
 0.0287022
0.00214518
-0.0198698
-0.0801625
 0.0221109
 0.0462495
-0.0604125
 0.0272641
0.000503331
 0.00381097
 -0.0833622
-0.00127032
   0.048052
 -0.0658293
  0.0230816
 0.00145008
 0.00599211
 -0.0863583
-0.00281631
  0.0474384
 -0.0722769
  0.0201095
0.000431445
 -0.0254545
 -0.0857591
  0.0252268
  0.0454442
  -0.078976
  0.0183838
  0.00255263
-0.000359516
  -0.0837697
   0.0004554
   0.0459236
  -0.0833143
   0.0180482
0.00721451
-0.0130508
-0.0776098
 0.0125834
 0.0417051
-0.0720492
 0.0173172
 0.0081972
-0.0216675
-0.0825474
 0.0240523
 0.0430857
-0.0671236
 0.0179164
-0.00324773
 -0.0179883
  -0.106276
   0.027348
    0.04345
 -0.0721091
  0.0170655
-0.000299608
  0.00552473
   -0.104023
  -0.0193905
   0.0432966
   -0.079767
   0.0179524
 0.0111453
-0.0126793
-0.0895102
0.00625576
 0.0342078
-0.0846925
 0.0173891
0.000898801
 -0.0245796
 -0.0988938
  0.0245197
  0.0366046
  -0.076747
  0.0219192
0.00267249
-0.0165502
-0.0990376
0.00973119
 0.0360486
-0.0682981
 0.0280431
-0.00128232
-0.00221709
  -0.103244
-0.00286424
  0.0367772
 -0.0699639
   0.030392
 0.00116248
-0.00539289
  -0.100164
 0.00810134
  0.0407464
 -0.0768788
  0.0312908
-0.000107861
  -0.0169337
     -0.1034
   0.0164064
   0.0428747
  -0.0800426
    0.034203
-0.000119839
  -0.0189231
   -0.105905
   0.0198938
   0.0385988
  -0.0799947
   0.0332083
 0.00716656
0.000215723
 -0.0981388
  -0.010654
   0.040267
 -0.0753328
  0.0307635
 0.0131707
-0.0119962
-0.0923984
0.00716658
 0.0378893
-0.0724566
 0.0275517
-0.00532101
 -0.0196661
  -0.114126
  0.0300924
  0.0410915
 -0.0746138
  0.0279352
-0.00100666
  0.0122718
  -0.114126
 -0.0170296
  0.0438527
 -0.0873051
  0.0274319
 0.00734633
-0.00612395
 -0.0943398
    0.01975
  0.0418777
 -0.0891746
  0.0258979
-0.000659145
 -0.00517719
  -0.0964011
   0.0217274
   0.0446963
   -0.077502
   0.0246635
-0.000143815
 -0.00965928
  -0.0993013
   0.0288101
   0.0391357
   -0.076747
   0.0244958
-0.000179747
  0.00878444
   -0.100116
 0.000203745
    0.047726
  -0.0839016
   0.0241842
0.000311585
 0.00284026
  -0.097995
-0.00849683
  0.0514459
 -0.0887432
  0.0246036
-0.000491354
  -0.0181201
  -0.0988339
    0.028103
   0.0444854
  -0.0793116
   0.0249871
0.000443423
-0.00713061
 -0.0976355
  0.0117805
  0.0440828
 -0.0781731
  0.0262215
  -0.002277
 0.00328366
 -0.0991575
-0.00915593
  0.0460194
 -0.0863224
  0.0264971
  0.00826911
-0.000934755
  -0.0928418
  0.00571646
    0.048052
  -0.0919789
   0.0290618
  0.014417
-0.0150162
-0.0910921
0.00944358
 0.0452524
-0.0883836
  0.028894
-0.00539289
 -0.0249512
  -0.111262
  0.0163944
  0.0484354
 -0.0868257
  0.0325252
0.000719054
 -0.0117445
  -0.105449
-0.00716658
  0.0515034
 -0.0927459
  0.0299726
 0.00606402
 -0.0155915
 -0.0935009
-0.00293612
  0.0464413
 -0.0964491
  0.0215476
-3.59538e-05
  -0.0261735
  -0.0959337
  0.00411058
   0.0505447
  -0.0886353
    0.021272
0.00244479
-0.0287022
-0.0937885
 0.0119363
 0.0503337
-0.0793595
 0.0207807
 0.00238486
-0.00533298
 -0.0910681
-0.00849683
  0.0491257
 -0.0827511
  0.0212121
 0.00224105
-0.00855674
 -0.0921827
 0.00238486
  0.0493175
 -0.0894023
  0.0209484
0.00837697
-0.0188392
 -0.089618
 0.0110495
  0.050142
-0.0897139
 0.0226382
  0.0168978
-0.00390685
 -0.0854595
0.000107861
   0.045425
  -0.084285
  0.0225064
 0.0246516
-0.0187074
-0.0801864
 0.0163345
 0.0459619
-0.0836499
 0.0224345
0.00732235
 -0.019774
 -0.098726
 0.0214398
 0.0516568
-0.0823436
 0.0243999
 0.00979112
 -0.0104023
 -0.0985343
-0.00123438
  0.0461537
 -0.0878923
  0.0300684
 0.0207327
0.00475772
-0.0849921
-0.0160229
 0.0485697
-0.0988339
 0.0312549
  0.0161188
-0.00402669
 -0.0891506
-0.00290017
  0.0527689
 -0.0854715
  0.0325132
 0.0165143
-0.0111453
-0.0909723
0.00838895
 0.0491833
-0.0777537
 0.0329087
  0.0181801
-0.00244479
 -0.0899776
-0.00343945
  0.0502379
 -0.0841772
   0.033436
 0.0132785
-0.0142732
-0.0922546
 0.0079695
 0.0476109
-0.0935249
 0.0343947
  0.0131826
 0.00496147
 -0.0943038
-0.00926381
  0.0500653
 -0.0949031
  0.0329806
  0.0118524
 0.00248072
 -0.0940043
-0.00411058
  0.0468631
 -0.0800427
  0.0300924
  0.0198099
-0.00929977
 -0.0877605
 0.00492552
  0.0478985
 -0.0783169
  0.0270604
 0.0280071
-0.0148964
 -0.086646
 0.0155076
 0.0494709
-0.0928777
 0.0257181
 0.00472179
 0.00641155
  -0.113922
-0.00470979
   0.050468
 -0.0982347
  0.0271323
0.00695084
0.00838897
 -0.112041
 -0.017437
 0.0481095
-0.0923385
 0.0293494
 0.0158671
 -0.014417
-0.0946634
   0.01975
 0.0470165
-0.0816246
 0.0292655
 0.00945556
-0.00648346
 -0.0984864
  0.0167779
  0.0514267
  -0.090409
  0.0303081
 0.00605202
  0.0123917
  -0.105401
-0.00928777
  0.0500845
 -0.0995649
  0.0310152
 0.00530903
 0.00774182
  -0.105821
-0.00928777
  0.0507172
 -0.0961494
  0.0320458
 0.0018216
-0.0115528
 -0.106084
 0.0194264
 0.0493558
-0.0845607
 0.0323095
0.00298405
-0.0138418
 -0.104778
 0.0187673
 0.0507172
-0.0833263
 0.0327169
  0.0089043
-0.00476972
  -0.102968
-0.00385892
  0.0482437
 -0.0967966
  0.0297688
  0.0162386
 0.00203732
  -0.100308
-0.00878444
   0.048819
  -0.102189
  0.0243879
-0.00462591
-0.00153397
   -0.12152
 0.00167779
   0.051465
 -0.0870414
  0.0255384
 0.00236089
-0.00215716
  -0.116235
-0.00401472
  0.0505638
 -0.0782929
  0.0253946
 0.0100068
 -0.016754
 -0.101902
 0.0167899
 0.0493942
-0.0898817
 0.0216675
0.00310392
-0.0225783
 -0.105018
  0.022794
 0.0518869
 -0.099505
  0.020517
0.00304399
 0.0120561
 -0.106096
-0.0257781
 0.0501995
-0.0950948
 0.0200256
0.00170176
-0.0084369
 -0.105317
 0.0052491
 0.0497969
-0.0880841
 0.0221828
4.79311e-05
 -0.0173172
  -0.108985
  0.0175449
   0.051676
 -0.0856153
  0.0228419
 0.00097073
-0.00728642
  -0.109428
 0.00360725
  0.0526347
 -0.0946754
  0.0315545
-0.00184558
 -0.0232134
   -0.10968
    0.02887
  0.0493942
 -0.0968925
  0.0359766
  0.00808936
-0.000790961
   -0.102861
 0.000179769
   0.0518869
   -0.100955
   0.0352456
 0.0119363
0.00413458
 -0.100476
-0.0149204
 0.0507364
-0.0997327
 0.0376185
-0.00592022
  -0.018983
  -0.122922
  0.0229857
  0.0535935
 -0.0982706
  0.0361684
-0.000119839
  -0.0165742
   -0.120501
   0.0222787
   0.0513692
    -0.10159
   0.0368036
0.00777778
-0.0107618
  -0.10153
 0.0101506
 0.0492983
 -0.101518
 0.0328608
0.000443401
 0.00220509
  -0.104538
 0.00191748
  0.0526922
  -0.102633
  0.0320099
-0.0004554
0.00375106
  -0.11071
-0.0105701
 0.0520403
-0.0998166
 0.0291696
-0.00016777
 -0.0215237
   -0.11228
   0.027348
  0.0507556
 -0.0948791
  0.0262574
-0.00233693
-0.00557266
  -0.110231
   0.011373
  0.0541495
 -0.0891626
   0.024304
-0.00192946
-0.00861667
  -0.108637
 0.00949151
  0.0512925
 -0.0941481
   0.022794
0.00278035
-0.0153398
 -0.108805
  0.026593
 0.0497777
 -0.101446
 0.0246276
  0.00946754
-0.000707077
   -0.106024
-0.000563261
   0.0523279
  -0.0986781
   0.0264372
-0.00969524
-0.00165381
  -0.122371
-0.00596815
   0.050583
 -0.0936327
  0.0294333
-0.00451807
 -0.0155436
   -0.12315
  0.0218592
  0.0497969
  -0.094987
  0.0299486
 0.00715458
-0.00656735
   -0.10618
-0.00307994
  0.0491257
 -0.0974797
  0.0328488
-0.00391883
 -0.0230097
  -0.109236
  0.0286063
  0.0462112
 -0.0931054
  0.0324533
0.000587216
 -0.0142972
  -0.108997
  0.0231775
  0.0482053
 -0.0867658
  0.0324533
-0.00272042
  0.0100428
  -0.113598
 -0.0163824
  0.0491066
 -0.0916074
  0.0313148
-0.00290017
-0.00656735
  -0.114761
  0.0142852
  0.0460578
 -0.0982227
  0.0293733
-0.00280431
 -0.0041106
  -0.113598
 0.00874848
  0.0513692
   -0.09422
  0.0275278
-0.00112652
 -0.0075261
  -0.112784
  0.0237647
  0.0491833
 -0.0867897
  0.0253706
   0.004566
0.000455422
  -0.109704
  0.0210803
  0.0524238
 -0.0890068
  0.0264132
 0.00964729
-0.00679507
  -0.105533
  0.0195822
  0.0552617
 -0.0979351
  0.0269405
-0.00623179
-0.00837697
  -0.122491
  0.0343108
  0.0542454
 -0.0965569
  0.0274199
-0.00275638
  0.0101027
  -0.121041
 -0.0199777
  0.0540536
 -0.0929616
  0.0252268
 0.00794555
-0.00787364
  -0.106036
  0.0119483
  0.0488956
  -0.094208
  0.0264612
-0.000707077
  -0.0101746
   -0.110519
   0.0147046
    0.052999
  -0.0943278
   0.0271203
 0.00267249
-0.00284026
  -0.110878
-0.00330764
  0.0479561
 -0.0992174
  0.0309912
-0.00074303
-0.00619583
  -0.112939
  0.0166581
  0.0480136
 -0.0923984
  0.0334959
-4.79311e-05
 -0.00497347
   -0.111837
   0.0061599
    0.050583
  -0.0861306
   0.0327409
-0.00179765
 -0.0155316
  -0.114174
  0.0239205
  0.0457893
 -0.0958019
  0.0343108
 0.00110257
-0.00872451
  -0.112808
 0.00564457
  0.0496051
  -0.103915
  0.0310272
-0.00240884
-0.00339155
   -0.11397
 0.00131825
  0.0481286
  -0.101938
  0.0291936
 0.00612395
-0.00820918
  -0.107079
 0.00963533
  0.0517718
 -0.0903011
  0.0285105
  0.0107978
-0.00977915
  -0.105377
  0.0079815
  0.0535935
 -0.0912719
  0.0251908
-0.00523712
-0.00994689
  -0.125607
  0.0192586
  0.0580228
  -0.103855
  0.0250111
-0.00124634
-0.00789761
  -0.122059
   0.013698
  0.0552041
  -0.097983
  0.0264252
 0.00611195
-0.00587227
  -0.106839
  0.0224225
  0.0498544
 -0.0913198
  0.0272881
-3.59538e-05
  0.00142613
   -0.108577
  0.00834102
   0.0536701
  -0.0909483
   0.0292175
0.000371515
-0.00200137
  -0.112364
  0.0211282
  0.0479369
  -0.100596
  0.0279472
 0.00143811
-0.00384695
  -0.111765
   0.012883
   0.050583
 -0.0946634
  0.0268447
-0.00162985
 -0.0163584
  -0.112843
  0.0348022
  0.0459619
 -0.0892345
  0.0287382
0.000886824
  0.0111453
  -0.111142
 0.00891625
  0.0504872
   -0.09271
  0.0306676
-0.0009108
0.00650744
 -0.110243
 0.0134223
 0.0479369
-0.0975396
 0.0330885
0.000898823
-0.00480568
  -0.111597
  0.0385173
  0.0481862
 -0.0960775
  0.0319859
0.00605204
0.00433828
 -0.106456
 0.0243519
  0.048282
-0.0926501
 0.0297329
  0.0142972
0.000239699
  -0.101411
  0.0322855
  0.0502379
  -0.098007
  0.0285225
-0.00385892
 0.00395479
  -0.120429
 0.00758601
  0.0522704
  -0.100943
  0.0256942
0.000263654
-0.00183358
  -0.123378
  0.0174251
  0.0520403
 -0.0980909
  0.0251189
  0.0063876
 0.00134222
  -0.105174
-0.00246875
  0.0547248
 -0.0899176
  0.0241842
-0.00134225
-0.00198937
  -0.108301
  0.0116607
  0.0501036
 -0.0975276
   0.024328
 0.00179765
 0.00131825
  -0.107546
-0.00221709
   0.050909
  -0.098774
   0.025047
 -0.00074303
-0.000491354
   -0.110878
   0.0112172
   0.0465755
  -0.0967486
   0.0281989
 0.00051533
  0.0018336
  -0.110279
-0.00358327
  0.0495284
 -0.0950828
  0.0298407
-0.000503353
-0.000659145
   -0.109596
  0.00769387
   0.0445813
  -0.0962813
   0.0279592
 0.00135422
 0.00284026
  -0.106767
-0.00602806
  0.0474575
 -0.0968325
  0.0269645
-0.000443401
-0.000778962
   -0.110135
  0.00402669
   0.0414942
   -0.101902
   0.0284146
-9.5884e-05
-0.00467386
  -0.109883
0.000563261
   0.045751
 -0.0893424
  0.0299006
 0.00709465
-0.00524908
  -0.100667
 0.00768189
  0.0452524
 -0.0834701
  0.0307036
0.00788562
 0.0145249
-0.0984144
-0.0192467
 0.0481287
  -0.09271
 0.0271083
-0.00450605
 -0.0009108
  -0.120322
 0.00828109
  0.0499502
  -0.095706
  0.0282348
0.000946754
-0.00200137
  -0.119315
 0.00472179
  0.0519444
 -0.0822717
  0.0259698
0.00771782
-0.0015939
  -0.10189
 0.0158671
 0.0506214
-0.0805939
  0.022758
0.00155795
0.00523712
 -0.105473
0.00300803
 0.0487614
-0.0815526
 0.0226981
0.000886845
-0.00232495
  -0.109092
  0.0156754
  0.0473425
 -0.0940881
  0.0228779
 0.00164183
 0.00654339
  -0.104658
-0.00418249
  0.0505639
 -0.0927699
  0.0228539
0.000383492
-0.00530901
  -0.104203
  0.0176767
  0.0432966
 -0.0839854
   0.023585
0.00142613
0.00109057
 -0.103879
 0.0143691
 0.0477643
-0.0785446
 0.0253347
0.00167779
0.00403867
  -0.10334
0.00238486
 0.0491065
-0.0899656
 0.0272282
 0.000275653
-0.000419446
   -0.105257
   0.0166461
   0.0420695
   -0.101351
   0.0278513
0.000251655
0.000599215
  -0.104838
 0.00566855
  0.0464221
 -0.0898817
  0.0299246
 0.00112652
-0.00232493
  -0.102765
  0.0194744
   0.045981
 -0.0834342
  0.0277435
5.99084e-05
 0.00251668
  -0.103184
 0.00435028
  0.0468631
  -0.085879
  0.0278514
 0.00606404
-0.00105462
  -0.101075
  0.0163465
  0.0450415
 -0.0984144
  0.0277195
 0.00871253
0.000431445
 -0.0974437
 0.00550078
   0.049375
 -0.0930575
  0.0275877
-0.00488956
-0.00522512
  -0.115995
  0.0252028
  0.0448881
 -0.0824275
  0.0283667
0.00307994
0.00630369
 -0.112124
0.00412258
 0.0459619
-0.0781252
 0.0258859
 0.0110614
 0.0006831
 -0.106672
0.00853276
 0.0453675
-0.0928298
 0.0224465
 0.00794555
-0.00490154
  -0.111993
  0.0221588
  0.0483587
 -0.0965689
  0.0207087
 0.00778973
0.000874846
  -0.110219
 0.00473377
   0.044102
 -0.0886114
  0.0188751
 0.00677109
-0.00145008
  -0.107223
  0.0182999
  0.0408806
 -0.0824035
  0.0203372
0.00548878
0.00220509
 -0.105437
0.00583632
 0.0467672
-0.0834342
 0.0195822
0.00606402
-0.0057045
 -0.102585
 0.0223146
 0.0456935
-0.0927579
 0.0218113
0.00439821
0.00256463
-0.0973958
 0.0101386
 0.0447155
-0.0851958
 0.0222667
 0.00177367
-0.00441021
 -0.0936927
  0.0214757
   0.040708
 -0.0791918
  0.0217993
-0.00028763
 0.00318782
 -0.0937766
  0.0112532
  0.0448498
 -0.0814328
  0.0225184
0.000575261
-0.00545282
 -0.0948551
  0.0221349
  0.0464796
 -0.0867298
  0.0249871
-0.000251676
  0.00214516
  -0.0935249
  0.00925182
   0.0434884
  -0.0872811
   0.0277914
-0.000203724
 -0.00518917
  -0.0911041
   0.0203253
   0.0425488
   -0.084357
   0.0271323
-0.000359538
  0.00164185
  -0.0897858
  0.00248072
   0.0421461
  -0.0827271
   0.0255743
0.00677109
0.00367915
-0.0887072
0.00391885
 0.0411874
-0.0854715
 0.0236928
  0.0138897
  0.0124037
  -0.091152
-0.00654339
  0.0420694
 -0.0901094
  0.0217514
-0.00499742
  -0.018264
  -0.104179
  0.0194744
  0.0458085
 -0.0867898
  0.0222187
  0.00173772
 -0.00226502
  -0.0943758
-0.000635169
   0.0471891
  -0.0826911
   0.0229138
  0.00334359
-0.000755008
   -0.085879
 0.000707077
   0.0438143
  -0.0855913
   0.0214997
-0.00210923
-0.00129429
 -0.0917392
-0.00629172
  0.0431432
 -0.0880002
  0.0190669
0.000587238
-0.00370313
 -0.0945675
 0.00745419
  0.0410531
 -0.0885155
  0.0196422
 0.000143793
-1.19773e-05
   -0.091895
 -0.00412258
   0.0418585
  -0.0787004
    0.020481
-0.000886824
 -0.00258859
  -0.0900974
   0.0158072
   0.0403053
  -0.0760758
   0.0198459
 -0.00062317
-0.000347561
  -0.0917392
 0.000191746
   0.0433925
  -0.0776698
   0.0205769
-0.000131838
  -0.0036432
  -0.0945315
    0.015963
   0.0380427
  -0.0844648
   0.0217274
 0.000167792
-0.000671101
  -0.0932373
  0.00207325
   0.0407655
  -0.0798988
   0.0238486
-2.39765e-05
 -0.00370313
  -0.0909243
   0.0208885
   0.0374291
  -0.0722169
   0.0244838
-0.000143815
-0.000599215
   -0.089666
  0.00720252
   0.0404587
  -0.0631089
   0.0251549
0.000623192
-0.00280431
  -0.091188
  0.0233812
   0.036643
 -0.0679026
  0.0263054
 0.000407447
-0.000371515
  -0.0920988
  0.00771785
    0.037966
  -0.0748894
   0.0264132
0.000239699
-0.00254065
 -0.0905049
  0.0229977
  0.0335942
 -0.0844768
  0.0293254
-4.79529e-05
  0.00305598
    -0.08812
   0.0123318
    0.036873
  -0.0768309
    0.027312
-0.000359516
-0.000790961
  -0.0887552
   0.0230337
   0.0350898
  -0.0668241
   0.0221469
-0.000143815
    0.010618
  -0.0901334
  0.00527305
   0.0387714
  -0.0648466
   0.0216075
-0.000131816
  0.00280431
  -0.0913438
   0.0184917
   0.0378702
  -0.0703354
   0.0203253
5.99084e-05
-0.00590822
 -0.0904689
   0.022806
  0.0390015
 -0.0777057
  0.0181561
-3.59538e-05
 -0.00559664
  -0.0884676
    0.021248
    0.035224
  -0.0798509
   0.0183958
0.00420646
 0.0187314
  -0.08202
-0.0171974
 0.0339202
-0.0724207
 0.0191148
 0.00534496
-0.00608799
 -0.0858909
 0.00880839
  0.0343036
 -0.0666083
  0.0178445
 -0.00556066
-0.000311585
  -0.0992773
 -0.00360725
   0.0394233
  -0.0663327
   0.0187793
 0.00234891
  0.0061479
  -0.088863
-0.00859269
  0.0376017
 -0.0741824
  0.0180483
  0.00920388
-0.000695077
   -0.069892
   0.0117805
     0.03764
  -0.0809894
   0.0189111
0.00421844
0.00457798
-0.0725046
0.00378702
 0.0385988
-0.0756444
 0.0192467
0.00343948
 0.0018216
-0.0766631
  0.015963
 0.0338818
-0.0676509
 0.0194264
0.00419448
 0.0100188
-0.0757643
0.00353536
 0.0400561
-0.0640437
 0.0181202
 0.0040986
0.00172572
-0.0771784
 0.0211042
 0.0385796
-0.0697482
  0.019738
0.00554869
0.00962333
-0.0742542
0.00485361
 0.0373333
-0.0772863
 0.0204571
0.00363122
 0.0115887
-0.0741224
  0.012931
 0.0331724
-0.0798269
 0.0202413
0.00412258
 0.0167779
-0.0723967
 0.0011265
 0.0370265
-0.0677468
 0.0209964
 0.00414653
-0.00351138
 -0.0755126
  0.0424841
  0.0342461
 -0.0609518
  0.0217753
0.00425441
 0.0086646
 -0.076711
 0.0193665
 0.0356842
  -0.06227
 0.0215476
0.00115048
 0.0130029
-0.0762916
 0.0219791
  0.031159
-0.0677229
 0.0215596
0.00122238
 0.0135302
-0.0724566
 0.0148604
 0.0378126
-0.0727682
 0.0211881
0.00146208
  0.002277
-0.0726124
 0.0292415
 0.0343612
-0.0756444
 0.0187793
-0.000299608
  0.00898816
  -0.0728641
   0.0155915
   0.0348597
  -0.0640557
   0.0134463
0.000467377
  0.0119483
  -0.072912
 0.00663925
    0.03346
 -0.0596814
  0.0128711
-0.00141413
 0.00312787
 -0.0760399
  0.0191388
  0.0264612
 -0.0599571
  0.0125834
0.000623192
 0.00423044
 -0.0734992
  0.0041106
  0.0327697
 -0.0588066
  0.0125115
-0.000359538
 -0.00214518
  -0.0712342
   0.0160828
   0.0295674
  -0.0652421
   0.0132186
-0.00228898
 0.00399076
 -0.0697122
-0.00128232
  0.0303536
 -0.0632048
  0.0132785
-0.00110255
 0.00907205
 -0.0703834
 0.00240884
  0.0297401
 -0.0578718
  0.0141294
-0.00363122
  0.0210203
 -0.0727562
 -0.0140575
  0.0325204
 -0.0508611
  0.0151361
-0.00130629
  -0.017449
 -0.0749134
  0.0185516
  0.0290689
 -0.0460793
  0.0148605
-0.00171374
-0.00521312
 -0.0728162
-0.00559664
  0.0316575
 -0.0506693
  0.0148964
-0.00233693
  0.0020493
 -0.0684179
 -0.0148365
   0.030507
 -0.0594657
  0.0165382
-0.00373906
-0.00607601
 -0.0688734
 0.00303201
  0.0278034
 -0.0557866
  0.0168498
 -0.0013782
-0.00154595
 -0.0681543
 -0.0117925
  0.0302386
 -0.0596575
  0.0181201
-0.00215716
-0.00678307
 -0.0719293
  0.0138897
  0.0255791
  -0.060772
   0.017485
-0.000527308
 -0.00129431
  -0.0691729
   0.0122359
   0.0296633
  -0.0560622
   0.0156154
 -0.00100666
-0.000946754
  -0.0650743
  0.00194144
   0.0257134
  -0.0536893
   0.0165742
-0.000611192
 -0.00445812
  -0.0598492
    0.019019
   0.0253299
  -0.0527665
   0.0178325
-2.39765e-05
  0.00413455
  -0.0548877
 -0.00427837
   0.0296633
   -0.058483
   0.0174251
-0.00133025
-0.00679507
 -0.0552832
  0.0182999
  0.0221469
 -0.0608439
   0.018264
-0.000575239
  -0.0125595
   -0.056949
   0.0390686
   0.0260393
  -0.0512805
   0.0184437
  0.00588425
-0.000491354
  -0.0525269
    0.021248
   0.0284937
  -0.0575482
   0.0170296
0.00343948
0.00541687
-0.0543365
 0.0202294
 0.0238725
-0.0553192
 0.0166461
-0.00777778
 0.00677109
 -0.0667881
  0.0148844
  0.0292415
   -0.04862
  0.0160229
          0
-0.00511726
 -0.0591182
  0.0272401
  0.0276884
 -0.0529463
  0.0157113
0.00872453
0.00269645
-0.0499143
 0.0155196
 0.0256558
-0.0565656
 0.0149923
-0.0009108
0.00964729
-0.0541208
0.00451805
 0.0259243
-0.0603525
 0.0124157
 0.00104262
0.000527308
 -0.0566255
   0.017449
   0.023259
 -0.0517359
 0.00993492
   0.002289
-0.00129429
  -0.056997
  0.0191748
  0.0269214
 -0.0404827
 0.00878444
-7.19076e-05
   0.0115168
  -0.0552712
 -0.00476972
   0.0234507
  -0.0402191
  0.00804143
0.000515308
  0.0118884
 -0.0560742
 0.00328368
   0.021284
 -0.0414534
 0.00687893
0.00097073
 0.0137938
-0.0572846
0.00447012
 0.0223002
-0.0404827
0.00686698
0.000802939
 0.00312789
 -0.0551874
 0.00807736
  0.0199226
 -0.0411898
 0.00762196
0.000107861
 0.00107857
 -0.0536054
  0.0147526
  0.0208238
 -0.0452644
 0.00709465
 0.000611192
   0.0126434
  -0.0506933
-0.000587238
   0.0246587
  -0.0488237
  0.00699879
-0.000203724
   0.0160589
  -0.0517359
 -0.00985103
   0.0203253
  -0.0502738
  0.00661528
0.000419446
 0.00662728
 -0.0535815
 0.00776578
  0.0196733
 -0.0504656
 0.00977915
0.00016777
 0.0107379
-0.0533298
0.00252868
 0.0200376
-0.0397517
 0.0146927
-9.58622e-05
     0.01673
  -0.0497465
  -0.0043383
   0.0200184
  -0.0358089
   0.0166581
0.000515308
 0.00360727
 -0.0455161
  0.0115049
  0.0177942
 -0.0370912
  0.0164903
0.000647146
  0.0043263
 -0.0430114
 0.00232493
  0.0190981
 -0.0365878
  0.0184437
-0.000311585
   0.0124636
  -0.0375586
 -0.00814927
   0.0184461
  -0.0404228
   0.0194863
2.39765e-05
0.000179769
 -0.0380619
   0.012895
  0.0171806
 -0.0444735
  0.0183958
0.000215723
 0.00252865
 -0.0383016
 0.00945554
   0.018983
 -0.0445933
  0.0169697
-0.000107861
   0.0211522
  -0.0355332
  -0.0138777
   0.0184845
  -0.0409741
   0.0146088
7.19076e-05
  0.0155915
 -0.0355332
 0.00792157
  0.0176791
 -0.0369833
  0.0106659
0.00115048
-0.0122239
-0.0377383
 0.0313867
 0.0156466
-0.0254545
0.00711863
           0
-0.000167792
  -0.0386611
   0.0256942
   0.0132114
   -0.025119
  0.00545282
         0
 0.0212121
-0.0361205
 0.0095754
 0.0185228
-0.0253346
0.00444616
0.000263654
 0.00121041
 -0.0373428
  0.0281509
  0.0163369
 -0.0156514
 0.00481765
  0.00100668
-0.000934755
   -0.039476
   0.0262335
   0.0165286
  -0.0181681
  0.00498542
0.000371493
  0.0009108
 -0.0385053
  0.0201335
  0.0171998
 -0.0271922
 0.00581236
0.000275653
 0.00632767
 -0.0350059
 0.00212121
  0.0139592
 -0.0333042
 0.00554869
-0.000275653
 -0.00509331
   -0.037199
   0.0153638
   0.0111981
  -0.0391045
  0.00594418
 0.00127034
-0.00708268
  -0.036504
  0.0135901
  0.0167396
 -0.0374867
 0.00645951
-3.59538e-05
 -0.00617188
  -0.0347542
   0.0130029
   0.0170272
  -0.0383016
   0.0066033
0.000251676
 0.00303201
 -0.0310871
-0.00179762
  0.0146687
 -0.0417291
 0.00741824
-0.000323584
 -0.00627972
  -0.0335319
   0.0105461
    0.012176
  -0.0416332
  0.00818522
 0.00051533
-0.00486561
 -0.0348981
0.000371515
  0.0178709
 -0.0363721
 0.00755005
0.000215701
-0.00787364
 -0.0335438
 0.00714259
  0.0142852
 -0.0229977
 0.00788564
-0.000814916
   0.0061599
  -0.0331004
 -0.00299605
   0.0153782
  -0.0176168
  0.00659132
0.000299608
  0.0175209
 -0.0338554
 -0.0169217
  0.0179284
 -0.0224704
 0.00613592
0.000958731
 -0.0142612
 -0.0355692
  0.0140575
  0.0144002
 -0.0150881
 0.00494947
 -0.00028763
-0.000503331
  -0.0346704
 -0.00818522
   0.0159726
  -0.0128351
  0.00402671
 0.000395492
-7.19076e-05
  -0.0291936
 -0.00526108
   0.0158575
  -0.0160828
  0.00415851
-0.000491354
 0.000994685
  -0.0239445
 -0.00656737
   0.0154741
  -0.0145009
  0.00373908
0.000647146
 0.00353534
 -0.0198938
 -0.0109296
  0.0135949
 -0.0175449
  0.0038709
-0.000707077
 -0.00300803
  -0.0187673
   0.0043263
  0.00834103
  -0.0202653
  0.00467386
0.000467399
0.000383492
 -0.0166701
 -0.0002277
 0.00901211
 -0.0220629
 0.00467384
  -0.0006831
-1.19773e-05
  -0.0176648
 0.000575239
  0.00590585
  -0.0229618
  0.00429035
  0.00105459
-4.79529e-05
  -0.0156754
  0.00367915
  0.00617428
  -0.0239924
  0.00468584
-0.000659124
 -0.00303201
  -0.0162266
  0.00919191
  0.00458275
  -0.0245677
  0.00466186
0.000731031
0.000263654
 -0.0147166
  0.0123438
   0.006251
  -0.028882
 0.00473377
-0.000838893
  0.00436228
  -0.0149204
 -0.00106659
   0.0057524
  -0.0293733
  0.00415853
 0.0011505
 -0.004566
-0.0154836
 0.0193545
0.00519637
-0.0320099
0.00394281
 -0.0002277
0.000155792
 -0.0153758
 0.00838895
 0.00406505
 -0.0178565
 0.00383495
-8.39067e-05
 4.79311e-05
  -0.0145129
  0.00625576
  0.00464031
 -0.00609997
  0.00384695
0.000862869
5.99302e-05
 -0.0141294
  0.0112172
 0.00648107
 -0.0059322
 0.00334359
  0.00028763
-8.38849e-05
  -0.0156274
  0.00766991
  0.00316383
 -0.00529703
  0.00313987
0.000143815
0.000215701
 -0.0142612
 0.00599211
 0.00554149
-0.00264852
 0.00330764
0.000874846
-0.00333162
 -0.0140695
  0.0143811
 0.00640438
-0.00299605
 0.00316385
-2.39765e-05
  0.00200137
  -0.0146088
  0.00938365
  0.00331724
 -0.00360725
  0.00337955
-2.39765e-05
  0.00360727
  -0.0153398
 0.000467377
  0.00299125
 -0.00357129
  0.00333162
0.000239699
-0.00325973
  -0.015196
  0.0117445
 0.00218592
-0.00427837
  0.0029721
-0.000467399
  0.00028763
  -0.0155316
  0.00292415
  0.00646191
 -0.00276835
  0.00248072
0.000395492
-0.00016777
 -0.0138538
  0.0050214
 0.00636602
-0.00112652
 0.00197739
-0.000467399
 0.000203724
  -0.0143092
  0.00474575
  0.00337477
 -0.00291217
  0.00179765
 0.000143815
-2.39765e-05
  -0.0138418
  0.00522512
  0.00222425
 -0.00656735
  0.00213319
 2.39765e-05
-3.59538e-05
 -0.00771785
  0.00351138
  0.00232017
 -0.00395481
  0.00165383
-2.39765e-05
-1.19773e-05
 -0.00196542
  0.00232493
  0.00230097
 -0.00176167
  0.00190549
-3.59538e-05
-1.19773e-05
 0.000994685
  0.00135422
  0.00191745
 -0.00162985
  0.00213319
           0
-2.39765e-05
  0.00186955
 0.000647146
  0.00203254
 -0.00467386
  0.00208525
-3.59538e-05
-3.59538e-05
  0.00111452
 4.79311e-05
  0.00180244
 -0.00909602
   0.0018216
  9.5884e-05
           0
  0.00146208
-0.000898823
  0.00166819
  -0.0077418
  0.00125836
 1.19773e-05
 4.79311e-05
  0.00152199
-0.000970708
  0.00164902
 -0.00458995
  0.00110255
-3.59538e-05
 2.39765e-05
 0.000934777
  -0.0018216
  0.00147648
 -0.00400274
 0.000874846
0.000119839
          0
0.000707055
-0.00248075
 0.00132303
-0.00291217
0.000766985
1.19991e-05
3.59538e-05
0.000503353
-0.00302001
 0.00128474
-0.00231295
0.000587238
-2.39765e-05
           0
 0.000407447
 -0.00325973
  0.00118881
 -0.00219312
 0.000611192
5.99302e-05
1.19773e-05
0.000251676
-0.00300803
0.000613588
-0.00137818
  0.0004554
 0.000107861
           0
 0.000275631
 -0.00242082
-0.000287595
 -0.00097073
 0.000359516
 0.000143793
           0
 0.000419446
 -0.00179762
-0.000517734
-0.000826915
 0.000359538
 0.000143815
           0
 0.000635169
 -0.00111455
-0.000115052
 -0.00062317
 0.000239677
 0.000155792
-1.19773e-05
 0.000671123
-0.000755008
           0
-0.000479376
 0.000275631
 0.000131838
           0
 0.000575239
-0.000611192
-3.83274e-05
-0.000263654
 0.000335561
 4.79311e-05
           0
 0.000347539
-0.000491354
-3.83623e-05
-0.000155792
 0.000239699
 2.39765e-05
-2.39765e-05
 0.000119839
-0.000203724
 7.66898e-05
-0.000191746
 0.000191746
 -9.5884e-05
           0
-0.000131816
 -9.5884e-05
           0
-0.000131816
 0.000143793
-0.000203724
 2.39765e-05
-4.79311e-05
-5.99084e-05
 5.75261e-05
-2.39765e-05
 0.000131838
-0.000179769
-2.39765e-05
-2.39765e-05
-3.59538e-05
-3.83274e-05
-8.38849e-05
 0.000179769
-0.000119839
 1.19991e-05
 2.39765e-05
-3.59538e-05
           0
-0.000107861
 9.58622e-05
 1.19773e-05
 1.19773e-05
 2.39546e-05
-7.19076e-05
           0
-8.38849e-05
 8.38849e-05
 3.59538e-05
           0
 4.79529e-05
-0.000119839
           0
-7.19076e-05
  0.00011986
  9.5884e-05
           0
 0.000191746
-0.000179769
           0
-8.39067e-05
 0.000131816
 0.000143793
           0
 0.000275631
  -0.0002277
           0
-5.99084e-05
  9.5884e-05
 0.000179769
           0
 0.000275631
-0.000155792
           0
-7.19076e-05
 8.38849e-05
 0.000155792
-1.19773e-05
 8.38849e-05
-8.38849e-05
           0
-8.38849e-05
 0.000107861
           0
 1.19773e-05
           0
-2.39765e-05
           0
-2.39765e-05
 5.99084e-05
-3.59538e-05
           0
 2.39765e-05
-4.79311e-05
           0
-8.38849e-05
 5.99302e-05
 1.19991e-05
           0
-3.59538e-05
           0
           0
-4.79311e-05
 9.58622e-05
-2.39765e-05
           0
-3.59538e-05
           0
           0
-7.19076e-05
  9.5884e-05
           0
           0
 3.59538e-05
-1.19991e-05
 1.91637e-05
 2.39546e-05
 4.79311e-05
           0
           0
 2.39765e-05
-5.99084e-05
-1.91637e-05
 -0.00010784
 7.19076e-05
 2.39765e-05
           0
-1.19991e-05
 -9.5884e-05
           0
           0
  9.5884e-05
 2.39546e-05
           0
 4.79529e-05
 -0.00016777
           0
-3.59538e-05
 3.59538e-05
-2.39546e-05
           0
 3.59538e-05
-0.000131838
 3.83274e-05
-3.59538e-05
 5.99084e-05
           0
           0
-2.39765e-05
-0.000143793
-3.83274e-05
-4.79529e-05
 7.19076e-05
-2.39765e-05
           0
-3.59538e-05
-4.79529e-05
           0
-3.59538e-05
 8.38849e-05
           0
           0
           0
-7.19076e-05
           0
 -3.5932e-05
 4.79529e-05
-3.59538e-05
-1.19773e-05
-2.39765e-05
           0
 3.83274e-05
-2.39765e-05
 4.79311e-05
-1.19773e-05
 1.19773e-05
           0
-2.39546e-05
           0
           0
 5.99084e-05
 2.39546e-05
           0
 2.39765e-05
           0
-1.91637e-05
-4.79311e-05
 2.39765e-05
           0
           0
 3.59538e-05
-1.19773e-05
 1.91637e-05
-3.59538e-05
 8.38849e-05
 2.39765e-05
-1.19773e-05
 3.59538e-05
-2.39765e-05
-1.91637e-05
           0
 2.39765e-05
 2.39765e-05
 1.19773e-05
 5.99302e-05
           0
-1.91637e-05
-7.19076e-05
 3.59538e-05
 1.19773e-05
 1.19773e-05
 7.18857e-05
-4.79311e-05
 1.91637e-05
-3.59538e-05
 3.59538e-05
-1.19773e-05
-1.19773e-05
 1.19991e-05
           0
 1.91637e-05
-3.59538e-05
 2.39546e-05
 2.39546e-05
           0
           0
-3.59538e-05
-1.91637e-05
-1.19773e-05
 5.99302e-05
-2.39546e-05
           0
-5.99302e-05
-4.79529e-05
           0
-4.79529e-05
 3.59538e-05
-2.39765e-05
-2.39765e-05
           0
           0
           0
-2.39546e-05
 3.59538e-05
           0
 2.39765e-05
-2.39546e-05
-2.39546e-05
           0
           0
 2.39546e-05
-1.19773e-05
           0
 2.39546e-05
 1.19773e-05
 1.91637e-05
-3.59538e-05
 7.19076e-05
 1.19773e-05
           0
 2.39765e-05
-1.19773e-05
-1.91637e-05
-2.39765e-05
           0
 2.39765e-05
           0
 2.39546e-05
-3.59538e-05
-1.91637e-05
           0
 3.59538e-05
-2.39765e-05
           0
 1.19991e-05
-1.19773e-05
 3.83274e-05
-2.39765e-05
 3.59538e-05
 2.39765e-05
           0
           0
-1.19991e-05
-1.91637e-05
-2.39546e-05
 4.79529e-05
           0
           0
 2.39546e-05
-2.39546e-05
 1.91637e-05
-4.79311e-05
 4.79311e-05
           0
-2.39765e-05
-2.39546e-05
           0
-3.83274e-05
-1.19991e-05
 3.59538e-05
           0
 2.39765e-05
           0
           0
 1.91637e-05
-1.19773e-05
 1.19773e-05
           0
           0
           0
-2.39765e-05
 1.91637e-05
-3.59538e-05
 3.59538e-05
           0
 1.19773e-05
           0
-2.39765e-05
-1.91637e-05
           0
 3.59538e-05
 2.39546e-05
-1.19773e-05
 2.39546e-05
           0
           0
           0
 2.39765e-05
-2.39546e-05
           0
           0
-1.19773e-05
-1.91637e-05
-2.39765e-05
 1.19773e-05
 2.39546e-05
           0
 1.19991e-05
-2.39765e-05
 1.91637e-05
           0
 1.19773e-05
           0
           0
-1.19991e-05
           0
 1.91637e-05
-4.79311e-05
 1.19991e-05
-2.39546e-05
           0
 1.19991e-05
           0
           0
-3.59538e-05
 7.18857e-05
2.39546e-05
          0
          0
          0
          0
          0
2.39765e-05
-2.39546e-05
-2.39765e-05
-1.19991e-05
-2.39546e-05
           0
-4.79311e-05
 2.39765e-05
-1.19991e-05
 2.39765e-05
-3.59538e-05
           0
 3.83623e-05
-2.39765e-05
 1.19773e-05
-1.19773e-05
           0
-1.19773e-05
-2.39765e-05
           0
           0
 4.79311e-05
-1.19773e-05
           0
 2.39765e-05
           0
-5.75261e-05
-1.19773e-05
 2.39765e-05
           0
           0
 2.39546e-05
-2.39765e-05
 1.91637e-05
-2.39765e-05
 2.39765e-05
 3.59538e-05
           0
           0
 1.19991e-05
           0
-4.79311e-05
           0
           0
           0
           0
-4.79311e-05
           0
-2.39765e-05
 3.59538e-05
           0
           0
 4.79529e-05
-1.19991e-05
           0
-2.39546e-05
 7.18857e-05
 2.39546e-05
           0
           0
-4.79311e-05
           0
-3.59538e-05
           0
-2.39546e-05
           0
           0
-2.39765e-05
-1.91637e-05
-2.39765e-05
 1.19991e-05
2.39546e-05
          0
          0
          0
          0
          0
1.19773e-05
-2.39546e-05
           0
           0
           0
 1.91637e-05
           0
 3.59538e-05
 2.39546e-05
 1.19773e-05
           0
-2.39546e-05
           0
           0
 2.39765e-05
           0
-1.19773e-05
           0
           0
           0
-2.39546e-05
 1.19773e-05
           0
           0
           0
-1.19991e-05
           0
-2.39765e-05
           0
           0
           0
           0
           0
           0
-2.39765e-05
 2.39765e-05
-2.39546e-05
-1.19773e-05
           0
-2.39546e-05
-3.83274e-05
           0
 1.19773e-05
          0
1.19773e-05
          0
          0
1.91637e-05
          0
2.39765e-05
           0
           0
-3.59538e-05
-2.39765e-05
 1.91637e-05
-4.79311e-05
           0
-2.39765e-05
           0
 1.19773e-05
           0
           0
           0
  3.5932e-05
           0
           0
-4.79311e-05
           0
 3.83623e-05
-2.39765e-05
 3.59538e-05
           0
-2.39765e-05
           0
           0
-3.83623e-05
-3.59538e-05
           0
-1.19773e-05
 1.19991e-05
 2.39546e-05
-2.39765e-05
           0
           0
           0
          0
1.19773e-05
          0
          0
3.83623e-05
          0
3.59538e-05
 3.59538e-05
           0
 2.39765e-05
           0
-3.83623e-05
           0
 4.79529e-05
           0
           0
 2.39765e-05
-3.59538e-05
           0
-4.79311e-05
 2.39546e-05
2.39546e-05
          0
1.19773e-05
          0
          0
          0
          0
          0
1.19773e-05
1.19773e-05
          0
          0
          0
2.39765e-05
           0
-1.19773e-05
-1.19773e-05
           0
 3.83623e-05
-2.39765e-05
           0
           0
           0
           0
-2.39546e-05
-5.75261e-05
-1.19773e-05
 1.19773e-05
           0
           0
 1.19773e-05
-2.39765e-05
 1.91637e-05
-3.59538e-05
 2.39765e-05
 2.39765e-05
           0
-1.19773e-05
 1.19991e-05
 3.83623e-05
           0
           0
-2.39765e-05
-1.19773e-05
           0
-1.19991e-05
           0
-3.59538e-05
 3.59538e-05
           0
           0
           0
-2.39546e-05
           0
           0
           0
           0
 1.19773e-05
 1.19773e-05
           0
-3.83623e-05
-2.39546e-05
 2.39546e-05
 2.39765e-05
           0
-1.19773e-05
           0
 3.83623e-05
 2.39546e-05
           0
-2.39765e-05
           0
           0
           0
-3.83623e-05
-2.39546e-05
 2.39765e-05
 2.39765e-05
           0
-1.19773e-05
-1.19991e-05
           0
-1.19991e-05
           0
-2.39765e-05
           0
-2.39765e-05
           0
           0
-1.19773e-05
           0
          0
          0
          0
          0
3.83623e-05
2.39765e-05
4.79311e-05
           0
           0
 2.39765e-05
-2.39546e-05
-3.83623e-05
           0
           0
           0
-2.39765e-05
 1.19773e-05
           0
           0
-4.79529e-05
 3.59538e-05
           0
 2.39765e-05
-1.19773e-05
-2.39765e-05
           0
           0
           0
1.19991e-05
          0
1.19773e-05
2.39765e-05
          0
          0
2.39765e-05
 1.19773e-05
           0
           0
-3.59538e-05
           0
-2.39546e-05
           0
           0
           0
 1.19773e-05
           0
-1.91637e-05
-1.19991e-05
 1.19773e-05
           0
           0
 1.19991e-05
-1.19991e-05
 5.75261e-05
           0
 1.19991e-05
           0
           0
 2.39546e-05
 1.19991e-05
-5.75261e-05
-2.39546e-05
 3.59538e-05
           0
           0
-2.39546e-05
           0
 1.91637e-05
-1.19991e-05
-2.39765e-05
           0
           0
           0
-3.59538e-05
-1.91637e-05
 1.19991e-05
 2.39765e-05
          0
          0
          0
          0
1.91637e-05
          0
          0
           0
 1.19773e-05
           0
           0
 3.83623e-05
-3.59538e-05
           0
 2.39765e-05
-1.19773e-05
           0
           0
-3.83623e-05
-2.39765e-05
 4.79311e-05
-2.39765e-05
 1.19773e-05
-2.39765e-05
-1.19991e-05
           0
 2.39765e-05
 2.39546e-05
           0
-1.19773e-05
 1.19773e-05
           0
 3.83623e-05
-3.59538e-05
           0
           0
           0
           0
           0
           0
-1.19773e-05
           0
           0
           0
 1.19991e-05
-2.39546e-05
-3.83623e-05
 1.19773e-05
 1.19991e-05
-2.39765e-05
           0
-2.39765e-05
           0
           0
-1.19773e-05
 2.39546e-05
2.39765e-05
          0
          0
          0
3.83623e-05
          0
          0
-1.19773e-05
           0
 2.39765e-05
           0
-3.83623e-05
-2.39765e-05
 1.19991e-05
 1.19773e-05
           0
-1.19991e-05
-1.19991e-05
 3.83623e-05
           0
 1.19773e-05
           0
           0
 1.19991e-05
           0
           0
-4.79311e-05
           0
           0
 1.19773e-05
           0
-1.19773e-05
           0
           0
           0
 2.39765e-05
-2.39546e-05
 2.39546e-05
-2.39546e-05
           0
           0
 3.59538e-05
           0
 1.19773e-05
-2.39546e-05
           0
           0
           0
-2.39765e-05
           0
 1.19773e-05
 2.39546e-05
           0
           0
-2.39765e-05
 2.39765e-05
           0
-1.19773e-05
           0
           0
           0
-1.19773e-05
           0
           0
           0
           0
-1.19991e-05
           0
-2.39765e-05
 2.39765e-05
          0
          0
1.19991e-05
1.19991e-05
          0
          0
          0
           0
           0
-3.59538e-05
-1.19991e-05
-3.83623e-05
           0
           0
           0
           0
           0
-2.39546e-05
           0
           0
 3.59538e-05
-2.39765e-05
           0
           0
           0
           0
-2.39765e-05
           0
2.39765e-05
1.19773e-05
          0
          0
3.83623e-05
2.39765e-05
          0
           0
-1.19773e-05
 2.39546e-05
           0
           0
-4.79311e-05
 2.39546e-05
           0
           0
-2.39546e-05
-2.39765e-05
 1.91637e-05
           0
 2.39765e-05
           0
           0
-1.19991e-05
 2.39765e-05
-1.91637e-05
           0
           0
           0
           0
 3.59538e-05
-2.39765e-05
-3.83623e-05
-2.39765e-05
           0
          0
          0
          0
          0
3.83623e-05
          0
3.59538e-05
           0
           0
           0
-2.39765e-05
-3.83623e-05
           0
 2.39546e-05
           0
-3.59538e-05
           0
 2.39765e-05
           0
-1.19773e-05
           0
           0
 3.59538e-05
-2.39546e-05
-2.39765e-05
           0
           0
 2.39765e-05
  3.5932e-05
           0
           0
 2.39765e-05
           0
-2.39765e-05
-1.19773e-05
 -3.5932e-05
           0
 2.39546e-05
-3.59538e-05
 5.75261e-05
           0
 1.19773e-05
2.39546e-05
          0
          0
          0
          0
          0
2.39765e-05
           0
 1.19773e-05
           0
           0
-5.75261e-05
-4.79311e-05
 2.39546e-05
           0
-1.19773e-05
-2.39546e-05
           0
           0
 1.19773e-05
           0
           0
-1.19773e-05
 2.39546e-05
           0
           0
-2.39546e-05
           0
           0
 1.19773e-05
-2.39546e-05
-2.39765e-05
 3.83623e-05
-1.19991e-05
 2.39765e-05
-2.39546e-05
-1.19773e-05
 2.39546e-05
           0
-3.83623e-05
           0
           0
 2.39546e-05
-2.39765e-05
           0
           0
 5.75261e-05
           0
 2.39765e-05
           0
 2.39765e-05
           0
           0
-5.75261e-05
           0
 1.19773e-05
           0
           0
           0
-2.39546e-05
           0
-4.79311e-05
           0
           0
 1.19773e-05
-2.39546e-05
-1.19991e-05
           0
-2.39765e-05
           0
1.19773e-05
          0
2.39546e-05
1.19991e-05
3.83623e-05
          0
          0
           0
 1.19773e-05
           0
           0
           0
-1.19773e-05
 1.19773e-05
-1.19773e-05
-1.19773e-05
           0
           0
-3.83623e-05
           0
-1.19773e-05
          0
          0
          0
          0
3.83623e-05
1.19773e-05
3.59538e-05
           0
           0
           0
-2.39765e-05
-3.83623e-05
 -3.5932e-05
           0
          0
          0
          0
2.39765e-05
3.83623e-05
2.39546e-05
2.39546e-05
 1.19773e-05
           0
           0
-2.39765e-05
-3.83623e-05
-2.39546e-05
 1.19991e-05
-1.19773e-05
           0
           0
 1.19773e-05
 3.83623e-05
           0
 3.59538e-05
 1.19773e-05
           0
           0
           0
           0
           0
-4.79529e-05
-1.19773e-05
           0
           0
-1.19773e-05
-3.83623e-05
-3.59538e-05
 4.79529e-05
          0
          0
          0
          0
3.83623e-05
3.59538e-05
          0
          0
          0
1.19991e-05
          0
          0
          0
1.19773e-05
           0
           0
-3.59538e-05
           0
           0
-4.79529e-05
-1.19773e-05
           0
           0
 2.39546e-05
-1.19773e-05
 1.91637e-05
 1.19991e-05
 3.59538e-05
 1.19773e-05
           0
           0
           0
-5.75261e-05
-1.19991e-05
           0
           0
           0
-2.39546e-05
 1.19773e-05
           0
           0
 2.39546e-05
-1.19773e-05
           0
           0
-1.19773e-05
 3.83623e-05
-2.39546e-05
-2.39546e-05
1.19773e-05
          0
2.39546e-05
          0
          0
2.39546e-05
2.39546e-05
 1.19991e-05
           0
           0
-2.39765e-05
 1.91637e-05
-2.39546e-05
-2.39546e-05
-1.19991e-05
-2.39765e-05
           0
 2.39765e-05
           0
           0
 5.99084e-05
-1.19773e-05
 2.39765e-05
           0
-2.39765e-05
-5.75261e-05
           0
-1.19773e-05
 2.39765e-05
           0
 1.19991e-05
           0
 3.83623e-05
-2.39765e-05
 1.19773e-05
           0
-1.19773e-05
 1.19773e-05
           0
           0
-1.19773e-05
           0
           0
 1.19773e-05
           0
-2.39546e-05
 1.91637e-05
-1.19991e-05
           0
           0
 1.19773e-05
-2.39765e-05
 2.39546e-05
-5.75261e-05
           0
           0
-1.19991e-05
-1.19773e-05
           0
-2.39546e-05
           0
 1.19991e-05
           0
-1.19773e-05
           0
           0
 2.39546e-05
           0
-1.19991e-05
 4.79311e-05
 1.19773e-05
-1.19773e-05
           0
-2.39546e-05
           0
           0
-2.39546e-05
1.19991e-05
2.39546e-05
          0
          0
3.83623e-05
          0
2.39546e-05
           0
 1.19991e-05
           0
           0
 1.91637e-05
-3.59538e-05
           0
-1.19991e-05
-3.59538e-05
 1.19991e-05
-2.39765e-05
           0
           0
           0
 1.19991e-05
 1.19773e-05
           0
           0
-1.91637e-05
-2.39546e-05
 4.79529e-05
-1.19991e-05
           0
-3.59538e-05
 2.39765e-05
-3.83623e-05
           0
-3.59538e-05
          0
          0
2.39546e-05
          0
3.83623e-05
          0
          0
           0
           0
 1.19991e-05
-2.39765e-05
-3.83623e-05
-2.39765e-05
           0
 1.19991e-05
           0
 1.19773e-05
           0
 3.83623e-05
-2.39546e-05
 4.79311e-05
           0
           0
-1.19773e-05
-1.19773e-05
 1.91637e-05
           0
           0
