    -1.70165
     1.78778
-0.000169337
    -1.10403
    -1.94042
     1.49517
   -0.198733
    -1.70165
     1.78778
-0.000169517
    -1.10403
    -1.94042
     1.49517
   -0.198733
    -1.70165
     1.78778
-0.000169517
    -1.10403
    -1.94042
     1.49517
   -0.198733
    -1.70165
     1.78778
-0.000169517
    -1.10403
    -1.94042
     1.49517
   -0.198733
    -1.70165
     1.78778
-0.000169157
    -1.10403
    -1.94042
     1.49517
   -0.198733
    -1.70165
     1.78778
-0.000169038
    -1.10403
    -1.94042
     1.49517
   -0.198733
    -1.70165
     1.78778
-0.000168738
    -1.10403
    -1.94042
     1.49518
   -0.198733
    -1.70165
     1.78778
-0.000169817
    -1.10403
    -1.94042
     1.49517
   -0.198733
    -1.70165
     1.78778
-0.000162866
    -1.10403
    -1.94042
     1.49518
   -0.198733
    -1.70165
     1.78778
-0.000162446
    -1.10403
    -1.94042
     1.49517
   -0.198733
    -1.70165
     1.78778
-0.000158971
    -1.10403
    -1.94042
     1.49518
   -0.198733
   -1.70165
    1.78778
-0.00015226
   -1.10403
   -1.94042
    1.49518
  -0.198733
    -1.70165
     1.78778
-0.000140455
    -1.10403
    -1.94043
     1.49518
   -0.198734
   -1.70165
    1.78778
-0.00012895
   -1.10404
   -1.94043
    1.49519
  -0.198734
    -1.70165
     1.78778
-0.000103783
    -1.10403
    -1.94043
      1.4952
   -0.198735
    -1.70165
     1.78778
-6.01608e-05
    -1.10403
    -1.94043
      1.4952
   -0.198736
    -1.70165
     1.78777
-1.55792e-06
    -1.10401
    -1.94043
     1.49521
   -0.198737
   -1.70165
    1.78779
8.14927e-05
   -1.10404
   -1.94045
    1.49525
  -0.198748
   -1.70166
    1.78778
0.000168798
   -1.10402
    -1.9405
    1.49532
  -0.198772
   -1.70166
    1.78779
0.000264312
   -1.10403
   -1.94052
    1.49543
  -0.198805
   -1.70166
    1.78778
0.000370792
   -1.10403
   -1.94057
    1.49553
  -0.198845
   -1.70167
    1.78778
0.000475175
   -1.10403
   -1.94063
    1.49561
   -0.19889
   -1.70166
    1.78778
0.000588665
   -1.10403
   -1.94068
     1.4957
  -0.198929
  -1.70166
   1.78778
0.00070665
  -1.10403
  -1.94073
   1.49579
 -0.198966
  -1.70167
   1.78778
0.00082062
  -1.10403
   -1.9408
   1.49586
 -0.199001
   -1.70166
    1.78778
0.000940941
   -1.10403
   -1.94087
    1.49596
  -0.199037
  -1.70167
    1.7878
0.00105773
  -1.10407
  -1.94093
   1.49611
  -0.19907
  -1.70166
   1.78779
0.00117385
  -1.10408
  -1.94098
   1.49625
 -0.199099
  -1.70166
   1.78776
0.00128591
  -1.10405
  -1.94105
    1.4964
 -0.199129
 -1.70166
  1.78778
0.0013952
 -1.10411
  -1.9411
  1.49654
-0.199159
  -1.70166
   1.78777
0.00150744
  -1.10411
  -1.94117
   1.49669
 -0.199188
  -1.70166
   1.78777
0.00161589
  -1.10412
  -1.94123
   1.49687
 -0.199215
  -1.70166
   1.78778
0.00172992
  -1.10418
  -1.94129
   1.49701
 -0.199248
  -1.70166
   1.78777
0.00183712
  -1.10423
  -1.94137
   1.49709
  -0.19928
  -1.70166
   1.78775
0.00194067
  -1.10424
  -1.94144
   1.49715
  -0.19931
  -1.70166
   1.78776
0.00205541
  -1.10431
   -1.9415
   1.49722
  -0.19934
  -1.70167
   1.78772
0.00217052
  -1.10431
  -1.94157
   1.49729
 -0.199366
 -1.70166
  1.78771
0.0022975
 -1.10439
 -1.94163
  1.49735
 -0.19939
 -1.70167
  1.78775
0.0024488
 -1.10456
 -1.94172
   1.4974
-0.199413
  -1.70167
   1.78771
0.00260429
  -1.10463
  -1.94179
    1.4975
  -0.19944
  -1.70167
   1.78767
0.00277369
  -1.10472
  -1.94186
   1.49767
 -0.199465
  -1.70167
   1.78767
0.00295189
  -1.10478
  -1.94195
   1.49781
  -0.19949
  -1.70168
   1.78769
0.00314262
  -1.10485
  -1.94204
   1.49797
 -0.199522
  -1.70168
   1.78769
0.00333018
  -1.10491
  -1.94211
   1.49816
 -0.199559
  -1.70167
   1.78766
0.00351467
  -1.10488
  -1.94218
   1.49837
 -0.199594
  -1.70168
   1.78768
0.00369941
  -1.10494
  -1.94225
   1.49858
 -0.199632
  -1.70167
    1.7877
0.00388427
  -1.10499
  -1.94233
   1.49878
 -0.199671
  -1.70167
    1.7877
0.00406127
  -1.10504
  -1.94239
   1.49902
  -0.19971
  -1.70167
   1.78766
0.00424242
    -1.105
  -1.94245
   1.49924
 -0.199749
  -1.70167
   1.78768
0.00442793
  -1.10504
  -1.94251
   1.49942
 -0.199788
  -1.70167
   1.78769
0.00461614
  -1.10505
  -1.94258
   1.49952
 -0.199828
  -1.70167
   1.78769
0.00480807
  -1.10505
  -1.94266
   1.49964
 -0.199889
  -1.70167
   1.78766
0.00501007
  -1.10502
  -1.94273
   1.49977
 -0.199956
  -1.70167
   1.78762
0.00523585
  -1.10502
   -1.9428
   1.49988
 -0.200026
  -1.70167
   1.78756
0.00546523
  -1.10505
  -1.94288
   1.49999
 -0.200102
  -1.70167
    1.7876
0.00569646
  -1.10518
  -1.94296
   1.50012
 -0.200172
  -1.70168
   1.78755
0.00591997
   -1.1052
  -1.94306
   1.50033
 -0.200239
  -1.70167
    1.7875
0.00613862
  -1.10526
  -1.94316
   1.50059
 -0.200306
  -1.70167
    1.7875
0.00635763
  -1.10532
  -1.94327
   1.50085
  -0.20038
  -1.70167
   1.78745
0.00658018
   -1.1053
  -1.94339
    1.5011
 -0.200461
  -1.70167
   1.78745
0.00681147
  -1.10536
   -1.9435
   1.50133
 -0.200541
  -1.70167
   1.78745
0.00705883
  -1.10542
  -1.94361
   1.50154
 -0.200623
  -1.70168
   1.78743
0.00731751
  -1.10546
  -1.94372
   1.50173
  -0.20069
  -1.70168
   1.78739
0.00758188
  -1.10546
  -1.94383
   1.50193
 -0.200737
  -1.70168
   1.78739
0.00785266
  -1.10553
  -1.94394
   1.50214
 -0.200774
  -1.70168
   1.78737
0.00812045
   -1.1056
  -1.94405
   1.50236
 -0.200816
  -1.70167
   1.78728
0.00838207
  -1.10557
  -1.94416
   1.50262
 -0.200854
  -1.70167
   1.78725
0.00864758
  -1.10566
  -1.94428
   1.50289
 -0.200889
  -1.70168
   1.78726
0.00891626
   -1.1058
  -1.94441
   1.50312
 -0.200921
  -1.70167
    1.7872
0.00918111
  -1.10582
  -1.94452
   1.50336
 -0.200952
  -1.70167
   1.78714
0.00944806
  -1.10587
  -1.94463
   1.50361
 -0.200984
  -1.70167
    1.7871
0.00972772
  -1.10592
  -1.94476
    1.5038
 -0.201017
 -1.70168
  1.78704
0.0100025
 -1.10591
 -1.94489
    1.504
-0.201074
 -1.70167
  1.78699
0.0102898
 -1.10593
   -1.945
  1.50425
-0.201156
 -1.70167
  1.78694
0.0105787
 -1.10591
 -1.94512
  1.50451
-0.201255
 -1.70167
  1.78695
0.0108774
 -1.10596
 -1.94524
  1.50481
-0.201352
 -1.70168
  1.78693
0.0111887
 -1.10596
 -1.94539
  1.50511
-0.201447
 -1.70171
  1.78688
0.0114783
 -1.10592
 -1.94552
  1.50538
-0.201535
 -1.70174
  1.78684
0.0117882
 -1.10592
 -1.94566
  1.50566
-0.201623
 -1.70171
  1.78679
0.0121911
 -1.10593
 -1.94581
  1.50591
-0.201714
 -1.70171
  1.78681
 0.012562
 -1.10601
 -1.94593
  1.50615
-0.201807
 -1.70176
  1.78683
0.0128838
 -1.10612
 -1.94607
  1.50644
-0.201902
 -1.70177
  1.78682
0.0132173
  -1.1061
 -1.94622
  1.50676
-0.202004
 -1.70178
  1.78687
0.0135731
 -1.10617
 -1.94634
  1.50703
-0.202096
  -1.7018
  1.78689
0.0139267
 -1.10619
 -1.94651
  1.50728
-0.202188
  -1.7018
  1.78691
0.0142853
  -1.1062
 -1.94666
  1.50754
-0.202273
 -1.70182
  1.78694
0.0146296
  -1.1063
  -1.9468
  1.50783
-0.202349
 -1.70183
  1.78696
0.0149693
 -1.10634
 -1.94695
  1.50812
-0.202422
 -1.70185
  1.78701
0.0152996
 -1.10648
 -1.94709
  1.50844
-0.202489
 -1.70185
  1.78703
0.0156295
 -1.10658
 -1.94725
  1.50876
-0.202559
 -1.70187
  1.78698
0.0159604
 -1.10662
 -1.94742
  1.50909
 -0.20264
-1.70188
 1.78695
0.016314
-1.10671
-1.94759
 1.50938
-0.20272
  -1.7019
    1.787
0.0166647
 -1.10688
 -1.94775
  1.50964
  -0.2028
 -1.70191
  1.78704
0.0170111
 -1.10699
 -1.94792
  1.50993
-0.202879
 -1.70192
  1.78697
0.0173396
 -1.10694
 -1.94808
  1.51027
-0.202958
 -1.70193
  1.78699
0.0176824
 -1.10698
 -1.94824
  1.51062
-0.203025
 -1.70194
  1.78699
0.0180351
 -1.10697
 -1.94842
  1.51097
-0.203079
 -1.70195
  1.78696
0.0183934
 -1.10696
 -1.94859
  1.51127
-0.203134
 -1.70195
  1.78695
0.0187551
 -1.10697
 -1.94875
  1.51156
-0.203192
 -1.70197
  1.78692
0.0191102
 -1.10695
 -1.94894
  1.51186
-0.203259
 -1.70198
  1.78693
0.0194616
 -1.10701
 -1.94911
  1.51222
-0.203329
 -1.70198
  1.78691
 0.019815
 -1.10701
 -1.94929
  1.51258
-0.203419
 -1.70199
  1.78684
 0.020181
 -1.10705
 -1.94947
  1.51294
-0.203534
 -1.70199
  1.78672
 0.020571
 -1.10704
 -1.94966
  1.51327
-0.203658
   -1.702
  1.78671
0.0209837
 -1.10723
 -1.94981
  1.51354
-0.203779
 -1.70201
  1.78666
 0.021396
 -1.10731
 -1.94997
  1.51383
-0.203903
 -1.70201
   1.7866
0.0218008
  -1.1074
 -1.95015
  1.51423
-0.204035
 -1.70201
  1.78654
0.0222119
 -1.10748
 -1.95032
  1.51465
-0.204163
 -1.70201
  1.78647
0.0226333
 -1.10752
 -1.95049
  1.51505
-0.204289
 -1.70201
  1.78642
0.0230687
 -1.10759
 -1.95065
  1.51541
-0.204416
 -1.70201
  1.78636
0.0234899
 -1.10766
 -1.95083
  1.51575
 -0.20452
 -1.70201
  1.78635
0.0239106
 -1.10777
 -1.95102
  1.51613
-0.204611
 -1.70201
  1.78633
0.0243271
 -1.10784
  -1.9512
  1.51652
-0.204697
   -1.702
  1.78632
 0.024755
 -1.10792
 -1.95139
  1.51691
-0.204792
 -1.70203
   1.7863
 0.025166
 -1.10795
 -1.95156
  1.51727
-0.204883
 -1.70208
  1.78629
0.0255869
 -1.10801
 -1.95172
  1.51761
-0.204964
 -1.70205
  1.78624
0.0260637
 -1.10801
 -1.95191
  1.51797
-0.205045
 -1.70206
  1.78621
0.0265191
 -1.10807
 -1.95209
  1.51835
-0.205127
 -1.70209
  1.78626
0.0269301
 -1.10819
 -1.95227
  1.51875
-0.205208
 -1.70209
  1.78629
0.0273701
 -1.10831
 -1.95246
  1.51915
-0.205277
  -1.7021
  1.78628
0.0278016
 -1.10829
 -1.95266
  1.51951
-0.205347
 -1.70211
   1.7863
0.0282316
 -1.10831
 -1.95285
  1.51984
-0.205424
 -1.70211
  1.78632
0.0286551
 -1.10829
 -1.95306
  1.52018
-0.205532
 -1.70212
  1.78635
0.0290857
 -1.10832
 -1.95327
  1.52058
-0.205673
 -1.70213
  1.78637
0.0295218
 -1.10833
 -1.95348
    1.521
-0.205818
 -1.70214
  1.78638
0.0299635
 -1.10837
 -1.95369
  1.52138
 -0.20597
 -1.70215
  1.78639
0.0304075
 -1.10838
  -1.9539
  1.52173
-0.206122
 -1.70215
  1.78641
0.0308634
 -1.10845
 -1.95411
   1.5221
-0.206274
 -1.70216
  1.78643
0.0313314
 -1.10847
 -1.95432
  1.52249
-0.206426
 -1.70216
  1.78643
0.0318195
 -1.10855
 -1.95453
   1.5229
-0.206559
 -1.70217
  1.78642
0.0323032
 -1.10859
 -1.95475
  1.52327
-0.206671
 -1.70217
  1.78642
0.0327782
 -1.10868
 -1.95496
  1.52365
-0.206766
 -1.70218
  1.78641
0.0332542
 -1.10876
 -1.95516
  1.52405
-0.206849
 -1.70218
  1.78639
0.0337427
 -1.10885
 -1.95538
  1.52451
-0.206937
 -1.70218
  1.78639
0.0342303
 -1.10894
 -1.95561
  1.52497
-0.207028
 -1.70218
  1.78634
0.0347099
 -1.10899
 -1.95583
  1.52543
-0.207124
 -1.70221
   1.7863
0.0351609
 -1.10906
 -1.95604
  1.52587
-0.207224
 -1.70227
  1.78634
0.0356298
 -1.10922
 -1.95625
   1.5263
-0.207321
 -1.70226
  1.78633
0.0361705
 -1.10929
 -1.95648
  1.52674
-0.207413
 -1.70227
  1.78629
 0.036686
 -1.10933
 -1.95669
  1.52717
-0.207503
 -1.70231
  1.78627
0.0371447
 -1.10934
 -1.95692
  1.52759
-0.207596
 -1.70232
  1.78627
0.0376271
 -1.10941
 -1.95716
  1.52805
-0.207723
 -1.70233
  1.78627
0.0381238
 -1.10943
 -1.95738
  1.52852
-0.207877
 -1.70234
  1.78626
0.0386185
 -1.10949
 -1.95759
  1.52894
-0.208042
 -1.70235
  1.78624
0.0391002
 -1.10951
  -1.9578
  1.52932
-0.208197
 -1.70236
  1.78623
0.0395879
 -1.10954
 -1.95803
  1.52974
-0.208361
 -1.70238
  1.78622
0.0400764
 -1.10955
 -1.95827
  1.53017
 -0.20852
 -1.70238
  1.78621
0.0405718
 -1.10957
 -1.95848
  1.53062
-0.208664
 -1.70239
  1.78619
0.0410587
 -1.10959
 -1.95869
  1.53104
-0.208799
  -1.7024
  1.78617
0.0415449
 -1.10963
 -1.95892
  1.53143
-0.208915
  -1.7024
  1.78616
0.0420347
 -1.10964
 -1.95915
  1.53185
 -0.20902
  -1.7024
  1.78614
0.0425498
 -1.10967
 -1.95937
  1.53233
-0.209134
  -1.7024
  1.78613
0.0430697
 -1.10968
  -1.9596
  1.53276
-0.209252
 -1.70243
  1.78611
0.0435585
 -1.10975
 -1.95984
  1.53316
-0.209372
 -1.70249
   1.7861
0.0440483
 -1.10977
 -1.96007
  1.53355
-0.209501
 -1.70245
  1.78608
0.0446572
 -1.10985
  -1.9603
  1.53401
-0.209622
 -1.70246
  1.78607
0.0452569
 -1.10988
 -1.96055
  1.53447
 -0.20974
 -1.70249
  1.78606
0.0458075
 -1.10995
 -1.96077
  1.53492
-0.209871
 -1.70248
  1.78605
0.0463744
 -1.10999
   -1.961
  1.53531
-0.210009
 -1.70249
  1.78604
0.0469464
 -1.11008
 -1.96123
  1.53574
-0.210152
 -1.70249
  1.78604
0.0475074
 -1.11015
 -1.96145
   1.5362
-0.210302
 -1.70249
  1.78603
0.0480437
 -1.11024
 -1.96168
  1.53668
-0.210449
 -1.70249
  1.78604
 0.048564
 -1.11033
 -1.96191
  1.53709
-0.210596
 -1.70248
  1.78604
0.0490915
 -1.11042
 -1.96212
   1.5375
-0.210736
 -1.70248
  1.78605
0.0496203
 -1.11048
 -1.96234
  1.53799
-0.210855
 -1.70248
  1.78606
 0.050138
 -1.11056
 -1.96257
  1.53854
-0.210961
 -1.70248
  1.78606
0.0506513
  -1.1106
  -1.9628
  1.53902
-0.211071
 -1.70248
  1.78607
0.0511656
 -1.11065
 -1.96305
  1.53947
-0.211182
 -1.70251
  1.78607
0.0516623
 -1.11066
  -1.9633
  1.53992
-0.211292
 -1.70255
  1.78612
0.0521649
 -1.11071
 -1.96357
  1.54044
 -0.21141
 -1.70253
  1.78614
0.0527169
 -1.11073
 -1.96384
  1.54092
 -0.21154
 -1.70254
   1.7861
0.0532462
 -1.11069
 -1.96412
  1.54136
-0.211675
 -1.70258
  1.78608
0.0537448
 -1.11071
 -1.96437
  1.54183
-0.211807
  -1.7026
  1.78613
0.0542767
 -1.11083
 -1.96463
  1.54231
-0.211939
 -1.70264
  1.78611
 0.054795
 -1.11091
 -1.96488
  1.54278
-0.212073
 -1.70266
  1.78611
0.0553195
 -1.11101
 -1.96512
  1.54323
-0.212218
 -1.70268
   1.7861
 0.055851
 -1.11109
 -1.96536
  1.54369
-0.212369
 -1.70271
   1.7861
0.0563745
 -1.11117
 -1.96559
  1.54415
-0.212519
 -1.70274
   1.7861
0.0569022
 -1.11118
 -1.96583
  1.54462
-0.212668
 -1.70277
  1.78612
0.0574397
 -1.11122
 -1.96607
  1.54509
-0.212799
 -1.70278
  1.78611
0.0579806
 -1.11121
 -1.96632
  1.54553
-0.212917
 -1.70284
  1.78617
0.0584904
 -1.11128
 -1.96657
    1.546
-0.213037
 -1.70293
  1.78619
0.0589952
  -1.1113
 -1.96684
  1.54648
-0.213153
 -1.70292
   1.7862
0.0596052
 -1.11131
 -1.96712
  1.54694
-0.213268
 -1.70291
   1.7862
0.0602182
 -1.11134
 -1.96738
   1.5474
 -0.21339
 -1.70294
  1.78626
0.0607518
 -1.11139
 -1.96764
   1.5479
-0.213547
 -1.70293
  1.78636
0.0613135
 -1.11144
 -1.96789
  1.54841
-0.213726
 -1.70293
  1.78637
0.0618715
 -1.11139
 -1.96814
   1.5489
-0.213912
 -1.70292
  1.78639
0.0624331
  -1.1114
 -1.96839
  1.54936
 -0.21408
 -1.70292
  1.78644
0.0629932
 -1.11143
 -1.96863
  1.54986
-0.214247
 -1.70292
  1.78646
0.0635576
 -1.11148
 -1.96886
  1.55038
-0.214419
 -1.70292
  1.78649
0.0641145
 -1.11152
  -1.9691
  1.55084
 -0.21459
 -1.70291
  1.78654
0.0646806
 -1.11163
 -1.96934
   1.5513
-0.214744
 -1.70294
  1.78658
0.0652146
 -1.11171
 -1.96959
   1.5518
-0.214879
 -1.70297
  1.78659
0.0657601
 -1.11174
 -1.96984
  1.55232
-0.215004
 -1.70295
  1.78662
0.0663803
 -1.11184
 -1.97011
   1.5528
-0.215124
 -1.70295
  1.78669
0.0669719
 -1.11192
 -1.97038
  1.55324
-0.215244
   -1.703
  1.78681
0.0675203
 -1.11205
 -1.97064
  1.55373
-0.215368
 -1.70302
  1.78678
0.0680899
 -1.11208
 -1.97092
  1.55425
  -0.2155
 -1.70304
  1.78679
0.0686716
 -1.11217
 -1.97117
  1.55473
 -0.21564
 -1.70306
  1.78679
 0.069246
 -1.11227
 -1.97142
  1.55515
-0.215797
 -1.70306
  1.78681
0.0698153
 -1.11241
 -1.97166
  1.55561
-0.215962
 -1.70308
  1.78683
0.0703822
 -1.11254
  -1.9719
  1.55611
-0.216127
 -1.70309
  1.78681
0.0709602
 -1.11257
 -1.97214
  1.55658
 -0.21628
  -1.7031
  1.78685
0.0715311
  -1.1127
 -1.97237
  1.55702
-0.216435
 -1.70315
  1.78688
0.0720692
 -1.11272
 -1.97261
  1.55747
-0.216592
  -1.7032
  1.78687
0.0726175
  -1.1127
 -1.97285
  1.55797
-0.216738
 -1.70319
  1.78688
0.0732427
 -1.11268
  -1.9731
  1.55847
 -0.21687
 -1.70321
  1.78689
0.0738137
 -1.11268
 -1.97338
  1.55892
-0.217001
 -1.70326
  1.78689
0.0742851
 -1.11269
 -1.97364
  1.55937
-0.217127
 -1.70327
  1.78689
0.0747886
 -1.11269
 -1.97391
  1.55984
 -0.21725
 -1.70328
  1.78694
0.0752998
 -1.11276
 -1.97416
  1.56033
 -0.21738
 -1.70329
  1.78696
0.0758058
 -1.11274
 -1.97442
  1.56079
-0.217512
-1.70331
 1.78695
0.076306
-1.11272
-1.97467
 1.56126
-0.21765
 -1.70333
  1.78694
0.0768213
 -1.11271
 -1.97491
  1.56173
-0.217803
 -1.70339
  1.78694
0.0773172
 -1.11271
 -1.97515
  1.56221
-0.217962
-1.70348
 1.78696
0.077809
-1.11274
-1.97539
 1.56267
-0.21813
 -1.70348
  1.78703
0.0783929
 -1.11285
 -1.97566
  1.56311
-0.218295
  -1.7035
   1.7871
0.0789763
  -1.1129
  -1.9759
   1.5636
-0.218444
 -1.70354
  1.78708
0.0795027
 -1.11289
 -1.97615
  1.56415
-0.218589
 -1.70356
  1.78706
0.0800322
 -1.11286
  -1.9764
  1.56466
 -0.21873
 -1.70358
  1.78715
0.0805693
 -1.11299
 -1.97664
  1.56514
-0.218865
 -1.70361
  1.78717
0.0811065
 -1.11306
  -1.9769
  1.56565
-0.219006
 -1.70364
  1.78719
0.0816474
 -1.11312
 -1.97715
  1.56616
-0.219136
 -1.70367
  1.78729
 0.082184
 -1.11325
  -1.9774
  1.56663
-0.219265
 -1.70369
  1.78727
0.0827275
 -1.11327
 -1.97766
  1.56715
-0.219398
 -1.70377
  1.78725
0.0832367
 -1.11329
 -1.97791
  1.56767
-0.219531
 -1.70387
  1.78733
 0.083745
 -1.11343
 -1.97814
   1.5681
-0.219673
 -1.70388
   1.7874
0.0843511
 -1.11357
  -1.9784
  1.56853
-0.219823
  -1.7039
  1.78746
0.0849429
 -1.11362
 -1.97863
  1.56898
 -0.21997
 -1.70397
  1.78744
0.0854489
 -1.11355
 -1.97888
  1.56946
-0.220131
 -1.70399
  1.78744
0.0859796
 -1.11348
 -1.97913
  1.56992
-0.220298
 -1.70402
  1.78756
0.0865292
 -1.11352
 -1.97939
  1.57036
-0.220464
 -1.70405
  1.78763
0.0870664
 -1.11354
 -1.97967
  1.57078
-0.220606
 -1.70407
  1.78768
0.0875872
 -1.11348
 -1.97994
  1.57125
-0.220728
  -1.7041
   1.7877
0.0881135
 -1.11339
  -1.9802
  1.57175
-0.220855
 -1.70415
  1.78773
0.0886335
 -1.11334
 -1.98046
  1.57221
-0.220988
 -1.70426
  1.78776
0.0891213
 -1.11328
 -1.98073
   1.5726
-0.221116
 -1.70426
  1.78784
0.0897045
 -1.11332
 -1.98101
  1.57303
-0.221246
 -1.70428
  1.78794
 0.090279
 -1.11341
 -1.98126
   1.5735
-0.221383
 -1.70434
  1.78794
0.0907895
 -1.11333
 -1.98152
    1.574
-0.221521
 -1.70436
  1.78793
0.0912952
 -1.11321
 -1.98179
  1.57444
-0.221666
 -1.70438
  1.78805
0.0918073
 -1.11331
 -1.98203
  1.57484
-0.221813
  -1.7044
  1.78816
0.0923414
 -1.11341
 -1.98229
  1.57527
-0.221968
 -1.70442
  1.78815
 0.092871
 -1.11327
 -1.98256
  1.57579
-0.222124
 -1.70442
  1.78821
0.0933956
  -1.1133
  -1.9828
  1.57625
 -0.22228
 -1.70444
   1.7883
0.0939066
 -1.11342
 -1.98306
  1.57666
-0.222445
  -1.7045
  1.78838
0.0943936
 -1.11341
  -1.9833
  1.57709
-0.222597
  -1.7046
  1.78848
0.0948649
 -1.11353
 -1.98354
   1.5776
-0.222734
 -1.70459
  1.78848
0.0954355
 -1.11353
  -1.9838
  1.57808
-0.222861
 -1.70462
  1.78851
0.0959783
 -1.11357
 -1.98405
  1.57851
-0.222988
 -1.70469
  1.78858
0.0964387
 -1.11364
 -1.98428
  1.57891
-0.223123
 -1.70472
  1.78866
0.0969309
 -1.11375
 -1.98451
  1.57938
-0.223265
 -1.70475
  1.78866
0.0974314
 -1.11375
 -1.98475
  1.57986
-0.223404
 -1.70478
  1.78866
0.0979249
  -1.1137
 -1.98498
  1.58029
-0.223546
  -1.7048
  1.78876
0.0984098
 -1.11385
 -1.98522
  1.58069
-0.223702
 -1.70482
  1.78883
0.0989177
 -1.11393
 -1.98548
  1.58111
 -0.22385
 -1.70488
  1.78881
0.0993937
 -1.11388
 -1.98573
   1.5816
-0.224001
 -1.70499
  1.78881
0.0998466
 -1.11382
 -1.98596
  1.58206
-0.224155
   -1.705
  1.78891
 0.100387
 -1.11395
  -1.9862
  1.58246
-0.224304
 -1.70502
  1.78899
 0.100923
 -1.11404
 -1.98645
  1.58286
-0.224451
  -1.7051
  1.78897
 0.101375
 -1.11397
 -1.98667
  1.58332
-0.224592
 -1.70513
  1.78897
 0.101846
 -1.11389
 -1.98691
  1.58378
-0.224724
 -1.70517
  1.78908
 0.102313
 -1.11403
 -1.98716
  1.58418
-0.224856
  -1.7052
  1.78917
 0.102783
 -1.11412
  -1.9874
  1.58458
-0.224968
 -1.70521
  1.78916
 0.103272
 -1.11407
 -1.98764
  1.58502
-0.225078
 -1.70523
  1.78917
 0.103745
 -1.11402
 -1.98789
  1.58547
-0.225204
-1.70525
 1.78928
0.104228
-1.11416
-1.98811
 1.58587
-0.22534
 -1.70531
  1.78936
 0.104676
 -1.11425
 -1.98833
  1.58625
-0.225479
 -1.70541
  1.78935
 0.105098
 -1.11421
 -1.98858
   1.5867
-0.225634
 -1.70542
  1.78935
 0.105619
 -1.11416
 -1.98881
  1.58718
-0.225781
 -1.70544
  1.78945
 0.106139
  -1.1143
   -1.989
  1.58761
-0.225931
 -1.70552
  1.78951
 0.106568
 -1.11433
 -1.98921
  1.58801
-0.226081
 -1.70557
  1.78951
 0.106996
 -1.11429
 -1.98945
  1.58842
-0.226216
 -1.70561
   1.7895
 0.107436
 -1.11431
 -1.98965
  1.58886
-0.226336
 -1.70565
  1.78951
 0.107899
 -1.11432
 -1.98986
  1.58929
-0.226447
 -1.70568
  1.78947
 0.108362
 -1.11432
 -1.99009
   1.5897
-0.226551
 -1.70572
  1.78947
 0.108805
 -1.11438
 -1.99032
  1.59005
-0.226658
 -1.70574
   1.7895
 0.109259
  -1.1145
 -1.99054
  1.59039
-0.226769
 -1.70581
  1.78952
 0.109689
 -1.11461
 -1.99075
  1.59078
-0.226879
 -1.70591
  1.78937
 0.110131
  -1.1145
 -1.99098
  1.59121
-0.226989
 -1.7059
 1.78932
 0.11068
-1.11454
-1.99118
 1.59161
-0.22709
 -1.70591
  1.78938
 0.111219
 -1.11466
  -1.9914
  1.59194
-0.227191
 -1.70596
  1.78943
 0.111682
 -1.11478
 -1.99162
  1.59228
-0.227294
 -1.70595
  1.78935
 0.112178
 -1.11477
 -1.99184
  1.59264
-0.227411
 -1.70594
  1.78927
 0.112696
 -1.11474
 -1.99205
  1.59305
-0.227541
 -1.70592
  1.78938
 0.113216
 -1.11492
 -1.99225
  1.59345
-0.227673
 -1.70589
  1.78945
 0.113737
 -1.11505
 -1.99246
  1.59383
-0.227807
 -1.70583
   1.7894
 0.114267
 -1.11504
 -1.99265
  1.59418
-0.227947
 -1.70575
  1.78941
 0.114806
 -1.11514
 -1.99283
  1.59452
-0.228082
 -1.70566
  1.78952
 0.115332
 -1.11532
 -1.99302
  1.59489
-0.228213
 -1.70562
  1.78948
 0.115827
 -1.11532
 -1.99321
  1.59531
-0.228338
 -1.70558
  1.78955
 0.116307
 -1.11548
 -1.99338
  1.59568
-0.228453
 -1.70544
  1.78963
 0.116889
 -1.11566
 -1.99357
  1.59601
-0.228553
-1.70531
 1.78975
0.117448
-1.11581
-1.99374
 1.59634
-0.22865
 -1.70525
  1.78975
  0.11794
 -1.11586
 -1.99393
  1.59672
-0.228751
 -1.70514
  1.78981
  0.11846
   -1.116
 -1.99412
  1.59711
-0.228855
 -1.70505
  1.78997
 0.118974
 -1.11622
 -1.99431
   1.5975
-0.228969
 -1.70496
  1.79005
 0.119472
 -1.11633
 -1.99452
  1.59785
-0.229078
 -1.70486
  1.79007
 0.119938
 -1.11637
 -1.99473
  1.59818
-0.229191
 -1.70475
  1.79013
 0.120395
  -1.1164
 -1.99494
   1.5985
-0.229295
 -1.70465
  1.79032
 0.120835
 -1.11653
 -1.99514
  1.59884
-0.229399
 -1.70456
  1.79049
 0.121276
 -1.11662
 -1.99535
  1.59922
-0.229534
 -1.70452
  1.79054
  0.12165
  -1.1166
 -1.99555
  1.59961
-0.229671
 -1.70452
   1.7906
 0.122004
 -1.11662
 -1.99575
  1.59995
-0.229812
 -1.70445
  1.79071
 0.122452
 -1.11666
 -1.99594
  1.60023
-0.229955
 -1.70439
  1.79075
 0.122911
 -1.11666
 -1.99611
  1.60055
-0.230091
 -1.70439
  1.79084
 0.123278
 -1.11671
 -1.99628
  1.60091
-0.230228
 -1.70437
  1.79094
  0.12365
 -1.11677
 -1.99647
  1.60126
-0.230358
 -1.70436
  1.79105
 0.124032
 -1.11683
 -1.99665
  1.60157
-0.230466
-1.70435
 1.79107
0.124407
-1.11674
-1.99683
 1.60188
-0.23057
 -1.70433
  1.79115
 0.124782
 -1.11674
 -1.99699
  1.60217
-0.230668
 -1.70431
  1.79128
 0.125159
 -1.11684
 -1.99715
  1.60247
-0.230769
 -1.70432
  1.79136
 0.125525
 -1.11682
 -1.99733
  1.60282
-0.230863
 -1.70432
  1.79135
 0.125881
 -1.11679
 -1.99749
  1.60318
-0.230958
 -1.70432
  1.79137
 0.126228
 -1.11677
 -1.99766
   1.6035
-0.231059
 -1.70433
  1.79149
 0.126555
 -1.11686
 -1.99785
  1.60379
-0.231169
 -1.70437
  1.79159
 0.126861
 -1.11691
 -1.99804
  1.60408
-0.231279
 -1.70444
  1.79157
 0.127161
 -1.11682
 -1.99823
  1.60439
-0.231387
 -1.70441
  1.79158
 0.127576
  -1.1168
 -1.99843
  1.60469
-0.231477
 -1.70443
  1.79167
 0.127968
 -1.11688
 -1.99861
  1.60496
-0.231552
 -1.70447
  1.79176
 0.128287
 -1.11694
 -1.99876
  1.60521
-0.231631
 -1.70449
  1.79173
 0.128601
 -1.11691
 -1.99893
  1.60549
-0.231714
 -1.70451
  1.79169
 0.128922
 -1.11684
 -1.99909
  1.60576
-0.231804
 -1.70453
  1.79177
 0.129244
 -1.11694
 -1.99921
  1.60603
-0.231904
 -1.70454
  1.79179
 0.129576
 -1.11699
 -1.99934
  1.60631
-0.231999
 -1.70457
  1.79173
 0.129892
  -1.1169
 -1.99947
   1.6066
-0.232098
 -1.70458
  1.79174
 0.130207
  -1.1169
 -1.99959
  1.60692
-0.232187
 -1.70461
   1.7918
 0.130505
 -1.11692
 -1.99971
  1.60718
-0.232271
 -1.70463
  1.79187
 0.130781
 -1.11693
 -1.99983
  1.60738
-0.232352
 -1.70464
  1.79192
 0.131068
 -1.11693
 -1.99995
   1.6076
-0.232427
 -1.70467
  1.79191
 0.131348
 -1.11684
 -2.00008
  1.60782
-0.232495
 -1.70468
  1.79192
 0.131649
 -1.11677
 -2.00018
  1.60803
-0.232558
 -1.70474
  1.79207
 0.131916
 -1.11686
 -2.00029
  1.60827
-0.232621
 -1.70484
  1.79216
 0.132163
 -1.11691
 -2.00044
  1.60852
-0.232686
 -1.70485
  1.79215
 0.132496
 -1.11679
  -2.0006
  1.60879
-0.232747
 -1.70486
  1.79223
 0.132813
 -1.11679
 -2.00076
  1.60905
-0.232811
 -1.70493
  1.79233
 0.133042
 -1.11678
  -2.0009
  1.60925
-0.232873
 -1.70496
  1.79244
 0.133287
 -1.11678
 -2.00105
  1.60947
-0.232938
 -1.70499
  1.79259
 0.133539
 -1.11678
 -2.00121
  1.60966
-0.233005
 -1.70501
  1.79259
 0.133799
 -1.11669
 -2.00136
  1.60985
-0.233078
 -1.70502
  1.79263
 0.134066
 -1.11665
  -2.0015
  1.61007
-0.233155
 -1.70503
  1.79273
 0.134323
 -1.11665
 -2.00166
  1.61031
-0.233238
 -1.70506
  1.79283
 0.134562
 -1.11666
 -2.00182
  1.61058
-0.233327
 -1.70506
  1.79294
 0.134799
 -1.11665
 -2.00196
  1.61082
-0.233421
 -1.70506
  1.79292
 0.135033
 -1.11655
 -2.00209
  1.61108
-0.233512
 -1.70507
  1.79294
 0.135268
  -1.1165
 -2.00221
  1.61127
-0.233594
 -1.70507
    1.793
   0.1355
 -1.11655
 -2.00229
  1.61144
-0.233667
 -1.70507
  1.79304
 0.135742
 -1.11661
  -2.0024
  1.61162
-0.233735
 -1.70509
  1.79314
 0.135955
 -1.11673
  -2.0025
  1.61179
-0.233811
 -1.70509
  1.79309
 0.136198
 -1.11673
  -2.0026
  1.61199
-0.233892
 -1.70511
  1.79304
 0.136421
 -1.11674
 -2.00269
   1.6122
-0.233974
 -1.70511
  1.79311
 0.136637
 -1.11689
 -2.00278
  1.61242
-0.234056
 -1.70517
   1.7931
 0.136817
 -1.11699
 -2.00286
  1.61268
-0.234132
 -1.70524
  1.79315
  0.13698
 -1.11714
 -2.00294
   1.6129
-0.234204
 -1.70523
  1.79322
 0.137229
 -1.11728
 -2.00303
  1.61306
-0.234259
 -1.70523
  1.79319
 0.137487
 -1.11724
 -2.00312
  1.61321
-0.234297
 -1.70528
  1.79319
 0.137665
 -1.11723
 -2.00319
  1.61335
-0.234331
 -1.70529
  1.79326
 0.137845
 -1.11729
 -2.00328
  1.61346
-0.234362
  -1.7053
  1.79328
 0.138031
  -1.1173
 -2.00336
  1.61357
-0.234394
 -1.70531
  1.79335
 0.138215
 -1.11736
 -2.00344
  1.61368
-0.234426
-1.70533
 1.79344
0.138377
-1.11741
-2.00352
 1.61379
-0.23446
 -1.70534
  1.79341
 0.138553
 -1.11731
 -2.00358
  1.61395
-0.234492
 -1.70535
  1.79341
 0.138724
 -1.11724
 -2.00366
  1.61414
-0.234524
 -1.70535
  1.79347
 0.138884
 -1.11725
 -2.00375
   1.6143
-0.234555
 -1.70536
  1.79348
 0.139033
 -1.11723
 -2.00385
  1.61449
-0.234585
 -1.70537
  1.79348
 0.139178
 -1.11723
 -2.00393
  1.61471
-0.234616
 -1.70537
  1.79353
 0.139315
 -1.11726
   -2.004
   1.6149
-0.234654
 -1.70537
   1.7936
 0.139452
 -1.11727
 -2.00409
  1.61502
-0.234705
 -1.70538
  1.79355
  0.13959
 -1.11715
 -2.00419
   1.6151
-0.234763
 -1.70539
  1.79354
 0.139722
 -1.11706
 -2.00427
  1.61519
-0.234819
  -1.7054
  1.79357
 0.139863
 -1.11706
 -2.00435
  1.61527
-0.234874
 -1.70541
  1.79356
 0.139998
 -1.11705
 -2.00443
  1.61535
-0.234926
-1.70541
 1.79355
0.140123
-1.11705
-2.00451
 1.61543
-0.23498
 -1.70542
  1.79355
 0.140247
 -1.11705
 -2.00461
  1.61549
-0.235035
 -1.70544
  1.79355
  0.14036
 -1.11703
 -2.00469
  1.61555
-0.235085
 -1.70544
  1.79358
  0.14049
 -1.11704
 -2.00477
  1.61561
-0.235131
 -1.70546
  1.79364
 0.140599
 -1.11705
 -2.00485
   1.6157
-0.235178
 -1.70546
  1.79359
  0.14072
 -1.11692
 -2.00491
  1.61583
-0.235227
 -1.70548
   1.7936
 0.140819
 -1.11685
 -2.00495
  1.61597
-0.235278
 -1.70548
  1.79363
 0.140909
  -1.1168
 -2.00498
  1.61611
-0.235334
-1.70549
 1.79363
   0.141
-1.11675
-2.00501
 1.61626
-0.23538
  -1.7055
  1.79365
 0.141074
 -1.11674
 -2.00502
  1.61639
-0.235401
 -1.70551
  1.79365
 0.141142
 -1.11678
 -2.00505
   1.6165
-0.235411
 -1.70552
  1.79362
 0.141215
 -1.11674
 -2.00507
  1.61659
-0.235419
 -1.70553
  1.79364
 0.141271
  -1.1168
 -2.00509
  1.61665
-0.235426
 -1.70553
  1.79363
 0.141339
  -1.1168
 -2.00511
   1.6167
-0.235433
 -1.70555
  1.79363
 0.141393
  -1.1168
 -2.00513
  1.61674
-0.235441
 -1.70555
  1.79363
 0.141449
 -1.11683
 -2.00515
  1.61676
-0.235449
 -1.70556
  1.79363
 0.141507
 -1.11684
 -2.00516
  1.61678
-0.235456
 -1.70556
  1.79363
 0.141557
 -1.11685
 -2.00517
   1.6168
-0.235464
 -1.70557
  1.79367
 0.141598
 -1.11692
 -2.00519
  1.61681
-0.235473
 -1.70558
  1.79371
 0.141641
 -1.11701
 -2.00522
  1.61683
-0.235483
 -1.70559
  1.79367
 0.141679
 -1.11702
 -2.00523
  1.61686
-0.235495
 -1.70559
  1.79367
 0.141714
 -1.11708
 -2.00524
  1.61687
-0.235505
  -1.7056
  1.79372
 0.141754
 -1.11718
 -2.00525
  1.61687
-0.235514
 -1.70561
  1.79373
 0.141782
  -1.1172
 -2.00526
  1.61689
-0.235523
 -1.70561
  1.79374
 0.141819
 -1.11723
 -2.00528
  1.61691
-0.235531
 -1.70566
  1.79375
 0.141816
 -1.11724
  -2.0053
  1.61691
-0.235541
 -1.70571
  1.79376
 0.141814
 -1.11724
 -2.00531
  1.61691
-0.235546
 -1.7057
 1.79377
0.141859
-1.11725
-2.00532
 1.61691
-0.23555
  -1.7057
  1.79377
 0.141892
 -1.11726
 -2.00533
  1.61691
-0.235554
 -1.70574
  1.79378
 0.141849
 -1.11725
 -2.00533
  1.61691
-0.235557
 -1.70575
  1.79378
 0.141833
 -1.11724
 -2.00534
  1.61691
-0.235561
 -1.70576
  1.79378
  0.14183
 -1.11723
 -2.00534
  1.61691
-0.235564
 -1.70577
  1.79378
  0.14182
 -1.11721
 -2.00535
  1.61691
-0.235566
 -1.70574
  1.79378
 0.141834
  -1.1172
 -2.00536
  1.61691
-0.235567
 -1.70574
  1.79379
 0.141841
 -1.11719
 -2.00535
  1.61692
-0.235569
 -1.70577
  1.79379
 0.141769
 -1.11716
 -2.00535
  1.61691
-0.235569
 -1.70578
  1.79379
 0.141707
 -1.11715
 -2.00536
  1.61691
-0.235569
 -1.70573
  1.79379
 0.141681
 -1.11713
 -2.00536
  1.61691
-0.235569
 -1.70572
   1.7938
  0.14163
 -1.11711
 -2.00536
  1.61691
-0.235568
 -1.70571
  1.79377
 0.141568
 -1.11707
 -2.00535
  1.61691
-0.235565
 -1.70569
  1.79376
 0.141518
 -1.11703
 -2.00535
   1.6169
-0.235557
 -1.70567
  1.79381
 0.141456
 -1.11708
 -2.00534
  1.61688
-0.235545
 -1.70565
  1.79382
 0.141399
 -1.11706
 -2.00533
  1.61687
-0.235536
 -1.70563
  1.79379
 0.141343
 -1.11701
 -2.00531
  1.61686
-0.235531
  -1.7056
  1.79379
 0.141292
   -1.117
 -2.00528
  1.61683
-0.235526
-1.70557
 1.79379
0.141245
  -1.117
-2.00527
 1.61676
-0.23552
 -1.70554
  1.79379
 0.141186
   -1.117
 -2.00524
  1.61668
-0.235507
 -1.7055
 1.79378
0.141129
-1.11699
-2.00517
 1.61656
-0.23547
 -1.70547
  1.79375
 0.141053
 -1.11696
 -2.00513
  1.61642
-0.235414
 -1.70545
  1.79374
 0.140978
 -1.11693
 -2.00507
  1.61628
-0.235351
 -1.70541
  1.79377
 0.140902
 -1.11694
 -2.00497
  1.61613
-0.235285
  -1.7054
  1.79374
 0.140804
  -1.1169
 -2.00489
  1.61598
-0.235216
 -1.70538
  1.79374
 0.140706
 -1.11688
 -2.00481
  1.61582
-0.235142
 -1.70536
  1.79373
 0.140613
 -1.11688
 -2.00473
  1.61566
-0.235067
 -1.70535
  1.79367
 0.140511
 -1.11683
 -2.00465
  1.61557
-0.234995
 -1.70533
  1.79362
 0.140409
  -1.1168
 -2.00458
   1.6155
-0.234936
 -1.70533
  1.79365
 0.140273
 -1.11686
 -2.00447
  1.61541
-0.234894
 -1.70531
  1.79364
 0.140147
 -1.11685
  -2.0044
  1.61533
-0.234862
 -1.70531
  1.79358
     0.14
 -1.11682
 -2.00432
  1.61524
-0.234832
  -1.7053
  1.79356
 0.139852
 -1.11681
 -2.00424
  1.61514
-0.234807
  -1.7053
  1.79355
 0.139711
  -1.1168
 -2.00418
  1.61508
-0.234785
  -1.7053
  1.79353
 0.139547
 -1.11679
 -2.00409
  1.61501
-0.234757
  -1.7053
  1.79351
  0.13939
 -1.11679
   -2.004
  1.61495
-0.234724
 -1.70531
  1.79345
 0.139221
 -1.11675
 -2.00392
  1.61487
-0.234692
 -1.70531
  1.79339
 0.139062
 -1.11673
 -2.00386
  1.61477
-0.234663
 -1.70532
  1.79342
 0.138893
 -1.11683
 -2.00378
  1.61465
-0.234633
 -1.70533
   1.7934
 0.138725
 -1.11687
  -2.0037
  1.61452
-0.234601
 -1.70534
  1.79333
 0.138558
 -1.11688
 -2.00363
  1.61437
-0.234571
 -1.70535
   1.7933
 0.138391
 -1.11692
 -2.00358
  1.61417
-0.234541
 -1.70536
  1.79327
 0.138234
 -1.11693
 -2.00351
  1.61395
-0.234507
 -1.70539
  1.79325
 0.138058
 -1.11695
 -2.00343
  1.61372
-0.234476
  -1.7054
  1.79318
  0.13787
 -1.11692
 -2.00335
  1.61349
-0.234442
 -1.70541
  1.79311
 0.137676
 -1.11691
 -2.00327
  1.61327
-0.234408
 -1.70543
  1.79312
 0.137466
 -1.11698
 -2.00318
   1.6131
-0.234372
 -1.70544
  1.79309
 0.137249
   -1.117
  -2.0031
  1.61297
-0.234318
 -1.70545
  1.79302
 0.137033
 -1.11695
 -2.00302
  1.61286
-0.234251
 -1.70546
  1.79299
 0.136811
 -1.11695
 -2.00294
  1.61272
-0.234178
 -1.70545
  1.79291
 0.136627
 -1.11689
 -2.00287
   1.6126
-0.234112
 -1.70544
  1.79285
 0.136436
 -1.11684
 -2.00279
   1.6125
-0.234048
 -1.70549
  1.79287
 0.136176
 -1.11687
  -2.0027
  1.61238
-0.233988
  -1.7055
  1.79285
 0.135949
 -1.11685
 -2.00263
  1.61221
-0.233928
 -1.70548
  1.79279
  0.13576
 -1.11676
 -2.00255
  1.61199
-0.233864
 -1.70548
  1.79278
 0.135541
  -1.1167
 -2.00245
  1.61172
-0.233796
 -1.70548
  1.79275
 0.135318
 -1.11665
 -2.00234
  1.61146
-0.233727
 -1.70548
   1.7927
 0.135081
 -1.11656
 -2.00223
  1.61121
-0.233647
 -1.70548
  1.79273
  0.13484
 -1.11663
  -2.0021
  1.61098
-0.233566
 -1.70548
  1.79272
  0.13461
 -1.11666
 -2.00197
  1.61078
-0.233494
 -1.70548
  1.79268
 0.134366
 -1.11664
 -2.00182
  1.61061
-0.233426
 -1.70548
  1.79264
 0.134109
 -1.11662
 -2.00168
  1.61044
-0.233363
-1.70547
  1.7926
0.133858
-1.11661
-2.00156
 1.61026
 -0.2333
-1.70546
 1.79264
0.133582
-1.11669
-2.00143
 1.61005
-0.23323
 -1.70546
  1.79263
 0.133284
 -1.11672
 -2.00129
  1.60981
-0.233153
 -1.70545
  1.79257
 0.132978
  -1.1167
 -2.00114
  1.60957
-0.233072
 -1.70543
  1.79251
 0.132679
 -1.11668
 -2.00101
  1.60932
-0.232982
 -1.70543
  1.79242
 0.132372
 -1.11667
 -2.00086
  1.60907
-0.232889
-1.70541
 1.79242
0.132075
-1.11675
-2.00069
 1.60885
-0.23279
 -1.70541
   1.7924
 0.131783
 -1.11678
 -2.00054
  1.60866
-0.232698
-1.70537
 1.79226
0.131509
-1.11671
-2.00038
 1.60848
-0.23261
 -1.70533
  1.79214
 0.131225
 -1.11662
 -2.00021
  1.60824
-0.232528
 -1.70534
  1.79212
 0.130871
 -1.11662
 -2.00004
  1.60794
-0.232444
 -1.70534
  1.79208
 0.130539
 -1.11662
 -1.99988
  1.60763
-0.232367
 -1.70529
  1.79196
 0.130278
 -1.11651
 -1.99974
  1.60733
-0.232291
-1.70528
 1.79184
0.130012
-1.11642
-1.99959
 1.60703
-0.23222
 -1.70527
  1.79171
 0.129742
 -1.11632
 -1.99949
  1.60675
-0.232153
 -1.70526
  1.79172
 0.129464
 -1.11635
 -1.99938
  1.60647
-0.232083
 -1.70526
  1.79169
 0.129181
 -1.11635
 -1.99923
  1.60622
-0.232017
 -1.70526
  1.79153
 0.128885
 -1.11623
 -1.99911
  1.60595
-0.231946
 -1.70525
  1.79141
 0.128579
 -1.11617
 -1.99898
  1.60567
-0.231845
-1.70525
 1.79143
0.128243
-1.11622
-1.99886
 1.60536
-0.23173
 -1.70524
  1.79142
 0.127896
 -1.11624
 -1.99874
  1.60507
-0.231604
-1.70523
 1.79127
0.127551
-1.11611
-1.99862
 1.60481
-0.23147
 -1.70522
  1.79117
 0.127193
 -1.11604
 -1.99848
  1.60454
-0.231345
 -1.70521
  1.79126
 0.126834
 -1.11617
  -1.9983
  1.60424
-0.231224
 -1.70518
  1.79126
 0.126492
 -1.11617
 -1.99813
  1.60394
-0.231107
 -1.70514
  1.79115
 0.126129
 -1.11608
 -1.99797
  1.60365
-0.230987
 -1.70516
  1.79108
 0.125705
 -1.11604
 -1.99776
  1.60336
-0.230858
 -1.70517
  1.79112
  0.12531
 -1.11611
 -1.99754
  1.60305
-0.230738
 -1.70513
  1.79114
 0.124975
 -1.11616
 -1.99734
  1.60277
-0.230645
 -1.70514
  1.79103
 0.124607
 -1.11608
  -1.9971
  1.60251
-0.230567
 -1.70513
  1.79095
 0.124233
 -1.11605
 -1.99686
   1.6022
-0.230482
 -1.70513
  1.79097
 0.123853
  -1.1161
 -1.99664
  1.60187
-0.230399
-1.70513
 1.79098
0.123479
 -1.1161
-1.99647
 1.60153
-0.23032
 -1.70512
  1.79094
 0.123112
 -1.11606
  -1.9963
  1.60123
-0.230246
 -1.70511
  1.79086
 0.122742
   -1.116
 -1.99613
  1.60092
-0.230173
 -1.70511
  1.79089
 0.122366
 -1.11607
 -1.99595
  1.60059
-0.230099
 -1.70511
  1.79088
 0.121982
 -1.11611
 -1.99579
  1.60028
-0.230025
 -1.70511
   1.7908
 0.121592
 -1.11609
 -1.99567
  1.59994
-0.229944
 -1.70506
  1.79075
 0.121225
 -1.11612
 -1.99551
  1.59957
-0.229834
 -1.70498
  1.79076
 0.120862
 -1.11616
 -1.99536
  1.59924
-0.229705
   -1.705
  1.79075
 0.120421
 -1.11616
  -1.9952
  1.59894
-0.229562
 -1.70499
  1.79071
 0.119992
 -1.11613
 -1.99505
  1.59864
-0.229412
 -1.70493
  1.79065
 0.119622
 -1.11607
 -1.99488
  1.59829
-0.229257
 -1.70493
  1.79069
 0.119221
  -1.1161
 -1.99468
   1.5979
-0.229099
-1.70491
  1.7907
 0.11882
-1.11608
-1.99449
 1.59751
-0.22896
 -1.70489
  1.79059
 0.118419
 -1.11595
 -1.99427
  1.59719
-0.228817
-1.70488
 1.79049
0.118018
-1.11584
-1.99404
 1.59689
-0.22868
 -1.70488
  1.79051
 0.117601
 -1.11585
  -1.9938
  1.59656
-0.228565
 -1.70487
  1.79054
  0.11717
 -1.11586
 -1.99356
   1.5962
-0.228464
 -1.70487
  1.79042
 0.116741
 -1.11574
 -1.99334
   1.5958
-0.228372
 -1.70486
  1.79041
 0.116322
 -1.11574
 -1.99311
  1.59539
-0.228282
 -1.70482
  1.79035
 0.115934
 -1.11567
  -1.9929
  1.59503
-0.228196
 -1.70478
  1.79024
 0.115521
 -1.11555
 -1.99268
  1.59469
-0.228106
 -1.70479
  1.79015
  0.11499
 -1.11542
 -1.99246
  1.59433
-0.228021
  -1.7048
  1.79018
  0.11447
 -1.11551
 -1.99225
  1.59393
-0.227931
 -1.70474
  1.79011
 0.114022
 -1.11548
 -1.99208
  1.59351
-0.227844
 -1.70474
  1.78999
 0.113528
 -1.11536
 -1.99189
  1.59312
-0.227734
 -1.70472
  1.78991
 0.113032
 -1.11531
 -1.99171
  1.59278
-0.227594
 -1.70473
   1.7899
 0.112516
 -1.11532
 -1.99153
  1.59243
-0.227442
 -1.70472
  1.78987
 0.112015
 -1.11528
 -1.99133
  1.59205
-0.227286
 -1.70472
  1.78979
 0.111498
  -1.1152
 -1.99111
  1.59165
-0.227115
 -1.70472
  1.78969
 0.110969
  -1.1151
 -1.99092
  1.59125
-0.226949
 -1.70469
  1.78969
 0.110478
 -1.11516
 -1.99072
  1.59087
-0.226795
 -1.70462
  1.78963
 0.110016
 -1.11512
 -1.99053
  1.59051
-0.226657
 -1.70465
  1.78953
 0.109446
 -1.11497
 -1.99032
  1.59014
-0.226517
-1.70465
  1.7896
0.108875
-1.11505
 -1.9901
  1.5897
-0.22638
 -1.70462
  1.78956
 0.108403
 -1.11496
 -1.98989
  1.58925
-0.226251
 -1.70462
  1.78954
 0.107921
 -1.11485
 -1.98967
  1.58887
-0.226128
 -1.70462
  1.78949
 0.107425
  -1.1147
 -1.98947
  1.58848
-0.226005
 -1.70462
  1.78953
 0.106924
  -1.1147
 -1.98924
  1.58806
-0.225884
 -1.70462
  1.78955
 0.106434
 -1.11474
 -1.98898
  1.58762
-0.225761
 -1.70462
  1.78946
  0.10594
  -1.1146
 -1.98876
  1.58722
-0.225636
 -1.70462
  1.78942
 0.105452
 -1.11455
 -1.98854
  1.58683
-0.225505
 -1.70463
  1.78944
 0.104956
 -1.11459
 -1.98831
   1.5864
-0.225373
 -1.70459
  1.78943
 0.104492
 -1.11456
 -1.98807
  1.58594
-0.225227
 -1.70452
  1.78936
 0.104036
 -1.11452
 -1.98784
   1.5855
-0.225083
-1.70455
 1.78923
 0.10348
-1.11443
 -1.9876
 1.58506
-0.22492
-1.70454
 1.78918
0.102953
-1.11447
-1.98734
  1.5846
-0.22477
 -1.70451
   1.7891
 0.102485
 -1.11448
 -1.98711
  1.58412
-0.224663
 -1.70451
  1.78897
 0.102006
 -1.11446
 -1.98685
  1.58367
-0.224556
  -1.7045
  1.78882
 0.101537
  -1.1144
  -1.9866
  1.58328
-0.224452
 -1.70449
   1.7888
 0.101081
 -1.11445
 -1.98636
  1.58286
-0.224346
 -1.70448
  1.78875
  0.10062
 -1.11443
 -1.98611
  1.58242
-0.224242
 -1.70443
  1.78866
 0.100172
 -1.11438
 -1.98586
  1.58197
-0.224128
 -1.70435
  1.78864
 0.099745
 -1.11438
 -1.98563
  1.58155
-0.224016
 -1.70423
  1.78855
0.0993441
  -1.1143
  -1.9854
  1.58113
-0.223904
 -1.70419
  1.78845
0.0988504
 -1.11419
 -1.98514
  1.58072
-0.223782
 -1.70414
   1.7884
0.0983578
  -1.1142
 -1.98491
  1.58028
-0.223631
 -1.70404
  1.78842
0.0979328
 -1.11428
 -1.98467
  1.57978
-0.223475
 -1.70396
   1.7884
0.0974871
 -1.11429
 -1.98441
  1.57936
-0.223312
 -1.70387
  1.78834
0.0970322
 -1.11425
 -1.98416
  1.57897
-0.223148
 -1.70378
  1.78833
0.0965823
 -1.11427
 -1.98391
  1.57855
-0.222981
 -1.70372
  1.78826
 0.096121
 -1.11423
 -1.98367
  1.57808
-0.222809
 -1.70365
  1.78828
0.0956495
 -1.11427
 -1.98342
   1.5776
-0.222644
 -1.70359
   1.7883
0.0951795
 -1.11429
 -1.98319
   1.5772
-0.222493
 -1.70349
  1.78825
0.0947407
 -1.11427
 -1.98295
  1.57681
-0.222358
 -1.70335
  1.78818
0.0943075
 -1.11419
  -1.9827
  1.57635
-0.222229
 -1.70333
  1.78821
0.0937379
 -1.11421
 -1.98245
  1.57586
-0.222094
 -1.70329
  1.78825
0.0931776
  -1.1143
 -1.98221
   1.5754
-0.221947
 -1.70322
  1.78818
0.0927043
  -1.1142
 -1.98197
  1.57499
-0.221801
 -1.70317
  1.78815
0.0922119
 -1.11412
 -1.98172
  1.57454
-0.221649
 -1.70314
  1.78821
0.0916849
 -1.11416
 -1.98147
  1.57404
-0.221494
 -1.70311
  1.78825
0.0911558
 -1.11421
 -1.98121
  1.57356
-0.221334
  -1.7031
  1.78819
0.0906254
 -1.11411
 -1.98096
  1.57313
-0.221172
 -1.70309
  1.78812
0.0901015
 -1.11402
 -1.98071
  1.57272
-0.221009
 -1.70304
   1.7881
0.0895866
 -1.11404
 -1.98047
  1.57223
 -0.22086
 -1.70296
  1.78811
0.0890851
 -1.11408
 -1.98023
  1.57172
-0.220738
 -1.70298
   1.7881
0.0884775
 -1.11408
 -1.97997
  1.57129
 -0.22061
 -1.70297
  1.78809
0.0878963
  -1.1141
 -1.97972
   1.5709
-0.220483
 -1.70292
    1.788
0.0873868
 -1.11401
 -1.97947
  1.57045
-0.220375
 -1.70291
  1.78789
0.0868617
  -1.1139
 -1.97921
  1.56995
-0.220272
 -1.70289
  1.78795
0.0863312
 -1.11403
 -1.97896
  1.56947
-0.220172
 -1.70288
  1.78791
0.0858047
   -1.114
 -1.97871
  1.56903
-0.220061
 -1.70288
  1.78782
0.0852597
 -1.11391
 -1.97845
   1.5686
-0.219947
 -1.70288
  1.78779
0.0847126
 -1.11389
 -1.97819
  1.56813
-0.219789
 -1.70289
  1.78767
0.0841642
 -1.11375
 -1.97794
  1.56765
-0.219609
 -1.70285
  1.78767
0.0836499
 -1.11375
 -1.97768
  1.56714
-0.219433
 -1.70279
  1.78769
0.0831475
 -1.11382
 -1.97743
  1.56664
-0.219245
 -1.70282
  1.78759
0.0825329
 -1.11371
 -1.97716
  1.56615
-0.219064
 -1.70282
  1.78751
0.0819304
  -1.1136
  -1.9769
  1.56564
 -0.21888
 -1.70278
  1.78745
0.0814227
 -1.11355
 -1.97666
  1.56514
-0.218716
 -1.70278
  1.78747
   0.0809
 -1.11354
 -1.97639
  1.56462
-0.218556
 -1.70278
  1.78748
0.0803465
 -1.11359
 -1.97613
  1.56412
 -0.21841
 -1.70278
  1.78738
0.0797851
 -1.11345
 -1.97588
  1.56365
-0.218279
 -1.70279
  1.78735
0.0792339
  -1.1134
 -1.97561
   1.5632
-0.218157
  -1.7028
  1.78731
0.0786908
 -1.11335
 -1.97535
  1.56273
-0.218043
 -1.70279
  1.78723
0.0781467
 -1.11322
  -1.9751
  1.56223
 -0.21792
 -1.70274
  1.78723
0.0776166
 -1.11322
 -1.97484
  1.56173
-0.217788
 -1.70279
  1.78722
0.0770048
 -1.11325
 -1.97459
  1.56126
-0.217641
 -1.70281
  1.78714
 0.076389
 -1.11314
 -1.97434
  1.56079
-0.217491
 -1.70278
  1.78711
0.0758581
 -1.11315
 -1.97409
   1.5603
-0.217327
 -1.70279
  1.78699
0.0753119
 -1.11301
 -1.97386
  1.55984
-0.217165
 -1.70279
  1.78692
0.0747669
  -1.1129
 -1.97362
   1.5594
-0.217002
 -1.70281
  1.78697
 0.074199
 -1.11298
 -1.97338
  1.55895
-0.216846
 -1.70282
  1.78694
0.0736251
 -1.11291
 -1.97315
  1.55845
-0.216699
 -1.70283
  1.78692
0.0730572
 -1.11286
 -1.97289
  1.55798
-0.216561
 -1.70284
  1.78688
0.0724932
 -1.11274
 -1.97264
  1.55755
-0.216434
 -1.70282
  1.78688
0.0719447
 -1.11264
 -1.97238
   1.5571
-0.216302
 -1.70277
  1.78685
0.0714171
 -1.11254
  -1.9721
  1.55661
-0.216168
  -1.7028
  1.78681
0.0708046
 -1.11237
 -1.97183
  1.55613
-0.216031
 -1.70281
  1.78686
0.0701994
 -1.11247
 -1.97156
  1.55567
-0.215904
 -1.70277
  1.78682
0.0696692
 -1.11241
 -1.97132
   1.5552
-0.215772
 -1.70278
  1.78677
0.0691166
 -1.11234
 -1.97105
  1.55472
-0.215636
 -1.70276
  1.78675
0.0685622
 -1.11235
 -1.97081
  1.55423
-0.215482
 -1.70277
  1.78672
0.0679975
 -1.11227
 -1.97057
  1.55377
-0.215314
 -1.70277
   1.7867
0.0674383
 -1.11224
 -1.97032
  1.55334
 -0.21515
 -1.70278
  1.78662
0.0668675
 -1.11212
 -1.97009
  1.55286
-0.214979
 -1.70277
  1.78657
0.0663034
 -1.11209
 -1.96984
  1.55234
-0.214824
 -1.70278
  1.78656
0.0657336
 -1.11208
  -1.9696
  1.55183
-0.214678
 -1.70275
  1.78652
0.0651982
 -1.11204
 -1.96934
  1.55138
-0.214535
  -1.7027
  1.78647
0.0646713
   -1.112
 -1.96908
  1.55092
-0.214409
 -1.70272
  1.78642
0.0640433
  -1.1119
 -1.96879
   1.5504
-0.214284
 -1.70273
  1.78638
 0.063433
 -1.11183
 -1.96851
  1.54991
-0.214152
  -1.7027
  1.78635
0.0628988
 -1.11172
 -1.96826
  1.54945
-0.214016
  -1.7027
  1.78636
0.0623559
 -1.11168
 -1.96799
    1.549
-0.213869
  -1.7027
  1.78635
0.0617941
 -1.11157
 -1.96775
   1.5485
 -0.21373
 -1.70269
  1.78633
0.0612353
 -1.11151
  -1.9675
  1.54802
-0.213595
  -1.7027
  1.78625
 0.060671
 -1.11133
 -1.96727
  1.54758
-0.213452
  -1.7027
   1.7863
0.0601153
 -1.11129
 -1.96702
  1.54711
-0.213298
  -1.7027
  1.78633
0.0595641
 -1.11122
 -1.96678
  1.54662
-0.213133
  -1.7027
  1.78631
0.0590061
 -1.11103
 -1.96654
  1.54614
-0.212973
 -1.70267
  1.78633
0.0584738
 -1.11091
  -1.9663
  1.54568
-0.212824
 -1.70259
  1.78633
0.0579668
 -1.11075
 -1.96604
  1.54519
-0.212682
 -1.70261
  1.78635
0.0573646
 -1.11071
 -1.96578
  1.54469
-0.212553
 -1.70261
  1.78634
0.0567478
 -1.11062
 -1.96552
   1.5442
-0.212428
 -1.70258
  1.78635
0.0562219
 -1.11063
 -1.96525
  1.54375
-0.212307
 -1.70259
  1.78634
0.0556804
 -1.11057
   -1.965
  1.54326
-0.212185
 -1.70258
  1.78635
0.0551427
 -1.11059
 -1.96474
  1.54276
 -0.21206
 -1.70258
  1.78634
0.0545883
 -1.11053
 -1.96451
  1.54228
-0.211919
 -1.70258
  1.78635
0.0540369
 -1.11055
 -1.96426
  1.54181
 -0.21177
 -1.70258
  1.78635
0.0534889
 -1.11051
 -1.96404
  1.54132
 -0.21163
 -1.70257
  1.78636
0.0529551
 -1.11054
  -1.9638
  1.54084
-0.211495
 -1.70258
  1.78636
0.0524044
 -1.11052
  -1.9636
  1.54033
-0.211353
 -1.70258
  1.78634
 0.051855
 -1.11052
 -1.96337
  1.53988
-0.211204
 -1.70254
  1.78631
0.0513516
 -1.11048
 -1.96314
  1.53947
 -0.21105
  -1.7025
  1.78638
0.0508596
 -1.11057
  -1.9629
    1.539
-0.210915
 -1.70252
  1.78638
0.0502579
 -1.11053
 -1.96265
  1.53852
-0.210773
 -1.70252
  1.78637
0.0496614
 -1.11051
 -1.96239
  1.53811
-0.210643
 -1.70248
  1.78636
0.0491519
 -1.11043
 -1.96214
  1.53771
 -0.21053
 -1.70247
  1.78639
0.0486246
 -1.11041
 -1.96189
   1.5373
-0.210416
 -1.70247
  1.78638
0.0480791
 -1.11034
 -1.96166
  1.53683
-0.210302
 -1.70246
  1.78641
0.0475558
 -1.11036
  -1.9614
  1.53637
-0.210188
 -1.70246
  1.78638
0.0470348
 -1.11027
 -1.96119
  1.53595
 -0.21007
 -1.70245
  1.78639
0.0465154
  -1.1102
 -1.96095
  1.53556
-0.209943
 -1.70244
  1.78641
0.0459987
 -1.11018
  -1.9607
  1.53511
-0.209807
 -1.70244
   1.7864
0.0454724
  -1.1101
 -1.96049
   1.5346
-0.209668
 -1.70244
  1.78641
0.0449482
 -1.11007
 -1.96026
  1.53415
-0.209518
 -1.70244
   1.7864
0.0444344
 -1.10998
 -1.96003
  1.53373
-0.209379
 -1.70243
  1.78641
0.0439185
 -1.10995
  -1.9598
   1.5333
 -0.20924
  -1.7024
   1.7864
0.0434131
 -1.10987
 -1.95957
  1.53281
-0.209101
 -1.70236
  1.78641
0.0429259
 -1.10984
 -1.95932
  1.53235
-0.208963
 -1.70239
  1.78638
0.0423459
 -1.10972
  -1.9591
  1.53193
-0.208822
 -1.70237
  1.78641
0.0417853
  -1.1097
 -1.95887
  1.53154
-0.208692
 -1.70231
  1.78641
0.0412519
 -1.10966
 -1.95864
  1.53108
 -0.20858
 -1.70228
  1.78639
 0.040692
 -1.10954
  -1.9584
   1.5306
-0.208476
 -1.70224
  1.78639
0.0401409
 -1.10952
 -1.95818
  1.53015
-0.208382
  -1.7022
  1.78639
0.0396047
 -1.10943
 -1.95798
  1.52974
 -0.20828
 -1.70217
   1.7864
0.0390776
  -1.1094
 -1.95774
  1.52932
-0.208182
 -1.70214
  1.78637
0.0385646
 -1.10929
 -1.95751
  1.52886
-0.208073
 -1.70212
  1.78638
0.0380777
 -1.10924
 -1.95729
  1.52843
-0.207962
 -1.70211
  1.78636
0.0376092
 -1.10913
 -1.95709
  1.52804
-0.207853
 -1.70212
  1.78638
0.0371403
 -1.10907
 -1.95686
  1.52763
 -0.20774
 -1.70211
  1.78635
 0.036666
 -1.10896
 -1.95663
   1.5272
-0.207615
 -1.70211
  1.78636
0.0361984
 -1.10892
 -1.95641
  1.52676
-0.207477
 -1.70211
  1.78633
0.0357429
 -1.10882
  -1.9562
  1.52634
-0.207341
 -1.70212
  1.78634
 0.035294
  -1.1088
 -1.95599
  1.52593
-0.207213
 -1.70208
  1.78636
0.0348504
 -1.10878
 -1.95578
   1.5255
-0.207095
 -1.70201
  1.78642
0.0343947
 -1.10882
 -1.95557
  1.52505
-0.206986
 -1.70204
  1.78633
0.0338738
 -1.10872
 -1.95534
  1.52461
-0.206875
 -1.70203
  1.78632
0.0334019
 -1.10872
 -1.95511
   1.5242
 -0.20676
 -1.70201
  1.78632
0.0329725
 -1.10872
 -1.95489
  1.52377
-0.206653
 -1.70202
  1.78631
0.0325138
 -1.10875
 -1.95467
  1.52333
-0.206557
 -1.70202
  1.78629
 0.032041
 -1.10871
 -1.95447
  1.52289
-0.206459
 -1.70202
  1.78629
0.0315815
 -1.10873
 -1.95426
   1.5225
-0.206357
 -1.70202
  1.78628
 0.031131
 -1.10865
 -1.95406
  1.52212
-0.206257
 -1.70203
  1.78628
0.0306723
 -1.10865
 -1.95384
  1.52173
-0.206155
 -1.70203
  1.78626
0.0301996
 -1.10857
 -1.95365
   1.5213
-0.206046
 -1.70203
  1.78625
0.0297335
 -1.10856
 -1.95345
  1.52091
-0.205927
 -1.70203
  1.78624
0.0292788
 -1.10846
 -1.95326
  1.52054
-0.205804
 -1.70203
  1.78623
0.0288305
 -1.10842
 -1.95306
  1.52023
-0.205678
 -1.70202
  1.78622
0.0283746
 -1.10831
 -1.95287
  1.51989
-0.205547
 -1.70202
  1.78622
0.0279141
 -1.10827
 -1.95268
  1.51951
-0.205415
 -1.70202
   1.7862
0.0274616
 -1.10815
 -1.95252
  1.51909
-0.205268
 -1.70202
  1.78622
 0.027021
 -1.10809
 -1.95233
  1.51871
-0.205132
 -1.70202
  1.78622
0.0265772
 -1.10798
 -1.95216
  1.51837
-0.205021
 -1.70202
  1.78627
0.0261265
 -1.10795
 -1.95196
  1.51805
-0.204913
 -1.70202
  1.78628
0.0256698
 -1.10786
 -1.95177
   1.5177
-0.204811
 -1.70202
  1.78625
0.0252174
 -1.10774
 -1.95158
  1.51731
-0.204721
 -1.70202
  1.78623
0.0247751
 -1.10764
  -1.9514
  1.51691
-0.204629
   -1.702
  1.78632
 0.024365
 -1.10772
 -1.95123
  1.51655
-0.204533
 -1.70198
  1.78629
0.0239356
 -1.10768
 -1.95106
  1.51622
-0.204444
   -1.702
  1.78629
0.0234392
  -1.1077
 -1.95086
  1.51588
 -0.20435
 -1.70199
  1.78632
0.0229949
 -1.10774
 -1.95068
  1.51551
 -0.20426
 -1.70195
  1.78631
0.0226454
 -1.10768
 -1.95049
  1.51511
-0.204165
 -1.70193
  1.78634
0.0222829
 -1.10766
 -1.95029
  1.51473
-0.204069
 -1.70191
  1.78635
0.0218996
 -1.10758
 -1.95013
  1.51439
-0.203972
 -1.70189
   1.7864
0.0215207
 -1.10756
 -1.94993
  1.51407
-0.203881
 -1.70187
  1.78641
0.0211348
 -1.10746
 -1.94973
  1.51372
-0.203782
 -1.70184
  1.78645
0.0207636
 -1.10743
 -1.94955
  1.51334
 -0.20368
 -1.70182
  1.78651
 0.020393
 -1.10737
 -1.94938
  1.51294
-0.203579
  -1.7018
   1.7866
 0.020031
 -1.10736
 -1.94919
   1.5126
-0.203474
 -1.70178
  1.78658
0.0196534
 -1.10715
 -1.94902
  1.51229
-0.203365
 -1.70176
  1.78662
0.0192699
 -1.10705
 -1.94885
  1.51198
-0.203257
 -1.70175
  1.78669
0.0188884
 -1.10694
 -1.94869
  1.51164
 -0.20315
 -1.70175
  1.78675
0.0185261
 -1.10687
  -1.9485
  1.51128
-0.203044
 -1.70174
  1.78677
0.0181631
 -1.10672
 -1.94833
   1.5109
 -0.20295
 -1.70174
  1.78681
0.0177987
 -1.10665
 -1.94815
  1.51058
-0.202882
 -1.70174
  1.78687
0.0174342
 -1.10661
 -1.94799
  1.51028
-0.202818
 -1.70175
  1.78689
 0.017054
 -1.10652
 -1.94785
  1.50998
-0.202755
 -1.70174
  1.78691
0.0166865
  -1.1065
 -1.94769
  1.50969
-0.202693
 -1.70174
   1.7869
0.0163303
 -1.10642
 -1.94754
  1.50936
-0.202627
 -1.70176
  1.78692
0.0159817
 -1.10642
 -1.94739
  1.50905
 -0.20256
 -1.70176
  1.78696
0.0156298
 -1.10641
 -1.94724
  1.50876
-0.202489
 -1.70178
  1.78707
 0.015266
 -1.10648
 -1.94708
   1.5085
-0.202414
 -1.70179
  1.78698
0.0148915
 -1.10639
 -1.94693
  1.50827
-0.202339
 -1.70179
  1.78695
0.0145274
 -1.10642
 -1.94678
  1.50802
-0.202265
 -1.70181
  1.78696
0.0141853
 -1.10649
 -1.94662
  1.50772
-0.202182
 -1.70182
  1.78693
0.0138409
 -1.10648
 -1.94648
  1.50744
-0.202098
 -1.70183
  1.78693
0.0135002
 -1.10653
 -1.94633
  1.50714
-0.202007
 -1.70184
  1.78689
0.0131405
 -1.10646
 -1.94621
  1.50684
 -0.20192
 -1.70185
  1.78688
0.0127947
  -1.1064
 -1.94606
  1.50656
-0.201842
 -1.70185
  1.78688
0.0124693
 -1.10639
 -1.94593
  1.50629
-0.201759
-1.70185
 1.78686
 0.01217
 -1.1063
 -1.9458
 1.50603
-0.20167
 -1.70185
  1.78688
0.0118956
 -1.10632
 -1.94565
  1.50574
-0.201583
 -1.70186
  1.78684
0.0116192
 -1.10623
 -1.94554
  1.50543
-0.201491
 -1.70186
  1.78678
0.0113344
 -1.10603
 -1.94541
  1.50517
-0.201399
 -1.70183
  1.78678
0.0110718
 -1.10593
 -1.94527
  1.50489
-0.201314
 -1.70182
  1.78681
0.0108001
 -1.10583
 -1.94515
  1.50461
-0.201231
 -1.70186
  1.78684
0.0104662
 -1.10575
   -1.945
  1.50437
-0.201151
 -1.70186
  1.78681
0.0101706
 -1.10562
 -1.94487
   1.5041
-0.201072
  -1.70181
   1.78683
0.00992102
  -1.10554
  -1.94474
   1.50382
 -0.200997
  -1.70182
   1.78688
0.00965042
  -1.10552
  -1.94461
   1.50352
 -0.200935
  -1.70181
   1.78688
0.00936729
  -1.10543
  -1.94449
   1.50326
 -0.200886
  -1.7018
  1.78687
0.0090823
 -1.10533
 -1.94436
  1.50306
-0.200842
   -1.7018
   1.78693
0.00880595
  -1.10536
  -1.94424
   1.50286
 -0.200801
   -1.7018
   1.78699
0.00852558
  -1.10534
  -1.94413
   1.50265
 -0.200767
  -1.70179
   1.78706
0.00823915
  -1.10532
  -1.94402
   1.50245
 -0.200733
  -1.70179
   1.78707
0.00796322
  -1.10528
  -1.94392
   1.50224
 -0.200695
  -1.70179
   1.78708
0.00769519
   -1.1052
  -1.94382
   1.50201
 -0.200659
  -1.70178
   1.78714
0.00744172
  -1.10521
   -1.9437
   1.50177
 -0.200624
  -1.70179
   1.78722
0.00718304
  -1.10526
  -1.94359
   1.50152
 -0.200591
  -1.70178
   1.78726
0.00691514
  -1.10522
   -1.9435
   1.50127
 -0.200542
  -1.70178
   1.78731
0.00664849
   -1.1052
  -1.94339
   1.50107
 -0.200469
  -1.70178
   1.78739
0.00639976
  -1.10523
  -1.94329
   1.50089
 -0.200385
  -1.70178
   1.78741
0.00617218
  -1.10517
  -1.94321
    1.5007
 -0.200303
  -1.70178
   1.78743
0.00595712
  -1.10516
  -1.94311
   1.50052
 -0.200211
  -1.70178
    1.7875
0.00576933
   -1.1052
  -1.94302
   1.50032
 -0.200113
  -1.70178
    1.7875
0.00557902
  -1.10513
  -1.94293
    1.5001
 -0.200021
  -1.70178
   1.78751
0.00538751
  -1.10509
  -1.94284
   1.49987
 -0.199936
  -1.70178
   1.78761
0.00520984
  -1.10515
  -1.94274
   1.49967
 -0.199863
  -1.70178
   1.78769
0.00503218
  -1.10512
  -1.94266
   1.49948
  -0.19981
  -1.70177
   1.78763
0.00484348
  -1.10496
  -1.94258
   1.49936
 -0.199774
  -1.70177
   1.78763
0.00465018
  -1.10483
  -1.94251
   1.49923
 -0.199747
  -1.70177
   1.78774
0.00446958
  -1.10478
  -1.94242
    1.4991
 -0.199725
  -1.70177
   1.78774
0.00428286
  -1.10464
  -1.94234
   1.49903
 -0.199701
  -1.70177
   1.78774
0.00408548
  -1.10451
  -1.94226
   1.49893
 -0.199676
  -1.70176
   1.78774
0.00389296
  -1.10441
  -1.94217
    1.4988
 -0.199647
  -1.70176
   1.78777
0.00371793
   -1.1044
   -1.9421
   1.49863
 -0.199619
  -1.70176
   1.78775
0.00353193
  -1.10432
  -1.94204
   1.49844
 -0.199589
  -1.70176
   1.78771
0.00334941
  -1.10425
  -1.94196
   1.49825
 -0.199557
  -1.70176
   1.78768
0.00317564
  -1.10419
  -1.94187
   1.49806
 -0.199524
 -1.70176
   1.7877
0.0030202
  -1.1042
  -1.9418
  1.49785
-0.199487
  -1.70176
   1.78767
0.00285255
  -1.10415
  -1.94174
   1.49764
 -0.199446
  -1.70176
   1.78764
0.00267805
  -1.10414
  -1.94165
   1.49746
 -0.199408
  -1.70175
    1.7876
0.00251034
  -1.10411
  -1.94158
   1.49734
 -0.199369
  -1.70176
   1.78763
0.00234483
  -1.10412
   -1.9415
   1.49726
 -0.199336
  -1.70176
   1.78772
0.00217556
  -1.10421
  -1.94141
   1.49714
 -0.199305
  -1.70175
   1.78765
0.00199771
  -1.10414
  -1.94134
   1.49707
 -0.199281
  -1.70175
   1.78765
0.00182436
  -1.10418
  -1.94126
     1.497
  -0.19926
  -1.70175
   1.78765
0.00167839
   -1.1042
  -1.94118
   1.49692
  -0.19924
  -1.70175
   1.78765
0.00155867
  -1.10424
   -1.9411
   1.49685
 -0.199221
 -1.70175
  1.78767
0.0014592
 -1.10429
 -1.94104
  1.49676
-0.199202
  -1.70175
   1.78765
0.00136536
  -1.10427
  -1.94099
   1.49666
 -0.199178
  -1.70175
   1.78766
0.00128201
  -1.10427
  -1.94095
   1.49655
 -0.199155
  -1.70176
   1.78766
0.00119369
  -1.10427
  -1.94092
   1.49644
 -0.199133
  -1.70175
   1.78766
0.00111531
  -1.10425
  -1.94089
   1.49632
  -0.19911
  -1.70175
   1.78764
0.00103418
   -1.1042
  -1.94087
   1.49619
 -0.199087
   -1.70175
    1.78764
0.000960596
   -1.10414
   -1.94084
    1.49605
  -0.199063
   -1.70175
    1.78766
0.000885994
   -1.10415
   -1.94081
     1.4959
  -0.199042
   -1.70175
    1.78764
0.000808576
   -1.10405
   -1.94078
    1.49574
  -0.199022
   -1.70175
    1.78764
0.000731697
   -1.10401
   -1.94076
    1.49565
  -0.199003
   -1.70175
    1.78764
0.000659132
   -1.10398
   -1.94074
    1.49562
  -0.198984
   -1.70175
    1.78764
0.000588485
   -1.10392
    -1.9407
    1.49559
  -0.198967
   -1.70174
    1.78764
0.000510348
   -1.10388
   -1.94069
    1.49557
  -0.198952
   -1.70174
    1.78764
0.000439042
   -1.10385
   -1.94066
    1.49555
  -0.198935
   -1.70174
    1.78763
0.000368695
   -1.10378
   -1.94063
    1.49554
  -0.198919
   -1.70174
    1.78764
0.000295651
   -1.10373
   -1.94061
    1.49552
  -0.198902
   -1.70174
    1.78765
0.000218952
   -1.10373
    -1.9406
     1.4955
  -0.198886
   -1.70174
    1.78764
0.000142972
   -1.10367
   -1.94059
    1.49548
  -0.198871
  -1.70174
   1.78764
6.5314e-05
  -1.10366
  -1.94055
   1.49547
 -0.198858
    -1.70174
     1.78764
-3.95481e-06
    -1.10363
    -1.94052
     1.49546
   -0.198849
    -1.70174
     1.78764
-7.55007e-05
    -1.10361
    -1.94051
     1.49545
    -0.19884
   -1.70174
    1.78764
-0.00014471
   -1.10358
   -1.94049
    1.49541
  -0.198829
    -1.70174
     1.78764
-0.000183299
    -1.10357
    -1.94048
     1.49539
   -0.198821
    -1.70174
     1.78764
-0.000193126
    -1.10355
    -1.94047
     1.49539
   -0.198811
    -1.70174
     1.78764
-0.000188152
    -1.10355
    -1.94046
     1.49538
     -0.1988
    -1.70174
     1.78764
-0.000178805
    -1.10354
    -1.94045
     1.49535
    -0.19879
    -1.70174
     1.78764
-0.000173232
    -1.10354
    -1.94044
     1.49531
   -0.198781
    -1.70174
     1.78764
-0.000165922
    -1.10355
    -1.94043
     1.49527
   -0.198775
    -1.70174
     1.78764
-0.000158312
    -1.10355
    -1.94043
     1.49525
   -0.198769
    -1.70174
     1.78764
-0.000153638
    -1.10356
    -1.94042
     1.49523
   -0.198765
    -1.70174
     1.78764
-0.000150102
    -1.10358
    -1.94041
     1.49521
   -0.198761
    -1.70174
     1.78764
-0.000147586
    -1.10359
    -1.94041
      1.4952
   -0.198758
    -1.70174
     1.78764
-0.000145548
    -1.10361
     -1.9404
     1.49519
   -0.198755
   -1.70174
    1.78764
-0.00014429
   -1.10362
    -1.9404
    1.49518
  -0.198753
    -1.70174
     1.78764
-0.000142912
    -1.10363
     -1.9404
     1.49518
   -0.198751
    -1.70174
     1.78764
-0.000140815
    -1.10364
     -1.9404
     1.49517
   -0.198749
    -1.70174
     1.78764
-0.000137639
    -1.10365
     -1.9404
     1.49517
   -0.198748
    -1.70174
     1.78764
-0.000134283
    -1.10365
     -1.9404
     1.49517
   -0.198746
    -1.70174
     1.78764
-0.000131407
    -1.10366
     -1.9404
     1.49517
   -0.198745
    -1.70174
     1.78764
-0.000129669
    -1.10366
     -1.9404
     1.49517
   -0.198744
   -1.70174
    1.78764
-0.00012907
   -1.10366
    -1.9404
    1.49517
  -0.198743
    -1.70174
     1.78764
-0.000129729
    -1.10366
     -1.9404
     1.49516
   -0.198742
    -1.70174
     1.78764
-0.000129969
    -1.10366
     -1.9404
     1.49516
   -0.198741
    -1.70174
     1.78764
-0.000130089
    -1.10366
     -1.9404
     1.49516
    -0.19874
    -1.70174
     1.78764
-0.000129969
    -1.10366
     -1.9404
     1.49516
    -0.19874
    -1.70174
     1.78764
-0.000129849
    -1.10366
     -1.9404
     1.49516
   -0.198739
    -1.70174
     1.78764
-0.000129609
    -1.10366
     -1.9404
     1.49516
   -0.198739
    -1.70174
     1.78764
-0.000128651
    -1.10366
     -1.9404
     1.49516
   -0.198738
    -1.70174
     1.78764
-0.000127272
    -1.10366
     -1.9404
     1.49516
   -0.198738
    -1.70174
     1.78764
-0.000125894
    -1.10366
     -1.9404
     1.49516
   -0.198737
    -1.70174
     1.78764
-0.000125475
    -1.10366
     -1.9404
     1.49516
   -0.198737
    -1.70174
     1.78764
-0.000125475
    -1.10366
     -1.9404
     1.49516
   -0.198736
    -1.70174
     1.78764
-0.000125355
    -1.10366
     -1.9404
     1.49516
   -0.198736
    -1.70174
     1.78764
-0.000125535
    -1.10366
     -1.9404
     1.49516
   -0.198736
    -1.70174
     1.78764
-0.000125715
    -1.10366
     -1.9404
     1.49516
   -0.198735
    -1.70174
     1.78764
-0.000125535
    -1.10366
     -1.9404
     1.49516
   -0.198735
    -1.70174
     1.78764
-0.000125415
    -1.10366
     -1.9404
     1.49516
   -0.198735
    -1.70174
     1.78764
-0.000125475
    -1.10367
     -1.9404
     1.49516
   -0.198734
    -1.70174
     1.78764
-0.000125235
    -1.10367
     -1.9404
     1.49516
   -0.198734
    -1.70174
     1.78764
-0.000125055
    -1.10367
     -1.9404
     1.49516
   -0.198734
    -1.70174
     1.78764
-0.000125175
    -1.10367
     -1.9404
     1.49516
   -0.198733
    -1.70174
     1.78764
-0.000125355
    -1.10367
     -1.9404
     1.49516
   -0.198733
    -1.70174
     1.78764
-0.000125355
    -1.10367
     -1.9404
     1.49516
   -0.198733
    -1.70174
     1.78764
-0.000125475
    -1.10367
     -1.9404
     1.49516
   -0.198732
    -1.70174
     1.78764
-0.000125475
    -1.10367
     -1.9404
     1.49516
   -0.198732
    -1.70174
     1.78764
-0.000125355
    -1.10367
     -1.9404
     1.49516
   -0.198732
    -1.70174
     1.78764
-0.000125175
    -1.10367
     -1.9404
     1.49516
   -0.198732
    -1.70174
     1.78764
-0.000124995
    -1.10367
     -1.9404
     1.49516
   -0.198731
    -1.70174
     1.78764
-0.000124696
    -1.10367
     -1.9404
     1.49516
   -0.198731
    -1.70174
     1.78764
-0.000124336
    -1.10367
     -1.9404
     1.49516
   -0.198731
    -1.70174
     1.78764
-0.000124276
    -1.10367
     -1.9404
     1.49516
   -0.198731
    -1.70174
     1.78764
-0.000124276
    -1.10367
     -1.9404
     1.49516
   -0.198731
    -1.70174
     1.78764
-0.000124576
    -1.10367
     -1.9404
     1.49516
    -0.19873
    -1.70174
     1.78764
-0.000124576
    -1.10367
     -1.9404
     1.49516
    -0.19873
    -1.70174
     1.78764
-0.000124696
    -1.10367
     -1.9404
     1.49516
    -0.19873
    -1.70174
     1.78764
-0.000124576
    -1.10367
     -1.9404
     1.49516
    -0.19873
    -1.70174
     1.78764
-0.000124456
    -1.10367
     -1.9404
     1.49516
    -0.19873
    -1.70174
     1.78764
-0.000124336
    -1.10367
     -1.9404
     1.49516
    -0.19873
    -1.70174
     1.78764
-0.000124276
    -1.10367
     -1.9404
     1.49516
   -0.198729
    -1.70174
     1.78764
-0.000124276
    -1.10367
     -1.9404
     1.49516
   -0.198729
    -1.70174
     1.78764
-0.000124157
    -1.10367
     -1.9404
     1.49516
   -0.198729
    -1.70174
     1.78764
-0.000124276
    -1.10367
     -1.9404
     1.49516
   -0.198729
    -1.70174
     1.78764
-0.000124276
    -1.10367
     -1.9404
     1.49516
   -0.198729
    -1.70174
     1.78764
-0.000124276
    -1.10367
     -1.9404
     1.49516
   -0.198729
    -1.70174
     1.78764
-0.000124276
    -1.10367
     -1.9404
     1.49516
   -0.198728
    -1.70174
     1.78764
-0.000124157
    -1.10367
     -1.9404
     1.49516
   -0.198728
    -1.70174
     1.78764
-0.000124157
    -1.10367
     -1.9404
     1.49516
   -0.198728
    -1.70174
     1.78764
-0.000124097
    -1.10367
     -1.9404
     1.49516
   -0.198728
    -1.70174
     1.78764
-0.000124157
    -1.10367
     -1.9404
     1.49516
   -0.198728
    -1.70174
     1.78764
-0.000124097
    -1.10367
     -1.9404
     1.49516
   -0.198728
    -1.70174
     1.78764
-0.000124097
    -1.10367
     -1.9404
     1.49516
   -0.198728
    -1.70174
     1.78764
-0.000124157
    -1.10367
     -1.9404
     1.49516
   -0.198727
    -1.70174
     1.78764
-0.000124336
    -1.10367
     -1.9404
     1.49516
   -0.198727
    -1.70174
     1.78764
-0.000124396
    -1.10367
     -1.9404
     1.49516
   -0.198727
    -1.70174
     1.78764
-0.000124276
    -1.10367
     -1.9404
     1.49515
   -0.198727
    -1.70174
     1.78764
-0.000124157
    -1.10367
     -1.9404
     1.49515
   -0.198727
    -1.70174
     1.78764
-0.000124157
    -1.10367
     -1.9404
     1.49515
   -0.198727
    -1.70174
     1.78764
-0.000124157
    -1.10367
     -1.9404
     1.49515
   -0.198727
    -1.70174
     1.78764
-0.000123917
    -1.10367
     -1.9404
     1.49515
   -0.198726
    -1.70174
     1.78764
-0.000123917
    -1.10367
     -1.9404
     1.49515
   -0.198726
    -1.70174
     1.78764
-0.000123917
    -1.10367
     -1.9404
     1.49515
   -0.198726
    -1.70174
     1.78764
-0.000123917
    -1.10367
     -1.9404
     1.49515
   -0.198726
    -1.70174
     1.78764
-0.000123917
    -1.10367
     -1.9404
     1.49515
   -0.198726
    -1.70174
     1.78764
-0.000123917
    -1.10367
     -1.9404
     1.49515
   -0.198726
    -1.70174
     1.78764
-0.000123917
    -1.10367
     -1.9404
     1.49515
   -0.198726
    -1.70174
     1.78764
-0.000123917
    -1.10367
     -1.9404
     1.49515
   -0.198726
    -1.70174
     1.78764
-0.000123917
    -1.10367
     -1.9404
     1.49515
   -0.198726
    -1.70174
     1.78764
-0.000123917
    -1.10367
     -1.9404
     1.49515
   -0.198726
    -1.70174
     1.78764
-0.000123917
    -1.10367
     -1.9404
     1.49515
   -0.198726
    -1.70174
     1.78764
-0.000124097
    -1.10367
     -1.9404
     1.49515
   -0.198726
    -1.70174
     1.78764
-0.000124037
    -1.10367
     -1.9404
     1.49515
   -0.198725
    -1.70174
     1.78764
-0.000124276
    -1.10367
     -1.9404
     1.49515
   -0.198725
    -1.70174
     1.78764
-0.000124276
    -1.10367
     -1.9404
     1.49515
   -0.198725
    -1.70174
     1.78764
-0.000124157
    -1.10367
     -1.9404
     1.49515
   -0.198725
    -1.70174
     1.78764
-0.000124157
    -1.10367
     -1.9404
     1.49515
   -0.198725
    -1.70174
     1.78764
-0.000124037
    -1.10367
     -1.9404
     1.49515
   -0.198725
    -1.70174
     1.78764
-0.000123917
    -1.10367
     -1.9404
     1.49515
   -0.198725
    -1.70174
     1.78764
-0.000123857
    -1.10367
     -1.9404
     1.49515
   -0.198725
    -1.70174
     1.78764
-0.000123797
    -1.10367
     -1.9404
     1.49515
   -0.198725
    -1.70174
     1.78764
-0.000123857
    -1.10367
     -1.9404
     1.49515
   -0.198725
    -1.70174
     1.78764
-0.000123857
    -1.10367
     -1.9404
     1.49515
   -0.198725
    -1.70174
     1.78764
-0.000123797
    -1.10367
     -1.9404
     1.49515
   -0.198724
    -1.70174
     1.78764
-0.000123857
    -1.10367
     -1.9404
     1.49515
   -0.198724
    -1.70174
     1.78764
-0.000123857
    -1.10367
     -1.9404
     1.49515
   -0.198724
    -1.70174
     1.78764
-0.000123857
    -1.10367
     -1.9404
     1.49515
   -0.198724
    -1.70174
     1.78764
-0.000123797
    -1.10367
     -1.9404
     1.49515
   -0.198724
    -1.70174
     1.78764
-0.000123857
    -1.10367
     -1.9404
     1.49515
   -0.198724
    -1.70174
     1.78764
-0.000123857
    -1.10367
     -1.9404
     1.49515
   -0.198724
    -1.70174
     1.78764
-0.000123917
    -1.10367
     -1.9404
     1.49515
   -0.198724
    -1.70174
     1.78764
-0.000124037
    -1.10367
     -1.9404
     1.49515
   -0.198724
    -1.70174
     1.78764
-0.000124037
    -1.10367
     -1.9404
     1.49515
   -0.198724
    -1.70174
     1.78764
-0.000123917
    -1.10367
     -1.9404
     1.49515
   -0.198724
    -1.70174
     1.78764
-0.000123857
    -1.10367
     -1.9404
     1.49515
   -0.198724
    -1.70174
     1.78764
-0.000123917
    -1.10367
     -1.9404
     1.49515
   -0.198724
    -1.70174
     1.78764
-0.000123857
    -1.10367
     -1.9404
     1.49515
   -0.198723
    -1.70174
     1.78764
-0.000123857
    -1.10367
     -1.9404
     1.49515
   -0.198723
    -1.70174
     1.78764
-0.000123797
    -1.10367
     -1.9404
     1.49515
   -0.198723
    -1.70174
     1.78764
-0.000123737
    -1.10367
     -1.9404
     1.49515
   -0.198723
    -1.70174
     1.78764
-0.000123617
    -1.10367
     -1.9404
     1.49515
   -0.198723
    -1.70174
     1.78764
-0.000123737
    -1.10367
     -1.9404
     1.49515
   -0.198723
    -1.70174
     1.78764
-0.000123737
    -1.10367
     -1.9404
     1.49515
   -0.198723
    -1.70174
     1.78764
-0.000123737
    -1.10367
     -1.9404
     1.49515
   -0.198723
    -1.70174
     1.78764
-0.000123737
    -1.10367
     -1.9404
     1.49515
   -0.198723
    -1.70174
     1.78764
-0.000123737
    -1.10367
     -1.9404
     1.49515
   -0.198723
    -1.70174
     1.78764
-0.000123857
    -1.10367
     -1.9404
     1.49515
   -0.198723
    -1.70174
     1.78764
-0.000123797
    -1.10367
     -1.9404
     1.49515
   -0.198723
    -1.70174
     1.78764
-0.000123797
    -1.10367
     -1.9404
     1.49515
   -0.198723
    -1.70174
     1.78764
-0.000123737
    -1.10367
     -1.9404
     1.49515
   -0.198723
    -1.70174
     1.78764
-0.000123857
    -1.10367
     -1.9404
     1.49515
   -0.198723
    -1.70174
     1.78764
-0.000123857
    -1.10367
     -1.9404
     1.49515
   -0.198723
    -1.70174
     1.78764
-0.000123737
    -1.10367
     -1.9404
     1.49515
   -0.198723
    -1.70174
     1.78764
-0.000123797
    -1.10367
     -1.9404
     1.49515
   -0.198722
    -1.70174
     1.78764
-0.000123737
    -1.10367
     -1.9404
     1.49515
   -0.198722
    -1.70174
     1.78764
-0.000123737
    -1.10367
     -1.9404
     1.49515
   -0.198722
    -1.70174
     1.78764
-0.000123617
    -1.10367
     -1.9404
     1.49515
   -0.198722
    -1.70174
     1.78764
-0.000123737
    -1.10367
     -1.9404
     1.49515
   -0.198722
    -1.70174
     1.78764
-0.000123617
    -1.10367
     -1.9404
     1.49515
   -0.198722
    -1.70174
     1.78764
-0.000123617
    -1.10367
     -1.9404
     1.49515
   -0.198722
    -1.70174
     1.78764
-0.000123617
    -1.10367
     -1.9404
     1.49515
   -0.198722
    -1.70174
     1.78764
-0.000123557
    -1.10367
     -1.9404
     1.49515
   -0.198722
    -1.70174
     1.78764
-0.000123737
    -1.10367
     -1.9404
     1.49515
   -0.198722
    -1.70174
     1.78764
-0.000123737
    -1.10367
     -1.9404
     1.49515
   -0.198722
    -1.70174
     1.78764
-0.000123737
    -1.10367
     -1.9404
     1.49515
   -0.198722
    -1.70174
     1.78764
-0.000123737
    -1.10367
     -1.9404
     1.49515
   -0.198722
    -1.70174
     1.78764
-0.000123617
    -1.10367
     -1.9404
     1.49515
   -0.198722
    -1.70174
     1.78764
-0.000123737
    -1.10367
     -1.9404
     1.49515
   -0.198722
    -1.70174
     1.78764
-0.000123797
    -1.10367
     -1.9404
     1.49515
   -0.198722
    -1.70174
     1.78764
-0.000123617
    -1.10367
     -1.9404
     1.49515
   -0.198722
    -1.70174
     1.78764
-0.000123617
    -1.10367
     -1.9404
     1.49515
   -0.198722
    -1.70174
     1.78764
-0.000123617
    -1.10367
     -1.9404
     1.49515
   -0.198721
    -1.70174
     1.78764
-0.000123617
    -1.10367
     -1.9404
     1.49515
   -0.198721
    -1.70174
     1.78764
-0.000123737
    -1.10367
     -1.9404
     1.49515
   -0.198721
    -1.70174
     1.78764
-0.000123737
    -1.10367
     -1.9404
     1.49515
   -0.198721
    -1.70174
     1.78764
-0.000123617
    -1.10367
     -1.9404
     1.49515
   -0.198721
    -1.70174
     1.78764
-0.000123617
    -1.10367
     -1.9404
     1.49515
   -0.198721
    -1.70174
     1.78764
-0.000123617
    -1.10367
     -1.9404
     1.49515
   -0.198721
    -1.70174
     1.78764
-0.000123737
    -1.10367
     -1.9404
     1.49515
   -0.198721
    -1.70174
     1.78764
-0.000123617
    -1.10367
     -1.9404
     1.49515
   -0.198721
    -1.70174
     1.78764
-0.000123737
    -1.10367
     -1.9404
     1.49515
   -0.198721
    -1.70174
     1.78764
-0.000123617
    -1.10367
     -1.9404
     1.49515
   -0.198721
    -1.70174
     1.78764
-0.000123617
    -1.10367
     -1.9404
     1.49515
   -0.198721
    -1.70174
     1.78764
-0.000123617
    -1.10367
     -1.9404
     1.49515
   -0.198721
    -1.70174
     1.78764
-0.000123617
    -1.10367
     -1.9404
     1.49515
   -0.198721
    -1.70174
     1.78764
-0.000123737
    -1.10367
     -1.9404
     1.49515
   -0.198721
    -1.70174
     1.78764
-0.000123617
    -1.10367
     -1.9404
     1.49515
   -0.198721
    -1.70174
     1.78764
-0.000123617
    -1.10367
     -1.9404
     1.49515
   -0.198721
    -1.70174
     1.78764
-0.000123617
    -1.10367
     -1.9404
     1.49515
   -0.198721
    -1.70174
     1.78764
-0.000123617
    -1.10367
     -1.9404
     1.49515
   -0.198721
    -1.70174
     1.78764
-0.000123617
    -1.10367
     -1.9404
     1.49515
   -0.198721
    -1.70174
     1.78764
-0.000123617
    -1.10367
     -1.9404
     1.49515
    -0.19872
    -1.70174
     1.78764
-0.000123617
    -1.10367
     -1.9404
     1.49515
    -0.19872
    -1.70174
     1.78764
-0.000123617
    -1.10367
     -1.9404
     1.49515
    -0.19872
    -1.70174
     1.78764
-0.000123617
    -1.10367
     -1.9404
     1.49515
    -0.19872
    -1.70174
     1.78764
-0.000123617
    -1.10367
     -1.9404
     1.49515
    -0.19872
    -1.70174
     1.78764
-0.000123617
    -1.10367
     -1.9404
     1.49515
    -0.19872
    -1.70174
     1.78764
-0.000123557
    -1.10367
     -1.9404
     1.49515
    -0.19872
    -1.70174
     1.78764
-0.000123737
    -1.10367
     -1.9404
     1.49515
    -0.19872
    -1.70174
     1.78764
-0.000123617
    -1.10367
     -1.9404
     1.49515
    -0.19872
    -1.70174
     1.78764
-0.000123617
    -1.10367
     -1.9404
     1.49515
    -0.19872
    -1.70174
     1.78764
-0.000123737
    -1.10367
     -1.9404
     1.49515
    -0.19872
    -1.70174
     1.78764
-0.000123737
    -1.10367
     -1.9404
     1.49515
    -0.19872
    -1.70174
     1.78764
-0.000123617
    -1.10367
     -1.9404
     1.49515
    -0.19872
    -1.70174
     1.78764
-0.000123617
    -1.10367
     -1.9404
     1.49515
    -0.19872
    -1.70174
     1.78764
-0.000123617
    -1.10367
     -1.9404
     1.49515
    -0.19872
    -1.70174
     1.78764
-0.000123617
    -1.10367
     -1.9404
     1.49515
    -0.19872
    -1.70174
     1.78764
-0.000123557
    -1.10367
     -1.9404
     1.49515
    -0.19872
    -1.70174
     1.78764
-0.000123497
    -1.10367
     -1.9404
     1.49515
    -0.19872
    -1.70174
     1.78764
-0.000123497
    -1.10367
     -1.9404
     1.49515
    -0.19872
    -1.70174
     1.78764
-0.000123617
    -1.10367
     -1.9404
     1.49515
    -0.19872
    -1.70174
     1.78764
-0.000123617
    -1.10367
     -1.9404
     1.49515
    -0.19872
    -1.70174
     1.78764
-0.000123617
    -1.10367
     -1.9404
     1.49515
    -0.19872
    -1.70174
     1.78764
-0.000123617
    -1.10367
     -1.9404
     1.49515
    -0.19872
    -1.70174
     1.78764
-0.000123617
    -1.10367
     -1.9404
     1.49515
    -0.19872
    -1.70174
     1.78764
-0.000123617
    -1.10367
     -1.9404
     1.49515
    -0.19872
    -1.70174
     1.78764
-0.000123557
    -1.10367
     -1.9404
     1.49515
    -0.19872
    -1.70174
     1.78764
-0.000123557
    -1.10367
     -1.9404
     1.49515
   -0.198719
    -1.70174
     1.78764
-0.000123737
    -1.10367
     -1.9404
     1.49515
   -0.198719
    -1.70174
     1.78764
-0.000123617
    -1.10367
     -1.9404
     1.49515
   -0.198719
    -1.70174
     1.78764
-0.000123557
    -1.10367
     -1.9404
     1.49515
   -0.198719
    -1.70174
     1.78764
-0.000123497
    -1.10367
     -1.9404
     1.49515
   -0.198719
    -1.70174
     1.78764
-0.000123557
    -1.10367
     -1.9404
     1.49515
   -0.198719
