  -1.71291
   1.78766
0.00681872
  -1.10871
  -1.95172
   1.49409
 -0.193472
 -1.71291
  1.78766
0.0068186
 -1.10871
 -1.95172
  1.49409
-0.193472
  -1.71291
   1.78766
0.00681872
  -1.10871
  -1.95172
   1.49409
 -0.193472
  -1.71291
   1.78767
0.00681783
  -1.10871
  -1.95172
   1.49409
 -0.193472
  -1.71291
   1.78766
0.00682028
   -1.1087
  -1.95172
   1.49409
 -0.193472
  -1.71291
   1.78767
0.00681813
   -1.1087
  -1.95172
   1.49409
 -0.193472
 -1.71291
  1.78767
0.0068201
  -1.1087
 -1.95172
  1.49409
-0.193472
  -1.71291
   1.78767
0.00681759
   -1.1087
  -1.95172
   1.49409
 -0.193472
  -1.71291
   1.78767
0.00682556
   -1.1087
  -1.95172
   1.49409
 -0.193472
  -1.71291
   1.78766
0.00682855
  -1.10869
  -1.95173
   1.49409
 -0.193472
  -1.71291
   1.78768
0.00683227
  -1.10871
  -1.95173
   1.49409
 -0.193472
  -1.71291
   1.78768
0.00684473
  -1.10873
  -1.95173
    1.4941
 -0.193473
  -1.71291
   1.78767
0.00686127
   -1.1087
  -1.95173
    1.4941
 -0.193475
  -1.71291
   1.78768
0.00689087
  -1.10872
  -1.95174
   1.49411
 -0.193476
  -1.71292
   1.78768
0.00694809
  -1.10872
  -1.95176
   1.49413
 -0.193482
  -1.71292
   1.78768
0.00702719
  -1.10871
  -1.95178
   1.49418
 -0.193496
  -1.71292
   1.78768
0.00712618
  -1.10872
   -1.9518
   1.49427
 -0.193523
  -1.71292
   1.78772
0.00724512
  -1.10875
  -1.95184
    1.4944
 -0.193565
  -1.71292
   1.78767
0.00736269
   -1.1087
   -1.9519
   1.49455
 -0.193613
  -1.71292
   1.78764
0.00748972
  -1.10867
  -1.95196
   1.49471
 -0.193664
  -1.71293
   1.78769
0.00762808
  -1.10871
  -1.95204
   1.49485
 -0.193714
  -1.71292
   1.78775
0.00777081
  -1.10877
  -1.95211
   1.49494
 -0.193759
  -1.71292
   1.78769
0.00789623
   -1.1087
  -1.95219
   1.49506
 -0.193808
  -1.71292
    1.7877
0.00803081
   -1.1087
  -1.95227
   1.49516
 -0.193863
  -1.71292
   1.78771
0.00816671
  -1.10869
  -1.95236
   1.49524
 -0.193918
  -1.71292
   1.78771
0.00830219
  -1.10868
  -1.95244
   1.49532
 -0.193972
  -1.71292
   1.78773
0.00842916
  -1.10873
  -1.95253
   1.49542
 -0.194028
  -1.71292
   1.78772
0.00855865
  -1.10871
  -1.95261
   1.49553
 -0.194086
  -1.71292
    1.7877
0.00868772
  -1.10869
  -1.95271
   1.49565
 -0.194135
  -1.71292
   1.78772
0.00882225
  -1.10875
  -1.95279
   1.49578
 -0.194169
  -1.71292
   1.78772
0.00896252
  -1.10875
  -1.95286
    1.4959
 -0.194195
  -1.71292
   1.78773
0.00910088
  -1.10881
  -1.95295
   1.49606
 -0.194216
  -1.71292
   1.78772
0.00924871
  -1.10886
  -1.95302
   1.49626
 -0.194239
  -1.71292
   1.78768
0.00941523
  -1.10884
  -1.95307
   1.49646
 -0.194261
 -1.71292
  1.78769
0.0096005
 -1.10891
 -1.95314
  1.49666
-0.194286
 -1.71292
  1.78769
0.0097971
 -1.10895
 -1.95322
   1.4969
-0.194312
 -1.71293
   1.7877
0.0100034
 -1.10902
 -1.95329
  1.49713
-0.194337
 -1.71293
   1.7877
0.0102055
  -1.1091
 -1.95335
  1.49731
-0.194363
 -1.71292
  1.78765
0.0104082
  -1.1091
 -1.95341
  1.49745
-0.194391
 -1.71293
  1.78766
0.0106132
 -1.10919
 -1.95349
  1.49759
-0.194421
 -1.71293
  1.78767
0.0108213
 -1.10926
 -1.95357
  1.49772
-0.194451
 -1.71292
  1.78767
 0.011029
 -1.10932
 -1.95365
  1.49785
-0.194487
 -1.71292
  1.78758
0.0112449
  -1.1093
 -1.95374
  1.49801
-0.194531
 -1.71292
  1.78752
 0.011483
 -1.10938
 -1.95381
  1.49821
-0.194598
 -1.71293
  1.78755
0.0117535
 -1.10953
  -1.9539
  1.49842
-0.194671
 -1.71293
   1.7875
0.0120222
 -1.10956
 -1.95398
  1.49866
-0.194748
 -1.71293
  1.78746
0.0122854
 -1.10962
 -1.95406
  1.49894
-0.194821
 -1.71293
  1.78745
0.0125547
 -1.10969
 -1.95416
  1.49919
 -0.19489
 -1.71293
  1.78739
0.0128183
 -1.10964
 -1.95428
  1.49943
-0.194957
 -1.71292
  1.78737
0.0130826
 -1.10968
 -1.95441
  1.49965
-0.195015
 -1.71292
  1.78734
0.0133458
 -1.10971
 -1.95458
  1.49984
-0.195067
 -1.71292
  1.78728
0.0136153
 -1.10967
 -1.95472
  1.50003
-0.195115
 -1.71292
  1.78727
0.0138996
 -1.10972
 -1.95485
  1.50025
-0.195161
 -1.71292
  1.78724
0.0141854
 -1.10973
 -1.95498
   1.5005
 -0.19521
 -1.71292
  1.78719
0.0144687
  -1.1097
 -1.95512
  1.50079
 -0.19527
 -1.71293
  1.78719
0.0147463
 -1.10977
 -1.95526
  1.50109
-0.195352
 -1.71293
  1.78719
0.0150263
 -1.10982
 -1.95539
  1.50136
-0.195439
 -1.71293
  1.78714
0.0152986
 -1.10981
 -1.95554
  1.50162
-0.195522
 -1.71293
  1.78717
0.0155809
 -1.10991
 -1.95568
  1.50185
-0.195605
 -1.71293
  1.78711
0.0158962
 -1.10993
 -1.95582
  1.50209
-0.195689
 -1.71293
  1.78701
0.0162319
 -1.10997
 -1.95597
  1.50235
-0.195778
 -1.71293
  1.78706
 0.016579
 -1.11018
 -1.95612
  1.50261
-0.195865
 -1.71293
  1.78705
 0.016922
 -1.11033
 -1.95627
  1.50292
-0.195956
 -1.71293
  1.78704
0.0172508
 -1.11046
 -1.95642
  1.50326
-0.196054
 -1.71296
  1.78704
0.0175593
 -1.11056
 -1.95657
  1.50357
-0.196166
 -1.71298
  1.78704
0.0178805
  -1.1106
 -1.95673
  1.50385
-0.196277
 -1.71295
  1.78705
 0.018325
 -1.11066
 -1.95688
  1.50412
-0.196391
 -1.71296
  1.78706
0.0187539
 -1.11068
 -1.95704
  1.50442
-0.196503
   -1.713
  1.78708
0.0191462
 -1.11076
 -1.95719
  1.50476
-0.196603
 -1.71301
  1.78708
0.0195481
 -1.11076
 -1.95736
  1.50509
-0.196683
 -1.71302
  1.78711
0.0199552
 -1.11084
 -1.95751
  1.50542
-0.196767
 -1.71302
   1.7871
0.0203691
 -1.11088
 -1.95766
  1.50574
-0.196851
 -1.71303
   1.7871
0.0207717
 -1.11088
 -1.95783
  1.50605
 -0.19694
 -1.71304
  1.78709
0.0211646
 -1.11093
 -1.95798
  1.50638
-0.197019
 -1.71304
  1.78709
0.0215548
 -1.11091
 -1.95814
  1.50673
-0.197095
 -1.71305
   1.7871
0.0219379
 -1.11094
 -1.95831
   1.5071
-0.197171
 -1.71305
  1.78706
0.0223209
 -1.11089
 -1.95849
  1.50744
-0.197239
 -1.71306
  1.78704
0.0227135
 -1.11089
 -1.95864
  1.50779
-0.197311
 -1.71306
  1.78708
0.0231286
 -1.11093
 -1.95879
  1.50813
-0.197389
 -1.71307
  1.78709
0.0235277
 -1.11094
 -1.95896
  1.50851
-0.197468
-1.71308
 1.78703
 0.02392
-1.11091
-1.95914
 1.50891
-0.19755
 -1.71308
  1.78705
0.0243258
 -1.11098
 -1.95933
  1.50928
-0.197631
 -1.71309
  1.78703
0.0247371
 -1.11101
 -1.95955
  1.50961
-0.197736
 -1.71309
  1.78703
0.0251597
 -1.11111
 -1.95976
  1.50999
-0.197859
  -1.7131
  1.78701
0.0255738
 -1.11119
 -1.95997
  1.51042
-0.197992
  -1.7131
  1.78699
0.0259945
 -1.11127
 -1.96016
  1.51086
-0.198135
 -1.71311
  1.78698
0.0264102
 -1.11135
 -1.96038
  1.51125
-0.198278
 -1.71311
  1.78697
0.0268297
 -1.11144
  -1.9606
  1.51161
 -0.19843
 -1.71311
  1.78696
0.0272759
 -1.11151
 -1.96081
  1.51198
-0.198586
 -1.71315
  1.78695
 0.027717
 -1.11159
 -1.96103
  1.51242
-0.198726
  -1.7132
  1.78694
0.0281458
 -1.11163
 -1.96125
  1.51287
-0.198843
 -1.71318
  1.78693
0.0286846
  -1.1117
 -1.96146
   1.5133
-0.198943
  -1.7132
  1.78693
0.0292201
 -1.11171
 -1.96167
  1.51368
-0.199039
 -1.71325
  1.78693
 0.029722
  -1.1118
 -1.96187
  1.51406
-0.199134
 -1.71329
  1.78689
0.0302466
 -1.11179
 -1.96208
   1.5145
-0.199228
 -1.71332
  1.78689
0.0307651
 -1.11182
 -1.96226
  1.51496
-0.199328
 -1.71334
  1.78689
0.0312832
 -1.11185
 -1.96246
  1.51537
-0.199423
 -1.71336
  1.78688
0.0318101
 -1.11186
 -1.96268
  1.51575
 -0.19952
 -1.71339
  1.78683
0.0323355
 -1.11187
  -1.9629
  1.51617
-0.199616
 -1.71341
  1.78677
0.0328566
 -1.11188
 -1.96313
  1.51663
-0.199722
 -1.71343
  1.78679
0.0333787
 -1.11204
 -1.96334
  1.51705
-0.199833
 -1.71343
  1.78677
0.0339017
 -1.11214
 -1.96359
  1.51745
-0.199966
 -1.71344
  1.78675
0.0344233
 -1.11228
 -1.96383
  1.51791
-0.200122
-1.71344
  1.7867
0.034945
-1.11232
-1.96406
 1.51843
-0.20028
 -1.71345
  1.78668
0.0354685
 -1.11234
 -1.96429
  1.51895
-0.200444
 -1.71345
  1.78668
0.0360029
 -1.11239
 -1.96452
  1.51942
-0.200619
 -1.71348
  1.78667
0.0365162
 -1.11241
 -1.96473
  1.51984
-0.200793
 -1.71356
  1.78666
0.0370397
 -1.11247
 -1.96496
  1.52032
-0.200947
 -1.71354
  1.78665
0.0376202
  -1.1125
 -1.96519
  1.52082
-0.201077
 -1.71354
  1.78665
0.0381865
 -1.11258
 -1.96541
  1.52129
-0.201208
 -1.71356
  1.78662
0.0386941
 -1.11257
 -1.96564
  1.52174
-0.201345
 -1.71355
  1.78662
 0.039223
  -1.1126
 -1.96589
  1.52221
-0.201476
 -1.71356
  1.78663
0.0397644
 -1.11264
 -1.96615
  1.52271
-0.201613
 -1.71356
  1.78663
0.0403207
 -1.11266
 -1.96644
  1.52321
-0.201755
 -1.71356
  1.78663
 0.040869
 -1.11271
 -1.96674
  1.52368
-0.201905
-1.71355
 1.78661
0.041418
-1.11271
-1.96703
 1.52416
-0.20206
 -1.71355
  1.78664
0.0419755
 -1.11282
 -1.96732
  1.52467
-0.202211
 -1.71355
  1.78662
0.0425493
 -1.11282
 -1.96761
   1.5252
-0.202366
 -1.71355
  1.78664
0.0431227
 -1.11286
  -1.9679
   1.5257
-0.202526
 -1.71355
  1.78667
0.0436999
 -1.11294
 -1.96817
  1.52622
-0.202671
 -1.71358
  1.78668
0.0442698
 -1.11297
 -1.96843
  1.52673
 -0.20281
 -1.71363
  1.78674
0.0448375
 -1.11311
 -1.96867
  1.52724
-0.202936
  -1.7136
  1.78676
 0.045498
 -1.11319
 -1.96892
  1.52775
-0.203051
 -1.71361
  1.78674
0.0461439
 -1.11322
 -1.96919
  1.52832
-0.203154
 -1.71364
  1.78677
0.0467638
  -1.1133
 -1.96946
  1.52888
-0.203263
 -1.71365
  1.78683
0.0474118
 -1.11341
 -1.96973
  1.52939
-0.203377
 -1.71365
  1.78685
0.0480518
 -1.11351
    -1.97
  1.52992
-0.203501
 -1.71365
  1.78685
0.0486838
 -1.11355
 -1.97031
  1.53049
-0.203659
 -1.71365
   1.7869
0.0493311
 -1.11365
  -1.9706
  1.53105
-0.203834
 -1.71365
  1.78693
0.0499711
 -1.11374
 -1.97087
  1.53155
-0.204029
 -1.71365
  1.78695
0.0506002
 -1.11375
 -1.97114
   1.5321
-0.204219
 -1.71369
  1.78699
0.0512206
 -1.11384
  -1.9714
  1.53268
-0.204411
 -1.71372
  1.78699
0.0518551
 -1.11381
 -1.97167
  1.53321
-0.204602
 -1.71369
  1.78703
0.0525323
 -1.11384
 -1.97193
  1.53372
-0.204793
 -1.71373
  1.78706
0.0531636
 -1.11385
 -1.97219
  1.53429
-0.204979
 -1.71378
  1.78707
0.0537982
 -1.11384
 -1.97244
  1.53485
-0.205155
  -1.7138
  1.78709
0.0544411
 -1.11386
 -1.97268
  1.53538
-0.205305
 -1.71384
  1.78712
0.0550808
 -1.11389
 -1.97295
  1.53591
-0.205444
 -1.71387
  1.78723
0.0557404
 -1.11397
 -1.97323
  1.53649
-0.205599
 -1.71389
  1.78714
0.0563831
 -1.11385
 -1.97354
  1.53706
-0.205762
 -1.71392
  1.78713
0.0570118
 -1.11381
 -1.97387
  1.53758
-0.205936
 -1.71399
  1.78715
0.0576444
 -1.11392
 -1.97417
  1.53813
-0.206116
  -1.7141
  1.78713
0.0582835
 -1.11395
 -1.97448
  1.53871
  -0.2063
  -1.7141
  1.78711
0.0589711
 -1.11406
 -1.97479
  1.53927
-0.206484
 -1.71411
  1.78707
0.0596333
 -1.11409
 -1.97509
   1.5398
-0.206661
 -1.71415
  1.78706
0.0602638
 -1.11412
 -1.97539
   1.5404
-0.206835
 -1.71415
   1.7871
 0.060904
 -1.11422
 -1.97569
  1.54098
-0.206986
 -1.71416
   1.7871
0.0615486
 -1.11429
 -1.97599
  1.54153
-0.207141
 -1.71417
  1.78703
0.0622136
 -1.11428
 -1.97629
  1.54214
-0.207299
 -1.71419
  1.78697
0.0628814
 -1.11428
 -1.97659
  1.54279
-0.207449
 -1.71424
  1.78703
0.0635204
 -1.11444
 -1.97688
   1.5434
-0.207597
 -1.71434
  1.78699
0.0641567
 -1.11444
 -1.97719
  1.54401
-0.207752
 -1.71433
    1.787
0.0648993
  -1.1145
  -1.9775
  1.54464
-0.207931
 -1.71433
  1.78706
 0.065633
 -1.11462
 -1.97781
  1.54521
-0.208115
  -1.7144
  1.78713
0.0662816
 -1.11469
 -1.97814
  1.54579
-0.208304
 -1.71442
  1.78709
0.0669611
 -1.11466
 -1.97845
  1.54643
-0.208498
 -1.71443
  1.78708
0.0676414
 -1.11463
 -1.97875
  1.54703
-0.208683
 -1.71444
  1.78717
0.0683393
 -1.11479
 -1.97904
  1.54764
-0.208856
 -1.71445
   1.7872
0.0690484
 -1.11485
 -1.97936
  1.54829
-0.209015
 -1.71448
  1.78729
0.0697279
 -1.11496
 -1.97967
  1.54893
-0.209184
 -1.71456
   1.7873
0.0703921
 -1.11498
 -1.98002
  1.54957
-0.209359
 -1.71454
  1.78732
0.0711807
 -1.11499
 -1.98038
  1.55019
-0.209539
 -1.71454
  1.78743
0.0719567
 -1.11512
 -1.98072
  1.55075
 -0.20971
  -1.7146
  1.78749
0.0726224
 -1.11519
 -1.98106
  1.55131
-0.209894
 -1.71462
  1.78761
0.0733245
 -1.11533
 -1.98142
  1.55191
-0.210088
 -1.71464
  1.78759
0.0740204
 -1.11526
 -1.98178
  1.55252
-0.210291
 -1.71466
  1.78764
 0.074718
  -1.1153
 -1.98211
  1.55307
-0.210495
 -1.71472
  1.78772
0.0754076
 -1.11536
 -1.98245
  1.55364
-0.210701
  -1.7148
  1.78782
0.0760927
 -1.11548
 -1.98279
  1.55429
-0.210886
  -1.7148
  1.78792
0.0768662
 -1.11558
 -1.98313
  1.55488
 -0.21106
  -1.7148
  1.78793
0.0776522
 -1.11556
 -1.98345
  1.55545
-0.211231
 -1.71485
  1.78796
0.0783485
 -1.11553
 -1.98378
  1.55611
-0.211408
 -1.71487
  1.78813
0.0790657
 -1.11569
 -1.98412
  1.55673
-0.211598
 -1.71489
  1.78825
0.0798065
 -1.11574
 -1.98444
  1.55734
-0.211791
 -1.71489
  1.78828
0.0805242
 -1.11573
 -1.98476
  1.55801
-0.211982
 -1.71494
  1.78833
0.0812067
  -1.1157
 -1.98508
  1.55869
-0.212179
 -1.71502
  1.78848
0.0819157
 -1.11581
 -1.98538
   1.5593
-0.212389
   -1.715
  1.78863
0.0827199
 -1.11593
 -1.98572
  1.55992
-0.212595
 -1.71501
   1.7886
0.0834996
 -1.11583
 -1.98606
  1.56059
-0.212795
 -1.71504
  1.78865
0.0842205
 -1.11589
 -1.98636
  1.56122
-0.212973
 -1.71505
  1.78875
0.0849527
 -1.11604
 -1.98669
  1.56183
-0.213147
 -1.71506
  1.78872
0.0856805
 -1.11605
 -1.98702
  1.56248
 -0.21332
  -1.7151
  1.78875
0.0863966
 -1.11615
 -1.98735
   1.5631
-0.213505
 -1.71519
  1.78879
0.0870852
 -1.11624
 -1.98769
  1.56372
-0.213723
 -1.71517
  1.78888
0.0878791
  -1.1164
 -1.98802
  1.56436
-0.213957
 -1.71517
  1.78882
0.0886861
 -1.11642
 -1.98836
  1.56501
-0.214178
 -1.71523
   1.7888
0.0893902
 -1.11652
 -1.98871
  1.56564
-0.214406
 -1.71524
  1.78881
0.0901093
 -1.11666
 -1.98906
  1.56628
-0.214635
 -1.71526
  1.78876
0.0908614
 -1.11675
  -1.9894
  1.56693
 -0.21484
 -1.71531
  1.78877
0.0915659
 -1.11685
 -1.98971
   1.5676
-0.215034
 -1.71539
  1.78879
0.0922656
 -1.11698
 -1.99004
  1.56827
-0.215216
 -1.71538
  1.78871
0.0930858
 -1.11687
 -1.99039
   1.5689
-0.215402
 -1.71537
  1.78872
0.0938913
  -1.1169
 -1.99072
  1.56956
-0.215593
 -1.71543
   1.7888
0.0946101
   -1.117
 -1.99107
  1.57023
-0.215806
 -1.71545
  1.78883
0.0953608
 -1.11698
 -1.99142
  1.57088
-0.216031
 -1.71547
  1.78888
0.0960877
   -1.117
 -1.99176
  1.57156
-0.216253
 -1.71555
   1.7888
0.0967862
 -1.11686
 -1.99212
  1.57224
-0.216467
 -1.71562
  1.78886
0.0975244
 -1.11687
 -1.99246
  1.57284
-0.216685
 -1.71561
   1.7889
0.0983379
 -1.11683
 -1.99281
  1.57346
-0.216885
 -1.71564
  1.78888
0.0991228
 -1.11679
 -1.99314
  1.57411
 -0.21708
 -1.71568
  1.78896
0.0998574
 -1.11684
 -1.99348
  1.57471
-0.217265
  -1.7157
    1.789
 0.100579
 -1.11685
 -1.99384
  1.57534
-0.217457
 -1.71571
  1.78899
 0.101335
 -1.11683
  -1.9942
    1.576
-0.217655
 -1.71576
  1.78904
 0.102066
 -1.11684
 -1.99458
  1.57661
-0.217866
-1.71585
 1.78907
0.102773
-1.11685
-1.99496
 1.57723
-0.21809
 -1.71584
  1.78918
 0.103589
 -1.11695
 -1.99535
   1.5779
-0.218319
 -1.71585
  1.78912
 0.104407
 -1.11689
 -1.99571
  1.57853
-0.218528
  -1.7159
  1.78921
 0.105119
 -1.11702
 -1.99606
  1.57912
-0.218729
 -1.71592
  1.78928
 0.105852
 -1.11709
 -1.99643
  1.57976
-0.218924
 -1.71597
  1.78932
 0.106577
 -1.11713
 -1.99677
  1.58041
-0.219112
 -1.71606
   1.7894
 0.107272
 -1.11723
  -1.9971
  1.58102
-0.219297
 -1.71605
  1.78939
 0.108078
 -1.11721
 -1.99746
  1.58166
-0.219483
 -1.71605
  1.78952
 0.108883
 -1.11735
 -1.99781
  1.58228
-0.219679
  -1.7161
  1.78955
 0.109606
 -1.11739
 -1.99819
  1.58288
-0.219886
  -1.7161
  1.78962
 0.110349
 -1.11743
 -1.99856
  1.58353
-0.220097
  -1.7161
  1.78961
  0.11111
 -1.11744
 -1.99892
  1.58422
-0.220325
 -1.71614
  1.78974
 0.111824
 -1.11758
 -1.99925
  1.58485
-0.220549
 -1.71621
   1.7898
 0.112546
 -1.11761
 -1.99958
  1.58549
-0.220741
 -1.71618
  1.78985
 0.113357
 -1.11768
 -1.99991
  1.58615
-0.220933
 -1.71617
  1.78995
 0.114153
 -1.11778
 -2.00023
  1.58679
-0.221125
 -1.71622
  1.78992
  0.11489
 -1.11769
 -2.00055
  1.58749
-0.221324
 -1.71621
  1.79004
 0.115623
 -1.11778
 -2.00087
  1.58814
-0.221521
-1.71627
 1.79009
0.116327
-1.11782
-2.00121
 1.58878
-0.22173
 -1.71633
   1.7902
 0.117044
 -1.11792
 -2.00156
  1.58945
-0.221941
 -1.71632
  1.79023
 0.117844
 -1.11788
 -2.00193
  1.59013
-0.222159
 -1.71631
  1.79038
 0.118634
 -1.11799
 -2.00226
  1.59076
-0.222376
 -1.71636
  1.79046
 0.119361
 -1.11799
 -2.00262
  1.59143
-0.222599
 -1.71636
  1.79057
 0.120091
 -1.11798
 -2.00295
  1.59207
-0.222792
 -1.71637
  1.79066
  0.12083
 -1.11799
 -2.00327
  1.59267
-0.222978
 -1.71642
  1.79082
 0.121535
  -1.1181
 -2.00359
  1.59329
-0.223173
 -1.71648
  1.79085
 0.122249
  -1.1181
 -2.00394
  1.59393
-0.223377
 -1.71645
  1.79097
 0.123064
  -1.1182
 -2.00428
  1.59448
-0.223584
 -1.71647
    1.791
 0.123833
 -1.11824
 -2.00466
  1.59508
-0.223802
  -1.7165
  1.79106
 0.124546
 -1.11831
 -2.00503
  1.59571
-0.224018
 -1.71651
  1.79117
 0.125265
 -1.11844
 -2.00541
   1.5963
-0.224239
 -1.71651
  1.79117
 0.125999
 -1.11848
 -2.00578
   1.5969
-0.224459
 -1.71656
  1.79125
 0.126686
 -1.11864
 -2.00614
  1.59753
-0.224669
 -1.71663
  1.79125
 0.127385
 -1.11876
  -2.0065
  1.59812
-0.224873
 -1.71662
  1.79132
 0.128174
 -1.11894
 -2.00686
   1.5987
-0.225052
 -1.71662
  1.79125
 0.128958
 -1.11892
  -2.0072
  1.59935
-0.225245
 -1.71666
  1.79137
 0.129659
 -1.11907
 -2.00754
  1.59999
-0.225451
 -1.71667
  1.79135
 0.130388
 -1.11902
 -2.00791
  1.60058
-0.225671
 -1.7167
 1.79137
0.131078
  -1.119
-2.00825
 1.60119
-0.22589
 -1.71678
   1.7914
 0.131762
 -1.11907
 -2.00861
  1.60181
-0.226113
 -1.71677
  1.79138
  0.13255
 -1.11901
 -2.00896
   1.6024
-0.226331
 -1.71675
  1.79143
 0.133311
 -1.11906
 -2.00926
  1.60301
-0.226541
 -1.71678
  1.79142
 0.134008
 -1.11898
 -2.00958
  1.60363
-0.226739
 -1.71676
  1.79152
 0.134719
 -1.11899
 -2.00988
  1.60424
-0.226941
 -1.71677
   1.7915
 0.135412
 -1.11888
 -2.01021
  1.60488
-0.227133
-1.71679
 1.79146
0.136097
-1.11875
-2.01052
 1.60551
-0.22732
 -1.71682
  1.79155
 0.136773
 -1.11882
 -2.01083
  1.60612
-0.227522
 -1.71679
  1.79158
 0.137535
 -1.11884
 -2.01117
  1.60673
-0.227738
 -1.71679
  1.79164
 0.138275
 -1.11887
 -2.01147
  1.60734
-0.227956
 -1.71681
   1.7916
 0.138982
 -1.11879
 -2.01181
  1.60795
-0.228176
 -1.71681
  1.79162
 0.139703
  -1.1188
 -2.01215
  1.60857
-0.228388
-1.71681
 1.79172
0.140415
-1.11891
-2.01246
 1.60916
-0.22857
 -1.71684
  1.79171
 0.141118
 -1.11889
 -2.01279
  1.60973
-0.228731
 -1.71687
  1.79184
 0.141811
 -1.11904
 -2.01311
   1.6103
-0.228903
 -1.71684
  1.79183
 0.142574
 -1.11902
 -2.01346
  1.61091
-0.229086
 -1.71683
  1.79186
 0.143317
 -1.11902
  -2.0138
  1.61148
-0.229271
 -1.71688
  1.79198
 0.143945
 -1.11912
 -2.01415
  1.61199
-0.229446
 -1.71688
  1.79204
 0.144594
 -1.11916
 -2.01448
  1.61256
-0.229641
 -1.71689
  1.79219
 0.145253
 -1.11929
 -2.01479
  1.61316
-0.229843
  -1.7169
  1.79219
 0.145914
 -1.11931
 -2.01514
  1.61372
-0.230053
 -1.71696
  1.79218
 0.146525
 -1.11934
 -2.01548
  1.61425
-0.230258
 -1.71704
  1.79232
 0.147156
 -1.11954
 -2.01581
  1.61481
-0.230452
 -1.71705
  1.79243
 0.147868
 -1.11966
 -2.01613
  1.61539
-0.230626
-1.71707
 1.79245
 0.14854
-1.11963
-2.01644
 1.61591
 -0.2308
-1.71712
 1.79252
0.149156
-1.11963
-2.01677
 1.61647
-0.23097
 -1.71715
  1.79258
 0.149807
  -1.1196
 -2.01712
  1.61707
-0.231158
 -1.71717
  1.79275
  0.15046
 -1.11968
 -2.01744
   1.6176
-0.231346
 -1.71724
  1.79285
 0.151078
 -1.11968
 -2.01776
  1.61812
-0.231537
  -1.7173
  1.79292
 0.151703
 -1.11962
 -2.01807
  1.61868
-0.231722
 -1.71729
  1.79311
 0.152419
 -1.11972
 -2.01839
  1.61925
-0.231928
 -1.71733
  1.79318
 0.153105
 -1.11967
 -2.01872
  1.61976
-0.232133
 -1.71741
  1.79324
 0.153762
 -1.11958
 -2.01903
  1.62027
-0.232333
 -1.71746
  1.79339
 0.154441
  -1.1196
 -2.01933
  1.62084
-0.232514
 -1.71751
  1.79346
 0.155116
 -1.11954
 -2.01965
  1.62138
-0.232685
 -1.71756
  1.79364
 0.155788
 -1.11956
 -2.01997
  1.62188
-0.232851
 -1.71763
  1.79367
 0.156433
 -1.11947
 -2.02028
  1.62241
-0.233021
 -1.71773
  1.79371
 0.157031
 -1.11944
 -2.02057
  1.62295
-0.233196
 -1.71772
  1.79386
 0.157721
 -1.11956
 -2.02087
  1.62346
-0.233386
 -1.71772
   1.7939
 0.158417
 -1.11957
 -2.02118
  1.62398
-0.233585
 -1.71774
   1.7939
 0.158982
 -1.11958
 -2.02147
  1.62454
-0.233771
 -1.71773
  1.79397
 0.159554
 -1.11964
 -2.02177
  1.62508
-0.233964
 -1.71773
  1.79398
 0.160142
 -1.11967
 -2.02205
  1.62561
-0.234161
 -1.71772
  1.79408
 0.160729
 -1.11976
 -2.02233
  1.62614
-0.234349
 -1.71775
  1.79406
 0.161284
  -1.1197
 -2.02262
  1.62671
-0.234514
 -1.71777
  1.79407
 0.161828
 -1.11967
  -2.0229
  1.62723
-0.234671
 -1.71773
  1.79418
 0.162439
 -1.11972
  -2.0232
  1.62766
-0.234823
 -1.71773
   1.7942
 0.163033
 -1.11966
 -2.02349
  1.62815
-0.234974
 -1.71777
   1.7942
 0.163558
 -1.11961
 -2.02378
  1.62867
-0.235136
 -1.71778
  1.79424
 0.164106
 -1.11962
 -2.02407
  1.62914
-0.235306
 -1.71779
  1.79426
 0.164656
  -1.1196
 -2.02434
  1.62961
-0.235496
 -1.7178
 1.79433
0.165209
-1.11964
 -2.0246
 1.63009
-0.23569
 -1.71782
  1.79431
 0.165747
 -1.11957
 -2.02488
   1.6306
-0.235878
 -1.71786
  1.79432
 0.166273
 -1.11954
 -2.02515
  1.63107
-0.236057
 -1.71791
  1.79445
 0.166805
 -1.11959
  -2.0254
  1.63148
-0.236242
  -1.7179
   1.7945
 0.167456
 -1.11954
 -2.02568
  1.63193
-0.236411
 -1.71792
  1.79454
 0.168077
 -1.11951
 -2.02597
  1.63243
-0.236566
 -1.71797
  1.79464
 0.168657
 -1.11953
 -2.02627
   1.6329
-0.236723
   -1.718
  1.79468
 0.169268
 -1.11955
 -2.02656
  1.63332
-0.236875
-1.71802
 1.79483
0.169863
-1.11967
-2.02682
 1.63373
-0.23703
 -1.71806
  1.79488
 0.170427
 -1.11969
 -2.02708
  1.63418
-0.237181
 -1.71807
  1.79494
 0.171006
 -1.11972
 -2.02732
  1.63467
-0.237343
 -1.71809
  1.79506
 0.171571
 -1.11978
 -2.02756
   1.6351
-0.237511
 -1.71814
  1.79514
 0.172081
 -1.11979
 -2.02779
  1.63551
-0.237689
 -1.71818
   1.7953
 0.172573
 -1.11992
 -2.02801
  1.63592
-0.237873
-1.71818
 1.79536
0.173157
-1.11993
-2.02826
 1.63638
-0.23804
 -1.71819
  1.79538
 0.173735
 -1.11992
 -2.02847
  1.63686
-0.238199
 -1.71823
   1.7955
 0.174199
 -1.11999
 -2.02869
  1.63729
-0.238345
 -1.71825
  1.79553
 0.174694
 -1.11998
 -2.02893
  1.63766
-0.238488
 -1.71827
  1.79566
 0.175171
 -1.12006
 -2.02916
  1.63806
-0.238632
 -1.71827
  1.79567
 0.175665
 -1.12003
 -2.02943
  1.63852
-0.238766
-1.71829
  1.7958
0.176129
-1.12009
-2.02969
 1.63895
 -0.2389
  -1.7183
  1.79578
 0.176611
    -1.12
 -2.02995
  1.63936
-0.239039
 -1.71833
  1.79579
 0.177067
 -1.11994
  -2.0302
  1.63976
-0.239175
 -1.71838
  1.79588
  0.17749
    -1.12
 -2.03046
  1.64017
-0.239317
 -1.71836
  1.79589
 0.178026
 -1.11996
  -2.0307
  1.64057
-0.239465
 -1.71837
  1.79595
 0.178525
 -1.11995
 -2.03093
  1.64096
-0.239615
 -1.7184
 1.79598
0.178953
-1.11992
-2.03118
 1.64133
-0.23978
 -1.71841
  1.79609
 0.179393
  -1.1199
  -2.0314
   1.6417
-0.239948
-1.71841
 1.79607
0.179849
-1.11978
-2.03161
 1.64212
 -0.2401
 -1.71842
  1.79608
 0.180298
 -1.11968
 -2.03184
  1.64253
-0.240212
 -1.71843
  1.79613
 0.180721
 -1.11972
 -2.03207
   1.6429
-0.240308
 -1.71843
  1.79613
 0.181143
  -1.1197
 -2.03229
  1.64326
-0.240401
 -1.71844
  1.79614
 0.181555
 -1.11974
 -2.03251
  1.64363
-0.240501
 -1.71845
   1.7961
 0.181974
 -1.11968
 -2.03275
  1.64399
-0.240604
 -1.71848
  1.79614
 0.182367
  -1.1197
 -2.03297
  1.64436
-0.240707
 -1.71852
  1.79614
 0.182736
 -1.11964
 -2.03319
  1.64471
-0.240809
  -1.7185
  1.79622
 0.183193
 -1.11968
 -2.03338
  1.64501
-0.240919
 -1.71851
  1.79622
 0.183639
 -1.11962
 -2.03358
  1.64535
-0.241032
 -1.71854
  1.79628
 0.184019
 -1.11961
 -2.03374
   1.6457
-0.241158
 -1.71855
  1.79628
 0.184435
 -1.11954
 -2.03392
  1.64605
-0.241297
 -1.71856
  1.79639
 0.184833
 -1.11953
 -2.03409
  1.64637
-0.241429
 -1.71856
   1.7964
 0.185214
 -1.11946
 -2.03425
  1.64669
-0.241562
-1.71857
 1.79649
 0.18558
-1.11941
-2.03442
 1.64696
 -0.2417
 -1.71858
  1.79652
 0.185951
 -1.11932
 -2.03458
  1.64724
-0.241836
 -1.71858
  1.79669
  0.18632
 -1.11933
 -2.03474
  1.64752
-0.241974
  -1.7186
  1.79671
 0.186683
 -1.11923
 -2.03491
  1.64786
-0.242112
  -1.7186
  1.79683
 0.187032
 -1.11921
 -2.03506
  1.64818
-0.242236
 -1.71861
  1.79687
 0.187373
 -1.11911
 -2.03523
   1.6485
-0.242343
 -1.71862
  1.79701
 0.187699
 -1.11916
 -2.03541
  1.64878
-0.242433
-1.71866
 1.79711
0.187991
-1.11919
-2.03558
 1.64904
-0.24253
 -1.71869
  1.79712
 0.188295
  -1.1192
 -2.03575
  1.64933
-0.242624
 -1.71868
  1.79717
 0.188688
 -1.11929
 -2.03594
  1.64964
-0.242722
 -1.71869
  1.79718
 0.189075
 -1.11935
 -2.03615
  1.64997
-0.242823
 -1.71872
  1.79724
 0.189365
 -1.11945
 -2.03634
  1.65026
-0.242932
 -1.71873
  1.79722
 0.189675
 -1.11944
 -2.03656
  1.65052
-0.243039
 -1.71873
  1.79731
 0.189972
 -1.11956
 -2.03675
  1.65073
-0.243146
-1.71874
 1.79735
0.190262
-1.11961
-2.03694
 1.65092
-0.24326
 -1.71874
  1.79735
 0.190569
 -1.11958
 -2.03713
  1.65114
-0.243373
 -1.71875
  1.79736
  0.19088
 -1.11956
 -2.03728
  1.65137
-0.243466
 -1.71877
  1.79737
 0.191168
 -1.11946
 -2.03742
  1.65162
-0.243544
-1.71876
 1.79748
0.191441
-1.11956
-2.03751
 1.65191
-0.24362
 -1.71877
  1.79751
 0.191705
 -1.11951
 -2.03762
  1.65217
-0.243696
 -1.71878
  1.79749
 0.191961
  -1.1194
 -2.03773
  1.65243
-0.243769
 -1.71878
  1.79749
 0.192236
 -1.11934
 -2.03784
  1.65264
-0.243847
-1.71879
 1.79759
0.192494
-1.11935
-2.03795
 1.65282
-0.24392
 -1.71879
   1.7976
 0.192772
 -1.11924
 -2.03806
  1.65301
-0.243997
 -1.71879
   1.7977
 0.193039
 -1.11927
 -2.03815
   1.6532
-0.244075
 -1.71879
  1.79778
 0.193277
 -1.11926
 -2.03827
  1.65341
-0.244145
  -1.7188
  1.79779
 0.193516
 -1.11916
  -2.0384
  1.65364
-0.244214
 -1.71884
  1.79784
 0.193717
 -1.11909
 -2.03849
  1.65389
-0.244277
 -1.71886
  1.79795
  0.19389
 -1.11909
 -2.03859
  1.65414
-0.244336
 -1.71884
  1.79797
 0.194163
 -1.11902
  -2.0387
  1.65433
-0.244396
 -1.71887
  1.79808
 0.194373
 -1.11903
 -2.03879
  1.65446
-0.244451
 -1.71889
   1.7982
 0.194542
 -1.11901
 -2.03889
   1.6546
-0.244501
  -1.7189
  1.79818
 0.194767
  -1.1189
   -2.039
  1.65474
-0.244546
 -1.71891
  1.79825
  0.19496
 -1.11889
  -2.0391
  1.65484
-0.244587
 -1.71891
  1.79834
 0.195143
 -1.11895
 -2.03919
  1.65494
-0.244628
-1.71892
 1.79842
0.195328
-1.11897
 -2.0393
 1.65505
-0.24467
 -1.71893
  1.79839
 0.195513
 -1.11888
 -2.03941
  1.65523
-0.244715
 -1.71893
  1.79843
 0.195694
 -1.11889
 -2.03951
  1.65542
-0.244768
 -1.71893
  1.79852
 0.195854
  -1.1189
 -2.03962
  1.65561
-0.244823
 -1.71894
   1.7986
 0.196004
  -1.1189
 -2.03972
  1.65581
-0.244881
 -1.71894
  1.79857
  0.19616
 -1.11883
 -2.03982
  1.65603
-0.244941
-1.71894
 1.79857
0.196306
 -1.1188
 -2.0399
 1.65621
  -0.245
 -1.71895
  1.79863
 0.196449
 -1.11886
    -2.04
  1.65632
-0.245062
 -1.71896
  1.79868
 0.196594
 -1.11892
 -2.04011
  1.65639
-0.245125
 -1.71897
  1.79875
 0.196732
 -1.11898
 -2.04018
  1.65644
-0.245192
 -1.71897
  1.79871
 0.196892
 -1.11893
 -2.04026
  1.65651
-0.245253
-1.71898
 1.79871
0.197032
-1.11894
-2.04034
 1.65655
-0.24531
 -1.71898
  1.79876
 0.197161
 -1.11899
 -2.04039
  1.65659
-0.245366
 -1.71898
  1.79875
 0.197283
 -1.11901
 -2.04045
  1.65665
-0.245424
 -1.71898
  1.79875
 0.197382
 -1.11905
  -2.0405
  1.65673
-0.245468
 -1.71898
   1.7988
  0.19748
 -1.11909
 -2.04054
  1.65681
-0.245493
 -1.71899
  1.79888
 0.197554
 -1.11915
 -2.04058
  1.65689
-0.245508
-1.71899
 1.79884
0.197636
-1.11906
-2.04062
 1.65697
-0.24552
 -1.71899
  1.79883
 0.197697
   -1.119
 -2.04064
  1.65707
-0.245532
 -1.71899
  1.79886
 0.197757
   -1.119
 -2.04067
  1.65715
-0.245543
   -1.719
  1.79885
 0.197802
 -1.11898
  -2.0407
  1.65723
-0.245556
   -1.719
  1.79886
 0.197846
 -1.11898
 -2.04072
  1.65731
-0.245568
   -1.719
  1.79885
 0.197892
 -1.11896
 -2.04073
   1.6574
-0.245579
 -1.71901
  1.79885
 0.197937
 -1.11894
 -2.04075
  1.65749
-0.245592
 -1.71901
  1.79884
 0.197981
 -1.11891
 -2.04077
  1.65759
-0.245604
 -1.71901
  1.79884
 0.198022
  -1.1189
  -2.0408
  1.65768
-0.245614
 -1.71901
  1.79887
 0.198052
 -1.11891
 -2.04081
  1.65771
-0.245624
 -1.71901
  1.79888
 0.198079
 -1.11888
 -2.04082
  1.65771
-0.245632
 -1.71901
  1.79884
 0.198113
  -1.1188
 -2.04084
  1.65772
-0.245638
 -1.71902
  1.79884
 0.198136
 -1.11877
 -2.04085
  1.65773
-0.245644
-1.71902
 1.79889
0.198156
-1.11881
-2.04086
 1.65773
-0.24565
 -1.71902
   1.7989
  0.19817
 -1.11881
 -2.04087
  1.65772
-0.245654
 -1.71902
   1.7989
 0.198189
 -1.11883
 -2.04087
  1.65772
-0.245657
-1.71903
 1.79891
0.198183
-1.11885
-2.04088
 1.65771
-0.24566
 -1.71903
  1.79892
 0.198191
 -1.11887
 -2.04089
  1.65771
-0.245664
 -1.71903
  1.79892
 0.198182
 -1.11888
 -2.04089
  1.65771
-0.245667
-1.71903
 1.79893
0.198177
 -1.1189
 -2.0409
 1.65771
-0.24567
 -1.71903
  1.79894
 0.198171
 -1.11892
  -2.0409
  1.65771
-0.245673
 -1.71904
  1.79894
 0.198164
 -1.11893
  -2.0409
  1.65771
-0.245675
 -1.71904
  1.79895
 0.198158
 -1.11894
  -2.0409
  1.65771
-0.245677
-1.71904
 1.79895
0.198153
-1.11895
 -2.0409
 1.65771
-0.24568
 -1.71904
  1.79896
 0.198151
 -1.11895
  -2.0409
  1.65771
-0.245682
 -1.71904
  1.79896
 0.198149
 -1.11895
  -2.0409
  1.65771
-0.245684
 -1.71903
  1.79897
 0.198148
 -1.11895
  -2.0409
  1.65771
-0.245686
 -1.71903
  1.79897
 0.198148
 -1.11895
  -2.0409
  1.65771
-0.245688
 -1.71903
  1.79897
 0.198148
 -1.11895
  -2.0409
  1.65771
-0.245689
 -1.71903
  1.79897
 0.198148
 -1.11895
  -2.0409
  1.65771
-0.245691
 -1.71903
  1.79897
 0.198148
 -1.11895
  -2.0409
  1.65771
-0.245693
 -1.71903
  1.79898
 0.198147
 -1.11895
  -2.0409
  1.65771
-0.245694
 -1.71903
  1.79898
 0.198145
 -1.11895
  -2.0409
  1.65771
-0.245696
 -1.71903
  1.79898
 0.198143
 -1.11895
  -2.0409
  1.65771
-0.245697
 -1.71903
  1.79898
 0.198141
 -1.11895
  -2.0409
  1.65771
-0.245699
 -1.71903
  1.79899
  0.19814
 -1.11895
  -2.0409
  1.65771
-0.245701
 -1.71903
  1.79899
  0.19814
 -1.11895
  -2.0409
  1.65771
-0.245702
 -1.71903
  1.79899
  0.19814
 -1.11895
  -2.0409
  1.65771
-0.245703
 -1.71903
  1.79899
 0.198141
 -1.11895
  -2.0409
  1.65771
-0.245705
 -1.71903
    1.799
 0.198141
 -1.11895
  -2.0409
  1.65771
-0.245705
 -1.71903
    1.799
 0.198141
 -1.11895
  -2.0409
  1.65771
-0.245707
 -1.71903
    1.799
 0.198141
 -1.11895
  -2.0409
  1.65771
-0.245708
-1.71903
   1.799
0.198141
-1.11895
 -2.0409
 1.65771
-0.24571
 -1.71903
    1.799
  0.19814
 -1.11895
  -2.0409
  1.65771
-0.245711
 -1.71903
  1.79901
  0.19814
 -1.11895
  -2.0409
  1.65771
-0.245712
 -1.71903
  1.79901
 0.198139
 -1.11895
  -2.0409
  1.65771
-0.245713
 -1.71903
  1.79901
 0.198139
 -1.11895
  -2.0409
  1.65771
-0.245713
 -1.71903
  1.79901
  0.19814
 -1.11895
  -2.0409
  1.65771
-0.245714
 -1.71903
  1.79901
 0.198139
 -1.11895
  -2.0409
  1.65771
-0.245716
 -1.71903
  1.79901
  0.19814
 -1.11895
  -2.0409
  1.65771
-0.245717
 -1.71903
  1.79902
  0.19814
 -1.11895
  -2.0409
  1.65771
-0.245718
 -1.71903
  1.79902
 0.198139
 -1.11895
  -2.0409
  1.65771
-0.245717
 -1.71903
  1.79902
 0.198139
 -1.11895
  -2.0409
  1.65771
-0.245717
 -1.71903
  1.79902
 0.198139
 -1.11895
  -2.0409
  1.65771
-0.245717
 -1.71903
  1.79902
 0.198139
 -1.11895
  -2.0409
  1.65771
-0.245717
 -1.71903
  1.79902
 0.198139
 -1.11895
  -2.0409
  1.65771
-0.245717
 -1.71903
  1.79903
 0.198139
 -1.11895
  -2.0409
  1.65771
-0.245717
 -1.71903
  1.79903
 0.198139
 -1.11895
  -2.0409
  1.65771
-0.245718
 -1.71903
  1.79903
  0.19814
 -1.11895
  -2.0409
  1.65771
-0.245718
 -1.71903
  1.79903
  0.19814
 -1.11895
  -2.0409
  1.65771
-0.245718
 -1.71903
  1.79903
  0.19814
 -1.11895
  -2.0409
  1.65771
-0.245718
 -1.71903
  1.79903
 0.198139
 -1.11895
  -2.0409
  1.65771
-0.245718
 -1.71903
  1.79903
 0.198139
 -1.11895
  -2.0409
  1.65771
-0.245718
 -1.71903
  1.79904
 0.198139
 -1.11895
  -2.0409
  1.65771
-0.245718
 -1.71903
  1.79904
 0.198139
 -1.11895
  -2.0409
  1.65771
-0.245718
 -1.71903
  1.79904
 0.198139
 -1.11895
  -2.0409
  1.65771
-0.245718
 -1.71903
  1.79904
 0.198139
 -1.11895
  -2.0409
  1.65771
-0.245718
 -1.71903
  1.79904
 0.198139
 -1.11895
  -2.0409
  1.65771
-0.245718
 -1.71903
  1.79904
 0.198139
 -1.11895
  -2.0409
  1.65771
-0.245718
 -1.71903
  1.79905
 0.198139
 -1.11895
  -2.0409
  1.65771
-0.245718
 -1.71903
  1.79905
 0.198139
 -1.11895
  -2.0409
  1.65771
-0.245718
 -1.71903
  1.79905
 0.198139
 -1.11895
  -2.0409
  1.65771
-0.245718
 -1.71903
  1.79905
 0.198139
 -1.11895
  -2.0409
  1.65771
-0.245717
 -1.71903
  1.79905
 0.198139
 -1.11895
  -2.0409
  1.65771
-0.245717
 -1.71903
  1.79905
 0.198139
 -1.11895
  -2.0409
  1.65771
-0.245717
 -1.71903
  1.79905
 0.198139
 -1.11895
  -2.0409
  1.65771
-0.245717
 -1.71903
  1.79906
 0.198139
 -1.11895
  -2.0409
  1.65771
-0.245717
 -1.71903
  1.79906
 0.198139
 -1.11895
  -2.0409
  1.65771
-0.245717
 -1.71903
  1.79906
 0.198139
 -1.11895
  -2.0409
  1.65771
-0.245717
 -1.71903
  1.79906
 0.198139
 -1.11895
  -2.0409
  1.65771
-0.245717
 -1.71903
  1.79906
 0.198139
 -1.11895
  -2.0409
  1.65771
-0.245718
 -1.71903
  1.79906
 0.198139
 -1.11895
  -2.0409
  1.65771
-0.245718
 -1.71903
  1.79906
 0.198139
 -1.11895
  -2.0409
  1.65771
-0.245717
 -1.71903
  1.79907
 0.198139
 -1.11895
  -2.0409
  1.65771
-0.245718
 -1.71903
  1.79907
 0.198139
 -1.11895
  -2.0409
  1.65771
-0.245718
 -1.71903
  1.79907
 0.198139
 -1.11895
  -2.0409
  1.65771
-0.245717
 -1.71903
  1.79907
 0.198139
 -1.11895
  -2.0409
  1.65771
-0.245717
 -1.71903
  1.79907
 0.198139
 -1.11895
  -2.0409
  1.65771
-0.245718
 -1.71903
  1.79907
 0.198139
 -1.11895
  -2.0409
  1.65771
-0.245718
 -1.71903
  1.79907
 0.198139
 -1.11895
  -2.0409
  1.65771
-0.245717
 -1.71903
  1.79908
 0.198139
 -1.11895
  -2.0409
  1.65771
-0.245717
 -1.71903
  1.79908
 0.198139
 -1.11895
  -2.0409
  1.65771
-0.245717
 -1.71903
  1.79908
 0.198139
 -1.11895
  -2.0409
  1.65771
-0.245717
 -1.71903
  1.79908
 0.198139
 -1.11895
  -2.0409
  1.65771
-0.245717
 -1.71903
  1.79908
 0.198139
 -1.11895
  -2.0409
  1.65771
-0.245717
 -1.71903
  1.79908
 0.198139
 -1.11895
  -2.0409
  1.65771
-0.245717
 -1.71903
  1.79908
 0.198139
 -1.11895
  -2.0409
  1.65771
-0.245717
 -1.71903
  1.79908
 0.198139
 -1.11895
  -2.0409
  1.65771
-0.245717
 -1.71903
  1.79908
 0.198139
 -1.11895
  -2.0409
  1.65771
-0.245717
 -1.71903
  1.79908
 0.198139
 -1.11895
  -2.0409
  1.65771
-0.245717
 -1.71903
  1.79908
 0.198139
 -1.11895
  -2.0409
  1.65771
-0.245717
 -1.71903
  1.79908
 0.198139
 -1.11895
  -2.0409
  1.65771
-0.245718
 -1.71903
  1.79908
 0.198139
 -1.11895
  -2.0409
  1.65771
-0.245717
 -1.71903
  1.79908
 0.198139
 -1.11895
  -2.0409
  1.65771
-0.245717
 -1.71903
  1.79908
 0.198139
 -1.11895
  -2.0409
  1.65771
-0.245717
 -1.71903
  1.79908
 0.198139
 -1.11895
  -2.0409
  1.65771
-0.245717
 -1.71903
  1.79908
 0.198139
 -1.11895
  -2.0409
  1.65771
-0.245717
 -1.71903
  1.79908
 0.198139
 -1.11895
  -2.0409
  1.65771
-0.245717
 -1.71903
  1.79908
 0.198139
 -1.11895
  -2.0409
  1.65771
-0.245717
 -1.71903
  1.79908
 0.198139
 -1.11895
  -2.0409
  1.65771
-0.245717
 -1.71903
  1.79908
 0.198139
 -1.11895
  -2.0409
  1.65771
-0.245717
 -1.71903
  1.79908
 0.198139
 -1.11895
  -2.0409
  1.65771
-0.245717
 -1.71903
  1.79908
 0.198139
 -1.11895
  -2.0409
  1.65771
-0.245717
 -1.71903
  1.79908
 0.198139
 -1.11895
  -2.0409
  1.65771
-0.245717
 -1.71903
  1.79908
 0.198139
 -1.11895
  -2.0409
  1.65771
-0.245717
 -1.71903
  1.79908
 0.198138
 -1.11895
  -2.0409
  1.65771
-0.245717
 -1.71903
  1.79908
 0.198139
 -1.11895
  -2.0409
  1.65771
-0.245717
 -1.71903
  1.79908
 0.198139
 -1.11895
  -2.0409
  1.65771
-0.245717
 -1.71903
  1.79908
 0.198139
 -1.11895
  -2.0409
  1.65771
-0.245717
 -1.71903
  1.79908
 0.198139
 -1.11895
  -2.0409
  1.65771
-0.245717
 -1.71903
  1.79908
 0.198139
 -1.11895
  -2.0409
  1.65771
-0.245717
 -1.71903
  1.79908
 0.198139
 -1.11895
  -2.0409
  1.65771
-0.245717
 -1.71903
  1.79908
 0.198139
 -1.11895
  -2.0409
  1.65771
-0.245717
 -1.71903
  1.79908
 0.198138
 -1.11895
  -2.0409
  1.65771
-0.245717
 -1.71903
  1.79908
 0.198138
 -1.11895
  -2.0409
  1.65771
-0.245717
 -1.71903
  1.79908
 0.198138
 -1.11895
  -2.0409
  1.65771
-0.245717
 -1.71903
  1.79908
 0.198138
 -1.11895
  -2.0409
  1.65771
-0.245717
 -1.71903
  1.79908
 0.198138
 -1.11895
  -2.0409
  1.65771
-0.245717
 -1.71903
  1.79908
 0.198139
 -1.11895
  -2.0409
  1.65771
-0.245717
 -1.71903
  1.79908
 0.198138
 -1.11895
  -2.0409
  1.65771
-0.245718
 -1.71903
  1.79908
 0.198138
 -1.11895
  -2.0409
  1.65771
-0.245718
 -1.71903
  1.79908
 0.198138
 -1.11895
  -2.0409
  1.65771
-0.245717
 -1.71903
  1.79908
 0.198139
 -1.11895
  -2.0409
  1.65771
-0.245717
 -1.71903
  1.79908
 0.198139
 -1.11895
  -2.0409
  1.65771
-0.245717
 -1.71903
  1.79908
 0.198139
 -1.11895
  -2.0409
  1.65771
-0.245717
 -1.71903
  1.79908
 0.198139
 -1.11895
  -2.0409
  1.65771
-0.245717
 -1.71903
  1.79908
 0.198138
 -1.11895
  -2.0409
  1.65771
-0.245717
 -1.71903
  1.79908
 0.198138
 -1.11895
  -2.0409
  1.65771
-0.245717
 -1.71903
  1.79908
 0.198138
 -1.11895
  -2.0409
  1.65771
-0.245717
 -1.71903
  1.79908
 0.198139
 -1.11895
  -2.0409
  1.65771
-0.245717
 -1.71903
  1.79908
 0.198138
 -1.11895
  -2.0409
  1.65771
-0.245717
 -1.71903
  1.79908
 0.198138
 -1.11895
  -2.0409
  1.65771
-0.245717
 -1.71903
  1.79908
 0.198138
 -1.11895
  -2.0409
  1.65771
-0.245717
 -1.71903
  1.79908
 0.198138
 -1.11895
  -2.0409
  1.65771
-0.245717
 -1.71903
  1.79908
 0.198138
 -1.11895
  -2.0409
  1.65771
-0.245718
 -1.71903
  1.79908
 0.198138
 -1.11895
  -2.0409
  1.65771
-0.245718
 -1.71903
  1.79908
 0.198138
 -1.11895
  -2.0409
  1.65771
-0.245718
 -1.71903
  1.79908
 0.198138
 -1.11895
  -2.0409
  1.65771
-0.245717
 -1.71903
  1.79908
 0.198138
 -1.11895
  -2.0409
  1.65771
-0.245718
 -1.71903
  1.79908
 0.198138
 -1.11895
  -2.0409
  1.65771
-0.245718
 -1.71903
  1.79908
 0.198138
 -1.11895
  -2.0409
  1.65771
-0.245718
 -1.71903
  1.79908
 0.198138
 -1.11895
  -2.0409
  1.65771
-0.245718
 -1.71903
  1.79908
 0.198138
 -1.11895
  -2.0409
  1.65771
-0.245718
 -1.71903
  1.79908
 0.198138
 -1.11895
  -2.0409
  1.65771
-0.245718
 -1.71903
  1.79908
 0.198138
 -1.11895
  -2.0409
  1.65771
-0.245717
 -1.71903
  1.79908
 0.198138
 -1.11895
  -2.0409
  1.65771
-0.245717
 -1.71903
  1.79908
 0.198138
 -1.11895
  -2.0409
  1.65771
-0.245717
 -1.71903
  1.79908
 0.198138
 -1.11895
  -2.0409
  1.65771
-0.245718
 -1.71903
  1.79908
 0.198138
 -1.11895
  -2.0409
  1.65771
-0.245717
 -1.71903
  1.79908
 0.198138
 -1.11895
  -2.0409
  1.65771
-0.245718
 -1.71903
  1.79908
 0.198138
 -1.11895
  -2.0409
  1.65771
-0.245717
 -1.71903
  1.79908
 0.198138
 -1.11895
  -2.0409
  1.65771
-0.245718
 -1.71903
  1.79908
 0.198138
 -1.11895
  -2.0409
  1.65771
-0.245718
 -1.71903
  1.79908
 0.198138
 -1.11895
  -2.0409
  1.65771
-0.245718
 -1.71903
  1.79908
 0.198138
 -1.11895
  -2.0409
  1.65771
-0.245718
 -1.71903
  1.79908
 0.198138
 -1.11895
  -2.0409
  1.65771
-0.245717
 -1.71903
  1.79908
 0.198138
 -1.11895
  -2.0409
  1.65771
-0.245718
 -1.71903
  1.79908
 0.198138
 -1.11895
  -2.0409
  1.65771
-0.245718
 -1.71903
  1.79908
 0.198138
 -1.11895
  -2.0409
  1.65771
-0.245718
 -1.71903
  1.79908
 0.198138
 -1.11895
  -2.0409
  1.65771
-0.245718
 -1.71903
  1.79908
 0.198138
 -1.11895
  -2.0409
  1.65771
-0.245718
 -1.71903
  1.79908
 0.198138
 -1.11895
  -2.0409
  1.65771
-0.245718
 -1.71903
  1.79908
 0.198138
 -1.11895
  -2.0409
  1.65771
-0.245718
 -1.71903
  1.79908
 0.198138
 -1.11895
  -2.0409
  1.65771
-0.245718
 -1.71903
  1.79908
 0.198138
 -1.11895
  -2.0409
  1.65771
-0.245718
 -1.71903
  1.79908
 0.198138
 -1.11895
  -2.0409
  1.65771
-0.245718
 -1.71903
  1.79908
 0.198138
 -1.11895
  -2.0409
  1.65771
-0.245717
 -1.71903
  1.79908
 0.198138
 -1.11895
  -2.0409
  1.65771
-0.245717
 -1.71903
  1.79908
 0.198138
 -1.11895
  -2.0409
  1.65771
-0.245717
 -1.71903
  1.79908
 0.198138
 -1.11895
  -2.0409
  1.65771
-0.245717
 -1.71903
  1.79908
 0.198138
 -1.11895
  -2.0409
  1.65771
-0.245718
 -1.71903
  1.79908
 0.198138
 -1.11895
  -2.0409
  1.65771
-0.245717
 -1.71903
  1.79908
 0.198138
 -1.11895
  -2.0409
  1.65771
-0.245718
 -1.71903
  1.79908
 0.198139
 -1.11895
  -2.0409
  1.65771
-0.245717
 -1.71903
  1.79908
 0.198138
 -1.11895
  -2.0409
  1.65771
-0.245718
 -1.71903
  1.79908
 0.198138
 -1.11895
  -2.0409
  1.65771
-0.245718
 -1.71903
  1.79908
 0.198138
 -1.11895
  -2.0409
  1.65771
-0.245718
 -1.71903
  1.79908
 0.198138
 -1.11895
  -2.0409
  1.65771
-0.245718
 -1.71903
  1.79908
 0.198138
 -1.11895
  -2.0409
  1.65771
-0.245717
 -1.71903
  1.79908
 0.198138
 -1.11895
  -2.0409
  1.65771
-0.245717
 -1.71903
  1.79908
 0.198138
 -1.11895
  -2.0409
  1.65771
-0.245717
 -1.71903
  1.79908
 0.198138
 -1.11895
  -2.0409
  1.65771
-0.245718
 -1.71903
  1.79908
 0.198138
 -1.11895
  -2.0409
  1.65771
-0.245718
 -1.71903
  1.79908
 0.198138
 -1.11895
  -2.0409
  1.65771
-0.245718
 -1.71903
  1.79908
 0.198138
 -1.11895
  -2.0409
  1.65771
-0.245718
 -1.71903
  1.79908
 0.198138
 -1.11895
  -2.0409
  1.65771
-0.245717
 -1.71903
  1.79908
 0.198138
 -1.11895
  -2.0409
  1.65771
-0.245717
 -1.71903
  1.79908
 0.198138
 -1.11895
  -2.0409
  1.65771
-0.245718
 -1.71903
  1.79908
 0.198138
 -1.11895
  -2.0409
  1.65771
-0.245718
 -1.71903
  1.79908
 0.198138
 -1.11895
  -2.0409
  1.65771
-0.245717
 -1.71903
  1.79908
 0.198138
 -1.11895
  -2.0409
  1.65771
-0.245718
 -1.71903
  1.79908
 0.198138
 -1.11895
  -2.0409
  1.65771
-0.245718
 -1.71903
  1.79908
 0.198138
 -1.11895
  -2.0409
  1.65771
-0.245717
 -1.71903
  1.79908
 0.198138
 -1.11895
  -2.0409
  1.65771
-0.245718
 -1.71903
  1.79908
 0.198138
 -1.11895
  -2.0409
  1.65771
-0.245718
 -1.71903
  1.79908
 0.198138
 -1.11895
  -2.0409
  1.65771
-0.245717
 -1.71903
  1.79908
 0.198138
 -1.11895
  -2.0409
  1.65771
-0.245717
 -1.71903
  1.79908
 0.198138
 -1.11895
  -2.0409
  1.65771
-0.245718
 -1.71903
  1.79908
 0.198138
 -1.11895
  -2.0409
  1.65771
-0.245718
 -1.71903
  1.79908
 0.198138
 -1.11895
  -2.0409
  1.65771
-0.245718
 -1.71903
  1.79908
 0.198138
 -1.11895
  -2.0409
  1.65771
-0.245717
 -1.71903
  1.79908
 0.198138
 -1.11895
  -2.0409
  1.65771
-0.245718
 -1.71903
  1.79908
 0.198138
 -1.11895
  -2.0409
  1.65771
-0.245717
 -1.71903
  1.79908
 0.198138
 -1.11895
  -2.0409
  1.65771
-0.245717
 -1.71903
  1.79908
 0.198138
 -1.11895
  -2.0409
  1.65771
-0.245717
 -1.71903
  1.79908
 0.198138
 -1.11895
  -2.0409
  1.65771
-0.245717
 -1.71903
  1.79908
 0.198138
 -1.11895
  -2.0409
  1.65771
-0.245717
 -1.71903
  1.79908
 0.198138
 -1.11895
  -2.0409
  1.65771
-0.245717
 -1.71903
  1.79908
 0.198138
 -1.11895
  -2.0409
  1.65771
-0.245718
 -1.71903
  1.79908
 0.198138
 -1.11895
  -2.0409
  1.65771
-0.245718
 -1.71903
  1.79908
 0.198138
 -1.11895
  -2.0409
  1.65771
-0.245717
 -1.71903
  1.79908
 0.198138
 -1.11895
  -2.0409
  1.65771
-0.245717
 -1.71903
  1.79908
 0.198138
 -1.11895
  -2.0409
  1.65771
-0.245717
 -1.71903
  1.79908
 0.198138
 -1.11895
  -2.0409
  1.65771
-0.245717
 -1.71903
  1.79908
 0.198138
 -1.11895
  -2.0409
  1.65771
-0.245717
 -1.71903
  1.79908
 0.198138
 -1.11895
  -2.0409
  1.65771
-0.245717
 -1.71903
  1.79908
 0.198138
 -1.11895
  -2.0409
  1.65771
-0.245717
 -1.71903
  1.79908
 0.198138
 -1.11895
  -2.0409
  1.65771
-0.245717
 -1.71903
  1.79908
 0.198138
 -1.11895
  -2.0409
  1.65771
-0.245718
 -1.71903
  1.79908
 0.198138
 -1.11895
  -2.0409
  1.65771
-0.245718
 -1.71903
  1.79908
 0.198138
 -1.11895
  -2.0409
  1.65771
-0.245717
 -1.71903
  1.79908
 0.198138
 -1.11895
  -2.0409
  1.65771
-0.245718
 -1.71903
  1.79908
 0.198138
 -1.11895
  -2.0409
  1.65771
-0.245718
 -1.71903
  1.79908
 0.198138
 -1.11895
  -2.0409
  1.65771
-0.245718
 -1.71903
  1.79908
 0.198138
 -1.11895
  -2.0409
  1.65771
-0.245717
 -1.71903
  1.79908
 0.198138
 -1.11895
  -2.0409
  1.65771
-0.245717
 -1.71903
  1.79908
 0.198138
 -1.11895
  -2.0409
  1.65771
-0.245718
 -1.71903
  1.79908
 0.198138
 -1.11895
  -2.0409
  1.65771
-0.245717
 -1.71903
  1.79908
 0.198138
 -1.11895
  -2.0409
  1.65771
-0.245718
 -1.71903
  1.79908
 0.198138
 -1.11895
  -2.0409
  1.65771
-0.245718
 -1.71903
  1.79908
 0.198138
 -1.11895
  -2.0409
  1.65771
-0.245718
 -1.71903
  1.79908
 0.198138
 -1.11895
  -2.0409
  1.65771
-0.245718
 -1.71903
  1.79908
 0.198138
 -1.11895
  -2.0409
  1.65771
-0.245718
 -1.71903
  1.79908
 0.198138
 -1.11895
  -2.0409
  1.65771
-0.245718
 -1.71903
  1.79908
 0.198138
 -1.11895
  -2.0409
  1.65771
-0.245718
 -1.71903
  1.79908
 0.198138
 -1.11895
  -2.0409
  1.65771
-0.245718
 -1.71903
  1.79908
 0.198138
 -1.11895
  -2.0409
  1.65771
-0.245717
 -1.71903
  1.79908
 0.198138
 -1.11895
  -2.0409
  1.65771
-0.245718
 -1.71903
  1.79908
 0.198138
 -1.11895
  -2.0409
  1.65771
-0.245718
 -1.71903
  1.79908
 0.198138
 -1.11895
  -2.0409
  1.65771
-0.245717
 -1.71903
  1.79908
 0.198138
 -1.11895
  -2.0409
  1.65771
-0.245718
 -1.71903
  1.79908
 0.198138
 -1.11895
  -2.0409
  1.65771
-0.245718
 -1.71903
  1.79908
 0.198138
 -1.11895
  -2.0409
  1.65771
-0.245718
 -1.71903
  1.79908
 0.198138
 -1.11895
  -2.0409
  1.65771
-0.245718
 -1.71903
  1.79908
 0.198138
 -1.11895
  -2.0409
  1.65771
-0.245717
 -1.71903
  1.79908
 0.198138
 -1.11895
  -2.0409
  1.65771
-0.245717
 -1.71903
  1.79908
 0.198138
 -1.11895
  -2.0409
  1.65771
-0.245718
 -1.71903
  1.79908
 0.198138
 -1.11895
  -2.0409
  1.65771
-0.245718
 -1.71903
  1.79908
 0.198138
 -1.11895
  -2.0409
  1.65771
-0.245718
 -1.71903
  1.79908
 0.198138
 -1.11895
  -2.0409
  1.65771
-0.245718
 -1.71903
  1.79908
 0.198138
 -1.11895
  -2.0409
  1.65771
-0.245718
 -1.71903
  1.79908
 0.198138
 -1.11895
  -2.0409
  1.65771
-0.245718
 -1.71903
  1.79908
 0.198138
 -1.11895
  -2.0409
  1.65771
-0.245717
 -1.71903
  1.79908
 0.198138
 -1.11895
  -2.0409
  1.65771
-0.245718
 -1.71903
  1.79908
 0.198138
 -1.11895
  -2.0409
  1.65771
-0.245718
 -1.71903
  1.79908
 0.198138
 -1.11895
  -2.0409
  1.65771
-0.245718
 -1.71903
  1.79908
 0.198138
 -1.11895
  -2.0409
  1.65771
-0.245718
 -1.71903
  1.79908
 0.198138
 -1.11895
  -2.0409
  1.65771
-0.245718
 -1.71903
  1.79908
 0.198138
 -1.11895
  -2.0409
  1.65771
-0.245718
 -1.71903
  1.79908
 0.198138
 -1.11895
  -2.0409
  1.65771
-0.245718
 -1.71903
  1.79908
 0.198138
 -1.11895
  -2.0409
  1.65771
-0.245717
 -1.71903
  1.79908
 0.198138
 -1.11895
  -2.0409
  1.65771
-0.245717
 -1.71903
  1.79908
 0.198138
 -1.11895
  -2.0409
  1.65771
-0.245717
 -1.71903
  1.79908
 0.198138
 -1.11895
  -2.0409
  1.65771
-0.245718
 -1.71903
  1.79908
 0.198138
 -1.11895
  -2.0409
  1.65771
-0.245718
 -1.71903
  1.79908
 0.198138
 -1.11895
  -2.0409
  1.65771
-0.245718
 -1.71903
  1.79908
 0.198138
 -1.11895
  -2.0409
  1.65771
-0.245718
 -1.71903
  1.79908
 0.198138
 -1.11895
  -2.0409
  1.65771
-0.245718
 -1.71903
  1.79908
 0.198138
 -1.11895
  -2.0409
  1.65771
-0.245718
 -1.71903
  1.79908
 0.198138
 -1.11895
  -2.0409
  1.65771
-0.245718
 -1.71903
  1.79908
 0.198138
 -1.11895
  -2.0409
  1.65771
-0.245718
 -1.71903
  1.79908
 0.198138
 -1.11895
  -2.0409
  1.65771
-0.245718
 -1.71903
  1.79908
 0.198138
 -1.11895
  -2.0409
  1.65771
-0.245717
 -1.71903
  1.79908
 0.198138
 -1.11895
  -2.0409
  1.65771
-0.245718
 -1.71903
  1.79908
 0.198138
 -1.11895
  -2.0409
  1.65771
-0.245718
 -1.71903
  1.79908
 0.198138
 -1.11895
  -2.0409
  1.65771
-0.245718
 -1.71903
  1.79908
 0.198138
 -1.11895
  -2.0409
  1.65771
-0.245718
 -1.71903
  1.79908
 0.198138
 -1.11895
  -2.0409
  1.65771
-0.245718
 -1.71903
  1.79908
 0.198138
 -1.11895
  -2.0409
  1.65771
-0.245717
 -1.71903
  1.79908
 0.198138
 -1.11895
  -2.0409
  1.65771
-0.245717
 -1.71903
  1.79908
 0.198138
 -1.11895
  -2.0409
  1.65771
-0.245718
 -1.71903
  1.79908
 0.198138
 -1.11895
  -2.0409
  1.65771
-0.245718
 -1.71903
  1.79908
 0.198138
 -1.11895
  -2.0409
  1.65771
-0.245718
 -1.71903
  1.79908
 0.198138
 -1.11895
  -2.0409
  1.65771
-0.245718
 -1.71903
  1.79908
 0.198138
 -1.11895
  -2.0409
  1.65771
-0.245717
 -1.71903
  1.79908
 0.198138
 -1.11895
  -2.0409
  1.65771
-0.245717
 -1.71903
  1.79908
 0.198138
 -1.11895
  -2.0409
  1.65771
-0.245718
 -1.71903
  1.79908
 0.198138
 -1.11895
  -2.0409
  1.65771
-0.245717
 -1.71903
  1.79908
 0.198138
 -1.11895
  -2.0409
  1.65771
-0.245718
 -1.71903
  1.79908
 0.198138
 -1.11895
  -2.0409
  1.65771
-0.245717
 -1.71903
  1.79908
 0.198138
 -1.11895
  -2.0409
  1.65771
-0.245718
 -1.71903
  1.79908
 0.198138
 -1.11895
  -2.0409
  1.65771
-0.245718
 -1.71903
  1.79908
 0.198138
 -1.11895
  -2.0409
  1.65771
-0.245717
 -1.71903
  1.79908
 0.198138
 -1.11895
  -2.0409
  1.65771
-0.245718
 -1.71903
  1.79908
 0.198138
 -1.11895
  -2.0409
  1.65771
-0.245718
 -1.71903
  1.79908
 0.198138
 -1.11895
  -2.0409
  1.65771
-0.245718
 -1.71903
  1.79908
 0.198138
 -1.11895
  -2.0409
  1.65771
-0.245718
 -1.71903
  1.79908
 0.198138
 -1.11895
  -2.0409
  1.65771
-0.245718
 -1.71903
  1.79908
 0.198138
 -1.11895
  -2.0409
  1.65771
-0.245718
 -1.71903
  1.79908
 0.198138
 -1.11895
  -2.0409
  1.65771
-0.245718
 -1.71903
  1.79908
 0.198138
 -1.11895
  -2.0409
  1.65771
-0.245718
 -1.71903
  1.79908
 0.198138
 -1.11895
  -2.0409
  1.65771
-0.245718
 -1.71903
  1.79908
 0.198138
 -1.11895
  -2.0409
  1.65771
-0.245718
 -1.71903
  1.79908
 0.198138
 -1.11895
  -2.0409
  1.65771
-0.245718
 -1.71903
  1.79908
 0.198138
 -1.11895
  -2.0409
  1.65771
-0.245718
 -1.71903
  1.79908
 0.198138
 -1.11895
  -2.0409
  1.65771
-0.245718
 -1.71903
  1.79908
 0.198138
 -1.11895
  -2.0409
  1.65771
-0.245717
 -1.71903
  1.79908
 0.198138
 -1.11895
  -2.0409
  1.65771
-0.245717
 -1.71903
  1.79908
 0.198138
 -1.11895
  -2.0409
  1.65771
-0.245718
 -1.71903
  1.79908
 0.198138
 -1.11895
  -2.0409
  1.65771
-0.245717
 -1.71903
  1.79908
 0.198138
 -1.11895
  -2.0409
  1.65771
-0.245717
 -1.71903
  1.79908
 0.198138
 -1.11895
  -2.0409
  1.65771
-0.245718
 -1.71903
  1.79908
 0.198138
 -1.11895
  -2.0409
  1.65771
-0.245717
 -1.71903
  1.79908
 0.198138
 -1.11895
  -2.0409
  1.65771
-0.245717
 -1.71903
  1.79908
 0.198138
 -1.11895
  -2.0409
  1.65771
-0.245718
 -1.71903
  1.79908
 0.198138
 -1.11895
  -2.0409
  1.65771
-0.245717
 -1.71903
  1.79908
 0.198138
 -1.11895
  -2.0409
  1.65771
-0.245718
 -1.71903
  1.79908
 0.198138
 -1.11895
  -2.0409
  1.65771
-0.245718
 -1.71903
  1.79908
 0.198138
 -1.11895
  -2.0409
  1.65771
-0.245718
 -1.71903
  1.79908
 0.198138
 -1.11895
  -2.0409
  1.65771
-0.245718
 -1.71903
  1.79908
 0.198138
 -1.11895
  -2.0409
  1.65771
-0.245718
 -1.71903
  1.79908
 0.198138
 -1.11895
  -2.0409
  1.65771
-0.245718
 -1.71903
  1.79908
 0.198138
 -1.11895
  -2.0409
  1.65771
-0.245718
 -1.71903
  1.79908
 0.198138
 -1.11895
  -2.0409
  1.65771
-0.245718
 -1.71903
  1.79908
 0.198138
 -1.11895
  -2.0409
  1.65771
-0.245718
 -1.71903
  1.79908
 0.198138
 -1.11895
  -2.0409
  1.65771
-0.245718
 -1.71903
  1.79908
 0.198138
 -1.11895
  -2.0409
  1.65771
-0.245717
 -1.71903
  1.79908
 0.198138
 -1.11895
  -2.0409
  1.65771
-0.245718
 -1.71903
  1.79908
 0.198138
 -1.11895
  -2.0409
  1.65771
-0.245718
 -1.71903
  1.79908
 0.198138
 -1.11895
  -2.0409
  1.65771
-0.245717
 -1.71903
  1.79908
 0.198138
 -1.11895
  -2.0409
  1.65771
-0.245718
 -1.71903
  1.79908
 0.198138
 -1.11895
  -2.0409
  1.65771
-0.245718
 -1.71903
  1.79908
 0.198138
 -1.11895
  -2.0409
  1.65771
-0.245718
 -1.71903
  1.79908
 0.198138
 -1.11895
  -2.0409
  1.65771
-0.245718
 -1.71903
  1.79908
 0.198138
 -1.11895
  -2.0409
  1.65771
-0.245717
 -1.71903
  1.79908
 0.198138
 -1.11895
  -2.0409
  1.65771
-0.245717
 -1.71903
  1.79908
 0.198138
 -1.11895
  -2.0409
  1.65771
-0.245718
 -1.71903
  1.79908
 0.198138
 -1.11895
  -2.0409
  1.65771
-0.245718
 -1.71903
  1.79908
 0.198138
 -1.11895
  -2.0409
  1.65771
-0.245718
 -1.71903
  1.79908
 0.198138
 -1.11895
  -2.0409
  1.65771
-0.245718
 -1.71903
  1.79908
 0.198138
 -1.11895
  -2.0409
  1.65771
-0.245718
 -1.71903
  1.79908
 0.198138
 -1.11895
  -2.0409
  1.65771
-0.245718
 -1.71903
  1.79908
 0.198138
 -1.11895
  -2.0409
  1.65771
-0.245717
 -1.71903
  1.79908
 0.198138
 -1.11895
  -2.0409
  1.65771
-0.245717
 -1.71903
  1.79908
 0.198138
 -1.11895
  -2.0409
  1.65771
-0.245718
 -1.71903
  1.79908
 0.198138
 -1.11895
  -2.0409
  1.65771
-0.245718
 -1.71903
  1.79908
 0.198138
 -1.11895
  -2.0409
  1.65771
-0.245718
 -1.71903
  1.79908
 0.198138
 -1.11895
  -2.0409
  1.65771
-0.245718
 -1.71903
  1.79908
 0.198138
 -1.11895
  -2.0409
  1.65771
-0.245718
 -1.71903
  1.79908
 0.198138
 -1.11895
  -2.0409
  1.65771
-0.245718
 -1.71903
  1.79908
 0.198138
 -1.11895
  -2.0409
  1.65771
-0.245718
 -1.71903
  1.79908
 0.198138
 -1.11895
  -2.0409
  1.65771
-0.245717
 -1.71903
  1.79908
 0.198138
 -1.11895
  -2.0409
  1.65771
-0.245718
 -1.71903
  1.79908
 0.198138
 -1.11895
  -2.0409
  1.65771
-0.245717
 -1.71903
  1.79908
 0.198138
 -1.11895
  -2.0409
  1.65771
-0.245718
 -1.71903
  1.79908
 0.198138
 -1.11895
  -2.0409
  1.65771
-0.245718
 -1.71903
  1.79908
 0.198138
 -1.11895
  -2.0409
  1.65771
-0.245718
 -1.71903
  1.79908
 0.198138
 -1.11895
  -2.0409
  1.65771
-0.245718
 -1.71903
  1.79908
 0.198138
 -1.11895
  -2.0409
  1.65771
-0.245718
 -1.71903
  1.79908
 0.198138
 -1.11895
  -2.0409
  1.65771
-0.245718
 -1.71903
  1.79908
 0.198138
 -1.11895
  -2.0409
  1.65771
-0.245718
 -1.71903
  1.79908
 0.198138
 -1.11895
  -2.0409
  1.65771
-0.245718
 -1.71903
  1.79908
 0.198138
 -1.11895
  -2.0409
  1.65771
-0.245718
 -1.71903
  1.79908
 0.198138
 -1.11895
  -2.0409
  1.65771
-0.245718
 -1.71903
  1.79908
 0.198138
 -1.11895
  -2.0409
  1.65771
-0.245717
 -1.71903
  1.79908
 0.198138
 -1.11895
  -2.0409
  1.65771
-0.245718
 -1.71903
  1.79908
 0.198138
 -1.11895
  -2.0409
  1.65771
-0.245718
 -1.71903
  1.79908
 0.198138
 -1.11895
  -2.0409
  1.65771
-0.245718
 -1.71903
  1.79908
 0.198138
 -1.11895
  -2.0409
  1.65771
-0.245718
 -1.71903
  1.79908
 0.198138
 -1.11895
  -2.0409
  1.65771
-0.245718
 -1.71903
  1.79908
 0.198138
 -1.11895
  -2.0409
  1.65771
-0.245718
 -1.71903
  1.79908
 0.198138
 -1.11895
  -2.0409
  1.65771
-0.245718
 -1.71903
  1.79908
 0.198138
 -1.11895
  -2.0409
  1.65771
-0.245718
 -1.71903
  1.79908
 0.198138
 -1.11895
  -2.0409
  1.65771
-0.245718
 -1.71903
  1.79908
 0.198138
 -1.11895
  -2.0409
  1.65771
-0.245718
 -1.71903
  1.79908
 0.198138
 -1.11895
  -2.0409
  1.65771
-0.245718
 -1.71903
  1.79908
 0.198138
 -1.11895
  -2.0409
  1.65771
-0.245718
 -1.71903
  1.79908
 0.198138
 -1.11895
  -2.0409
  1.65771
-0.245718
 -1.71903
  1.79908
 0.198138
 -1.11895
  -2.0409
  1.65771
-0.245718
 -1.71903
  1.79908
 0.198138
 -1.11895
  -2.0409
  1.65771
-0.245717
 -1.71903
  1.79908
 0.198138
 -1.11895
  -2.0409
  1.65771
-0.245718
 -1.71903
  1.79908
 0.198138
 -1.11895
  -2.0409
  1.65771
-0.245718
 -1.71903
  1.79908
 0.198138
 -1.11895
  -2.0409
  1.65771
-0.245718
 -1.71903
  1.79908
 0.198138
 -1.11895
  -2.0409
  1.65771
-0.245717
 -1.71903
  1.79908
 0.198138
 -1.11895
  -2.0409
  1.65771
-0.245718
 -1.71903
  1.79908
 0.198138
 -1.11895
  -2.0409
  1.65771
-0.245718
 -1.71903
  1.79908
 0.198138
 -1.11895
  -2.0409
  1.65771
-0.245718
 -1.71903
  1.79908
 0.198138
 -1.11895
  -2.0409
  1.65771
-0.245718
 -1.71903
  1.79908
 0.198138
 -1.11895
  -2.0409
  1.65771
-0.245718
 -1.71903
  1.79908
 0.198138
 -1.11895
  -2.0409
  1.65771
-0.245717
 -1.71903
  1.79908
 0.198138
 -1.11895
  -2.0409
  1.65771
-0.245718
 -1.71903
  1.79908
 0.198138
 -1.11895
  -2.0409
  1.65771
-0.245718
 -1.71903
  1.79908
 0.198138
 -1.11895
  -2.0409
  1.65771
-0.245717
 -1.71903
  1.79908
 0.198138
 -1.11895
  -2.0409
  1.65771
-0.245718
 -1.71903
  1.79908
 0.198138
 -1.11895
  -2.0409
  1.65771
-0.245718
 -1.71903
  1.79908
 0.198138
 -1.11895
  -2.0409
  1.65771
-0.245717
 -1.71903
  1.79908
 0.198138
 -1.11895
  -2.0409
  1.65771
-0.245718
 -1.71903
  1.79908
 0.198138
 -1.11895
  -2.0409
  1.65771
-0.245718
 -1.71903
  1.79908
 0.198138
 -1.11895
  -2.0409
  1.65771
-0.245717
 -1.71903
  1.79908
 0.198138
 -1.11895
  -2.0409
  1.65771
-0.245718
 -1.71903
  1.79908
 0.198138
 -1.11895
  -2.0409
  1.65771
-0.245718
 -1.71902
  1.79908
 0.198141
 -1.11895
  -2.0409
  1.65771
-0.245717
 -1.71903
  1.79908
 0.198137
 -1.11895
  -2.0409
  1.65771
-0.245718
 -1.71903
  1.79908
 0.198136
 -1.11895
  -2.0409
  1.65771
-0.245718
 -1.71902
  1.79908
 0.198139
 -1.11895
  -2.0409
  1.65771
-0.245718
 -1.71903
  1.79908
 0.198133
 -1.11895
  -2.0409
  1.65771
-0.245718
 -1.71902
  1.79908
 0.198133
 -1.11895
  -2.0409
  1.65771
-0.245715
 -1.71903
  1.79908
 0.198128
 -1.11895
  -2.0409
  1.65769
-0.245711
 -1.71902
  1.79908
 0.198122
 -1.11895
  -2.0409
  1.65766
-0.245704
 -1.71902
  1.79904
 0.198117
 -1.11892
  -2.0409
  1.65763
-0.245695
 -1.71903
  1.79903
 0.198092
 -1.11893
  -2.0409
   1.6576
-0.245691
 -1.71902
  1.79909
 0.198043
   -1.119
 -2.04089
  1.65753
-0.245686
 -1.71902
  1.79909
 0.197994
 -1.11901
 -2.04087
  1.65745
-0.245682
 -1.71902
  1.79905
 0.197946
   -1.119
 -2.04086
  1.65738
-0.245676
 -1.71902
  1.79905
 0.197888
 -1.11901
 -2.04084
  1.65729
-0.245657
 -1.71902
  1.79904
 0.197821
 -1.11901
 -2.04081
   1.6572
-0.245618
-1.71902
 1.79903
 0.19774
-1.11902
-2.04079
 1.65711
-0.24557
 -1.71902
  1.79903
 0.197642
 -1.11903
 -2.04074
  1.65702
-0.245514
-1.71902
 1.79902
0.197546
-1.11903
-2.04066
 1.65692
-0.24546
 -1.71902
  1.79901
 0.197447
 -1.11904
 -2.04058
  1.65682
-0.245403
 -1.71902
  1.79894
 0.197343
   -1.119
 -2.04049
  1.65675
-0.245352
 -1.71902
  1.79886
 0.197236
 -1.11899
  -2.0404
  1.65671
-0.245302
 -1.71902
  1.79888
 0.197123
 -1.11906
 -2.04031
  1.65663
-0.245251
 -1.71902
  1.79886
 0.197007
  -1.1191
 -2.04022
  1.65656
-0.245201
-1.71902
 1.79877
0.196894
-1.11904
-2.04014
 1.65649
-0.24515
 -1.71902
  1.79874
 0.196773
 -1.11903
 -2.04007
  1.65642
-0.245101
 -1.71902
  1.79863
 0.196655
 -1.11896
 -2.03999
  1.65636
-0.245053
 -1.71902
  1.79855
 0.196517
 -1.11896
 -2.03991
  1.65628
-0.245001
 -1.71902
  1.79852
 0.196348
 -1.11902
 -2.03984
  1.65618
-0.244947
 -1.71902
   1.7984
 0.196181
 -1.11899
 -2.03975
  1.65609
-0.244891
 -1.71902
  1.79831
 0.196007
 -1.11899
 -2.03966
    1.656
-0.244842
 -1.71902
  1.79819
 0.195836
 -1.11893
 -2.03957
  1.65587
-0.244791
 -1.71902
  1.79805
 0.195669
  -1.1189
 -2.03949
  1.65568
-0.244741
 -1.71902
  1.79805
 0.195491
 -1.11896
 -2.03941
  1.65545
-0.244686
 -1.71902
  1.79804
 0.195319
 -1.11898
 -2.03932
  1.65522
-0.244626
 -1.71902
  1.79796
 0.195152
 -1.11894
 -2.03922
  1.65498
-0.244572
 -1.71902
  1.79783
  0.19499
 -1.11883
 -2.03913
  1.65473
-0.244522
 -1.71902
  1.79773
 0.194822
  -1.1188
 -2.03902
  1.65453
-0.244475
 -1.71902
  1.79776
 0.194625
  -1.1189
 -2.03891
  1.65437
-0.244432
 -1.71902
  1.79776
 0.194399
 -1.11898
  -2.0388
  1.65423
-0.244391
 -1.71902
  1.79767
 0.194172
 -1.11895
 -2.03871
  1.65415
-0.244352
 -1.71902
  1.79771
 0.193935
 -1.11902
  -2.0386
  1.65403
-0.244311
 -1.71899
  1.79769
 0.193719
 -1.11904
 -2.03851
   1.6539
-0.244269
 -1.71897
  1.79766
   0.1935
 -1.11905
 -2.03839
  1.65378
-0.244224
 -1.71899
   1.7976
 0.193201
 -1.11908
 -2.03826
  1.65365
-0.244178
 -1.71897
  1.79766
 0.192925
  -1.1192
 -2.03814
  1.65344
-0.244132
 -1.7189
 1.79768
0.192692
-1.11926
-2.03804
 1.65317
-0.24407
 -1.71887
  1.79761
 0.192428
  -1.1192
 -2.03792
  1.65292
-0.243976
 -1.71881
  1.79768
 0.192151
 -1.11924
 -2.03778
  1.65264
-0.243869
 -1.71876
  1.79765
 0.191873
 -1.11916
 -2.03768
  1.65238
-0.243761
 -1.71871
  1.79765
 0.191596
 -1.11912
 -2.03755
  1.65214
-0.243657
 -1.71865
  1.79771
 0.191318
 -1.11915
 -2.03742
  1.65192
-0.243556
 -1.71859
   1.7977
 0.191051
 -1.11908
 -2.03732
  1.65173
-0.243451
 -1.71854
  1.79768
 0.190787
 -1.11905
 -2.03721
  1.65153
-0.243347
 -1.71848
  1.79768
 0.190525
 -1.11903
 -2.03709
  1.65131
-0.243242
 -1.71844
  1.79758
 0.190254
 -1.11894
 -2.03697
  1.65105
-0.243144
 -1.71838
  1.79766
 0.189963
 -1.11908
 -2.03683
  1.65073
-0.243039
 -1.71834
   1.7976
 0.189668
 -1.11908
 -2.03669
  1.65045
-0.242928
  -1.7183
   1.7975
 0.189379
 -1.11904
 -2.03651
   1.6502
-0.242817
 -1.71826
  1.79748
 0.189078
 -1.11909
 -2.03632
  1.64996
-0.242706
 -1.71823
  1.79739
 0.188761
  -1.1191
 -2.03614
  1.64973
-0.242587
  -1.7182
  1.79743
 0.188426
 -1.11923
 -2.03595
  1.64952
-0.242479
 -1.71819
  1.79734
 0.188071
 -1.11926
 -2.03577
  1.64929
-0.242385
 -1.71813
  1.79723
 0.187729
 -1.11931
 -2.03557
  1.64897
-0.242288
 -1.71805
  1.79718
 0.187378
  -1.1194
 -2.03536
   1.6486
-0.242208
 -1.71807
  1.79708
 0.186934
 -1.11942
 -2.03515
  1.64827
-0.242134
 -1.71807
  1.79704
 0.186518
 -1.11953
 -2.03495
  1.64797
-0.242063
 -1.71804
  1.79695
 0.186149
 -1.11952
 -2.03477
  1.64768
-0.241993
 -1.71804
   1.7969
 0.185757
 -1.11957
 -2.03457
  1.64739
-0.241916
 -1.71804
  1.79679
 0.185356
 -1.11953
 -2.03438
  1.64709
-0.241838
 -1.71804
  1.79677
 0.184945
 -1.11961
 -2.03419
  1.64677
-0.241743
 -1.71805
  1.79666
 0.184558
  -1.1196
 -2.03402
  1.64645
-0.241606
 -1.71807
  1.79663
 0.184155
 -1.11965
 -2.03385
  1.64613
-0.241456
  -1.7181
  1.79652
 0.183752
 -1.11962
 -2.03368
  1.64584
-0.241302
 -1.71812
   1.7964
 0.183346
 -1.11956
  -2.0335
  1.64553
-0.241148
 -1.71815
  1.79639
 0.182924
  -1.1196
 -2.03331
  1.64517
-0.240991
 -1.71819
  1.79629
 0.182503
 -1.11954
 -2.03314
  1.64479
-0.240832
 -1.71818
  1.79629
 0.182108
 -1.11956
 -2.03295
  1.64439
-0.240673
 -1.71816
   1.7962
 0.181733
 -1.11949
 -2.03277
  1.64402
-0.240516
 -1.71822
   1.7962
 0.181255
 -1.11944
 -2.03255
  1.64365
-0.240384
 -1.71827
  1.79607
 0.180768
 -1.11932
 -2.03236
  1.64329
-0.240261
 -1.71826
  1.79606
 0.180367
 -1.11935
 -2.03214
  1.64288
-0.240147
 -1.71829
  1.79608
 0.179938
 -1.11941
 -2.03191
  1.64247
-0.240047
 -1.71832
  1.79603
 0.179511
  -1.1194
 -2.03168
  1.64211
-0.239957
 -1.71834
  1.79604
 0.179059
 -1.11943
 -2.03144
  1.64175
-0.239865
 -1.71836
    1.796
 0.178609
  -1.1194
  -2.0312
  1.64137
-0.239768
 -1.71838
  1.79603
 0.178137
 -1.11943
 -2.03098
  1.64094
-0.239663
  -1.7184
  1.79601
 0.177678
 -1.11944
 -2.03076
  1.64054
-0.239545
 -1.71842
  1.79606
 0.177206
 -1.11953
 -2.03053
  1.64016
-0.239391
 -1.71844
  1.79599
 0.176736
 -1.11954
  -2.0303
  1.63979
-0.239218
 -1.71843
  1.79599
 0.176265
 -1.11957
  -2.0301
  1.63937
-0.239044
 -1.71843
   1.7959
 0.175815
 -1.11958
 -2.02989
  1.63894
-0.238861
 -1.71848
   1.7959
 0.175277
 -1.11964
 -2.02965
  1.63852
-0.238682
 -1.71851
  1.79592
 0.174743
  -1.1197
 -2.02941
  1.63814
-0.238505
 -1.71848
  1.79583
 0.174284
 -1.11967
 -2.02917
  1.63777
-0.238342
-1.71849
 1.79582
0.173773
 -1.1197
-2.02888
 1.63735
-0.23818
 -1.71848
  1.79571
 0.173277
 -1.11967
 -2.02859
  1.63692
-0.238023
 -1.71848
  1.79569
 0.172774
 -1.11969
 -2.02828
  1.63647
-0.237876
 -1.71847
  1.79552
 0.172266
 -1.11963
 -2.02799
  1.63612
-0.237741
 -1.71847
  1.79548
  0.17173
 -1.11969
  -2.0277
  1.63574
-0.237616
 -1.71842
  1.79544
 0.171227
 -1.11972
 -2.02742
  1.63529
-0.237477
 -1.71834
  1.79529
 0.170754
 -1.11967
 -2.02716
  1.63484
-0.237321
 -1.71836
  1.79523
 0.170155
 -1.11966
 -2.02689
  1.63439
-0.237162
 -1.71836
  1.79508
  0.16956
 -1.11958
 -2.02666
    1.634
-0.236992
  -1.7183
  1.79503
 0.169052
 -1.11963
 -2.02639
  1.63356
-0.236821
 -1.71828
  1.79496
 0.168523
 -1.11965
 -2.02612
  1.63306
-0.236648
 -1.71827
  1.79483
 0.167959
 -1.11961
 -2.02587
  1.63258
-0.236482
 -1.71825
  1.79476
 0.167402
 -1.11961
 -2.02558
  1.63212
-0.236321
 -1.71823
  1.79461
 0.166865
 -1.11953
 -2.02531
  1.63167
-0.236168
 -1.71821
  1.79461
 0.166307
 -1.11958
 -2.02504
  1.63117
-0.236031
 -1.71815
  1.79457
 0.165765
 -1.11959
 -2.02477
  1.63066
-0.235883
-1.71807
 1.79448
0.165245
-1.11953
-2.02449
  1.6302
-0.23573
 -1.71807
  1.79446
 0.164625
 -1.11952
 -2.02421
  1.62974
-0.235591
 -1.71806
  1.79432
 0.164015
 -1.11943
 -2.02395
  1.62926
-0.235445
   -1.718
  1.79432
 0.163461
 -1.11952
 -2.02368
  1.62874
-0.235289
 -1.71798
   1.7943
 0.162888
 -1.11958
 -2.02341
  1.62828
-0.235115
-1.71797
  1.7942
0.162308
-1.11955
-2.02314
 1.62785
-0.23493
-1.71796
 1.79417
0.161717
-1.11961
-2.02286
 1.62737
-0.23474
 -1.71795
  1.79418
 0.161109
 -1.11966
 -2.02258
  1.62684
-0.234548
 -1.71792
  1.79414
 0.160531
 -1.11966
 -2.02229
  1.62636
-0.234374
 -1.71784
  1.79413
 0.159967
 -1.11969
 -2.02201
   1.6259
-0.234204
 -1.71785
  1.79404
 0.159303
 -1.11964
 -2.02173
  1.62541
-0.234054
 -1.71785
  1.79404
 0.158629
 -1.11971
 -2.02146
  1.62482
-0.233896
  -1.7178
  1.79403
 0.158048
 -1.11974
 -2.02118
  1.62423
-0.233726
  -1.7178
   1.7939
 0.157456
 -1.11966
  -2.0209
  1.62369
-0.233536
 -1.71778
  1.79384
 0.156832
 -1.11968
 -2.02062
  1.62311
-0.233345
 -1.71777
  1.79382
   0.1562
 -1.11968
 -2.02034
  1.62253
-0.233158
 -1.71773
  1.79367
 0.155619
 -1.11959
 -2.02006
  1.62197
-0.232951
 -1.71766
  1.79356
 0.155023
 -1.11957
 -2.01978
  1.62141
-0.232741
 -1.71768
  1.79351
 0.154303
 -1.11958
 -2.01947
  1.62086
-0.232531
 -1.71768
  1.79337
 0.153628
 -1.11953
 -2.01913
  1.62033
-0.232331
 -1.71763
  1.79327
 0.153024
 -1.11952
  -2.0188
  1.61982
-0.232149
 -1.71763
  1.79306
 0.152392
 -1.11936
 -2.01848
   1.6193
-0.231972
 -1.71761
  1.79297
 0.151754
 -1.11933
 -2.01815
  1.61875
-0.231794
 -1.71759
  1.79297
 0.151139
 -1.11939
 -2.01782
  1.61823
-0.231614
 -1.71755
  1.79277
 0.150522
 -1.11928
  -2.0175
   1.6177
-0.231415
 -1.71746
  1.79268
 0.149904
 -1.11933
 -2.01718
  1.61711
-0.231221
 -1.71749
  1.79264
 0.149181
 -1.11937
 -2.01684
  1.61657
-0.231025
 -1.71748
  1.79252
 0.148477
 -1.11936
  -2.0165
  1.61609
-0.230822
 -1.71744
  1.79247
 0.147829
  -1.1194
 -2.01618
  1.61554
-0.230608
 -1.71743
  1.79232
 0.147184
 -1.11939
 -2.01585
  1.61496
-0.230411
 -1.71742
  1.79231
 0.146519
  -1.1195
 -2.01552
  1.61441
-0.230223
 -1.71738
  1.79231
 0.145874
 -1.11957
 -2.01519
  1.61387
-0.230049
  -1.7173
  1.79219
 0.145254
  -1.1195
 -2.01486
  1.61331
-0.229873
 -1.71731
  1.79212
 0.144528
 -1.11946
 -2.01453
  1.61273
-0.229703
 -1.71731
  1.79216
 0.143785
 -1.11947
  -2.0142
  1.61217
-0.229515
-1.71726
 1.79216
0.143142
-1.11946
-2.01387
 1.61162
-0.22932
 -1.71724
  1.79215
 0.142482
  -1.1194
 -2.01354
  1.61104
-0.229107
 -1.71722
  1.79203
 0.141809
 -1.11924
 -2.01322
  1.61051
-0.228908
 -1.71721
  1.79201
 0.141119
 -1.11916
 -2.01289
  1.60995
-0.228703
 -1.71717
  1.79205
 0.140471
 -1.11915
 -2.01256
   1.6093
-0.228493
 -1.71709
  1.79199
  0.13983
 -1.11906
 -2.01222
  1.60868
-0.228289
 -1.71709
  1.79197
 0.139062
 -1.11897
 -2.01189
  1.60809
-0.228103
 -1.71709
  1.79183
 0.138317
 -1.11876
 -2.01158
  1.60752
-0.227923
 -1.71702
  1.79185
 0.137675
 -1.11876
 -2.01123
  1.60691
-0.227745
   -1.717
  1.79186
 0.136984
 -1.11874
 -2.01091
  1.60633
-0.227555
 -1.71699
  1.79182
 0.136281
 -1.11869
 -2.01057
  1.60576
-0.227364
 -1.71693
  1.79181
 0.135627
 -1.11869
 -2.01023
  1.60516
-0.227152
 -1.71685
  1.79172
 0.134956
 -1.11852
  -2.0099
  1.60456
-0.226932
 -1.71686
  1.79174
 0.134203
 -1.11844
 -2.00953
  1.60396
-0.226722
 -1.71685
  1.79178
 0.133461
  -1.1185
  -2.0092
  1.60334
-0.226527
 -1.71681
   1.7917
 0.132765
 -1.11842
 -2.00887
  1.60272
-0.226323
 -1.71679
  1.79167
 0.132056
 -1.11846
 -2.00851
  1.60209
-0.226137
 -1.71674
  1.79156
 0.131388
 -1.11841
 -2.00819
  1.60146
-0.225949
 -1.71665
  1.79152
 0.130709
 -1.11843
 -2.00784
  1.60083
-0.225764
 -1.71664
  1.79143
 0.129974
 -1.11842
  -2.0075
  1.60023
-0.225572
-1.71663
  1.7914
0.129257
-1.11848
-2.00716
 1.59959
-0.22536
 -1.71656
  1.79134
 0.128593
 -1.11853
 -2.00681
  1.59897
-0.225122
 -1.71655
  1.79119
 0.127897
 -1.11846
 -2.00646
  1.59839
-0.224878
-1.71652
 1.79112
0.127211
-1.11845
-2.00611
 1.59774
-0.22464
 -1.71646
  1.79102
 0.126535
 -1.11843
 -2.00578
  1.59709
-0.224425
 -1.7164
 1.79099
0.125835
-1.11843
-2.00543
 1.59649
-0.22422
  -1.7164
  1.79084
  0.12506
 -1.11833
 -2.00511
  1.59591
-0.224017
-1.71639
  1.7908
 0.12426
-1.11833
-2.00478
 1.59525
-0.22381
 -1.71632
  1.79078
 0.123491
 -1.11831
 -2.00445
  1.59462
-0.223596
 -1.71628
  1.79073
 0.122725
 -1.11825
  -2.0041
  1.59401
-0.223388
 -1.71625
   1.7907
 0.121939
 -1.11822
 -2.00374
  1.59338
-0.223167
 -1.71618
  1.79061
 0.121172
 -1.11811
 -2.00339
  1.59278
-0.222944
 -1.71612
  1.79063
 0.120431
  -1.1181
 -2.00302
  1.59217
-0.222711
 -1.71613
  1.79063
 0.119616
  -1.1181
 -2.00267
  1.59153
-0.222493
 -1.71608
  1.79062
 0.118851
 -1.11808
 -2.00232
  1.59089
-0.222298
 -1.71605
  1.79058
 0.118136
 -1.11798
 -2.00198
   1.5903
-0.222105
 -1.71601
  1.79062
 0.117401
 -1.11806
 -2.00163
  1.58967
-0.221904
 -1.71601
  1.79052
 0.116666
 -1.11802
 -2.00131
  1.58903
-0.221698
 -1.71595
  1.79047
 0.115982
 -1.11807
 -2.00097
   1.5884
-0.221484
 -1.71588
  1.79035
 0.115283
 -1.11811
 -2.00061
  1.58779
-0.221268
-1.71589
 1.79032
0.114529
-1.11824
-2.00023
 1.58715
-0.22105
 -1.71587
  1.79017
 0.113807
 -1.11819
 -1.99987
  1.58654
-0.220826
 -1.71584
   1.7901
 0.113126
  -1.1182
 -1.99951
  1.58591
-0.220615
 -1.71583
  1.79001
  0.11243
 -1.11818
 -1.99916
  1.58525
-0.220417
 -1.71577
  1.78998
 0.111762
 -1.11815
 -1.99883
  1.58459
-0.220254
 -1.71568
  1.78987
 0.111066
   -1.118
  -1.9985
  1.58393
-0.220087
 -1.71568
  1.78989
 0.110264
 -1.11801
 -1.99814
  1.58326
-0.219909
-1.71566
 1.78977
0.109474
-1.11784
-1.99783
 1.58263
-0.21971
  -1.7156
  1.78974
 0.108737
 -1.11773
 -1.99748
  1.58196
-0.219504
 -1.71559
  1.78967
 0.107981
 -1.11766
 -1.99712
  1.58129
-0.219286
 -1.71556
  1.78969
  0.10723
 -1.11761
 -1.99674
  1.58063
-0.219065
 -1.71551
  1.78963
 0.106492
 -1.11747
 -1.99639
  1.57996
-0.218842
 -1.71541
   1.7896
 0.105782
 -1.11742
 -1.99603
  1.57928
-0.218638
 -1.71542
   1.7896
 0.104954
 -1.11736
 -1.99568
  1.57863
-0.218434
 -1.71541
  1.78958
 0.104126
 -1.11724
 -1.99535
  1.57797
-0.218237
-1.71535
 1.78964
0.103348
-1.11735
-1.99501
 1.57733
-0.21805
 -1.71535
  1.78957
 0.102559
 -1.11728
 -1.99468
  1.57671
-0.217866
 -1.71533
  1.78963
 0.101748
 -1.11736
 -1.99434
  1.57605
-0.217661
 -1.71529
  1.78955
 0.100982
 -1.11736
   -1.994
   1.5754
-0.217451
 -1.71521
  1.78951
 0.100254
 -1.11739
 -1.99364
  1.57478
-0.217225
 -1.71524
  1.78953
0.0994552
 -1.11751
 -1.99326
  1.57413
-0.216998
 -1.71526
  1.78942
0.0986762
 -1.11745
 -1.99292
  1.57346
-0.216778
 -1.71524
  1.78943
0.0979695
 -1.11751
 -1.99255
  1.57284
-0.216574
 -1.71526
  1.78936
0.0972591
 -1.11746
 -1.99221
  1.57221
-0.216381
 -1.71523
   1.7893
0.0965844
 -1.11737
 -1.99186
  1.57156
-0.216183
 -1.71519
   1.7893
0.0958824
 -1.11744
 -1.99154
  1.57094
-0.215985
 -1.71522
  1.78917
0.0951183
 -1.11731
  -1.9912
  1.57032
-0.215794
  -1.7152
  1.78913
0.0944048
  -1.1173
 -1.99084
  1.56966
-0.215596
 -1.71518
    1.789
0.0937141
 -1.11721
 -1.99051
  1.56907
-0.215374
 -1.71517
  1.78889
0.0929883
 -1.11705
 -1.99015
  1.56848
-0.215147
 -1.71517
  1.78892
0.0922642
 -1.11707
  -1.9898
  1.56783
-0.214916
 -1.71513
  1.78885
0.0915583
  -1.1169
 -1.98947
  1.56722
-0.214705
  -1.7151
  1.78877
0.0908507
 -1.11673
 -1.98913
  1.56662
-0.214505
 -1.71511
  1.78879
0.0900682
 -1.11663
 -1.98878
  1.56599
 -0.21432
 -1.71511
   1.7888
0.0892857
 -1.11656
 -1.98847
  1.56535
-0.214131
 -1.71505
  1.78873
0.0885672
 -1.11636
 -1.98815
   1.5647
-0.213933
 -1.71501
  1.78881
0.0878398
 -1.11633
  -1.9878
  1.56403
-0.213735
 -1.71498
  1.78881
0.0870877
 -1.11628
 -1.98748
  1.56338
-0.213547
 -1.71491
  1.78879
0.0863761
 -1.11618
 -1.98714
  1.56274
-0.213339
 -1.71484
  1.78887
0.0856889
 -1.11628
 -1.98681
  1.56206
 -0.21312
 -1.71485
  1.78883
0.0848814
 -1.11626
 -1.98648
  1.56141
-0.212906
 -1.71481
   1.7888
 0.084094
 -1.11625
 -1.98612
  1.56077
-0.212715
 -1.71476
  1.78872
0.0833992
 -1.11622
 -1.98579
  1.56009
-0.212546
 -1.71473
  1.78876
0.0826745
 -1.11633
 -1.98544
  1.55943
-0.212384
  -1.7147
  1.78875
0.0819421
 -1.11634
 -1.98512
  1.55879
-0.212223
 -1.71467
  1.78867
0.0812302
 -1.11628
 -1.98478
  1.55816
 -0.21206
 -1.71458
  1.78869
0.0805471
 -1.11627
 -1.98443
  1.55754
-0.211876
 -1.71448
  1.78867
0.0798472
 -1.11621
  -1.9841
  1.55697
-0.211683
 -1.71447
  1.78858
 0.079059
 -1.11605
 -1.98376
  1.55637
-0.211498
 -1.71442
  1.78851
0.0782917
 -1.11596
 -1.98342
  1.55576
-0.211307
 -1.71433
  1.78852
0.0775923
 -1.11595
  -1.9831
  1.55513
-0.211107
 -1.71429
  1.78853
0.0769053
 -1.11595
 -1.98277
  1.55451
-0.210911
 -1.71423
  1.78838
 0.076183
 -1.11576
 -1.98245
  1.55392
-0.210719
  -1.7141
  1.78831
0.0754982
 -1.11567
 -1.98211
  1.55335
-0.210541
   -1.714
  1.78835
0.0748315
 -1.11567
 -1.98178
  1.55273
-0.210378
 -1.71399
  1.78831
0.0740553
  -1.1156
 -1.98146
  1.55208
-0.210211
 -1.71395
  1.78821
0.0732844
 -1.11544
 -1.98113
   1.5515
-0.210046
 -1.71387
  1.78815
0.0726252
 -1.11535
 -1.98078
  1.55092
-0.209865
 -1.71384
  1.78813
0.0719373
 -1.11528
 -1.98046
  1.55028
-0.209676
 -1.71381
  1.78814
0.0712259
 -1.11524
 -1.98015
  1.54966
-0.209475
 -1.71379
   1.7881
 0.070527
 -1.11512
 -1.97982
  1.54908
-0.209288
 -1.71373
  1.78802
 0.069852
 -1.11497
 -1.97947
  1.54847
-0.209097
 -1.71365
  1.78794
0.0691791
  -1.1149
 -1.97915
  1.54784
-0.208907
 -1.71366
  1.78794
0.0684031
 -1.11489
 -1.97882
  1.54726
-0.208713
 -1.71366
  1.78794
0.0676331
 -1.11494
  -1.9785
  1.54668
-0.208536
 -1.71362
  1.78783
0.0669459
  -1.1149
 -1.97818
  1.54606
-0.208369
 -1.71361
  1.78779
0.0662609
 -1.11492
 -1.97785
  1.54546
-0.208208
 -1.71359
  1.78767
0.0655783
 -1.11483
 -1.97753
  1.54485
-0.208044
 -1.71358
  1.78761
0.0648893
 -1.11486
 -1.97721
  1.54423
-0.207872
 -1.71358
  1.78761
0.0642096
 -1.11497
  -1.9769
  1.54361
-0.207696
 -1.71354
  1.78755
 0.063561
 -1.11496
  -1.9766
    1.543
-0.207487
 -1.71348
  1.78749
0.0629027
 -1.11494
 -1.97628
  1.54238
-0.207274
 -1.71351
  1.78746
 0.062148
 -1.11489
 -1.97596
  1.54178
-0.207077
 -1.71353
  1.78747
0.0614202
 -1.11487
 -1.97566
  1.54117
-0.206891
  -1.7135
  1.78738
0.0607551
 -1.11468
 -1.97539
  1.54056
-0.206709
 -1.71351
  1.78734
0.0600802
 -1.11459
 -1.97508
     1.54
-0.206541
 -1.71351
   1.7874
0.0594262
 -1.11464
  -1.9748
  1.53943
-0.206375
 -1.71352
  1.78739
0.0587544
 -1.11456
 -1.97452
  1.53882
-0.206212
 -1.71352
  1.78737
0.0580735
 -1.11448
 -1.97424
  1.53825
 -0.20605
 -1.71349
  1.78737
0.0574525
 -1.11436
 -1.97398
  1.53775
-0.205882
 -1.71345
  1.78738
0.0568497
 -1.11429
  -1.9737
  1.53722
-0.205715
 -1.71348
  1.78737
0.0561282
 -1.11412
 -1.97343
  1.53662
-0.205533
 -1.71349
  1.78741
0.0554423
  -1.1141
 -1.97315
  1.53606
-0.205346
 -1.71345
  1.78737
0.0548513
   -1.114
 -1.97287
  1.53553
 -0.20515
 -1.71346
  1.78734
0.0542089
 -1.11384
 -1.97257
  1.53496
-0.204978
 -1.71346
   1.7874
0.0535718
 -1.11383
 -1.97226
  1.53438
-0.204822
 -1.71346
   1.7874
0.0529463
 -1.11369
 -1.97197
  1.53384
-0.204667
 -1.71347
  1.78741
0.0523002
 -1.11358
 -1.97169
  1.53333
-0.204514
-1.71348
 1.78742
 0.05165
-1.11347
 -1.9714
 1.53274
-0.20436
 -1.71349
  1.78739
0.0510179
 -1.11334
 -1.97111
  1.53218
-0.204206
 -1.71346
   1.7874
 0.050414
 -1.11331
 -1.97083
  1.53166
-0.204043
 -1.71342
  1.78737
0.0498172
 -1.11321
 -1.97057
  1.53114
-0.203885
 -1.71346
  1.78739
0.0491317
 -1.11321
  -1.9703
   1.5306
-0.203725
-1.71348
 1.78738
0.048462
-1.11319
-1.97004
 1.53005
-0.20355
 -1.71344
  1.78734
0.0478703
 -1.11314
 -1.96976
  1.52956
-0.203379
 -1.71344
  1.78734
0.0472738
 -1.11315
 -1.96948
  1.52905
  -0.2032
 -1.71345
  1.78731
0.0466633
 -1.11311
 -1.96922
   1.5285
-0.203031
 -1.71345
  1.78734
0.0460575
 -1.11314
 -1.96891
    1.528
-0.202886
 -1.71345
  1.78733
0.0454496
 -1.11313
 -1.96861
  1.52751
-0.202768
 -1.71346
  1.78731
0.0448447
  -1.1131
 -1.96832
    1.527
-0.202657
 -1.71346
  1.78727
0.0442392
 -1.11308
 -1.96806
  1.52646
-0.202541
 -1.71343
  1.78718
0.0436675
 -1.11304
 -1.96779
  1.52594
-0.202417
 -1.71338
   1.7872
0.0431138
 -1.11314
 -1.96753
  1.52542
-0.202289
 -1.71342
  1.78715
0.0424716
 -1.11309
 -1.96726
  1.52489
-0.202155
 -1.71341
   1.7871
0.0418465
 -1.11308
 -1.96699
   1.5244
-0.202015
 -1.71338
   1.7871
0.0412912
 -1.11307
 -1.96675
  1.52388
-0.201875
 -1.71339
  1.78706
0.0407201
 -1.11296
 -1.96651
  1.52336
-0.201733
 -1.71339
  1.78703
0.0401563
 -1.11293
 -1.96625
  1.52283
-0.201584
 -1.71338
  1.78699
0.0395992
 -1.11281
 -1.96599
  1.52231
-0.201433
 -1.71339
  1.78699
0.0390309
  -1.1128
 -1.96571
  1.52184
-0.201278
 -1.71339
  1.78696
0.0384671
 -1.11273
 -1.96543
  1.52132
 -0.20113
 -1.71339
  1.78692
0.0379074
 -1.11262
 -1.96518
  1.52084
-0.200979
 -1.71339
  1.78691
0.0373594
 -1.11259
 -1.96493
  1.52041
-0.200834
 -1.71339
  1.78689
0.0368055
  -1.1125
 -1.96473
  1.51998
-0.200713
 -1.71339
  1.78688
0.0362626
 -1.11249
 -1.96452
  1.51953
-0.200597
 -1.71335
  1.78684
0.0357575
 -1.11237
 -1.96431
  1.51904
-0.200488
 -1.71332
  1.78686
0.0352615
 -1.11236
 -1.96409
  1.51858
-0.200374
 -1.71335
  1.78687
0.0346689
 -1.11232
 -1.96387
  1.51819
-0.200248
 -1.71335
  1.78685
0.0340853
 -1.11221
 -1.96368
  1.51777
-0.200111
  -1.7133
  1.78687
0.0335659
  -1.1122
 -1.96349
   1.5173
 -0.19997
 -1.71328
  1.78691
0.0330202
 -1.11214
 -1.96328
  1.51683
-0.199827
 -1.71326
    1.787
  0.03248
 -1.11214
 -1.96306
  1.51639
-0.199677
 -1.71325
  1.78696
0.0319368
 -1.11191
 -1.96287
  1.51599
-0.199531
 -1.71323
  1.78703
0.0314141
 -1.11181
 -1.96264
  1.51556
-0.199383
 -1.71321
  1.78712
0.0308932
 -1.11171
  -1.9624
  1.51508
-0.199237
 -1.71319
  1.78716
0.0303662
 -1.11156
 -1.96214
  1.51463
-0.199113
 -1.71317
  1.78723
0.0298447
 -1.11153
 -1.96191
  1.51423
-0.198987
 -1.71315
  1.78728
0.0293493
 -1.11145
 -1.96169
  1.51385
-0.198865
 -1.71313
  1.78734
0.0288738
 -1.11146
 -1.96146
  1.51343
-0.198749
 -1.71312
  1.78735
   0.0284
 -1.11143
 -1.96126
  1.51296
-0.198636
 -1.71311
  1.78738
0.0279419
 -1.11143
 -1.96104
  1.51251
-0.198535
-1.71311
 1.78738
0.027501
 -1.1114
-1.96083
 1.51211
-0.19844
 -1.71307
  1.78741
0.0270892
 -1.11142
 -1.96062
  1.51173
-0.198345
   -1.713
   1.7874
0.0266723
 -1.11138
 -1.96043
  1.51129
-0.198243
 -1.71301
  1.78742
0.0261936
 -1.11139
 -1.96022
  1.51085
-0.198132
   -1.713
   1.7874
0.0257317
  -1.1113
 -1.96002
  1.51046
 -0.19801
 -1.71296
  1.78742
0.0253293
 -1.11127
 -1.95981
  1.51008
-0.197896
 -1.71295
  1.78743
0.0249172
 -1.11126
 -1.95962
  1.50972
 -0.19779
 -1.71295
   1.7874
0.0244884
 -1.11116
 -1.95943
  1.50934
 -0.19766
 -1.71293
  1.78739
0.0240631
 -1.11112
 -1.95922
  1.50899
-0.197544
 -1.71293
  1.78738
0.0236345
 -1.11104
 -1.95902
  1.50866
-0.197447
 -1.71293
  1.78739
0.0232101
   -1.111
 -1.95881
  1.50835
-0.197367
 -1.71293
  1.78736
0.0227863
 -1.11089
 -1.95865
  1.50804
-0.197291
 -1.71292
  1.78741
0.0223758
 -1.11091
  -1.9585
  1.50772
-0.197214
 -1.71292
   1.7874
0.0219611
 -1.11083
 -1.95836
  1.50738
-0.197133
 -1.71292
  1.78736
0.0215447
 -1.11074
 -1.95819
  1.50704
-0.197058
 -1.71292
  1.78735
0.0211264
 -1.11065
 -1.95806
  1.50669
-0.196987
 -1.71292
  1.78736
0.0207216
 -1.11057
 -1.95792
  1.50635
-0.196919
 -1.71292
  1.78737
0.0203266
 -1.11053
 -1.95777
  1.50599
-0.196852
 -1.71292
  1.78736
0.0199266
 -1.11043
 -1.95762
  1.50563
-0.196786
 -1.71293
  1.78736
0.0195152
 -1.11037
 -1.95748
  1.50529
-0.196712
 -1.71294
  1.78734
0.0191193
 -1.11027
 -1.95732
  1.50494
-0.196621
 -1.71294
  1.78734
0.0187586
 -1.11021
 -1.95716
   1.5046
-0.196511
 -1.71294
  1.78733
0.0184156
  -1.1101
 -1.95702
  1.50428
-0.196414
 -1.71294
  1.78733
0.0180974
 -1.11006
 -1.95687
  1.50396
 -0.19632
 -1.71295
  1.78732
0.0177715
 -1.10997
 -1.95671
   1.5036
-0.196225
 -1.71295
  1.78733
0.0174472
 -1.10998
 -1.95655
  1.50327
-0.196127
 -1.71295
   1.7873
0.0171107
  -1.1099
  -1.9564
  1.50299
-0.196033
 -1.71292
  1.78729
0.0168109
 -1.10985
 -1.95624
  1.50275
 -0.19593
  -1.7129
  1.78731
0.0165092
 -1.10988
 -1.95609
  1.50249
-0.195817
 -1.71293
  1.78734
0.0161566
 -1.10988
 -1.95593
  1.50223
-0.195702
 -1.71292
  1.78736
0.0158411
 -1.10991
 -1.95578
  1.50197
-0.195594
 -1.71289
  1.78729
0.0155485
 -1.10981
 -1.95563
  1.50169
-0.195489
 -1.71289
  1.78728
 0.015229
 -1.10979
 -1.95548
  1.50139
-0.195411
 -1.71289
  1.78737
0.0149128
 -1.10983
 -1.95533
  1.50112
-0.195359
 -1.71288
  1.78737
0.0146059
 -1.10975
 -1.95517
  1.50089
-0.195316
 -1.71288
   1.7874
0.0143044
 -1.10972
 -1.95503
  1.50065
-0.195271
 -1.71287
  1.78738
0.0140152
 -1.10962
  -1.9549
  1.50041
-0.195227
 -1.71287
   1.7874
0.0137298
 -1.10955
 -1.95476
  1.50015
-0.195182
 -1.71287
  1.78744
0.0134417
 -1.10952
  -1.9546
  1.49987
-0.195136
 -1.71287
  1.78744
0.0131385
 -1.10944
 -1.95448
   1.4996
-0.195096
 -1.71287
  1.78744
0.0128362
 -1.10934
 -1.95437
  1.49935
-0.195053
 -1.71287
  1.78748
0.0125663
 -1.10931
 -1.95426
  1.49915
 -0.19501
 -1.71287
  1.78748
0.0123272
 -1.10921
 -1.95418
  1.49901
-0.194972
 -1.71287
  1.78749
0.0121032
 -1.10912
 -1.95409
  1.49888
-0.194935
 -1.71287
  1.78753
  0.01189
 -1.10915
   -1.954
  1.49872
-0.194888
 -1.71287
  1.78752
0.0116805
 -1.10909
 -1.95392
  1.49852
-0.194827
 -1.71287
  1.78757
 0.011469
 -1.10909
 -1.95382
   1.4983
-0.194752
 -1.71287
  1.78764
0.0112576
 -1.10917
 -1.95374
  1.49807
 -0.19468
 -1.71287
   1.7876
0.0110354
  -1.1091
 -1.95366
  1.49784
-0.194609
 -1.71286
  1.78761
0.0108224
  -1.1091
 -1.95356
  1.49762
-0.194542
 -1.71286
  1.78766
0.0106093
 -1.10915
 -1.95347
  1.49738
-0.194473
 -1.71286
   1.7877
0.0103985
  -1.1092
 -1.95338
  1.49716
-0.194398
 -1.71286
  1.78771
0.0101903
 -1.10918
 -1.95328
  1.49698
-0.194324
  -1.71286
   1.78772
0.00998394
  -1.10917
  -1.95318
   1.49686
 -0.194259
  -1.71286
   1.78775
0.00978979
  -1.10915
  -1.95308
   1.49674
 -0.194198
 -1.71286
   1.7878
0.0096017
 -1.10917
 -1.95299
  1.49663
-0.194145
  -1.71286
   1.78781
0.00940624
  -1.10913
  -1.95292
   1.49651
 -0.194095
  -1.71286
   1.78779
0.00921173
  -1.10907
  -1.95282
   1.49636
 -0.194048
  -1.71286
    1.7878
0.00903029
  -1.10902
  -1.95273
   1.49619
    -0.194
  -1.71285
   1.78782
0.00888151
  -1.10901
  -1.95266
   1.49601
 -0.193962
  -1.71285
   1.78781
0.00874027
  -1.10893
   -1.9526
   1.49584
  -0.19393
  -1.71285
    1.7878
0.00860348
  -1.10888
  -1.95254
   1.49567
 -0.193902
  -1.71286
   1.78777
0.00846464
  -1.10878
  -1.95249
    1.4955
 -0.193874
 -1.71286
  1.78779
  0.00833
 -1.10871
 -1.95243
   1.4954
-0.193843
  -1.71285
   1.78779
0.00820386
  -1.10866
  -1.95238
   1.49535
 -0.193813
  -1.71285
   1.78777
0.00807581
  -1.10858
  -1.95234
   1.49531
  -0.19378
  -1.71285
   1.78777
0.00796136
  -1.10853
  -1.95229
   1.49526
 -0.193746
  -1.71285
   1.78777
0.00785057
  -1.10849
  -1.95224
   1.49521
 -0.193709
  -1.71285
   1.78775
0.00774283
   -1.1084
  -1.95218
   1.49515
 -0.193681
  -1.71285
   1.78776
0.00763407
  -1.10834
  -1.95213
    1.4951
  -0.19367
  -1.71285
   1.78781
0.00753736
  -1.10835
  -1.95208
   1.49501
 -0.193663
  -1.71285
   1.78781
0.00744089
  -1.10829
  -1.95205
   1.49491
 -0.193657
  -1.71285
   1.78777
0.00733752
   -1.1082
    -1.952
   1.49484
 -0.193649
  -1.71285
   1.78777
0.00726112
  -1.10814
  -1.95195
   1.49479
 -0.193641
  -1.71285
   1.78782
0.00721235
  -1.10816
  -1.95192
   1.49471
 -0.193633
  -1.71285
   1.78783
0.00715968
  -1.10815
   -1.9519
   1.49463
 -0.193625
  -1.71284
   1.78783
0.00711497
  -1.10815
  -1.95187
   1.49458
 -0.193614
  -1.71284
   1.78784
0.00707249
  -1.10816
  -1.95185
   1.49451
 -0.193605
  -1.71284
   1.78783
0.00703288
  -1.10813
  -1.95185
   1.49444
 -0.193595
  -1.71284
   1.78785
0.00698932
   -1.1081
  -1.95182
   1.49436
 -0.193586
  -1.71284
   1.78789
0.00695463
  -1.10814
  -1.95179
   1.49429
 -0.193578
  -1.71284
   1.78789
0.00691256
  -1.10812
  -1.95178
   1.49422
 -0.193571
  -1.71284
    1.7879
0.00686954
  -1.10814
  -1.95176
   1.49413
 -0.193565
  -1.71284
   1.78791
0.00682496
  -1.10815
  -1.95175
   1.49405
 -0.193558
  -1.71284
   1.78792
0.00678589
  -1.10815
  -1.95174
   1.49402
 -0.193552
  -1.71284
   1.78793
0.00675731
  -1.10815
  -1.95174
   1.49402
 -0.193545
  -1.71284
   1.78794
0.00675353
  -1.10815
  -1.95174
   1.49403
 -0.193541
  -1.71284
   1.78794
0.00676126
  -1.10816
  -1.95174
   1.49403
 -0.193537
  -1.71284
   1.78795
0.00678145
  -1.10816
  -1.95175
   1.49403
 -0.193533
  -1.71284
   1.78795
0.00680662
  -1.10816
  -1.95175
   1.49403
  -0.19353
  -1.71284
   1.78796
0.00682723
  -1.10816
  -1.95175
   1.49404
 -0.193527
  -1.71284
   1.78796
0.00684779
  -1.10816
  -1.95175
   1.49404
 -0.193525
  -1.71284
   1.78796
0.00686774
  -1.10816
  -1.95175
   1.49405
 -0.193524
  -1.71284
   1.78796
0.00688284
  -1.10816
  -1.95175
   1.49407
 -0.193522
  -1.71284
   1.78797
0.00689231
  -1.10816
  -1.95176
    1.4941
  -0.19352
  -1.71284
   1.78797
0.00689812
  -1.10816
  -1.95176
   1.49413
 -0.193518
  -1.71284
   1.78797
0.00690112
  -1.10816
  -1.95176
   1.49415
 -0.193517
  -1.71284
   1.78798
0.00690148
  -1.10816
  -1.95176
   1.49417
 -0.193515
 -1.71284
  1.78798
0.0069013
 -1.10816
 -1.95176
  1.49418
-0.193513
  -1.71284
   1.78799
0.00690142
  -1.10816
  -1.95176
   1.49419
 -0.193512
  -1.71284
   1.78799
0.00690136
  -1.10816
  -1.95176
    1.4942
  -0.19351
  -1.71284
   1.78799
0.00690124
  -1.10816
  -1.95176
   1.49422
 -0.193509
  -1.71284
     1.788
0.00690106
  -1.10816
  -1.95176
   1.49423
 -0.193508
  -1.71284
     1.788
0.00690082
  -1.10816
  -1.95176
   1.49424
 -0.193507
  -1.71284
     1.788
0.00690064
  -1.10816
  -1.95176
   1.49426
 -0.193505
 -1.71284
    1.788
0.0069004
 -1.10816
 -1.95176
  1.49427
-0.193504
  -1.71284
     1.788
0.00690064
  -1.10816
  -1.95176
   1.49429
 -0.193503
  -1.71284
     1.788
0.00690124
  -1.10816
  -1.95176
   1.49431
 -0.193502
  -1.71284
     1.788
0.00690172
  -1.10816
  -1.95176
   1.49433
   -0.1935
  -1.71284
     1.788
0.00690279
  -1.10816
  -1.95176
   1.49434
 -0.193499
  -1.71284
     1.788
0.00690495
  -1.10816
  -1.95176
   1.49434
 -0.193499
  -1.71284
     1.788
0.00690687
  -1.10816
  -1.95176
   1.49434
 -0.193498
  -1.71284
     1.788
0.00690837
  -1.10816
  -1.95176
   1.49434
 -0.193497
  -1.71284
     1.788
0.00690825
  -1.10816
  -1.95176
   1.49434
 -0.193497
  -1.71284
     1.788
0.00690777
  -1.10816
  -1.95176
   1.49433
 -0.193496
  -1.71284
     1.788
0.00690747
  -1.10816
  -1.95176
   1.49433
 -0.193495
  -1.71284
     1.788
0.00690759
  -1.10816
  -1.95176
   1.49433
 -0.193495
  -1.71284
     1.788
0.00690765
  -1.10816
  -1.95176
   1.49433
 -0.193494
  -1.71284
     1.788
0.00690783
  -1.10816
  -1.95176
   1.49433
 -0.193493
  -1.71284
     1.788
0.00690837
  -1.10816
  -1.95176
   1.49432
 -0.193493
  -1.71284
     1.788
0.00690897
  -1.10816
  -1.95176
   1.49432
 -0.193492
  -1.71284
     1.788
0.00690968
  -1.10816
  -1.95176
   1.49432
 -0.193492
  -1.71284
     1.788
0.00691016
  -1.10816
  -1.95176
   1.49432
 -0.193491
  -1.71284
     1.788
0.00691016
  -1.10816
  -1.95176
   1.49431
 -0.193491
  -1.71284
     1.788
0.00690998
  -1.10816
  -1.95176
   1.49429
  -0.19349
  -1.71284
     1.788
0.00690974
  -1.10816
  -1.95176
   1.49427
  -0.19349
  -1.71284
     1.788
0.00690915
  -1.10816
  -1.95176
   1.49425
 -0.193489
  -1.71284
     1.788
0.00690927
  -1.10816
  -1.95176
   1.49423
 -0.193488
  -1.71284
     1.788
0.00690927
  -1.10816
  -1.95176
   1.49421
 -0.193488
 -1.71284
    1.788
0.0069095
 -1.10816
 -1.95176
  1.49419
-0.193488
 -1.71284
    1.788
0.0069095
 -1.10816
 -1.95176
  1.49417
-0.193487
  -1.71284
     1.788
0.00690998
  -1.10816
  -1.95176
   1.49415
 -0.193487
  -1.71284
     1.788
0.00691046
  -1.10816
  -1.95176
   1.49414
 -0.193486
  -1.71284
     1.788
0.00691058
  -1.10816
  -1.95176
   1.49412
 -0.193486
 -1.71284
    1.788
0.0069107
 -1.10816
 -1.95176
  1.49412
-0.193486
  -1.71284
     1.788
0.00691076
  -1.10816
  -1.95176
   1.49411
 -0.193485
  -1.71284
     1.788
0.00691106
  -1.10816
  -1.95176
    1.4941
 -0.193485
  -1.71284
     1.788
0.00691094
  -1.10816
  -1.95176
    1.4941
 -0.193485
  -1.71284
     1.788
0.00691088
  -1.10816
  -1.95176
   1.49409
 -0.193484
  -1.71284
     1.788
0.00691058
  -1.10816
  -1.95176
   1.49409
 -0.193484
  -1.71284
     1.788
0.00691058
  -1.10816
  -1.95176
    1.4941
 -0.193483
 -1.71284
    1.788
0.0069104
 -1.10816
 -1.95176
   1.4941
-0.193483
 -1.71284
    1.788
0.0069104
 -1.10816
 -1.95176
   1.4941
-0.193483
 -1.71284
    1.788
0.0069104
 -1.10816
 -1.95176
   1.4941
-0.193482
  -1.71284
     1.788
0.00691034
  -1.10816
  -1.95176
    1.4941
 -0.193482
  -1.71284
     1.788
0.00691058
  -1.10816
  -1.95176
    1.4941
 -0.193482
  -1.71284
     1.788
0.00691058
  -1.10816
  -1.95176
    1.4941
 -0.193482
  -1.71284
     1.788
0.00691076
  -1.10816
  -1.95176
    1.4941
 -0.193481
  -1.71284
     1.788
0.00691094
  -1.10816
  -1.95176
    1.4941
 -0.193481
  -1.71284
     1.788
0.00691106
  -1.10816
  -1.95176
    1.4941
 -0.193481
  -1.71284
     1.788
0.00691118
  -1.10816
  -1.95176
    1.4941
  -0.19348
  -1.71284
     1.788
0.00691106
  -1.10816
  -1.95176
    1.4941
  -0.19348
  -1.71284
     1.788
0.00691106
  -1.10816
  -1.95176
    1.4941
  -0.19348
  -1.71284
     1.788
0.00691094
  -1.10816
  -1.95176
    1.4941
  -0.19348
  -1.71284
     1.788
0.00691076
  -1.10816
  -1.95176
    1.4941
 -0.193479
  -1.71284
     1.788
0.00691058
  -1.10816
  -1.95176
    1.4941
 -0.193479
 -1.71284
    1.788
0.0069107
 -1.10816
 -1.95176
   1.4941
-0.193479
  -1.71284
     1.788
0.00691046
  -1.10816
  -1.95176
    1.4941
 -0.193479
  -1.71284
     1.788
0.00691058
  -1.10816
  -1.95176
    1.4941
 -0.193478
  -1.71284
     1.788
0.00691088
  -1.10816
  -1.95176
    1.4941
 -0.193478
  -1.71284
     1.788
0.00691094
  -1.10816
  -1.95176
    1.4941
 -0.193478
  -1.71284
     1.788
0.00691118
  -1.10816
  -1.95176
    1.4941
 -0.193478
  -1.71284
     1.788
0.00691118
  -1.10816
  -1.95176
    1.4941
 -0.193478
  -1.71284
     1.788
0.00691118
  -1.10816
  -1.95176
    1.4941
 -0.193477
  -1.71284
     1.788
0.00691088
  -1.10816
  -1.95176
    1.4941
 -0.193477
  -1.71284
     1.788
0.00691106
  -1.10816
  -1.95176
    1.4941
 -0.193477
  -1.71284
     1.788
0.00691076
  -1.10816
  -1.95176
    1.4941
 -0.193477
  -1.71284
     1.788
0.00691076
  -1.10816
  -1.95176
    1.4941
 -0.193477
  -1.71284
     1.788
0.00691076
  -1.10816
  -1.95176
    1.4941
 -0.193476
  -1.71284
     1.788
0.00691076
  -1.10816
  -1.95176
    1.4941
 -0.193476
  -1.71284
     1.788
0.00691094
  -1.10816
  -1.95176
    1.4941
 -0.193476
  -1.71284
     1.788
0.00691094
  -1.10816
  -1.95176
    1.4941
 -0.193476
  -1.71284
     1.788
0.00691106
  -1.10816
  -1.95176
    1.4941
 -0.193476
 -1.71284
    1.788
0.0069113
 -1.10816
 -1.95176
   1.4941
-0.193476
  -1.71284
     1.788
0.00691118
  -1.10816
  -1.95176
    1.4941
 -0.193476
  -1.71284
     1.788
0.00691106
  -1.10816
  -1.95176
    1.4941
 -0.193475
  -1.71284
     1.788
0.00691118
  -1.10816
  -1.95176
    1.4941
 -0.193475
  -1.71284
     1.788
0.00691106
  -1.10816
  -1.95176
    1.4941
 -0.193475
  -1.71284
     1.788
0.00691106
  -1.10816
  -1.95176
    1.4941
 -0.193475
  -1.71284
     1.788
0.00691106
  -1.10816
  -1.95176
    1.4941
 -0.193475
  -1.71284
     1.788
0.00691094
  -1.10816
  -1.95176
    1.4941
 -0.193475
 -1.71284
    1.788
 0.006911
 -1.10816
 -1.95176
   1.4941
-0.193474
  -1.71284
     1.788
0.00691076
  -1.10816
  -1.95176
    1.4941
 -0.193474
  -1.71284
     1.788
0.00691088
  -1.10816
  -1.95176
    1.4941
 -0.193474
  -1.71284
     1.788
0.00691076
  -1.10816
  -1.95176
    1.4941
 -0.193474
  -1.71284
     1.788
0.00691088
  -1.10816
  -1.95176
    1.4941
 -0.193474
  -1.71284
     1.788
0.00691094
  -1.10816
  -1.95176
    1.4941
 -0.193474
 -1.71284
    1.788
0.0069113
 -1.10816
 -1.95176
   1.4941
-0.193474
  -1.71284
     1.788
0.00691124
  -1.10816
  -1.95176
    1.4941
 -0.193473
  -1.71284
     1.788
0.00691124
  -1.10816
  -1.95176
    1.4941
 -0.193473
 -1.71284
    1.788
0.0069113
 -1.10816
 -1.95176
   1.4941
-0.193473
  -1.71284
     1.788
0.00691118
  -1.10816
  -1.95176
    1.4941
 -0.193473
 -1.71284
    1.788
0.0069113
 -1.10816
 -1.95176
   1.4941
-0.193473
  -1.71284
     1.788
0.00691106
  -1.10816
  -1.95176
    1.4941
 -0.193473
  -1.71284
     1.788
0.00691076
  -1.10816
  -1.95176
    1.4941
 -0.193473
  -1.71284
     1.788
0.00691076
  -1.10816
  -1.95176
    1.4941
 -0.193473
  -1.71284
     1.788
0.00691088
  -1.10816
  -1.95176
    1.4941
 -0.193473
 -1.71284
    1.788
 0.006911
 -1.10816
 -1.95176
   1.4941
-0.193472
  -1.71284
     1.788
0.00691094
  -1.10816
  -1.95176
    1.4941
 -0.193472
  -1.71284
     1.788
0.00691094
  -1.10816
  -1.95176
    1.4941
 -0.193472
 -1.71284
    1.788
0.0069113
 -1.10816
 -1.95176
   1.4941
-0.193472
  -1.71284
     1.788
0.00691118
  -1.10816
  -1.95176
    1.4941
 -0.193472
  -1.71284
     1.788
0.00691118
  -1.10816
  -1.95176
    1.4941
 -0.193472
  -1.71284
     1.788
0.00691118
  -1.10816
  -1.95176
    1.4941
 -0.193472
  -1.71284
     1.788
0.00691118
  -1.10816
  -1.95176
    1.4941
 -0.193472
  -1.71284
     1.788
0.00691118
  -1.10816
  -1.95176
    1.4941
 -0.193472
  -1.71284
     1.788
0.00691106
  -1.10816
  -1.95176
    1.4941
 -0.193472
  -1.71284
     1.788
0.00691094
  -1.10816
  -1.95176
    1.4941
 -0.193472
  -1.71284
     1.788
0.00691106
  -1.10816
  -1.95176
    1.4941
 -0.193472
  -1.71284
     1.788
0.00691106
  -1.10816
  -1.95176
    1.4941
 -0.193471
  -1.71284
     1.788
0.00691106
  -1.10816
  -1.95176
    1.4941
 -0.193471
  -1.71284
     1.788
0.00691118
  -1.10816
  -1.95176
    1.4941
 -0.193471
 -1.71284
    1.788
0.0069113
 -1.10816
 -1.95176
   1.4941
-0.193471
 -1.71284
    1.788
0.0069113
 -1.10816
 -1.95176
   1.4941
-0.193471
  -1.71284
     1.788
0.00691118
  -1.10816
  -1.95176
    1.4941
 -0.193471
  -1.71284
     1.788
0.00691118
  -1.10816
  -1.95176
    1.4941
 -0.193471
 -1.71284
    1.788
0.0069113
 -1.10816
 -1.95176
   1.4941
-0.193471
  -1.71284
     1.788
0.00691118
  -1.10816
  -1.95176
    1.4941
 -0.193471
  -1.71284
     1.788
0.00691118
  -1.10816
  -1.95176
    1.4941
 -0.193471
  -1.71284
     1.788
0.00691106
  -1.10816
  -1.95176
    1.4941
 -0.193471
  -1.71284
     1.788
0.00691094
  -1.10816
  -1.95176
    1.4941
 -0.193471
  -1.71284
     1.788
0.00691106
  -1.10816
  -1.95176
    1.4941
 -0.193471
  -1.71284
     1.788
0.00691094
  -1.10816
  -1.95176
    1.4941
  -0.19347
  -1.71284
     1.788
0.00691094
  -1.10816
  -1.95176
    1.4941
  -0.19347
  -1.71284
     1.788
0.00691118
  -1.10816
  -1.95176
    1.4941
  -0.19347
  -1.71284
     1.788
0.00691118
  -1.10816
  -1.95176
    1.4941
  -0.19347
  -1.71284
     1.788
0.00691118
  -1.10816
  -1.95176
    1.4941
  -0.19347
 -1.71284
    1.788
0.0069113
 -1.10816
 -1.95176
   1.4941
 -0.19347
 -1.71284
    1.788
0.0069113
 -1.10816
 -1.95176
   1.4941
 -0.19347
 -1.71284
    1.788
0.0069113
 -1.10816
 -1.95176
   1.4941
 -0.19347
 -1.71284
    1.788
0.0069113
 -1.10816
 -1.95176
   1.4941
 -0.19347
 -1.71284
    1.788
0.0069113
 -1.10816
 -1.95176
   1.4941
 -0.19347
  -1.71284
     1.788
0.00691106
  -1.10816
  -1.95176
    1.4941
  -0.19347
  -1.71284
     1.788
0.00691106
  -1.10816
  -1.95176
    1.4941
  -0.19347
  -1.71284
     1.788
0.00691106
  -1.10816
  -1.95176
    1.4941
 -0.193469
  -1.71284
     1.788
0.00691088
  -1.10816
  -1.95176
    1.4941
 -0.193469
  -1.71284
     1.788
0.00691106
  -1.10816
  -1.95176
    1.4941
 -0.193469
  -1.71284
     1.788
0.00691106
  -1.10816
  -1.95176
    1.4941
 -0.193469
  -1.71284
     1.788
0.00691118
  -1.10816
  -1.95176
    1.4941
 -0.193469
  -1.71284
     1.788
0.00691106
  -1.10816
  -1.95176
    1.4941
 -0.193469
 -1.71284
    1.788
0.0069113
 -1.10816
 -1.95176
   1.4941
-0.193469
  -1.71284
     1.788
0.00691124
  -1.10816
  -1.95176
    1.4941
 -0.193469
  -1.71284
     1.788
0.00691118
  -1.10816
  -1.95176
    1.4941
 -0.193469
 -1.71284
    1.788
0.0069113
 -1.10816
 -1.95176
   1.4941
-0.193469
  -1.71284
     1.788
0.00691118
  -1.10816
  -1.95176
    1.4941
 -0.193469
  -1.71284
     1.788
0.00691106
  -1.10816
  -1.95176
    1.4941
 -0.193469
  -1.71284
     1.788
0.00691106
  -1.10816
  -1.95176
    1.4941
 -0.193469
  -1.71284
     1.788
0.00691106
  -1.10816
  -1.95176
    1.4941
 -0.193469
  -1.71284
     1.788
0.00691106
  -1.10816
  -1.95176
    1.4941
 -0.193469
  -1.71284
     1.788
0.00691118
  -1.10816
  -1.95176
    1.4941
 -0.193469
  -1.71284
     1.788
0.00691118
  -1.10816
  -1.95176
    1.4941
 -0.193469
