 0.143699
-0.908042
-0.604173
  0.17661
-0.462319
 -1.31727
 0.146107
-0.908659
-0.641434
 0.197735
-0.445748
 -1.32793
 0.148102
-0.909514
-0.608502
 0.168903
-0.442842
 -1.31436
 0.127097
-0.923926
-0.626332
 0.191906
-0.444657
 -1.32676
 0.145074
-0.912695
-0.624572
 0.190914
-0.448994
 -1.33276
 0.136956
-0.914289
 -0.61305
 0.181304
-0.462214
  -1.3235
 0.145475
-0.915695
-0.632978
 0.183378
 -0.44592
 -1.31551
 0.127232
-0.916394
-0.613013
 0.181445
-0.444528
 -1.32168
 0.144959
-0.912379
-0.620086
 0.185356
-0.444475
   -1.333
 0.141428
-0.915964
-0.629768
 0.183081
-0.450685
 -1.32431
 0.140898
-0.920895
-0.618718
 0.191142
-0.455595
 -1.33388
 0.146911
-0.911844
 -0.60327
 0.181691
 -0.46039
 -1.33103
 0.134819
-0.906657
-0.637706
  0.18057
 -0.45028
 -1.31419
 0.139565
-0.916921
 -0.62858
 0.178993
-0.445401
 -1.32251
0.0978515
-0.931182
-0.609268
 0.188544
-0.458035
  -1.3248
 0.131128
-0.924025
 -0.63162
 0.190987
 -0.45132
 -1.31526
0.0882555
-0.919532
 -0.63316
 0.176929
-0.454228
 -1.33308
 0.105346
-0.910564
 -0.59211
 0.181485
-0.444617
  -1.3221
0.0999233
-0.925888
-0.657503
 0.178637
-0.442681
 -1.33423
 0.103262
-0.929538
-0.627155
 0.184863
-0.454468
 -1.33065
 0.109666
-0.930283
-0.622781
   0.1814
-0.453336
 -1.33439
0.0910484
-0.927036
-0.578528
 0.192529
-0.460615
  -1.3352
 0.107586
-0.896823
-0.639457
 0.183814
 -0.44988
 -1.32464
 0.118247
-0.956738
-0.626396
 0.184275
-0.464525
 -1.34028
  0.11549
-0.936237
-0.625809
 0.187115
-0.446915
  -1.3242
 0.098647
-0.927005
-0.629683
 0.188428
-0.467505
 -1.33527
 0.113075
 -0.94116
-0.597859
 0.190566
 -0.44598
 -1.32325
 0.085408
-0.908231
-0.650058
 0.178164
 -0.44529
 -1.31322
 0.105009
-0.944732
-0.634335
 0.182211
-0.447507
 -1.31958
0.0909636
-0.934912
  -0.5901
 0.193555
-0.450602
  -1.3111
0.0749618
-0.916031
-0.643121
 0.179586
-0.456361
 -1.31559
0.0662154
-0.963902
-0.611272
  0.17253
-0.452607
 -1.31584
0.0616185
 -0.91899
-0.604033
  0.17789
-0.453026
 -1.31539
0.0463069
-0.935034
-0.637938
 0.175869
-0.456697
 -1.31671
0.0539647
-0.953709
-0.599871
 0.198263
-0.459881
 -1.33066
0.0422516
-0.943543
-0.641236
 0.182271
-0.453373
 -1.32478
0.0301288
-0.934259
-0.600623
 0.183053
-0.460829
 -1.33931
0.0163091
-0.937001
-0.601528
 0.185404
-0.456797
  -1.3299
0.0224523
-0.939245
-0.641502
 0.181094
  -0.4584
 -1.33166
0.0281472
-0.961164
-0.629426
 0.189097
-0.456611
 -1.31812
 0.032614
-0.952928
-0.611212
 0.183822
-0.455858
 -1.34106
0.0322216
-0.943292
-0.619084
 0.182921
-0.450704
 -1.32482
0.0250741
-0.958065
 -0.65418
  0.18671
-0.455042
 -1.32641
0.0229936
 -1.00004
-0.650892
 0.185523
-0.455811
 -1.35048
 -0.01121
-0.944485
-0.639381
 0.181062
 -0.44203
  -1.3332
-0.0208141
 -0.922692
 -0.625133
  0.175613
 -0.449508
   -1.3109
-0.0390102
 -0.965636
 -0.608379
  0.187232
 -0.472732
  -1.32886
-0.0468552
 -0.967202
 -0.618575
  0.190682
 -0.456148
  -1.33333
-0.0312342
 -0.965987
 -0.638206
  0.178158
 -0.462722
  -1.32402
-0.0273133
 -0.936332
 -0.595761
  0.189652
 -0.463029
  -1.31754
-0.0241515
 -0.985032
 -0.612069
  0.174958
 -0.470569
  -1.33941
-0.0260994
 -0.968884
 -0.650539
  0.189076
 -0.459655
  -1.33446
-0.0422144
 -0.985752
 -0.608472
   0.18549
 -0.453266
  -1.32458
-0.053243
 -1.00085
-0.619991
 0.187504
-0.463948
 -1.31777
-0.0555879
 -0.923727
 -0.632534
  0.196116
  -0.46445
  -1.30368
-0.052666
 -1.01988
-0.615987
 0.189009
-0.459378
 -1.32249
-0.0686382
 -0.945825
 -0.599776
  0.183621
  -0.46322
  -1.32578
-0.0847017
 -0.973964
 -0.619132
   0.18703
 -0.467247
  -1.34264
-0.0813986
  -0.99466
 -0.587901
  0.184778
 -0.466326
   -1.3201
-0.0715079
 -0.960101
 -0.626172
  0.187248
 -0.456934
  -1.33089
-0.0976439
  -1.00665
 -0.627795
  0.181081
 -0.468306
  -1.33743
-0.0915692
  -1.01344
 -0.624493
  0.186042
 -0.465365
   -1.3372
-0.102313
-0.951844
-0.601974
 0.186686
-0.476175
 -1.32186
-0.106985
 -0.96635
-0.618472
 0.193055
-0.459027
 -1.32561
-0.103962
-0.985886
-0.583421
  0.19127
-0.473388
 -1.33654
-0.0951536
 -0.983505
 -0.644451
  0.181036
 -0.454513
  -1.31782
 -0.11799
 -1.01566
-0.632764
 0.186036
-0.466912
 -1.34405
-0.113934
-0.957378
-0.655538
 0.184245
-0.457902
 -1.31644
-0.115004
 -1.01087
-0.622786
  0.18265
-0.465771
 -1.33592
 -0.12661
-0.947492
-0.648562
  0.18364
-0.461711
 -1.34037
-0.128515
 -1.03189
 -0.62873
 0.184181
-0.457453
 -1.33263
-0.138223
-0.965946
-0.606348
 0.182606
-0.459749
 -1.32246
-0.115071
-0.977619
-0.642777
 0.179893
-0.452622
  -1.3289
-0.128262
 -1.04902
 -0.61931
 0.190315
-0.470997
 -1.34061
-0.141619
-0.953639
-0.626886
  0.18134
 -0.47552
 -1.33286
-0.159668
  -1.0393
-0.602743
 0.185975
 -0.47577
 -1.33758
-0.170795
-0.960696
-0.622007
   0.1896
-0.471799
  -1.3261
-0.160758
 -1.04589
-0.654647
 0.187142
-0.463113
 -1.33341
 -0.15991
-0.978976
-0.604665
 0.186918
-0.463997
 -1.33251
-0.170627
 -1.00466
-0.626078
 0.185181
-0.476089
 -1.33929
-0.164795
-0.992673
 -0.59642
 0.189225
-0.468865
 -1.34535
-0.164331
 -1.01437
-0.638775
 0.183426
-0.462547
 -1.32825
-0.198825
 -1.02273
-0.597394
 0.193302
-0.468636
 -1.33236
-0.170405
 -1.01437
-0.636643
 0.184201
-0.459456
 -1.33007
-0.205073
  -1.0231
-0.597273
 0.193566
-0.480512
 -1.32457
-0.182157
-0.991763
-0.635024
 0.191893
-0.467042
 -1.31346
-0.187093
-0.986697
-0.595357
  0.18737
-0.470948
 -1.32862
 -0.20123
 -1.02438
-0.631623
  0.18284
-0.462626
  -1.3108
-0.221069
 -1.03496
-0.621939
 0.188936
-0.469444
 -1.34122
-0.191841
 -1.00298
-0.628191
 0.185304
-0.463416
 -1.31824
-0.203674
 -1.01282
-0.607817
  0.18971
-0.465354
 -1.32019
 -0.26342
 -1.01495
 -0.62494
 0.189423
-0.473542
 -1.34263
 -0.23437
-0.997355
-0.609686
 0.189266
-0.471754
 -1.33182
-0.247419
 -1.07009
-0.602818
 0.198601
-0.477788
 -1.33687
-0.220666
-0.988545
-0.660957
 0.185657
-0.452576
 -1.31801
-0.232339
 -1.03293
-0.615995
 0.180961
-0.477338
 -1.33423
-0.267363
 -1.02301
-0.581817
 0.189267
-0.482306
 -1.33169
 -0.27947
  -1.0601
-0.624248
 0.188549
-0.478181
 -1.34762
-0.282751
 -1.08282
-0.656461
 0.182896
-0.467605
 -1.33343
-0.293451
 -1.02965
-0.615612
 0.177123
-0.478171
 -1.32285
-0.328961
 -1.07647
-0.611507
 0.199216
-0.476586
 -1.35005
-0.328784
 -1.03346
-0.577994
 0.196659
-0.475903
 -1.32269
-0.334821
 -1.08019
-0.628731
 0.185362
-0.474478
 -1.32506
-0.357284
  -1.0297
-0.620869
 0.190976
-0.474948
 -1.34052
-0.357523
 -1.04612
-0.609733
 0.191615
-0.489605
  -1.3207
-0.380468
  -1.0701
-0.604895
 0.189759
-0.474706
 -1.34147
-0.361333
 -1.07374
-0.635906
 0.190637
-0.470729
 -1.33704
-0.366236
 -1.07174
-0.651651
 0.189939
-0.466073
 -1.33946
-0.388106
 -1.04162
-0.624544
 0.179405
-0.476849
 -1.33071
-0.412475
 -1.06838
-0.620253
 0.187687
-0.483963
 -1.32654
-0.443192
 -1.07695
-0.626126
 0.199831
-0.472305
 -1.35219
-0.445968
 -1.11111
-0.639947
  0.18464
-0.494255
 -1.33866
-0.477446
 -1.10038
 -0.63235
 0.188977
-0.492025
 -1.32584
-0.465926
 -1.07651
-0.568223
 0.191341
-0.504757
 -1.31447
-0.478697
 -1.11942
-0.592583
 0.178795
-0.501386
 -1.33402
-0.508076
 -1.12545
-0.600245
 0.194874
-0.510011
 -1.33258
-0.523454
 -1.14566
-0.576417
 0.189952
-0.491383
 -1.34451
-0.534476
  -1.1176
-0.593097
 0.203362
-0.508625
 -1.34687
-0.535319
 -1.13384
-0.621323
 0.182726
-0.485304
 -1.34447
-0.566848
  -1.1815
-0.613067
   0.1922
-0.485134
 -1.34512
-0.617448
 -1.11926
-0.613139
 0.190105
 -0.49639
 -1.34861
-0.644536
 -1.16747
-0.586926
 0.202726
-0.505163
 -1.33932
-0.669939
 -1.15743
 -0.60735
 0.202817
  -0.4944
 -1.33316
-0.686823
  -1.1601
 -0.64697
 0.188014
 -0.49742
 -1.32543
-0.703123
 -1.17338
-0.575518
   0.1982
-0.499153
 -1.34044
-0.734588
 -1.19173
-0.627335
 0.195484
-0.500821
 -1.33781
-0.755851
   -1.206
-0.622581
  0.19228
-0.491637
 -1.34484
-0.765704
 -1.20597
-0.590038
  0.19992
-0.496074
 -1.33379
-0.808044
 -1.20236
-0.599201
 0.204644
-0.497734
 -1.32888
-0.888632
 -1.28025
-0.611373
 0.199753
 -0.49488
 -1.34367
-0.904854
 -1.24086
-0.636091
 0.199696
-0.496864
   -1.338
-0.926732
 -1.27532
-0.552252
  0.19929
 -0.52462
 -1.33449
-0.957331
 -1.27316
-0.643735
 0.199139
-0.498882
 -1.33037
-0.991383
 -1.29473
-0.636485
 0.194719
-0.500571
 -1.33672
 -1.06929
 -1.34662
-0.589951
 0.205814
 -0.51777
 -1.32842
 -1.12692
 -1.27239
-0.575576
 0.201638
-0.527261
 -1.31491
 -1.12273
 -1.35955
-0.629505
 0.207118
-0.518324
 -1.32365
 -1.15691
 -1.36276
-0.607162
 0.207846
-0.520124
 -1.32454
 -1.25206
 -1.29268
 -0.54233
 0.210005
-0.521164
 -1.28646
 -1.31166
  -1.4067
-0.576192
 0.216621
-0.535668
 -1.30937
 -1.36324
 -1.42781
-0.621988
 0.209229
-0.534794
 -1.30363
 -1.43488
 -1.47977
-0.586992
 0.218979
-0.534713
 -1.30765
 -1.49743
  -1.4019
-0.561845
 0.207694
-0.534413
 -1.30888
 -1.53348
 -1.49553
-0.634119
  0.20886
-0.523621
 -1.29431
 -1.63541
 -1.53502
-0.604637
 0.212842
-0.536459
 -1.28337
 -1.75564
  -1.5316
-0.531082
 0.216502
-0.558901
 -1.28217
 -1.89114
 -1.60491
-0.525347
 0.211663
 -0.56436
 -1.29125
 -2.00658
 -1.65206
-0.574038
 0.213163
-0.557113
 -1.29485
 -2.03716
 -1.65571
-0.575087
 0.204731
-0.553719
 -1.26307
 -2.09057
 -1.63092
-0.558104
 0.215678
-0.572802
  -1.2774
 -2.09497
 -1.70628
-0.548759
  0.21126
-0.565287
 -1.27858
 -2.16021
 -1.66709
-0.541226
  0.22458
-0.568818
 -1.28498
 -2.13493
 -1.64543
-0.570094
 0.210077
-0.551287
 -1.29982
 -2.29275
 -1.73592
-0.555101
 0.221117
-0.566236
 -1.30305
 -2.40151
 -1.73712
-0.484524
 0.229138
-0.594351
 -1.27991
 -2.36168
 -1.72556
-0.537029
 0.222645
-0.590571
 -1.28788
 -2.33962
 -1.73303
-0.601844
 0.230437
-0.571884
  -1.3163
 -2.41964
 -1.78581
-0.541872
 0.217818
-0.586395
 -1.30221
 -2.48336
 -1.72692
-0.536814
 0.226495
-0.583372
 -1.32723
 -2.50186
 -1.72938
-0.558033
 0.221186
-0.586623
  -1.3319
 -2.64188
 -1.85841
-0.525136
 0.233668
-0.593753
 -1.32435
 -2.73404
 -1.82505
-0.586206
 0.222903
-0.602594
 -1.30551
 -2.86149
 -1.87701
-0.558293
 0.241358
-0.617887
 -1.29967
 -2.98605
 -1.94332
-0.521158
 0.239639
-0.645561
 -1.28479
 -3.09112
 -1.93092
-0.551022
 0.227317
 -0.63325
 -1.28382
 -2.84829
 -1.85578
-0.570044
 0.236589
-0.621663
 -1.28598
 -3.03135
 -1.99871
-0.608502
 0.247645
-0.662656
 -1.33652
 -3.01159
 -1.93474
-0.573902
 0.238533
-0.673577
 -1.32436
 -3.05552
 -1.91386
-0.541061
 0.247681
 -0.66929
 -1.30245
 -3.13095
 -1.95396
-0.583006
 0.250946
-0.662681
 -1.32168
 -3.22005
 -1.96217
-0.594395
 0.255898
-0.660112
 -1.33268
 -3.23172
 -2.00001
-0.578475
 0.246046
 -0.67916
 -1.36055
 -3.41703
 -2.00394
-0.552868
 0.247281
 -0.68889
 -1.33023
 -3.42512
 -2.04746
-0.541471
 0.239322
-0.690425
  -1.3296
 -3.48411
 -1.98498
-0.598022
 0.253107
-0.684792
 -1.37085
 -3.33827
 -1.98813
-0.598971
 0.257968
-0.692454
 -1.39851
 -3.52454
 -2.06488
-0.572193
 0.254278
-0.693179
  -1.3934
 -3.60307
 -2.04817
-0.561238
 0.247203
-0.686113
 -1.39102
 -3.76797
 -2.06987
 -0.58586
 0.247469
-0.672716
 -1.39436
 -3.80665
 -2.09849
-0.572944
 0.244265
-0.697454
  -1.4145
 -3.83226
 -2.10432
-0.596854
 0.251158
-0.701908
 -1.41975
 -3.91751
 -2.10477
 -0.61103
 0.250511
-0.723527
 -1.42197
 -3.99304
 -2.15051
-0.581342
 0.252549
-0.719624
 -1.40412
 -4.06816
 -2.19005
-0.579525
 0.264426
-0.736663
 -1.43171
   -4.136
 -2.19177
-0.583613
  0.26845
-0.738728
 -1.43125
  -4.2059
 -2.21119
-0.577168
 0.269758
-0.753791
 -1.42486
 -4.33879
 -2.26966
-0.566633
 0.269118
-0.778088
 -1.44994
 -4.35554
  -2.2187
-0.602896
  0.27898
-0.766417
 -1.42962
 -4.43933
 -2.25955
-0.621306
 0.271548
-0.770486
 -1.42612
 -4.41558
 -2.23655
-0.579982
  0.26852
-0.790524
 -1.45197
 -4.52687
 -2.29733
-0.563661
 0.276067
-0.793108
 -1.46819
  -4.6286
 -2.30196
-0.675658
 0.283092
-0.791378
 -1.45658
 -4.71924
 -2.33856
-0.664595
  0.27914
-0.818485
 -1.47394
 -4.75612
 -2.32521
-0.560705
 0.288775
 -0.81474
 -1.48772
 -4.79002
 -2.35324
-0.651916
 0.285145
-0.819569
 -1.48015
 -4.89417
 -2.35791
-0.612556
 0.290638
-0.847142
 -1.48495
 -4.94942
 -2.40363
-0.607347
 0.299573
-0.860647
 -1.48338
 -4.99676
 -2.42285
-0.622696
 0.298985
-0.863025
 -1.49743
 -5.01895
 -2.40273
-0.663323
 0.292605
-0.864377
 -1.47842
 -5.08958
 -2.40144
-0.646745
 0.293264
 -0.87973
 -1.49725
  -5.2693
 -2.47637
-0.594883
 0.308036
-0.901733
  -1.5223
 -5.25923
 -2.48764
-0.670133
 0.305991
-0.891502
 -1.52493
 -5.27175
 -2.42763
-0.650238
 0.305886
-0.910442
 -1.50256
  -5.2722
 -2.48386
-0.646262
 0.319356
-0.912181
 -1.51518
 -5.35735
 -2.49215
-0.638028
 0.316724
-0.934192
 -1.52243
 -5.55471
 -2.54326
-0.673874
 0.311912
-0.945767
 -1.53436
 -5.49546
 -2.44807
-0.711196
  0.31211
-0.933207
 -1.51345
  -5.6128
  -2.5905
-0.637006
 0.327655
-0.948149
 -1.53767
 -5.63721
 -2.50193
-0.674645
 0.318045
-0.962116
 -1.52985
 -5.75056
 -2.53259
-0.691268
  0.30707
 -0.97873
  -1.5385
  -5.8048
 -2.63668
-0.633684
 0.326694
-0.970089
 -1.55466
 -5.76024
 -2.52833
-0.750906
 0.327207
-0.982851
 -1.54124
 -5.86292
 -2.60517
-0.660277
 0.309866
 -0.99687
 -1.56264
 -5.88286
 -2.62328
-0.680215
 0.338808
-0.987767
  -1.5726
 -5.98531
 -2.57865
-0.703152
 0.330705
-0.989062
 -1.57729
 -6.01009
 -2.64167
-0.726926
 0.321025
 -1.00656
 -1.57418
 -6.01038
 -2.63601
-0.677011
 0.337502
 -1.01609
 -1.59948
 -6.10296
 -2.63006
-0.666236
 0.337593
 -1.02608
 -1.60913
-6.12391
-2.65147
-0.74701
 0.32616
-1.02476
-1.60079
  -6.2166
 -2.66806
-0.706912
 0.333267
 -1.02968
 -1.59062
-6.22529
-2.65778
-0.71443
 0.34719
-1.03979
-1.60693
 -6.22485
 -2.64352
-0.714136
 0.334529
 -1.04126
 -1.61418
-6.33797
-2.70864
-0.74226
0.327891
 -1.0391
-1.63909
 -6.35696
 -2.67689
-0.659826
 0.340457
 -1.05784
 -1.63308
  -6.3952
 -2.63665
-0.759813
 0.330006
 -1.04683
 -1.61598
 -6.45194
 -2.74901
-0.712918
 0.341071
 -1.07093
 -1.65217
 -6.44749
 -2.70584
-0.689833
 0.346057
 -1.06144
 -1.65725
 -6.50226
 -2.67918
-0.728546
 0.348108
 -1.08302
 -1.65155
 -6.51503
 -2.75553
-0.760899
 0.347043
 -1.06009
 -1.65957
 -6.49701
   -2.706
-0.670306
 0.349815
  -1.0786
 -1.64325
 -6.50955
 -2.66788
-0.756332
 0.339974
 -1.05863
 -1.65911
-6.56114
-2.72686
-0.75851
0.345731
-1.06222
-1.68259
 -6.62102
  -2.7283
-0.776826
 0.348082
 -1.06867
 -1.68641
 -6.65989
 -2.72982
-0.745239
 0.341872
 -1.08307
 -1.67454
 -6.63894
 -2.72129
-0.738503
 0.344742
 -1.09142
 -1.67775
 -6.68948
 -2.74603
-0.790532
 0.340491
 -1.09168
 -1.70323
 -6.65857
 -2.72297
-0.711375
 0.354268
 -1.09653
  -1.6982
 -6.71885
 -2.74943
-0.723915
 0.347413
 -1.10661
 -1.70024
 -6.74251
 -2.77303
-0.783489
 0.352557
  -1.0984
 -1.69408
 -6.66454
 -2.65175
-0.802613
 0.356362
 -1.11153
  -1.6862
 -6.76973
 -2.75007
-0.701949
 0.369744
 -1.13496
 -1.70399
 -6.74468
 -2.72361
-0.806182
 0.344142
 -1.10998
 -1.71246
 -6.74389
 -2.75024
-0.778567
 0.355365
 -1.12437
  -1.7374
 -6.71949
 -2.75567
-0.738616
 0.354551
 -1.12763
 -1.71065
 -6.68502
 -2.67949
-0.821481
 0.357773
 -1.11889
 -1.70226
 -6.77532
 -2.72581
-0.824005
 0.358735
 -1.13495
 -1.71946
 -6.79121
 -2.73514
-0.773987
 0.362407
 -1.15476
 -1.73069
 -6.81612
 -2.73521
-0.760354
 0.357595
 -1.16235
 -1.70999
 -6.73087
 -2.70445
-0.807242
 0.361854
 -1.15064
 -1.71938
 -6.68025
 -2.70077
-0.816201
 0.360366
 -1.14451
 -1.72089
   -6.717
 -2.74248
-0.758219
 0.370601
 -1.17623
 -1.73135
 -6.76864
 -2.68567
-0.812701
 0.376051
 -1.17562
 -1.71858
 -6.77104
 -2.69941
-0.776015
  0.37513
 -1.18193
 -1.73809
 -6.68532
 -2.69544
-0.799899
 0.376388
 -1.17685
 -1.74047
 -6.70829
  -2.7226
-0.818997
 0.360607
 -1.17765
  -1.7561
 -6.67584
 -2.67467
-0.793155
  0.37257
 -1.18069
 -1.73905
 -6.65894
 -2.66208
-0.835797
 0.361463
 -1.17397
  -1.7467
 -6.59922
 -2.69829
-0.770898
 0.373327
 -1.17637
 -1.75145
 -6.58348
 -2.62348
-0.862307
 0.365082
 -1.17028
 -1.73854
  -6.5595
 -2.62786
-0.855862
 0.357948
 -1.15642
 -1.75323
 -6.52938
 -2.68638
-0.775702
 0.371138
 -1.16861
 -1.77441
 -6.53576
  -2.6315
-0.872259
 0.365126
 -1.16834
 -1.77023
 -6.43985
 -2.59465
-0.770916
 0.366249
 -1.16599
 -1.74736
 -6.39585
 -2.56498
-0.826258
 0.369698
 -1.16125
 -1.73802
-6.40099
-2.65539
 -0.8469
0.368377
-1.15778
-1.77626
-6.37206
-2.59289
-0.77795
0.362896
-1.17053
-1.75431
 -6.33177
 -2.51507
-0.839125
 0.350642
 -1.15996
 -1.74749
 -6.27612
   -2.563
-0.844402
 0.371341
 -1.14946
 -1.75351
 -6.27359
 -2.56371
-0.797117
 0.363133
 -1.15689
 -1.74957
 -6.26371
 -2.53845
-0.834543
  0.35443
 -1.14342
  -1.7671
  -6.1916
 -2.51929
-0.842177
 0.361085
 -1.13563
 -1.74159
 -6.11168
 -2.48942
-0.822199
 0.359375
 -1.14651
 -1.75172
 -6.09891
 -2.49058
-0.798217
 0.354026
 -1.14712
 -1.75282
 -6.09982
 -2.49324
-0.774628
 0.355975
 -1.13928
  -1.7512
 -6.07828
  -2.4912
-0.864331
 0.362061
 -1.11519
  -1.7534
 -5.99698
 -2.44207
-0.821867
 0.347739
 -1.12413
 -1.73752
 -5.90998
 -2.44909
-0.822585
 0.350613
 -1.09948
 -1.76825
  -5.8654
  -2.4552
-0.846493
 0.350032
 -1.09866
 -1.75448
 -5.84925
 -2.40825
-0.802214
 0.349815
 -1.10552
 -1.76206
 -5.72476
 -2.37572
-0.817546
  0.34966
 -1.10089
 -1.77466
 -5.63872
 -2.38178
-0.843469
  0.34945
 -1.08332
 -1.76413
 -5.61672
 -2.38437
-0.807643
 0.354138
 -1.09012
 -1.76296
 -5.60118
  -2.2983
-0.850628
 0.334265
  -1.0773
 -1.74561
 -5.58567
 -2.36653
-0.784416
 0.350457
 -1.08788
 -1.76185
 -5.52512
 -2.29442
-0.844766
 0.344992
 -1.06715
 -1.76032
 -5.41384
 -2.32515
-0.809571
  0.34311
 -1.07457
 -1.75044
 -5.35853
 -2.23641
-0.802728
 0.343486
 -1.06742
 -1.74383
 -5.24232
 -2.20521
-0.823463
 0.341398
 -1.06473
 -1.72806
 -5.17326
 -2.25873
-0.806967
 0.335311
 -1.05535
  -1.7577
 -5.10387
 -2.21294
-0.840284
 0.333424
 -1.05685
 -1.75173
 -4.99463
 -2.14961
-0.819604
 0.333474
 -1.04377
   -1.741
-4.97924
-2.19579
-0.80946
0.341618
-1.06181
-1.74355
 -4.92489
 -2.17388
-0.844588
 0.334527
 -1.03538
 -1.73872
 -4.86844
 -2.15806
-0.813699
 0.328159
 -1.03731
 -1.74184
 -4.80466
  -2.1217
-0.812757
 0.327152
 -1.02374
 -1.73992
 -4.73088
 -2.07677
-0.825544
 0.333437
 -1.03387
 -1.72418
 -4.70168
 -2.10443
-0.814501
 0.314207
 -1.03644
 -1.75244
 -4.63003
 -2.08809
-0.767414
 0.332383
 -1.02986
 -1.73344
 -4.57166
 -2.02472
-0.829786
 0.325487
 -1.01893
 -1.71683
 -4.49685
 -2.01653
-0.788478
 0.312154
 -1.02439
 -1.71687
 -4.43704
 -2.04777
-0.781068
 0.321339
 -1.00999
 -1.72119
  -4.3928
 -1.98306
-0.805652
 0.326438
 -1.00399
 -1.69965
 -4.30239
 -2.00628
-0.822759
 0.316169
-0.997933
 -1.72295
 -4.17888
  -1.9422
-0.819019
   0.3269
-0.992164
 -1.69891
 -4.13827
 -1.93944
-0.804858
 0.304891
-0.973511
  -1.7154
 -4.05489
 -1.89735
-0.788658
 0.309551
-0.968451
 -1.69996
 -3.98272
 -1.92389
-0.840516
 0.302176
-0.940036
 -1.71465
 -3.89711
 -1.89709
-0.784914
 0.317568
-0.948117
 -1.69934
 -3.86296
  -1.8615
-0.822861
 0.298097
-0.927133
 -1.69463
 -3.84124
 -1.82331
-0.839459
 0.308442
-0.929535
 -1.67617
 -3.76346
 -1.85955
-0.793821
  0.30403
-0.901498
 -1.68301
 -3.74183
 -1.83244
-0.825755
 0.294451
-0.930991
 -1.67698
  -3.6586
 -1.80485
-0.784425
 0.303247
-0.910784
 -1.66327
 -3.62239
 -1.77588
-0.795196
 0.296881
-0.912282
 -1.67386
 -3.56952
 -1.78681
-0.760426
 0.297692
-0.907671
 -1.68044
 -3.51521
 -1.77522
-0.828123
 0.296474
-0.901016
 -1.66864
 -3.43601
 -1.75932
-0.813792
 0.297681
-0.893888
 -1.67146
 -3.41392
 -1.78729
-0.741275
 0.299912
-0.901338
 -1.66563
 -3.42822
 -1.70634
-0.840065
 0.302227
-0.876399
 -1.66059
 -3.35845
  -1.7444
 -0.78399
  0.29945
-0.895123
 -1.65913
 -3.32926
 -1.74445
-0.772647
 0.301054
-0.888962
 -1.65881
 -3.27739
 -1.72028
-0.776533
 0.292286
-0.887713
 -1.64668
  -3.2273
 -1.69762
-0.802545
 0.287944
 -0.86843
 -1.65487
 -3.19439
 -1.67099
-0.802924
 0.297206
 -0.88148
 -1.64797
 -3.15378
 -1.73471
-0.772676
 0.290419
-0.865807
 -1.64566
 -3.13881
 -1.64498
-0.823412
  0.29528
-0.871906
 -1.63684
 -3.09702
 -1.67788
 -0.78465
 0.298082
-0.863094
 -1.65718
 -3.06287
 -1.63486
-0.819662
 0.281042
-0.869799
 -1.63414
 -3.00017
 -1.65868
 -0.77321
  0.29771
-0.862341
 -1.64169
 -2.96466
 -1.66182
-0.792884
 0.290288
-0.863646
 -1.65298
 -2.92424
 -1.61381
-0.740638
  0.27278
-0.860627
  -1.6222
 -2.91391
   -1.623
-0.795288
 0.290554
 -0.85236
 -1.63642
 -2.87189
 -1.60684
-0.756613
 0.290943
 -0.85772
 -1.63126
 -2.84679
 -1.62616
 -0.77025
 0.287747
-0.857424
 -1.63557
 -2.80635
 -1.58782
-0.773671
 0.288664
-0.847984
 -1.61812
 -2.73723
 -1.58301
-0.770078
 0.282054
 -0.84092
 -1.61294
 -2.69707
 -1.54482
-0.785881
  0.27246
-0.828444
 -1.60866
 -2.71242
  -1.6178
 -0.79951
  0.28166
-0.826748
 -1.63792
 -2.67249
 -1.55024
-0.767202
 0.282288
-0.832146
 -1.61514
 -2.62509
 -1.55917
-0.784249
 0.277019
-0.814112
 -1.60852
 -2.61722
 -1.53913
-0.773848
 0.288157
-0.821141
 -1.60285
 -2.63973
 -1.54137
-0.787139
 0.283121
-0.815187
 -1.61673
 -2.61724
   -1.582
-0.737708
 0.268072
-0.824493
 -1.61326
 -2.52545
 -1.52403
-0.739625
 0.272559
-0.807102
 -1.60223
 -2.49955
 -1.53911
-0.787902
 0.278824
-0.805997
 -1.59372
 -2.49437
 -1.51718
-0.780064
 0.272066
-0.797854
 -1.60086
 -2.45417
 -1.48591
-0.773191
  0.27188
-0.791032
  -1.5916
 -2.40414
 -1.50543
-0.790453
 0.269612
-0.796349
 -1.59871
 -2.41216
 -1.48124
-0.812397
 0.273722
-0.787097
 -1.59695
 -2.41435
 -1.50318
-0.740251
  0.26751
 -0.79139
 -1.58097
 -2.37023
 -1.50641
-0.776355
 0.270118
-0.784857
 -1.59743
 -2.35665
 -1.45149
-0.772384
 0.269294
-0.795883
 -1.58458
 -2.30698
 -1.50325
-0.799651
   0.2678
-0.767498
 -1.58887
 -2.28274
 -1.46448
-0.758227
 0.279197
-0.793298
 -1.58172
 -2.30045
 -1.51052
-0.729044
 0.268458
-0.790947
 -1.59154
-2.25607
-1.42183
-0.76066
0.266776
-0.77613
-1.57711
 -2.22834
 -1.42545
-0.755579
 0.268233
-0.780315
  -1.5729
 -2.22744
 -1.48115
-0.766948
 0.273978
-0.795123
 -1.57488
 -2.22549
 -1.50414
-0.727784
 0.263508
 -0.77477
 -1.60021
 -2.21865
 -1.42332
-0.762507
 0.262782
-0.776034
 -1.58191
 -2.19442
 -1.46993
-0.722812
 0.268927
-0.782659
 -1.56271
 -2.17475
 -1.44041
-0.729819
 0.259359
-0.769824
 -1.58346
  -2.1506
 -1.43164
-0.774039
 0.261413
-0.769922
 -1.56366
 -2.15101
  -1.4463
-0.759321
 0.264834
-0.775216
 -1.59174
  -2.1178
  -1.4287
-0.743707
 0.269463
-0.764594
  -1.5613
 -2.14671
 -1.39779
-0.794743
 0.262781
-0.752263
 -1.55249
 -2.13147
 -1.44112
-0.751679
 0.261231
-0.757766
 -1.58366
 -2.10387
 -1.39369
-0.771221
 0.256924
-0.753683
 -1.58227
 -2.10073
 -1.44839
-0.755473
  0.26572
-0.754797
 -1.56527
 -2.11063
  -1.4329
-0.745159
 0.259427
-0.758636
 -1.57335
 -2.08097
 -1.43519
-0.768997
 0.263571
-0.734563
 -1.57757
 -2.03693
 -1.39377
-0.733248
 0.261646
-0.758697
 -1.55534
 -2.05339
 -1.43921
-0.788671
 0.265078
-0.746884
 -1.57419
 -2.06277
 -1.42488
-0.745591
 0.254406
-0.743145
 -1.57574
 -2.04242
  -1.4153
-0.759463
 0.256167
-0.745687
 -1.58437
 -2.04455
 -1.38814
-0.719487
 0.259499
-0.757752
 -1.54803
 -2.02397
 -1.39801
-0.749782
 0.259614
-0.745607
 -1.53772
 -2.07298
 -1.41948
-0.779449
 0.262203
-0.753831
 -1.56069
 -2.04363
 -1.41011
-0.746441
  0.26274
-0.745412
 -1.55735
 -2.05446
 -1.40667
-0.729151
 0.266729
-0.756241
 -1.56426
 -2.03363
 -1.38232
-0.745837
 0.262487
-0.756542
 -1.56142
 -2.03538
 -1.40905
-0.750429
 0.264527
-0.745719
 -1.55767
  -2.0218
 -1.44099
 -0.77055
 0.255199
-0.740422
  -1.5572
 -1.98096
  -1.3858
-0.757155
 0.258127
-0.741633
 -1.55764
 -1.98232
 -1.38875
 -0.75489
 0.256046
-0.744472
  -1.5566
 -1.96728
 -1.39076
-0.751497
 0.254671
 -0.74066
 -1.55508
 -1.97652
 -1.39382
-0.742623
 0.266214
-0.740587
 -1.54911
  -1.9757
  -1.3867
-0.704176
 0.264186
-0.743057
 -1.55943
 -1.96281
 -1.39195
-0.759514
 0.257221
-0.733539
  -1.5652
 -1.96367
 -1.39778
-0.763418
 0.256663
-0.736659
  -1.5583
 -1.97713
 -1.39345
-0.760025
 0.257701
-0.734026
 -1.54812
 -1.98478
 -1.40399
-0.756443
 0.265081
 -0.74074
 -1.55896
 -1.96683
 -1.36776
-0.756331
 0.253804
-0.727271
 -1.55609
 -1.95963
  -1.4045
-0.743936
 0.272969
-0.748619
 -1.56027
 -1.97641
 -1.38001
-0.750349
 0.252186
-0.738898
 -1.57435
 -1.95526
 -1.39742
-0.734824
 0.268823
-0.746122
 -1.55803
 -1.96852
 -1.36965
-0.728709
 0.256269
-0.753549
 -1.55271
 -1.97505
 -1.39269
-0.717982
 0.264422
-0.751693
 -1.55194
 -1.98136
 -1.38478
-0.743047
 0.260802
-0.739726
 -1.56261
 -1.94477
 -1.40762
-0.749766
 0.266721
-0.737254
 -1.55655
 -1.97161
 -1.40055
-0.763473
 0.264722
-0.748255
 -1.56269
   -1.958
 -1.39532
-0.734753
 0.261897
-0.741326
 -1.55914
  -1.9844
 -1.38975
-0.747449
 0.255242
-0.733651
 -1.56906
 -1.96619
 -1.38871
-0.745985
 0.252362
-0.746386
 -1.54972
 -1.97723
 -1.40272
-0.742512
 0.251893
-0.749628
 -1.56652
 -1.97448
 -1.38797
-0.758729
 0.260325
-0.735975
 -1.56189
 -1.95824
 -1.39474
-0.748544
 0.258115
-0.735719
 -1.56754
 -1.95304
 -1.37354
-0.749162
 0.260241
-0.745054
  -1.5602
 -1.96866
 -1.39542
-0.749425
 0.250872
-0.739486
  -1.5573
  -1.9456
 -1.38621
 -0.74879
 0.267861
-0.735652
 -1.55594
 -1.95373
 -1.37926
-0.747643
 0.255918
-0.727003
 -1.54523
 -1.96686
 -1.39246
-0.739839
 0.264459
-0.743953
 -1.56574
 -1.95672
 -1.39322
-0.753148
 0.250617
-0.733913
 -1.56921
 -1.95073
 -1.38392
-0.745252
 0.248163
-0.736731
 -1.54985
 -1.95826
 -1.37685
 -0.74226
 0.263515
-0.734752
 -1.54593
 -1.95461
 -1.39277
 -0.74308
 0.251532
-0.733071
 -1.56524
 -1.92692
 -1.37837
-0.742293
  0.25533
-0.728377
 -1.55512
  -1.9503
 -1.38445
-0.742193
 0.259778
-0.743813
 -1.55927
 -1.93729
 -1.37829
-0.744336
 0.257816
-0.725103
 -1.54242
  -1.9338
 -1.37548
-0.743472
 0.259082
-0.731012
 -1.55053
 -1.93822
 -1.37441
 -0.73988
 0.260149
-0.734831
 -1.53582
 -1.94447
 -1.38335
 -0.74687
 0.256113
-0.746815
 -1.57055
 -1.94127
 -1.37913
-0.739901
 0.254897
-0.730882
 -1.54697
 -1.96313
 -1.38239
-0.746829
 0.264178
-0.736626
 -1.55913
 -1.96462
 -1.39358
-0.748791
 0.260982
-0.734817
 -1.56642
 -1.94343
  -1.3784
-0.742091
 0.260478
-0.729574
 -1.53946
 -1.94398
 -1.38528
-0.744217
  0.25195
-0.723863
 -1.54955
 -1.96113
 -1.38189
-0.747094
 0.263798
-0.735621
 -1.57063
  -1.9367
 -1.38098
-0.742027
 0.259095
-0.742056
 -1.54331
 -1.92913
 -1.38608
-0.738562
 0.259007
-0.731271
 -1.54486
 -1.94911
 -1.38099
-0.750127
 0.258187
-0.730751
 -1.55558
 -1.96355
 -1.38972
-0.747657
 0.256152
-0.726929
 -1.55823
 -1.94669
 -1.38275
-0.743368
 0.251644
-0.734343
 -1.55921
 -1.95538
  -1.3894
-0.747814
 0.259005
-0.745359
 -1.56756
 -1.94662
 -1.38216
 -0.74261
  0.26037
-0.741207
 -1.57252
 -1.96111
 -1.39108
-0.744328
 0.257959
-0.734911
 -1.56135
 -1.93756
 -1.37743
-0.746875
 0.258717
-0.740333
 -1.55513
 -1.94876
 -1.38226
 -0.74585
 0.260061
-0.744946
 -1.56743
 -1.92613
 -1.37344
-0.743386
 0.253559
-0.726581
 -1.54153
 -1.95819
 -1.38564
-0.743533
 0.260994
-0.736292
 -1.56604
 -1.96102
 -1.39168
-0.743183
 0.255359
-0.736086
 -1.56167
   -1.953
 -1.39034
-0.744543
 0.255106
-0.730332
 -1.57129
 -1.94778
 -1.38644
-0.744584
 0.254575
-0.734493
 -1.56764
 -1.94688
 -1.39016
-0.744452
 0.253592
-0.730524
 -1.56734
 -1.95248
 -1.38482
-0.744394
 0.248061
-0.730542
 -1.55731
 -1.96222
 -1.37855
 -0.74346
 0.252415
-0.735665
 -1.55311
 -1.95863
 -1.38511
-0.744212
 0.251496
-0.737652
 -1.54731
 -1.95874
   -1.384
-0.746844
 0.257632
-0.739509
 -1.56264
 -1.95051
 -1.38455
 -0.74659
   0.2494
-0.735802
 -1.55482
 -1.94071
 -1.38176
  -0.7398
 0.254093
-0.738949
 -1.54347
 -1.95987
 -1.38793
-0.742347
 0.251462
-0.732456
 -1.56941
 -1.95654
  -1.3845
-0.746897
 0.252096
-0.723263
 -1.56599
 -1.94732
 -1.38849
-0.747904
 0.254266
-0.732841
 -1.56855
 -1.93502
 -1.37795
-0.736946
 0.263501
-0.726321
 -1.55445
 -1.93439
 -1.38219
-0.740971
 0.252863
-0.734597
 -1.54681
 -1.94082
 -1.38108
-0.740938
 0.255747
-0.733849
 -1.54098
 -1.94035
 -1.38253
-0.743563
 0.259161
 -0.73645
 -1.56212
 -1.92832
 -1.38142
-0.742223
 0.253939
-0.733829
 -1.55171
 -1.95782
 -1.38821
-0.741112
 0.251352
-0.743733
 -1.56488
 -1.94431
 -1.38319
 -0.75116
  0.26597
-0.733258
 -1.54793
 -1.92936
 -1.37678
-0.741274
 0.254871
-0.726099
 -1.54975
 -1.93852
 -1.38228
-0.745532
 0.256468
-0.742488
 -1.55044
 -1.92925
 -1.37685
-0.743644
 0.258709
-0.724139
 -1.55434
 -1.96027
 -1.37699
-0.748469
 0.262027
-0.734189
 -1.57078
 -1.97057
 -1.38604
-0.745752
 0.258857
-0.731666
 -1.56256
  -1.9536
 -1.38861
-0.745347
 0.252917
-0.737989
 -1.55179
 -1.95523
 -1.38072
-0.746025
 0.257243
 -0.72125
 -1.56682
 -1.96162
 -1.38868
-0.746865
 0.261433
-0.737152
  -1.5669
 -1.94523
 -1.37957
-0.745825
 0.255946
-0.722543
 -1.55597
 -1.93558
 -1.37672
-0.744938
 0.257594
-0.736436
  -1.5645
 -1.93954
 -1.37685
-0.748335
 0.260027
-0.716498
 -1.56233
 -1.94987
 -1.38618
-0.743351
 0.257768
-0.735272
  -1.5559
 -1.95073
 -1.38259
-0.745893
 0.258544
-0.738413
 -1.56534
 -1.93822
 -1.38349
-0.745656
 0.254155
-0.739117
 -1.55805
 -1.94945
  -1.3875
-0.747733
 0.263154
-0.727421
 -1.54975
 -1.93764
 -1.38561
-0.743324
 0.251876
-0.724335
 -1.55517
 -1.92505
 -1.37793
-0.744718
 0.250722
-0.726906
 -1.55748
 -1.93944
 -1.37809
-0.753611
 0.261606
-0.733367
 -1.55059
 -1.95399
 -1.38581
-0.743755
 0.257948
-0.730304
 -1.57375
 -1.95035
 -1.38419
-0.744545
 0.255786
-0.727097
 -1.55515
 -1.96097
 -1.38319
 -0.74691
 0.259375
-0.740339
 -1.55973
 -1.93953
 -1.37858
-0.745576
 0.253422
-0.747308
 -1.54615
 -1.92078
  -1.3775
-0.745969
 0.259307
-0.721432
 -1.55793
 -1.93663
  -1.3816
-0.741227
  0.25245
-0.744477
  -1.5574
 -1.94425
 -1.39187
-0.737912
 0.256095
-0.735899
 -1.57326
 -1.94676
 -1.37329
-0.743845
 0.256754
-0.731823
 -1.55724
 -1.94682
 -1.38196
-0.742251
 0.254467
-0.733848
 -1.54982
 -1.95709
 -1.38226
-0.751415
 0.256336
   -0.728
 -1.55994
 -1.93738
 -1.37869
-0.736478
 0.249638
-0.738847
 -1.53807
  -1.9551
  -1.3813
-0.740465
 0.257892
-0.736087
  -1.5692
 -1.93651
  -1.3814
-0.743437
 0.257488
-0.729714
 -1.55086
 -1.93001
  -1.3736
-0.742581
 0.260195
-0.724234
 -1.54823
  -1.9443
 -1.38418
-0.744391
 0.252134
 -0.73597
 -1.55096
 -1.93333
 -1.37747
-0.744612
  0.26088
-0.737794
 -1.54677
 -1.93196
 -1.37414
-0.744799
 0.259419
-0.720618
 -1.54826
 -1.95194
 -1.38681
-0.745403
 0.253911
-0.736306
 -1.54894
 -1.91727
 -1.37539
-0.743476
   0.2599
-0.735616
 -1.54323
 -1.93441
  -1.3813
-0.745691
 0.265717
-0.745527
  -1.5504
 -1.92917
 -1.37803
-0.738948
 0.250629
-0.732213
   -1.548
 -1.94107
    -1.38
-0.745591
 0.256715
-0.731479
 -1.54491
 -1.94404
 -1.38472
-0.743688
 0.252598
-0.732847
 -1.57203
 -1.94384
 -1.38484
-0.747873
 0.265301
-0.730988
 -1.55134
 -1.93987
 -1.37674
-0.741161
 0.250421
 -0.72989
 -1.54381
 -1.92627
 -1.37226
 -0.74594
 0.259719
-0.728106
 -1.54773
 -1.93729
 -1.37863
-0.749182
 0.255274
-0.731814
 -1.55597
 -1.95527
 -1.38059
-0.741321
  0.25956
-0.730647
 -1.55295
-1.93492
-1.37962
-0.74122
0.255583
-0.73403
-1.55018
 -1.95468
 -1.38263
-0.744839
 0.263278
-0.728243
 -1.56304
 -1.94916
 -1.38882
 -0.74582
 0.258882
-0.734157
 -1.57089
 -1.95641
 -1.38453
-0.744811
 0.259195
-0.734798
 -1.56807
 -1.95052
 -1.38288
-0.744734
 0.261182
-0.725884
 -1.55915
 -1.94102
 -1.37988
-0.741354
 0.258047
-0.737724
 -1.55633
 -1.95258
 -1.38451
-0.745748
 0.250429
-0.745846
 -1.56577
 -1.92714
 -1.37728
-0.746754
  0.26226
-0.732025
 -1.54062
 -1.95959
 -1.38859
 -0.74353
 0.257711
-0.734266
 -1.56739
 -1.92542
 -1.37589
-0.741431
 0.256032
-0.731282
 -1.55423
 -1.91913
   -1.377
-0.743481
 0.247018
-0.724082
 -1.55103
 -1.96088
 -1.38356
-0.743628
 0.255064
-0.735041
 -1.56485
 -1.93814
 -1.38202
-0.737827
  0.26588
-0.723416
 -1.54462
 -1.92527
  -1.3766
-0.742313
  0.25824
 -0.73394
 -1.54298
 -1.92366
 -1.37423
-0.743673
 0.261821
-0.731333
 -1.54896
 -1.94434
 -1.38423
-0.744161
 0.253098
-0.739508
 -1.53941
 -1.94901
  -1.3884
-0.739143
  0.26756
-0.735188
 -1.56647
  -1.9584
 -1.38575
-0.747921
 0.250634
-0.728321
 -1.56158
 -1.91704
 -1.37662
-0.741333
 0.254687
-0.738239
 -1.55302
 -1.94378
 -1.37742
-0.744773
 0.255456
 -0.73821
 -1.55694
 -1.96116
 -1.38237
-0.748236
  0.25412
-0.725062
 -1.56895
 -1.94375
 -1.38592
-0.743329
 0.255301
-0.731674
 -1.55435
 -1.93523
  -1.3782
-0.741193
 0.255044
-0.725933
 -1.54518
 -1.94337
  -1.3863
-0.740172
 0.265015
   -0.731
 -1.55937
 -1.94828
 -1.38441
-0.745767
  0.25261
-0.726127
 -1.56234
 -1.94315
 -1.38003
-0.746862
 0.256587
-0.736645
  -1.5536
 -1.93279
 -1.37935
 -0.74381
  0.26094
-0.738757
 -1.56606
 -1.94298
 -1.38895
-0.740071
 0.254211
-0.733773
 -1.56512
 -1.95038
 -1.38391
-0.748051
 0.261037
-0.736515
 -1.56139
 -1.94831
 -1.38516
-0.744275
 0.247886
-0.735646
 -1.54867
 -1.94395
 -1.38474
-0.743683
 0.257593
-0.735606
 -1.56967
 -1.91082
 -1.36687
-0.744065
 0.263291
-0.721631
 -1.55424
 -1.95181
 -1.38655
-0.743507
 0.256232
-0.729038
 -1.56295
 -1.95792
 -1.38692
-0.743446
 0.260608
-0.740163
 -1.55973
 -1.93643
 -1.38157
-0.743692
 0.259375
-0.737732
 -1.56441
 -1.93642
 -1.37316
-0.739096
 0.258537
-0.734419
 -1.54251
  -1.9361
 -1.38348
-0.744583
 0.254275
-0.734169
 -1.55853
 -1.92788
 -1.37442
-0.740127
 0.256533
-0.732831
 -1.54181
 -1.93512
 -1.37834
-0.743505
 0.259837
-0.727751
 -1.54737
 -1.94309
 -1.37964
-0.742469
  0.25912
-0.730083
 -1.55389
 -1.92002
 -1.37249
-0.740408
 0.255987
 -0.73185
 -1.55331
 -1.93055
 -1.38062
-0.742266
 0.255679
-0.734681
 -1.54879
 -1.93735
 -1.38611
-0.748074
  0.26431
-0.739633
 -1.56613
 -1.95944
 -1.38999
-0.745485
 0.252125
-0.734297
 -1.55877
 -1.93615
 -1.37529
-0.742206
 0.250148
-0.734703
 -1.53876
 -1.94185
 -1.38488
-0.747011
 0.256368
-0.724664
 -1.56789
 -1.93376
 -1.37525
 -0.74965
 0.264126
-0.739529
 -1.57057
 -1.95023
 -1.39189
-0.737977
 0.264749
-0.729663
  -1.5705
 -1.94979
 -1.38681
-0.744403
 0.254024
-0.731492
   -1.554
 -1.92573
 -1.37535
-0.742321
 0.250563
 -0.73188
 -1.54469
 -1.93531
  -1.3774
-0.735659
  0.26014
-0.735581
 -1.54477
 -1.95058
 -1.38392
 -0.74792
 0.252007
-0.734652
 -1.55913
 -1.94798
 -1.38524
-0.746861
  0.26075
-0.735671
 -1.56009
   -1.945
 -1.38104
-0.743502
 0.254551
-0.740233
 -1.55619
 -1.92457
 -1.37882
-0.735851
  0.26014
-0.737082
 -1.55809
 -1.94354
 -1.37814
-0.743823
 0.258788
 -0.74629
 -1.56625
 -1.95791
 -1.38659
-0.739186
 0.259091
-0.734852
 -1.56916
 -1.95704
 -1.38252
-0.743394
 0.254337
-0.732132
 -1.55118
 -1.93876
    -1.38
-0.744997
 0.260848
-0.726122
 -1.56833
 -1.93087
 -1.37864
-0.743849
 0.257716
-0.725981
  -1.5664
 -1.94966
 -1.38678
-0.744629
 0.258055
-0.730714
  -1.5632
 -1.93762
  -1.3769
-0.740143
 0.257431
  -0.7355
 -1.54631
 -1.93464
 -1.38047
-0.742677
 0.258709
-0.741285
 -1.56862
 -1.92633
 -1.38065
-0.739944
 0.256873
-0.728475
 -1.54277
 -1.91953
 -1.37435
-0.743583
 0.257822
-0.721308
 -1.54527
 -1.93407
 -1.37423
-0.745929
  0.26025
 -0.72944
 -1.54998
 -1.93546
  -1.3769
-0.749556
 0.261238
-0.733395
 -1.56907
 -1.93152
 -1.38481
-0.739787
 0.261215
-0.739524
 -1.54144
 -1.92899
 -1.37823
-0.743447
  0.25927
-0.731838
 -1.54561
 -1.95721
 -1.38917
-0.738901
 0.266373
 -0.74076
 -1.55651
 -1.92509
 -1.37611
 -0.73811
 0.263854
-0.722707
 -1.55028
 -1.93615
   -1.383
-0.748152
 0.256669
-0.732152
 -1.56736
 -1.94935
 -1.38868
-0.741272
 0.251195
-0.738303
  -1.5709
 -1.95088
 -1.38225
-0.741249
 0.253009
-0.733624
 -1.55642
 -1.94205
 -1.38449
 -0.74788
 0.257795
-0.735688
 -1.55579
 -1.95405
 -1.39425
-0.737714
 0.256056
 -0.73444
  -1.5664
 -1.94371
 -1.38588
-0.743562
 0.254338
-0.728134
  -1.5659
 -1.93372
 -1.37601
-0.740071
 0.258597
-0.740493
  -1.5416
 -1.95343
 -1.38836
-0.743667
 0.255232
-0.730923
 -1.57499
 -1.95613
 -1.38563
-0.742589
  0.25708
-0.732395
 -1.57112
 -1.94229
 -1.38289
-0.743756
  0.25763
-0.730182
 -1.56919
 -1.91767
 -1.37345
-0.745013
 0.257896
-0.727929
 -1.56081
 -1.93968
 -1.37679
-0.743938
 0.253287
 -0.72463
 -1.56912
  -1.9482
 -1.38314
-0.733606
  0.26543
-0.733033
  -1.5599
 -1.92283
 -1.37752
-0.746966
  0.26419
-0.729004
 -1.55051
 -1.94491
 -1.38098
-0.745881
 0.256488
 -0.73061
 -1.56098
 -1.93926
 -1.38754
-0.743394
 0.252786
-0.733754
 -1.56243
 -1.94213
 -1.37649
-0.737625
 0.245715
-0.733942
 -1.53659
 -1.95127
 -1.37961
-0.744134
 0.256687
-0.720075
 -1.58069
 -1.94469
 -1.38156
-0.744946
 0.257917
-0.731026
 -1.57048
 -1.92717
  -1.3768
-0.748586
 0.260779
-0.732787
 -1.57694
 -1.92106
 -1.37596
-0.739284
 0.262211
 -0.72807
 -1.55502
  -1.9512
 -1.38121
-0.747852
 0.252832
-0.726125
 -1.54893
 -1.94072
 -1.38075
-0.744728
 0.265037
-0.742434
 -1.55644
 -1.92132
  -1.3746
-0.734862
 0.265866
-0.737541
 -1.55426
 -1.94797
   -1.384
-0.737074
 0.267419
-0.735103
 -1.56695
 -1.93706
 -1.37932
-0.740152
 0.252807
-0.728578
 -1.55233
 -1.94152
 -1.38531
-0.741201
 0.269156
-0.736017
 -1.55202
 -1.92758
 -1.37511
-0.743656
  0.26066
 -0.72622
 -1.54909
 -1.92656
 -1.38015
 -0.74119
 0.251382
-0.729546
 -1.55156
 -1.92023
 -1.37105
-0.738186
 0.261589
-0.731463
 -1.54818
 -1.95092
 -1.38195
-0.747081
 0.256154
 -0.73444
  -1.5674
 -1.94833
 -1.38372
-0.744881
 0.255398
-0.726228
 -1.57123
 -1.95235
 -1.38401
-0.743693
 0.258944
-0.728529
  -1.5663
 -1.94061
 -1.38221
 -0.73882
 0.249594
-0.732521
  -1.5486
  -1.9423
  -1.3837
-0.744633
  0.25175
-0.734986
 -1.56246
 -1.93829
 -1.38277
 -0.74703
 0.254846
-0.730477
 -1.56711
 -1.92869
 -1.37041
-0.740517
 0.257742
-0.720687
 -1.55171
 -1.94639
 -1.38256
-0.746061
 0.261672
-0.722683
  -1.5687
 -1.91086
 -1.37545
-0.738001
 0.263301
-0.733439
 -1.54669
 -1.94815
 -1.37571
-0.744989
 0.261048
-0.731575
 -1.56045
 -1.94903
 -1.38993
-0.743284
 0.252742
-0.732414
 -1.56016
 -1.90832
 -1.37775
-0.740179
 0.261916
-0.739453
 -1.55002
 -1.94335
 -1.38583
-0.743646
 0.272409
-0.731624
 -1.56125
 -1.91475
  -1.3775
-0.743391
 0.257764
-0.738796
 -1.54441
 -1.94436
 -1.38278
-0.744767
  0.26061
-0.730088
 -1.56197
 -1.91999
 -1.37246
-0.742467
 0.258892
-0.725648
 -1.54196
 -1.94401
 -1.38465
-0.743468
 0.256656
-0.731477
 -1.55831
 -1.93926
 -1.37889
   -0.747
 0.253937
-0.726541
 -1.55845
 -1.94983
 -1.38569
-0.749269
 0.263055
-0.727385
 -1.56713
 -1.92174
 -1.37358
-0.743661
  0.25955
-0.722329
 -1.54691
 -1.91612
 -1.37152
 -0.74272
 0.254093
-0.724461
 -1.55575
 -1.92112
 -1.37593
-0.734857
 0.260462
-0.738985
 -1.55943
 -1.93532
 -1.37753
-0.752823
 0.260387
-0.723671
 -1.56496
 -1.93233
 -1.37351
-0.741315
 0.251246
-0.728358
 -1.54553
 -1.91326
 -1.37335
-0.740505
 0.268323
-0.724527
 -1.55249
  -1.9385
 -1.37334
-0.744874
 0.257062
-0.733692
 -1.55353
  -1.9345
 -1.38148
-0.752485
 0.258224
-0.732039
 -1.55745
 -1.94944
 -1.38729
-0.746079
 0.256426
-0.718747
 -1.57985
 -1.94069
 -1.37283
-0.736839
 0.256795
-0.738732
 -1.54182
 -1.92168
 -1.37426
-0.742721
 0.252892
-0.724891
 -1.56094
 -1.92478
  -1.3776
-0.738085
 0.265347
-0.734576
 -1.55289
 -1.93381
 -1.38404
-0.739959
 0.257942
-0.737905
 -1.55002
 -1.94271
  -1.3911
-0.740849
 0.247927
-0.742663
 -1.55662
-1.92331
-1.38404
-0.74003
0.262403
-0.73395
 -1.5514
 -1.92693
 -1.37893
-0.738859
 0.250805
-0.738853
 -1.54616
 -1.91751
 -1.37407
-0.743757
 0.260295
-0.731764
 -1.55417
 -1.92772
 -1.38285
 -0.73663
  0.26156
-0.730347
 -1.54605
 -1.94005
 -1.37503
-0.745044
 0.259154
 -0.73067
 -1.56341
 -1.92376
  -1.3735
-0.744941
 0.262514
 -0.72259
 -1.55344
 -1.94665
   -1.382
-0.744939
 0.257337
-0.728469
 -1.57055
 -1.94371
 -1.38606
-0.743406
   0.2572
-0.739454
 -1.55873
 -1.95491
 -1.38203
-0.741529
 0.260089
-0.738978
 -1.56712
 -1.93802
  -1.3837
-0.742632
 0.251975
-0.725359
 -1.57258
   -1.931
 -1.37874
 -0.74124
 0.256744
-0.739139
 -1.55005
 -1.91942
 -1.37418
-0.736883
 0.265312
-0.734908
 -1.54281
 -1.94733
 -1.37906
-0.737815
 0.260676
-0.730313
 -1.54191
 -1.93501
 -1.37955
-0.738947
  0.25174
-0.736101
 -1.55018
 -1.93324
 -1.37838
-0.737895
 0.250123
-0.735763
  -1.5522
 -1.91366
 -1.37296
-0.743574
 0.258614
-0.725082
 -1.54289
 -1.91245
 -1.36923
-0.742618
 0.259715
-0.724118
 -1.54367
 -1.93411
 -1.38345
-0.748982
 0.257317
-0.746045
 -1.55581
 -1.92226
 -1.37955
-0.735823
 0.262453
-0.735043
 -1.55649
 -1.93549
 -1.37699
 -0.74128
 0.257352
-0.729509
 -1.54676
 -1.92662
 -1.37876
-0.739233
 0.261963
-0.732272
 -1.55782
 -1.93535
 -1.38623
-0.748986
   0.2602
 -0.73442
 -1.55738
  -1.9414
 -1.38744
-0.742169
 0.252871
-0.739625
  -1.5574
 -1.91287
 -1.37665
-0.743355
 0.252641
-0.718236
 -1.54036
 -1.92941
  -1.3769
-0.739074
 0.253885
 -0.73968
 -1.55176
 -1.94519
 -1.38012
  -0.7426
 0.249494
-0.726016
 -1.56545
 -1.95181
 -1.38649
-0.743561
 0.255278
-0.725263
 -1.56534
 -1.91753
 -1.36514
 -0.74054
 0.262997
-0.731385
 -1.54332
  -1.9208
 -1.37809
-0.742394
 0.253821
-0.728353
 -1.55126
 -1.93207
 -1.37471
-0.741229
 0.248938
-0.724779
 -1.54396
 -1.95256
 -1.38472
-0.742212
 0.244231
-0.732529
 -1.55734
 -1.94001
 -1.38448
-0.744463
 0.255023
-0.736604
 -1.55388
  -1.9358
 -1.37596
-0.743725
 0.255411
-0.733279
 -1.55743
 -1.91745
 -1.37525
 -0.73893
 0.252213
-0.739761
 -1.54323
 -1.93283
 -1.37925
-0.746016
 0.257892
-0.726138
 -1.56404
 -1.91792
 -1.37258
-0.741458
 0.255913
 -0.72574
 -1.54918
  -1.9409
 -1.37995
 -0.74372
 0.261887
-0.735767
 -1.56091
 -1.94057
 -1.38121
 -0.74582
 0.263428
-0.729996
 -1.55476
  -1.9461
 -1.38376
-0.741544
  0.26261
 -0.73278
 -1.56918
 -1.95112
 -1.38051
 -0.74486
 0.261756
-0.734053
 -1.56226
 -1.92143
 -1.37494
 -0.74374
 0.259135
-0.726651
  -1.5543
 -1.92907
 -1.37887
-0.739914
 0.249739
-0.739891
 -1.54349
 -1.90329
 -1.37321
-0.743716
 0.256885
-0.731057
 -1.55317
  -1.9381
 -1.37562
-0.750385
  0.25346
-0.735912
 -1.55655
  -1.9235
  -1.3753
-0.741367
 0.254716
-0.726051
 -1.54978
 -1.93647
  -1.3822
-0.742306
 0.252744
-0.739702
 -1.55552
 -1.92484
 -1.37852
-0.741374
 0.254264
-0.735797
 -1.55766
 -1.93236
 -1.38115
-0.744802
 0.258927
-0.730404
  -1.5626
 -1.94323
 -1.38766
-0.750172
  0.26428
-0.738453
 -1.56151
 -1.92741
 -1.37706
-0.742264
 0.248624
-0.729637
 -1.54537
 -1.91143
 -1.37374
-0.743587
 0.256882
-0.724177
 -1.54584
 -1.91202
 -1.37133
 -0.74152
 0.258602
-0.737299
 -1.55117
 -1.92938
 -1.37594
-0.737938
 0.262873
-0.729617
 -1.54259
 -1.92248
 -1.37042
-0.742592
 0.261978
-0.726357
 -1.54298
 -1.94673
  -1.3825
-0.741145
 0.250913
-0.731265
 -1.55253
 -1.94237
 -1.37523
-0.748179
 0.250763
-0.736453
 -1.55825
 -1.93887
 -1.38068
-0.743654
  0.25017
-0.729225
   -1.564
 -1.94782
 -1.38627
-0.742275
 0.254796
-0.735224
 -1.55855
 -1.93908
  -1.3872
-0.736755
 0.262414
-0.738675
  -1.5602
 -1.92598
 -1.38117
-0.736958
 0.263484
-0.732942
 -1.55912
 -1.93292
 -1.37942
-0.745865
  0.25576
  -0.7347
 -1.55922
 -1.94305
 -1.37966
 -0.74265
  0.25911
-0.730317
 -1.56306
 -1.94681
 -1.38145
-0.746143
 0.255893
-0.728408
 -1.57479
 -1.92935
 -1.37694
 -0.74117
  0.25774
-0.737371
  -1.5426
 -1.93493
 -1.38026
-0.739925
 0.248947
-0.736117
 -1.54588
 -1.94718
 -1.38779
-0.739084
 0.261249
-0.727199
 -1.56439
 -1.93169
  -1.3837
-0.732186
 0.258651
-0.736151
 -1.55059
 -1.93916
 -1.38774
-0.745565
 0.258538
-0.739227
 -1.55765
 -1.93232
 -1.38118
-0.734656
 0.255218
-0.728051
 -1.55866
 -1.91113
 -1.36557
-0.743936
 0.264661
 -0.72108
 -1.54446
 -1.93932
 -1.38639
-0.733146
 0.261383
-0.740262
 -1.54617
 -1.93465
 -1.38057
-0.744817
 0.258517
-0.740107
 -1.56401
 -1.93794
 -1.38405
-0.746888
 0.258488
 -0.73343
 -1.56079
 -1.94277
 -1.38163
-0.743674
 0.249959
-0.728005
 -1.56631
 -1.93641
 -1.38195
-0.742331
 0.253933
 -0.72713
 -1.55357
 -1.94821
 -1.38431
-0.743448
 0.257808
-0.729825
 -1.55543
 -1.91932
  -1.3757
-0.741248
 0.254523
-0.731357
 -1.54569
 -1.93482
 -1.37981
-0.743393
 0.261336
-0.739501
  -1.5454
 -1.93193
 -1.37466
-0.739266
 0.254115
-0.728951
 -1.55538
 -1.91901
 -1.37643
-0.736732
 0.253799
-0.717326
 -1.54222
 -1.93702
 -1.38797
-0.746687
  0.26036
-0.740902
 -1.55789
 -1.92125
 -1.37524
-0.735893
  0.26212
-0.733782
 -1.55235
  -1.9546
 -1.39192
-0.742265
  0.25838
-0.731694
  -1.5651
 -1.92394
 -1.37355
-0.740235
 0.257688
-0.738058
 -1.54626
 -1.93634
 -1.38917
-0.739324
 0.265289
-0.727684
 -1.57774
  -1.9317
  -1.3758
-0.747137
 0.256664
-0.732677
 -1.55997
 -1.91758
 -1.37384
-0.743557
 0.257455
-0.719969
 -1.54302
 -1.92047
 -1.37057
-0.741261
 0.259967
 -0.72987
 -1.53405
 -1.94543
 -1.38781
 -0.74545
  0.25412
-0.732143
 -1.55261
 -1.93988
 -1.38444
-0.747022
 0.256949
-0.727219
 -1.56783
 -1.92862
 -1.37875
 -0.74055
 0.265877
-0.736424
 -1.56654
 -1.91806
 -1.37219
-0.747257
 0.253114
-0.719904
 -1.56033
 -1.92364
 -1.37418
-0.743817
 0.260862
-0.727675
 -1.55594
 -1.94774
 -1.37832
-0.746858
 0.253155
-0.728028
 -1.55027
 -1.95778
 -1.38799
-0.741052
  0.25351
-0.734764
 -1.55597
 -1.92612
 -1.37328
-0.741265
 0.253771
 -0.72754
 -1.54161
 -1.93981
 -1.38505
-0.743439
 0.256458
  -0.7369
  -1.5588
 -1.95262
 -1.38273
-0.743742
 0.260303
-0.728215
 -1.56568
  -1.9523
 -1.38362
-0.736881
 0.263587
-0.730456
 -1.55726
 -1.94745
 -1.38809
-0.741119
 0.249883
-0.732955
 -1.56187
 -1.91651
 -1.36958
-0.741561
  0.25921
-0.727669
 -1.54788
 -1.93762
 -1.37696
-0.740092
 0.258387
-0.739273
 -1.54392
 -1.93083
 -1.38003
-0.743387
 0.249244
-0.731741
 -1.55081
 -1.92452
 -1.37799
-0.737035
 0.268925
-0.726075
 -1.55347
 -1.93519
 -1.37904
-0.742342
 0.249149
-0.731088
  -1.5522
 -1.91383
  -1.3723
 -0.74255
 0.257367
-0.726079
 -1.54717
 -1.93361
  -1.3765
-0.739105
 0.254084
-0.734256
 -1.55128
 -1.93895
 -1.38841
-0.738775
  0.25397
-0.727268
 -1.55418
 -1.92519
 -1.37546
-0.736994
 0.267607
-0.726344
 -1.54762
 -1.92801
 -1.37353
-0.739492
  0.25146
-0.718967
 -1.56482
 -1.94372
 -1.38497
-0.738037
 0.262525
-0.732877
 -1.56333
 -1.95512
 -1.38069
-0.743867
 0.263389
-0.728925
  -1.5667
 -1.92775
 -1.37457
 -0.74253
  0.26132
-0.734764
 -1.54858
-1.93363
-1.37636
-0.73912
0.252181
-0.72659
-1.55148
 -1.92311
 -1.37672
-0.743632
  0.25815
-0.728182
 -1.55259
 -1.93216
 -1.38202
-0.745849
 0.263027
-0.740962
 -1.56032
 -1.93669
  -1.3716
-0.745158
 0.263031
-0.735155
 -1.56204
 -1.93065
 -1.37995
-0.743482
 0.257327
-0.729712
 -1.55087
 -1.92895
 -1.37806
-0.743784
 0.256399
-0.720751
 -1.56195
  -1.9101
 -1.37069
-0.741507
 0.256331
-0.728296
 -1.54912
 -1.94186
 -1.38558
-0.745663
 0.250685
-0.730526
 -1.56119
 -1.94193
 -1.38494
-0.744634
 0.254432
-0.734283
 -1.56311
 -1.93547
 -1.37748
-0.737987
 0.249948
 -0.72912
 -1.55404
 -1.92911
  -1.3786
-0.739943
 0.245934
-0.724561
  -1.5439
 -1.93587
   -1.384
-0.743703
 0.254751
-0.730808
 -1.57043
 -1.94977
 -1.38682
-0.744494
 0.254019
-0.731608
 -1.55858
 -1.94441
  -1.3916
-0.747681
 0.256975
-0.726221
 -1.55688
 -1.92887
 -1.37932
-0.738994
 0.249266
-0.732641
  -1.5532
 -1.92571
 -1.37454
-0.741445
 0.256443
-0.727074
 -1.55142
  -1.9409
 -1.38019
-0.745844
 0.263597
-0.742254
  -1.5561
 -1.92464
 -1.37963
-0.741074
 0.251019
 -0.72809
 -1.54473
 -1.95048
 -1.38281
-0.740357
 0.263474
-0.735782
  -1.5636
 -1.93487
 -1.38014
 -0.75026
 0.255739
-0.733799
 -1.55683
 -1.95968
 -1.38874
-0.745713
 0.253473
-0.734217
 -1.56732
 -1.95567
 -1.38771
-0.743552
 0.258872
-0.739374
 -1.56726
 -1.92781
 -1.37495
 -0.73893
 0.252984
-0.730129
 -1.53993
  -1.9053
 -1.37253
 -0.73816
 0.261642
-0.721686
 -1.54868
 -1.93697
  -1.3799
 -0.73438
 0.253462
-0.743211
 -1.54553
 -1.94419
 -1.38366
-0.746089
   0.2597
 -0.73824
 -1.57579
 -1.94575
 -1.37762
-0.742643
 0.253165
-0.729163
 -1.56183
 -1.91198
 -1.37118
-0.743684
   0.2596
-0.723549
  -1.5446
 -1.93488
 -1.37964
-0.741401
 0.255574
-0.734263
 -1.55935
 -1.94634
 -1.38393
-0.741078
 0.256452
-0.742002
 -1.55058
-1.92786
-1.38244
-0.73782
0.262018
-0.73795
-1.55009
 -1.93192
 -1.37424
-0.742598
 0.262468
-0.733232
 -1.55029
 -1.92163
 -1.37486
 -0.73905
 0.252407
-0.734454
 -1.54733
 -1.91613
 -1.37937
-0.739977
 0.262697
-0.724087
 -1.53895
 -1.94138
 -1.38706
-0.750201
 0.257963
-0.730583
   -1.564
 -1.95617
 -1.38562
-0.742411
 0.257091
-0.732158
 -1.56195
 -1.91954
 -1.37434
-0.743496
 0.257828
-0.721187
 -1.54069
 -1.91374
 -1.37299
-0.745949
 0.252464
-0.717607
 -1.55219
 -1.93359
 -1.37652
-0.741022
 0.257948
-0.731711
 -1.53294
 -1.93918
 -1.37813
-0.744061
 0.261908
-0.730697
 -1.57418
 -1.91613
 -1.37184
-0.738989
 0.249808
-0.718576
 -1.53796
 -1.91447
 -1.37878
-0.743345
 0.256406
-0.739108
 -1.54502
 -1.94268
  -1.3816
-0.741389
 0.256104
-0.735597
  -1.5616
 -1.93334
 -1.37755
-0.744927
  0.25682
-0.739277
 -1.56507
 -1.93732
 -1.38558
-0.741277
  0.26705
-0.733893
 -1.55729
 -1.93251
  -1.3805
-0.743868
 0.257675
-0.731519
 -1.57146
 -1.92881
 -1.37827
-0.746139
 0.262145
-0.726461
 -1.56633
 -1.91369
 -1.38137
-0.737753
 0.255755
-0.725687
  -1.5471
 -1.92867
 -1.37959
-0.743524
 0.258854
-0.736159
   -1.553
 -1.93304
 -1.37927
-0.743464
 0.250975
-0.732764
 -1.55245
  -1.9376
 -1.38532
-0.734495
 0.254558
 -0.73634
 -1.55969
 -1.91222
 -1.37073
-0.747199
 0.252954
 -0.71979
 -1.55575
 -1.94845
  -1.3742
-0.728256
 0.255252
-0.733219
 -1.56053
 -1.93051
  -1.3883
-0.737908
 0.257612
-0.725645
 -1.56208
   -1.908
 -1.37095
-0.762832
 0.265666
-0.734655
 -1.55262
 -1.91744
 -1.38139
-0.715875
  0.25761
-0.735622
 -1.56801
-1.91138
-1.38131
-0.73021
0.259526
-0.73523
-1.54511
 -1.91182
 -1.37013
-0.715197
 0.261236
-0.749799
 -1.55161
 -1.91123
  -1.3719
-0.718774
 0.260229
-0.728337
 -1.56447
 -1.89225
 -1.40024
-0.745698
 0.258768
-0.725893
 -1.56251
 -1.86656
 -1.34331
-0.741793
 0.261504
-0.723498
 -1.54381
 -1.86638
 -1.37887
-0.741927
 0.251306
-0.722125
 -1.56042
 -1.86505
 -1.36654
-0.727792
 0.255228
-0.733997
 -1.55516
 -1.86669
 -1.36106
-0.760359
 0.252847
-0.714701
 -1.55362
 -1.85096
 -1.37381
-0.733953
 0.253743
-0.722086
 -1.53737
 -1.87009
 -1.37399
-0.772168
 0.248304
-0.718006
 -1.56303
 -1.88553
 -1.38614
-0.753729
 0.255968
-0.720768
 -1.56087
  -1.8972
 -1.35424
-0.747171
 0.258878
-0.715323
 -1.55673
 -1.86011
 -1.34462
-0.717945
 0.251833
-0.717057
 -1.53522
 -1.87699
 -1.35455
-0.754206
 0.251165
 -0.73187
 -1.53988
 -1.89377
 -1.38672
-0.728411
 0.254477
 -0.73422
 -1.53589
 -1.90158
 -1.37318
-0.762385
 0.255513
-0.729557
 -1.55436
 -1.89235
 -1.37635
-0.732635
 0.262587
-0.756388
  -1.5323
 -1.87774
 -1.36855
-0.749803
 0.258932
-0.730161
 -1.53958
 -1.90708
 -1.36001
-0.774872
 0.257919
-0.733475
 -1.56724
 -1.89742
 -1.38139
-0.717374
 0.258164
-0.752606
 -1.53258
 -1.91745
 -1.36007
-0.749357
 0.258152
-0.748138
 -1.54379
 -1.91725
 -1.40487
-0.768802
 0.257417
-0.747569
 -1.54517
 -1.96756
 -1.35693
 -0.73198
 0.258097
-0.749967
 -1.55093
 -1.95862
 -1.37431
 -0.69805
 0.266064
-0.756906
 -1.54565
 -1.95452
 -1.36676
-0.712738
 0.258082
-0.751958
 -1.54187
 -1.93826
 -1.42728
-0.774334
 0.266828
-0.739879
 -1.55288
 -1.97972
 -1.41026
-0.749315
 0.253212
-0.753435
 -1.56144
 -1.98037
 -1.39842
-0.756541
 0.259539
-0.742821
 -1.54686
 -1.99521
 -1.41186
-0.721762
 0.272495
-0.768738
 -1.55477
 -2.01115
 -1.36594
-0.767787
  0.26546
-0.753073
 -1.56159
 -1.97471
 -1.43677
-0.713861
  0.26938
-0.753894
 -1.55386
 -2.02827
 -1.40608
-0.774478
  0.27398
-0.755484
  -1.5712
 -2.02781
 -1.40038
-0.761702
  0.26237
-0.750369
 -1.54655
 -2.05761
 -1.39622
-0.748735
 0.265563
-0.751849
 -1.56937
 -2.06294
 -1.39372
-0.773024
 0.258247
-0.763669
 -1.54081
  -2.0872
 -1.39355
-0.758469
 0.262068
-0.755097
 -1.57109
 -2.09992
 -1.39384
-0.771603
 0.257014
-0.766324
 -1.56844
 -2.11153
  -1.4534
-0.732259
 0.264776
-0.758525
 -1.58128
 -2.10965
 -1.39676
-0.808824
  0.26275
-0.766026
 -1.58028
    -2.11
 -1.44484
-0.772288
 0.258166
-0.749931
 -1.56844
 -2.12351
 -1.42137
-0.754292
 0.270633
-0.766341
 -1.56321
 -2.11887
 -1.40709
 -0.75674
 0.262317
-0.762336
 -1.56153
 -2.15556
 -1.45236
-0.752804
 0.259101
-0.762108
 -1.56238
 -2.13816
 -1.41389
-0.771003
 0.258059
-0.770217
 -1.57033
 -2.12249
 -1.44329
-0.765419
 0.262509
-0.761026
 -1.57483
 -2.18028
 -1.45053
-0.742498
 0.266131
-0.770747
  -1.5793
    -2.19
 -1.47049
-0.764245
 0.271715
-0.771525
 -1.58159
 -2.19458
 -1.44346
-0.770848
 0.272576
-0.780898
 -1.59511
 -2.19119
 -1.45841
 -0.75541
 0.256093
-0.778971
 -1.57818
 -2.21803
 -1.45066
-0.782703
 0.266316
-0.780562
 -1.59276
 -2.26708
 -1.42658
-0.734358
 0.257484
-0.791565
 -1.57814
 -2.29207
 -1.45836
-0.730062
 0.270976
-0.774389
 -1.58403
 -2.30198
 -1.46344
-0.771959
 0.260858
-0.778735
 -1.57127
 -2.32651
 -1.48922
-0.787511
 0.270693
-0.772392
 -1.58672
 -2.36062
 -1.45892
-0.774396
  0.27414
-0.786015
 -1.60554
 -2.37295
 -1.51054
-0.746852
 0.260646
-0.784018
 -1.60238
 -2.39263
 -1.46707
 -0.81082
 0.260554
-0.792982
 -1.60806
 -2.40164
 -1.52064
 -0.77575
  0.27334
-0.782989
 -1.61145
 -2.44365
 -1.49343
-0.769605
 0.269904
-0.795351
  -1.6051
 -2.50356
 -1.55332
-0.764543
  0.27883
-0.818174
 -1.61185
 -2.54958
 -1.53626
-0.797413
 0.271942
-0.799907
 -1.61556
 -2.57481
 -1.53116
-0.749895
 0.283853
-0.805004
 -1.62179
 -2.62136
 -1.54749
-0.782112
 0.277015
-0.814624
 -1.60796
 -2.64893
 -1.53042
-0.808698
 0.271157
-0.814466
 -1.59057
 -2.73571
 -1.57817
-0.733162
 0.276298
 -0.83444
  -1.6244
 -2.75872
 -1.55665
-0.813898
 0.272934
-0.844154
 -1.61825
 -2.81563
  -1.5919
-0.766232
 0.272953
-0.824958
 -1.61976
 -2.84383
 -1.58945
-0.814243
 0.273086
-0.840144
 -1.62569
 -2.89421
 -1.59218
-0.750368
  0.27961
 -0.85128
 -1.61505
 -2.91178
 -1.66648
-0.788943
 0.287278
-0.846699
 -1.63644
 -2.94494
 -1.64258
 -0.80778
 0.282092
-0.865832
 -1.62663
 -2.99738
 -1.64385
-0.740216
 0.289229
-0.855986
 -1.62301
 -3.05979
 -1.64656
-0.818784
 0.292725
-0.866822
 -1.64909
 -3.10316
  -1.6615
-0.733041
 0.283061
-0.872312
 -1.61895
 -3.16368
 -1.68576
-0.769492
 0.295669
 -0.86631
 -1.63299
 -3.20935
 -1.71138
-0.760009
 0.288231
-0.877716
 -1.63526
 -3.26684
 -1.71372
-0.774675
 0.293483
-0.879408
 -1.63571
   -3.312
  -1.6986
-0.787014
   0.2931
-0.877787
 -1.64592
 -3.37289
 -1.73854
-0.799109
 0.295707
-0.879945
 -1.65437
 -3.38508
 -1.73191
 -0.80899
 0.289037
-0.866691
 -1.62453
 -3.44784
 -1.75482
-0.827785
 0.296054
-0.868686
 -1.64727
 -3.46148
 -1.79312
-0.831005
 0.294808
-0.872419
 -1.64737
 -3.53756
 -1.77707
-0.778107
 0.288222
-0.896674
 -1.65141
  -3.5956
 -1.79567
-0.828826
 0.296734
-0.890075
 -1.65757
 -3.69155
 -1.81536
-0.749082
 0.290426
-0.892001
 -1.65297
 -3.75327
 -1.83719
-0.800982
 0.291266
-0.906003
 -1.66865
 -3.81575
 -1.88716
-0.809513
 0.298973
-0.910312
   -1.659
 -3.88034
 -1.86056
 -0.80216
 0.298514
-0.921933
 -1.66643
  -3.9285
 -1.89167
-0.779821
 0.300048
-0.919194
 -1.66077
 -3.98311
 -1.87102
 -0.77744
  0.30295
-0.925423
 -1.65613
 -4.07031
 -1.89903
-0.832415
 0.297359
-0.932808
 -1.66918
 -4.09978
 -1.98768
-0.775606
 0.313166
 -0.94609
  -1.6662
 -4.12345
 -1.93395
-0.785668
  0.30853
-0.944033
 -1.67661
 -4.18722
 -1.96294
-0.820736
 0.311484
-0.955707
 -1.68487
 -4.27226
 -1.93448
-0.785243
 0.314529
-0.957484
 -1.67945
 -4.31794
 -2.02979
-0.817524
 0.316821
-0.961795
 -1.68897
 -4.38652
 -2.01218
  -0.8102
 0.309784
-0.962079
 -1.68452
 -4.43077
  -2.0172
-0.791941
 0.312973
-0.984723
 -1.69544
 -4.52518
 -2.07093
-0.781737
  0.31713
-0.984866
 -1.69632
 -4.58925
 -2.04754
-0.803787
 0.311006
-0.990704
 -1.68097
 -4.69235
 -2.07433
-0.804426
 0.316743
-0.996845
 -1.70149
 -4.70755
 -2.11131
-0.739209
 0.320142
 -1.00985
 -1.69264
 -4.73188
 -2.12566
-0.813863
 0.324058
-0.997053
 -1.68583
 -4.80149
 -2.18117
-0.827278
 0.319112
  -1.0122
 -1.69771
 -4.90833
 -2.13054
-0.779345
 0.320302
 -1.01275
 -1.70542
 -4.99171
 -2.15553
-0.806928
  0.32445
 -1.01126
 -1.69657
-5.06015
-2.22394
-0.79496
0.317135
-1.03231
-1.71809
 -5.12106
 -2.22954
-0.817471
 0.321537
 -1.02869
 -1.71258
 -5.20373
 -2.23801
-0.792582
 0.317491
 -1.02894
 -1.70351
 -5.28808
  -2.2321
-0.820983
 0.328344
 -1.03128
 -1.70064
  -5.3041
 -2.25881
-0.795372
 0.328482
 -1.03391
 -1.72394
  -5.3043
 -2.32559
-0.769732
 0.326756
 -1.04993
 -1.70784
 -5.38031
 -2.28747
-0.825613
 0.322972
  -1.0376
 -1.71514
 -5.44735
  -2.3005
-0.827547
  0.33495
 -1.04419
 -1.72882
 -5.50717
 -2.35959
-0.796865
 0.336934
 -1.05287
  -1.7254
 -5.53995
 -2.32098
-0.832695
 0.329068
 -1.05374
 -1.70383
 -5.61617
 -2.35561
-0.830625
 0.337756
 -1.05148
  -1.7177
 -5.68749
 -2.38712
-0.845251
 0.334868
 -1.06374
  -1.7178
 -5.72868
  -2.4194
-0.793833
 0.343791
 -1.07782
 -1.72117
 -5.78443
 -2.40696
-0.829021
 0.328144
 -1.07467
 -1.70921
 -5.77161
 -2.40692
-0.813585
  0.33629
  -1.0764
 -1.71833
 -5.78833
 -2.40787
-0.825598
 0.338925
  -1.0844
 -1.70409
 -5.88933
 -2.49477
-0.812533
 0.345966
  -1.1013
 -1.70309
 -5.98345
 -2.44595
-0.743206
 0.338502
   -1.122
 -1.69533
 -5.97665
 -2.46832
-0.827757
  0.34988
 -1.09534
 -1.69804
 -6.03875
 -2.51841
-0.808705
 0.353509
 -1.11483
 -1.69815
 -6.07307
  -2.5029
-0.767041
 0.356567
 -1.12406
 -1.71427
 -6.13675
 -2.48228
-0.786649
 0.348791
 -1.13096
  -1.7004
 -6.10339
  -2.5436
-0.811429
 0.348528
 -1.11117
 -1.69791
 -6.10092
 -2.54496
-0.797838
 0.346646
 -1.11697
 -1.69697
 -6.14435
 -2.52877
-0.815925
 0.340249
  -1.0964
 -1.70496
-6.21297
-2.52476
-0.79475
0.357276
-1.10853
-1.72111
  -6.2457
 -2.51346
-0.860397
 0.352109
 -1.10487
 -1.69913
 -6.22833
  -2.6077
-0.795462
 0.348173
 -1.09649
 -1.70545
-6.23004
-2.55799
-0.78584
0.346826
-1.10485
-1.69852
 -6.27114
 -2.56152
-0.832969
 0.344678
 -1.09772
 -1.70451
 -6.31365
 -2.56203
-0.777054
 0.356872
 -1.10192
 -1.68205
 -6.34796
 -2.61189
-0.806851
 0.338476
 -1.09572
 -1.69957
 -6.32264
 -2.58722
-0.791765
 0.343569
 -1.09839
 -1.69407
 -6.38381
 -2.62375
-0.774855
 0.345343
 -1.09917
 -1.69794
 -6.40161
  -2.5961
-0.830593
 0.337998
 -1.09004
 -1.69142
-6.42313
-2.61508
-0.74563
0.338291
 -1.1161
-1.68994
 -6.37909
 -2.64564
-0.806574
 0.347091
 -1.09719
 -1.67898
 -6.37626
 -2.65624
-0.787346
 0.339882
 -1.10506
 -1.70566
  -6.3718
 -2.59659
-0.748966
 0.335609
 -1.11072
 -1.68031
 -6.47318
 -2.63052
-0.749122
 0.345178
 -1.11537
 -1.69555
 -6.48736
  -2.6665
-0.777248
 0.349149
  -1.1014
 -1.68208
 -6.41837
 -2.62786
-0.795476
  0.34473
 -1.09515
  -1.6641
 -6.44569
 -2.64172
-0.744867
 0.338837
 -1.10961
  -1.6812
   -6.463
 -2.69591
-0.715828
  0.34561
 -1.10783
 -1.68569
 -6.45115
 -2.60559
-0.832408
 0.337831
 -1.07764
 -1.67158
 -6.41992
 -2.65269
-0.737559
 0.337587
 -1.08946
 -1.67462
 -6.40136
 -2.66283
-0.792124
 0.338223
 -1.07549
 -1.67882
 -6.43605
 -2.66535
-0.811762
 0.332756
 -1.05851
 -1.68678
 -6.46496
 -2.64676
-0.756173
 0.329298
 -1.07147
 -1.67719
  -6.4383
  -2.6682
-0.733631
 0.348187
 -1.07075
 -1.66425
 -6.39041
 -2.64676
-0.772623
 0.330719
 -1.06988
 -1.66226
 -6.33047
 -2.61977
-0.767415
 0.334498
 -1.05297
 -1.66202
 -6.36397
 -2.64222
-0.718697
 0.329559
 -1.06245
 -1.64555
 -6.38957
 -2.71733
-0.775996
 0.336187
 -1.05463
 -1.66533
   -6.383
 -2.61401
-0.728124
 0.339706
 -1.06535
 -1.64296
 -6.30003
 -2.60777
-0.734714
  0.32683
 -1.05703
 -1.63808
 -6.27922
 -2.67418
-0.704567
 0.331428
 -1.05652
 -1.64562
 -6.31771
 -2.66197
-0.736142
 0.333311
 -1.05627
 -1.64036
 -6.33142
 -2.62209
-0.693293
 0.317108
 -1.05313
 -1.62701
  -6.2913
 -2.65805
-0.690655
 0.325223
 -1.03759
 -1.62398
 -6.21522
 -2.60013
-0.768648
 0.322756
 -1.02241
 -1.61113
 -6.19529
 -2.62645
-0.703171
 0.337574
 -1.03306
 -1.60605
-6.21039
-2.65879
-0.71337
0.332487
-1.02693
-1.62145
 -6.20392
 -2.63448
-0.718603
 0.324906
 -1.00245
 -1.61141
 -6.12961
 -2.58257
-0.722611
 0.317091
-0.992231
 -1.63039
 -6.02663
 -2.61961
-0.688973
 0.328897
-0.976862
 -1.59367
 -6.09645
 -2.63268
-0.711979
 0.320141
-0.983457
 -1.60591
 -6.09001
 -2.62614
-0.729118
 0.315247
-0.978729
 -1.58905
 -6.04389
 -2.60103
-0.711179
 0.319322
-0.973644
 -1.58837
 -5.94414
 -2.57555
-0.690136
 0.314559
-0.956318
 -1.58347
 -5.91204
 -2.53056
 -0.71415
 0.313559
-0.953562
 -1.55579
 -5.90007
 -2.58818
-0.717147
 0.315034
-0.958861
 -1.56771
 -5.91016
 -2.59538
-0.673967
 0.310271
-0.949195
 -1.57712
 -5.82913
  -2.5371
-0.687208
 0.309685
-0.942421
 -1.55207
 -5.74226
 -2.49447
-0.715106
  0.31115
-0.926226
 -1.54572
 -5.74934
 -2.58795
 -0.59842
 0.311111
-0.959361
  -1.5548
 -5.71645
 -2.51441
-0.671233
 0.306589
-0.950256
 -1.55022
 -5.66794
 -2.52639
-0.670558
 0.302105
-0.936517
 -1.53897
 -5.55848
 -2.53973
-0.658868
 0.315998
-0.924371
 -1.53854
 -5.49042
 -2.42855
-0.647977
 0.301116
-0.915351
 -1.51404
 -5.52475
 -2.51806
-0.674011
 0.304555
-0.914818
 -1.53177
 -5.51642
 -2.48399
-0.662885
 0.293518
-0.900999
 -1.51084
 -5.38706
  -2.4844
-0.621414
 0.299957
-0.882754
 -1.52015
 -5.22578
  -2.4014
-0.674654
 0.288886
-0.862677
 -1.50282
 -5.23696
  -2.4811
 -0.63816
 0.289102
-0.881536
 -1.51949
 -5.18548
 -2.38515
-0.632977
 0.294822
-0.861259
  -1.5001
 -5.15527
 -2.42936
-0.570088
 0.292502
-0.848686
  -1.4779
 -5.05982
 -2.41827
-0.689531
 0.290953
-0.821337
 -1.46925
 -4.95246
 -2.32129
-0.632624
  0.27646
 -0.82359
 -1.46712
 -4.98837
 -2.39198
-0.587468
 0.277628
-0.805007
 -1.47639
 -4.88969
 -2.28993
 -0.65623
 0.281628
-0.797469
 -1.46448
 -4.83582
 -2.34159
-0.638133
 0.262827
-0.797266
 -1.47321
  -4.6973
 -2.28106
-0.642442
 0.253793
-0.771387
 -1.48044
 -4.66766
 -2.27553
-0.651283
 0.255952
-0.769868
  -1.4602
 -4.65872
 -2.33289
-0.591842
  0.27262
-0.767649
 -1.45473
 -4.49995
 -2.22162
-0.627123
 0.261121
 -0.74371
 -1.45485
 -4.49562
 -2.30539
 -0.59877
 0.270964
-0.749654
 -1.44771
 -4.35262
 -2.18925
-0.613874
 0.250048
-0.739175
 -1.42355
 -4.30268
 -2.17305
-0.607952
 0.254779
 -0.74198
 -1.41511
 -4.34724
  -2.2502
-0.543396
 0.259732
-0.750909
 -1.42163
   -4.234
 -2.15677
-0.599442
 0.255786
-0.742977
  -1.4114
 -4.13596
 -2.17436
-0.562449
 0.259425
-0.737526
 -1.40802
 -3.98077
 -2.13875
-0.552216
 0.261871
-0.731751
 -1.40833
 -3.98587
 -2.16111
-0.546998
 0.244705
-0.720281
  -1.4211
 -3.90016
 -2.08114
-0.595629
 0.253522
-0.719921
 -1.38643
 -3.86124
 -2.09302
-0.533273
 0.246507
-0.708164
  -1.3913
 -3.76125
 -2.11344
-0.554958
 0.236368
  -0.6924
 -1.40284
 -3.63711
 -2.00397
-0.626739
 0.246787
-0.672469
 -1.39296
 -3.74129
 -2.08274
-0.547772
 0.244192
-0.685192
 -1.38001
 -3.53542
 -2.00171
-0.571383
 0.232664
-0.643091
 -1.37828
 -3.44469
 -1.99925
-0.585932
 0.244882
-0.636929
 -1.37817
 -3.35579
 -1.98446
-0.634487
 0.228446
-0.620709
 -1.38193
 -3.33956
 -1.98035
-0.586155
 0.231284
 -0.63279
 -1.37516
  -3.2677
 -1.90831
-0.574174
  0.23043
-0.611093
 -1.36529
 -3.14635
 -1.92377
-0.610073
 0.228127
-0.615617
  -1.3618
 -3.07424
 -1.90248
-0.563347
  0.22309
-0.614795
 -1.37899
 -2.97472
 -1.80196
-0.584999
 0.224387
-0.618258
 -1.34934
  -2.9209
 -1.81615
-0.540615
 0.229852
-0.617336
 -1.36237
 -2.84933
  -1.8588
-0.616648
 0.220527
-0.594983
 -1.35979
 -2.68957
 -1.78024
-0.566013
 0.224468
 -0.61803
 -1.36687
 -2.66867
 -1.74608
-0.531134
 0.216401
-0.614603
 -1.33938
  -2.5609
 -1.76421
-0.578063
 0.225254
-0.604927
 -1.35586
 -2.55845
  -1.7501
-0.608544
 0.220808
-0.595825
 -1.35951
 -2.48769
 -1.71435
-0.559651
 0.225378
 -0.60418
  -1.3467
 -2.38205
 -1.70461
-0.563258
 0.233315
-0.589771
 -1.34815
 -2.27459
 -1.66936
-0.561635
 0.229966
-0.572451
 -1.34961
 -2.23041
 -1.64201
-0.620191
 0.225792
 -0.58845
 -1.34281
 -2.22636
 -1.66576
-0.600542
 0.220996
 -0.57121
 -1.34683
 -2.07663
 -1.58931
-0.543395
 0.216901
-0.572326
 -1.31595
 -1.64293
 -1.48219
-0.567569
 0.213537
-0.547562
 -1.31472
 -3.30376
 -2.02392
-0.592612
 0.237124
-0.627127
 -1.30849
 -1.87797
 -1.61595
-0.581277
 0.193521
-0.505527
 -1.29235
 -2.47961
 -1.71132
-0.497807
 0.206136
-0.564052
 -1.32061
  -2.1955
 -1.66104
-0.517334
 0.213022
-0.552265
  -1.3281
 -1.70802
 -1.51313
-0.578592
 0.205956
-0.525979
 -1.31912
  -2.2045
 -1.68499
-0.526136
 0.211761
-0.572252
 -1.30718
 -2.11899
 -1.64656
-0.562741
 0.207653
-0.550053
 -1.29812
 -1.66026
 -1.53883
-0.561484
 0.199833
-0.518018
 -1.28987
 -2.07321
 -1.63709
-0.531849
 0.209835
-0.548637
 -1.27125
 -1.58042
 -1.44055
-0.574582
  0.21112
-0.526441
 -1.30301
 -1.83425
 -1.55547
-0.569091
 0.206282
-0.516561
 -1.26742
 -1.95213
 -1.61742
-0.576796
 0.206126
-0.541196
 -1.26268
 -1.47527
 -1.45452
-0.538921
 0.205923
-0.537051
 -1.28687
 -1.50766
 -1.47161
-0.649382
 0.201532
-0.514041
 -1.27416
 -1.53767
   -1.465
-0.582345
 0.206663
-0.544953
 -1.26312
 -1.50048
  -1.4781
 -0.54327
 0.219384
-0.546387
 -1.26672
 -1.28536
 -1.34398
-0.599329
 0.204585
-0.530361
 -1.28454
 -1.25311
 -1.42304
-0.576588
 0.210472
-0.523981
 -1.29689
 -1.00685
 -1.23428
-0.558375
 0.210469
-0.534562
 -1.30055
 -1.22904
 -1.35995
-0.570874
 0.214904
-0.535194
 -1.29536
-0.991821
 -1.31533
-0.623727
 0.208635
-0.514211
 -1.32118
 -1.01681
 -1.31083
-0.540346
 0.210072
-0.527181
 -1.32252
-0.816105
 -1.20467
-0.640536
  0.19591
-0.488403
 -1.31105
 -0.76365
 -1.18879
-0.619992
 0.208269
-0.512333
  -1.3238
-0.935447
 -1.29026
-0.602569
 0.203743
-0.498472
 -1.33851
-0.809661
 -1.21347
-0.627047
 0.203401
-0.514992
 -1.32483
 -0.77508
  -1.1998
-0.579588
 0.203009
-0.506307
 -1.33005
-0.658806
  -1.1781
-0.630487
 0.194836
-0.492283
 -1.33834
-0.711113
 -1.18425
-0.623317
 0.201196
-0.501053
 -1.32356
-0.714863
 -1.21007
-0.594844
  0.20131
 -0.52138
 -1.34285
 -0.67709
 -1.12023
-0.634747
 0.201495
-0.506686
 -1.33812
-0.573502
 -1.17603
-0.555518
 0.197292
-0.508329
 -1.33265
-0.497946
 -1.15696
-0.603065
 0.191532
  -0.4944
 -1.33983
-0.561622
 -1.11067
-0.637926
 0.190546
-0.497786
 -1.32466
-0.553312
 -1.14762
-0.574689
 0.210013
-0.491585
 -1.33975
 -0.47826
 -1.11066
-0.608942
 0.191098
-0.489087
 -1.32731
-0.438039
 -1.09835
-0.618323
 0.184743
-0.490027
 -1.32819
-0.460468
  -1.0824
-0.619276
 0.189748
 -0.48569
 -1.33892
-0.477343
 -1.05527
-0.613621
 0.191293
 -0.48005
 -1.33629
-0.444963
 -1.13038
-0.635069
 0.188122
-0.488516
 -1.32099
-0.410849
  -1.0919
-0.652584
 0.187578
-0.478398
 -1.35003
-0.358501
 -1.07541
 -0.62979
 0.191437
-0.484257
 -1.34283
 -0.38506
 -1.02599
-0.635853
 0.200216
-0.482714
 -1.32784
  -0.3807
 -1.09515
-0.630233
 0.193065
-0.488453
 -1.34467
-0.344852
  -1.0966
-0.598743
 0.190236
-0.501099
 -1.33711
-0.281729
 -1.02379
-0.616831
 0.197812
-0.480521
 -1.33099
-0.286281
 -1.08886
-0.608055
 0.202829
-0.482203
 -1.34059
-0.329913
 -1.01587
-0.634801
 0.183932
 -0.49815
 -1.33359
 -0.31167
 -1.09587
-0.606761
 0.196254
-0.482243
 -1.35002
 -0.28176
 -1.00753
-0.612721
 0.189607
-0.482718
 -1.32803
-0.233529
 -1.04432
-0.632486
 0.196521
-0.483722
 -1.32911
-0.244792
 -1.01445
-0.624769
 0.200397
-0.482913
 -1.33265
-0.242371
 -1.04247
-0.622406
  0.18727
-0.476339
 -1.33028
-0.236074
 -1.02293
-0.577667
 0.193062
-0.483272
 -1.34019
-0.211893
-0.990756
-0.666699
 0.193147
-0.487816
 -1.33442
-0.197518
 -1.03967
-0.637244
 0.186988
-0.483957
 -1.34468
-0.187956
-0.976933
-0.619019
 0.182322
-0.475912
 -1.32475
-0.204188
 -1.01121
-0.614765
 0.193833
-0.486537
 -1.34093
  -0.1619
-0.988001
-0.600583
 0.194025
-0.469797
 -1.31132
-0.148488
 -1.01945
-0.627617
 0.187054
-0.485662
  -1.3324
-0.133604
 -1.01778
  -0.5763
 0.189971
-0.475702
 -1.32059
-0.177016
-0.937112
-0.639471
 0.183948
-0.466093
 -1.33187
-0.166392
 -1.02894
-0.596057
 0.193015
-0.488924
 -1.33623
-0.113904
-0.982534
 -0.62313
 0.180233
 -0.45805
 -1.32507
-0.0979015
  -1.00705
 -0.656889
   0.18963
 -0.475853
  -1.33131
-0.126888
 -1.02114
-0.599804
 0.190964
-0.484799
 -1.34187
-0.152214
-0.944319
 -0.61452
 0.187027
 -0.47788
 -1.32314
-0.116381
 -1.01337
-0.598873
 0.185584
-0.470005
 -1.33102
-0.106132
-0.980855
-0.645869
 0.191745
-0.479296
 -1.33254
-0.0822905
  -1.00214
 -0.648404
  0.185621
  -0.46162
  -1.32752
-0.121058
-0.968448
-0.616439
 0.192287
-0.466017
 -1.33403
-0.124408
-0.973048
-0.642156
 0.192508
-0.480474
 -1.34309
-0.101848
-0.981576
-0.661724
 0.181609
-0.458909
 -1.33567
-0.0647995
 -0.954155
  -0.65153
  0.186082
 -0.459274
   -1.3302
-0.0708711
 -0.963194
 -0.647917
  0.188374
 -0.474061
  -1.33788
-0.0747053
  -1.00632
 -0.660029
  0.194318
 -0.466165
  -1.34572
-0.0851286
 -0.993777
 -0.584559
  0.195814
 -0.468301
  -1.33809
-0.0367088
 -0.931988
  -0.63107
  0.190053
 -0.463869
  -1.33321
-0.0582456
  -1.01485
 -0.643687
  0.185503
 -0.474153
  -1.33612
-0.0702613
 -0.965094
 -0.636727
  0.188765
 -0.471583
  -1.34403
-0.0771337
 -0.994531
 -0.606606
  0.195589
 -0.472238
  -1.33568
-0.0574547
 -0.933504
 -0.647765
  0.188785
 -0.461899
  -1.33974
-0.056376
-0.995021
-0.586395
 0.185563
-0.482997
 -1.33682
-0.0561382
  -0.94578
 -0.623989
  0.192222
 -0.461134
  -1.33786
 -0.02973
  -0.9779
-0.617951
 0.191009
-0.470119
 -1.32384
-0.0379821
  -0.94588
 -0.632233
  0.180652
 -0.467066
   -1.3164
-0.032776
-0.965391
-0.633252
 0.193789
-0.463102
 -1.33999
-0.0236388
 -0.968322
 -0.628727
  0.198241
 -0.470717
  -1.34015
-0.0305654
 -0.934293
 -0.650509
  0.182831
  -0.46332
  -1.31561
0.00194954
 -0.980251
 -0.619363
  0.186828
 -0.474828
  -1.34908
-0.0125645
  -0.93856
 -0.626944
  0.186809
 -0.466866
  -1.31857
-0.00346623
  -0.967215
   -0.63036
   0.186194
  -0.458422
   -1.31935
0.00638812
 -0.938187
 -0.601466
  0.181871
  -0.45261
   -1.3339
0.00100217
 -0.976758
 -0.625694
  0.184474
 -0.463965
  -1.33345
 0.021711
 -0.91759
-0.620765
 0.180408
-0.462818
 -1.32002
0.0302584
-0.992866
-0.599217
 0.191485
-0.473746
 -1.32256
0.0285411
-0.903638
-0.629111
 0.178553
-0.461352
 -1.32534
0.0498736
-0.931877
-0.627789
 0.178166
-0.466866
 -1.31565
0.0398385
-0.956493
-0.591561
 0.178402
-0.470687
 -1.33237
0.0540697
-0.922144
-0.604799
  0.18456
 -0.47292
 -1.31499
0.0821764
-0.926688
-0.604824
 0.177659
 -0.44845
 -1.32367
0.0956594
 -0.90771
-0.664477
 0.192078
-0.460895
 -1.31948
0.0992754
-0.972762
-0.648604
 0.186539
-0.450389
 -1.31482
 0.105598
-0.926753
-0.587378
  0.19438
-0.462601
 -1.33841
0.0996202
-0.890697
-0.649405
 0.173804
 -0.44759
 -1.31572
 0.128512
-0.946558
-0.615243
 0.187933
-0.452435
 -1.31945
 0.125143
-0.907073
-0.614392
 0.191344
-0.449884
 -1.31679
 0.139201
-0.925004
-0.650372
 0.180438
-0.443088
 -1.31363
  0.11148
-0.911091
-0.600946
 0.177878
-0.453338
 -1.32454
 0.130893
-0.890045
-0.636381
 0.180219
-0.444304
 -1.32918
 0.136683
-0.921937
-0.632804
 0.183193
  -0.4447
  -1.3197
 0.125975
 -0.93541
-0.608084
 0.194007
-0.455344
 -1.32802
 0.109177
-0.903035
-0.626703
 0.181428
-0.447954
 -1.31471
 0.118136
-0.888357
-0.618236
 0.186908
-0.455347
 -1.31141
 0.124469
-0.947336
-0.594071
 0.184472
 -0.47082
 -1.32671
 0.112321
-0.890549
-0.644368
 0.188394
-0.446968
 -1.33587
  0.12677
-0.897532
-0.604858
  0.18289
-0.458889
 -1.32881
  0.13473
 -0.94573
-0.584259
 0.178868
-0.449794
 -1.32856
 0.156145
-0.908803
-0.641118
 0.181863
-0.446629
 -1.32001
 0.137196
-0.915614
-0.629673
 0.180115
 -0.44983
 -1.31686
 0.159063
-0.926426
 -0.62626
 0.195457
-0.438746
  -1.3206
 0.151961
 -0.92384
-0.617342
 0.181343
-0.450913
 -1.32091
 0.144584
-0.895046
-0.645122
 0.181137
-0.446836
   -1.319
 0.169646
-0.905063
-0.646943
 0.177386
-0.451534
 -1.32178
 0.159729
-0.889237
-0.646539
  0.18388
-0.442926
 -1.32276
   0.1701
-0.931136
-0.610605
 0.174421
-0.461236
 -1.33568
 0.176555
-0.855398
-0.621025
  0.18383
-0.448807
 -1.32395
 0.190027
 -0.91193
-0.649126
 0.182525
-0.440574
 -1.32773
 0.187906
-0.885075
-0.628696
  0.18604
  -0.4399
 -1.31608
 0.163819
-0.938136
-0.602201
 0.185807
-0.454785
 -1.31365
 0.161981
-0.873185
-0.633482
 0.177722
-0.443349
 -1.31617
  0.14615
-0.900258
-0.624981
 0.186247
-0.447498
 -1.32721
 0.162081
-0.924976
-0.659522
 0.181187
-0.435496
 -1.32077
 0.152791
-0.926492
-0.615174
 0.192776
 -0.45792
  -1.3357
 0.147467
-0.931353
-0.605642
 0.180554
 -0.46095
 -1.32166
 0.136775
-0.896682
-0.621435
 0.183872
-0.455713
 -1.32413
 0.159157
-0.912086
-0.626633
 0.183008
-0.448666
 -1.33622
 0.169778
-0.912674
-0.613165
 0.182246
 -0.44858
 -1.33617
 0.174464
-0.898551
   -0.622
 0.187329
-0.445289
  -1.3068
 0.147717
-0.906911
-0.601987
   0.1858
-0.450886
 -1.32673
 0.169422
-0.911153
-0.596122
 0.181339
-0.452682
 -1.32013
 0.173132
 -0.88523
-0.616074
 0.176832
-0.450822
 -1.32577
 0.177911
-0.921891
-0.619055
 0.180469
-0.453318
 -1.32248
 0.181081
-0.877014
-0.645063
 0.182153
-0.452803
 -1.31426
 0.193107
-0.914577
-0.608293
 0.189291
-0.445663
 -1.32179
 0.177353
-0.909001
-0.606407
 0.190688
 -0.44422
 -1.32665
 0.157166
-0.870957
-0.625547
 0.179238
-0.446536
   -1.326
 0.189361
-0.925237
-0.612243
 0.185636
-0.452069
 -1.31671
 0.194574
 -0.87073
-0.625215
  0.18311
-0.436376
  -1.3078
 0.186935
-0.907299
-0.617387
 0.178759
-0.446938
 -1.32168
 0.168764
  -0.9169
 -0.61284
 0.181766
-0.445729
 -1.32893
 0.193111
-0.882552
-0.635911
 0.178122
-0.442572
 -1.30777
  0.15934
-0.904324
-0.608634
 0.173154
 -0.45044
 -1.32199
 0.179969
-0.921191
-0.643836
 0.184737
-0.442536
 -1.32155
 0.175247
-0.901538
-0.633158
 0.183991
-0.440377
 -1.30792
 0.150836
-0.910943
-0.617506
 0.186334
-0.449286
  -1.3214
 0.159529
-0.896726
 -0.62805
 0.181743
-0.454023
 -1.32423
   0.1734
-0.901723
-0.628942
 0.187797
-0.439139
 -1.31726
 0.163457
-0.895647
-0.628226
 0.180056
-0.447822
 -1.33128
 0.159095
-0.902209
-0.619927
 0.188032
-0.444976
 -1.31375
 0.144324
-0.909323
-0.618943
 0.187835
-0.448839
 -1.33356
 0.148445
-0.918427
-0.619762
 0.179216
-0.448973
 -1.34052
 0.157334
-0.911679
-0.625558
 0.188627
-0.441007
 -1.33383
 0.148709
-0.918373
 -0.61984
 0.192293
-0.449682
 -1.33821
 0.168932
-0.917495
-0.621828
 0.184068
-0.452922
 -1.33079
 0.160514
-0.908823
-0.619671
 0.184115
-0.458164
  -1.3188
 0.166251
-0.914083
-0.614289
 0.185685
-0.437587
 -1.33445
 0.154183
-0.908279
 -0.62104
 0.181253
  -0.4465
 -1.32961
 0.162623
-0.908995
-0.620848
  0.18492
-0.456077
 -1.32144
 0.179077
-0.900054
-0.624776
 0.177987
-0.436211
 -1.33579
 0.157823
 -0.90592
-0.620995
 0.185865
-0.442358
 -1.31994
 0.152897
-0.911883
-0.619587
 0.180302
 -0.44828
  -1.3197
 0.169035
 -0.90201
-0.625404
 0.178394
-0.441858
 -1.31464
 0.140475
-0.911639
-0.616424
 0.184182
-0.457499
 -1.32712
 0.156335
 -0.90869
-0.626577
 0.186607
 -0.44492
 -1.32525
 0.139035
-0.906221
-0.624383
  0.18157
-0.446256
  -1.3244
 0.147805
-0.908562
-0.620674
 0.179555
-0.450631
 -1.31281
   0.1593
 -0.91308
-0.619738
 0.178251
-0.453097
 -1.33229
 0.162507
-0.908846
-0.618665
 0.183963
-0.453418
 -1.32388
 0.167518
-0.912348
-0.619655
  0.18537
-0.453683
 -1.32376
 0.172846
-0.907866
-0.625692
 0.193182
-0.445192
 -1.33376
 0.156596
 -0.91858
-0.623033
 0.183044
 -0.44886
 -1.33681
 0.166512
-0.908553
-0.619847
 0.180401
-0.451143
 -1.32881
 0.155476
-0.906809
-0.622807
 0.175694
-0.453055
 -1.30811
 0.160167
-0.899376
-0.620081
 0.182983
-0.449311
 -1.32155
 0.165596
-0.896631
-0.622191
 0.178035
-0.441051
 -1.31192
 0.168619
-0.899952
-0.622324
 0.182615
-0.442758
 -1.32294
 0.141808
 -0.90828
-0.626788
 0.190322
-0.441703
 -1.33262
 0.164264
-0.907773
-0.619744
 0.182161
-0.451914
 -1.32128
 0.153098
-0.913125
-0.619569
 0.177849
-0.444885
 -1.32271
  0.15385
-0.915403
 -0.62319
 0.189441
-0.456907
   -1.337
 0.156125
-0.917111
-0.620319
 0.179666
-0.446108
 -1.31109
 0.148908
-0.912924
-0.619441
 0.180937
-0.450762
 -1.31503
 0.153998
-0.907506
-0.615487
   0.1862
-0.456195
 -1.32918
 0.158433
-0.909076
 -0.61519
 0.183734
 -0.45779
 -1.31893
 0.165383
-0.903347
-0.619828
 0.184979
-0.445715
 -1.31499
 0.159765
-0.905343
-0.616569
  0.18776
 -0.45096
 -1.32211
 0.149507
 -0.90541
-0.618998
 0.191204
-0.452059
 -1.32993
 0.158071
-0.907945
-0.621767
 0.177685
-0.443617
 -1.31163
 0.158852
-0.902618
-0.624196
 0.180452
-0.448752
 -1.31121
 0.160434
-0.908126
-0.621106
 0.184744
-0.449701
 -1.33245
 0.133026
-0.915146
 -0.62532
 0.179807
-0.443487
 -1.33245
 0.149698
-0.914536
-0.616152
  0.18954
-0.450204
 -1.31608
 0.153218
 -0.91195
-0.619832
 0.190435
-0.454132
  -1.3287
 0.166988
-0.909699
-0.621821
 0.181282
-0.441276
 -1.31588
 0.154769
-0.910493
-0.624484
 0.182952
 -0.45278
 -1.33945
 0.172988
-0.908903
 -0.62316
 0.177368
-0.437901
 -1.32773
 0.161296
-0.911587
-0.614097
 0.181388
-0.453557
 -1.32522
 0.166527
-0.898889
-0.620013
 0.182955
-0.436858
 -1.31563
 0.162362
-0.907053
-0.624611
 0.185909
-0.442438
 -1.33683
 0.162935
-0.901015
-0.627804
 0.190304
-0.441986
 -1.31559
 0.154784
-0.902022
-0.620042
 0.181153
-0.445792
 -1.32453
 0.162229
-0.898208
-0.633601
 0.192131
-0.443077
 -1.32072
 0.154757
-0.911022
-0.625114
 0.178268
-0.444637
 -1.31702
 0.158591
-0.901215
-0.622203
 0.177126
-0.446976
 -1.32215
 0.156079
-0.908029
-0.622986
 0.178692
-0.452533
  -1.3179
 0.152892
 -0.91153
 -0.62322
 0.179785
-0.451304
 -1.33524
 0.147144
-0.913408
-0.619476
 0.181605
-0.452036
 -1.31727
 0.140501
-0.919348
-0.614124
 0.181043
-0.444542
 -1.33816
 0.154405
-0.908354
-0.615576
 0.179356
-0.433596
 -1.33501
 0.157322
-0.912132
-0.617538
 0.184525
-0.453981
 -1.32938
 0.148834
-0.911349
-0.615273
 0.182018
-0.448982
 -1.32602
 0.172758
-0.907392
-0.620899
 0.182011
-0.433605
  -1.3204
  0.14759
-0.907309
-0.620667
 0.177147
-0.451303
 -1.31214
 0.161228
-0.912104
-0.620712
 0.178667
-0.459074
 -1.32488
 0.172962
-0.908027
-0.619821
  0.18441
-0.437672
 -1.32293
 0.156808
-0.910582
-0.623289
 0.179994
-0.452648
  -1.3375
 0.146834
-0.912491
-0.624147
 0.179474
-0.454773
 -1.32791
 0.164322
-0.907854
-0.619917
 0.174382
 -0.45428
 -1.33494
 0.153603
-0.914267
-0.627435
 0.185718
-0.451293
 -1.32491
 0.162995
-0.910155
-0.620974
 0.181758
-0.448985
 -1.33142
 0.146733
-0.911477
-0.621011
 0.179581
-0.444389
 -1.33485
 0.163313
-0.912004
-0.619493
 0.177817
-0.450129
  -1.3186
 0.153688
-0.914299
-0.617466
 0.181993
-0.449196
 -1.33014
 0.145205
-0.913927
  -0.6195
 0.181978
 -0.45338
 -1.31952
  0.16709
-0.901684
-0.622028
 0.181962
-0.443981
 -1.31204
 0.168851
-0.908737
-0.623296
 0.180432
-0.444162
  -1.3338
 0.157073
-0.902734
-0.619915
 0.183461
 -0.44363
 -1.31834
 0.152428
-0.908508
-0.618702
 0.189067
-0.442705
 -1.32059
 0.157221
-0.902735
  -0.6179
 0.189614
-0.451574
 -1.32736
 0.152084
-0.908229
-0.619654
 0.182438
-0.456009
 -1.31757
 0.152618
 -0.90984
-0.616272
   0.1858
-0.452643
 -1.31641
 0.175899
-0.911678
-0.624305
 0.185518
-0.442059
 -1.33145
 0.172033
-0.904936
 -0.62099
 0.176647
 -0.43515
 -1.32368
 0.156344
-0.907087
-0.622156
 0.196677
 -0.44453
 -1.32015
 0.153552
-0.913502
-0.616273
 0.183836
-0.445038
 -1.32309
 0.169376
-0.910786
-0.628732
 0.182998
-0.436439
 -1.32793
 0.143727
-0.907522
-0.622174
 0.181632
-0.440584
 -1.32815
 0.162409
-0.907551
-0.622862
 0.187376
-0.441751
 -1.30509
 0.141923
-0.916777
-0.618614
 0.186834
-0.455779
 -1.33418
 0.156556
-0.908528
-0.624375
 0.191077
-0.444941
 -1.32529
 0.153874
-0.906575
-0.624408
 0.186089
-0.447695
 -1.32624
  0.16933
-0.902518
-0.621985
 0.181191
-0.446856
 -1.31258
 0.156299
-0.908364
-0.622252
 0.176265
  -0.4379
 -1.33699
 0.151909
 -0.90667
-0.620049
 0.183972
-0.439724
 -1.33116
 0.146281
-0.908957
-0.621192
 0.187294
-0.446624
 -1.33583
 0.160639
-0.908128
-0.623241
 0.192733
-0.446332
 -1.32331
 0.142429
-0.911437
 -0.62064
 0.180552
-0.458704
 -1.31776
 0.155005
 -0.91109
-0.615039
 0.184552
-0.447909
 -1.31293
 0.141699
-0.916085
-0.617322
 0.185604
-0.456413
  -1.3247
 0.143433
-0.915059
-0.618267
 0.184761
 -0.45854
 -1.31513
 0.137325
-0.924057
-0.619161
 0.183785
-0.459558
  -1.3208
  0.15835
-0.908017
-0.619872
 0.184949
-0.455559
  -1.3274
 0.150118
-0.907806
-0.616397
 0.188888
 -0.45335
 -1.31743
0.148975
-0.91304
-0.62153
0.177001
-0.45055
-1.31036
 0.152679
-0.901649
-0.624545
 0.189405
-0.455112
 -1.32352
 0.158925
-0.902014
-0.627676
 0.186052
-0.441686
 -1.31329
 0.159749
-0.905092
-0.629203
 0.181665
-0.430638
 -1.34036
 0.145703
-0.906977
-0.620043
 0.182415
-0.444325
 -1.33269
 0.142767
-0.912605
-0.623293
 0.175124
-0.443273
 -1.34169
 0.145799
 -0.91562
-0.618661
 0.184162
 -0.44557
 -1.33447
 0.151685
-0.906055
-0.616371
 0.185836
 -0.45272
 -1.31452
 0.144886
-0.912634
-0.619366
 0.183347
-0.452818
 -1.30973
 0.167781
 -0.91119
-0.628803
 0.200492
-0.437321
 -1.32333
 0.150723
 -0.91054
-0.620982
 0.184799
-0.448353
 -1.33016
 0.147753
-0.906555
-0.620047
 0.188005
-0.449621
 -1.33026
 0.152346
-0.908833
-0.618894
 0.183862
-0.456692
 -1.33624
 0.152799
-0.903006
 -0.62682
 0.177839
-0.449014
 -1.33342
 0.167461
 -0.90281
-0.619794
 0.184843
-0.444339
 -1.31271
 0.159466
-0.904805
-0.619646
 0.176341
-0.443834
 -1.31271
 0.163582
-0.903781
-0.619901
 0.184623
-0.443249
 -1.31962
 0.159336
-0.903754
-0.622134
 0.183452
-0.449343
 -1.32104
 0.158214
-0.907159
 -0.61873
 0.185828
-0.447633
 -1.32275
 0.146323
 -0.91024
-0.618497
  0.17904
-0.453448
 -1.32027
 0.144641
-0.911252
-0.619699
 0.182767
-0.445218
 -1.32308
 0.155966
-0.915286
-0.621653
 0.184876
-0.448557
 -1.31691
 0.157514
 -0.91291
-0.623201
 0.183438
-0.443458
 -1.33443
 0.150811
-0.910387
-0.618801
 0.189038
-0.448388
 -1.33023
 0.156055
-0.907676
-0.618536
 0.177169
-0.447005
 -1.31817
 0.147161
-0.904914
 -0.62316
 0.184659
-0.452613
 -1.31767
 0.143109
 -0.90398
-0.626944
 0.195301
-0.443253
 -1.33067
 0.146301
-0.908001
-0.632711
 0.197834
-0.430531
 -1.34455
 0.148848
 -0.91251
-0.622912
 0.175547
-0.450753
 -1.32377
  0.14478
-0.920152
-0.620617
 0.186233
-0.453189
  -1.3292
  0.14843
-0.910387
-0.619491
 0.179913
-0.451101
 -1.31374
 0.141325
-0.914714
-0.619758
 0.178867
-0.440997
 -1.33361
 0.162768
 -0.90934
-0.619781
 0.178601
-0.442093
 -1.32674
 0.148356
-0.917769
-0.620574
 0.185886
-0.446302
 -1.32189
 0.140233
-0.919185
-0.619531
 0.177096
-0.450824
 -1.33292
 0.170592
-0.898367
-0.626511
 0.193538
-0.444043
  -1.3015
 0.149583
-0.906134
-0.619829
 0.184564
-0.452953
 -1.32099
 0.142876
-0.913127
-0.621818
 0.176584
 -0.44295
  -1.3237
    0.175
-0.900429
-0.623192
 0.178626
-0.442921
 -1.31465
 0.156728
-0.909776
-0.624236
 0.184723
-0.442398
 -1.32369
 0.144381
-0.910112
-0.619732
 0.186049
-0.452561
 -1.32225
 0.155717
 -0.90595
-0.623981
 0.184776
-0.441969
 -1.30347
 0.153242
 -0.90419
-0.626773
 0.184563
-0.447158
 -1.32952
 0.152874
-0.911541
-0.620787
 0.181921
-0.459788
 -1.32588
 0.152786
-0.910382
-0.617393
 0.185118
-0.444109
 -1.31693
  0.14515
-0.913348
-0.620834
 0.184569
-0.452439
 -1.32837
 0.161017
-0.910545
-0.618588
 0.182343
-0.451143
 -1.32453
 0.162887
-0.910255
-0.620777
 0.178692
-0.453665
  -1.3244
  0.14316
-0.914592
 -0.62161
 0.178119
 -0.45457
 -1.31712
  0.15673
 -0.91031
-0.620799
 0.178288
-0.445684
 -1.32399
 0.148784
-0.918986
 -0.61856
 0.189717
-0.450798
 -1.33392
 0.154434
-0.908563
-0.623128
 0.193103
-0.458472
 -1.32003
 0.157894
-0.905378
-0.624316
 0.192466
-0.438956
 -1.31503
 0.145614
-0.915074
-0.617441
 0.184851
-0.453992
 -1.32936
 0.157208
-0.904027
-0.619543
 0.178082
-0.444608
 -1.30517
 0.167916
-0.904421
-0.626828
 0.186906
 -0.44096
  -1.3316
  0.15285
 -0.91034
-0.627676
 0.192869
-0.445558
 -1.32549
