-1.51677
 1.85963
0.466091
-1.02966
 1.13679
  1.2277
0.400806
-1.51677
 1.85963
0.466091
-1.02966
 1.13679
  1.2277
0.400806
-1.51677
 1.85963
0.466091
-1.02967
 1.13679
  1.2277
0.400806
-1.51677
 1.85963
0.466091
-1.02966
 1.13679
  1.2277
0.400806
-1.51677
 1.85963
0.466096
-1.02966
 1.13679
  1.2277
0.400805
-1.51677
 1.85963
0.466107
-1.02966
  1.1368
 1.22771
0.400801
-1.51677
 1.85962
0.466128
-1.02966
 1.13681
 1.22773
0.400794
 -1.5168
 1.85961
 0.46612
-1.02968
 1.13685
 1.22778
0.400766
-1.51682
  1.8596
0.466081
-1.02971
 1.13701
 1.22788
0.400683
-1.51687
 1.85959
0.465982
-1.02981
 1.13729
 1.22811
0.400487
-1.51691
 1.85949
0.465861
 -1.0299
 1.13768
 1.22845
0.400194
  -1.517
 1.85933
0.465621
-1.03002
  1.1382
 1.22888
0.399849
-1.51703
 1.85922
0.465234
-1.03032
 1.13878
  1.2294
 0.39949
-1.51706
 1.85903
 0.46473
-1.03068
 1.13941
 1.23003
0.399081
-1.51709
 1.85874
0.464122
-1.03102
 1.14012
 1.23073
0.398634
-1.51716
 1.85836
0.463409
-1.03133
 1.14087
 1.23143
0.398149
-1.51718
 1.85812
0.462573
-1.03191
 1.14167
 1.23214
0.397674
-1.51725
 1.85781
0.461675
-1.03237
 1.14248
 1.23288
0.397224
-1.51727
 1.85736
0.460872
-1.03276
 1.14325
 1.23362
0.396771
-1.51727
   1.857
0.460038
-1.03326
 1.14399
 1.23433
 0.39634
-1.51725
 1.85673
0.459165
-1.03374
 1.14471
 1.23494
0.395963
-1.51732
 1.85636
0.458318
-1.03399
 1.14537
 1.23552
0.395682
-1.51735
 1.85605
0.457529
-1.03436
 1.14591
 1.23608
0.395447
-1.51745
 1.85573
0.456787
-1.03458
 1.14639
 1.23653
0.395209
-1.51748
 1.85538
0.456137
-1.03483
 1.14684
 1.23692
0.394949
-1.51753
 1.85517
0.455411
-1.03518
 1.14726
 1.23732
0.394682
-1.51755
 1.85497
0.454702
-1.03556
 1.14767
 1.23772
0.394434
-1.51766
 1.85466
0.454013
-1.03571
 1.14811
 1.23813
0.394178
-1.51766
 1.85441
0.453383
-1.03599
 1.14851
  1.2385
0.393934
-1.51775
 1.85404
0.452763
-1.03609
 1.14893
 1.23886
0.393707
-1.51784
  1.8538
0.452072
-1.03639
 1.14931
 1.23923
0.393477
-1.51781
 1.85355
0.451463
-1.03679
 1.14971
 1.23969
0.393243
-1.51789
 1.85322
0.450865
-1.03702
 1.15013
 1.24014
0.393002
-1.51793
 1.85288
0.450302
-1.03724
 1.15054
 1.24055
0.392733
-1.51799
 1.85258
0.449706
-1.03753
 1.15097
 1.24093
0.392454
  -1.518
 1.85238
0.449103
-1.03785
 1.15137
 1.24132
0.392186
-1.51808
 1.85215
0.448506
-1.03807
  1.1518
 1.24181
0.391917
-1.51808
 1.85191
0.447957
-1.03833
 1.15223
 1.24228
0.391668
-1.51814
 1.85166
 0.44739
-1.03853
 1.15267
  1.2427
0.391426
 -1.5181
 1.85143
0.446852
-1.03881
 1.15309
 1.24314
0.391185
-1.51816
  1.8511
0.446281
-1.03891
 1.15351
 1.24362
0.390934
 -1.5182
 1.85094
0.445645
-1.03919
 1.15392
 1.24412
0.390667
-1.51818
  1.8508
0.445028
-1.03955
 1.15435
 1.24458
0.390384
-1.51823
 1.85056
0.444451
-1.03974
 1.15478
 1.24503
0.390119
-1.51823
 1.85041
0.443875
-1.04006
 1.15521
 1.24549
0.389871
-1.51831
 1.85014
0.443272
-1.04019
 1.15564
 1.24596
 0.38963
-1.51829
 1.84988
0.442727
-1.04042
 1.15606
 1.24641
0.389392
-1.51833
 1.84978
0.442038
-1.04079
 1.15649
 1.24682
0.389148
-1.51839
 1.84961
0.441372
-1.04107
  1.1569
 1.24723
0.388896
-1.51839
 1.84942
  0.4408
-1.04134
 1.15734
  1.2477
0.388636
-1.51845
 1.84924
0.440178
-1.04155
 1.15778
 1.24818
0.388357
-1.51841
 1.84909
0.439625
-1.04188
  1.1582
 1.24858
0.388085
-1.51849
 1.84887
0.439029
-1.04203
 1.15866
 1.24896
0.387853
-1.51856
 1.84869
0.438371
-1.04226
 1.15909
 1.24939
0.387613
-1.51855
 1.84848
  0.4378
-1.04253
 1.15952
 1.24983
0.387367
-1.51862
 1.84822
0.437203
-1.04273
 1.15995
 1.25025
0.387122
-1.51857
 1.84811
0.436599
-1.04317
 1.16037
 1.25068
0.386864
-1.51866
 1.84791
0.435913
 -1.0434
 1.16083
  1.2511
0.386604
-1.51867
 1.84765
0.435303
-1.04363
 1.16124
 1.25154
0.386338
-1.51875
 1.84742
0.434656
-1.04381
 1.16167
 1.25199
 0.38607
-1.51883
 1.84722
0.433993
-1.04404
  1.1621
 1.25239
 0.38583
-1.51883
 1.84703
0.433414
 -1.0443
 1.16256
 1.25283
0.385595
-1.51885
 1.84684
0.432846
 -1.0446
 1.16298
  1.2533
0.385346
-1.51896
 1.84659
0.432201
-1.04476
 1.16342
 1.25374
0.385098
-1.51901
 1.84637
0.431565
-1.04501
 1.16383
 1.25418
0.384834
-1.51912
 1.84614
0.430914
-1.04518
 1.16427
 1.25462
 0.38457
-1.51911
 1.84596
0.430354
-1.04547
 1.16466
 1.25507
0.384309
-1.51917
 1.84574
0.429746
-1.04566
 1.16508
 1.25554
0.384047
-1.51928
 1.84549
0.429071
-1.04584
 1.16548
   1.256
0.383802
-1.51937
 1.84515
0.428487
-1.04595
 1.16592
  1.2564
0.383577
-1.51947
 1.84501
0.427809
-1.04631
 1.16635
 1.25679
 0.38334
-1.51948
 1.84485
0.427199
-1.04665
 1.16678
 1.25724
0.383087
-1.51958
 1.84456
  0.4266
-1.04681
  1.1672
 1.25769
0.382826
-1.51971
 1.84432
0.425958
-1.04703
 1.16759
 1.25809
0.382565
-1.51974
 1.84408
0.425364
-1.04722
   1.168
 1.25847
0.382307
-1.51984
 1.84387
0.424704
-1.04743
 1.16838
 1.25886
 0.38206
-1.51998
 1.84361
0.424066
-1.04753
  1.1688
 1.25929
0.381824
-1.52002
 1.84341
0.423465
-1.04779
 1.16922
 1.25974
0.381597
-1.52009
 1.84316
0.422831
-1.04796
 1.16964
 1.26015
0.381375
-1.52023
  1.8429
0.422158
 -1.0481
 1.17005
 1.26052
0.381138
-1.52026
 1.84267
0.421548
-1.04836
 1.17045
 1.26092
0.380884
 -1.5204
 1.84243
0.420842
-1.04849
 1.17085
 1.26138
0.380627
-1.52052
 1.84222
0.420156
-1.04874
 1.17123
 1.26183
0.380379
-1.52056
 1.84201
0.419576
-1.04902
 1.17162
 1.26221
 0.38015
-1.52066
 1.84175
0.418967
-1.04919
 1.17202
  1.2626
0.379932
-1.52081
 1.84152
0.418272
-1.04938
 1.17242
 1.26307
0.379708
-1.52093
 1.84133
0.417612
-1.04958
 1.17284
 1.26356
0.379474
-1.52105
 1.84123
0.416965
-1.04989
 1.17325
   1.264
0.379253
 -1.5211
   1.841
0.416456
 -1.0501
 1.17366
 1.26444
0.379012
-1.52121
 1.84075
0.415911
-1.05023
 1.17407
 1.26486
0.378759
-1.52134
 1.84064
0.415253
-1.05051
 1.17444
  1.2653
0.378508
-1.52144
  1.8405
0.414628
-1.05077
 1.17483
 1.26574
0.378261
-1.52149
 1.84032
 0.41409
-1.05099
 1.17522
 1.26616
0.378038
-1.52152
 1.84018
0.413557
-1.05132
 1.17562
 1.26657
0.377818
 -1.5216
 1.84001
0.412957
-1.05158
 1.17604
   1.267
  0.3776
-1.52162
  1.8398
 0.41238
-1.05177
 1.17645
 1.26744
 0.37737
-1.52168
 1.83963
0.411762
-1.05204
 1.17685
 1.26787
0.377134
-1.52174
 1.83948
0.411166
-1.05233
 1.17725
 1.26826
0.376901
-1.52172
 1.83928
0.410688
-1.05256
 1.17764
 1.26867
0.376654
-1.52168
 1.83917
0.410152
-1.05293
 1.17801
  1.2691
0.376411
-1.52171
 1.83904
0.409552
-1.05323
  1.1784
 1.26953
 0.37618
-1.52166
 1.83882
 0.40907
-1.05345
 1.17877
 1.26994
0.375969
-1.52171
 1.83859
0.408548
-1.05358
 1.17916
 1.27033
0.375768
-1.52172
  1.8385
0.407943
-1.05389
 1.17956
 1.27071
0.375563
-1.52163
  1.8384
0.407459
 -1.0542
 1.17997
 1.27114
0.375339
-1.52159
 1.83827
0.406974
-1.05452
 1.18036
 1.27159
0.375101
-1.52165
 1.83806
0.406398
-1.05474
 1.18076
 1.27198
0.374881
-1.52168
 1.83793
 0.40579
-1.05506
 1.18114
 1.27237
0.374645
-1.52163
 1.83786
0.405242
-1.05545
  1.1815
  1.2728
0.374408
-1.52161
 1.83764
0.404775
-1.05566
 1.18188
 1.27325
0.374197
-1.52168
 1.83738
0.404248
-1.05577
 1.18227
 1.27366
0.373994
-1.52163
 1.83721
0.403719
-1.05604
 1.18264
 1.27405
0.373799
-1.52163
   1.837
0.403177
-1.05623
 1.18304
 1.27448
0.373598
-1.52164
 1.83684
0.402622
 -1.0565
 1.18339
 1.27494
 0.37339
-1.52168
 1.83664
0.402074
-1.05673
 1.18376
 1.27537
0.373154
-1.52165
 1.83635
0.401611
-1.05684
 1.18414
 1.27579
 0.37292
-1.52162
 1.83614
0.401124
-1.05705
 1.18453
 1.27619
0.372695
-1.52163
 1.83598
0.400516
-1.05726
 1.18489
 1.27659
0.372464
-1.52158
 1.83582
0.399977
-1.05752
 1.18525
 1.27701
0.372245
-1.52156
 1.83568
0.399404
-1.05782
 1.18564
 1.27741
0.372044
 -1.5216
 1.83535
0.398854
-1.05793
 1.18601
 1.27777
0.371851
 -1.5216
 1.83511
0.398299
-1.05812
 1.18638
  1.2781
0.371652
-1.52154
 1.83502
0.397769
-1.05852
 1.18676
 1.27846
0.371451
-1.52151
 1.83492
0.397209
-1.05885
 1.18712
 1.27887
0.371233
-1.52158
  1.8347
 0.39663
-1.05905
 1.18747
  1.2793
0.371006
-1.52165
 1.83454
0.396059
-1.05933
 1.18785
 1.27967
0.370766
 -1.5216
 1.83454
0.395543
-1.05981
 1.18821
    1.28
0.370543
-1.52157
 1.83447
0.395025
-1.06023
 1.18857
 1.28037
 0.37033
-1.52168
 1.83425
0.394446
-1.06034
 1.18896
  1.2808
0.370121
-1.52176
 1.83412
0.393864
-1.06056
 1.18931
 1.28124
0.369924
 -1.5217
 1.83412
0.393366
 -1.0609
 1.18967
 1.28164
0.369727
 -1.5217
 1.83408
0.392846
-1.06118
 1.19004
 1.28201
 0.36953
-1.52179
 1.83395
0.392293
-1.06125
  1.1904
 1.28242
0.369322
-1.52188
 1.83387
0.391722
-1.06137
 1.19076
 1.28285
0.369108
-1.52185
 1.83385
0.391228
-1.06161
 1.19112
  1.2833
 0.36888
-1.52185
  1.8337
0.390776
-1.06172
 1.19149
 1.28371
0.368644
-1.52195
 1.83357
0.390187
-1.06187
 1.19184
 1.28407
0.368423
-1.52203
 1.83346
0.389595
-1.06208
 1.19218
 1.28445
0.368233
-1.52201
 1.83337
  0.3891
-1.06236
 1.19251
 1.28487
0.368036
-1.52203
 1.83314
0.388651
-1.06246
 1.19286
 1.28531
0.367839
-1.52213
 1.83293
0.388086
-1.06257
  1.1932
 1.28571
0.367636
-1.52222
 1.83281
0.387493
-1.06278
 1.19353
 1.28607
 0.36743
-1.52221
 1.83265
0.387025
-1.06301
 1.19388
 1.28644
0.367215
-1.52222
 1.83252
0.386535
-1.06325
  1.1942
 1.28686
0.366997
 -1.5223
 1.83223
0.386021
-1.06332
 1.19456
 1.28727
0.366779
-1.52236
 1.83204
0.385462
 -1.0635
  1.1949
 1.28764
0.366552
-1.52245
  1.8319
0.384901
-1.06371
 1.19524
 1.28799
0.366341
-1.52245
 1.83163
0.384461
-1.06386
 1.19559
 1.28839
 0.36615
-1.52246
 1.83148
0.383981
-1.06414
 1.19593
 1.28879
0.365957
-1.52255
 1.83131
0.383402
-1.06434
 1.19627
  1.2892
0.365756
-1.52264
 1.83107
0.382874
-1.06445
 1.19659
 1.28957
0.365556
-1.52264
 1.83091
0.382424
 -1.0647
 1.19693
 1.28992
0.365342
-1.52265
 1.83065
0.381992
-1.06483
  1.1973
 1.29031
0.365128
 -1.5227
 1.83053
 0.38144
-1.06504
 1.19762
  1.2907
0.364912
-1.52275
 1.83039
0.380883
-1.06519
 1.19796
 1.29111
0.364699
-1.52285
 1.83017
0.380358
-1.06531
 1.19831
 1.29149
0.364487
-1.52284
    1.83
0.379907
-1.06549
 1.19862
 1.29185
0.364289
-1.52286
 1.82974
0.379485
-1.06556
 1.19897
 1.29226
0.364105
-1.52292
 1.82961
0.378918
-1.06579
 1.19929
 1.29267
0.363942
-1.52295
 1.82946
0.378353
-1.06605
 1.19961
 1.29306
0.363757
-1.52304
 1.82923
0.377859
-1.06621
 1.19993
 1.29342
0.363562
-1.52305
 1.82906
0.377405
 -1.0665
 1.20025
 1.29376
0.363355
-1.52306
 1.82884
 0.37696
 -1.0667
  1.2006
 1.29416
0.363151
 -1.5231
 1.82872
0.376442
-1.06693
 1.20092
 1.29455
0.362943
-1.52316
  1.8285
0.375952
-1.06702
 1.20125
 1.29493
0.362748
-1.52323
 1.82839
0.375443
-1.06717
 1.20154
 1.29527
0.362569
 -1.5232
 1.82825
0.375038
-1.06738
 1.20184
  1.2956
0.362407
 -1.5232
 1.82816
 0.37459
 -1.0676
 1.20215
 1.29591
0.362236
-1.52325
 1.82796
0.374107
-1.06772
 1.20244
 1.29629
0.362065
-1.52324
 1.82788
0.373615
-1.06796
 1.20271
 1.29667
0.361907
-1.52331
 1.82768
0.373107
-1.06806
 1.20301
 1.29703
0.361749
-1.52338
 1.82759
0.372564
-1.06824
 1.20328
 1.29737
0.361576
-1.52335
 1.82749
 0.37214
-1.06846
 1.20358
 1.29769
0.361383
-1.52334
  1.8274
0.371711
-1.06866
 1.20391
   1.298
0.361196
-1.52339
 1.82724
0.371226
-1.06874
 1.20426
 1.29837
0.360996
-1.52339
 1.82716
0.370734
-1.06893
 1.20457
 1.29876
0.360803
-1.52342
 1.82705
0.370235
-1.06909
 1.20488
 1.29913
0.360619
-1.52347
   1.827
 0.36973
 -1.0693
 1.20518
 1.29943
0.360455
-1.52347
  1.8268
0.369343
-1.06942
 1.20548
 1.29977
0.360294
-1.52347
 1.82664
0.368935
-1.06959
 1.20576
 1.30014
0.360131
-1.52349
 1.82652
0.368419
-1.06987
 1.20605
 1.30053
0.359962
 -1.5235
 1.82631
0.367943
-1.07002
 1.20634
 1.30092
0.359784
-1.52354
 1.82611
0.367441
-1.07025
 1.20661
 1.30128
0.359617
-1.52363
 1.82589
0.366942
-1.07039
 1.20692
 1.30161
0.359434
-1.52358
 1.82579
0.366502
-1.07078
 1.20723
 1.30194
0.359244
-1.52359
 1.82553
0.366099
-1.07089
 1.20758
  1.3023
0.359047
-1.52366
 1.82528
0.365657
-1.07097
 1.20789
 1.30273
0.358857
-1.52363
 1.82524
0.365179
-1.07128
  1.2082
 1.30311
0.358672
-1.52369
 1.82505
 0.36472
-1.07133
 1.20852
 1.30343
0.358504
-1.52379
 1.82483
0.364282
-1.07134
 1.20882
 1.30376
0.358342
-1.52376
 1.82477
 0.36389
-1.07156
  1.2091
  1.3041
0.358186
-1.52376
 1.82458
 0.36353
-1.07163
 1.20938
 1.30448
0.358025
-1.52381
 1.82452
0.363039
-1.07181
 1.20966
 1.30485
0.357851
-1.52381
 1.82443
0.362581
-1.07201
 1.20995
 1.30518
0.357677
-1.52384
 1.82425
0.362152
-1.07205
 1.21026
 1.30545
0.357503
-1.52389
 1.82422
 0.36165
-1.07222
 1.21056
 1.30573
0.357331
-1.52395
 1.82411
0.361175
-1.07236
 1.21088
 1.30604
0.357147
-1.52395
 1.82398
0.360805
-1.07249
 1.21117
 1.30637
0.356965
-1.52395
 1.82394
0.360388
-1.07275
 1.21144
 1.30672
0.356785
-1.52399
 1.82384
0.359901
-1.07299
 1.21171
 1.30704
0.356618
-1.52401
 1.82367
0.359474
-1.07307
 1.21198
 1.30736
0.356465
-1.52402
 1.82354
0.359028
-1.07326
 1.21222
 1.30767
0.356318
-1.52406
 1.82347
0.358541
-1.07344
 1.21246
 1.30796
0.356174
-1.52412
 1.82341
0.358068
 -1.0737
 1.21272
 1.30826
0.356029
-1.52412
 1.82322
0.357718
-1.07378
   1.213
 1.30861
0.355873
-1.52413
 1.82315
0.357312
-1.07399
 1.21324
 1.30895
0.355707
-1.52416
 1.82306
0.356887
-1.07413
  1.2135
 1.30926
0.355528
-1.52417
 1.82293
0.356478
 -1.0742
 1.21377
 1.30953
 0.35536
-1.52417
 1.82278
0.356092
-1.07432
 1.21403
 1.30985
0.355195
-1.52418
 1.82271
0.355648
 -1.0745
 1.21429
 1.31017
0.355024
-1.52422
 1.82264
0.355179
-1.07471
 1.21456
 1.31052
0.354849
-1.52432
 1.82242
0.354742
-1.07475
 1.21483
 1.31085
0.354689
-1.52429
 1.82227
0.354425
-1.07493
 1.21507
 1.31116
0.354555
-1.52428
 1.82222
0.354046
-1.07516
 1.21535
 1.31145
0.354427
-1.52432
 1.82214
0.353591
-1.07539
  1.2156
 1.31176
0.354304
-1.52435
 1.82194
0.353197
-1.07546
 1.21585
 1.31213
0.354184
-1.52436
 1.82177
0.352787
 -1.0756
 1.21609
  1.3125
0.354056
-1.52437
 1.82155
0.352414
-1.07566
 1.21634
 1.31284
0.353917
-1.52439
 1.82152
0.351957
-1.07593
 1.21658
 1.31313
0.353778
-1.52445
 1.82142
0.351517
-1.07612
 1.21683
 1.31343
0.353621
-1.52445
 1.82124
0.351184
-1.07624
 1.21709
 1.31377
0.353457
-1.52445
 1.82112
0.350835
-1.07641
 1.21734
 1.31412
0.353288
-1.52451
 1.82094
0.350426
-1.07645
  1.2176
 1.31445
0.353129
-1.52451
 1.82078
0.350063
-1.07655
 1.21785
 1.31475
0.352974
-1.52452
 1.82069
0.349649
-1.07671
 1.21812
   1.315
0.352814
-1.52452
 1.82063
0.349234
-1.07693
 1.21836
 1.31525
0.352671
-1.52454
 1.82046
0.348837
-1.07705
 1.21863
 1.31552
0.352542
 -1.5246
 1.82028
0.348433
-1.07709
 1.21887
 1.31582
0.352411
-1.52468
 1.82017
0.348001
-1.07725
 1.21912
 1.31614
 0.35228
-1.52466
 1.82003
0.347702
-1.07741
 1.21935
 1.31645
0.352155
-1.52468
 1.81982
0.347396
 -1.0775
 1.21961
 1.31675
0.352025
-1.52473
 1.81975
0.346944
-1.07776
 1.21986
 1.31697
0.351896
-1.52474
 1.81962
 0.34654
-1.07789
 1.22013
 1.31718
0.351756
-1.52476
 1.81949
 0.34615
-1.07806
 1.22037
 1.31743
0.351605
-1.52476
 1.81937
 0.34579
-1.07822
 1.22061
 1.31771
0.351453
-1.52479
  1.8192
0.345434
-1.07827
 1.22086
 1.31802
0.351293
-1.52479
 1.81909
0.345056
-1.07842
 1.22111
 1.31836
 0.35113
-1.52479
 1.81901
0.344677
-1.07858
 1.22135
 1.31867
0.350986
-1.52484
  1.8189
0.344283
-1.07872
 1.22156
 1.31893
0.350853
-1.52494
 1.81875
0.343897
-1.07877
 1.22179
 1.31915
0.350729
-1.52493
 1.81867
 0.34359
-1.07898
   1.222
 1.31939
0.350603
-1.52493
  1.8186
0.343287
-1.07917
 1.22221
 1.31969
0.350478
  -1.525
 1.81846
0.342907
-1.07922
 1.22242
    1.32
0.350358
-1.52502
 1.81837
0.342549
-1.07938
 1.22264
 1.32033
0.350242
-1.52502
  1.8183
0.342167
-1.07955
 1.22287
 1.32064
0.350122
-1.52503
 1.81821
 0.34182
-1.07971
 1.22309
 1.32091
0.349999
-1.52505
 1.81807
0.341483
-1.07979
 1.22331
 1.32115
0.349876
-1.52505
 1.81797
 0.34115
-1.07996
 1.22352
 1.32141
0.349745
-1.52506
 1.81788
0.340805
-1.08009
 1.22375
 1.32169
0.349611
-1.52509
  1.8178
0.340435
-1.08025
 1.22397
 1.32199
0.349477
-1.52516
 1.81771
0.340057
-1.08039
 1.22418
 1.32234
0.349332
-1.52516
 1.81758
0.339769
-1.08049
 1.22439
 1.32264
0.349179
-1.52517
 1.81749
0.339478
-1.08068
  1.2246
 1.32286
0.349028
-1.52521
 1.81739
0.339129
-1.08078
 1.22482
 1.32304
0.348892
-1.52522
 1.81732
0.338794
-1.08092
 1.22503
 1.32324
 0.34878
-1.52522
 1.81722
0.338462
-1.08107
 1.22524
 1.32347
0.348676
-1.52525
 1.81708
0.338115
-1.08113
 1.22544
 1.32372
 0.34857
-1.52525
 1.81698
0.337781
-1.08128
 1.22562
   1.324
0.348458
-1.52527
  1.8169
0.337427
 -1.0814
 1.22581
 1.32426
0.348346
-1.52527
 1.81679
0.337095
-1.08151
 1.22599
 1.32455
0.348239
-1.52529
  1.8167
0.336765
-1.08163
 1.22618
  1.3248
0.348126
-1.52531
  1.8166
0.336434
-1.08173
 1.22636
 1.32502
0.348012
-1.52535
 1.81657
0.336062
-1.08189
 1.22654
 1.32523
0.347895
-1.52544
 1.81654
0.335664
-1.08205
 1.22673
 1.32543
0.347773
-1.52546
 1.81635
0.335424
-1.08204
 1.22692
 1.32567
0.347652
-1.52548
 1.81623
0.335157
-1.08216
  1.2271
 1.32594
 0.34753
-1.52554
 1.81614
0.334804
-1.08228
 1.22729
 1.32619
0.347408
-1.52557
 1.81601
0.334473
-1.08237
 1.22747
 1.32644
0.347281
 -1.5256
 1.81588
0.334139
-1.08251
 1.22765
 1.32669
0.347156
-1.52562
 1.81579
0.333786
-1.08267
 1.22783
 1.32691
0.347026
-1.52564
 1.81569
 0.33343
-1.08281
 1.22801
 1.32713
0.346901
-1.52567
  1.8155
0.333145
 -1.0828
  1.2282
 1.32734
0.346805
-1.52569
 1.81535
0.332855
-1.08286
 1.22839
 1.32757
0.346722
 -1.5257
 1.81529
0.332552
-1.08295
 1.22859
  1.3278
0.346649
-1.52573
  1.8152
0.332265
-1.08298
 1.22879
 1.32807
0.346574
-1.52575
 1.81516
 0.33196
-1.08308
 1.22897
 1.32833
0.346497
-1.52576
 1.81513
0.331655
-1.08316
 1.22915
 1.32854
0.346417
-1.52578
 1.81501
0.331388
-1.08313
 1.22936
 1.32878
0.346329
-1.52584
 1.81492
0.331074
-1.08314
 1.22955
 1.32902
0.346239
-1.52591
 1.81491
 0.33075
 -1.0832
 1.22973
 1.32921
0.346141
-1.52589
 1.81492
0.330516
 -1.0833
  1.2299
 1.32942
0.346043
 -1.5259
 1.81495
0.330272
-1.08338
 1.23007
 1.32965
0.345946
-1.52597
 1.81487
0.329987
-1.08336
 1.23026
 1.32989
0.345842
-1.52598
 1.81484
0.329718
-1.08341
 1.23043
 1.33011
0.345728
-1.52598
 1.81489
0.329406
-1.08357
 1.23058
 1.33033
0.345623
-1.52598
  1.8149
0.329096
-1.08375
 1.23074
 1.33055
0.345514
-1.52599
 1.81483
0.328861
-1.08381
  1.2309
 1.33075
0.345405
-1.52602
  1.8148
0.328601
-1.08388
 1.23107
 1.33095
0.345301
-1.52601
 1.81485
0.328322
-1.08403
 1.23122
 1.33115
0.345196
-1.52601
  1.8149
0.328062
-1.08418
 1.23139
 1.33133
0.345095
-1.52603
  1.8148
0.327831
 -1.0842
 1.23158
 1.33154
 0.34499
-1.52603
 1.81474
0.327573
-1.08432
 1.23174
 1.33176
0.344891
-1.52603
 1.81479
0.327262
 -1.0845
 1.23191
 1.33194
0.344798
-1.52603
  1.8148
0.326976
-1.08464
 1.23209
 1.33212
 0.34471
-1.52603
  1.8147
0.326757
-1.08466
 1.23225
  1.3323
0.344626
-1.52604
 1.81462
0.326519
-1.08468
 1.23239
 1.33246
0.344551
-1.52603
 1.81464
0.326263
-1.08476
  1.2325
 1.33259
0.344484
-1.52603
 1.81458
0.326031
-1.08483
 1.23262
 1.33273
0.344416
-1.52607
 1.81457
0.325765
-1.08491
 1.23273
 1.33286
0.344347
-1.52612
 1.81454
0.325474
-1.08502
 1.23286
 1.33302
0.344273
-1.52611
 1.81439
0.325322
  -1.085
 1.23298
 1.33323
0.344188
-1.52611
 1.81427
0.325139
-1.08506
  1.2331
 1.33348
0.344102
-1.52613
 1.81429
0.324857
 -1.0852
 1.23319
 1.33368
0.344011
-1.52613
 1.81413
0.324645
-1.08519
 1.23332
 1.33391
0.343914
-1.52614
 1.81411
0.324389
-1.08529
 1.23343
 1.33413
0.343814
-1.52615
 1.81405
0.324149
 -1.0853
 1.23355
 1.33434
0.343716
-1.52616
 1.81393
0.323943
-1.08528
  1.2337
 1.33453
0.343615
-1.52615
 1.81391
0.323733
-1.08534
 1.23382
 1.33468
0.343519
-1.52618
 1.81376
0.323533
-1.08532
 1.23396
 1.33483
0.343424
-1.52619
 1.81373
0.323275
-1.08546
 1.23411
 1.33497
0.343334
 -1.5262
 1.81369
0.323015
-1.08554
 1.23425
 1.33513
0.343244
-1.52621
  1.8136
0.322807
-1.08563
 1.23436
 1.33533
0.343158
-1.52623
 1.81351
0.322594
-1.08566
  1.2345
 1.33554
0.343071
-1.52625
 1.81337
0.322385
-1.08572
 1.23467
 1.33574
 0.34299
-1.52626
 1.81333
0.322147
-1.08591
  1.2348
 1.33587
 0.34292
-1.52629
 1.81314
0.321955
 -1.0859
 1.23496
 1.33599
0.342857
-1.52631
 1.81306
0.321736
-1.08602
 1.23511
 1.33611
0.342792
-1.52631
 1.81301
0.321495
-1.08612
 1.23528
 1.33621
0.342726
-1.52634
 1.81286
0.321307
-1.08605
 1.23544
 1.33631
0.342658
-1.52636
 1.81281
0.321078
-1.08605
 1.23559
  1.3364
0.342587
-1.52637
 1.81271
0.320862
-1.08605
 1.23572
  1.3365
0.342522
 -1.5264
 1.81266
0.320622
  -1.086
 1.23584
 1.33658
0.342462
-1.52644
 1.81253
0.320388
-1.08594
 1.23597
 1.33672
0.342405
-1.52647
 1.81255
0.320124
-1.08604
 1.23606
 1.33686
 0.34235
-1.52653
 1.81242
0.319902
-1.08594
 1.23616
 1.33704
  0.3423
-1.52665
 1.81237
0.319612
-1.08594
 1.23624
 1.33722
0.342248
 -1.5268
 1.81229
 0.31934
-1.08592
 1.23632
 1.33742
0.342195
-1.52687
 1.81228
0.319139
-1.08598
  1.2364
 1.33761
0.342134
-1.52696
 1.81225
0.318919
-1.08605
 1.23649
 1.33785
 0.34207
-1.52714
 1.81221
0.318609
-1.08605
 1.23657
 1.33801
0.342002
-1.52729
 1.81212
0.318346
-1.08604
 1.23665
 1.33815
0.341928
-1.52741
 1.81214
 0.31806
-1.08614
 1.23673
 1.33825
0.341847
-1.52755
 1.81204
0.317822
 -1.0861
 1.23681
 1.33833
0.341767
-1.52767
  1.8121
0.317544
-1.08627
 1.23688
  1.3384
0.341689
-1.52781
 1.81202
 0.31729
-1.08623
 1.23697
 1.33849
0.341619
-1.52795
 1.81193
0.317055
-1.08622
 1.23704
 1.33855
0.341557
-1.52809
 1.81191
0.316782
-1.08622
 1.23714
 1.33859
0.341501
-1.52822
 1.81189
0.316505
-1.08626
 1.23725
 1.33866
0.341458
-1.52836
 1.81187
0.316229
-1.08628
 1.23736
 1.33875
0.341418
-1.52851
 1.81177
0.315979
-1.08622
 1.23748
 1.33891
0.341377
-1.52862
  1.8118
0.315708
-1.08631
 1.23758
 1.33906
0.341335
-1.52875
 1.81167
0.315515
-1.08617
 1.23771
 1.33922
0.341294
-1.52885
  1.8116
0.315327
 -1.0862
 1.23779
 1.33936
0.341255
-1.52893
 1.81163
0.315132
 -1.0863
 1.23788
 1.33946
0.341219
-1.52903
 1.81159
0.314949
-1.08632
 1.23798
  1.3396
0.341183
-1.52911
 1.81149
0.314816
-1.08631
 1.23809
 1.33978
0.341149
-1.52918
 1.81143
 0.31468
-1.08631
  1.2382
 1.33992
0.341117
-1.52923
 1.81136
0.314554
-1.08634
  1.2383
 1.34004
0.341081
-1.52925
 1.81138
0.314404
-1.08642
 1.23839
 1.34012
0.341049
-1.52927
 1.81136
0.314265
-1.08653
 1.23848
 1.34022
0.341017
-1.52929
 1.81122
0.314171
-1.08645
 1.23859
 1.34031
0.340987
-1.52928
 1.81128
0.314022
 -1.0866
 1.23864
 1.34038
0.340962
-1.52928
 1.81119
0.313912
-1.08658
  1.2387
 1.34046
0.340937
-1.52929
 1.81107
0.313811
-1.08655
 1.23876
 1.34053
0.340912
-1.52929
 1.81112
0.313673
-1.08673
 1.23882
 1.34059
0.340874
-1.52929
 1.81109
0.313555
-1.08678
 1.23888
 1.34065
0.340824
-1.52928
 1.81101
0.313502
-1.08681
 1.23893
 1.34074
0.340766
-1.52927
 1.81094
0.313449
-1.08686
 1.23899
 1.34081
0.340707
-1.52925
 1.81093
0.313399
-1.08695
 1.23903
 1.34086
0.340647
-1.52921
 1.81095
 0.31335
 -1.0871
 1.23909
 1.34094
 0.34059
-1.52916
 1.81088
0.313341
-1.08716
 1.23915
 1.34107
0.340533
-1.52912
 1.81087
 0.31332
-1.08721
 1.23919
 1.34119
0.340478
-1.52904
 1.81086
0.313303
 -1.0873
 1.23924
 1.34133
0.340427
-1.52896
 1.81081
0.313306
-1.08735
 1.23928
 1.34144
0.340375
-1.52888
 1.81071
0.313317
-1.08733
 1.23935
 1.34157
0.340324
-1.52875
 1.81078
0.313294
-1.08756
 1.23938
 1.34168
0.340276
-1.52861
  1.8108
0.313298
-1.08773
 1.23943
 1.34173
0.340235
 -1.5285
 1.81065
 0.31334
-1.08771
 1.23948
  1.3418
 0.34021
-1.52837
 1.81057
0.313368
 -1.0878
 1.23951
 1.34186
0.340193
 -1.5282
 1.81064
0.313347
-1.08802
 1.23955
 1.34186
0.340177
-1.52805
 1.81064
0.313337
-1.08817
  1.2396
 1.34188
0.340163
-1.52795
 1.81055
0.313335
-1.08817
 1.23965
  1.3419
0.340149
-1.52786
  1.8105
0.313324
-1.08823
 1.23967
 1.34192
0.340133
-1.52777
 1.81045
0.313301
-1.08826
 1.23971
 1.34192
0.340117
-1.52769
 1.81051
 0.31323
-1.08841
 1.23975
 1.34193
0.340102
-1.52765
 1.81049
0.313179
-1.08844
  1.2398
 1.34195
0.340085
-1.52761
 1.81049
0.313144
-1.08849
 1.23984
   1.342
0.340064
-1.52756
 1.81052
0.313111
-1.08855
 1.23987
 1.34203
0.340043
-1.52753
 1.81048
0.313106
-1.08855
 1.23991
 1.34207
0.340019
-1.52752
 1.81045
0.313097
-1.08851
 1.23996
 1.34211
 0.33999
-1.52752
 1.81051
0.313027
-1.08865
 1.23997
 1.34215
0.339961
-1.52755
 1.81051
0.312965
-1.08869
 1.24002
 1.34218
0.339932
 -1.5275
 1.81047
0.313009
-1.08873
 1.24005
 1.34222
0.339903
-1.52746
 1.81047
0.313027
-1.08884
 1.24007
 1.34227
0.339871
-1.52746
 1.81045
0.312992
 -1.0889
 1.24009
 1.34231
0.339841
-1.52744
 1.81041
0.312992
-1.08889
 1.24012
 1.34234
0.339815
 -1.5274
 1.81038
0.312995
-1.08895
 1.24015
 1.34238
0.339802
-1.52735
 1.81033
0.313009
-1.08895
 1.24018
 1.34245
  0.3398
 -1.5273
 1.81036
0.312971
-1.08905
 1.24019
 1.34247
  0.3398
-1.52725
 1.81034
0.312955
-1.08911
  1.2402
 1.34247
0.339798
-1.52723
 1.81026
0.312952
-1.08913
 1.24023
 1.34251
0.339796
-1.52721
 1.81022
0.312929
-1.08919
 1.24026
 1.34255
0.339794
-1.52719
  1.8102
0.312905
-1.08926
 1.24027
 1.34259
0.339793
-1.52717
 1.81016
0.312896
-1.08932
 1.24029
  1.3426
0.339792
-1.52718
 1.81009
0.312881
-1.08934
  1.2403
 1.34261
 0.33979
-1.52716
 1.81009
0.312863
-1.08942
 1.24031
 1.34262
0.339789
-1.52715
 1.81007
0.312856
-1.08945
 1.24032
 1.34265
0.339787
-1.52715
 1.81007
0.312846
-1.08945
 1.24033
 1.34269
0.339785
-1.52713
 1.81006
0.312848
-1.08944
 1.24035
 1.34272
0.339783
-1.52712
 1.81007
0.312844
-1.08944
 1.24038
 1.34273
0.339782
-1.52709
 1.81007
0.312852
-1.08942
 1.24039
 1.34274
0.339781
-1.52707
 1.81007
0.312848
 -1.0894
  1.2404
 1.34275
 0.33978
-1.52704
 1.81007
0.312853
-1.08939
 1.24041
 1.34276
0.339779
-1.52701
 1.81008
 0.31285
-1.08938
 1.24041
 1.34277
0.339779
-1.52699
 1.81008
 0.31285
-1.08936
 1.24042
 1.34278
0.339778
-1.52697
 1.81008
 0.31285
-1.08935
 1.24043
 1.34278
0.339777
-1.52695
 1.81009
0.312851
-1.08934
 1.24044
 1.34279
0.339775
-1.52694
 1.81009
0.312851
-1.08932
 1.24044
  1.3428
0.339775
-1.52692
  1.8101
0.312851
-1.08931
 1.24045
  1.3428
0.339774
-1.52691
  1.8101
0.312851
-1.08931
 1.24045
 1.34281
0.339773
 -1.5269
 1.81011
0.312852
 -1.0893
 1.24045
 1.34282
0.339772
-1.52689
 1.81011
0.312852
 -1.0893
 1.24046
 1.34282
0.339772
-1.52688
 1.81011
0.312851
 -1.0893
 1.24046
 1.34283
0.339771
-1.52688
 1.81011
0.312851
 -1.0893
 1.24046
 1.34283
 0.33977
-1.52687
 1.81012
0.312851
 -1.0893
 1.24047
 1.34284
 0.33977
-1.52687
 1.81012
0.312851
 -1.0893
 1.24047
 1.34285
0.339769
-1.52686
 1.81012
0.312851
 -1.0893
 1.24047
 1.34285
0.339768
-1.52685
 1.81012
 0.31285
 -1.0893
 1.24048
 1.34286
0.339768
-1.52684
 1.81012
0.312851
 -1.0893
 1.24048
 1.34286
0.339767
-1.52683
 1.81012
0.312851
 -1.0893
 1.24048
 1.34286
0.339767
-1.52682
 1.81012
0.312852
 -1.0893
 1.24048
 1.34287
0.339766
 -1.5268
 1.81012
0.312852
 -1.0893
 1.24048
 1.34287
0.339766
-1.52679
 1.81012
0.312852
 -1.0893
 1.24048
 1.34287
0.339766
-1.52678
 1.81012
0.312853
 -1.0893
 1.24048
 1.34287
0.339765
-1.52678
 1.81012
0.312853
 -1.0893
 1.24048
 1.34288
0.339765
-1.52677
 1.81012
0.312852
 -1.0893
 1.24048
 1.34288
0.339765
-1.52676
 1.81012
0.312851
 -1.0893
 1.24048
 1.34288
0.339764
-1.52676
 1.81012
0.312851
 -1.0893
 1.24048
 1.34288
0.339764
-1.52676
 1.81012
0.312851
 -1.0893
 1.24048
 1.34289
0.339763
-1.52675
 1.81012
 0.31285
 -1.0893
 1.24048
 1.34289
0.339762
-1.52674
 1.81012
 0.31285
 -1.0893
 1.24048
 1.34289
0.339762
-1.52674
 1.81012
 0.31285
 -1.0893
 1.24048
 1.34289
0.339762
-1.52673
 1.81012
0.312851
 -1.0893
 1.24048
 1.34289
0.339761
-1.52672
 1.81012
0.312851
 -1.0893
 1.24048
 1.34289
0.339761
-1.52671
 1.81012
0.312852
 -1.0893
 1.24048
 1.34289
 0.33976
 -1.5267
 1.81012
0.312852
 -1.0893
 1.24048
 1.34289
 0.33976
-1.52669
 1.81012
0.312853
 -1.0893
 1.24048
 1.34289
0.339759
-1.52668
 1.81012
0.312853
 -1.0893
 1.24048
 1.34289
0.339759
-1.52667
 1.81012
0.312854
 -1.0893
 1.24048
 1.34289
0.339759
-1.52666
 1.81012
0.312854
 -1.0893
 1.24048
 1.34289
0.339759
-1.52666
 1.81012
0.312853
 -1.0893
 1.24048
 1.34289
0.339758
-1.52665
 1.81012
0.312853
 -1.0893
 1.24048
 1.34289
0.339758
-1.52665
 1.81012
0.312853
 -1.0893
 1.24048
 1.34289
0.339757
-1.52665
 1.81012
0.312852
 -1.0893
 1.24048
 1.34289
0.339757
-1.52664
 1.81012
0.312852
 -1.0893
 1.24048
 1.34289
0.339757
-1.52664
 1.81012
0.312852
 -1.0893
 1.24048
 1.34289
0.339756
-1.52664
 1.81012
0.312852
 -1.0893
 1.24048
 1.34289
0.339756
-1.52663
 1.81012
0.312852
 -1.0893
 1.24048
 1.34289
0.339756
-1.52663
 1.81012
0.312851
 -1.0893
 1.24048
 1.34289
0.339755
-1.52662
 1.81012
0.312852
 -1.0893
 1.24048
 1.34289
0.339755
-1.52662
 1.81012
0.312852
 -1.0893
 1.24048
 1.34289
0.339755
-1.52662
 1.81012
0.312853
 -1.0893
 1.24048
 1.34289
0.339755
-1.52662
 1.81012
0.312853
 -1.0893
 1.24048
 1.34289
0.339754
-1.52663
 1.81012
0.312854
 -1.0893
 1.24048
 1.34289
0.339754
-1.52663
 1.81012
0.312854
 -1.0893
 1.24048
 1.34289
0.339754
-1.52663
 1.81012
0.312854
 -1.0893
 1.24048
 1.34289
0.339753
-1.52663
 1.81012
0.312854
 -1.0893
 1.24048
 1.34289
0.339753
-1.52663
 1.81012
0.312854
 -1.0893
 1.24048
 1.34289
0.339753
-1.52663
 1.81012
0.312853
 -1.0893
 1.24048
 1.34289
0.339753
-1.52663
 1.81012
0.312853
 -1.0893
 1.24048
 1.34289
0.339752
-1.52664
 1.81012
0.312853
 -1.0893
 1.24048
 1.34289
0.339752
-1.52664
 1.81012
0.312853
 -1.0893
 1.24048
 1.34289
0.339752
-1.52664
 1.81012
0.312853
 -1.0893
 1.24048
 1.34289
0.339752
-1.52664
 1.81012
0.312853
 -1.0893
 1.24048
 1.34289
0.339751
-1.52664
 1.81012
0.312853
 -1.0893
 1.24048
 1.34289
0.339751
-1.52664
 1.81012
0.312853
 -1.0893
 1.24048
 1.34289
0.339751
-1.52664
 1.81012
0.312853
 -1.0893
 1.24048
 1.34289
0.339751
-1.52664
 1.81012
0.312854
 -1.0893
 1.24048
 1.34289
 0.33975
-1.52664
 1.81012
0.312854
 -1.0893
 1.24048
 1.34289
 0.33975
-1.52664
 1.81012
0.312854
 -1.0893
 1.24048
 1.34289
 0.33975
-1.52664
 1.81012
0.312854
 -1.0893
 1.24048
 1.34289
 0.33975
-1.52664
 1.81012
0.312854
 -1.0893
 1.24048
 1.34289
 0.33975
-1.52664
 1.81012
0.312854
 -1.0893
 1.24048
 1.34289
0.339749
-1.52664
 1.81012
0.312854
 -1.0893
 1.24048
 1.34289
0.339749
-1.52664
 1.81012
0.312854
 -1.0893
 1.24048
 1.34289
0.339749
-1.52664
 1.81012
0.312854
 -1.0893
 1.24048
 1.34289
0.339748
-1.52664
 1.81012
0.312854
 -1.0893
 1.24048
 1.34289
0.339748
-1.52664
 1.81012
0.312854
 -1.0893
 1.24048
 1.34289
0.339748
-1.52664
 1.81012
0.312854
 -1.0893
 1.24048
 1.34289
0.339748
-1.52664
 1.81012
0.312854
 -1.0893
 1.24048
 1.34289
0.339747
-1.52664
 1.81012
0.312854
 -1.0893
 1.24048
 1.34289
0.339747
-1.52664
 1.81012
0.312854
 -1.0893
 1.24048
 1.34289
0.339747
-1.52664
 1.81012
0.312854
 -1.0893
 1.24048
 1.34289
0.339747
-1.52664
 1.81012
0.312854
 -1.0893
 1.24048
 1.34289
0.339747
-1.52664
 1.81012
0.312854
 -1.0893
 1.24048
 1.34289
0.339746
-1.52664
 1.81012
0.312854
 -1.0893
 1.24048
 1.34289
0.339746
-1.52664
 1.81012
0.312854
 -1.0893
 1.24048
 1.34289
0.339746
-1.52664
 1.81012
0.312854
 -1.0893
 1.24048
 1.34289
0.339746
-1.52664
 1.81012
0.312854
 -1.0893
 1.24048
 1.34289
0.339746
-1.52664
 1.81012
0.312854
 -1.0893
 1.24048
 1.34289
0.339746
-1.52664
 1.81012
0.312854
 -1.0893
 1.24048
 1.34289
0.339745
-1.52664
 1.81012
0.312854
 -1.0893
 1.24048
 1.34289
0.339745
-1.52664
 1.81012
0.312854
 -1.0893
 1.24048
 1.34289
0.339745
-1.52664
 1.81012
0.312854
 -1.0893
 1.24048
 1.34289
0.339745
-1.52664
 1.81012
0.312854
 -1.0893
 1.24048
 1.34289
0.339745
-1.52664
 1.81012
0.312854
 -1.0893
 1.24048
 1.34289
0.339744
-1.52664
 1.81012
0.312854
 -1.0893
 1.24048
 1.34289
0.339744
-1.52664
 1.81012
0.312854
 -1.0893
 1.24048
 1.34289
0.339744
-1.52664
 1.81012
0.312854
 -1.0893
 1.24048
 1.34289
0.339744
-1.52664
 1.81012
0.312854
 -1.0893
 1.24048
 1.34289
0.339744
-1.52664
 1.81012
0.312854
 -1.0893
 1.24048
 1.34289
0.339743
-1.52664
 1.81012
0.312854
 -1.0893
 1.24048
 1.34289
0.339743
-1.52664
 1.81012
0.312854
 -1.0893
 1.24048
 1.34289
0.339743
-1.52664
 1.81012
0.312854
 -1.0893
 1.24048
 1.34289
0.339743
-1.52664
 1.81012
0.312854
 -1.0893
 1.24048
 1.34289
0.339742
-1.52664
 1.81012
0.312854
 -1.0893
 1.24048
 1.34289
0.339742
-1.52664
 1.81012
0.312854
 -1.0893
 1.24048
 1.34289
0.339742
-1.52664
 1.81012
0.312854
 -1.0893
 1.24048
 1.34289
0.339742
-1.52664
 1.81012
0.312854
 -1.0893
 1.24048
 1.34289
0.339742
-1.52664
 1.81012
0.312854
 -1.0893
 1.24048
 1.34289
0.339741
-1.52664
 1.81012
0.312854
 -1.0893
 1.24048
 1.34289
0.339741
-1.52664
 1.81012
0.312854
 -1.0893
 1.24048
 1.34289
0.339741
-1.52664
 1.81012
0.312854
 -1.0893
 1.24048
 1.34289
0.339741
-1.52664
 1.81012
0.312854
 -1.0893
 1.24048
 1.34289
0.339741
-1.52664
 1.81012
0.312854
 -1.0893
 1.24048
 1.34289
0.339741
-1.52664
 1.81012
0.312854
 -1.0893
 1.24048
 1.34289
0.339741
-1.52664
 1.81012
0.312854
 -1.0893
 1.24048
 1.34289
 0.33974
-1.52664
 1.81012
0.312854
 -1.0893
 1.24048
 1.34289
 0.33974
-1.52664
 1.81012
0.312854
 -1.0893
 1.24048
 1.34289
 0.33974
-1.52664
 1.81012
0.312854
 -1.0893
 1.24048
 1.34289
 0.33974
-1.52664
 1.81012
0.312854
 -1.0893
 1.24048
 1.34289
 0.33974
-1.52664
 1.81012
0.312854
 -1.0893
 1.24048
 1.34289
0.339739
-1.52664
 1.81012
0.312854
 -1.0893
 1.24048
 1.34289
0.339739
-1.52664
 1.81012
0.312854
 -1.0893
 1.24048
 1.34289
0.339739
-1.52664
 1.81012
0.312854
 -1.0893
 1.24048
 1.34289
0.339739
-1.52664
 1.81012
0.312854
 -1.0893
 1.24048
 1.34289
0.339739
-1.52664
 1.81012
0.312854
 -1.0893
 1.24048
 1.34289
0.339739
-1.52664
 1.81012
0.312854
 -1.0893
 1.24048
 1.34289
0.339739
-1.52664
 1.81012
0.312854
 -1.0893
 1.24048
 1.34289
0.339738
-1.52664
 1.81012
0.312854
 -1.0893
 1.24048
 1.34289
0.339738
-1.52664
 1.81012
0.312854
 -1.0893
 1.24048
 1.34289
0.339738
-1.52664
 1.81012
0.312854
 -1.0893
 1.24048
 1.34289
0.339738
-1.52664
 1.81012
0.312854
 -1.0893
 1.24048
 1.34289
0.339738
-1.52664
 1.81012
0.312854
 -1.0893
 1.24048
 1.34289
0.339737
-1.52664
 1.81012
0.312854
 -1.0893
 1.24048
 1.34289
0.339737
-1.52664
 1.81012
0.312854
 -1.0893
 1.24048
 1.34289
0.339737
-1.52664
 1.81012
0.312854
 -1.0893
 1.24048
 1.34289
0.339737
-1.52664
 1.81012
0.312854
 -1.0893
 1.24048
 1.34289
0.339737
-1.52664
 1.81012
0.312854
 -1.0893
 1.24048
 1.34289
0.339737
-1.52664
 1.81012
0.312854
 -1.0893
 1.24048
 1.34289
0.339737
-1.52664
 1.81012
0.312854
 -1.0893
 1.24048
 1.34289
0.339736
-1.52664
 1.81012
0.312854
 -1.0893
 1.24048
 1.34289
0.339736
-1.52664
 1.81012
0.312854
 -1.0893
 1.24048
 1.34289
0.339736
-1.52664
 1.81012
0.312854
 -1.0893
 1.24048
 1.34289
0.339736
-1.52664
 1.81012
0.312854
 -1.0893
 1.24048
 1.34289
0.339736
-1.52664
 1.81012
0.312854
 -1.0893
 1.24048
 1.34289
0.339736
-1.52664
 1.81012
0.312854
 -1.0893
 1.24048
 1.34289
0.339735
-1.52664
 1.81012
0.312854
 -1.0893
 1.24048
 1.34289
0.339735
-1.52664
 1.81012
0.312854
 -1.0893
 1.24048
 1.34289
0.339735
-1.52664
 1.81012
0.312854
 -1.0893
 1.24048
 1.34289
0.339735
-1.52664
 1.81012
0.312854
 -1.0893
 1.24048
 1.34289
0.339735
-1.52664
 1.81012
0.312854
 -1.0893
 1.24048
 1.34289
0.339735
-1.52664
 1.81012
0.312854
 -1.0893
 1.24048
 1.34289
0.339735
-1.52664
 1.81012
0.312854
 -1.0893
 1.24048
 1.34289
0.339735
-1.52664
 1.81012
0.312854
 -1.0893
 1.24048
 1.34289
0.339734
-1.52664
 1.81012
0.312854
 -1.0893
 1.24048
 1.34289
0.339734
-1.52664
 1.81012
0.312854
 -1.0893
 1.24048
 1.34289
0.339734
-1.52664
 1.81012
0.312854
 -1.0893
 1.24048
 1.34289
0.339734
-1.52664
 1.81012
0.312854
 -1.0893
 1.24048
 1.34289
0.339734
-1.52664
 1.81012
0.312854
 -1.0893
 1.24048
 1.34289
0.339734
-1.52664
 1.81012
0.312854
 -1.0893
 1.24048
 1.34289
0.339733
-1.52664
 1.81012
0.312854
 -1.0893
 1.24048
 1.34289
0.339733
-1.52664
 1.81012
0.312854
 -1.0893
 1.24048
 1.34289
0.339733
-1.52664
 1.81012
0.312854
 -1.0893
 1.24048
 1.34289
0.339733
-1.52664
 1.81012
0.312854
 -1.0893
 1.24048
 1.34289
0.339733
-1.52664
 1.81012
0.312854
 -1.0893
 1.24048
 1.34289
0.339733
-1.52664
 1.81012
0.312854
 -1.0893
 1.24048
 1.34289
0.339732
-1.52664
 1.81012
0.312854
 -1.0893
 1.24048
 1.34289
0.339732
-1.52664
 1.81012
0.312854
 -1.0893
 1.24048
 1.34289
0.339732
-1.52664
 1.81012
0.312854
 -1.0893
 1.24048
 1.34289
0.339732
-1.52664
 1.81012
0.312854
 -1.0893
 1.24048
 1.34289
0.339732
-1.52664
 1.81012
0.312854
 -1.0893
 1.24048
 1.34289
0.339732
-1.52664
 1.81012
0.312854
 -1.0893
 1.24048
 1.34289
0.339731
-1.52664
 1.81012
0.312854
 -1.0893
 1.24048
 1.34289
0.339731
-1.52664
 1.81012
0.312854
 -1.0893
 1.24048
 1.34289
0.339731
-1.52664
 1.81012
0.312854
 -1.0893
 1.24048
 1.34289
0.339731
-1.52664
 1.81012
0.312854
 -1.0893
 1.24048
 1.34289
0.339731
-1.52664
 1.81012
0.312854
 -1.0893
 1.24048
 1.34289
 0.33973
-1.52664
 1.81012
0.312854
 -1.0893
 1.24048
 1.34289
 0.33973
-1.52664
 1.81012
0.312854
 -1.0893
 1.24048
 1.34289
 0.33973
-1.52664
 1.81012
0.312854
 -1.0893
 1.24048
 1.34289
 0.33973
-1.52664
 1.81012
0.312854
 -1.0893
 1.24048
 1.34289
 0.33973
-1.52664
 1.81012
0.312854
 -1.0893
 1.24048
 1.34289
0.339729
-1.52664
 1.81012
0.312854
 -1.0893
 1.24048
 1.34289
0.339729
-1.52664
 1.81012
0.312854
 -1.0893
 1.24048
 1.34289
0.339729
-1.52664
 1.81012
0.312854
 -1.0893
 1.24048
 1.34289
0.339729
-1.52664
 1.81012
0.312854
 -1.0893
 1.24048
 1.34289
0.339729
-1.52664
 1.81012
0.312854
 -1.0893
 1.24048
 1.34289
0.339729
-1.52664
 1.81012
0.312854
 -1.0893
 1.24048
 1.34289
0.339729
-1.52664
 1.81012
0.312854
 -1.0893
 1.24048
 1.34289
0.339728
-1.52664
 1.81012
0.312854
 -1.0893
 1.24048
 1.34289
0.339728
-1.52664
 1.81012
0.312854
 -1.0893
 1.24048
 1.34289
0.339728
-1.52664
 1.81012
0.312854
 -1.0893
 1.24048
 1.34289
0.339728
-1.52664
 1.81012
0.312854
 -1.0893
 1.24048
 1.34289
0.339728
-1.52664
 1.81012
0.312854
 -1.0893
 1.24048
 1.34289
0.339728
-1.52664
 1.81012
0.312854
 -1.0893
 1.24048
 1.34289
0.339728
-1.52664
 1.81012
0.312854
 -1.0893
 1.24048
 1.34289
0.339727
-1.52664
 1.81012
0.312854
 -1.0893
 1.24048
 1.34289
0.339727
-1.52664
 1.81012
0.312854
 -1.0893
 1.24048
 1.34289
0.339727
-1.52664
 1.81012
0.312854
 -1.0893
 1.24048
 1.34289
0.339727
-1.52664
 1.81012
0.312854
 -1.0893
 1.24048
 1.34289
0.339727
-1.52664
 1.81012
0.312854
 -1.0893
 1.24048
 1.34289
0.339727
-1.52664
 1.81012
0.312854
 -1.0893
 1.24048
 1.34289
0.339727
-1.52664
 1.81012
0.312854
 -1.0893
 1.24048
 1.34289
0.339726
-1.52664
 1.81012
0.312854
 -1.0893
 1.24048
 1.34289
0.339726
-1.52664
 1.81012
0.312854
 -1.0893
 1.24048
 1.34289
0.339726
-1.52664
 1.81012
0.312854
 -1.0893
 1.24048
 1.34289
0.339726
-1.52664
 1.81012
0.312854
 -1.0893
 1.24048
 1.34289
0.339726
-1.52664
 1.81012
0.312854
 -1.0893
 1.24048
 1.34289
0.339726
-1.52664
 1.81012
0.312854
 -1.0893
 1.24048
 1.34289
0.339726
-1.52664
 1.81012
0.312854
 -1.0893
 1.24048
 1.34289
0.339725
-1.52664
 1.81012
0.312854
 -1.0893
 1.24048
 1.34289
0.339725
-1.52664
 1.81012
0.312854
 -1.0893
 1.24048
 1.34289
0.339725
-1.52664
 1.81012
0.312854
 -1.0893
 1.24048
 1.34289
0.339725
-1.52664
 1.81012
0.312854
 -1.0893
 1.24048
 1.34289
0.339725
-1.52664
 1.81012
0.312854
 -1.0893
 1.24048
 1.34289
0.339725
-1.52664
 1.81012
0.312854
 -1.0893
 1.24048
 1.34289
0.339725
-1.52664
 1.81012
0.312854
 -1.0893
 1.24048
 1.34289
0.339725
-1.52664
 1.81012
0.312854
 -1.0893
 1.24048
 1.34289
0.339725
-1.52664
 1.81012
0.312854
 -1.0893
 1.24048
 1.34289
0.339724
-1.52664
 1.81012
0.312854
 -1.0893
 1.24048
 1.34289
0.339724
-1.52664
 1.81012
0.312854
 -1.0893
 1.24048
 1.34289
0.339724
-1.52664
 1.81012
0.312854
 -1.0893
 1.24048
 1.34289
0.339724
-1.52664
 1.81012
0.312854
 -1.0893
 1.24048
 1.34289
0.339724
-1.52664
 1.81012
0.312854
 -1.0893
 1.24048
 1.34289
0.339724
-1.52664
 1.81012
0.312854
 -1.0893
 1.24048
 1.34289
0.339724
-1.52664
 1.81012
0.312854
 -1.0893
 1.24048
 1.34289
0.339724
-1.52664
 1.81012
0.312854
 -1.0893
 1.24048
 1.34289
0.339724
-1.52664
 1.81012
0.312854
 -1.0893
 1.24048
 1.34289
0.339723
-1.52664
 1.81012
0.312854
 -1.0893
 1.24048
 1.34289
0.339723
-1.52664
 1.81013
0.312854
 -1.0893
 1.24048
 1.34289
0.339723
-1.52664
 1.81012
0.312854
 -1.0893
 1.24048
 1.34289
0.339723
-1.52664
 1.81013
0.312854
 -1.0893
 1.24048
 1.34289
0.339723
-1.52664
 1.81013
0.312854
 -1.0893
 1.24048
 1.34289
0.339723
-1.52664
 1.81013
0.312854
 -1.0893
 1.24048
 1.34289
0.339723
-1.52664
 1.81013
0.312854
 -1.0893
 1.24048
 1.34289
0.339723
-1.52664
 1.81013
0.312854
 -1.0893
 1.24048
 1.34289
0.339723
-1.52664
 1.81013
0.312854
 -1.0893
 1.24048
 1.34289
0.339722
-1.52664
 1.81013
0.312854
 -1.0893
 1.24048
 1.34289
0.339722
-1.52664
 1.81013
0.312854
 -1.0893
 1.24048
 1.34289
0.339722
-1.52664
 1.81013
0.312854
 -1.0893
 1.24048
 1.34289
0.339722
-1.52664
 1.81013
0.312854
 -1.0893
 1.24048
 1.34289
0.339722
-1.52664
 1.81013
0.312854
 -1.0893
 1.24048
 1.34289
0.339722
-1.52664
 1.81013
0.312854
 -1.0893
 1.24048
 1.34289
0.339722
-1.52664
 1.81013
0.312854
 -1.0893
 1.24048
 1.34289
0.339721
-1.52664
 1.81013
0.312854
 -1.0893
 1.24048
 1.34289
0.339721
-1.52664
 1.81013
0.312854
 -1.0893
 1.24048
 1.34289
0.339721
-1.52664
 1.81013
0.312854
 -1.0893
 1.24048
 1.34289
0.339721
-1.52664
 1.81013
0.312854
 -1.0893
 1.24048
 1.34289
0.339721
-1.52664
 1.81013
0.312854
 -1.0893
 1.24048
 1.34289
0.339721
-1.52664
 1.81013
0.312854
 -1.0893
 1.24048
 1.34289
0.339721
-1.52664
 1.81013
0.312854
 -1.0893
 1.24048
 1.34289
0.339721
-1.52664
 1.81013
0.312854
 -1.0893
 1.24048
 1.34289
0.339721
-1.52664
 1.81013
0.312854
 -1.0893
 1.24048
 1.34289
0.339721
-1.52664
 1.81013
0.312854
 -1.0893
 1.24048
 1.34289
 0.33972
-1.52664
 1.81013
0.312854
 -1.0893
 1.24048
 1.34289
 0.33972
-1.52664
 1.81013
0.312854
 -1.0893
 1.24048
 1.34289
 0.33972
-1.52664
 1.81013
0.312854
 -1.0893
 1.24048
 1.34289
 0.33972
-1.52664
 1.81013
0.312854
 -1.0893
 1.24048
 1.34289
 0.33972
-1.52664
 1.81013
0.312854
 -1.0893
 1.24048
 1.34289
 0.33972
-1.52664
 1.81013
0.312854
 -1.0893
 1.24048
 1.34289
 0.33972
-1.52664
 1.81013
0.312854
 -1.0893
 1.24048
 1.34289
0.339719
-1.52664
 1.81013
0.312854
 -1.0893
 1.24048
 1.34289
0.339719
-1.52664
 1.81013
0.312854
 -1.0893
 1.24048
 1.34289
0.339719
-1.52664
 1.81013
0.312854
 -1.0893
 1.24048
 1.34289
0.339719
-1.52664
 1.81013
0.312854
 -1.0893
 1.24048
 1.34289
0.339719
-1.52664
 1.81013
0.312854
 -1.0893
 1.24048
 1.34289
0.339719
-1.52664
 1.81013
0.312854
 -1.0893
 1.24048
 1.34289
0.339719
-1.52664
 1.81013
0.312854
 -1.0893
 1.24048
 1.34289
0.339719
-1.52664
 1.81013
0.312854
 -1.0893
 1.24048
 1.34289
0.339719
-1.52664
 1.81013
0.312854
 -1.0893
 1.24048
 1.34289
0.339719
-1.52664
 1.81013
0.312854
 -1.0893
 1.24048
 1.34289
0.339719
-1.52664
 1.81013
0.312854
 -1.0893
 1.24048
 1.34289
0.339719
-1.52664
 1.81013
0.312854
 -1.0893
 1.24048
 1.34289
0.339718
-1.52664
 1.81013
0.312854
 -1.0893
 1.24048
 1.34289
0.339718
-1.52664
 1.81013
0.312854
 -1.0893
 1.24048
 1.34289
0.339718
-1.52664
 1.81013
0.312854
 -1.0893
 1.24048
 1.34289
0.339718
-1.52664
 1.81013
0.312854
 -1.0893
 1.24048
 1.34289
0.339718
-1.52664
 1.81013
0.312854
 -1.0893
 1.24048
 1.34289
0.339718
-1.52664
 1.81013
0.312854
 -1.0893
 1.24048
 1.34289
0.339718
-1.52664
 1.81013
0.312854
 -1.0893
 1.24048
 1.34289
0.339718
-1.52664
 1.81013
0.312854
 -1.0893
 1.24048
 1.34289
0.339718
-1.52664
 1.81013
0.312854
 -1.0893
 1.24048
 1.34289
0.339718
-1.52664
 1.81013
0.312854
 -1.0893
 1.24048
 1.34289
0.339717
-1.52664
 1.81013
0.312854
 -1.0893
 1.24048
 1.34289
0.339717
-1.52664
 1.81013
0.312854
 -1.0893
 1.24048
 1.34289
0.339717
-1.52664
 1.81013
0.312854
 -1.0893
 1.24048
 1.34289
0.339717
-1.52664
 1.81013
0.312854
 -1.0893
 1.24048
 1.34289
0.339717
-1.52664
 1.81013
0.312854
 -1.0893
 1.24048
 1.34289
0.339717
-1.52664
 1.81013
0.312854
 -1.0893
 1.24048
 1.34289
0.339717
-1.52664
 1.81013
0.312854
 -1.0893
 1.24048
 1.34289
0.339717
-1.52664
 1.81013
0.312854
 -1.0893
 1.24048
 1.34289
0.339717
-1.52664
 1.81013
0.312854
 -1.0893
 1.24048
 1.34289
0.339717
-1.52664
 1.81013
0.312854
 -1.0893
 1.24048
 1.34289
0.339717
-1.52664
 1.81013
0.312854
 -1.0893
 1.24048
 1.34289
0.339716
-1.52664
 1.81013
0.312854
 -1.0893
 1.24048
 1.34289
0.339716
-1.52664
 1.81013
0.312854
 -1.0893
 1.24048
 1.34289
0.339716
-1.52664
 1.81013
0.312854
 -1.0893
 1.24048
 1.34289
0.339716
-1.52664
 1.81013
0.312854
 -1.0893
 1.24048
 1.34289
0.339716
-1.52664
 1.81013
0.312854
 -1.0893
 1.24048
 1.34289
0.339716
-1.52664
 1.81013
0.312854
 -1.0893
 1.24048
 1.34289
0.339716
-1.52664
 1.81013
0.312854
 -1.0893
 1.24048
 1.34289
0.339716
-1.52664
 1.81013
0.312854
 -1.0893
 1.24048
 1.34289
0.339715
-1.52664
 1.81013
0.312854
 -1.0893
 1.24048
 1.34289
0.339715
-1.52664
 1.81013
0.312854
 -1.0893
 1.24048
 1.34289
0.339715
-1.52664
 1.81013
0.312854
 -1.0893
 1.24048
 1.34289
0.339715
-1.52664
 1.81013
0.312854
 -1.0893
 1.24048
 1.34289
0.339715
-1.52664
 1.81013
0.312854
 -1.0893
 1.24048
 1.34289
0.339715
-1.52664
 1.81013
0.312854
 -1.0893
 1.24048
 1.34289
0.339715
-1.52664
 1.81013
0.312854
 -1.0893
 1.24048
 1.34289
0.339715
-1.52664
 1.81013
0.312854
 -1.0893
 1.24048
 1.34289
0.339715
-1.52664
 1.81013
0.312854
 -1.0893
 1.24048
 1.34289
0.339715
-1.52664
 1.81013
0.312854
 -1.0893
 1.24048
 1.34289
0.339715
-1.52664
 1.81013
0.312854
 -1.0893
 1.24048
 1.34289
0.339715
-1.52664
 1.81013
0.312854
 -1.0893
 1.24048
 1.34289
0.339715
-1.52664
 1.81013
0.312854
 -1.0893
 1.24048
 1.34289
0.339715
-1.52664
 1.81013
0.312854
 -1.0893
 1.24048
 1.34289
0.339714
-1.52664
 1.81013
0.312854
 -1.0893
 1.24048
 1.34289
0.339714
-1.52664
 1.81013
0.312854
 -1.0893
 1.24048
 1.34289
0.339714
-1.52664
 1.81013
0.312854
 -1.0893
 1.24048
 1.34289
0.339714
-1.52664
 1.81013
0.312854
 -1.0893
 1.24048
 1.34289
0.339714
-1.52664
 1.81013
0.312854
 -1.0893
 1.24048
 1.34289
0.339714
-1.52664
 1.81013
0.312854
 -1.0893
 1.24048
 1.34289
0.339714
-1.52664
 1.81013
0.312854
 -1.0893
 1.24048
 1.34289
0.339714
-1.52664
 1.81013
0.312854
 -1.0893
 1.24048
 1.34289
0.339714
-1.52664
 1.81013
0.312854
 -1.0893
 1.24048
 1.34289
0.339714
-1.52664
 1.81013
0.312854
 -1.0893
 1.24048
 1.34289
0.339714
-1.52664
 1.81013
0.312854
 -1.0893
 1.24048
 1.34289
0.339714
-1.52664
 1.81013
0.312854
 -1.0893
 1.24048
 1.34289
0.339713
-1.52664
 1.81013
0.312854
 -1.0893
 1.24048
 1.34289
0.339713
-1.52664
 1.81013
0.312854
 -1.0893
 1.24048
 1.34289
0.339713
-1.52664
 1.81013
0.312854
 -1.0893
 1.24048
 1.34289
0.339713
-1.52664
 1.81013
0.312854
 -1.0893
 1.24048
 1.34289
0.339713
-1.52664
 1.81013
0.312854
 -1.0893
 1.24048
 1.34289
0.339713
-1.52664
 1.81013
0.312854
 -1.0893
 1.24048
 1.34289
0.339713
-1.52664
 1.81013
0.312854
 -1.0893
 1.24048
 1.34289
0.339713
-1.52664
 1.81013
0.312854
 -1.0893
 1.24048
 1.34289
0.339713
-1.52664
 1.81013
0.312854
 -1.0893
 1.24048
 1.34289
0.339713
-1.52664
 1.81013
0.312854
 -1.0893
 1.24048
 1.34289
0.339713
-1.52664
 1.81013
0.312854
 -1.0893
 1.24048
 1.34289
0.339713
-1.52664
 1.81013
0.312854
 -1.0893
 1.24048
 1.34289
0.339712
-1.52664
 1.81013
0.312854
 -1.0893
 1.24048
 1.34289
0.339712
-1.52664
 1.81013
0.312854
 -1.0893
 1.24048
 1.34289
0.339712
-1.52664
 1.81013
0.312854
 -1.0893
 1.24048
 1.34289
0.339712
-1.52664
 1.81013
0.312854
 -1.0893
 1.24048
 1.34289
0.339712
-1.52664
 1.81013
0.312854
 -1.0893
 1.24048
 1.34289
0.339712
-1.52664
 1.81013
0.312854
 -1.0893
 1.24048
 1.34289
0.339712
-1.52664
 1.81013
0.312854
 -1.0893
 1.24048
 1.34289
0.339712
-1.52664
 1.81013
0.312854
 -1.0893
 1.24048
 1.34289
0.339712
-1.52664
 1.81013
0.312854
 -1.0893
 1.24048
 1.34289
0.339711
-1.52664
 1.81013
0.312854
 -1.0893
 1.24048
 1.34289
0.339711
-1.52664
 1.81013
0.312854
 -1.0893
 1.24048
 1.34289
0.339712
-1.52664
 1.81013
0.312854
 -1.0893
 1.24048
 1.34289
0.339711
-1.52664
 1.81013
0.312854
 -1.0893
 1.24048
 1.34289
0.339711
-1.52664
 1.81013
0.312854
 -1.0893
 1.24048
 1.34289
0.339711
-1.52664
 1.81013
0.312854
 -1.0893
 1.24048
 1.34289
0.339711
-1.52664
 1.81013
0.312854
 -1.0893
 1.24048
 1.34289
0.339711
-1.52664
 1.81013
0.312854
 -1.0893
 1.24048
 1.34289
0.339711
-1.52664
 1.81013
0.312854
 -1.0893
 1.24048
 1.34289
0.339711
-1.52664
 1.81013
0.312854
 -1.0893
 1.24048
 1.34289
0.339711
-1.52664
 1.81013
0.312854
 -1.0893
 1.24048
 1.34289
0.339711
-1.52664
 1.81013
0.312854
 -1.0893
 1.24048
 1.34289
0.339711
-1.52664
 1.81013
0.312854
 -1.0893
 1.24048
 1.34289
0.339711
-1.52664
 1.81013
0.312854
 -1.0893
 1.24048
 1.34289
0.339711
-1.52664
 1.81013
0.312854
 -1.0893
 1.24048
 1.34289
0.339711
-1.52664
 1.81013
0.312854
 -1.0893
 1.24048
 1.34289
0.339711
-1.52664
 1.81013
0.312854
 -1.0893
 1.24048
 1.34289
 0.33971
-1.52664
 1.81013
0.312854
 -1.0893
 1.24048
 1.34289
 0.33971
-1.52664
 1.81013
0.312854
 -1.0893
 1.24048
 1.34289
 0.33971
-1.52664
 1.81013
0.312854
 -1.0893
 1.24048
 1.34289
 0.33971
-1.52664
 1.81013
0.312854
 -1.0893
 1.24048
 1.34289
 0.33971
-1.52664
 1.81013
0.312854
 -1.0893
 1.24048
 1.34289
 0.33971
-1.52664
 1.81013
0.312854
 -1.0893
 1.24048
 1.34289
 0.33971
-1.52664
 1.81013
0.312854
 -1.0893
 1.24048
 1.34289
 0.33971
-1.52664
 1.81013
0.312854
 -1.0893
 1.24048
 1.34289
 0.33971
-1.52664
 1.81013
0.312854
 -1.0893
 1.24048
 1.34289
 0.33971
-1.52664
 1.81013
0.312854
 -1.0893
 1.24048
 1.34289
 0.33971
-1.52664
 1.81013
0.312854
 -1.0893
 1.24048
 1.34289
 0.33971
-1.52664
 1.81013
0.312854
 -1.0893
 1.24048
 1.34289
0.339709
-1.52664
 1.81013
0.312854
 -1.0893
 1.24048
 1.34289
0.339709
-1.52664
 1.81013
0.312854
 -1.0893
 1.24048
 1.34289
0.339709
-1.52664
 1.81013
0.312854
 -1.0893
 1.24048
 1.34289
0.339709
-1.52664
 1.81013
0.312854
 -1.0893
 1.24048
 1.34289
0.339709
-1.52664
 1.81013
0.312854
 -1.0893
 1.24048
 1.34289
0.339709
-1.52664
 1.81013
0.312854
 -1.0893
 1.24048
 1.34289
0.339709
-1.52664
 1.81013
0.312854
 -1.0893
 1.24048
 1.34289
0.339709
-1.52664
 1.81013
0.312854
 -1.0893
 1.24048
 1.34289
0.339709
-1.52664
 1.81013
0.312854
-1.08929
 1.24048
 1.34289
0.339709
-1.52664
 1.81013
0.312854
 -1.0893
 1.24048
 1.34289
0.339709
-1.52664
 1.81013
0.312854
-1.08929
 1.24048
 1.34289
0.339709
-1.52664
 1.81013
0.312854
 -1.0893
 1.24048
 1.34289
0.339708
-1.52664
 1.81013
0.312854
 -1.0893
 1.24048
 1.34289
0.339708
-1.52664
 1.81013
0.312854
 -1.0893
 1.24048
 1.34289
0.339708
-1.52664
 1.81013
0.312854
 -1.0893
 1.24048
 1.34289
0.339708
-1.52664
 1.81013
0.312854
-1.08929
 1.24048
 1.34289
0.339708
-1.52664
 1.81013
0.312854
 -1.0893
 1.24048
 1.34289
0.339708
-1.52664
 1.81013
0.312854
-1.08929
 1.24048
 1.34289
0.339708
-1.52664
 1.81013
0.312854
 -1.0893
 1.24048
 1.34289
0.339708
-1.52664
 1.81013
0.312854
-1.08929
 1.24048
 1.34289
0.339708
-1.52664
 1.81013
0.312854
 -1.0893
 1.24048
 1.34289
0.339708
-1.52664
 1.81013
0.312854
 -1.0893
 1.24048
 1.34289
0.339708
-1.52664
 1.81013
0.312854
 -1.0893
 1.24048
 1.34289
0.339708
-1.52663
 1.81013
0.312858
-1.08929
 1.24048
 1.34289
0.339708
-1.52664
 1.81013
0.312854
 -1.0893
 1.24048
 1.34289
0.339708
-1.52663
 1.81013
0.312861
 -1.0893
 1.24048
 1.34289
0.339708
-1.52664
 1.81013
0.312854
 -1.0893
 1.24047
 1.34289
0.339709
-1.52663
 1.81013
 0.31287
-1.08929
 1.24046
 1.34289
 0.33971
-1.52664
 1.81013
0.312861
-1.08929
 1.24045
 1.34287
0.339714
-1.52663
 1.81013
0.312885
-1.08929
 1.24044
 1.34286
 0.33972
-1.52664
 1.81013
0.312894
-1.08929
 1.24042
 1.34284
0.339729
-1.52663
 1.81013
0.312919
-1.08929
 1.24041
 1.34283
0.339731
-1.52664
 1.81012
0.312947
-1.08926
 1.24041
 1.34281
0.339734
-1.52664
 1.81013
0.312965
-1.08924
  1.2404
 1.34279
0.339739
-1.52663
 1.81016
0.312993
-1.08925
  1.2404
 1.34275
0.339743
-1.52664
 1.81015
0.313023
-1.08919
 1.24037
 1.34268
0.339748
-1.52664
 1.81015
0.313055
-1.08916
 1.24031
 1.34264
0.339761
-1.52664
 1.81016
0.313088
-1.08913
 1.24027
 1.34263
0.339793
-1.52664
 1.81016
0.313122
 -1.0891
 1.24024
  1.3426
0.339834
-1.52664
  1.8102
0.313155
-1.08911
 1.24019
 1.34256
0.339867
-1.52664
 1.81022
0.313193
-1.08908
 1.24015
 1.34253
0.339898
-1.52665
 1.81016
0.313257
-1.08895
 1.24012
 1.34251
 0.33993
-1.52665
 1.81016
0.313327
-1.08886
  1.2401
 1.34248
0.339959
-1.52663
 1.81026
0.313373
-1.08892
 1.24006
 1.34245
0.339992
-1.52665
 1.81025
 0.31344
-1.08887
 1.24003
 1.34244
0.340023
-1.52662
 1.81026
 0.31352
 -1.0889
    1.24
 1.34242
0.340057
 -1.5266
 1.81031
0.313582
-1.08895
 1.23997
  1.3424
0.340092
-1.52663
 1.81035
0.313597
 -1.0889
 1.23993
 1.34236
0.340134
-1.52663
 1.81033
0.313657
-1.08883
 1.23992
 1.34234
0.340175
-1.52657
 1.81039
0.313746
-1.08886
 1.23989
  1.3423
0.340208
-1.52655
 1.81044
0.313802
-1.08885
 1.23986
 1.34223
0.340238
-1.52653
 1.81046
0.313852
-1.08887
 1.23983
 1.34215
0.340265
-1.52652
 1.81053
0.313891
-1.08887
  1.2398
 1.34206
0.340287
 -1.5265
 1.81061
0.313954
-1.08886
 1.23976
 1.34199
0.340308
-1.52648
 1.81066
0.314049
-1.08881
 1.23973
 1.34194
 0.34033
-1.52646
 1.81067
0.314157
-1.08869
 1.23969
 1.34189
0.340351
-1.52645
 1.81075
0.314232
-1.08864
 1.23962
 1.34181
0.340375
-1.52643
 1.81085
0.314324
-1.08859
 1.23955
 1.34173
0.340402
 -1.5264
 1.81099
0.314417
-1.08858
 1.23947
 1.34163
0.340431
-1.52641
 1.81099
0.314539
-1.08837
 1.23941
 1.34154
0.340461
-1.52641
 1.81105
0.314653
-1.08823
 1.23934
 1.34142
0.340491
-1.52639
 1.81121
0.314751
-1.08829
 1.23927
 1.34128
0.340519
-1.52639
 1.81131
0.314859
-1.08825
 1.23923
 1.34116
0.340549
-1.52643
 1.81126
0.314988
-1.08815
 1.23915
 1.34109
0.340582
-1.52644
 1.81125
0.315108
 -1.0881
 1.23909
 1.34099
0.340612
-1.52643
 1.81134
0.315175
-1.08822
 1.23903
 1.34088
0.340643
-1.52644
 1.81136
0.315265
-1.08821
 1.23898
  1.3408
0.340673
-1.52647
  1.8113
 0.31536
-1.08817
 1.23893
 1.34076
0.340705
-1.52647
 1.81132
0.315461
 -1.0882
 1.23886
  1.3407
0.340741
-1.52648
 1.81137
0.315531
-1.08821
 1.23881
 1.34061
0.340779
-1.52648
  1.8114
 0.31561
-1.08827
 1.23876
 1.34053
0.340815
 -1.5265
 1.81131
0.315727
-1.08809
  1.2387
 1.34047
0.340855
-1.52651
 1.81129
0.315824
-1.08799
 1.23863
 1.34044
0.340895
-1.52649
 1.81143
0.315896
-1.08805
 1.23858
 1.34038
0.340931
-1.52651
 1.81138
0.316006
-1.08786
 1.23852
 1.34033
0.340966
-1.52651
 1.81143
0.316118
-1.08776
 1.23843
 1.34027
0.340997
-1.52652
 1.81153
0.316229
-1.08765
 1.23833
 1.34022
0.341028
-1.52652
 1.81148
0.316389
-1.08742
 1.23824
 1.34016
0.341058
-1.52652
 1.81156
0.316538
-1.08735
 1.23813
 1.34006
0.341087
-1.52652
 1.81165
0.316689
-1.08729
 1.23801
 1.33994
 0.34112
-1.52653
 1.81164
0.316856
-1.08723
 1.23789
 1.33985
0.341153
-1.52653
 1.81167
 0.31702
-1.08716
 1.23779
 1.33976
0.341188
-1.52653
 1.81175
0.317165
-1.08715
 1.23768
 1.33962
 0.34122
-1.52653
  1.8118
0.317347
-1.08711
 1.23758
 1.33946
0.341254
-1.52653
 1.81188
0.317521
-1.08706
 1.23748
 1.33928
0.341304
-1.52654
 1.81188
0.317697
-1.08696
  1.2374
 1.33912
0.341371
-1.52654
 1.81196
0.317849
-1.08692
  1.2373
 1.33893
0.341445
-1.52653
 1.81209
0.317973
-1.08696
  1.2372
 1.33875
0.341515
-1.52653
 1.81213
0.318125
-1.08684
 1.23712
 1.33858
0.341583
-1.52654
 1.81224
 0.31825
-1.08687
 1.23702
 1.33845
0.341654
-1.52654
 1.81226
0.318409
-1.08669
 1.23696
 1.33836
0.341726
-1.52653
  1.8124
0.318521
-1.08674
 1.23688
  1.3383
0.341793
-1.52653
 1.81251
0.318661
-1.08671
 1.23682
 1.33824
0.341859
-1.52654
 1.81253
 0.31881
-1.08666
 1.23675
 1.33816
0.341926
-1.52654
 1.81258
0.318962
-1.08662
 1.23668
 1.33807
0.341992
-1.52653
 1.81262
0.319114
-1.08659
  1.2366
 1.33801
0.342064
-1.52653
 1.81275
0.319254
-1.08659
 1.23651
 1.33791
0.342141
-1.52654
 1.81274
0.319441
-1.08649
 1.23642
 1.33781
0.342222
-1.52654
 1.81287
0.319602
-1.08652
 1.23632
 1.33767
0.342311
-1.52654
 1.81286
0.319796
-1.08643
 1.23623
 1.33756
0.342392
-1.52651
 1.81298
0.319983
-1.08647
  1.2361
 1.33739
0.342463
-1.52649
 1.81298
0.320197
-1.08642
 1.23599
  1.3372
0.342516
-1.52654
 1.81302
0.320325
-1.08637
 1.23586
 1.33697
0.342568
-1.52654
 1.81302
0.320511
-1.08633
 1.23575
 1.33675
0.342616
 -1.5265
 1.81309
0.320737
-1.08632
 1.23564
 1.33651
0.342665
-1.52649
 1.81312
0.320951
 -1.0863
 1.23552
 1.33631
0.342715
-1.52647
  1.8132
0.321165
 -1.0863
 1.23539
 1.33615
0.342769
-1.52648
 1.81315
0.321389
-1.08615
 1.23528
 1.33605
0.342826
-1.52646
 1.81321
0.321601
-1.08613
 1.23516
 1.33594
0.342883
-1.52643
 1.81321
0.321846
-1.08605
 1.23505
 1.33584
0.342941
-1.52643
 1.81322
0.322053
-1.08598
 1.23491
 1.33572
0.343002
 -1.5264
 1.81321
0.322287
-1.08588
 1.23477
 1.33563
0.343063
-1.52638
 1.81326
0.322489
-1.08582
 1.23463
  1.3355
0.343117
-1.52637
 1.81321
0.322724
-1.08559
 1.23451
 1.33536
0.343173
-1.52634
 1.81336
0.322911
-1.08551
 1.23435
  1.3352
0.343234
-1.52633
 1.81339
0.323133
-1.08529
  1.2342
 1.33501
0.343301
-1.52633
  1.8134
0.323355
-1.08503
 1.23407
 1.33478
 0.34339
-1.52631
 1.81353
0.323547
-1.08497
 1.23392
 1.33456
0.343491
-1.52629
 1.81361
0.323769
-1.08484
 1.23378
 1.33435
0.343588
-1.52628
 1.81374
0.323968
-1.08486
 1.23364
 1.33415
0.343685
-1.52629
 1.81376
0.324195
-1.08469
 1.23352
 1.33401
0.343779
-1.52628
 1.81385
0.324408
-1.08464
 1.23336
 1.33386
0.343877
-1.52627
 1.81402
0.324592
 -1.0847
 1.23322
 1.33368
 0.34397
-1.52626
 1.81412
0.324805
-1.08468
 1.23308
 1.33351
0.344067
-1.52625
 1.81414
0.325024
-1.08468
 1.23296
 1.33337
0.344173
-1.52626
 1.81419
0.325215
 -1.0847
 1.23283
 1.33321
 0.34428
-1.52624
 1.81423
 0.32543
-1.08473
 1.23269
 1.33305
0.344393
-1.52618
 1.81436
0.325635
-1.08485
 1.23256
 1.33284
0.344512
 -1.5261
  1.8144
0.325934
-1.08486
 1.23243
 1.33263
0.344611
-1.52613
 1.81439
0.326171
-1.08481
  1.2323
 1.33243
0.344684
-1.52613
 1.81445
 0.32643
-1.08478
 1.23216
 1.33222
0.344749
-1.52609
 1.81447
0.326735
-1.08475
 1.23203
 1.33203
0.344813
 -1.5261
 1.81446
0.327038
-1.08464
  1.2319
 1.33187
 0.34488
-1.52609
 1.81446
0.327326
-1.08455
 1.23177
 1.33174
0.344949
-1.52607
 1.81459
0.327583
 -1.0846
 1.23158
 1.33158
0.345017
-1.52606
 1.81465
0.327876
-1.08455
 1.23139
 1.33138
0.345085
-1.52607
 1.81464
0.328194
-1.08436
 1.23122
 1.33114
0.345159
-1.52605
 1.81477
0.328496
-1.08434
 1.23102
 1.33088
0.345239
-1.52605
 1.81486
0.328774
 -1.0842
 1.23084
 1.33059
0.345314
-1.52604
  1.8149
0.329075
-1.08403
 1.23063
 1.33033
0.345398
-1.52604
 1.81494
0.329371
-1.08388
 1.23045
  1.3301
0.345481
-1.52602
 1.81509
0.329605
-1.08386
 1.23026
 1.32985
0.345588
  -1.526
 1.81522
0.329859
-1.08379
 1.23007
 1.32963
0.345717
  -1.526
 1.81526
0.330157
-1.08361
 1.22988
 1.32943
0.345848
-1.52599
 1.81534
0.330461
-1.08346
 1.22973
 1.32925
0.345974
-1.52598
 1.81549
0.330718
-1.08337
 1.22955
 1.32903
 0.34611
-1.52594
 1.81562
0.331008
-1.08325
 1.22939
 1.32881
0.346244
-1.52587
 1.81562
0.331342
-1.08305
 1.22925
 1.32861
0.346378
-1.52589
 1.81564
0.331562
-1.08288
 1.22908
  1.3284
0.346517
-1.52587
 1.81575
0.331761
-1.08282
 1.22891
  1.3282
0.346638
-1.52585
 1.81585
0.332046
-1.08277
 1.22874
 1.32801
0.346735
-1.52586
 1.81587
0.332372
-1.08266
 1.22858
 1.32782
0.346825
-1.52586
 1.81593
0.332677
-1.08258
 1.22843
 1.32761
0.346902
-1.52586
 1.81594
0.332998
-1.08245
 1.22827
 1.32741
0.346975
-1.52586
 1.81596
0.333307
-1.08235
 1.22809
 1.32717
 0.34705
-1.52585
 1.81604
0.333573
-1.08235
 1.22791
  1.3269
0.347128
-1.52585
  1.8161
0.333849
-1.08229
 1.22773
 1.32666
0.347207
-1.52585
 1.81611
 0.33417
-1.08217
 1.22756
 1.32646
0.347291
-1.52584
 1.81616
0.334483
-1.08209
 1.22739
 1.32624
0.347384
-1.52583
  1.8162
0.334811
-1.08198
 1.22721
 1.32603
0.347477
-1.52582
  1.8162
0.335143
-1.08184
 1.22702
 1.32583
0.347603
-1.52582
 1.81621
0.335466
-1.08173
 1.22684
 1.32559
0.347751
-1.52576
 1.81632
0.335766
-1.08171
 1.22665
 1.32529
0.347895
-1.52567
 1.81642
0.336091
-1.08163
 1.22646
 1.32499
0.348039
-1.52569
 1.81648
0.336366
-1.08142
 1.22626
 1.32469
0.348187
 -1.5257
 1.81656
0.336652
 -1.0812
 1.22604
 1.32442
0.348332
-1.52567
 1.81666
0.337014
-1.08101
 1.22583
 1.32417
0.348477
-1.52565
  1.8168
0.337363
-1.08088
 1.22561
 1.32394
0.348617
-1.52566
  1.8169
0.337696
 -1.0807
 1.22539
 1.32369
0.348751
-1.52565
 1.81701
0.338025
-1.08058
 1.22517
 1.32343
0.348871
-1.52565
 1.81713
0.338345
-1.08047
 1.22496
 1.32313
0.348971
-1.52564
  1.8172
0.338685
-1.08033
 1.22475
 1.32283
0.349058
-1.52565
 1.81727
0.339038
-1.08018
 1.22454
 1.32257
0.349146
-1.52563
 1.81742
0.339345
-1.08017
 1.22432
 1.32234
 0.34923
-1.52561
 1.81758
0.339649
-1.08017
  1.2241
 1.32216
0.349318
-1.52557
 1.81761
 0.34003
-1.08005
 1.22386
 1.32198
 0.34941
-1.52549
 1.81769
0.340398
-1.08002
 1.22363
 1.32175
0.349518
 -1.5255
 1.81775
0.340682
-1.07987
 1.22342
  1.3215
0.349653
-1.52549
 1.81783
0.340986
-1.07972
 1.22321
  1.3212
0.349803
-1.52545
 1.81795
0.341374
-1.07971
   1.223
 1.32087
0.349957
-1.52546
 1.81803
0.341745
-1.07959
 1.22278
 1.32056
0.350119
-1.52545
 1.81811
0.342118
-1.07949
 1.22254
 1.32029
0.350279
-1.52545
 1.81818
0.342479
-1.07936
 1.22234
 1.32002
0.350443
-1.52545
 1.81827
0.342833
 -1.0792
 1.22212
 1.31978
0.350595
-1.52542
  1.8184
0.343188
-1.07911
  1.2219
 1.31952
0.350739
-1.52541
 1.81847
0.343557
-1.07893
 1.22167
 1.31921
0.350882
 -1.5254
 1.81859
0.343931
-1.07876
 1.22144
 1.31888
0.351023
-1.52533
 1.81876
  0.3443
-1.07874
 1.22122
 1.31859
0.351151
-1.52524
  1.8188
0.344727
-1.07851
 1.22101
 1.31834
0.351262
-1.52525
 1.81885
 0.34507
-1.07824
 1.22077
 1.31809
0.351373
-1.52524
   1.819
0.345384
-1.07811
 1.22054
 1.31784
 0.35149
-1.52515
 1.81917
 0.34579
-1.07805
 1.22031
 1.31758
0.351615
-1.52513
 1.81927
0.346202
-1.07787
 1.22007
 1.31728
0.351756
-1.52513
 1.81936
 0.34658
-1.07769
 1.21985
 1.31695
  0.3519
-1.52511
 1.81951
 0.34694
-1.07762
 1.21962
 1.31663
0.352056
 -1.5251
 1.81963
0.347314
-1.07743
 1.21938
 1.31635
0.352212
 -1.5251
 1.81976
0.347694
-1.07723
 1.21916
  1.3161
0.352373
-1.52504
 1.81993
 0.34811
-1.07717
 1.21892
 1.31584
0.352525
-1.52497
 1.82009
0.348517
-1.07704
 1.21868
 1.31557
0.352671
-1.52499
 1.82025
 0.34882
-1.07686
 1.21844
 1.31528
0.352815
-1.52499
 1.82037
0.349175
-1.07664
  1.2182
 1.31497
0.352943
-1.52494
  1.8205
0.349606
-1.07643
 1.21797
 1.31465
0.353069
-1.52491
 1.82071
0.350005
-1.07638
 1.21772
 1.31435
  0.3532
 -1.5249
 1.82082
0.350423
 -1.0762
 1.21749
 1.31407
0.353335
 -1.5249
 1.82094
0.350828
-1.07605
 1.21722
 1.31381
0.353465
-1.52487
 1.82116
0.351199
-1.07604
 1.21695
 1.31352
0.353599
-1.52482
 1.82134
0.351609
-1.07593
 1.21668
 1.31319
 0.35374
-1.52474
 1.82142
0.352074
-1.07576
 1.21641
 1.31286
0.353893
-1.52477
 1.82147
0.352467
-1.07548
 1.21614
 1.31255
0.354061
-1.52477
 1.82159
0.352796
-1.07535
 1.21585
 1.31223
 0.35423
-1.52469
 1.82175
0.353206
-1.07532
 1.21556
 1.31192
0.354408
-1.52467
  1.8219
0.353604
-1.07521
 1.21529
  1.3116
0.354572
-1.52467
 1.82197
0.354033
-1.07504
 1.21503
 1.31129
0.354732
-1.52467
 1.82206
0.354486
-1.07479
 1.21476
 1.31097
0.354882
-1.52465
 1.82223
0.354904
-1.07469
  1.2145
 1.31064
0.355016
-1.52461
 1.82239
0.355346
-1.07451
 1.21424
 1.31033
0.355155
-1.52454
 1.82253
0.355783
-1.07439
 1.21396
 1.31001
0.355301
-1.52459
 1.82257
 0.35617
-1.07408
 1.21371
 1.30968
0.355459
-1.52455
 1.82273
0.356577
-1.07397
 1.21341
 1.30932
0.355615
-1.52451
  1.8229
0.357017
-1.07382
 1.21315
 1.30897
0.355759
-1.52451
 1.82308
0.357428
-1.07374
 1.21287
 1.30862
0.355914
-1.52452
 1.82314
0.357892
-1.07348
  1.2126
 1.30829
0.356082
-1.52451
 1.82327
0.358337
-1.07336
 1.21231
 1.30798
 0.35626
-1.52445
 1.82345
0.358788
-1.07324
 1.21205
 1.30764
0.356438
-1.52438
 1.82363
 0.35922
-1.07317
  1.2118
 1.30728
0.356607
-1.52441
 1.82369
0.359621
-1.07293
 1.21154
 1.30693
0.356765
-1.52442
 1.82379
0.360014
-1.07272
 1.21126
 1.30662
 0.35691
-1.52436
 1.82404
0.360421
-1.07269
   1.211
 1.30629
0.357055
-1.52438
 1.82416
0.360872
 -1.0724
 1.21078
 1.30597
0.357197
-1.52437
 1.82442
0.361317
-1.07233
  1.2105
 1.30564
0.357342
-1.52433
 1.82463
0.361766
-1.07221
 1.21025
 1.30526
0.357501
-1.52429
 1.82467
0.362273
 -1.0719
 1.20997
  1.3049
0.357674
-1.52431
 1.82479
0.362652
-1.07173
 1.20967
 1.30458
0.357839
-1.52432
 1.82495
0.362995
-1.07155
 1.20937
 1.30425
0.358009
-1.52427
 1.82506
0.363434
-1.07136
 1.20908
 1.30392
0.358183
-1.52429
  1.8252
 0.36383
-1.07121
 1.20881
 1.30355
 0.35837
 -1.5243
 1.82536
0.364213
-1.07101
 1.20852
 1.30315
0.358545
-1.52428
 1.82543
0.364634
 -1.0708
 1.20824
 1.30284
0.358715
-1.52422
 1.82559
0.365046
-1.07065
 1.20796
 1.30257
0.358872
-1.52428
 1.82572
0.365391
 -1.0704
 1.20769
  1.3023
0.359023
-1.52429
 1.82579
0.365789
-1.07019
  1.2074
 1.30201
0.359179
-1.52428
 1.82592
0.366247
-1.07009
 1.20709
 1.30167
0.359327
-1.52432
 1.82594
0.366717
 -1.0698
 1.20677
  1.3013
0.359502
-1.52429
  1.8261
0.367191
-1.06978
 1.20642
 1.30093
0.359709
-1.52427
 1.82626
0.367671
-1.06975
 1.20607
 1.30058
0.359928
-1.52435
 1.82629
0.368111
-1.06955
 1.20573
 1.30028
0.360131
-1.52439
 1.82647
0.368527
-1.06951
 1.20539
 1.29997
0.360344
-1.52438
 1.82654
0.369047
-1.06937
 1.20507
  1.2996
0.360552
-1.52439
 1.82673
0.369525
-1.06932
 1.20474
 1.29916
0.360754
-1.52437
  1.8269
0.370018
-1.06917
 1.20445
 1.29876
0.360938
-1.52433
 1.82702
0.370539
-1.06897
 1.20416
 1.29843
0.361115
-1.52437
 1.82725
0.370939
-1.06881
 1.20386
 1.29811
0.361285
 -1.5244
 1.82738
0.371387
-1.06856
 1.20356
 1.29776
0.361468
-1.52438
 1.82757
0.371871
-1.06837
 1.20323
 1.29736
0.361656
-1.52438
 1.82773
0.372367
-1.06817
 1.20287
 1.29696
0.361853
-1.52434
 1.82794
0.372846
  -1.068
 1.20252
 1.29658
0.362066
-1.52428
  1.8281
0.373355
-1.06778
 1.20222
 1.29626
0.362258
-1.52431
  1.8283
 0.37376
-1.06758
 1.20191
 1.29591
 0.36242
-1.52435
 1.82841
0.374228
-1.06728
 1.20163
 1.29555
0.362589
 -1.5243
 1.82863
 0.37472
-1.06718
 1.20133
 1.29516
0.362761
-1.52427
 1.82873
0.375254
-1.06696
 1.20103
 1.29479
0.362918
 -1.5242
 1.82888
0.375771
-1.06685
 1.20073
 1.29445
0.363077
-1.52422
 1.82897
0.376223
-1.06668
 1.20045
 1.29414
0.363236
-1.52422
 1.82912
0.376647
-1.06659
 1.20015
 1.29377
0.363402
-1.52421
 1.82918
0.377165
-1.06641
 1.19985
 1.29335
0.363574
-1.52421
 1.82934
0.377649
-1.06634
 1.19951
 1.29294
 0.36375
-1.52417
 1.82943
0.378182
-1.06617
  1.1992
 1.29256
0.363944
-1.52408
 1.82967
0.378692
-1.06608
 1.19887
 1.29219
0.364148
-1.52409
 1.82975
0.379169
-1.06575
 1.19855
 1.29181
0.364352
 -1.5241
 1.82986
0.379643
-1.06542
 1.19824
 1.29143
0.364536
-1.52402
 1.83011
0.380152
-1.06519
 1.19794
 1.29103
0.364717
-1.52396
 1.83026
0.380701
-1.06489
 1.19763
 1.29065
0.364901
-1.52388
 1.83044
0.381254
 -1.0646
 1.19729
 1.29024
0.365102
-1.52388
 1.83058
0.381734
-1.06427
 1.19698
 1.28986
0.365319
-1.52386
 1.83084
0.382179
-1.06408
 1.19663
 1.28946
 0.36554
-1.52377
   1.831
0.382764
 -1.0638
 1.19627
 1.28906
0.365763
-1.52368
 1.83117
0.383359
-1.06353
 1.19592
 1.28868
0.365991
-1.52367
 1.83141
0.383811
-1.06332
 1.19554
 1.28828
0.366225
-1.52366
 1.83158
0.384286
-1.06302
 1.19519
 1.28786
0.366455
-1.52357
 1.83182
0.384826
-1.06289
 1.19483
 1.28742
0.366664
-1.52351
 1.83193
0.385419
-1.06265
 1.19448
 1.28706
0.366856
-1.52342
 1.83206
0.385985
-1.06247
 1.19412
 1.28672
0.367062
 -1.5234
 1.83226
0.386417
-1.06237
 1.19375
 1.28636
0.367272
-1.52338
 1.83244
0.386854
-1.06226
 1.19339
 1.28595
 0.36749
-1.52332
 1.83252
 0.38744
-1.06206
 1.19304
 1.28555
 0.36771
-1.52325
 1.83272
0.387976
  -1.062
 1.19267
 1.28515
0.367934
-1.52316
 1.83282
0.388545
-1.06181
 1.19231
 1.28478
0.368142
-1.52316
 1.83292
0.389047
-1.06153
 1.19195
 1.28442
0.368339
-1.52314
 1.83311
0.389526
-1.06141
 1.19159
 1.28401
 0.36853
-1.52303
 1.83324
0.390109
-1.06127
 1.19124
 1.28358
0.368705
-1.52294
 1.83331
0.390721
-1.06101
 1.19089
 1.28319
0.368867
-1.52293
  1.8335
0.391204
-1.06084
 1.19053
 1.28282
0.369035
-1.52292
 1.83364
0.391721
-1.06059
 1.19017
 1.28247
0.369217
-1.52282
 1.83375
0.392336
-1.06036
 1.18982
 1.28211
0.369421
-1.52271
   1.834
0.392913
-1.06025
 1.18947
 1.28171
0.369628
 -1.5227
 1.83415
0.393428
-1.05999
 1.18912
  1.2813
 0.36985
-1.52271
 1.83424
0.393962
-1.05966
 1.18874
  1.2809
0.370072
-1.52261
 1.83436
0.394577
-1.05939
 1.18838
 1.28055
0.370288
-1.52246
 1.83466
 0.39513
-1.05935
 1.18802
 1.28016
0.370496
-1.52245
 1.83488
0.395616
-1.05913
 1.18766
 1.27972
0.370703
-1.52245
   1.835
 0.39616
-1.05882
 1.18728
 1.27928
0.370903
-1.52234
 1.83525
 0.39675
-1.05871
 1.18692
 1.27888
0.371092
-1.52223
 1.83544
0.397354
-1.05851
 1.18656
 1.27853
0.371294
-1.52223
 1.83563
0.397873
-1.05827
 1.18621
 1.27815
0.371524
-1.52221
 1.83577
 0.39842
-1.05803
 1.18584
 1.27769
0.371767
-1.52212
 1.83589
0.399038
-1.05779
 1.18545
 1.27723
0.372015
  -1.522
 1.83614
0.399612
-1.05768
 1.18507
 1.27681
0.372256
-1.52197
  1.8364
0.400086
-1.05756
  1.1847
 1.27642
0.372482
-1.52196
 1.83652
0.400643
-1.05721
 1.18432
 1.27603
0.372691
-1.52187
  1.8367
0.401275
-1.05698
 1.18394
  1.2756
0.372907
-1.52176
 1.83695
0.401847
-1.05688
 1.18358
 1.27517
0.373119
-1.52176
 1.83714
0.402357
-1.05662
 1.18321
 1.27477
0.373335
-1.52175
 1.83727
0.402904
-1.05629
 1.18282
  1.2744
0.373555
-1.52163
 1.83748
 0.40351
-1.05618
 1.18243
   1.274
0.373798
-1.52163
 1.83759
0.404076
 -1.0559
 1.18207
 1.27356
0.374049
 -1.5216
 1.83772
0.404667
-1.05564
 1.18169
 1.27313
 0.37429
-1.52153
 1.83792
0.405236
-1.05551
  1.1813
 1.27275
0.374514
-1.52143
  1.8381
0.405814
-1.05533
 1.18091
 1.27236
 0.37472
-1.52142
 1.83825
0.406348
-1.05512
 1.18053
 1.27199
0.374932
-1.52141
  1.8384
0.406899
-1.05488
 1.18015
 1.27157
0.375154
-1.52133
 1.83852
0.407531
-1.05462
  1.1798
 1.27117
0.375375
-1.52134
 1.83865
 0.40811
-1.05436
 1.17943
 1.27076
0.375596
-1.52128
 1.83888
0.408668
-1.05429
 1.17905
 1.27033
0.375836
-1.52121
 1.83902
0.409288
-1.05409
 1.17868
 1.26987
0.376088
-1.52115
 1.83912
0.409908
-1.05381
 1.17828
 1.26944
0.376325
-1.52113
 1.83926
0.410433
-1.05352
 1.17788
 1.26902
0.376542
 -1.5211
 1.83947
0.410976
-1.05328
 1.17747
 1.26859
0.376753
-1.52101
 1.83966
0.411611
  -1.053
 1.17709
 1.26813
0.376965
-1.52099
 1.83982
0.412172
 -1.0527
 1.17672
 1.26768
0.377191
 -1.5209
    1.84
0.412773
-1.05246
 1.17634
 1.26727
0.377425
-1.52081
 1.84012
0.413433
-1.05217
 1.17596
 1.26687
0.377657
-1.52079
 1.84033
0.413999
-1.05192
 1.17558
 1.26641
0.377894
-1.52074
 1.84054
0.414605
-1.05168
 1.17519
 1.26594
 0.37814
-1.52064
 1.84073
 0.41528
-1.05147
 1.17479
  1.2655
0.378372
-1.52067
  1.8409
0.415897
-1.05115
 1.17439
 1.26512
0.378587
-1.52063
 1.84108
0.416545
-1.05088
 1.17398
 1.26474
0.378802
-1.52059
 1.84131
0.417185
-1.05074
 1.17359
 1.26431
0.379013
-1.52063
 1.84149
0.417766
-1.05051
  1.1732
 1.26384
0.379241
-1.52062
 1.84169
0.418352
-1.05029
 1.17282
 1.26342
 0.37948
-1.52056
 1.84194
0.418968
-1.05018
 1.17244
 1.26308
0.379725
 -1.5206
 1.84215
0.419494
-1.04993
 1.17206
 1.26269
0.379971
-1.52058
 1.84236
0.420062
-1.04971
 1.17165
 1.26226
0.380216
-1.52054
 1.84262
0.420665
-1.04957
 1.17124
 1.26181
0.380455
-1.52059
 1.84284
0.421169
-1.04925
 1.17083
 1.26136
0.380679
-1.52055
  1.8431
0.421689
-1.04906
 1.17039
 1.26096
0.380893
-1.52049
 1.84328
 0.42227
-1.04878
 1.16999
 1.26056
0.381119
-1.52051
 1.84348
0.422774
-1.04849
 1.16958
 1.26013
0.381362
-1.52045
 1.84371
 0.42332
-1.04829
 1.16916
 1.25967
0.381641
-1.52037
 1.84391
0.423927
-1.04803
 1.16875
 1.25922
0.381922
-1.52037
 1.84412
0.424468
-1.04776
 1.16833
 1.25885
0.382183
-1.52032
 1.84428
 0.42506
-1.04743
 1.16791
 1.25846
0.382438
-1.52025
 1.84447
0.425688
-1.04714
 1.16748
 1.25801
0.382681
-1.52024
 1.84466
0.426251
-1.04684
 1.16706
 1.25753
0.382918
-1.52018
 1.84483
 0.42687
-1.04654
 1.16663
 1.25712
0.383166
 -1.5201
 1.84501
0.427519
-1.04627
  1.1662
 1.25674
0.383411
-1.52008
 1.84517
0.428117
-1.04593
 1.16579
 1.25632
0.383673
-1.51999
 1.84536
0.428768
-1.04574
 1.16537
 1.25587
0.383947
   -1.52
 1.84551
0.429337
 -1.0454
 1.16497
 1.25542
0.384191
-1.51991
 1.84568
 0.42997
-1.04514
 1.16455
 1.25502
0.384425
-1.51981
  1.8459
0.430629
-1.04499
 1.16412
 1.25463
0.384662
-1.51983
 1.84608
0.431246
-1.04466
 1.16369
 1.25418
  0.3849
-1.51982
 1.84631
0.431865
-1.04445
 1.16327
  1.2537
0.385145
-1.51979
 1.84652
0.432534
 -1.0442
 1.16289
 1.25324
0.385387
-1.51979
 1.84674
0.433164
-1.04398
 1.16247
 1.25283
0.385646
-1.51976
 1.84694
0.433822
 -1.0437
 1.16204
 1.25238
0.385913
-1.51978
 1.84717
0.434399
-1.04347
 1.16162
 1.25192
0.386172
-1.51977
 1.84738
0.435025
 -1.0432
 1.16121
 1.25147
0.386411
-1.51971
 1.84765
0.435673
 -1.0431
 1.16078
 1.25101
0.386649
-1.51973
 1.84789
0.436275
-1.04288
 1.16035
 1.25055
0.386896
-1.51971
 1.84808
0.436915
-1.04268
 1.15994
  1.2501
0.387154
-1.51977
 1.84827
0.437507
-1.04243
 1.15953
 1.24964
0.387416
-1.51972
 1.84859
 0.43811
-1.04232
 1.15909
  1.2492
 0.38768
-1.51966
 1.84884
0.438746
-1.04206
 1.15867
 1.24879
0.387946
-1.51966
 1.84911
 0.43932
-1.04182
 1.15825
 1.24834
0.388214
 -1.5196
 1.84933
0.439939
-1.04151
 1.15783
  1.2479
0.388452
-1.51961
 1.84957
0.440503
-1.04122
 1.15737
 1.24749
0.388682
-1.51956
 1.84982
0.441101
-1.04096
 1.15693
 1.24707
0.388931
-1.51944
 1.85016
0.441715
-1.04078
  1.1565
 1.24664
0.389195
-1.51943
 1.85034
 0.44232
-1.04039
 1.15604
 1.24619
0.389474
-1.51936
 1.85051
 0.44293
-1.04003
 1.15561
 1.24573
0.389755
-1.51932
 1.85079
0.443491
-1.03978
 1.15517
  1.2453
0.390027
-1.51922
 1.85099
0.444147
-1.03949
 1.15472
 1.24488
0.390289
 -1.5192
  1.8512
0.444758
-1.03926
 1.15428
 1.24443
0.390537
-1.51914
 1.85136
0.445411
-1.03897
 1.15384
 1.24397
0.390774
-1.51901
 1.85162
0.446071
-1.03883
 1.15337
 1.24356
0.391029
-1.51894
 1.85189
0.446679
-1.03863
 1.15292
 1.24317
0.391294
-1.51885
 1.85198
0.447355
-1.03832
 1.15247
 1.24276
0.391571
-1.51878
 1.85211
 0.44799
-1.03811
 1.15204
 1.24229
0.391847
-1.51868
 1.85229
0.448632
-1.03793
 1.15159
 1.24181
0.392097
-1.51862
 1.85246
0.449239
-1.03776
 1.15114
  1.2414
0.392329
-1.51848
 1.85269
 0.44988
-1.03766
 1.15068
 1.24099
0.392568
 -1.5184
 1.85292
0.450528
-1.03743
 1.15023
 1.24055
0.392801
 -1.5184
 1.85308
0.451171
-1.03708
 1.14977
  1.2401
0.393043
-1.51831
  1.8533
0.451819
-1.03682
 1.14932
 1.23967
0.393307
-1.51831
 1.85355
0.452393
-1.03649
 1.14889
 1.23928
0.393579
 -1.5182
 1.85385
0.453012
-1.03632
 1.14845
 1.23886
0.393852
-1.51819
  1.8541
0.453589
-1.03601
 1.14802
  1.2384
0.394109
-1.51811
 1.85431
0.454214
-1.03572
 1.14759
 1.23794
0.394349
-1.51811
  1.8545
0.454799
-1.03537
 1.14715
 1.23751
0.394595
-1.51805
 1.85475
0.455395
-1.03502
 1.14668
  1.2371
0.394847
-1.51802
 1.85507
0.455967
-1.03477
 1.14623
 1.23667
0.395096
-1.51795
 1.85538
0.456589
-1.03447
 1.14576
 1.23622
0.395361
-1.51801
 1.85556
0.457226
-1.03398
 1.14533
 1.23579
0.395641
-1.51796
 1.85589
0.457885
-1.03377
 1.14488
 1.23537
0.395916
-1.51793
  1.8562
 0.45855
-1.03354
 1.14446
 1.23494
0.396172
-1.51798
 1.85649
0.459173
-1.03323
 1.14404
  1.2345
0.396415
-1.51795
 1.85684
0.459841
-1.03307
 1.14357
 1.23407
0.396657
-1.51798
 1.85704
0.460493
-1.03274
 1.14313
 1.23364
0.396923
-1.51795
 1.85721
0.461181
-1.03238
 1.14267
 1.23322
0.397183
-1.51793
 1.85754
0.461786
-1.03224
 1.14222
  1.2328
0.397448
-1.51784
 1.85785
0.462433
-1.03211
 1.14177
 1.23235
 0.39773
-1.51787
 1.85797
 0.46307
-1.03179
 1.14134
 1.23192
0.397999
-1.51781
 1.85815
0.463739
-1.03159
 1.14088
 1.23149
0.398251
-1.51779
 1.85841
0.464351
-1.03147
 1.14043
 1.23106
0.398494
-1.51768
 1.85861
0.465005
-1.03131
 1.13996
 1.23058
0.398759
-1.51768
  1.8587
0.465668
-1.03092
  1.1395
 1.23014
0.399066
-1.51758
 1.85889
0.466331
-1.03066
 1.13903
 1.22971
 0.39938
-1.51752
 1.85921
0.466883
 -1.0304
 1.13858
 1.22927
 0.39969
-1.51743
 1.85948
0.467473
-1.03002
 1.13815
 1.22882
0.399996
 -1.5174
 1.85966
 0.46811
-1.02961
 1.13771
 1.22837
0.400276
-1.51728
 1.85988
0.468757
-1.02931
 1.13726
 1.22793
0.400546
-1.51719
 1.86019
 0.46931
-1.02911
 1.13682
  1.2275
0.400823
 -1.5171
 1.86043
0.469909
-1.02882
 1.13634
 1.22704
0.401106
-1.51707
 1.86058
0.470486
-1.02844
 1.13595
 1.22664
0.401361
-1.51699
 1.86075
0.470994
-1.02817
  1.1357
 1.22641
0.401416
-1.51691
 1.86096
0.471386
-1.02799
 1.13559
 1.22637
0.401412
-1.51685
 1.86114
0.471713
-1.02793
 1.13555
 1.22638
0.401402
-1.51678
 1.86127
0.471949
-1.02796
 1.13556
 1.22641
0.401389
-1.51675
 1.86136
0.472081
-1.02801
 1.13557
 1.22645
0.401379
-1.51671
 1.86141
0.472141
-1.02806
  1.1356
 1.22647
0.401376
-1.51668
 1.86143
 0.47215
-1.02811
 1.13563
 1.22647
0.401372
-1.51665
 1.86143
0.472123
-1.02819
 1.13566
 1.22648
0.401367
-1.51664
 1.86142
0.472071
-1.02827
 1.13568
  1.2265
0.401344
-1.51664
 1.86142
0.472002
-1.02836
 1.13572
 1.22654
0.401307
-1.51665
 1.86141
0.471912
-1.02843
 1.13578
  1.2266
0.401263
-1.51666
  1.8614
0.471802
-1.02849
 1.13584
 1.22666
0.401215
-1.51668
 1.86139
0.471686
-1.02854
 1.13591
 1.22671
0.401173
 -1.5167
 1.86138
0.471573
-1.02859
 1.13597
 1.22675
0.401135
-1.51673
 1.86137
0.471468
-1.02864
 1.13603
 1.22679
  0.4011
-1.51676
 1.86135
0.471379
-1.02869
 1.13608
 1.22683
0.401068
-1.51679
 1.86133
0.471297
-1.02872
 1.13613
 1.22687
0.401038
-1.51683
 1.86131
 0.47122
-1.02874
 1.13617
  1.2269
0.401009
-1.51687
 1.86129
0.471155
-1.02875
 1.13621
 1.22693
0.400989
-1.51692
 1.86126
0.471104
-1.02875
 1.13625
 1.22695
 0.40098
-1.51697
 1.86124
0.471062
-1.02874
 1.13628
 1.22697
0.400978
-1.51702
 1.86122
0.471032
-1.02873
 1.13629
 1.22699
0.400979
-1.51707
 1.86119
0.471009
-1.02872
  1.1363
 1.22699
0.400981
-1.51712
 1.86117
0.470994
-1.02869
  1.1363
 1.22699
0.400985
-1.51717
 1.86114
0.470989
-1.02867
 1.13629
 1.22699
 0.40099
 -1.5172
 1.86112
0.470995
-1.02866
 1.13629
 1.22699
0.400997
-1.51723
  1.8611
0.471011
-1.02865
 1.13629
 1.22698
0.401006
-1.51724
 1.86108
0.471028
-1.02863
 1.13628
 1.22698
0.401012
-1.51725
 1.86105
0.471041
-1.02862
 1.13628
 1.22697
0.401014
-1.51725
 1.86103
 0.47106
-1.02861
 1.13627
 1.22697
0.401017
-1.51724
 1.86101
0.471083
-1.02859
 1.13626
 1.22696
0.401021
-1.51724
 1.86099
0.471106
-1.02858
 1.13626
 1.22695
0.401026
-1.51724
 1.86097
0.471127
-1.02857
 1.13626
 1.22694
0.401029
-1.51724
 1.86096
0.471145
-1.02856
 1.13626
 1.22693
0.401034
-1.51724
 1.86095
 0.47116
-1.02855
 1.13625
 1.22692
0.401038
-1.51724
 1.86094
0.471175
-1.02854
 1.13624
 1.22691
 0.40104
-1.51724
 1.86094
0.471193
-1.02853
 1.13622
 1.22691
0.401042
-1.51723
 1.86094
0.471213
-1.02852
  1.1362
  1.2269
0.401043
-1.51721
 1.86094
0.471234
-1.02851
 1.13619
  1.2269
0.401044
-1.51719
 1.86094
0.471256
 -1.0285
 1.13617
  1.2269
0.401045
-1.51717
 1.86094
0.471277
 -1.0285
 1.13616
 1.22689
0.401046
-1.51715
 1.86094
0.471297
-1.02849
 1.13615
 1.22689
0.401047
-1.51712
 1.86095
0.471317
-1.02849
 1.13614
 1.22689
0.401048
 -1.5171
 1.86095
0.471335
-1.02849
 1.13613
 1.22689
0.401049
-1.51708
 1.86096
0.471352
-1.02849
 1.13612
 1.22689
0.401049
-1.51706
 1.86096
0.471367
-1.02848
 1.13612
 1.22689
0.401049
-1.51704
 1.86097
0.471381
-1.02848
 1.13611
 1.22689
 0.40105
-1.51702
 1.86097
0.471393
-1.02848
 1.13611
 1.22689
 0.40105
  -1.517
 1.86098
0.471403
-1.02848
 1.13611
 1.22689
0.401051
-1.51698
 1.86099
0.471414
-1.02847
  1.1361
 1.22688
0.401051
-1.51697
   1.861
0.471424
-1.02846
  1.1361
 1.22688
0.401051
-1.51695
 1.86101
0.471434
-1.02846
  1.1361
 1.22688
0.401052
-1.51694
 1.86102
0.471443
-1.02845
  1.1361
 1.22688
0.401052
-1.51693
 1.86103
0.471452
-1.02845
 1.13609
 1.22688
0.401052
-1.51692
 1.86104
0.471462
-1.02845
 1.13609
 1.22688
0.401053
-1.51692
 1.86104
0.471472
-1.02845
 1.13609
 1.22688
0.401053
-1.51691
 1.86105
0.471481
-1.02845
 1.13609
 1.22688
0.401053
-1.51691
 1.86106
0.471483
-1.02845
 1.13609
 1.22688
0.401054
-1.51691
 1.86106
 0.47148
-1.02845
 1.13609
 1.22688
0.401054
-1.51691
 1.86107
0.471474
-1.02845
 1.13609
 1.22688
0.401054
-1.51691
 1.86108
0.471467
-1.02845
 1.13609
 1.22688
0.401054
-1.51691
 1.86108
0.471461
-1.02845
 1.13609
 1.22688
0.401055
-1.51691
 1.86108
0.471456
-1.02845
 1.13609
 1.22688
0.401055
-1.51692
 1.86109
0.471452
-1.02844
 1.13609
 1.22688
0.401055
-1.51693
 1.86109
0.471449
-1.02844
 1.13609
 1.22688
0.401055
-1.51693
  1.8611
0.471446
-1.02844
 1.13609
 1.22688
0.401055
-1.51695
  1.8611
0.471444
-1.02844
 1.13608
 1.22688
0.401055
-1.51696
  1.8611
0.471442
-1.02844
 1.13608
 1.22688
0.401056
-1.51697
  1.8611
 0.47144
-1.02843
 1.13608
 1.22687
0.401056
-1.51699
 1.86111
 0.47144
-1.02843
 1.13608
 1.22687
0.401056
  -1.517
 1.86111
0.471439
-1.02843
 1.13608
 1.22687
0.401056
-1.51701
 1.86111
0.471438
-1.02843
 1.13608
 1.22687
0.401056
-1.51701
 1.86111
0.471438
-1.02843
 1.13608
 1.22687
0.401056
-1.51702
 1.86111
0.471438
-1.02843
 1.13608
 1.22687
0.401056
-1.51702
 1.86112
0.471438
-1.02843
 1.13608
 1.22687
0.401056
-1.51703
 1.86112
0.471438
-1.02843
 1.13608
 1.22687
0.401057
-1.51703
 1.86112
0.471439
-1.02844
 1.13608
 1.22687
0.401057
-1.51703
 1.86112
 0.47144
-1.02844
 1.13608
 1.22687
0.401057
-1.51703
 1.86112
 0.47144
-1.02844
 1.13608
 1.22687
0.401057
-1.51703
 1.86112
 0.47144
-1.02844
 1.13608
 1.22687
0.401057
-1.51704
 1.86112
0.471439
-1.02844
 1.13608
 1.22687
0.401057
-1.51704
 1.86113
0.471438
-1.02844
 1.13608
 1.22687
0.401057
-1.51705
 1.86113
0.471438
-1.02844
 1.13608
 1.22687
0.401058
-1.51705
 1.86113
0.471437
-1.02844
 1.13608
 1.22687
0.401058
-1.51706
 1.86113
0.471435
-1.02843
 1.13608
 1.22687
0.401058
-1.51707
 1.86113
0.471434
-1.02843
 1.13608
 1.22687
0.401058
-1.51707
 1.86113
0.471434
-1.02843
 1.13608
 1.22687
0.401058
-1.51708
 1.86113
0.471434
-1.02843
 1.13608
 1.22687
0.401058
-1.51708
 1.86113
0.471434
-1.02843
 1.13608
 1.22687
0.401058
-1.51709
 1.86113
0.471434
-1.02843
 1.13608
 1.22687
0.401059
-1.51709
 1.86113
0.471435
-1.02844
 1.13608
 1.22687
0.401058
-1.51709
 1.86113
0.471435
-1.02844
 1.13608
 1.22687
0.401059
-1.51709
 1.86113
0.471435
-1.02844
 1.13608
 1.22687
0.401059
 -1.5171
 1.86113
0.471435
-1.02844
 1.13608
 1.22687
0.401059
 -1.5171
 1.86113
0.471435
-1.02844
 1.13608
 1.22687
0.401059
 -1.5171
 1.86113
0.471435
-1.02844
 1.13608
 1.22687
0.401059
 -1.5171
 1.86113
0.471435
-1.02844
 1.13608
 1.22687
0.401059
 -1.5171
 1.86114
0.471435
-1.02844
 1.13608
 1.22687
0.401059
-1.51711
 1.86114
0.471435
-1.02844
 1.13608
 1.22687
0.401059
-1.51711
 1.86114
0.471435
-1.02844
 1.13608
 1.22687
0.401059
-1.51711
 1.86114
0.471435
-1.02844
 1.13608
 1.22687
 0.40106
-1.51712
 1.86114
0.471435
-1.02843
 1.13608
 1.22687
 0.40106
-1.51712
 1.86114
0.471434
-1.02843
 1.13608
 1.22687
 0.40106
-1.51713
 1.86114
0.471434
-1.02843
 1.13608
 1.22687
 0.40106
-1.51713
 1.86114
0.471434
-1.02843
 1.13608
 1.22687
 0.40106
-1.51714
 1.86114
0.471434
-1.02844
 1.13608
 1.22687
 0.40106
-1.51714
 1.86114
0.471434
-1.02844
 1.13608
 1.22687
 0.40106
-1.51715
 1.86114
0.471434
-1.02844
 1.13608
 1.22687
 0.40106
-1.51715
 1.86114
0.471434
-1.02844
 1.13608
 1.22687
 0.40106
-1.51716
 1.86114
0.471434
-1.02844
 1.13608
 1.22687
 0.40106
-1.51716
 1.86114
0.471434
-1.02844
 1.13608
 1.22687
 0.40106
-1.51716
 1.86114
0.471435
-1.02844
 1.13608
 1.22687
 0.40106
-1.51716
 1.86114
0.471435
-1.02844
 1.13608
 1.22687
0.401061
-1.51715
 1.86114
0.471435
-1.02844
 1.13608
 1.22687
0.401061
-1.51715
 1.86114
0.471435
-1.02844
 1.13608
 1.22687
0.401061
-1.51715
 1.86114
0.471435
-1.02844
 1.13608
 1.22687
0.401061
-1.51715
 1.86114
0.471435
-1.02844
 1.13608
 1.22687
0.401061
-1.51715
 1.86114
0.471435
-1.02844
 1.13608
 1.22687
0.401061
-1.51715
 1.86114
0.471434
-1.02844
 1.13608
 1.22687
0.401061
-1.51715
 1.86114
0.471434
-1.02844
 1.13608
 1.22687
0.401061
-1.51715
 1.86114
0.471434
-1.02844
 1.13608
 1.22687
0.401061
-1.51715
 1.86114
0.471434
-1.02844
 1.13608
 1.22687
0.401061
-1.51715
 1.86114
0.471434
-1.02844
 1.13608
 1.22687
0.401061
-1.51715
 1.86114
0.471434
-1.02844
 1.13608
 1.22687
0.401061
-1.51715
 1.86114
0.471434
-1.02844
 1.13608
 1.22687
0.401062
-1.51715
 1.86114
0.471434
-1.02844
 1.13608
 1.22687
0.401062
-1.51715
 1.86114
0.471434
-1.02844
 1.13608
 1.22687
0.401062
-1.51715
 1.86114
0.471435
-1.02844
 1.13608
 1.22687
0.401062
-1.51715
 1.86114
0.471435
-1.02844
 1.13608
 1.22687
0.401062
-1.51715
 1.86114
0.471435
-1.02844
 1.13608
 1.22687
0.401062
-1.51715
 1.86114
0.471435
-1.02844
 1.13608
 1.22687
0.401062
-1.51715
 1.86114
0.471434
-1.02844
 1.13608
 1.22687
0.401062
-1.51715
 1.86114
0.471434
-1.02844
 1.13608
 1.22687
0.401062
-1.51715
 1.86114
0.471434
-1.02844
 1.13607
 1.22687
0.401062
-1.51715
 1.86114
0.471434
-1.02844
 1.13607
 1.22687
0.401062
-1.51715
 1.86114
0.471434
-1.02844
 1.13607
 1.22687
0.401062
-1.51715
 1.86114
0.471434
-1.02844
 1.13607
 1.22687
0.401062
-1.51715
 1.86115
0.471434
-1.02844
 1.13607
 1.22687
0.401062
-1.51715
 1.86115
0.471434
-1.02843
 1.13607
 1.22687
0.401062
-1.51715
 1.86115
0.471434
-1.02843
 1.13607
 1.22687
0.401062
-1.51715
 1.86115
0.471434
-1.02843
 1.13607
 1.22687
0.401062
-1.51715
 1.86115
0.471434
-1.02844
 1.13607
 1.22687
0.401062
-1.51715
 1.86115
0.471434
-1.02844
 1.13607
 1.22687
0.401063
-1.51715
 1.86115
0.471434
-1.02844
 1.13607
 1.22687
0.401062
-1.51715
 1.86115
0.471434
-1.02844
 1.13607
 1.22687
0.401063
-1.51715
 1.86115
0.471434
-1.02844
 1.13607
 1.22687
0.401063
-1.51715
 1.86115
0.471434
-1.02844
 1.13607
 1.22687
0.401063
-1.51715
 1.86115
0.471434
-1.02844
 1.13607
 1.22687
0.401063
-1.51715
 1.86115
0.471435
-1.02844
 1.13607
 1.22687
0.401063
-1.51715
 1.86115
0.471434
-1.02844
 1.13607
 1.22687
0.401063
-1.51715
 1.86115
0.471434
-1.02844
 1.13607
 1.22687
0.401063
-1.51715
 1.86115
0.471434
-1.02844
 1.13607
 1.22687
0.401063
-1.51715
 1.86115
0.471434
-1.02844
 1.13607
 1.22687
0.401063
-1.51715
 1.86115
0.471434
-1.02844
 1.13607
 1.22687
0.401063
-1.51715
 1.86115
0.471434
-1.02844
 1.13607
 1.22687
0.401063
-1.51715
 1.86115
0.471434
-1.02844
 1.13607
 1.22687
0.401063
-1.51715
 1.86115
0.471434
-1.02844
 1.13607
 1.22687
0.401063
-1.51715
 1.86115
0.471434
-1.02844
 1.13607
 1.22687
0.401063
-1.51715
 1.86115
0.471434
-1.02844
 1.13607
 1.22687
0.401063
-1.51715
 1.86115
0.471434
-1.02844
 1.13607
 1.22687
0.401063
-1.51715
 1.86115
0.471434
-1.02844
 1.13607
 1.22687
0.401063
-1.51715
 1.86115
0.471434
-1.02844
 1.13607
 1.22687
0.401063
-1.51715
 1.86115
0.471435
-1.02844
 1.13607
 1.22687
0.401064
-1.51715
 1.86115
0.471435
-1.02844
 1.13607
 1.22686
0.401064
