   0.353872
   0.113487
-0.00337837
-0.00681892
 0.00475267
-0.00418211
  0.344368
 0.0646284
0.00576613
 -0.014967
0.00726072
  0.019626
   0.336673
  0.0992765
 0.00233565
-0.00412789
  0.0148579
  0.0074001
  0.340375
 0.0837014
0.00861353
 0.0010926
 0.0117581
 0.0100381
   0.351316
  0.0980505
0.000879018
-0.00657801
  0.0113129
 0.00502093
   0.315903
  0.0818262
-0.00338241
6.29214e-05
 0.00520295
 0.00863789
    0.31781
  0.0906935
 -0.0223648
-0.00369086
 0.00581297
 -0.0034131
   0.326914
  0.0966052
 -0.0294865
-0.00395786
  0.0119636
  0.0274718
   0.341028
  0.0797372
 -0.0203949
-0.00191619
-0.00321151
  0.0130516
   0.413518
  0.0794593
 -0.0234049
 0.00336751
-0.00351907
  0.0190146
    0.522232
    0.136122
  -0.0344974
-0.000732427
 -0.00732977
  0.00960914
  0.660114
  0.113016
-0.0262678
0.00385796
 0.0267674
 0.0247753
   0.834856
   0.178459
 0.00913227
-0.00853793
  0.0202489
  0.0207158
   0.935172
   0.264161
  0.0443827
-0.00833734
  0.0286702
  0.0244213
    0.83327
   0.185861
 -0.0117363
-0.00834066
  0.0290409
  0.0343935
  0.876767
  0.247312
0.00268935
-0.0182931
 0.0298033
0.00974658
   0.879693
   0.217889
  0.0159669
-0.00793984
  0.0367162
  0.0278228
   0.889336
   0.193877
  0.0212596
-0.00920961
  0.0424865
  0.0400584
 0.887382
 0.184818
0.0614994
 -0.00468
0.0528471
0.0377245
  0.858531
   0.24726
 0.0166021
-0.0106005
 0.0494051
 0.0190029
   0.852672
   0.254998
  0.0437602
-0.00571349
   0.044514
  0.0177076
  0.917531
  0.252899
-0.0492159
0.00570562
 0.0320181
 0.0302758
  0.913294
  0.285723
0.00588075
-0.0294223
 0.0361314
 0.0256912
  0.946056
  0.234321
 0.0254473
-0.0134659
 0.0414148
 0.0341113
    1.01152
   0.292159
 -0.0351657
-0.00589248
  0.0352898
  0.0240282
   0.997635
    0.21771
  0.0230896
-0.00011627
  0.0398616
  0.0338057
    1.04079
   0.335609
 -0.0577551
-0.00943895
  0.0312066
  0.0332397
    1.01655
   0.268992
  0.0292303
-0.00837818
  0.0234745
  0.0157175
    1.04758
   0.296734
  0.0108474
-0.00662357
  0.0341268
  0.0280267
    1.04002
   0.284894
 -0.0108091
-0.00594562
  0.0418272
  0.0226034
    1.03299
    0.23373
 -0.0267573
-0.00686291
  0.0277185
  0.0278683
   1.03804
  0.336925
-0.0868789
-0.0183034
 0.0227092
0.00375603
    1.07803
   0.262805
3.30915e-05
-0.00388802
  0.0307435
  0.0178453
   1.09485
  0.323935
-0.0399018
-0.0094988
 0.0156424
 0.0110142
    1.09048
   0.236741
-0.00716096
 0.00541586
  0.0384426
  0.0319196
     1.10892
     0.33694
   0.0370379
-0.000145748
   0.0448876
   0.0422424
   1.09601
  0.284062
 0.0178116
-0.0051796
 0.0363492
 0.0434708
   1.12998
  0.306782
0.00325197
-0.0062466
 0.0344641
 0.0281232
    1.15756
   0.321989
 -0.0365229
-0.00542127
  0.0348606
  0.0375614
   1.14506
  0.311692
 0.0175419
-0.0215884
 0.0449927
 0.0202919
    1.1863
  0.321119
-0.0248819
-0.0241716
 0.0520798
  0.025204
    1.20299
    0.32167
 0.00871112
-0.00982878
  0.0421171
  0.0383839
   1.20433
  0.287873
-0.0325941
-0.0116771
  0.027179
 0.0308788
   1.21964
  0.338585
0.00336712
-0.0164312
 0.0429506
 0.0372572
     1.22569
    0.304819
-0.000484272
 -0.00104312
   0.0443213
   0.0561605
    1.21962
   0.329986
-0.00207031
 -0.0123559
  0.0315118
  0.0572595
   1.23495
  0.344089
-0.0177196
-0.0148196
 0.0437485
  0.037534
      1.292
   0.330134
 0.00931733
-0.00938646
  0.0545588
  0.0401174
   1.27391
  0.353836
-0.0289083
-0.0205191
 0.0438433
  0.040239
    1.29399
   0.357288
 -0.0210206
-0.00892653
  0.0356686
  0.0423987
     1.3043
   0.347967
 -0.0136488
-0.00978248
  0.0331278
  0.0360285
    1.37377
   0.378641
-0.00662403
 -0.0106527
  0.0414922
  0.0429988
    1.37069
   0.328656
-0.00784094
  -0.011697
   0.041361
  0.0455775
     1.4188
   0.398474
  0.0100967
-0.00756176
  0.0427856
  0.0241652
    1.43155
   0.414528
0.000494782
  -0.013006
   0.038742
  0.0322115
     1.43218
    0.411867
-0.000569786
  -0.0196396
   0.0609352
   0.0389301
   1.48658
  0.408555
-0.0100916
-0.0155666
 0.0365299
 0.0462262
   1.47536
  0.457963
-0.0207833
-0.0146159
 0.0371386
 0.0453169
   1.51474
   0.40257
-0.0241139
-0.0196418
 0.0431331
 0.0439065
   1.56607
  0.440897
-0.0437427
-0.0105163
 0.0376618
 0.0415816
   1.62191
  0.431422
-0.0221792
-0.0139382
 0.0431886
 0.0558492
   1.66765
  0.474556
0.00850964
-0.0190896
 0.0442586
 0.0414734
   1.72172
  0.518851
-0.0352228
-0.0161739
 0.0437343
 0.0518364
   1.79752
  0.522054
-0.0380733
-0.0137884
 0.0493102
 0.0635972
    1.9088
   0.55069
 -0.068595
-0.0148655
 0.0674379
 0.0600671
   1.99408
  0.583264
 0.0282185
-0.0175914
  0.062328
  0.046761
   2.06168
  0.613225
  0.039919
-0.0193347
  0.075295
 0.0582888
    2.1224
  0.582542
-0.0485585
-0.0190565
 0.0693942
 0.0608624
   2.19812
  0.576991
-0.0235187
-0.0181768
 0.0790533
  0.077721
     2.2611
   0.699447
-0.00625527
  -0.016118
  0.0743313
  0.0743275
   2.32349
  0.624966
 0.0523841
-0.0187095
 0.0879825
 0.0860437
   2.40019
  0.723967
-0.0145325
-0.0176384
 0.0884476
 0.0951773
   2.44379
   0.73979
-0.0485606
-0.0276555
 0.0849607
 0.0782054
   2.52024
  0.731941
-0.0550382
 -0.011345
 0.0792963
 0.0766945
   2.58949
  0.771712
 0.0032071
-0.0185096
 0.0841712
   0.08121
   2.70537
    0.8347
-0.0209686
-0.0182289
 0.0960878
 0.0843017
   2.77589
  0.806582
0.00349132
-0.0179472
  0.103429
  0.106551
   2.88884
  0.908893
-0.0237433
-0.0224763
 0.0983215
  0.120427
   2.98193
   0.87977
-0.0459103
 -0.035187
  0.103841
  0.122852
   3.10218
  0.898038
-0.0575726
-0.0194235
  0.119081
  0.137718
     3.17759
    0.956432
-0.000905361
  -0.0230151
     0.11355
    0.149957
   3.29357
  0.982733
-0.0120037
-0.0208615
  0.119974
  0.160331
   3.39036
   1.02947
-0.0038826
-0.0159899
  0.118384
  0.146309
   3.48744
  0.992666
-0.0244527
-0.0237257
  0.127018
   0.15971
    3.6894
   1.16718
-0.0152159
-0.0224361
  0.132201
  0.152428
   3.76768
   1.17664
-0.0311593
-0.0312909
   0.13504
  0.168937
   3.87192
   1.22698
 -0.078322
-0.0289697
  0.130641
  0.173077
    3.95045
    1.22645
-0.00642033
 -0.0344646
    0.14842
   0.181205
   4.12343
   1.35686
-0.0245527
-0.0271629
  0.153413
  0.183562
   4.25582
     1.311
-0.0078476
 -0.022592
  0.153241
  0.200306
   4.51106
   1.40541
-0.0655315
-0.0265508
  0.150833
  0.223881
   4.63706
   1.38729
-0.0076226
-0.0228142
  0.153056
  0.238974
   4.75289
   1.52272
-0.0647335
 -0.028247
  0.158697
  0.239496
   4.93949
   1.57458
-0.0470257
-0.0252408
  0.168902
   0.25343
   5.06038
   1.54136
-0.0476619
-0.0312927
  0.163745
  0.262119
   5.27793
   1.78453
-0.0496993
-0.0237595
  0.173922
  0.259578
   5.59812
   1.78336
-0.0447907
-0.0359245
  0.185468
  0.293332
   5.80775
   1.87907
-0.0490889
-0.0311363
  0.193274
  0.292921
   6.13046
   1.98542
-0.0744923
-0.0372303
  0.196114
  0.316752
   6.09815
   1.97349
-0.0471981
 -0.031476
   0.20902
   0.29024
   5.99452
   1.91158
 0.0295542
-0.0260099
   0.20816
  0.290212
   6.03144
   1.93912
-0.0453361
 -0.034961
   0.20166
  0.275792
   5.99146
   1.86129
-0.0532481
-0.0287699
  0.205156
  0.266934
   6.03236
   1.90744
-0.0704507
 -0.038667
   0.20285
  0.257414
   5.85584
   1.83845
-0.0754337
-0.0409423
  0.196357
  0.231304
   5.76709
   1.73995
-0.0694275
-0.0270317
  0.205143
  0.240237
  5.62593
  1.72306
  -0.0358
-0.042811
  0.20735
 0.224273
   5.67249
   1.72836
  -0.06086
-0.0273849
  0.193993
  0.223145
   5.80733
   1.75254
-0.0367497
-0.0281076
  0.202639
  0.202732
   5.89445
   1.81466
-0.0378241
-0.0326248
  0.216915
  0.222782
   5.85465
   1.74455
-0.0250351
-0.0249555
  0.215873
  0.198085
   5.85232
   1.78913
-0.0765408
-0.0434887
  0.214291
   0.18442
   5.82426
    1.8039
-0.0938068
 -0.039015
  0.213929
  0.179976
    5.8862
   1.73046
-0.0199986
-0.0346438
  0.205153
  0.158041
   5.83687
   1.73949
-0.0219067
-0.0261524
   0.21052
  0.157826
   5.88172
   1.83118
-0.0990966
-0.0405122
  0.206005
  0.139657
   5.81302
    1.7063
-0.0458513
 -0.037379
  0.197878
  0.144505
   5.90757
   1.74422
-0.0791346
-0.0401084
  0.199849
  0.143916
   5.93244
   1.74541
-0.0667644
 -0.020069
  0.204058
  0.113287
   6.06795
   1.82935
-0.0775682
-0.0325765
    0.2027
   0.12607
   6.03888
   1.75747
-0.0434884
-0.0327882
  0.212766
  0.120999
   6.10401
   1.79768
-0.0559875
-0.0370766
  0.221091
  0.119524
   6.17524
   1.79296
-0.0369077
-0.0355928
  0.209433
  0.121377
   6.28491
   1.79262
-0.0624842
-0.0354452
  0.230011
  0.124315
   6.32253
   1.81773
-0.0379084
-0.0278571
  0.219781
  0.101542
   6.43199
   1.90772
-0.0680752
-0.0359242
  0.229771
 0.0939291
   6.49058
   1.88537
-0.0491986
-0.0393045
  0.210377
  0.104847
   6.50481
   1.79545
-0.0402904
-0.0413016
  0.214476
  0.100455
   6.49129
   1.89946
-0.0751028
-0.0419221
  0.199143
 0.0905554
   6.51688
   1.84306
-0.0741146
-0.0251188
   0.19914
 0.0736778
   6.62631
   1.93323
-0.0790559
-0.0316315
  0.205816
  0.068964
   6.64567
    1.8211
-0.0594495
-0.0296767
  0.200661
 0.0747359
   6.63595
   1.87226
-0.0656101
-0.0323274
  0.204392
 0.0525587
   6.70023
   1.95338
-0.0402244
-0.0216212
  0.207135
 0.0245409
   6.74648
   1.87764
-0.0392499
-0.0219272
  0.205842
 0.0466322
   6.84699
   1.88824
-0.0418702
-0.0346412
  0.205572
 0.0440684
   6.86448
   1.92968
-0.0597502
 -0.029032
  0.206462
 0.0204323
   6.93241
   1.91158
-0.0569469
-0.0362226
  0.206008
0.00865198
   6.99498
   1.92782
 -0.055941
-0.0352162
  0.213291
 0.0377507
   7.02169
   1.92036
-0.0197047
-0.0227924
  0.210725
 0.0328227
    7.1271
   1.95582
-0.0435102
-0.0202453
  0.202109
0.00347903
   7.13232
   1.95011
 -0.109337
-0.0230863
  0.181041
-0.0183176
   7.18873
   2.02929
-0.0549879
-0.0199166
  0.190374
-0.0246129
   7.22346
   1.93924
-0.0330378
 -0.032778
  0.203979
-0.0179923
    7.27204
    1.96223
 -0.0692569
 -0.0293004
    0.19711
-0.00344504
   7.35328
   2.04031
-0.0714594
-0.0257249
  0.188289
-0.0454775
   7.31146
    1.9341
-0.0857922
-0.0264854
   0.18551
-0.0158201
    7.4355
   1.96132
-0.0262699
-0.0226866
  0.204908
-0.0197678
    7.4432
   1.99897
-0.0232605
-0.0337033
  0.213611
 -0.041095
   7.53662
   2.05946
 -0.112024
-0.0352626
  0.190771
-0.0645173
   7.51949
    1.9834
-0.0405206
-0.0147422
  0.213937
-0.0338743
   7.58887
   2.06688
-0.0533107
 -0.027323
  0.212987
-0.0715813
   7.62095
   1.98874
-0.0370368
-0.0359732
  0.220244
-0.0594636
   7.65807
   1.99887
 -0.102148
-0.0282845
  0.211406
-0.0569498
   7.67034
   2.12576
-0.0630713
-0.0356388
  0.218406
-0.0760622
   7.69337
   1.99724
-0.0882158
-0.0348875
  0.224928
-0.0873176
   7.78696
   2.03989
-0.0444648
-0.0364463
  0.232008
-0.0670575
    7.9285
   2.05219
 -0.083302
-0.0406147
  0.228616
-0.0967989
   7.93511
   2.03301
0.00771042
  -0.03668
  0.247449
-0.0818003
   8.00169
   2.08502
-0.0332077
-0.0386988
  0.236103
-0.0787732
   8.10073
   2.14912
 -0.105693
-0.0416627
  0.245314
-0.0944058
   8.15731
   2.10004
-0.0648256
-0.0363556
  0.235083
-0.0907106
   8.27648
   2.17617
-0.0599063
-0.0322151
  0.245632
-0.0907402
   8.27742
   2.13593
-0.0363112
-0.0242197
  0.239532
 -0.105518
   8.26736
   2.10643
 -0.119164
-0.0310136
   0.21136
-0.0985962
   8.28509
   2.10071
-0.0723943
-0.0338845
  0.221489
 -0.109899
    8.3812
   2.16793
-0.0850612
-0.0320871
  0.211609
 -0.137534
   8.45099
   2.13325
-0.0807374
-0.0351279
  0.224474
 -0.140966
   8.36681
   2.06836
-0.0492803
-0.0249591
  0.214389
 -0.123768
     8.334
   2.14039
 0.0158016
-0.0222077
  0.224472
 -0.136668
   8.40699
   2.12795
-0.0415618
-0.0206249
  0.220817
 -0.156802
    8.4529
   2.14278
 -0.111885
-0.0292157
   0.20052
 -0.155508
   8.54468
    2.1383
-0.0587507
 -0.028912
  0.207733
 -0.173196
    8.5341
   2.19259
 -0.092242
-0.0387727
  0.196364
 -0.191594
    8.5331
   2.11573
-0.0505482
-0.0330321
  0.209561
 -0.196031
   8.53116
   2.15268
-0.0256187
-0.0209437
   0.21492
  -0.20532
   8.59519
   2.19841
-0.0651311
-0.0148659
  0.200053
 -0.206875
   8.60361
   2.13267
-0.0657582
-0.0269192
   0.19151
 -0.193643
   8.64575
   2.12927
-0.0648925
-0.0231982
  0.201388
 -0.212396
   8.68582
   2.18783
 -0.103423
-0.0352036
  0.193026
 -0.217578
   8.64903
   2.13353
-0.0810234
-0.0202285
   0.20451
 -0.208254
   8.69629
   2.22582
-0.0518351
-0.0178609
  0.220562
 -0.231459
   8.71266
   2.17101
-0.0254815
-0.0264951
  0.211984
 -0.205633
   8.70366
   2.12826
-0.0401963
-0.0315166
  0.209406
 -0.201893
   8.75837
   2.13389
 -0.085207
-0.0230794
  0.210299
 -0.203158
   8.77527
   2.17567
 -0.033944
-0.0375887
  0.208465
 -0.221586
   8.91462
   2.20858
-0.0647186
 -0.030597
  0.219356
 -0.231573
    8.81919
    2.17375
0.000730864
 -0.0383815
   0.229898
  -0.215002
   8.83168
   2.14594
-0.0814373
-0.0357309
  0.207635
 -0.215636
   8.86289
   2.15616
-0.0440955
 -0.014787
  0.216611
 -0.221398
   8.93857
    2.1762
-0.0974528
-0.0191035
  0.194693
 -0.245858
   8.93081
   2.19111
-0.0445963
-0.0315556
  0.206251
 -0.246842
   8.94626
   2.17956
-0.0481293
 -0.020297
  0.223711
 -0.230072
   9.00796
   2.20653
-0.0734954
-0.0291356
  0.213951
 -0.246549
   9.03162
   2.18476
-0.0510121
-0.0210113
  0.216451
 -0.255554
   9.06439
   2.22237
-0.0824072
-0.0190029
  0.211326
 -0.268257
   9.02113
   2.21241
-0.0581316
-0.0205727
   0.21369
 -0.285583
   9.02487
   2.24174
-0.0536735
-0.0244666
  0.223954
 -0.266819
   9.06495
   2.21109
-0.0206543
  -0.01921
  0.220465
 -0.252194
   9.13038
   2.19519
 -0.106122
-0.0255412
  0.223901
 -0.258342
   9.16454
   2.27135
 -0.108582
-0.0319259
  0.220479
 -0.274503
   9.15698
   2.19537
-0.0516003
-0.0343437
  0.234916
 -0.265141
   9.20169
    2.2535
-0.0161885
-0.0334244
  0.235208
 -0.250217
   9.22595
   2.18247
-0.0202124
-0.0296659
  0.223589
 -0.267089
   9.24407
   2.21247
-0.0973359
-0.0220987
  0.215262
 -0.273303
   9.19115
   2.19999
-0.0762563
 -0.025813
  0.215909
 -0.251292
   9.21705
   2.22263
-0.0386737
-0.0203463
  0.223895
 -0.277004
   9.17337
   2.16902
-0.0362935
-0.0212462
  0.209978
 -0.266192
   9.16646
   2.22598
-0.0655027
-0.0238407
  0.209834
 -0.310382
   9.16484
   2.21564
 -0.109496
-0.0146489
  0.196063
 -0.304272
   9.15654
   2.17042
-0.0555255
-0.0163288
  0.212275
 -0.302646
    9.1133
   2.17029
-0.0527973
-0.0141918
  0.208445
 -0.291479
   9.06984
   2.20612
-0.0405381
-0.0212702
  0.195199
 -0.298261
   9.04165
   2.16658
-0.0464977
-0.0205995
  0.201799
 -0.310175
   9.00434
   2.13019
-0.0702241
 -0.030455
  0.215692
 -0.314092
   8.96321
   2.09246
-0.0615972
-0.0322821
  0.199762
 -0.304434
   8.98223
   2.11722
-0.0373702
-0.0453778
  0.219747
 -0.298821
   8.97047
   2.10751
-0.0543805
 -0.024852
  0.222821
  -0.30618
   8.94522
   2.10853
-0.0579317
-0.0290278
  0.212154
 -0.328097
   8.92844
   2.14665
-0.0532154
-0.0261156
  0.207402
  -0.32124
   8.89412
   2.05195
-0.0503589
-0.0207583
  0.197151
 -0.322156
   8.85347
   2.06722
-0.0778453
-0.0270368
   0.20044
 -0.311336
   8.79125
   2.08824
-0.0492898
-0.0107667
  0.207539
 -0.336305
   8.74938
   2.09871
-0.0535032
-0.0220246
  0.204531
 -0.341076
   8.71933
   2.06705
-0.0779562
-0.0251081
  0.200659
 -0.328332
   8.71156
    1.9832
 -0.029294
-0.0194671
  0.204035
 -0.321837
   8.69498
   2.05614
-0.0409304
-0.0254982
  0.209906
 -0.329574
   8.66974
   2.03856
-0.0548191
-0.0362472
  0.202399
 -0.335158
   8.66013
   2.02695
-0.0307855
-0.0272912
  0.204895
  -0.34816
   8.65678
    1.9876
-0.0544582
-0.0204136
  0.192325
 -0.331337
   8.65022
   2.01602
0.00121739
-0.0260617
  0.193011
 -0.325538
   8.63168
   2.04325
-0.0813668
-0.0203394
  0.177355
 -0.350677
    8.5627
   1.96302
-0.0902723
-0.0358697
  0.167125
  -0.34087
    8.5389
   1.95061
 -0.106827
-0.0295773
  0.183728
 -0.352129
   8.51721
   1.97495
0.00686975
-0.0189628
  0.197231
 -0.344107
    8.4743
   1.97348
-0.0385034
-0.0145132
  0.195545
 -0.348144
   8.43522
   1.95314
-0.0469944
-0.0254767
  0.185145
 -0.349673
   8.40649
   1.92527
 -0.084373
-0.0220479
  0.181852
 -0.351607
    8.3756
   1.92397
-0.0529707
-0.0341842
  0.198358
 -0.362051
    8.38038
    1.91347
-0.00376787
 -0.0184299
   0.203878
  -0.370435
   8.31803
   1.98785
-0.0230778
-0.0251753
  0.198743
 -0.365551
   8.29688
   1.90875
-0.0508361
-0.0164194
  0.192844
 -0.357172
   8.25558
   1.89899
-0.0726665
-0.0212449
  0.185012
 -0.358789
   8.24257
   1.92806
  -0.12044
-0.0287253
  0.174891
 -0.367199
   8.16645
   1.84596
-0.0300107
-0.0260443
  0.204195
 -0.347836
     8.1517
    1.89229
-0.00799451
 -0.0311751
    0.20473
  -0.360717
   8.07787
   1.82726
-0.0271023
-0.0254126
  0.212334
  -0.34881
   8.07949
   1.83807
-0.0436244
-0.0331524
  0.224831
 -0.345901
   8.03361
   1.78414
-0.0691779
-0.0408671
  0.206306
 -0.334081
   8.02344
   1.81205
-0.0634908
-0.0294987
  0.207541
 -0.339552
    8.0199
   1.85524
 0.0013521
-0.0296306
  0.221488
 -0.354097
   8.00477
   1.79352
-0.0430414
-0.0337024
  0.206127
 -0.347591
   8.02868
   1.83331
-0.0287963
-0.0354398
  0.205168
 -0.371085
   7.99401
   1.85835
-0.0447037
-0.0414905
  0.207835
 -0.376801
   7.97932
   1.80601
-0.0770969
-0.0266314
  0.204183
 -0.377547
   7.91509
   1.74327
-0.0783988
-0.0216705
  0.191513
 -0.371359
   7.86323
   1.79914
-0.0235141
-0.0220726
  0.198061
 -0.385343
   7.82545
   1.78327
-0.0591985
-0.0246673
  0.184958
 -0.371121
   7.77712
   1.72298
-0.0883589
-0.0252777
  0.184633
 -0.376088
      7.73
   1.73057
-0.0345513
-0.0187093
  0.174072
 -0.387887
    7.7087
   1.77013
-0.0572912
-0.0184774
  0.177478
 -0.398453
   7.67854
   1.70298
-0.0136343
-0.0226603
  0.194261
 -0.371703
   7.64015
   1.70827
-0.0633709
-0.0199379
  0.186199
  -0.39427
   7.60079
    1.6897
-0.0253414
 -0.022322
  0.181114
 -0.419518
   7.52371
   1.71242
-0.0467544
-0.0164544
  0.186141
 -0.393927
   7.53885
   1.67205
 -0.031221
-0.0219865
  0.186612
 -0.401423
   7.52927
   1.69618
-0.0192738
-0.0251108
  0.195861
 -0.400324
   7.45812
   1.64534
-0.0460315
  -0.01872
  0.167946
 -0.408941
     7.39384
     1.61119
-0.000179769
  -0.0184417
    0.187328
   -0.374506
   7.38611
   1.70001
-0.0473478
-0.0146229
  0.169399
 -0.388154
   7.38951
   1.58319
-0.0797707
-0.0254503
  0.165645
  -0.38426
   7.34487
   1.61656
-0.0664274
-0.0207528
  0.163268
 -0.396586
    7.2936
   1.64247
 -0.012986
-0.0201942
  0.166292
 -0.407978
   7.21292
    1.5977
-0.0442801
 -0.026847
  0.183095
 -0.391409
    7.16837
    1.56766
 -0.0536812
-0.00987512
   0.169677
  -0.400582
   7.14395
   1.57414
-0.0310634
-0.0203528
  0.171002
 -0.405078
     7.114
   1.58809
-0.0257243
-0.0238968
  0.177912
 -0.389907
    7.0941
   1.53081
-0.0460268
 -0.017109
   0.18666
 -0.393713
   7.03687
   1.55442
-0.0334359
-0.0291043
  0.178203
   -0.3865
   7.02789
   1.52239
-0.0205336
-0.0149328
  0.169899
 -0.377943
   7.00566
   1.56387
-0.0363439
 -0.031981
  0.168645
 -0.401361
   7.02023
   1.55514
 -0.102589
-0.0234438
  0.171232
 -0.406148
     6.9297
    1.50759
-0.00297104
  -0.034526
   0.187852
  -0.393558
   6.89101
   1.52354
-0.0193823
-0.0331874
  0.183891
 -0.399927
   6.86067
   1.48552
-0.0609003
-0.0209236
  0.173567
 -0.381513
   6.75679
   1.44255
-0.0250942
-0.0243446
  0.180945
 -0.385737
   6.73666
   1.46799
 0.0017322
-0.0223668
  0.183539
 -0.385092
   6.68707
   1.47657
-0.0186336
-0.0272505
  0.176524
 -0.393815
   6.67371
    1.4638
-0.0509086
-0.0164488
  0.176908
 -0.396898
   6.64823
   1.43818
-0.0311423
-0.0313008
  0.179508
 -0.386211
   6.63912
   1.46039
-0.0248838
-0.0273446
  0.175827
 -0.395783
   6.56682
   1.41629
 0.0149473
-0.0130905
  0.177789
 -0.398879
    6.56145
    1.43128
 -0.0486475
-0.00943645
   0.160668
  -0.383197
   6.53113
   1.39982
-0.0570861
 -0.018843
  0.155185
  -0.38523
   6.46737
   1.35254
-0.0447211
-0.0197582
  0.150375
 -0.400507
   6.43611
   1.38196
 0.0058408
-0.0191493
  0.169215
 -0.394451
   6.39023
   1.42112
 0.0232812
-0.0136149
   0.16401
 -0.389138
    6.36121
    1.34852
 -0.0378867
-0.00835464
   0.144848
  -0.394704
   6.29852
   1.29658
-0.0221664
-0.0186956
  0.150944
 -0.368594
    6.2722
     1.349
0.00324006
-0.0161344
  0.144352
 -0.381615
    6.21137
    1.36185
-0.00744116
 -0.0205051
   0.143531
  -0.391649
   6.17058
   1.36044
-0.0362922
-0.0114915
  0.136292
 -0.394297
   6.13487
   1.28855
-0.0306905
-0.0227813
  0.129954
 -0.399169
   6.07567
   1.27703
-0.0582909
-0.0188239
   0.12872
 -0.392002
    6.01941
    1.28008
-0.00844899
 -0.0139948
   0.132763
  -0.386089
    5.95932
    1.25394
 -0.0184442
-0.00690979
   0.114562
  -0.382668
    5.92098
    1.24148
  0.0284967
-0.00366538
   0.123415
  -0.380891
   5.86821
   1.25508
-0.0129246
-0.0112544
  0.119677
 -0.375105
   5.84275
   1.21113
-0.0401879
-0.0211655
  0.119641
 -0.392549
   5.78475
   1.20303
-0.0249547
-0.0231153
  0.118568
 -0.370624
   5.76413
   1.29426
-0.0663057
-0.0186687
  0.111903
 -0.404747
   5.76132
   1.17941
-0.0154838
-0.0213614
  0.133812
 -0.373649
    5.71546
    1.24659
-0.00975111
-0.00550779
   0.124561
   -0.39022
   5.67102
   1.17999
-0.0136003
  0.002654
  0.139181
 -0.363334
   5.62816
   1.18546
   0.02726
-0.0110293
   0.14025
   -0.3702
    5.6028
   1.16965
-0.0419625
-0.0144243
  0.143311
 -0.371224
    5.55655
    1.12737
-0.00468359
 -0.0171273
   0.141535
  -0.360814
   5.51563
   1.13431
 0.0506911
-0.0224185
  0.144911
 -0.366742
    5.4352
   1.12496
-0.0330126
-0.0245011
   0.14062
 -0.351151
    5.40886
    1.06836
-0.00668104
 -0.0160037
   0.136243
   -0.35671
   5.35329
   1.14881
-0.0398301
 -0.027166
  0.128913
 -0.357923
    5.3035
    1.0599
 0.0119778
-0.0150363
  0.134307
 -0.344927
    5.22197
    1.03687
-0.00971799
 -0.0171845
   0.126213
  -0.330603
   5.18996
   1.13241
-0.0302751
-0.0214049
  0.124134
 -0.350516
    5.13573
    1.04516
  0.0465952
-0.00561858
   0.135774
  -0.346857
    5.11001
    1.09518
 -0.0172633
-0.00852296
   0.135778
   -0.34238
    5.05052
    0.97315
-0.00134207
  -0.017704
   0.125757
  -0.340717
    5.0027
   1.08425
-0.0324946
-0.0235179
  0.124736
 -0.336998
    4.95601
   0.989736
-0.00934872
 -0.0141559
   0.113435
   -0.33387
   4.96991
   1.04767
-0.0325836
-0.0118286
  0.121936
 -0.335206
   4.93507
   1.00082
 0.0150853
-0.0066362
  0.110548
 -0.338244
    4.9253
  0.988854
-0.0400058
-0.0109408
  0.111267
 -0.337654
   4.84229
    1.0174
0.00797041
-0.0136232
  0.094052
  -0.34944
    4.86287
    1.00059
 -0.0657504
-0.00410512
  0.0914558
  -0.328783
    4.84173
   0.956164
-0.00743966
  -0.014681
  0.0988942
  -0.324349
   4.84461
    0.9794
 -0.065791
-0.0210979
  0.105793
 -0.340833
   4.77622
  0.963623
  0.029914
-0.0123117
   0.11892
 -0.336292
   4.78774
  0.996476
-0.0524382
0.00507413
   0.10522
 -0.337541
   4.75132
  0.954389
0.00504394
-0.0150339
  0.100009
 -0.329227
   4.75398
   1.00659
-0.0188843
-0.0159393
 0.0991737
  -0.33373
    4.74436
   0.959068
 -0.0110106
-0.00713855
   0.113785
  -0.333057
   4.73122
  0.998206
-0.0131491
-0.0157373
  0.114106
 -0.334337
   4.74751
   1.00763
-0.0491583
-0.0201023
  0.107713
 -0.342224
    4.7071
  0.904535
-0.0010888
-0.0123343
  0.118732
 -0.311961
   4.69484
  0.985709
-0.0425926
 -0.016055
  0.110101
 -0.322038
   4.62897
  0.885014
   0.04003
-0.0101496
  0.117478
 -0.313555
   4.63706
   1.00454
-0.0299135
-0.0064553
  0.106544
 -0.342592
    4.62376
    0.91714
 -0.0398739
-0.00781851
   0.103036
   -0.31869
   4.63103
  0.902594
-0.0151013
 -0.018017
  0.124918
 -0.329969
   4.57596
  0.936352
0.00141312
-0.0169017
  0.115361
 -0.318524
   4.56483
  0.885687
 0.0174243
-0.0136925
  0.118725
 -0.303557
   4.59402
  0.938736
-0.0238723
-0.0153381
  0.115594
 -0.327726
   4.58181
  0.891904
-0.0571224
-0.0221429
  0.124993
 -0.325638
    4.52048
   0.890768
-0.00560244
 -0.0086623
   0.123495
  -0.313775
   4.50242
   0.95096
 0.0430448
-0.0221733
  0.126653
 -0.325608
    4.48801
   0.906416
  0.0277639
-0.00848209
   0.123883
  -0.323994
   4.43503
  0.866265
 0.0271176
-0.0151461
  0.122727
 -0.315434
    4.46253
   0.902137
 -0.0254965
0.000681497
   0.130103
  -0.301277
    4.43236
   0.868306
-0.00268919
 -0.0170974
   0.114988
  -0.331475
   4.43723
  0.902575
-0.0196839
-0.0111785
   0.12278
 -0.327579
    4.37819
   0.852628
-0.00363156
 -0.0155651
   0.108832
  -0.311716
    4.39208
   0.882793
 -0.0366467
-0.00908169
  0.0987506
  -0.322983
   4.39583
  0.885972
 0.0111902
0.00558562
  0.108467
 -0.333255
   4.36765
  0.890006
-0.0253309
-0.0097363
 0.0930249
 -0.334273
    4.33985
    0.89478
 0.00530157
-0.00568599
  0.0947206
  -0.331907
     4.4109
   0.954589
  -0.068785
-0.00889063
  0.0956384
  -0.341389
   4.40344
  0.849596
-0.0542147
-0.0145496
 0.0945246
 -0.355435
   4.38697
  0.876275
 0.0172387
-0.0227055
  0.103064
 -0.347855
    4.4046
  0.946407
-0.0186282
-0.0045366
  0.108463
 -0.358656
   4.37538
   0.85532
-0.0237537
-0.0200689
  0.113247
 -0.336891
    4.33847
   0.846758
 -0.0354227
-0.00238755
   0.101526
  -0.329809
  4.36144
 0.899246
0.0348986
-0.014185
 0.114105
-0.339059
   4.31613
  0.862019
0.00031205
-0.0224357
  0.120958
 -0.322225
   4.33372
  0.838638
-0.0405514
-0.0219599
  0.106303
 -0.323688
   4.32464
  0.871012
-0.0260056
-0.0169969
  0.135995
 -0.328356
    4.28906
   0.891681
-0.00604981
 -0.0138636
   0.128511
  -0.320288
   4.30257
  0.839364
 0.0151927
-0.0234423
  0.116845
 -0.330036
   4.29706
  0.846894
-0.0245564
 -0.014786
  0.124246
 -0.320576
    4.31047
   0.851644
-0.00925344
 -0.0122561
    0.12584
  -0.324527
   4.31621
  0.899381
-0.0249234
-0.0115164
  0.118825
 -0.318375
   4.26283
  0.806683
-0.0304311
-0.0126033
     0.119
 -0.312493
    4.24824
   0.861378
-0.00348556
 -0.0207159
   0.126628
  -0.320263
   4.20511
  0.833645
-0.0336334
 -0.018773
  0.132527
  -0.30804
    4.19382
   0.820676
 -0.0280973
-0.00867255
   0.128282
  -0.301383
     4.175
  0.856732
-0.0181449
-0.0212632
  0.117386
 -0.298292
    4.13318
   0.813435
-0.00194416
  -0.022939
   0.120371
  -0.287954
   4.15709
  0.854183
-0.0514715
-0.0175911
   0.11783
 -0.302054
    4.12159
   0.783021
-0.00481896
   -0.01931
   0.124933
  -0.286148
   4.11108
  0.838515
 0.0269546
-0.0225945
  0.130439
 -0.289525
   4.09683
  0.801451
-0.0228057
-0.0153849
  0.114209
 -0.285437
    4.0735
  0.767598
-0.0200623
-0.0222145
  0.135257
 -0.283065
    4.05017
   0.835269
 -0.0180063
-0.00995968
   0.126375
  -0.292673
   4.04335
  0.800197
-0.0143599
-0.0233499
  0.124921
 -0.283907
   4.01284
  0.817179
-0.0279162
-0.0164523
  0.121079
 -0.280919
   3.97177
  0.788567
-0.0150922
-0.0204249
  0.132706
 -0.290633
   3.87722
  0.795386
-0.0338371
-0.0223942
  0.112492
 -0.280864
   3.83363
  0.760892
-0.0209073
-0.0148637
  0.124215
  -0.28817
   3.79521
  0.766133
-0.0112984
-0.0180693
  0.118917
 -0.281683
   3.83328
  0.762837
-0.0196673
-0.0100198
  0.121871
 -0.291513
   3.86513
  0.776756
-0.0149716
 -0.018033
  0.128698
 -0.278463
   3.92817
  0.799802
-0.0115559
-0.0123387
  0.127707
 -0.275729
   4.03598
  0.832788
-0.0392887
-0.0202759
  0.120441
 -0.303284
    4.08649
   0.784239
 -0.0344317
-0.00287717
   0.115364
  -0.309781
   3.99101
  0.803962
 0.0143256
-0.0203006
  0.133337
 -0.287803
   3.91439
  0.777222
0.00327722
-0.0215209
  0.121908
 -0.288035
   3.90275
  0.756545
-0.0225723
-0.0144137
   0.12074
 -0.280644
   3.95647
  0.782806
-0.0194165
-0.0191463
  0.116133
 -0.296457
   3.97993
  0.797289
-0.0228881
-0.0230785
  0.123243
 -0.311693
   3.90363
  0.779306
 -0.017629
-0.0202637
  0.121121
 -0.291358
   3.84676
  0.775159
 -0.012541
-0.0205145
  0.117098
  -0.28686
   3.74308
  0.758379
-0.0233589
-0.0228989
  0.113192
  -0.30367
   3.69477
  0.744738
-0.0251804
-0.0173969
  0.119736
 -0.295466
   3.68102
  0.741745
-0.0192325
-0.0165984
   0.11277
 -0.280047
   3.73121
  0.748319
-0.0238855
-0.0160489
  0.116448
 -0.272687
   3.79841
    0.7603
-0.0192054
-0.0233618
  0.115791
 -0.294043
   3.78454
  0.758816
-0.0133076
-0.0149605
  0.118888
 -0.288287
   3.71233
  0.731309
-0.0131195
-0.0150157
  0.115819
 -0.278858
   3.68834
   0.72718
-0.0131347
-0.0229456
  0.121974
 -0.283917
   3.68068
  0.734253
 -0.016295
-0.0157591
  0.121861
 -0.292569
   3.76159
  0.750755
-0.0130717
-0.0178133
  0.121913
 -0.275528
     3.877
  0.769972
-0.0128636
-0.0120396
  0.114211
 -0.285892
   3.93231
  0.780938
-0.0185696
-0.0124288
  0.108863
 -0.275651
   3.97807
  0.788898
-0.0144866
-0.0110941
  0.122755
 -0.283352
    3.9618
  0.786582
-0.0212584
-0.0194604
  0.110624
  -0.28629
   3.88759
  0.769266
-0.0160874
-0.0107307
  0.119507
 -0.272665
   3.89332
  0.779145
-0.0151318
-0.0199545
  0.115233
 -0.285942
   3.88895
  0.780351
-0.0183202
-0.0207166
  0.118636
 -0.282141
   3.92378
  0.781608
-0.0211251
-0.0123411
   0.10263
 -0.295333
   3.89958
  0.779289
 -0.015026
-0.0182484
  0.119608
 -0.278357
   3.86128
  0.766296
-0.0104595
-0.0187356
  0.126942
 -0.276503
   3.81103
  0.760739
-0.0135072
 -0.011886
  0.121118
 -0.284075
   3.77964
  0.752126
-0.0157293
-0.0240485
  0.115575
 -0.281151
   3.79225
  0.761942
-0.0154347
 -0.011592
  0.127857
 -0.281838
    3.8496
  0.763338
-0.0204455
-0.0162449
  0.122487
 -0.276053
   3.89935
  0.780385
-0.0150224
-0.0151048
  0.112191
 -0.279163
   3.96124
   0.78915
-0.0188349
-0.0244701
  0.126501
 -0.278084
   3.94894
  0.789222
-0.0132383
-0.0165623
   0.11894
 -0.286917
   3.93919
  0.787045
-0.0154679
-0.0115004
  0.116352
 -0.291553
   3.92335
  0.783337
-0.0153482
-0.0194176
  0.115594
 -0.284647
    3.94635
   0.783977
 -0.0119953
-0.00331933
   0.123989
  -0.282475
   3.95234
  0.782569
 -0.012519
-0.0216258
  0.115973
 -0.292678
   3.96452
  0.784086
-0.0268172
-0.0175139
  0.113698
 -0.279947
    3.95994
   0.787278
 -0.0187512
-0.00570126
   0.113398
  -0.280172
   3.91438
  0.777258
-0.0177456
-0.0175527
   0.10834
 -0.289756
   3.86405
  0.772204
-0.0149363
 -0.014172
  0.112273
  -0.28381
  3.83401
 0.766914
-0.021703
-0.024581
  0.11049
-0.291129
   3.83383
  0.768574
-0.0155991
 -0.020772
  0.113617
 -0.269262
   3.89264
  0.773008
-0.0186549
-0.0193674
  0.112516
  -0.28539
    3.91318
   0.775107
 -0.0140403
-0.00878293
   0.126725
  -0.277152
   3.90869
  0.784076
-0.0198282
-0.0175516
  0.108429
  -0.29576
   3.88129
  0.777224
-0.0231263
-0.0195465
  0.107537
 -0.297692
   3.89035
  0.773765
-0.0186039
-0.0216949
  0.110526
 -0.283747
   3.87857
   0.77136
-0.0231733
-0.0179446
   0.11342
 -0.295084
   3.94142
  0.785749
-0.0212038
-0.0146071
  0.110314
 -0.295137
   3.97882
  0.793061
-0.0193186
-0.0224556
  0.115358
  -0.29893
   3.97082
  0.783772
-0.0180542
 -0.014869
  0.114898
 -0.286424
   3.94773
  0.785171
-0.0202443
-0.0149069
  0.110978
 -0.298786
   3.91175
  0.780513
-0.0106235
-0.0162323
  0.122389
 -0.277796
    3.90955
   0.781166
-0.00844148
 -0.0138526
   0.118697
  -0.283166
   3.90787
  0.779295
-0.0186722
-0.0136639
  0.116702
 -0.291171
   3.91413
  0.787261
-0.0162285
-0.0236983
  0.116458
 -0.282813
   3.91598
   0.77993
 -0.020842
-0.0152927
  0.116504
 -0.283584
   3.89418
  0.774569
-0.0143264
 -0.027768
  0.118241
 -0.290533
   3.85965
  0.773297
-0.0135007
 -0.021057
   0.12437
 -0.270731
   3.84787
  0.761335
-0.0181934
-0.0205527
  0.117089
 -0.270973
   3.84301
  0.765037
-0.0194271
-0.0140141
  0.119633
   -0.2892
   3.87295
  0.769578
-0.0160612
 -0.012326
  0.109513
 -0.277056
    3.89623
   0.776256
 -0.0182833
-0.00961138
   0.100961
  -0.273196
   3.95039
   0.78237
-0.0166135
-0.0225549
  0.119957
 -0.276424
   3.96199
   0.78564
-0.0181615
-0.0175842
  0.108901
 -0.297587
   3.94617
  0.783632
-0.0220366
 -0.013279
  0.116599
 -0.277368
   3.93107
  0.785073
-0.0155803
-0.0231718
  0.112257
 -0.293838
   3.95954
  0.788277
-0.0143182
-0.0128171
  0.113905
 -0.280848
   3.94962
  0.786543
-0.0232128
-0.0139235
  0.118678
 -0.282813
   3.92368
  0.782196
-0.0197268
-0.0154409
  0.110248
 -0.281745
   3.90855
  0.776652
-0.0162957
-0.0124226
  0.117966
 -0.280789
   3.87442
  0.771464
-0.0161819
-0.0221486
  0.120807
 -0.281957
   3.84391
  0.770413
-0.0169064
-0.0122026
  0.118155
 -0.282642
   3.83159
  0.759609
-0.0216954
-0.0225084
  0.108303
 -0.283471
    3.83908
   0.764621
 -0.0202232
-0.00860878
     0.1092
  -0.275988
   3.90223
  0.776673
-0.0209566
-0.0138039
  0.111548
 -0.292887
   3.93305
  0.785852
-0.0200754
-0.0200361
  0.116304
 -0.298247
   3.94328
  0.786657
-0.0155293
-0.0176125
   0.11768
 -0.290839
   3.93018
  0.780328
 -0.016523
-0.0230795
  0.118339
  -0.28003
   3.95155
  0.786072
-0.0202893
-0.0196639
  0.112591
 -0.298707
   3.92579
  0.782101
-0.0208858
-0.0143718
  0.111376
 -0.283678
   3.94732
  0.787422
-0.0132822
-0.0126559
  0.114566
 -0.290997
   3.96573
  0.788559
-0.0166015
-0.0110109
  0.117401
 -0.282391
   3.93308
  0.777063
-0.0187969
 -0.018315
  0.115754
 -0.278176
   3.93154
  0.783958
-0.0179347
-0.0113859
  0.110137
 -0.304757
   3.90041
  0.775465
-0.0179132
-0.0125144
  0.112497
 -0.308707
   3.86652
  0.770644
-0.0238048
-0.0142178
  0.117338
 -0.279918
   3.87466
  0.771385
-0.0159189
-0.0121718
  0.114844
  -0.27299
   3.87892
  0.769794
-0.0186098
-0.0187101
  0.111277
 -0.287733
    3.8971
  0.772013
-0.0153306
-0.0172043
  0.121565
 -0.286662
   3.92344
  0.782802
-0.0189622
-0.0170395
  0.110798
 -0.300406
   3.90174
  0.778055
-0.0254551
-0.0201954
  0.107806
 -0.293416
    3.8849
   0.77175
-0.0148837
-0.0131344
  0.117986
 -0.271992
   3.87933
  0.776978
-0.0148948
-0.0209991
  0.109245
 -0.277536
   3.90007
  0.777573
-0.0205729
-0.0137401
  0.117942
 -0.277341
   3.92499
  0.785296
-0.0154237
-0.0211655
  0.128887
  -0.29416
   3.94859
   0.78185
 -0.016738
-0.0124053
  0.113106
 -0.288114
   3.94691
  0.788896
-0.0155823
-0.0169973
  0.120622
 -0.295993
   3.93509
  0.777676
-0.0210256
-0.0144494
  0.116973
 -0.280415
   3.93923
  0.786092
-0.0100284
-0.0187522
  0.117524
 -0.295887
   3.92426
  0.780091
-0.0141392
-0.0118451
    0.1139
 -0.280911
   3.92828
  0.779751
-0.0145085
-0.0180802
  0.115488
 -0.293949
   3.93846
  0.780709
-0.0246969
-0.0150316
  0.118251
 -0.299573
   3.91166
  0.780201
-0.0108532
-0.0167957
  0.106222
 -0.287284
   3.88252
  0.772565
-0.0173808
-0.0145278
  0.111392
 -0.286439
   3.87428
  0.772886
 -0.020684
-0.0106108
  0.113359
 -0.291883
   3.84625
  0.768113
-0.0271839
-0.0221443
  0.116444
 -0.285336
   3.88034
  0.772459
-0.0140866
-0.0189618
  0.106568
 -0.286904
   3.88677
  0.772433
-0.0195665
-0.0132222
  0.117364
 -0.283345
   3.88853
  0.773283
-0.0182975
-0.0171861
  0.109978
 -0.272336
   3.91969
  0.781605
-0.0219874
-0.0181646
  0.122098
 -0.286018
   3.91096
  0.782975
-0.0150339
-0.0234962
  0.110201
 -0.274528
   3.93619
  0.780708
-0.0235336
-0.0241719
  0.115129
 -0.293026
   3.96263
  0.792341
-0.0134327
-0.0164204
  0.116557
 -0.296114
   3.96164
   0.78839
-0.0175893
-0.0133097
  0.121579
 -0.277992
   3.96286
  0.791321
-0.0199803
-0.0171532
  0.112907
 -0.286203
   3.94224
  0.781797
-0.0211719
-0.0177225
  0.105472
 -0.286445
   3.92075
  0.785562
-0.0201128
-0.0152923
   0.10936
 -0.308871
   3.88827
  0.774113
-0.0196644
-0.0203481
  0.117073
 -0.286208
   3.87963
  0.775615
-0.0228388
-0.0231065
  0.117247
 -0.283087
   3.87453
  0.772145
-0.0149151
-0.0114196
  0.123866
 -0.282331
   3.89009
  0.774873
-0.0164409
-0.0196845
  0.108161
 -0.291377
   3.90225
  0.776564
-0.0187118
-0.0139835
   0.11261
 -0.292924
    3.8957
  0.777654
-0.0164108
-0.0202734
  0.116145
 -0.291831
   3.88988
  0.776241
 -0.013925
-0.0210861
  0.120834
 -0.280336
   3.91908
   0.78352
 -0.013233
-0.0216708
  0.113605
  -0.29453
   3.92736
  0.784385
-0.0173988
-0.0158386
  0.117968
 -0.279976
   3.94561
   0.78562
 -0.023624
-0.0134178
   0.11655
 -0.305793
   3.93856
  0.780528
-0.0243459
-0.0130866
  0.110206
 -0.281408
   3.94711
  0.788066
-0.0286765
-0.0162336
  0.109809
  -0.27918
   3.91946
  0.773906
-0.0208197
-0.0124698
  0.110426
 -0.273708
   3.91886
  0.784808
-0.0232373
-0.0208445
  0.121033
 -0.296727
   3.90728
  0.781169
-0.0174771
-0.0236007
   0.12289
 -0.287349
   3.90585
  0.778351
-0.0199084
-0.0226977
  0.124945
 -0.295174
   3.91487
  0.775192
-0.0164974
-0.0166953
  0.104939
 -0.282041
   3.90124
  0.781097
-0.0217038
-0.0149271
  0.110335
 -0.281312
   3.91439
  0.778099
 -0.018618
-0.0124406
  0.116993
 -0.285326
   3.89684
   0.77264
-0.0185793
-0.0213841
  0.114707
 -0.280109
   3.90285
   0.77454
-0.0151811
-0.0101272
  0.115025
 -0.282885
   3.89948
  0.771014
-0.0151612
-0.0120981
  0.111795
 -0.277098
    3.9111
  0.782619
-0.0165231
 -0.019983
  0.119088
 -0.296964
   3.91615
    0.7791
-0.0176984
-0.0134192
  0.114802
 -0.294872
     3.9204
   0.779397
  -0.016281
-0.00868845
   0.118921
  -0.280784
   3.91479
  0.785583
-0.0173403
-0.0123962
   0.12281
 -0.288689
   3.91804
  0.779542
-0.0198064
-0.0166738
  0.110047
 -0.285706
   3.91858
  0.786277
-0.0150893
-0.0204402
  0.120553
 -0.281841
   3.93611
   0.78173
-0.0166618
-0.0192624
  0.119469
 -0.289202
   3.90133
  0.771683
-0.0194825
-0.0169556
  0.113673
 -0.267726
   3.94419
  0.782313
-0.0189725
-0.0200594
  0.115555
 -0.288574
   3.94836
  0.782276
-0.0134286
-0.0180816
  0.113413
 -0.288463
   3.93777
  0.782943
-0.0222033
 -0.023634
  0.112877
 -0.284872
   3.93649
  0.780301
-0.0188231
 -0.012773
  0.103595
 -0.284301
   3.91934
  0.783106
-0.0141888
-0.0179186
  0.121968
 -0.289465
   3.89433
  0.775385
-0.0171401
-0.0165149
  0.118826
 -0.272499
   3.88225
  0.765152
-0.0183683
-0.0113081
  0.110156
 -0.271548
   3.89735
  0.771238
-0.0139797
-0.0149514
  0.118362
 -0.274996
   3.89569
  0.777687
-0.0207837
-0.0180852
  0.106239
 -0.287343
   3.91011
   0.77882
-0.0150907
-0.0110501
  0.111998
 -0.279596
    3.89451
   0.775402
 -0.0170998
-0.00753082
   0.116929
  -0.274907
   3.92411
  0.780149
-0.0165763
-0.0157972
  0.112062
 -0.290025
   3.94382
  0.783916
-0.0134122
-0.0196332
  0.114362
 -0.291985
   3.93998
  0.782827
-0.0233707
-0.0176366
  0.111155
 -0.289197
   3.94344
   0.78679
-0.0154501
 -0.010411
  0.123478
 -0.293077
   3.95123
  0.788282
 -0.020996
-0.0189572
  0.128096
  -0.28556
   3.94519
  0.787586
-0.0143217
-0.0135421
  0.112377
 -0.289027
   3.92417
  0.779252
-0.0234219
-0.0224895
  0.115416
 -0.293681
   3.92174
  0.781521
-0.0153688
-0.0155091
  0.111221
 -0.288726
   3.88377
  0.776241
-0.0162572
-0.0145359
  0.117385
 -0.292501
   3.90423
  0.776943
-0.0165242
 -0.014535
  0.114999
  -0.29522
   3.89652
  0.774508
-0.0151822
-0.0185038
  0.121101
  -0.28333
   3.87484
  0.770289
-0.0205733
 -0.013244
  0.112608
 -0.281449
   3.89671
  0.774066
-0.0164645
-0.0140002
  0.125922
 -0.294392
   3.90408
   0.77701
-0.0207139
-0.0221245
  0.110618
 -0.276782
   3.93149
  0.782846
-0.0224431
-0.0262904
  0.112474
 -0.299252
   3.92692
  0.786322
-0.0184611
-0.0157399
  0.117393
 -0.280901
   3.95441
  0.791514
-0.0256914
-0.0194207
    0.1043
 -0.296331
   3.93236
  0.779638
-0.0231984
-0.0224365
  0.108411
 -0.277132
   3.91673
  0.775772
-0.0186723
-0.0217722
  0.107967
 -0.277289
   3.91633
  0.778345
 -0.016263
-0.0160569
  0.114362
 -0.276232
   3.92592
  0.781501
-0.0199593
-0.0141024
  0.116307
 -0.294761
   3.89367
  0.778443
-0.0159022
-0.0143296
   0.11571
 -0.271886
   3.92407
  0.780331
-0.0210282
-0.0154344
  0.109938
 -0.289952
   3.90025
   0.77556
 -0.019926
-0.0221067
  0.116961
  -0.29472
   3.89553
  0.778509
  -0.01946
-0.0230147
  0.121652
 -0.278166
   3.91671
  0.785359
-0.0208298
-0.0174728
  0.113276
 -0.290722
    3.89764
    0.77962
 -0.0184975
-0.00693733
   0.119558
  -0.294735
   3.91417
  0.778026
-0.0188785
-0.0206308
  0.115262
 -0.294462
   3.91953
  0.782162
-0.0208567
-0.0196028
  0.122297
 -0.286346
   3.89923
  0.780408
-0.0195102
-0.0179191
  0.105313
  -0.28145
    3.92639
   0.780928
 -0.0182512
-0.00540507
   0.122442
  -0.269209
   3.90892
  0.774581
-0.0173877
-0.0145673
  0.108744
 -0.275398
   3.90604
  0.777415
-0.0207243
-0.0215838
  0.108055
 -0.276835
   3.89791
  0.777436
-0.0171657
-0.0181322
  0.113032
 -0.273223
   3.92522
   0.78521
-0.0152327
-0.0112271
  0.123012
 -0.289777
   3.92791
  0.781982
-0.0220187
-0.0132993
  0.112505
 -0.285611
   3.94229
  0.781425
-0.0124215
-0.0185267
  0.109895
  -0.29576
   3.92983
  0.782541
-0.0173127
-0.0224115
  0.133932
 -0.271465
   3.93837
    0.7804
-0.0201327
-0.0234238
  0.118294
 -0.290448
   3.91364
  0.781881
-0.0140094
-0.0105164
  0.127677
 -0.287131
   3.93471
  0.787329
-0.0199852
-0.0203664
  0.105293
 -0.294503
   3.90821
   0.77736
-0.0198292
-0.0176317
  0.115263
 -0.290194
   3.90762
  0.780291
-0.0139987
-0.0166422
  0.117988
 -0.282696
   3.89766
  0.778214
-0.0206862
-0.0192888
  0.111282
 -0.282643
   3.89699
  0.774052
-0.0181621
-0.0037224
  0.118634
 -0.271637
   3.87779
  0.775398
-0.0126528
 -0.016788
  0.122273
 -0.281333
    3.9096
  0.780176
-0.0153854
-0.0197089
  0.118337
  -0.29378
    3.9023
  0.776612
-0.0206538
-0.0136815
  0.111286
 -0.279136
   3.91012
  0.778583
-0.0206294
-0.0159593
  0.120221
 -0.276634
   3.94926
   0.78755
-0.0212328
-0.0151352
  0.111644
 -0.297386
   3.92186
  0.781254
-0.0208252
  -0.01545
  0.116507
 -0.283573
   3.92812
   0.78049
-0.0198398
-0.0179814
  0.108435
 -0.282791
   3.91167
  0.780242
 -0.010778
-0.0176664
  0.110026
 -0.284908
    3.9358
  0.782834
-0.0187683
-0.0190431
   0.10607
 -0.283161
   3.93303
  0.785853
-0.0223191
-0.0189785
  0.111439
 -0.300587
    3.92259
   0.787946
 -0.0161202
-0.00936031
   0.121311
  -0.284491
   3.90134
  0.780977
-0.0195548
-0.0102182
  0.108634
 -0.288324
   3.91185
  0.779603
-0.0198872
-0.0170178
  0.118205
 -0.295348
   3.87488
  0.769577
 -0.019311
-0.0208882
  0.115193
 -0.269584
   3.90956
  0.780874
-0.0183756
-0.0156978
  0.113211
 -0.278091
   3.91166
  0.780023
-0.0164145
-0.0226155
  0.118337
 -0.286531
   3.89963
    0.7786
-0.0185074
-0.0198413
  0.113671
  -0.28494
   3.93258
  0.787447
-0.0144755
-0.0245351
  0.117962
 -0.299267
   3.91759
  0.781229
-0.0162775
-0.0209137
  0.110468
 -0.277522
   3.93198
  0.781277
-0.0153901
-0.0239758
  0.115974
  -0.28041
   3.93897
  0.787184
-0.0220782
-0.0190217
  0.111177
 -0.286825
   3.93897
  0.786769
-0.0132118
-0.0238029
  0.114472
 -0.286958
   3.90994
  0.769565
 -0.015346
-0.0228728
  0.120238
 -0.274939
   3.93107
  0.785934
-0.0186497
-0.0169657
  0.115955
 -0.287163
   3.92092
  0.785367
-0.0230837
-0.0179907
   0.12703
 -0.292043
   3.91984
  0.780185
-0.0200018
-0.0238354
  0.122094
 -0.294573
   3.92813
   0.78005
-0.0233498
-0.0213674
    0.1102
 -0.289202
    3.88651
   0.773648
 -0.0217406
-0.00989722
   0.108897
   -0.28411
   3.91839
  0.778745
-0.0118419
-0.0136464
  0.122657
  -0.28079
   3.91088
  0.784699
-0.0194481
-0.0114707
  0.119096
 -0.284132
   3.92293
  0.784777
 -0.017668
-0.0237935
  0.121743
 -0.294224
   3.93094
  0.786037
-0.0187702
-0.0228461
  0.122784
 -0.291563
   3.92253
  0.786098
-0.0244227
-0.0232911
  0.106394
 -0.297276
   3.92729
  0.784403
-0.0177357
-0.0159957
  0.118319
  -0.29831
   3.91685
  0.784958
-0.0117299
-0.0181175
  0.117348
 -0.281704
   3.89782
  0.777656
-0.0239839
-0.0167542
  0.106131
 -0.280071
   3.92666
  0.786871
-0.0178387
-0.0165054
  0.114227
 -0.306522
   3.93162
  0.782857
 -0.022208
-0.0221536
  0.113252
   -0.2901
   3.92316
  0.785103
-0.0113444
-0.0162936
  0.121467
 -0.260365
   3.94403
   0.78362
-0.0188698
-0.0146451
  0.116798
 -0.289223
   3.91626
  0.787554
-0.0137407
-0.0191988
  0.115735
 -0.273751
   3.90705
  0.773249
-0.0240344
-0.0217206
  0.114489
 -0.269834
   3.91603
  0.787995
-0.0232778
-0.0187512
    0.1121
 -0.305687
   3.92837
  0.779975
-0.0230907
-0.0113911
  0.104237
 -0.280234
   3.91476
   0.77529
-0.0187001
-0.0214399
  0.106728
 -0.279613
   3.90749
  0.771325
-0.0234127
-0.0170898
  0.112652
 -0.294218
   3.91243
  0.777694
-0.0141525
-0.0160398
  0.133268
 -0.287385
   3.89912
  0.780991
 -0.014142
-0.0175702
  0.116546
 -0.295448
   3.89137
   0.77868
-0.0173078
-0.0203037
  0.116721
 -0.285859
   3.90356
  0.771438
-0.0162169
-0.0122311
  0.117966
 -0.274331
   3.89303
  0.780367
-0.0218903
-0.0154255
  0.100911
 -0.293599
   3.92309
  0.783764
-0.0143447
 -0.024075
  0.111129
 -0.291916
   3.90126
  0.780942
-0.0216973
-0.0131401
   0.10264
  -0.28148
   3.93775
  0.783976
-0.0177007
-0.0127821
  0.109589
 -0.290363
   3.92535
  0.783564
-0.0233328
-0.0187892
  0.117608
  -0.29784
   3.93171
  0.782083
-0.0211883
-0.0240781
  0.109359
  -0.29217
   3.92804
  0.781608
-0.0231466
-0.0145556
  0.123893
 -0.287322
   3.90037
  0.766495
-0.0140579
-0.0197964
  0.114558
 -0.267932
    3.89685
   0.774011
 -0.0162792
-0.00899048
   0.122897
  -0.287616
   3.89646
  0.775077
 -0.018354
-0.0127878
  0.108456
 -0.276976
   3.90321
  0.772594
-0.0140813
-0.0151515
  0.118452
  -0.27957
    3.8788
  0.771147
-0.0204476
-0.0129938
  0.111196
 -0.274595
   3.92635
  0.778907
-0.0222682
-0.0197766
  0.109824
 -0.291235
    3.9271
  0.784275
-0.0200662
-0.0221413
  0.107656
 -0.298411
   3.90721
  0.782022
-0.0150396
-0.0138466
  0.105827
 -0.281581
   3.92676
  0.777552
 -0.019857
-0.0171797
  0.111376
 -0.281487
   3.92755
  0.782965
-0.0174255
-0.0203374
  0.112837
 -0.277121
   3.93726
  0.786089
-0.0210393
-0.0134144
  0.111843
 -0.293457
   3.92997
  0.781383
-0.0119835
-0.0220815
  0.120753
 -0.280737
    3.9203
  0.779055
-0.0219959
-0.0168191
  0.122476
 -0.284766
   3.93988
  0.783641
 -0.014548
-0.0112428
  0.109125
 -0.299328
   3.90445
  0.775513
-0.0163817
-0.0189546
  0.109692
 -0.283197
   3.90727
  0.772316
-0.0164094
-0.0210857
  0.118713
 -0.278821
    3.8893
  0.769602
-0.0231236
-0.0160821
  0.104403
 -0.286503
   3.91316
  0.782529
-0.0196714
-0.0226667
   0.11794
 -0.285094
    3.8997
  0.778188
-0.0216931
-0.0239798
  0.118977
 -0.275225
   3.89598
  0.776754
-0.0106342
-0.0192962
  0.118958
 -0.282447
   3.90693
  0.774317
-0.0195386
-0.0157986
  0.114051
 -0.272932
   3.90239
  0.775232
-0.0206902
-0.0231092
  0.109004
 -0.273888
   3.91198
  0.779743
-0.0195512
-0.0146264
   0.12659
 -0.281445
   3.90819
  0.777091
 -0.013129
-0.0231035
  0.121299
 -0.287913
   3.92531
  0.783014
-0.0142933
-0.0266355
  0.115883
 -0.286583
   3.90469
  0.783871
-0.0164266
-0.0180177
  0.123557
 -0.300449
   3.90965
  0.780095
-0.0173488
-0.0176217
  0.109318
 -0.280161
   3.93661
  0.788382
-0.0165867
-0.0191755
  0.112637
 -0.294768
   3.90357
  0.780054
-0.0152213
-0.0132206
  0.115687
 -0.292231
   3.91369
  0.781453
 -0.021713
-0.0116343
  0.119361
 -0.279886
   3.92112
   0.77558
-0.0188435
-0.0117827
  0.113367
 -0.290389
   3.91225
  0.778847
-0.0182327
-0.0105915
  0.115693
 -0.269949
   3.93339
  0.785114
-0.0208431
-0.0126323
  0.109103
 -0.284354
    3.92071
   0.778174
 -0.0186236
-0.00497313
   0.114809
  -0.287088
   3.92486
  0.777629
-0.0163707
-0.0103183
  0.113217
 -0.279622
   3.89508
  0.772152
-0.0184637
-0.0120265
  0.111485
 -0.280255
   3.89592
  0.768111
-0.0140439
  -0.01642
  0.112656
 -0.273845
   3.90801
  0.777873
-0.0206732
-0.0219138
  0.109293
 -0.274512
   3.90267
  0.775268
-0.0184109
-0.0111626
  0.113013
 -0.278555
   3.90795
  0.778798
-0.0240514
-0.0158316
  0.113253
 -0.281586
   3.92907
  0.785725
-0.0186519
-0.0202023
  0.130105
 -0.289149
    3.90415
    0.78708
  -0.021485
-0.00928757
   0.110163
  -0.281576
   3.90792
  0.778581
-0.0217424
-0.0191173
  0.109384
 -0.274818
   3.90564
  0.779784
-0.0184549
-0.0132501
  0.103039
 -0.282906
   3.91964
  0.782513
 -0.012864
-0.0134339
  0.127501
 -0.282231
    3.9297
  0.782254
 -0.017731
-0.0230569
  0.117941
 -0.290121
   3.93712
  0.785754
-0.0167215
-0.0210163
  0.108257
 -0.295876
   3.93268
  0.778084
-0.0169917
-0.0196063
  0.108896
 -0.301917
    3.9257
  0.783228
-0.0139656
-0.0112441
  0.123412
 -0.279686
   3.91761
  0.782236
-0.0174467
-0.0127792
  0.124226
 -0.289064
   3.91616
  0.778326
-0.0166489
  -0.02027
   0.11376
  -0.29455
    3.90746
    0.78191
 -0.0184329
-0.00776105
   0.122038
  -0.290077
    3.89053
   0.774315
 -0.0170732
-0.00997043
   0.109519
  -0.272746
   3.92458
  0.778149
-0.0132016
-0.0169478
  0.117502
 -0.286762
   3.92034
   0.77924
-0.0140745
-0.0129228
  0.119031
 -0.280805
   3.90474
  0.774529
-0.0208668
-0.0168049
  0.112124
 -0.284713
   3.91583
  0.781307
-0.0184037
-0.0127125
  0.130308
 -0.281724
   3.93231
  0.780869
-0.0186277
-0.0142407
  0.116621
 -0.280077
   3.92379
  0.782024
 -0.015354
-0.0118232
  0.113502
 -0.291001
    3.93479
   0.788583
 -0.0151939
-0.00803637
   0.114282
  -0.288297
    3.9281
  0.781405
-0.0185946
-0.0148782
   0.12593
 -0.282812
   3.92341
  0.783506
-0.0196723
-0.0149918
  0.114429
 -0.284586
    3.92151
   0.783733
 -0.0182754
-0.00878135
   0.118923
  -0.275725
     3.9121
   0.779707
 -0.0194644
-0.00965762
   0.123653
  -0.279253
   3.90186
   0.77805
-0.0107093
-0.0185852
  0.115156
 -0.284813
  3.92164
  0.78132
-0.027966
-0.016463
 0.101221
-0.304324
   3.92913
  0.785314
-0.0186916
-0.0148492
  0.107021
 -0.289655
   3.91878
  0.777475
-0.0116483
-0.0108674
  0.123147
 -0.271005
   3.90392
  0.778228
-0.0184673
 -0.016932
  0.113011
 -0.282052
   3.89506
  0.780762
-0.0171957
-0.0178244
  0.111794
 -0.282015
   3.90645
  0.776551
-0.0129953
-0.0128356
  0.114185
 -0.285852
   3.91843
   0.77693
-0.0200887
-0.0235199
  0.108694
  -0.29359
    3.9038
  0.778614
-0.0128983
-0.0187353
  0.115333
 -0.282453
   3.90527
  0.781492
-0.0106011
-0.0156619
  0.114406
 -0.283809
   3.91299
  0.783636
-0.0175422
-0.0157303
  0.112723
 -0.295115
   3.91633
  0.778061
 -0.022296
-0.0153627
  0.116369
 -0.300956
   3.92543
  0.783747
-0.0107966
-0.0178726
  0.127698
 -0.286826
   3.91115
  0.773263
 -0.014405
-0.0229612
  0.126407
 -0.290168
   3.93698
  0.787043
-0.0143512
-0.0166572
  0.114364
 -0.294186
   3.92587
  0.781232
-0.0199617
-0.0154591
  0.103768
 -0.292707
   3.91568
  0.780994
-0.0162797
-0.0192216
  0.121769
 -0.281899
   3.89871
  0.782974
-0.0215986
-0.0141103
  0.100937
 -0.280472
   3.90746
  0.781059
-0.0149042
-0.0196043
  0.124644
 -0.273651
    3.9196
  0.781884
-0.0163449
-0.0190514
   0.12053
 -0.284212
   3.91881
  0.784425
 -0.018901
-0.0235154
  0.114598
 -0.301537
   3.91344
  0.781833
-0.0185551
-0.0164795
  0.115953
 -0.287194
   3.91422
  0.778152
-0.0211305
-0.0164312
  0.115241
 -0.299022
   3.89581
  0.777737
-0.0183825
-0.0159536
  0.115863
 -0.282643
  3.91066
 0.776723
-0.019443
-0.012872
 0.125554
-0.273349
   3.91914
  0.784153
-0.0220447
-0.0155262
  0.122852
 -0.296451
   3.94036
  0.780509
-0.0180552
-0.0204457
  0.105382
 -0.297666
    3.93175
   0.783823
 -0.0152564
-0.00734809
   0.111804
  -0.286475
   3.92435
  0.779543
-0.0129624
-0.0172948
   0.12531
 -0.278059
   3.93514
  0.786309
-0.0198518
-0.0162671
   0.11841
 -0.291356
   3.92135
  0.783387
-0.0118591
-0.0175166
  0.120378
 -0.284972
   3.91927
  0.782947
-0.0119808
-0.0221537
  0.122077
 -0.289487
    3.8997
  0.778473
-0.0160849
-0.0199419
  0.114558
 -0.275811
    3.9057
  0.779218
-0.0174553
-0.0178703
  0.110732
 -0.287015
   3.90031
   0.77672
-0.0127157
-0.0148065
  0.129687
 -0.276993
   3.91155
  0.781516
  -0.01634
-0.0149696
  0.128315
 -0.291609
   3.92363
  0.782176
-0.0199421
-0.0155551
  0.110513
 -0.295496
   3.92222
  0.778353
-0.0166705
-0.0258048
  0.112432
 -0.289307
   3.90555
   0.78074
-0.0193133
 -0.013942
  0.118343
 -0.273708
   3.92684
  0.785611
-0.0199622
-0.0216559
  0.111749
 -0.296668
   3.91097
  0.775063
-0.0151823
-0.0119746
  0.115978
 -0.279917
   3.93968
  0.783311
-0.0247004
-0.0212437
  0.101819
 -0.298807
   3.92354
  0.781717
-0.0256906
-0.0219036
  0.106371
 -0.299646
   3.91112
  0.782517
-0.0164554
 -0.019068
  0.115198
 -0.294757
   3.90495
   0.78245
-0.0183014
-0.0212646
  0.113121
 -0.277015
   3.90939
  0.781253
-0.0108692
-0.0187129
  0.120749
 -0.294487
   3.89887
  0.773506
-0.0150926
-0.0134379
   0.11142
 -0.278349
   3.91646
  0.777895
-0.0174274
-0.0164388
  0.121947
  -0.28032
   3.90832
  0.777458
-0.0218141
-0.0133132
  0.114981
 -0.281006
   3.91634
  0.778092
-0.0120148
-0.0156251
  0.112858
 -0.287849
   3.93543
  0.784818
-0.0198689
-0.0149276
  0.106536
 -0.288684
   3.91521
  0.781709
-0.0200696
-0.0285691
  0.118287
 -0.300455
   3.89364
  0.777961
-0.0218129
-0.0158268
  0.108895
 -0.287595
   3.91738
  0.782733
 -0.014095
-0.0193292
  0.128336
 -0.287037
   3.90979
  0.779555
-0.0141993
-0.0193201
  0.123005
 -0.291113
   3.90873
  0.774445
-0.0277362
-0.0224149
  0.110351
 -0.288474
    3.90454
   0.776942
 -0.0158705
-0.00618263
   0.116381
  -0.267751
   3.91908
  0.785046
-0.0151949
-0.0088333
  0.119496
 -0.292797
   3.90266
  0.775097
-0.0159539
-0.0152796
  0.112859
 -0.264826
   3.92069
  0.785875
-0.0219129
-0.0234458
  0.126188
 -0.287772
   3.90498
   0.78254
-0.0207137
-0.0162339
  0.109383
 -0.288536
   3.90994
  0.779687
-0.0185777
-0.0090608
  0.115093
 -0.291238
   3.92782
  0.781837
-0.0199063
-0.0175752
  0.112703
 -0.290215
   3.92412
  0.781124
-0.0173657
-0.0124313
  0.128319
 -0.280842
   3.90725
     0.782
-0.0228859
-0.0154692
  0.117921
 -0.285388
   3.91109
  0.783258
-0.0172039
-0.0170233
  0.118829
 -0.278936
    3.90228
   0.777472
 -0.0136093
-0.00690744
   0.107757
  -0.266314
   3.92977
   0.78292
-0.0188941
-0.0104416
  0.112418
 -0.299793
   3.91308
  0.782642
-0.0221581
-0.0226034
   0.11714
 -0.298807
   3.90074
  0.774768
-0.0182626
-0.0107505
  0.111599
 -0.271712
   3.89792
  0.777478
-0.0170911
-0.0190021
  0.116836
 -0.270846
   3.91431
  0.777006
-0.0253965
  -0.02629
  0.114464
 -0.282158
   3.93347
  0.784865
 -0.026478
-0.0126519
  0.114563
 -0.288367
   3.90949
   0.77207
-0.0131658
-0.0154931
  0.119223
 -0.287793
  3.82821
 0.748538
0.0229233
-0.009394
 0.113422
-0.283194
   3.75841
  0.755246
-0.0174346
-0.0206927
  0.121665
 -0.282499
   3.85114
  0.764285
-0.0430199
-0.0203572
  0.100064
 -0.294204
    3.95719
   0.762425
 -0.0294269
-0.00911476
   0.115366
  -0.288857
    3.9483
  0.819144
-0.0202459
-0.0141822
  0.106911
 -0.301069
   3.85412
  0.752514
-0.0150707
-0.0118131
  0.116079
 -0.284766
   3.68834
  0.745598
-0.0212618
 -0.015566
   0.10107
 -0.281479
    3.6011
  0.721402
-0.0283933
-0.0155251
  0.116778
 -0.267428
   3.56106
  0.715562
-0.0169864
 -0.018795
   0.11848
 -0.269606
   3.55452
  0.707482
-0.0071715
-0.0223224
  0.117397
 -0.271639
   3.57647
   0.72113
-0.0181132
-0.0107706
  0.118659
 -0.277439
   3.57304
  0.699106
-0.0129098
-0.0148617
   0.10736
 -0.268062
    3.42301
   0.668272
-0.00956476
 -0.0235281
   0.107675
  -0.251808
   3.29205
  0.664182
-0.0237293
-0.0164995
  0.114899
 -0.256552
   3.18237
  0.609899
0.00644678
 -0.027801
  0.120022
 -0.232997
   3.08654
   0.61409
 0.0219905
-0.0202142
  0.105933
 -0.237568
    3.06965
   0.635506
  -0.042881
-0.00752265
   0.099767
  -0.232673
   3.03471
  0.642434
-0.0290944
-0.0216988
 0.0926685
 -0.224593
   3.02868
  0.578918
-0.0396069
-0.0128758
 0.0988337
 -0.215462
   2.97827
  0.581699
-0.0246914
-0.0207936
 0.0911866
 -0.216345
    2.9439
  0.606206
-0.0325418
-0.0211037
 0.0948003
 -0.210509
   2.95155
   0.55468
-0.0342552
 -0.014091
 0.0955374
 -0.212956
    2.95487
   0.632314
 0.00582718
-0.00972317
   0.110085
  -0.209456
   2.94959
  0.591085
 0.0124586
-0.0135826
  0.104699
 -0.207304
   2.94316
  0.571585
-0.0408386
-0.0329749
 0.0966286
 -0.214521
    2.93521
   0.589938
-0.00562758
 -0.0200661
    0.10113
  -0.214368
   2.90982
  0.564904
-0.0216449
 -0.023976
  0.101052
 -0.213718
    2.73542
   0.560833
0.000615941
  -0.022117
   0.103386
  -0.199957
    2.66224
   0.502425
  0.0124494
-0.00800474
  0.0970384
  -0.186095
   2.70845
  0.534506
  -0.04298
-0.0134534
  0.082875
 -0.191262
   2.72571
  0.567366
-0.0166067
-0.0209182
 0.0970973
 -0.194228
   2.76386
   0.53585
-0.0381027
-0.0128563
 0.0867856
 -0.204258
    2.75325
   0.527516
-0.00222408
 -0.0198392
  0.0862367
  -0.184946
   2.81038
  0.594945
-0.0390279
-0.0171111
 0.0983045
 -0.201221
   2.81293
  0.565199
0.00244353
-0.0147564
 0.0937956
 -0.207631
   2.85014
  0.555872
 -0.021304
-0.0184095
 0.0967597
 -0.190869
   2.82709
  0.557631
 0.0236879
-0.0158591
  0.100089
 -0.191846
    2.86373
   0.613886
0.000124283
 -0.0229598
  0.0974203
   -0.20163
   2.90725
  0.603942
-0.0443492
 -0.017315
 0.0811505
 -0.213359
   2.91556
  0.512445
-0.0155888
-0.0183688
  0.090993
 -0.202774
   2.89318
  0.584957
0.00461356
-0.0114164
 0.0948375
 -0.205886
    2.92589
   0.614332
 -0.0329051
-0.00326006
  0.0872449
  -0.216761
   2.94463
   0.58487
-0.0150043
-0.0126072
 0.0793312
 -0.215707
   2.94807
  0.579441
-0.0440571
-0.0119144
 0.0909972
  -0.20863
   2.93354
  0.606718
-0.0333799
 -0.012094
 0.0815346
 -0.219269
   2.92054
  0.591662
  0.032375
-0.0105452
 0.0913493
 -0.205319
   2.94951
  0.599705
-0.0339014
-0.0146397
  0.078587
 -0.214258
     2.95103
    0.583572
-0.000994375
   -0.017131
   0.0814532
   -0.212761
   2.95217
  0.606767
-0.0269376
-0.0148287
 0.0922485
 -0.203535
   2.96402
  0.571412
 0.0115928
-0.0219431
 0.0902784
 -0.215137
    2.96573
   0.665367
-0.00671632
  -0.015609
  0.0889049
  -0.203239
    2.97696
   0.560559
-0.00877315
 -0.0166525
  0.0885666
  -0.200893
   3.01126
  0.637224
 -0.035155
-0.0186639
 0.0941185
 -0.204135
    3.01491
   0.630543
  -0.028887
-0.00888642
  0.0770116
  -0.208495
    3.0452
  0.568799
-0.0421118
-0.0149089
  0.075069
 -0.203024
   3.04523
  0.623716
-0.0305399
-0.0142975
 0.0785198
  -0.20633
    3.0432
  0.614986
-0.0215825
-0.0111949
 0.0852241
 -0.204992
    3.04324
   0.606338
 0.00652067
-0.00941148
  0.0938979
  -0.188372
    3.05349
   0.615163
 -0.0325494
-0.00800978
  0.0751519
  -0.203658
   3.05901
  0.618055
-0.0100771
-0.0104075
 0.0815152
 -0.203055
    3.10355
   0.585764
   0.032187
-0.00719035
  0.0933654
  -0.210014
    3.11325
   0.652819
-0.00366495
-0.00782449
    0.10102
  -0.213089
    3.13458
   0.631155
  0.0202138
-0.00882676
   0.100392
   -0.21555
     3.147
  0.666728
-0.0187208
-0.0190898
 0.0945715
 -0.203697
    3.14645
   0.632799
-0.00422158
 -0.0192699
   0.110294
   -0.21332
    3.16285
   0.651957
-0.00909175
 -0.0162487
   0.100726
  -0.195357
    3.20717
   0.648411
  -0.030385
-0.00169825
   0.091496
  -0.222554
     3.2303
   0.655118
-0.00605946
-0.00879672
  0.0978666
  -0.217362
    3.22827
   0.618577
 -0.0114363
-0.00502679
  0.0823876
  -0.198359
    3.28609
   0.737664
 -0.0202995
-0.00169599
  0.0816651
  -0.208612
     3.3157
   0.651498
 0.00123157
-0.00669908
  0.0863787
  -0.213943
   3.34879
  0.705294
-0.0110608
-0.0152976
 0.0860139
  -0.21416
    3.3563
  0.671903
-0.0423082
-0.0127382
 0.0771205
 -0.221521
    3.40864
   0.687964
 -0.0542972
-0.00450111
  0.0770371
  -0.211299
     3.4005
   0.723788
   0.003576
-0.00398167
    0.07574
  -0.220536
    3.4375
  0.714824
-0.0495651
-0.0112995
 0.0843042
 -0.227463
   3.41139
  0.656846
0.00289799
-0.0106486
 0.0865176
 -0.221725
   3.43713
   0.76305
 0.0137752
-0.0058656
 0.0924091
 -0.216461
     3.422
   0.65547
  0.025404
-0.0123464
  0.083449
 -0.207351
   3.47573
  0.746016
-0.0600542
-0.0201692
 0.0855172
  -0.21641
    3.49458
    0.73685
  0.0115709
-0.00974662
    0.10285
  -0.227113
   3.51492
  0.719274
-0.0394229
-0.0162115
 0.0919681
 -0.212008
   3.49135
  0.687047
0.00123635
-0.0121285
 0.0893283
 -0.197031
    3.56995
   0.741362
 -0.0177049
-0.00408678
  0.0845717
  -0.226957
   3.54898
  0.723991
-0.0211617
 -0.010841
 0.0854717
 -0.218569
     3.5127
   0.684481
 -0.0177532
-0.00962572
   0.098491
  -0.194539
    3.52338
   0.745834
-0.00442515
 -0.0120874
  0.0949802
  -0.236568
    3.56399
   0.749148
-0.00318751
  -0.013678
  0.0977891
  -0.210705
   3.60512
  0.767121
-0.0244589
-0.0228833
  0.098878
 -0.218008
   3.65559
  0.773085
-0.0179202
-0.0116296
 0.0945496
 -0.220375
    3.68933
   0.706857
 -0.0165223
-0.00478988
    0.10026
  -0.213028
   3.68694
   0.78053
0.00435922
-0.0105827
 0.0952857
 -0.221511
    3.73594
   0.812083
-0.00173813
 0.00315141
   0.102864
  -0.216891
    3.76917
   0.745702
  0.0235855
-0.00838971
   0.104527
  -0.226812
   3.80157
  0.848297
-0.0386878
-0.0124607
 0.0893269
 -0.234211
   3.84741
   0.78237
-0.0319553
-0.0144978
 0.0957443
 -0.225999
   3.83516
  0.772695
-0.0396202
-0.0154188
 0.0943716
 -0.217781
    3.87901
   0.861831
  0.0066157
-0.00985653
  0.0930817
  -0.245787
   3.91138
  0.847997
-0.0273364
0.00408785
   0.08714
 -0.232145
   3.90922
  0.746538
0.00468456
-0.0143635
 0.0942359
 -0.199784
    3.93395
    0.88481
 -0.0399067
-0.00517963
  0.0975786
  -0.220669
   3.95566
  0.823778
-0.0209709
-0.0151941
   0.09309
 -0.225181
   3.99077
  0.797687
-0.0183762
-0.0021253
 0.0893888
 -0.211687
   4.01435
  0.822138
0.00222639
0.00406817
 0.0989208
 -0.209988
     4.0516
    0.87563
 0.00781016
-0.00223194
  0.0904143
  -0.213159
   4.09608
  0.877752
-0.0397177
-0.0194307
 0.0857436
 -0.225108
    4.14512
   0.827579
 0.00132864
-0.00568954
   0.119994
  -0.211096
   4.17419
  0.861352
0.00102376
-0.0215967
 0.0985232
  -0.19666
      4.1879
    0.920163
-0.000974199
  -0.0135015
    0.102987
   -0.217978
   4.24443
  0.951947
  -0.02345
-0.0231497
  0.103511
 -0.239113
    4.27692
   0.874126
 -0.0311257
-0.00762392
   0.108177
  -0.214518
   4.32486
  0.935648
 0.0156545
-0.0104026
  0.112755
 -0.221978
    4.37518
   0.976818
-0.00618565
 -0.0231583
   0.121287
  -0.227317
    4.42149
   0.946959
 -0.0477763
-0.00405484
   0.109089
   -0.23633
   4.48429
   1.01423
-0.0313869
-0.0225313
  0.114155
 -0.247732
   4.51799
  0.938578
-0.0378663
-0.0235945
   0.11662
 -0.217141
   4.57643
   1.00054
 0.0366107
-0.0125017
  0.125008
 -0.234237
   4.62674
   1.03403
-0.0207839
-0.0138131
  0.129357
 -0.225252
   4.65422
   1.01308
 0.0182715
-0.0131211
  0.140979
 -0.230192
   4.70787
   1.03926
-0.0402818
-0.0206055
  0.134126
 -0.258898
   4.64977
   1.01291
-0.0344594
-0.0240086
  0.126242
 -0.241853
   4.68158
      1.02
 -0.039918
-0.0119464
  0.131562
 -0.222992
   4.68087
   1.03164
  0.028383
-0.0173063
  0.132311
 -0.220498
   4.70407
   1.03871
0.00938401
-0.0155245
   0.13169
 -0.224885
    4.74974
   0.992945
 -0.0124856
-0.00591315
   0.132845
  -0.222579
    4.75076
    1.02505
 -0.0365338
-0.00338792
   0.130065
  -0.234134
    4.7614
   1.05022
-0.0212729
-0.0169632
   0.13975
  -0.21536
   4.78223
   1.05873
-0.0359033
-0.0071461
  0.117508
 -0.223928
   4.86079
   1.11184
-0.0233227
-0.0195256
  0.131248
 -0.240378
   4.87536
   1.06536
 -0.035922
-0.0232914
  0.133254
 -0.236764
   4.89183
   1.06611
-0.0147696
-0.0183555
  0.131356
 -0.227264
   4.93796
   1.10846
-0.0389915
-0.0167791
  0.127315
 -0.241078
   4.94271
   1.07859
-0.0110422
-0.0136355
  0.129832
 -0.241783
   4.96267
   1.11768
-0.0466853
-0.0196897
  0.123844
 -0.226406
   4.97692
   1.12763
 -0.015362
-0.0232585
  0.141165
 -0.235202
   5.03761
   1.10601
-0.0185788
-0.0225369
  0.149883
 -0.236298
   5.03901
   1.10054
-0.0169632
-0.0193788
   0.15513
 -0.221958
    5.1082
   1.14069
-0.0112066
  -0.01841
  0.136482
  -0.23859
   5.14488
   1.13371
-0.0330032
-0.0196431
  0.141307
 -0.236905
   5.17026
   1.15814
-0.0182223
-0.0250572
  0.150759
 -0.234665
   5.19292
    1.1576
-0.0261348
-0.0327508
  0.143766
 -0.220211
   5.20998
   1.11152
-0.0246777
-0.0176875
  0.158236
 -0.219157
   5.22991
   1.17755
-0.0184113
 -0.024146
  0.151952
 -0.229826
    5.26309
    1.21411
-0.00871844
 -0.0208378
   0.158954
  -0.220776
   5.34003
   1.22093
-0.0399244
-0.0185016
  0.160604
 -0.229922
    5.35212
    1.17637
-0.00355107
 -0.0173831
   0.154062
  -0.228055
   5.42382
   1.24268
-0.0262963
-0.0200976
  0.165309
 -0.236209
   5.49471
   1.22993
-0.0243105
-0.0241643
  0.163269
  -0.23418
    5.4944
    1.2054
-0.0458562
-0.0147338
  0.175993
 -0.228075
    5.50516
    1.25545
-0.00817909
 -0.0348181
   0.154136
  -0.227625
    5.54396
    1.28623
-0.00249505
 -0.0195669
   0.157537
  -0.238143
   5.57895
   1.21324
-0.0443175
-0.0224832
  0.156684
 -0.239079
   5.59161
   1.28524
-0.0451224
-0.0199587
  0.148577
 -0.235123
   5.65814
     1.337
-0.0359279
-0.0214386
  0.134696
 -0.255413
    5.64651
    1.23554
 -0.0653577
-0.00602408
   0.148829
  -0.234683
   5.72712
   1.31629
-0.0380706
-0.0161037
  0.153751
  -0.23963
   5.74271
   1.32928
 0.0118169
-0.0208452
  0.160151
  -0.22806
   5.72043
   1.28194
-0.0197503
-0.0209635
    0.1606
 -0.217995
   5.78222
   1.32813
-0.0314949
-0.0235914
  0.168376
 -0.225257
    5.8073
   1.29103
-0.0325501
-0.0175916
  0.165485
 -0.205232
    5.87845
    1.34948
-0.00117008
 -0.0224257
   0.161905
  -0.233569
   5.90188
   1.38218
-0.0234403
-0.0326628
  0.163113
 -0.217537
   5.91978
   1.35009
-0.0619101
-0.0207869
  0.167398
  -0.21666
   5.91633
   1.36346
-0.0263012
-0.0344772
  0.157056
 -0.220648
   5.98585
    1.3942
-0.0373002
-0.0213184
  0.145111
 -0.254719
   6.02925
   1.39418
-0.0100531
-0.0197743
  0.143348
 -0.242189
     6.018
   1.35421
0.00261373
-0.0111751
   0.15956
 -0.227022
   6.04325
   1.46931
-0.0506459
-0.0197075
  0.140532
 -0.239326
   6.04148
   1.36747
-0.0175663
-0.0248911
  0.151701
 -0.225054
   6.10799
   1.50114
-0.0432504
-0.0340758
  0.152018
 -0.251503
   6.06526
   1.39059
-0.0520929
-0.0196977
  0.146271
 -0.222283
   6.04231
   1.43646
-0.0362513
-0.0270258
  0.150213
  -0.23294
   6.05635
   1.43033
-0.0700258
-0.0178105
  0.148122
 -0.220273
   6.07815
   1.44345
-0.0212464
-0.0153438
   0.15284
 -0.237981
   6.09837
   1.33785
-0.0145545
-0.0042513
  0.168309
  -0.20881
   6.05513
   1.39944
 0.0454051
-0.0210783
   0.17157
  -0.21324
   6.01903
   1.39441
-0.0234742
-0.0247529
   0.16457
 -0.209271
   6.00953
   1.39888
-0.0836528
-0.0310116
  0.148037
 -0.212138
    6.02525
     1.3678
-0.00946193
 -0.0166191
   0.162189
  -0.199181
   6.09241
   1.41715
-0.0111704
-0.0251648
  0.177556
 -0.205135
   6.06571
   1.43446
-0.0160071
-0.0260971
  0.171105
 -0.211538
   6.09918
     1.406
-0.0514166
-0.0172787
  0.162709
 -0.202093
   6.08508
   1.43082
-0.0319799
-0.0210302
  0.157228
 -0.225333
   6.10867
   1.49154
-0.0248198
-0.0201468
  0.174717
 -0.219025
    6.1455
   1.48373
-0.0313201
-0.0182595
  0.167908
 -0.224876
   6.12312
    1.3994
-0.0362015
-0.0235596
  0.152147
 -0.208382
   6.13981
   1.49074
-0.0288999
-0.0187775
  0.165024
 -0.210693
   6.19238
   1.49422
-0.0371201
-0.0301305
  0.157796
 -0.213268
   6.20178
   1.42633
-0.0696193
-0.0224721
  0.158481
 -0.203786
    6.1521
   1.50887
-0.0157193
-0.0293945
  0.174004
 -0.192993
   6.17537
   1.49775
-0.0674323
-0.0225774
   0.16045
 -0.194622
   6.13199
   1.43364
-0.0337716
-0.0297725
  0.171623
 -0.184272
   6.14485
   1.44169
-0.0560113
-0.0273864
  0.181736
 -0.162072
   6.18447
    1.5051
 0.0155663
-0.0132189
  0.197044
 -0.181824
   6.20461
   1.50707
-0.0403172
-0.0154052
   0.19096
 -0.187111
   6.23327
   1.42507
-0.0158539
 -0.024556
  0.195511
 -0.185175
   6.21911
   1.51544
-0.0207099
-0.0224102
  0.197127
 -0.178115
   6.21514
   1.53129
-0.0798127
 -0.039073
  0.187811
 -0.178643
   6.20142
   1.46451
-0.0279789
-0.0353765
  0.193964
 -0.176356
   6.20668
   1.56018
-0.0862275
-0.0345824
  0.186394
 -0.165143
   6.21546
   1.49502
-0.0184867
-0.0269844
  0.199872
 -0.155025
    6.2263
   1.56469
 -0.054663
-0.0303071
  0.175776
 -0.162285
   6.19216
   1.47103
-0.0441069
-0.0223427
  0.198509
 -0.142769
   6.17591
   1.52348
-0.0354354
-0.0304361
  0.191861
 -0.144497
   6.19009
   1.49853
-0.0146826
-0.0220568
   0.20659
 -0.143434
   6.16401
   1.51337
 0.0288334
-0.0217192
  0.195115
 -0.121755
    6.1632
   1.49831
-0.0478311
-0.0267302
  0.195132
 -0.133836
   6.09556
   1.47642
-0.0371589
-0.0361141
  0.183496
 -0.143326
   6.08199
   1.52765
-0.0721841
 -0.033213
  0.179078
 -0.142034
    6.04742
    1.42591
-0.00713185
 -0.0257828
   0.186524
  -0.128616
   6.03803
   1.50285
-0.0477349
-0.0300045
  0.167756
 -0.141297
   5.97686
   1.42771
-0.0292721
-0.0177106
  0.162956
 -0.132206
   5.98409
   1.52396
-0.0357052
-0.0100208
  0.156278
 -0.142318
   5.98369
   1.47979
-0.0368715
-0.0144049
  0.157886
 -0.137585
   5.95546
   1.46665
-0.0346638
-0.0237153
  0.152676
 -0.132255
   5.92455
   1.48563
-0.0322795
-0.0145022
  0.153051
 -0.133161
   5.85408
   1.46853
-0.0097155
-0.0136302
  0.160159
 -0.149746
   5.87139
   1.48367
-0.0396036
-0.0153291
  0.161759
 -0.128367
   5.88535
   1.42948
  0.014007
-0.0319529
  0.172386
 -0.128964
   5.87544
    1.4838
-0.0318573
-0.0193427
  0.167322
 -0.123522
   5.82392
   1.38274
0.00255801
-0.0210582
  0.163019
  -0.11565
   5.73963
     1.453
-0.0351635
-0.0301907
  0.149879
 -0.117344
   5.78266
   1.41928
-0.0122842
-0.0187603
  0.160985
 -0.120673
   5.70157
   1.36697
-0.0282001
-0.0228319
  0.156507
 -0.101816
   5.67636
   1.43335
-0.0184182
 -0.014428
  0.153234
 -0.106594
   5.65524
   1.44457
-0.0226436
-0.0134803
  0.150661
 -0.109525
  5.58614
  1.42091
0.0239509
-0.023936
 0.166937
-0.105656
   5.62538
   1.45894
-0.0713458
-0.0114057
   0.16932
 -0.107525
   5.46807
   1.34032
0.00181051
-0.0261566
  0.152469
-0.0916118
   5.44239
   1.39901
-0.0318079
 -0.030038
  0.160124
-0.0902063
   5.36618
   1.39925
-0.0270028
-0.0212112
  0.161986
-0.0924246
   5.35708
   1.33016
-0.0177383
-0.0263353
  0.176072
-0.0747897
    5.33196
    1.42216
-0.00384575
 -0.0285619
   0.163076
 -0.0828407
   5.28655
   1.32224
0.00163391
 -0.025823
  0.165939
-0.0803741
   5.22121
   1.34638
 -0.048958
-0.0296604
  0.158616
-0.0551838
   5.14116
   1.24494
-0.0126193
-0.0254751
  0.169263
-0.0407843
    5.1855
   1.34044
-0.0228731
-0.0293458
  0.170898
-0.0480492
   5.15218
   1.35974
0.00845372
 -0.035546
  0.180313
 -0.039246
    5.10436
    1.22459
-0.00856999
  -0.033406
    0.16595
  -0.017248
   5.06775
    1.2681
-0.0170805
-0.0295876
  0.175472
-0.0433132
   5.04167
   1.27334
 0.0215748
-0.0350455
  0.175978
 -0.036837
   5.08791
   1.37097
 -0.035987
-0.0274628
  0.165514
-0.0176426
   5.04163
   1.22848
0.00602392
-0.0301198
  0.172545
-0.0263424
   5.01176
   1.31413
 0.0098131
-0.0322706
  0.158718
-0.0289844
    4.92058
    1.30761
-0.00159517
  -0.020641
   0.154383
 -0.0309952
   4.89726
   1.28232
-0.0882054
 -0.020689
  0.134458
-0.0450446
   4.83223
   1.32367
-0.0273867
-0.0168536
  0.137909
 -0.042487
   4.80733
   1.30525
-0.0391961
-0.0220028
  0.137108
-0.0542527
   4.71341
   1.20008
-0.0147938
 -0.031734
  0.140604
-0.0209143
   4.68286
   1.24509
-0.0417736
 -0.019969
  0.137964
-0.0166767
    4.58193
    1.21648
 -0.0287081
 -0.0236728
   0.136981
-0.00579091
   4.55466
   1.24592
-0.0601253
-0.0186995
  0.132065
-0.0211023
     4.49151
     1.21397
   0.0302162
  -0.0351463
    0.154829
-0.000988907
    4.44976
    1.15313
 -0.0231534
 -0.0253559
    0.14898
-0.00654628
     4.40051
     1.18809
  0.00791782
  -0.0287724
    0.153777
-5.46846e-05
    4.39612
     1.1799
 0.00232404
 -0.0277812
   0.143359
-0.00130353
   4.33612
   1.21761
-0.0598587
-0.0231229
  0.133797
 0.0115271
   4.24014
   1.05916
-0.0253896
-0.0201347
  0.146775
 0.0395879
     4.1894
    1.13528
-0.00981216
 -0.0357248
   0.145524
  0.0276622
   4.14555
   1.14822
 0.0278525
-0.0184114
  0.147798
   0.02863
   4.11032
   1.13799
-0.0187423
 -0.034085
  0.145963
  0.018315
   4.04466
   1.06426
-0.0838086
-0.0289933
  0.143922
  0.035237
   3.96321
   1.10387
-0.0182576
-0.0369912
  0.139611
 0.0477738
    3.94901
    1.07783
-0.00398236
 -0.0144989
   0.139061
  0.0529055
   3.84404
   1.03945
-0.0246632
-0.0225935
  0.141118
 0.0629332
    3.78816
    1.10279
-0.00737552
 -0.0285046
   0.142337
  0.0444381
   3.78728
   1.05283
-0.0413269
-0.0209499
   0.13781
   0.04635
   3.61499
  0.928395
-0.0288841
-0.0354573
  0.132526
 0.0692574
   3.57992
   1.01992
 0.0343059
-0.0211037
  0.128862
 0.0489052
   3.50869
   1.02345
-0.0399409
-0.0294285
  0.120223
 0.0405441
   3.49148
  0.918271
-0.0256962
-0.0328883
   0.14795
 0.0582131
   3.43902
   1.00416
-0.0161431
-0.0213067
  0.133324
 0.0409423
   3.35587
  0.988794
-0.0301361
-0.0183218
  0.134444
   0.03503
   3.29858
  0.931863
-0.0198527
-0.0231033
  0.133961
  0.054752
    3.2799
  0.969038
-0.0319854
-0.0193353
  0.123835
 0.0674889
   3.20491
  0.880695
 0.0145853
-0.0250964
  0.134345
 0.0665684
   3.13244
  0.917995
-0.0136447
-0.0260991
  0.136045
 0.0654399
    3.0921
  0.904007
-0.0140314
 -0.030356
  0.122643
 0.0693087
   2.99959
  0.874459
-0.0451237
-0.0381898
  0.120959
 0.0836002
   2.97264
  0.821983
 -0.034554
-0.0244774
  0.117102
 0.0997919
    2.89221
   0.857584
-0.00408911
 -0.0263387
   0.118268
  0.0817493
    2.84434
   0.843107
-0.00929542
-0.00926083
   0.117713
  0.0946804
  2.70839
 0.758288
-0.043857
-0.018783
 0.104037
0.0819397
   2.64888
   0.76658
-0.0190808
-0.0171865
  0.113148
  0.100204
   2.61975
  0.720677
-0.0284733
-0.0233766
 0.0998058
  0.079708
   2.57427
  0.776111
 -0.015346
-0.0198675
  0.102341
 0.0823892
   2.44943
  0.698441
-0.0144339
-0.0250485
  0.110205
 0.0960893
   2.38256
  0.710656
-0.0522102
-0.0255436
 0.0962885
 0.0959861
    2.3271
  0.665166
 0.0121233
-0.0165241
   0.10375
  0.103459
   2.32961
  0.754096
 -0.029097
-0.0198094
  0.109991
  0.098704
   2.22226
  0.617394
 0.0131478
-0.0185705
  0.101104
  0.105052
   2.20921
  0.710828
-0.0715126
-0.0204087
 0.0970158
  0.084651
    2.12164
   0.615044
-0.00589996
 -0.0157307
  0.0975301
  0.0936535
    2.08734
   0.647914
-0.00766645
 -0.0154477
  0.0929544
  0.0996874
    1.9975
  0.569497
-0.0171873
-0.0271229
 0.0986619
  0.086004
   1.99484
  0.636855
 -0.043829
-0.0193675
 0.0916375
  0.110229
    1.89915
   0.557756
-0.00249039
 -0.0223032
  0.0914122
   0.107173
   1.83804
  0.599605
-0.0322367
-0.0160521
 0.0784545
 0.0864681
    1.75832
   0.496689
  0.0113005
-0.00955307
    0.08589
  0.0779399
   1.63446
  0.513577
-0.0346905
-0.0211489
 0.0760016
 0.0860732
    1.55388
   0.458531
-0.00438535
 -0.0239499
  0.0713479
  0.0715568
    1.4825
   0.42816
 0.0171515
-0.0206831
 0.0752929
  0.092949
   1.44237
  0.449807
-0.0302723
-0.0201537
 0.0645195
 0.0712873
   1.41037
  0.437677
-0.0117933
-0.0145091
 0.0835945
 0.0936039
   1.34249
   0.40904
 0.0134777
-0.0108864
 0.0730745
 0.0749869
   1.23155
  0.351766
 0.0146973
-0.0172315
 0.0718505
 0.0987406
   1.17396
  0.377668
-0.0100226
 -0.014332
 0.0615398
 0.0720605
    1.15815
   0.347928
0.000842391
-0.00955462
  0.0575867
   0.092714
   1.15495
  0.406559
-0.0193086
-0.0170875
 0.0672191
 0.0593705
    1.0979
   0.36632
 -0.048487
-0.0196372
 0.0455698
 0.0796811
   1.06816
  0.323665
-0.0252806
-0.0275123
 0.0557852
  0.061184
  0.922598
  0.274203
 0.0255651
-0.0226501
 0.0469189
 0.0814031
  0.952017
  0.426688
-0.0511231
-0.0215856
  0.049623
 0.0629881
   0.965079
   0.242869
 -0.0297342
-0.00858501
  0.0489089
  0.0599351
   0.835053
   0.205497
-0.00810425
 -0.0167792
  0.0472024
  0.0643341
     0.7823
   0.309266
-0.00750591
 -0.0227411
  0.0386825
  0.0325444
  0.763804
  0.236577
-0.0124493
-0.0227165
 0.0482872
 0.0444643
  0.654522
  0.146522
-0.0410456
-0.0110326
 0.0462335
 0.0667715
   0.683779
   0.153636
0.000882494
 -0.0104811
  0.0393236
  0.0528248
  0.675852
  0.188645
 0.0399581
-0.0137197
 0.0519608
 0.0545249
  0.644503
  0.162252
  0.056343
-0.0187522
  0.043107
 0.0577722
  0.643955
  0.174208
-0.0318129
-0.0115957
   0.04348
 0.0313993
    0.611569
   0.0912301
   0.0215252
-0.000781304
   0.0528783
   0.0595892
   0.644242
   0.301119
-0.00597038
-0.00213478
  0.0393266
  0.0254366
   0.566905
   0.132247
  0.0214592
-0.00579685
  0.0471534
  0.0307351
   0.522019
   0.138626
-0.00545491
  -0.012469
  0.0468785
  0.0471881
  0.553609
  0.180594
-0.0339419
-0.0134357
 0.0303923
 0.0342942
   0.545897
   0.115029
 -0.0276728
-0.00969726
  0.0301177
  0.0431975
   0.538848
   0.200263
-0.00873865
 -0.0171242
  0.0503806
  0.0296412
  0.536849
  0.163456
 0.0149603
-0.0148334
 0.0327365
 0.0426205
  0.532717
  0.109173
-0.0583352
-0.0108677
 0.0385742
 0.0165589
  0.513141
  0.176702
0.00308133
-0.0147856
  0.033036
 0.0275794
   0.534676
   0.137356
  0.0129831
-0.00915734
  0.0454727
  0.0275821
  0.549019
   0.15524
-0.0156172
-0.0138471
 0.0295154
 0.0355819
   0.570023
   0.100833
 0.00512737
-0.00670192
  0.0617613
  0.0380017
  0.54998
 0.160322
 0.020221
-0.010836
0.0329316
0.0292468
  0.562835
  0.167855
-0.0128414
 -0.010424
  0.037826
  0.042765
   0.560201
   0.142765
-0.00497165
-0.00919804
  0.0342051
  0.0239274
  0.578451
  0.170607
-0.0371422
 -0.013041
 0.0252578
0.00514405
  0.518156
 0.0829523
 0.0196554
-0.0069975
 0.0403594
 0.0324268
   0.547512
   0.252904
 -0.0631337
-0.00823419
  0.0210881
  0.0124912
   0.505056
  0.0311901
 -0.0095912
-0.00937598
  0.0314605
  0.0358805
  0.482497
  0.147889
-0.0375914
-0.0162459
 0.0380501
 0.0125213
   0.476671
   0.129784
-0.00193213
0.000624585
  0.0327211
   0.027373
  0.475562
  0.123829
 0.0431994
-0.0128545
 0.0350154
 0.0118368
   0.47553
 0.0997643
-0.0282825
0.00932868
 0.0419665
 0.0291662
  0.445009
  0.076351
 0.0408661
-0.0177731
 0.0480911
0.00376231
   0.389995
   0.182527
-0.00538846
 -0.0100686
  0.0249275
  0.0114734
  0.397576
 0.0401939
 0.0216517
-0.0157349
 0.0434136
 0.0186064
   0.411205
   0.171401
 -0.0507432
-0.00802161
   0.032719
0.000996698
  0.383865
 0.0364516
 0.0526903
-0.0149865
 0.0333928
 0.0100203
   0.405882
   0.214263
 -0.0316061
   0.009917
  0.0187542
-0.00522482
   0.375965
  0.0450083
  0.0330575
-0.00543465
  0.0334788
  0.0106524
  0.363831
  0.106982
-0.0153169
-0.0115833
   0.03504
0.00582191
  0.318768
  0.104802
-0.0156816
-0.0164925
 0.0187101
 0.0289135
  0.316382
 0.0609787
-0.0159936
-0.0148742
 0.0252581
 0.0195832
  0.314704
 0.0865503
 -0.063304
-0.0155546
 0.0278017
 0.0145261
   0.29002
-0.0132881
  0.021581
 -0.013666
 0.0300633
 0.0404637
   0.293538
   0.115476
-0.00346981
 -0.0231881
  0.0448393
-0.00163198
  0.284274
 -0.052303
 0.0659215
-0.0189524
 0.0352372
 0.0262004
   0.270816
  0.0982161
-0.00545842
 -0.0178494
   0.043396
  0.0200113
  0.258716
-0.0378028
  0.082477
0.00139729
 0.0320309
 0.0269249
   0.24905
 0.0760252
-0.0148482
-0.0109085
 0.0276123
 0.0142292
  0.200429
-0.0100809
 0.0446237
 -0.011968
 0.0229481
 0.0207707
  0.244882
 0.0763796
-0.0515086
-0.0103041
 0.0270473
 0.0177995
   0.194559
  0.0352197
 -0.0152722
0.000761609
  0.0213845
  0.0156244
     0.1887
  0.0790763
 -0.0362625
0.000409034
   0.019705
  0.0138249
   0.177781
  0.0900347
 -0.0137563
-0.00448458
  0.0197937
 0.00406388
  0.183822
 0.0735527
-0.0520331
0.00178091
 0.0247018
0.00996047
    0.18819
   0.108096
 -0.0435461
-0.00127842
  0.0189408
-0.00174717
   0.166844
  0.0389465
0.000586989
-0.00357561
  0.0386047
 0.00596234
  0.197352
 0.0940117
-0.0128629
-0.0139922
 0.0277597
0.00233042
   0.178773
  0.0404635
  0.0103203
-0.00570811
  0.0352498
-0.00320166
   0.16759
 0.0258241
 0.0328056
-0.0107626
 0.0312215
 0.0240882
   0.179018
  0.0397937
  0.0343776
-0.00598114
  0.0338489
  0.0302145
  0.223319
 0.0185879
 0.0265417
0.00419629
 0.0398211
 0.0226236
   0.201841
 0.00334342
-0.00971907
 0.00167914
  0.0302772
 0.00608765
  0.182039
  0.035336
 0.0416015
-0.0031401
 0.0281827
0.00913427
   0.216594
  0.0473941
 -0.0197809
0.000460634
  0.0314351
 0.00595791
    0.190077
-0.000305996
   0.0203746
 -0.00808456
   0.0345768
  0.00970202
  0.195532
-0.0238315
 0.0331376
-0.0025827
 0.0310244
 0.0136464
   0.15502
 0.0802697
-0.0584109
-0.0163462
 0.0191445
 0.0130208
   0.144307
 -0.0527584
  0.0386298
-0.00397086
  0.0320689
   0.023588
    0.127712
   0.0478176
 -0.00414127
-0.000102915
   0.0275084
   0.0156498
   0.154117
  0.0680881
-0.00735903
 0.00434437
  0.0227722
 0.00676106
   0.151107
  0.0344167
   0.034021
-0.00973271
  0.0223256
  0.0109981
  0.145904
 0.0927973
 -0.053348
-0.0244523
 0.0308894
  0.022354
  0.120568
-0.0404678
 0.0320894
-0.0161132
  0.036377
0.00661419
  0.124169
 0.0702655
-0.0540882
-0.0183669
 0.0196175
 0.0026864
  0.130881
-0.0767516
 0.0210728
-0.0199068
 0.0451365
 0.0164454
   0.118129
  0.0614877
 -0.0408585
-0.00778043
  0.0195301
-0.00151787
   0.133069
  0.0428446
  0.0260465
0.000853411
  0.0330539
  0.0286281
  0.108708
0.00583236
 0.0263828
  0.012437
 0.0359428
 0.0226264
   0.117894
  0.0446386
 0.00328763
-0.00859875
  0.0351262
-0.00235248
   0.101398
0.000248094
 0.00923309
  0.0024735
  0.0283609
  0.0114366
   0.138896
  0.0967427
-0.00904526
 -0.0128801
   0.023636
 -0.0103656
  0.132656
0.00671862
 -0.012198
-0.0126869
 0.0320669
 0.0154981
  0.134707
-0.0116574
 0.0506322
-0.0110031
  0.026712
0.00713428
  0.167701
 0.0809103
 -0.126493
0.00365272
 0.0150282
0.00367954
  0.141813
 0.0230469
 -0.017167
0.00960201
  0.026122
 0.0133344
   0.138068
  0.0388119
-0.00551677
 0.00386366
  0.0215836
  0.0140021
   0.174615
 -0.0320312
  0.0589345
-0.00262617
  0.0369036
  0.0117117
    0.17111
-0.00788386
  0.0396587
-0.00608589
  0.0307255
  0.0146064
   0.157837
  0.0143278
 0.00161033
-0.00841729
  0.0246931
  0.0251783
   0.181292
   0.020455
 0.00678367
-0.00472216
  0.0370823
  0.0020564
  0.188908
 0.0234177
  0.035888
-0.0021745
 0.0411171
0.00468995
   0.213898
  0.0309372
  0.0538475
-0.00815742
  0.0416382
   0.014513
   0.230434
  0.0674771
  0.0187879
-0.00754585
  0.0439082
-0.00118283
  0.218542
  0.055977
0.00318895
-0.0109548
  0.033887
 0.0148865
   0.261454
  0.0678069
-0.00769035
-0.00599842
   0.030792
  0.0305743
  0.282943
 0.0641551
-0.0091427
-0.0045653
 0.0282968
 0.0300674
   0.315745
  0.0829619
  -0.018105
-0.00705805
  0.0274895
  0.0184623
   0.362548
  0.0947101
 -0.0239029
-0.00836383
   0.020708
  0.0159454
  0.365165
 0.0928508
-0.0257841
-0.0088304
 0.0285812
 0.0380676
   0.405614
  0.0975071
 -0.0203885
-0.00243339
  0.0400316
   0.038077
    0.43149
   0.100776
 -0.0109485
-0.00397325
  0.0263185
   0.020171
   0.485734
    0.11705
-0.00174895
-0.00319617
  0.0362023
  0.0366783
   0.503595
   0.129098
 -0.0093935
-0.00872073
  0.0444211
  0.0382645
  0.541834
  0.141262
-0.0132729
-0.0134236
 0.0287163
 0.0182084
   0.547624
   0.143575
-0.00169819
 -0.0156669
  0.0454395
  0.0382948
   0.539812
   0.141187
-0.00963422
 -0.0145655
  0.0283703
  0.0338529
  0.565418
  0.146796
-0.0134643
-0.0109608
 0.0336633
 0.0114517
  0.523494
  0.139804
 -0.017563
-0.0188055
 0.0289678
 0.0239695
   0.516956
   0.133179
-0.00763717
-0.00972071
  0.0349343
  0.0190622
   0.473504
    0.11558
-0.00635458
-0.00928284
  0.0325509
  0.0315333
  0.429435
  0.108856
0.00274822
-0.0166024
 0.0334661
 0.0317118
   0.418625
   0.102898
 -0.0105257
-0.00617886
  0.0252015
  0.0359747
   0.472753
   0.110221
-0.00899742
 -0.0021716
  0.0323313
  0.0134044
   0.504345
    0.11609
 -0.0067385
-0.00884048
  0.0332047
  0.0255528
   0.541266
   0.135849
-0.00310097
-0.00438769
   0.034413
  0.0270571
   0.547337
    0.13526
-0.00198656
 -0.0185359
  0.0396302
  0.0373628
  0.560235
  0.142762
-0.0109837
-0.0104438
 0.0387222
 0.0241954
  0.561954
  0.134485
-0.0101586
-0.0182436
 0.0417391
 0.0260743
   0.552202
    0.14156
-0.00772985
 -0.0133963
  0.0465281
  0.0170858
   0.534638
   0.137179
-0.00751501
-0.00926046
   0.030957
  0.0258742
   0.464189
   0.120476
 -0.0128756
-0.00642733
  0.0325188
  0.0239465
   0.420587
    0.10321
-0.00397916
-0.00804965
  0.0337023
  0.0268139
   0.384172
  0.0906931
-0.00420729
-0.00595201
  0.0289287
  0.0147686
   0.333907
    0.07588
-0.00726692
-0.00676626
  0.0320281
  0.0255898
   0.333262
  0.0697207
 -0.0110582
0.000437404
  0.0190658
 0.00983642
  0.296809
 0.0660703
-0.0116357
-0.0104741
 0.0273249
  0.028502
    0.29394
  0.0695286
-0.00180281
-0.00654998
  0.0239841
 0.00988648
   0.28528
 0.0624156
0.00055252
 -0.012546
 0.0451722
 0.0219777
   0.296929
  0.0751117
-0.00251018
-0.00612985
  0.0339733
  0.0216863
  0.287107
 0.0717137
0.00518265
-0.0167181
 0.0325854
 0.0218253
  0.292273
 0.0764904
0.00159591
-0.0113245
 0.0325631
0.00197256
  0.267495
 0.0673789
0.00271728
-0.0126769
 0.0354085
0.00354197
   0.268102
  0.0650544
-0.00378873
-0.00980693
  0.0285247
  0.0162757
   0.274014
  0.0667063
-0.00606535
-0.00755862
  0.0362056
  0.0119027
   0.286026
  0.0688102
-0.00946382
0.000465716
  0.0244112
 0.00972693
   0.269208
  0.0606496
 -0.0028871
-0.00458127
  0.0306156
 0.00927721
   0.246058
  0.0527758
-0.00748557
 -0.0103729
  0.0270427
 0.00599909
    0.224047
    0.051147
  -0.0101738
-0.000173654
   0.0284797
   0.0250755
   0.249919
  0.0543816
-0.00400282
 -0.0104049
  0.0394244
  0.0104446
   0.229481
  0.0544459
-0.00907391
-0.00133215
  0.0328601
  0.0219196
  0.215342
 0.0519085
0.00205943
-0.0123595
  0.034257
 0.0233751
  0.233571
 0.0549589
 0.0118795
0.00646998
 0.0319811
0.00721316
    0.223184
   0.0638729
  0.00103357
-0.000118625
   0.0353297
  0.00718091
    0.23494
  0.0664854
0.000891884
 0.00131507
  0.0277306
 0.00244463
   0.226426
  0.0579762
-0.00141896
-0.00617911
  0.0302522
  0.0103213
   0.217829
  0.0504275
-0.00938806
-0.00652613
   0.031885
 0.00879007
    0.221781
   0.0509836
 -0.00290421
  -0.0060557
   0.0301254
-0.000592928
   0.223191
  0.0536737
-0.00824614
 -0.0117053
  0.0352164
  0.0102287
  0.232556
 0.0580484
-0.0135852
-0.0111255
 0.0310091
 0.0208231
   0.247668
  0.0553227
  -0.008412
-0.00743616
  0.0324623
 0.00976631
   0.271521
  0.0689946
 -0.0102867
-0.00407854
  0.0332428
   0.017554
   0.279779
  0.0597301
-0.00151831
-0.00677064
  0.0330982
  0.0292417
   0.261105
  0.0596592
 0.00166646
-0.00440838
  0.0191582
  0.0128641
  0.297812
  0.070249
0.00709432
-0.0138387
 0.0375289
0.00998833
  0.271772
 0.0670301
 0.0049525
-0.0108722
 0.0397002
0.00419186
   0.238983
  0.0569004
0.000747592
 -0.0125167
  0.0380453
  0.0169559
   0.240368
  0.0599478
-0.00382674
-0.00716871
  0.0264292
 0.00637121
   0.211512
  0.0514712
-0.00459306
-0.00482486
  0.0382058
  0.0189884
    0.20789
  0.0494739
-0.00912703
-0.00109176
  0.0342767
  0.0150351
   0.196542
  0.0445273
-0.00794821
-0.00218104
  0.0222155
  0.0225642
  0.213973
 0.0501867
-0.0101314
  0.001135
 0.0300967
 0.0221636
    0.234119
   0.0511016
-0.000566833
  -0.0100867
   0.0342256
   0.0121988
   0.243539
  0.0556403
-0.00374455
-0.00837562
  0.0437137
  0.0161321
   0.286383
  0.0671992
 0.00175186
-0.00356487
  0.0370306
  0.0149336
   0.282245
  0.0663728
-0.00497827
-0.00950785
  0.0254739
   0.017202
    0.318618
   0.0788797
-0.000538348
  -0.0138696
   0.0403363
   0.0155975
   0.332319
  0.0825745
0.000334089
-0.00528994
  0.0324681
 0.00129252
   0.346002
  0.0859998
-0.00630935
-0.00448882
  0.0266289
 0.00595062
   0.324163
  0.0822497
-0.00368438
-0.00874669
  0.0356752
  0.0214987
   0.318318
  0.0802012
-0.00286376
 -0.0114849
   0.035856
 0.00804132
   0.286138
  0.0672757
-0.00512644
  -0.009368
  0.0243294
  0.0103056
   0.247731
  0.0648443
-0.00800626
-0.00408302
  0.0423758
  0.0124342
   0.232524
  0.0590408
-0.00471025
-0.00245718
  0.0376447
  0.0108594
   0.224599
  0.0480401
-0.00934136
-0.00754965
  0.0356815
  0.0176465
   0.215087
  0.0540035
 -0.0113268
-0.00366041
  0.0379678
  0.0139473
    0.222552
   0.0476269
  -0.0119292
 -0.00625439
    0.029857
-0.000769424
   0.200187
  0.0463178
 0.00314669
-0.00741022
  0.0333137
  0.0196201
   0.219731
  0.0510987
-0.00141471
-0.00790095
  0.0325211
  0.0174648
  0.225078
 0.0548639
0.00110216
-0.0094836
 0.0329317
  0.029935
    0.267876
   0.0579764
  0.00507351
-0.000772617
   0.0339127
   0.0169253
   0.273195
  0.0611598
 0.00155279
-0.00206886
  0.0199178
 0.00892242
  0.279709
 0.0690795
0.00075304
-0.0068807
 0.0395895
 0.0157551
   0.277259
  0.0699555
-0.00603416
 -0.0109569
  0.0258502
  0.0127545
   0.284934
  0.0637347
 -0.0103316
-0.00885715
  0.0158423
   0.034768
   0.304168
  0.0703952
-0.00698081
-0.00950979
  0.0350647
  0.0318781
   0.305143
  0.0657729
-0.00646019
-0.00576726
  0.0249794
 0.00858871
   0.297917
   0.070299
-0.00924442
 -0.0109838
  0.0295349
  0.0289038
   0.300256
  0.0693504
-0.00483368
-0.00902074
  0.0336534
  0.0271938
   0.292388
  0.0587504
-0.00385634
-0.00692967
  0.0321253
  0.0311826
    0.2772
 0.0621563
 0.0015909
 0.0012809
 0.0234408
0.00897698
   0.240675
  0.0597486
 0.00546859
-0.00147933
  0.0400097
  0.0201299
   0.242602
  0.0602423
 0.00533164
-0.00188285
  0.0414292
  0.0132869
   0.209295
  0.0517148
 0.00426892
-0.00612419
  0.0328563
  0.0157248
    0.195737
   0.0472891
-0.000151384
 -0.00956416
    0.024264
    0.020883
    0.209511
     0.05146
 -0.00339205
-4.77877e-05
   0.0303405
   0.0207365
    0.199939
   0.0478709
 -0.00358642
-0.000605539
   0.0276674
   0.0121263
    0.22184
  0.0517801
-0.00578703
 0.00111697
  0.0297485
  0.0174636
  0.239928
 0.0620578
-0.0025428
-0.0108028
 0.0422115
 0.0103391
   0.255875
  0.0652342
-0.00575702
-0.00520662
  0.0404926
  0.0175689
   0.28293
 0.0632329
-0.0061675
-0.0107829
 0.0246963
 0.0187937
   0.315869
  0.0723239
-0.00412281
 -0.0170049
  0.0354435
  0.0138407
     0.3237
  0.0753921
0.000630939
-0.00924581
  0.0447187
  0.0224128
  0.312734
 0.0699393
0.00270504
0.00294972
 0.0367606
 0.0118727
   0.319256
  0.0766819
 0.00526191
-0.00929737
  0.0399172
  0.0278118
   0.300031
  0.0700996
-0.00607372
 -0.0112262
  0.0367719
  0.0201125
   0.311045
  0.0760228
-0.00737226
-0.00928154
  0.0328723
 0.00703188
   0.250793
   0.059822
-0.00593222
-0.00644475
  0.0281279
  0.0169018
   0.230784
  0.0572352
-0.00675674
-0.00633485
  0.0299321
   0.025168
  0.232826
 0.0569871
-0.0035458
-0.0105976
 0.0361216
 0.0209691
   0.218618
  0.0558934
-0.00688612
 -0.0105692
  0.0371398
  0.0155312
   0.220585
  0.0561961
-0.00256818
 -0.0113389
  0.0406817
 0.00861571
  0.211346
 0.0437624
0.00300948
 0.0015643
  0.042531
 0.0153941
   0.207974
  0.0483585
-0.00137277
-0.00757728
  0.0325199
  0.0174437
    0.22391
  0.0599655
 0.00105288
-0.00817738
  0.0333192
  0.0182512
   0.251481
  0.0568772
0.000699491
-0.00385947
  0.0239968
   0.017874
    0.254223
   0.0541944
-0.000463365
-0.000535651
   0.0216124
   0.0194028
   0.259828
  0.0643788
-0.00598633
 -0.0140557
  0.0168168
  0.0177751
   0.282266
  0.0669983
-0.00157298
-0.00393427
  0.0325397
  0.0146121
   0.289961
  0.0688058
 0.00032501
-0.00968559
   0.038048
0.000963587
   0.292781
  0.0661923
-0.00480942
-0.00491204
  0.0291912
  0.0276874
   0.280301
  0.0660316
-0.00700562
-0.00980127
  0.0267937
  0.0264585
   0.298376
  0.0682546
-0.00420063
-0.00759846
   0.033738
 0.00224645
    0.294099
   0.0690994
-0.000579267
 -0.00796932
   0.0363411
   0.0127298
     0.27768
   0.0597603
-0.000756568
 -0.00216513
   0.0256905
  0.00807125
   0.286641
  0.0647576
-0.00304935
 -0.0140928
  0.0325947
 0.00712038
  0.246145
 0.0520785
0.00607488
-0.0145434
 0.0283808
 0.0171606
   0.260344
  0.0551208
 0.00284673
0.000812907
  0.0399736
  0.0154221
   0.222164
  0.0583142
-0.00134679
-0.00905082
   0.030822
  0.0120119
   0.243271
  0.0661574
0.000976241
-0.00724089
  0.0513738
  0.0111438
   0.246209
  0.0622903
-0.00706968
-0.00208841
  0.0341122
 0.00627816
   0.248195
   0.062691
-0.00699115
 -0.0015106
  0.0314564
   0.010807
   0.240778
  0.0583711
-0.00704109
-0.00954111
  0.0362825
  0.0145023
   0.233396
  0.0547413
 -0.0101776
-0.00867596
  0.0332219
  0.0269144
   0.250529
  0.0606534
 -0.0072987
-0.00959778
  0.0352297
   0.003032
   0.264758
    0.05237
-0.00384382
 -0.0154794
  0.0353357
  0.0312687
  0.286454
 0.0652995
-0.0042681
-0.0135915
 0.0241292
0.00207213
   0.290501
  0.0663822
-0.00175678
 -0.0130284
  0.0400234
  0.0138083
   0.30595
 0.0709775
 0.0025401
-0.0104274
  0.033602
0.00605438
   0.285423
  0.0702485
-0.00155669
  -0.012263
  0.0250292
  0.0178518
   0.298735
  0.0667528
0.000481674
 -0.0092177
   0.035297
  0.0165546
    0.269662
   0.0674298
-0.000233981
  -0.0121703
   0.0389118
   0.0223579
   0.255065
  0.0592773
-0.00125514
 -0.0087707
   0.032251
  0.0312757
   0.246992
  0.0588713
-0.00359476
-0.00274582
   0.031383
  0.0191696
   0.242449
  0.0606574
-0.00567142
-0.00495742
  0.0349806
  0.0226443
   0.255319
  0.0672362
-0.00909971
-0.00897958
  0.0378998
  0.0166901
   0.236166
  0.0609841
-0.00232106
-0.00418136
  0.0327289
   0.019259
  0.266182
  0.056445
0.00259779
0.00146186
 0.0363567
0.00388713
   0.262789
  0.0611593
-0.00620212
 -0.0064018
  0.0203292
 0.00821456
   0.267174
  0.0606879
0.000848512
-0.00661351
  0.0340732
   0.027298
    0.259142
   0.0593868
-0.000392135
 -0.00561416
   0.0243699
   0.0199151
   0.260627
  0.0612914
-0.00261495
 -0.0143131
  0.0306134
  0.0218359
    0.294355
   0.0684394
 -0.00174654
-0.000715704
   0.0294993
  0.00829276
   0.292017
  0.0693644
 -0.0039671
-0.00377435
  0.0303344
 0.00776111
   0.259601
  0.0666906
-0.00922163
-0.00343628
  0.0258372
  0.0124469
  0.256254
 0.0622263
-0.0162885
-0.0112913
 0.0223337
0.00302367
   0.247256
  0.0664612
-0.00243159
-0.00858554
  0.0440295
  0.0114099
   0.239354
  0.0557728
-0.00566499
-0.00737605
  0.0275617
  0.0312628
   0.259851
  0.0567314
-0.00857735
0.000718827
  0.0265795
 0.00105795
   0.260161
  0.0642117
-0.00683518
-0.00893702
  0.0376287
  0.0253917
   0.263574
  0.0587204
-0.00135355
-0.00482037
  0.0388066
  0.0280653
   0.264717
  0.0617789
 -0.0062367
-0.00856414
  0.0293501
 0.00612716
   0.274975
  0.0620597
-0.00296246
-0.00971355
   0.033551
  0.0070906
   0.267965
  0.0657989
-0.00500816
 -0.0070814
  0.0288007
 0.00680505
   0.282624
  0.0653682
 0.00300787
-0.00379583
  0.0264981
  0.0241646
    0.274647
    0.073961
-0.000218042
  0.00201758
   0.0383708
  0.00827718
   0.254986
  0.0594005
-0.00375063
-0.00869058
  0.0314636
  0.0175612
   0.284509
  0.0649408
-0.00411353
 -0.0149804
  0.0304022
  0.0090874
   0.292131
  0.0687319
-0.00494581
-0.00632044
  0.0289975
  0.0172662
   0.283676
  0.0693885
-0.00273687
-0.00825965
  0.0323372
  0.0114373
   0.258878
  0.0603907
-0.00603836
-0.00833407
  0.0291663
  0.0152843
   0.247861
   0.055004
-0.00372809
 -0.0018841
  0.0276684
  0.0186763
   0.265421
   0.058485
-0.00525761
-0.00914121
  0.0258326
  0.0053052
   0.265149
  0.0604765
-0.00368492
 -0.0068258
  0.0346055
  0.0228416
   0.256619
  0.0625365
0.000901565
-0.00127329
   0.048904
  0.0164978
   0.246254
  0.0531143
-0.00122535
-0.00295143
  0.0268379
  0.0352817
    0.245584
   0.0547896
-0.000534619
 -0.00948731
   0.0180832
   0.0158333
   0.271029
  0.0705488
-0.00484414
 -0.0077362
  0.0311868
 0.00956819
   0.251945
  0.0730506
-0.00692114
-0.00616235
  0.0384015
 0.00201462
   0.226648
  0.0569402
  -0.005848
-0.00805139
  0.0316402
  0.0134014
   0.248621
  0.0609622
-0.00804034
 -0.0031867
  0.0385706
  0.0165234
   0.248111
  0.0623879
-0.00235705
-0.00988305
  0.0313907
  0.0245037
   0.280261
  0.0666902
-0.00387498
-0.00432969
  0.0341338
  0.0101182
   0.274249
  0.0653224
 -0.0062713
-0.00719511
  0.0284052
 0.00319305
   0.271847
  0.0666625
-0.00260366
 -0.0128361
  0.0350873
  0.0183875
   0.286976
  0.0641222
-0.00380613
-0.00758213
  0.0291895
  0.0233949
   0.290982
  0.0650978
-0.00157793
-0.00532861
  0.0376647
   0.021209
  0.284421
 0.0659664
0.00274951
-0.0100812
 0.0347442
 0.0129206
   0.278787
  0.0640497
 0.00206541
-0.00922284
  0.0379815
  0.0339508
    0.2747
 0.0639474
-0.0036822
-0.0045434
  0.029768
 0.0221119
    0.257145
   0.0683994
-7.91865e-05
 -0.00598146
   0.0320887
    0.020269
   0.264958
  0.0605693
-0.00631532
 -0.0108342
  0.0329514
 0.00455387
   0.248363
  0.0613671
 -0.0070772
-0.00692318
  0.0302094
  0.0114479
   0.225774
  0.0527247
 -0.0057001
0.000445599
  0.0322222
  0.0221102
   0.255443
  0.0566541
-0.00206811
-0.00996506
  0.0247094
-0.00430127
   0.24677
 0.0588709
-0.0038119
-0.0118035
 0.0334514
 0.0123996
    0.229418
   0.0538999
-0.000105152
  -0.0092267
   0.0312087
    0.028581
   0.275068
  0.0612877
-0.00194376
 -0.0116314
  0.0296577
 0.00501508
    0.253432
   0.0567579
-0.000407954
  -0.0117445
   0.0269225
   0.0229236
    0.298887
   0.0761933
 0.000826112
-5.25541e-05
    0.038566
   0.0144574
   0.285289
  0.0719374
-0.00586024
-0.00422374
  0.0328034
  0.0174465
   0.290873
   0.074624
-0.00158243
-0.00616769
  0.0469853
 0.00555361
   0.260585
  0.0613549
-0.00717181
 -0.0121896
  0.0208882
  0.0171516
   0.277147
  0.0613636
-0.00710736
   -0.01496
  0.0310509
  0.0284614
   0.287794
  0.0695414
-0.00164185
-0.00591418
  0.0280733
   0.011622
   0.265109
  0.0597909
-0.00721914
 -0.0115547
  0.0238301
  0.0184697
   0.241186
   0.057615
-0.00356466
0.000556719
  0.0362319
  0.0169448
   0.250829
  0.0594369
-0.00929857
 -0.0106695
  0.0336043
  0.0174498
   0.253597
  0.0561852
-0.00152163
 -0.0103044
  0.0267246
  0.0232533
    0.247575
    0.065064
-6.61118e-05
   -0.010057
   0.0446184
    0.021172
   0.248364
  0.0709249
-0.00694739
-0.00367333
  0.0403957
0.000366706
   0.234925
   0.057074
 0.00522723
-0.00679714
  0.0389445
  0.0115928
   0.238481
  0.0601755
-0.00451727
0.000156009
  0.0258787
  0.0220684
   0.236497
  0.0597518
-0.00240548
-0.00151795
  0.0334869
  0.0152968
   0.246084
  0.0628409
  -0.005776
-0.00346043
  0.0341265
  0.0151155
   0.236163
  0.0617319
-0.00334218
 0.00267114
  0.0337792
  0.0189464
  0.260062
 0.0634917
-0.0106901
 -0.012888
 0.0233272
0.00489129
   0.260865
  0.0608539
-0.00590745
-0.00863531
  0.0303114
  0.0221908
   0.257857
  0.0548985
-0.00838315
 -0.0181452
  0.0284584
  0.0224937
   0.299864
  0.0712685
-0.00389175
-0.00515137
  0.0353731
  0.0124735
   0.289798
  0.0619329
  0.0030221
0.000105358
  0.0397033
   0.029223
   0.295361
  0.0727372
-0.00161637
-0.00596849
  0.0334931
   0.011119
  0.291101
 0.0723109
0.00165405
-0.0167882
 0.0379649
 0.0108805
   0.296176
  0.0696239
-0.00259003
-0.00311948
  0.0334904
  0.0218678
   0.275996
  0.0670579
-0.00600932
-0.00610499
  0.0297489
  0.0140516
   0.262215
  0.0632749
-0.00734317
 -0.0130625
  0.0303822
 0.00526656
   0.246922
  0.0588598
-0.00130767
-0.00874235
   0.039088
  0.0238986
   0.239335
  0.0558444
-0.00570066
-0.00828928
  0.0314535
  0.0290572
   0.259249
  0.0592252
-0.00808335
 -0.0053856
   0.028589
  0.0251091
    0.261981
   0.0657403
-0.000198773
 -0.00447657
   0.0434817
   0.0177986
    0.255575
   0.0575518
 -0.00276365
-0.000748482
    0.034136
  0.00929946
   0.256951
  0.0606864
-0.00468106
-0.00305273
  0.0375515
  0.0219509
   0.285494
  0.0621485
 0.00498662
-0.00217072
  0.0378074
  0.0147501
  0.286202
 0.0670442
0.00162234
-0.0107956
 0.0313161
 0.0125736
   0.280633
  0.0647121
 -0.0049499
-0.00735367
  0.0287058
  0.0178776
   0.274899
  0.0628034
-0.00832233
-0.00469016
   0.023645
  0.0158545
  0.289524
 0.0705144
0.00174379
-0.0128074
 0.0334119
  0.015968
   0.274182
  0.0657833
-0.00476424
-0.00758525
  0.0243444
  0.0234024
   0.278223
  0.0670178
-0.00260254
-0.00401724
  0.0454538
  0.0145904
   0.282361
  0.0664979
-0.00253508
-0.00827345
  0.0388953
  0.0242892
