   0.430679
  0.0941537
   0.011573
  -0.010524
  0.0205597
-0.00293011
   0.427524
   0.126709
-0.00933855
-0.00354776
  0.0246894
  0.0124083
  0.428699
  0.103503
  0.017638
-0.0076722
 0.0275787
0.00378603
    0.39688
    0.12458
-0.00892224
-0.00667991
    0.01129
  0.0164922
   0.428722
  0.0940906
0.000763258
-0.00410488
   0.010819
  0.0108355
    0.39424
   0.117482
 -0.0238171
-0.00905324
  0.0135197
 0.00435346
   0.391887
   0.119575
 -0.0235016
-0.00184886
  0.0136537
 0.00988226
  0.393986
  0.117986
-0.0470866
-0.0124967
 0.0132341
 0.0076203
  0.359298
 0.0891011
-0.0360416
-0.0149571
 0.0116446
 0.0143784
   0.383825
  0.0916665
 -0.0146124
-0.00728837
  0.0157416
  0.0285347
   0.430729
  0.0846058
-0.00429327
 -0.0134815
  0.0139629
  0.0250304
   0.534314
  0.0841076
 -0.0365698
-0.00633252
  0.0288072
  0.0250397
   0.597301
   0.134361
 0.00248971
-0.00971877
  0.0459129
  0.0298764
  0.607297
  0.180412
 0.0162843
-0.0130375
 0.0349954
  0.028983
  0.623554
 0.0999528
 0.0145162
-0.0162634
 0.0309798
 0.0547166
   0.655662
   0.202906
-0.00454851
 -0.0210555
  0.0419601
  0.0113823
   0.681035
   0.120728
  0.0575061
-0.00785937
  0.0541438
  0.0497071
  0.677945
  0.205372
 0.0253016
-0.0217929
 0.0586146
 0.0299682
   0.645871
   0.148194
  0.0388486
-0.00383715
  0.0496139
  0.0337536
   0.640288
   0.163251
  0.0225025
-0.00748822
  0.0510304
  0.0224647
  0.626997
  0.211094
0.00296987
-0.0229342
 0.0417302
 0.0337914
   0.624902
   0.140037
  0.0378979
-0.00886366
   0.049082
  0.0376671
  0.663446
  0.260529
-0.0506153
-0.0155394
 0.0345962
 0.0263968
  0.646114
  0.181554
0.00080289
-0.0224937
 0.0383065
 0.0383131
  0.684426
  0.194701
-0.0509086
-0.0232154
 0.0363161
 0.0230374
  0.687187
  0.173581
0.00872619
-0.0229182
 0.0489746
 0.0327922
   0.678324
    0.19519
-0.00300569
-0.00892394
  0.0307433
  0.0239039
   0.707789
   0.202091
 -0.0152352
-0.00909634
  0.0327397
  0.0338049
    0.68172
   0.126884
   -0.03602
-0.00280859
  0.0266298
  0.0440906
   0.688015
   0.225759
-0.00885284
-0.00504212
  0.0300154
  0.0337993
    0.68544
   0.163724
-0.00621874
 -0.0169409
  0.0405944
  0.0422304
    0.66593
   0.167672
-0.00920523
 -0.0138193
  0.0229248
  0.0469671
  0.693382
  0.200602
-0.0534973
-0.0210672
 0.0259714
 0.0324502
   0.73457
  0.202014
-0.0350593
-0.0127168
 0.0366774
 0.0241523
  0.739544
  0.162125
-0.0302523
 -0.015285
 0.0368941
 0.0477525
  0.721151
  0.187523
 0.0107411
-0.0207379
 0.0300406
 0.0452506
  0.755566
  0.192172
-0.0183858
-0.0113791
 0.0495115
 0.0420439
  0.729995
  0.176836
-0.0209972
-0.0144804
 0.0411926
 0.0348387
   0.75369
  0.199416
 0.0350698
-0.0140344
 0.0429063
 0.0262997
  0.770478
   0.21677
0.00685222
-0.0149071
 0.0411105
 0.0489294
   0.802172
   0.177613
  0.0296238
-0.00916443
  0.0471876
  0.0307525
  0.814446
  0.214508
-0.0441891
 -0.011761
 0.0466955
 0.0278314
   0.790348
   0.157993
 0.00862305
-0.00585244
  0.0508906
  0.0581597
  0.784268
  0.255488
-0.0325771
-0.0189759
 0.0386065
 0.0343133
   0.788796
   0.146211
-0.00340721
-0.00454483
   0.043931
  0.0318443
  0.810654
   0.23009
-0.0404613
-0.0204791
 0.0417024
 0.0267419
  0.799672
  0.161788
 0.0305318
-0.0073766
 0.0525742
 0.0357435
  0.836557
   0.22497
  0.021681
-0.0218182
 0.0524136
 0.0268269
  0.836048
  0.164768
 0.0180255
-0.0105007
  0.042008
 0.0410478
   0.873208
   0.256551
 -0.0432512
-0.00697996
  0.0553284
  0.0332516
   0.852428
   0.201447
-0.00486734
 -0.0114278
  0.0460863
  0.0178916
  0.895206
  0.213144
-0.0111868
-0.0166525
 0.0506844
   0.04287
  0.887278
  0.210459
-0.0306947
-0.0256233
 0.0506068
 0.0168679
  0.897907
  0.245764
-0.0329035
-0.0228147
 0.0484837
 0.0244687
 0.861728
 0.296506
-0.068878
 -0.01411
0.0338208
 0.023282
   0.905608
   0.212907
0.000828492
 -0.0100891
  0.0410932
  0.0317835
  0.877894
    0.3072
-0.0586934
-0.0140049
 0.0386695
 0.0242776
  0.889901
  0.235862
0.00586314
-0.0175682
 0.0502981
 0.0216439
  0.915547
  0.322238
-0.0230306
 -0.025739
 0.0521451
 0.0268777
  0.896265
   0.16213
 0.0046819
-0.0254755
 0.0608278
 0.0229764
  0.941288
   0.29162
0.00394956
-0.0219756
 0.0679552
 0.0339427
  0.928062
  0.141405
 0.0678056
-0.0168829
 0.0719239
 0.0399646
   0.949215
   0.222489
-0.00768594
-0.00617693
  0.0672668
  0.0515864
  0.940331
  0.240859
-0.0210591
-0.0246318
 0.0533051
 0.0331886
  0.957816
  0.165403
 0.0150077
-0.0110445
 0.0488667
   0.05692
   1.00934
   0.29148
0.00103521
-0.0286381
 0.0702785
 0.0348427
    1.00467
   0.231622
-0.00687644
  -0.013936
  0.0514943
  0.0552129
   1.08251
  0.269507
-0.0375346
-0.0215241
 0.0517823
 0.0202286
   1.07072
  0.222025
 -0.037291
-0.0192508
 0.0510092
  0.041166
   1.11872
  0.310812
0.00161393
-0.0171535
 0.0635664
 0.0375855
   1.15077
  0.313818
-0.0290271
-0.0307591
 0.0594035
 0.0366937
    1.15337
   0.287074
 -0.0694063
-0.00477554
  0.0475911
  0.0533938
   1.14133
  0.320117
-0.0372674
-0.0212435
 0.0552821
  0.049042
   1.15054
  0.315449
0.00815217
-0.0265031
 0.0702353
 0.0435226
   1.18577
  0.297462
-0.0161219
-0.0197261
  0.065358
 0.0454367
    1.18728
    0.27376
 -0.0312218
-0.00853482
  0.0588437
  0.0480328
    1.21111
   0.311888
-0.00915583
 -0.0268989
   0.044992
  0.0542716
   1.23415
  0.338475
-0.0243532
-0.0242157
 0.0648054
 0.0411243
    1.22485
   0.298674
-0.00857282
 -0.0123073
  0.0606857
  0.0439728
   1.28569
   0.32135
-0.0128573
-0.0217724
 0.0751016
 0.0545656
   1.30233
  0.347846
  0.010034
-0.0210297
 0.0722168
 0.0517837
    1.32975
   0.327231
-0.00899882
 -0.0179927
  0.0724045
  0.0310498
   1.32155
  0.309278
-0.0089332
 -0.017589
 0.0723712
 0.0569052
   1.35403
  0.320781
-0.0192152
-0.0169499
 0.0705001
 0.0510312
   1.34355
  0.339256
-0.0364671
-0.0210219
 0.0681334
  0.051221
   1.36565
  0.341779
 0.0249458
-0.0221799
 0.0723195
 0.0654425
   1.41699
  0.334665
-0.0136729
-0.0191971
 0.0796921
 0.0629405
   1.42889
  0.362119
-0.0311676
-0.0333817
 0.0628612
 0.0587832
   1.47119
  0.367612
-0.0860804
-0.0305212
 0.0694853
 0.0592782
   1.49217
  0.393517
0.00357719
-0.0270205
 0.0869444
 0.0499364
   1.51138
  0.382429
 0.0255398
-0.0254113
  0.105517
 0.0589488
     1.55528
     0.43361
-0.000344422
  -0.0324208
   0.0895628
   0.0635395
   1.56826
  0.350373
-0.0240964
-0.0213442
 0.0887391
 0.0569423
   1.57286
  0.429755
 -0.027744
-0.0206657
 0.0826062
 0.0455056
    1.61606
   0.429804
-0.00477433
 -0.0286306
   0.084478
  0.0582947
   1.68756
  0.388906
 0.0104609
-0.0215361
  0.092211
 0.0778341
   1.66252
  0.355029
-0.0044959
-0.0107631
 0.0908212
 0.0869707
   1.70476
   0.51327
-0.0635441
-0.0203927
 0.0849935
 0.0638347
    1.65914
   0.350589
-0.00157575
 -0.0207463
  0.0916754
  0.0816568
   1.68591
   0.40575
-0.0169271
-0.0270613
  0.118439
 0.0834225
   1.68198
  0.467376
-0.0244973
-0.0259796
 0.0869775
 0.0649716
   1.69626
   0.40538
 0.0152094
-0.0203379
 0.0984607
 0.0732369
   1.73732
  0.461102
-0.0385758
-0.0158734
 0.0907409
 0.0541808
   1.75064
  0.428872
-0.0259156
-0.0280424
 0.0952075
 0.0749431
   1.74579
  0.396561
 0.0383882
-0.0179035
 0.0978181
 0.0817862
    1.76619
   0.486776
-0.00911265
 -0.0301214
  0.0961778
   0.039708
    1.7465
  0.456489
-0.0536815
-0.0249451
 0.0901934
 0.0745167
   1.72223
  0.428053
-0.0326661
-0.0161171
 0.0950592
 0.0797155
   1.74571
  0.504621
-0.0478735
-0.0309153
 0.0965827
 0.0588763
     1.78945
    0.457555
-0.000490762
  -0.0288385
   0.0961706
   0.0649782
   1.80945
  0.470959
-0.0577964
-0.0237616
  0.107559
 0.0802851
     1.847
  0.450753
-0.0264597
-0.0246643
  0.105541
 0.0785613
  1.87338
 0.544052
0.0127587
-0.022964
 0.128289
0.0799236
    1.8948
  0.439694
 0.0710616
-0.0323783
  0.121544
  0.100602
   1.94137
  0.516843
-0.0167012
-0.0320208
  0.126161
 0.0903403
   1.97364
  0.457903
-0.0378326
-0.0206521
  0.121807
 0.0902895
   1.98883
  0.543907
-0.0257871
-0.0295659
  0.108686
 0.0873081
   2.01294
  0.475152
 0.0256267
-0.0251506
  0.131912
 0.0858439
   2.02641
  0.533377
-0.0230394
-0.0296511
  0.117793
 0.0942722
   2.04697
  0.515438
-0.0465543
-0.0318368
  0.122297
 0.0810892
   2.04266
  0.542569
 -0.048082
-0.0398723
  0.119671
 0.0840302
   2.07655
  0.539973
-0.0282704
-0.0273728
  0.113957
 0.0923024
   2.13154
   0.56998
-0.0282767
-0.0315745
  0.112864
  0.088824
    2.1886
  0.600648
-0.0816679
-0.0317502
  0.112028
 0.0857219
   2.20166
  0.553418
-0.0335469
-0.0265647
   0.13225
 0.0913344
   2.20668
  0.567062
-0.0126354
-0.0344055
  0.136972
  0.103051
   2.26936
   0.56424
-0.0402282
-0.0303909
  0.133893
 0.0987911
   2.30486
  0.626043
-0.0700047
 -0.033191
  0.136643
  0.100514
   2.31071
  0.581783
 0.0238847
-0.0342399
  0.141152
  0.108055
   2.37689
  0.627809
 0.0071581
-0.0298152
   0.15433
  0.117993
   2.42917
  0.605813
-0.0423776
-0.0393445
  0.153091
  0.106853
   2.47573
  0.655664
-0.0524393
-0.0371245
  0.148287
  0.118718
   2.54178
  0.664461
 0.0152644
-0.0431485
  0.168848
  0.121323
    2.60721
   0.631968
-0.00271316
 -0.0344599
   0.165779
   0.128594
   2.65646
  0.732865
-0.0376689
 -0.036582
  0.168175
  0.104682
   2.71156
  0.735022
-0.0916735
-0.0493365
  0.167458
  0.124011
   2.78504
  0.711381
 0.0173606
-0.0487618
  0.183227
  0.124359
   2.83906
  0.738844
-0.0232848
-0.0351918
  0.180633
  0.135461
   2.86759
   0.77734
-0.0615212
-0.0312983
  0.173511
   0.14288
   2.91788
  0.764415
-0.0760395
-0.0403184
  0.180755
  0.143983
    2.98196
   0.755875
-0.00516119
 -0.0352256
   0.197722
   0.158765
   3.02562
  0.808813
0.00573776
-0.0341105
  0.194005
  0.147269
   3.07076
  0.810487
-0.0425635
-0.0343575
  0.196372
  0.156317
   3.12468
   0.84456
-0.0512177
-0.0476345
  0.196545
  0.160458
   3.19022
  0.820332
-0.0407577
 -0.041882
  0.191173
  0.178276
   3.22284
  0.803422
 0.0011436
-0.0469731
  0.202504
  0.172115
   3.23495
  0.868944
-0.0604195
-0.0432215
  0.199976
  0.168786
   3.28948
  0.838582
-0.0527393
-0.0406229
  0.209166
  0.179719
   3.39178
   0.94206
-0.0320805
-0.0483726
  0.224626
  0.167004
   3.44031
  0.892939
-0.0265127
-0.0394795
  0.219773
  0.178954
   3.47541
  0.919312
0.00203167
-0.0509784
  0.237274
  0.176539
   3.58546
  0.971699
-0.0307957
-0.0481049
  0.231904
  0.188463
    3.6574
  0.945834
 -0.100049
-0.0562935
  0.232989
  0.207538
   3.76128
   1.04366
-0.0271436
-0.0472535
   0.25019
  0.188044
   3.82483
   0.99053
 -0.040829
-0.0541431
  0.241817
  0.211518
   3.89665
   1.05734
 0.0131393
-0.0418222
  0.253203
  0.213125
   3.98789
   1.04695
-0.0607081
-0.0450525
  0.260288
  0.211351
   4.06082
    1.0708
 -0.093991
-0.0551267
  0.260243
  0.228262
   4.23492
   1.11373
-0.0466834
-0.0527638
  0.284396
   0.21868
   4.26365
   1.11338
   0.04846
-0.0590769
  0.283548
  0.240135
   4.36452
    1.1966
-0.0606492
-0.0648254
  0.280973
   0.22697
   4.48856
   1.16905
  -0.11187
-0.0624967
  0.276121
  0.228431
   4.58883
   1.20917
-0.0647347
-0.0726284
  0.307376
  0.246849
   4.75969
   1.30276
 -0.021496
-0.0631985
   0.30578
  0.237886
   4.83079
   1.30799
 -0.044604
-0.0699579
  0.311772
  0.267655
   4.92577
   1.28132
 -0.101897
-0.0723873
  0.323587
  0.275679
   5.01557
   1.29639
-0.0520073
-0.0585324
  0.327586
  0.294401
   5.17533
   1.40233
-0.0206078
 -0.058696
  0.348272
  0.286554
   5.28684
   1.46466
-0.0553482
-0.0778402
  0.351041
  0.305949
   5.42989
    1.4261
-0.0900638
-0.0763811
  0.361928
   0.29393
   5.44995
    1.4103
-0.0419543
-0.0789719
   0.35916
  0.330966
    5.5943
   1.48477
 -0.114019
-0.0779474
  0.376509
  0.313935
    5.6668
   1.46559
-0.0669954
-0.0753403
  0.381888
  0.322029
    5.77579
    1.55737
-0.00535305
 -0.0823296
    0.39258
   0.311198
   5.92644
   1.61367
-0.0607748
-0.0774621
  0.395902
  0.331631
   5.96846
   1.58263
-0.0683874
-0.0841089
  0.395081
   0.34217
   6.09819
   1.60245
-0.0962571
-0.0900273
  0.407894
  0.354047
   6.19617
   1.68037
 -0.072325
-0.0927387
  0.427888
    0.3598
   6.29454
   1.65727
-0.0178886
-0.0869722
  0.454572
  0.368311
   6.45567
   1.71158
-0.0726243
-0.0846291
  0.436721
  0.372227
   6.58834
   1.78314
-0.0608209
-0.0782358
  0.455512
  0.373644
   6.75744
   1.82936
-0.0832226
-0.0832583
  0.460283
   0.38134
   6.90708
    1.8694
-0.0611876
-0.0958904
  0.462617
   0.40585
    6.9941
    1.8331
 -0.049566
-0.0811857
  0.465606
  0.402191
   7.16331
   1.93258
-0.0827923
-0.0971709
  0.472009
  0.419946
   7.30878
   1.97389
 -0.108514
-0.0968872
  0.468447
  0.413351
   7.49811
   2.02241
-0.0540647
 -0.101201
  0.496288
  0.439152
   7.77395
   2.11836
  -0.11304
-0.0978972
  0.509101
  0.450833
   7.87724
   2.10027
 -0.096922
-0.0980249
  0.518813
  0.470626
   8.05858
   2.19332
 -0.107266
-0.0970984
  0.527354
  0.477665
   8.27678
    2.2144
-0.0701268
 -0.100208
  0.538929
  0.504259
  8.44894
  2.27443
 -0.04388
-0.106023
  0.55853
 0.517556
  8.70988
  2.38982
-0.103894
-0.112694
 0.572261
 0.541567
  8.88357
   2.3525
-0.108617
 -0.11534
 0.588929
 0.544951
  9.09162
  2.49243
-0.135937
-0.112959
 0.603764
 0.570446
  9.37377
  2.53917
-0.072547
-0.134379
  0.63421
 0.579833
  9.56648
  2.63811
-0.116791
-0.125529
 0.651781
 0.592254
   9.70387
   2.62397
-0.0648902
 -0.131729
  0.664006
  0.634712
  9.96496
  2.73081
-0.165072
-0.124707
 0.669391
 0.629805
   10.1441
   2.73137
-0.0941026
 -0.139993
  0.687205
  0.651231
  10.4146
  2.86084
-0.153341
-0.133793
  0.69946
 0.680961
    10.569
   2.84387
-0.0792462
 -0.134666
  0.707896
  0.691225
  10.8082
  3.01788
-0.120372
-0.143669
 0.722826
 0.693178
   11.189
  3.07061
-0.162549
-0.145821
 0.751287
 0.735861
  11.4466
  3.09014
 -0.17095
-0.160182
 0.763882
 0.763644
  11.6776
  3.25687
-0.159804
-0.147151
  0.77705
 0.795465
  11.9827
  3.26817
-0.112807
-0.151464
 0.798016
  0.82668
  12.1672
  3.33764
-0.172541
-0.162083
 0.807687
 0.848006
  12.4932
  3.41178
   -0.148
-0.161951
 0.815183
 0.873585
  12.8283
  3.57462
 -0.15492
-0.152995
 0.844645
 0.894841
  13.1696
  3.64457
 -0.23583
-0.166878
 0.859891
 0.897865
  13.3884
  3.63623
-0.159598
-0.166882
 0.887841
 0.939705
  13.6385
   3.7985
-0.171559
  -0.1784
 0.909928
 0.949788
  14.0535
  3.88173
-0.170806
-0.180013
 0.935894
   1.0076
  14.2674
  3.87771
-0.216735
-0.171718
 0.931432
  1.02658
  14.5512
  4.08344
-0.246788
-0.178082
 0.948863
   1.0317
  14.8246
    4.034
-0.206805
-0.183567
 0.966175
  1.06816
  14.9901
  4.12436
-0.201722
-0.176083
 0.980374
  1.07928
  15.3489
  4.27253
-0.223963
-0.180936
 0.997574
  1.09678
  15.7215
  4.29684
-0.251887
-0.178976
  1.00496
  1.13796
  15.9172
  4.39723
-0.266131
-0.193755
   1.0111
  1.12993
  16.2012
  4.49244
-0.233279
-0.192084
  1.01709
  1.15604
  16.6703
  4.60083
-0.133807
-0.155465
 0.945856
  1.18837
  17.1243
  4.69315
 -0.17053
-0.174984
 0.983732
  1.25903
  17.3709
  4.74401
-0.199133
-0.181286
  1.00848
  1.27229
  17.5807
    4.948
-0.243703
-0.195605
  1.03631
  1.27306
  17.9216
  4.91254
-0.273207
-0.191632
  1.06408
  1.31639
  18.2257
   5.0097
-0.226911
-0.187877
   1.0415
  1.34263
  18.6048
  5.11284
 -0.28062
-0.201951
  1.05022
  1.35523
   18.942
  5.23022
-0.282616
 -0.19057
  1.07061
  1.38867
  19.1181
  5.22754
-0.307858
-0.188828
  1.05881
  1.40645
  19.1548
  5.24562
-0.203547
-0.193018
  1.07237
  1.37034
  19.3597
   5.3368
-0.263567
-0.182995
  1.08242
  1.38059
  19.5426
  5.31123
-0.247863
-0.194421
  1.07095
  1.37515
  19.4107
  5.25647
-0.289141
-0.181664
  1.06898
  1.34597
  18.8291
  5.05993
-0.213715
-0.176791
  1.03473
  1.26876
  18.4726
  5.03678
-0.250915
-0.183075
  1.01184
  1.17412
  18.1274
  4.84728
-0.214353
-0.171289
 0.997139
  1.14196
  17.6803
  4.74314
-0.274445
-0.163617
 0.972638
  1.07194
  16.9145
  4.46509
-0.190244
-0.178311
 0.948837
 0.986883
  16.1265
    4.261
-0.175535
-0.158444
 0.903855
 0.893877
  15.2829
  3.98216
-0.171076
-0.158392
 0.864818
 0.803287
  14.7066
  3.76472
-0.142889
-0.141079
 0.827557
 0.746472
  14.2646
  3.66393
-0.156122
-0.136397
 0.785015
 0.685784
  13.7372
   3.4757
-0.108876
-0.124563
 0.731463
  0.64167
  13.093
 3.33665
-0.17201
 -0.1344
0.688854
0.544572
  12.6079
  3.09972
-0.141876
 -0.12131
 0.661461
 0.539132
   12.2266
   3.05071
-0.0969086
 -0.112998
   0.64577
  0.492626
   11.7658
    2.9151
-0.0934625
 -0.105646
  0.602957
  0.451821
   11.2286
   2.70794
-0.0757481
-0.0874574
  0.562414
  0.431398
  10.7719
  2.63508
 -0.11723
-0.095703
 0.535637
 0.385437
   10.4151
   2.55107
-0.0805451
-0.0924717
  0.514011
  0.360781
   10.0574
   2.39747
-0.0787596
-0.0897366
  0.491591
   0.32969
   9.79912
   2.32573
-0.0837257
-0.0809604
  0.460196
  0.333049
   9.45235
   2.29749
-0.0872595
-0.0810259
   0.43843
  0.301808
   9.18235
    2.1129
-0.0936424
-0.0714346
  0.419443
  0.298174
   9.00397
   2.10607
-0.0538987
 -0.077993
   0.39889
  0.271723
   8.88942
   2.13114
-0.0724547
 -0.059868
  0.404614
  0.261212
   8.71965
   2.03945
 -0.103977
-0.0761934
   0.38801
  0.251907
   8.52905
    1.9603
 -0.089919
-0.0728995
  0.380751
   0.25565
   8.33296
   1.91444
-0.0341698
-0.0701233
  0.374158
  0.236436
   8.25938
   1.98422
-0.0543414
 -0.072227
  0.362427
  0.223401
   8.20703
   1.83173
-0.0780889
-0.0619044
  0.355217
  0.209885
   8.08164
   1.85668
-0.0790824
-0.0677151
  0.356532
    0.2051
   7.99507
   1.83809
 -0.048325
-0.0623895
  0.353396
  0.188729
     7.908
   1.85033
-0.0459887
 -0.054844
   0.36721
   0.18293
   7.83289
   1.75075
-0.0174905
-0.0675641
  0.350174
  0.176249
    7.7871
   1.84553
-0.0916709
-0.0532366
  0.336713
  0.157318
   7.76104
   1.75786
 -0.118662
-0.0604094
   0.32007
  0.150686
   7.68431
   1.72382
 -0.110219
-0.0555817
  0.334395
  0.156208
   7.63551
   1.75599
  -0.06354
-0.0694568
  0.336727
  0.149849
   7.61604
   1.75234
-0.0248977
 -0.053365
  0.341742
  0.136028
   7.59427
   1.68254
-0.0700819
-0.0616539
  0.332666
  0.125187
   7.50699
   1.70434
-0.0461693
-0.0588749
  0.345173
  0.122964
   7.45814
   1.69118
-0.0621834
-0.0611148
  0.327533
  0.108189
   7.44184
   1.66225
-0.0974404
-0.0689205
  0.334905
  0.115299
   7.37317
   1.65585
-0.0679613
 -0.062955
  0.332637
 0.0978488
   7.28422
   1.61127
-0.0711574
-0.0571621
  0.324349
  0.100043
   7.19876
   1.56081
-0.0777524
-0.0523465
  0.331973
  0.103851
   7.13853
   1.61616
0.00938653
-0.0637517
  0.329455
 0.0968556
   7.13521
   1.59393
-0.0482796
-0.0621122
  0.321819
 0.0776873
    7.0723
   1.57191
 -0.110387
-0.0524418
  0.304796
 0.0998851
   6.99896
   1.53966
-0.0596697
-0.0574333
  0.316995
 0.0889454
   6.97125
   1.55214
-0.0986177
-0.0560039
   0.30198
 0.0611454
   6.94283
   1.53199
-0.0563372
-0.0583507
  0.321175
 0.0637318
   6.87622
   1.48006
-0.0773486
-0.0540794
  0.309141
 0.0909802
   6.84017
   1.49353
-0.0236132
-0.0506951
  0.322766
 0.0509538
   6.82692
   1.53343
-0.0666762
-0.0545212
  0.303644
 0.0597754
   6.77508
   1.47022
-0.0637028
-0.0599408
  0.310388
 0.0747563
   6.71969
   1.43224
-0.0577221
-0.0561731
  0.314044
  0.056673
   6.68397
   1.46349
 -0.086804
-0.0448855
  0.301739
 0.0552649
   6.61153
   1.39969
-0.0278213
-0.0431085
  0.292551
 0.0419856
   6.56186
   1.45466
-0.0644484
-0.0514025
  0.284917
 0.0536882
   6.57463
   1.40657
 -0.108339
-0.0520285
  0.275422
 0.0361696
   6.50243
   1.37977
-0.0440652
-0.0481997
  0.288223
 0.0518672
   6.43584
   1.38229
-0.0310341
-0.0477333
  0.294984
 0.0408604
   6.37116
   1.40301
-0.0476916
-0.0521381
  0.293585
 0.0180337
   6.34216
   1.36661
-0.0727216
-0.0502957
  0.274411
 0.0234883
   6.28588
   1.33237
-0.0631741
-0.0483873
  0.262358
 0.0303377
   6.23876
    1.3411
-0.0290275
-0.0373224
  0.267026
 0.0285338
   6.15563
   1.29652
-0.0520696
-0.0460979
  0.262871
0.00484574
   6.11682
   1.32325
-0.0973898
-0.0398233
  0.258514
 0.0176924
   6.06113
   1.23048
-0.0562275
-0.0436385
  0.251693
0.00721006
    6.00698
    1.27895
-0.00930724
 -0.0420622
   0.267759
 0.00660623
    5.94989
    1.27606
  -0.028739
 -0.0381666
   0.260969
-0.00212764
   5.89835
   1.22031
-0.0731717
-0.0437433
  0.249873
0.00663881
    5.88026
    1.23518
 -0.0406065
 -0.0506369
   0.242084
-0.00408078
    5.84862
    1.26631
 -0.0862937
 -0.0472192
   0.242764
-0.00609792
   5.78018
   1.14029
-0.0444536
-0.0363887
  0.230852
0.00414576
    5.7367
   1.19677
-0.0399014
-0.0275334
  0.227423
 0.0115012
   5.69014
   1.20113
-0.0383217
-0.0328571
  0.224799
0.00186697
   5.67803
   1.22653
-0.0468482
-0.0342132
  0.211493
-0.0205412
   5.65947
   1.14397
-0.0299851
-0.0429385
  0.237183
-0.0112441
   5.60806
   1.16865
-0.0723283
-0.0615214
  0.224756
-0.0101896
   5.54708
   1.14793
-0.0208788
-0.0409837
  0.223711
 -0.016831
   5.53321
   1.19968
-0.0429638
-0.0442231
  0.216537
-0.0257406
   5.52307
   1.13592
-0.0670736
-0.0336812
  0.213933
-0.0256264
   5.49033
   1.08771
-0.0380385
-0.0469681
  0.218421
-0.0169076
   5.41592
   1.15252
-0.0673391
-0.0445822
  0.205066
-0.0039859
   5.39698
   1.11953
-0.0156058
-0.0233966
  0.215287
-0.0160807
    5.38186
    1.14782
 -0.0634516
 -0.0495907
   0.218773
-0.00541354
   5.36658
   1.06999
-0.0349696
-0.0414446
  0.215781
0.00948193
   5.33887
   1.09985
-0.0220833
-0.0519381
  0.221462
-0.0216895
   5.30012
   1.07238
 -0.053152
-0.0326956
  0.213481
-0.0164409
    5.25958
    1.04183
  0.0101312
  -0.030716
    0.21838
-0.00505329
   5.27609
   1.09592
-0.0894333
-0.0402295
  0.212787
-0.0168652
    5.22273
    1.03029
   0.022787
 -0.0372459
   0.209732
-0.00499652
    5.1747
   1.07904
-0.0264941
-0.0281497
  0.192756
-0.0173629
    5.11344
   0.974871
 -0.0109013
 -0.0377423
   0.202821
-0.00539694
   5.10194
   1.03555
-0.0886306
-0.0321476
  0.193056
-0.0177161
   5.03962
   0.99907
-0.0224916
-0.0433714
  0.189984
-0.0222311
   5.05559
    1.0384
-0.0787681
 -0.036156
   0.17937
-0.0455273
   4.97921
   1.02927
-0.0211641
-0.0353408
  0.179632
-0.0387279
   4.98363
   1.01898
-0.0811135
-0.0397258
  0.178665
-0.0210129
    4.95896
    1.03679
-0.00790847
 -0.0361366
   0.180708
 -0.0289389
   4.96553
   1.04447
-0.0621649
-0.0352978
  0.175456
 -0.029169
   4.92659
  0.997628
-0.0108056
-0.0314894
  0.183174
 -0.043658
   4.89298
   1.03717
-0.0515703
-0.0292399
  0.177258
-0.0411416
   4.85445
  0.941852
-0.0116032
-0.0338755
  0.172326
-0.0349685
   4.85129
   1.02986
-0.0393448
-0.0260201
   0.17583
 -0.052346
    4.77575
   0.917071
 -0.0153433
 -0.0295234
   0.187659
-0.00175186
   4.79276
  0.987471
 -0.069956
-0.0286065
  0.172664
-0.0352926
   4.72989
  0.908566
 0.0072097
-0.0357656
  0.191529
-0.0428839
    4.7721
  0.996369
-0.0642409
-0.0315941
  0.169977
-0.0306624
   4.73282
  0.942459
-0.0887059
-0.0269495
  0.171295
-0.0222505
   4.68597
  0.893031
-0.0259804
-0.0328772
   0.16826
-0.0188634
   4.66491
   1.00491
-0.0458808
-0.0339404
  0.175773
-0.0242333
    4.62526
   0.824069
  0.0357363
 -0.0323558
   0.182567
-0.00274296
   4.62286
   1.00809
-0.0531019
-0.0320978
  0.165181
 -0.037182
    4.54069
   0.850574
-0.00498363
 -0.0376617
   0.172073
-0.00889882
   4.54049
   0.91586
-0.0424757
-0.0302936
  0.158246
-0.0242352
   4.48945
  0.930968
-0.0385991
-0.0353048
  0.154905
-0.0281315
   4.48888
  0.870131
-0.0206081
-0.0278371
   0.16336
-0.0415669
   4.47243
  0.960172
 -0.075099
  -0.03673
  0.145092
-0.0443914
   4.42954
  0.858255
-0.0508779
-0.0291746
  0.147726
 -0.041498
   4.44082
  0.926817
  -0.06852
  -0.03318
  0.153344
-0.0551835
   4.43744
  0.869517
-0.0341982
-0.0272362
  0.158814
-0.0372331
   4.43741
  0.952458
-0.0506981
-0.0241593
  0.159729
-0.0363535
   4.40308
  0.821279
-0.0260057
-0.0208551
  0.156032
 -0.025683
   4.41903
  0.879303
-0.0323178
 -0.012227
  0.151455
-0.0349764
   4.38555
  0.881534
0.00625932
-0.0113093
   0.15614
 -0.027857
   4.40357
  0.881629
-0.0633522
-0.0346893
  0.153671
-0.0427095
    4.35187
   0.873121
-0.00816818
 -0.0334774
   0.161418
 -0.0377152
    4.33564
   0.881434
-0.00113925
  -0.032873
   0.179542
 -0.0500678
   4.31094
  0.872822
-0.0294037
-0.0235164
  0.157377
-0.0273713
   4.31563
  0.814544
 -0.042365
-0.0315982
  0.154667
-0.0309094
   4.33614
  0.943017
-0.0568858
-0.0324367
  0.162711
 -0.053567
   4.31124
  0.816838
   -0.0136
-0.0223199
  0.167813
-0.0336785
   4.27855
  0.878076
-0.0389722
-0.0383172
  0.168042
-0.0255583
   4.25992
  0.861135
-0.0202813
-0.0225831
  0.154296
-0.0257571
   4.26957
  0.835573
-0.0261048
-0.0313305
  0.153897
-0.0353087
   4.25103
  0.871999
-0.0531383
-0.0311271
  0.156714
-0.0507666
   4.21944
  0.847122
-0.0556683
-0.0353674
  0.154562
-0.0334677
   4.19504
  0.792276
-0.0445602
-0.0213036
  0.161102
-0.0269407
   4.15088
  0.804541
-0.0149519
-0.0241293
  0.163081
-0.0344095
   4.17159
  0.830944
-0.0211001
-0.0320379
  0.162705
-0.0304285
   4.18096
  0.826386
-0.0259951
-0.0251108
  0.155813
-0.0388286
   4.15201
  0.799311
-0.0219928
-0.0240726
   0.15589
-0.0341801
   4.17501
  0.879327
 -0.076031
-0.0332944
  0.147183
 -0.041427
   4.15581
  0.762968
-0.0403883
-0.0314451
  0.148816
-0.0503136
   4.12164
  0.832428
-0.0520256
-0.0312603
  0.142638
-0.0288458
    4.09171
   0.873499
-0.00974835
 -0.0278351
   0.153409
 -0.0647902
   4.06419
  0.766807
-0.0443811
-0.0300407
  0.146267
-0.0458975
   4.05091
  0.825391
-0.0225471
-0.0317188
  0.149895
-0.0552154
   4.04846
  0.772933
-0.0827723
-0.0319285
  0.157293
-0.0457788
   4.04551
  0.794425
-0.0220095
-0.0317608
  0.151451
-0.0594149
   3.96986
  0.818335
 0.0121736
-0.0349626
  0.146854
 -0.041883
   4.06231
  0.813965
-0.0466434
-0.0144876
  0.163846
  -0.04683
    4.1525
  0.832969
-0.0407885
-0.0278637
  0.150024
-0.0578988
   4.17631
  0.827052
-0.0402146
-0.0386511
  0.151141
 -0.052458
   4.13952
  0.836108
-0.0294254
-0.0265148
  0.159434
-0.0497132
   4.12728
   0.81741
-0.0444458
-0.0248836
  0.158518
-0.0507131
   4.10649
  0.826357
-0.0407997
-0.0317813
  0.153913
-0.0505908
   4.09926
   0.79435
-0.0503836
-0.0331856
  0.148356
-0.0337591
   4.11436
  0.827732
-0.0591595
-0.0331688
  0.150436
-0.0587319
   4.07955
   0.80848
-0.0282495
-0.0263868
  0.141812
-0.0577581
    4.0593
  0.789076
-0.0216201
-0.0284798
  0.160834
-0.0414804
   4.05229
   0.81959
-0.0205515
-0.0398069
  0.173073
-0.0287039
   4.06457
  0.783963
-0.0287616
-0.0274226
  0.160944
-0.0519423
   4.05779
  0.794343
-0.0307977
-0.0386211
  0.154106
-0.0530093
   4.01512
  0.791573
 -0.036911
-0.0408499
  0.161766
 -0.044396
   4.02143
  0.799301
-0.0326146
-0.0445072
  0.152398
-0.0569789
   4.00363
  0.788487
-0.0447028
-0.0287196
  0.152771
-0.0533496
   3.94417
  0.777178
 -0.042183
-0.0317681
  0.148603
-0.0525246
   3.88747
  0.772531
-0.0527644
-0.0289658
  0.141692
 -0.049365
      3.76
  0.751943
-0.0428207
-0.0334061
  0.146331
-0.0357161
   3.68513
  0.736737
-0.0436174
-0.0275541
  0.148116
  -0.04363
     3.656
  0.729147
-0.0321569
-0.0190796
  0.135001
-0.0374332
   3.65457
  0.725246
-0.0392505
 -0.028226
  0.136728
-0.0513133
   3.70656
  0.732446
-0.0385928
 -0.026398
  0.128938
-0.0607053
   3.73509
  0.743214
-0.0358594
-0.0356829
  0.147701
-0.0369184
   3.75654
  0.740012
 -0.036039
-0.0298199
   0.13857
-0.0333568
   3.77017
  0.742536
-0.0376279
-0.0364235
  0.134269
-0.0513703
   3.75261
  0.739336
-0.0406251
-0.0248098
  0.135108
-0.0471097
   3.72178
  0.739487
-0.0368473
-0.0197084
  0.141611
-0.0483065
   3.67709
  0.726279
-0.0365851
-0.0277148
  0.132479
-0.0357816
   3.65979
  0.721051
-0.0386053
-0.0243119
  0.131988
-0.0305705
   3.67061
  0.727689
-0.0388378
-0.0256414
  0.136073
-0.0483861
   3.63669
  0.722149
-0.0420519
-0.0306002
  0.142503
-0.0514067
   3.62172
  0.715333
-0.0430726
-0.0308105
  0.139067
-0.0453148
   3.61436
  0.712542
-0.0349516
 -0.020505
  0.139707
-0.0361164
    3.5947
  0.707956
-0.0369561
-0.0225777
  0.132375
-0.0270517
   3.60182
  0.712357
-0.0352182
-0.0257265
  0.138747
-0.0557075
   3.59598
    0.7109
-0.0328506
-0.0257093
  0.139717
 -0.051169
   3.57901
  0.702957
-0.0351368
-0.0322605
  0.132939
-0.0470496
   3.57001
  0.707469
-0.0325727
-0.0210673
  0.135069
-0.0480097
   3.54114
  0.706306
-0.0324476
-0.0340798
  0.145234
-0.0502455
   3.53921
  0.697088
-0.0337666
-0.0261657
  0.135993
-0.0509826
    3.5352
  0.696885
-0.0325758
-0.0246314
  0.142273
-0.0512113
   3.55609
  0.704289
-0.0413899
-0.0241565
  0.112104
-0.0413684
   3.57308
  0.702891
-0.0349046
 -0.021719
  0.131241
-0.0455076
   3.59456
  0.707793
-0.0327949
-0.0271441
  0.133919
-0.0454339
   3.61636
  0.711022
-0.0388093
-0.0302694
  0.125506
-0.0582187
   3.60902
  0.708023
-0.0384547
-0.0237828
  0.129408
-0.0438154
   3.61992
  0.715852
-0.0357282
-0.0155662
  0.136104
-0.0302413
   3.60069
  0.716762
-0.0383514
-0.0290239
  0.128001
-0.0534192
   3.57989
  0.708017
-0.0259169
-0.0350538
   0.13369
-0.0405804
   3.55555
  0.707313
-0.0267913
-0.0253017
  0.143383
-0.0472414
   3.53439
  0.700352
-0.0401141
 -0.026614
  0.137667
-0.0434786
   3.51977
  0.692393
-0.0311972
-0.0204892
  0.132691
-0.0420103
   3.50354
  0.690145
-0.0377396
-0.0296558
  0.124184
-0.0334191
   3.51748
  0.692655
-0.0347107
-0.0253258
   0.12867
-0.0491619
   3.52774
  0.693824
-0.0345518
-0.0202724
  0.136561
-0.0415143
    3.5423
  0.701471
-0.0435387
-0.0268856
  0.125195
-0.0433221
   3.56825
  0.704831
-0.0292826
-0.0331456
  0.132521
-0.0448176
   3.57872
   0.70491
-0.0336199
-0.0290869
  0.137999
-0.0364664
   3.63161
  0.717122
-0.0340486
-0.0297437
  0.134391
-0.0479194
   3.61792
  0.713845
-0.0339133
-0.0281401
  0.129167
-0.0434771
    3.6384
  0.714976
-0.0385076
-0.0263768
  0.137109
 -0.043584
    3.5906
  0.706378
-0.0383039
-0.0327139
  0.127034
-0.0404881
   3.59221
  0.707818
-0.0297493
-0.0375286
  0.136118
-0.0594646
   3.58647
  0.707179
-0.0326769
 -0.024382
  0.129078
-0.0461926
   3.54551
   0.69607
-0.0358765
-0.0346274
  0.140913
  -0.04031
   3.53632
  0.700136
-0.0292835
-0.0293622
  0.132043
-0.0576249
   3.52509
  0.695274
-0.0381902
-0.0269717
  0.128169
-0.0562484
   3.52281
  0.695961
-0.0381053
-0.0283903
  0.122282
-0.0524062
   3.51007
  0.690271
 -0.033174
-0.0162234
  0.133724
 -0.035097
   3.53525
  0.695826
-0.0271232
-0.0301005
  0.135756
-0.0557193
   3.54581
  0.695731
-0.0311207
-0.0241098
  0.133169
-0.0292111
   3.58217
  0.707784
-0.0370131
-0.0277623
  0.131328
-0.0420472
   3.61344
  0.715712
-0.0382046
-0.0252338
  0.128857
-0.0423546
   3.62945
  0.718071
-0.0362067
-0.0238163
  0.133335
-0.0508503
   3.62572
  0.715701
-0.0340573
-0.0287083
   0.13059
-0.0503078
   3.60628
  0.710548
-0.0329509
-0.0275417
  0.134108
-0.0545746
   3.57928
  0.702783
-0.0303526
-0.0235642
  0.132986
-0.0403465
   3.58079
  0.714091
-0.0368888
-0.0241582
  0.128018
-0.0475768
    3.5576
  0.698486
-0.0336227
-0.0185237
  0.125645
-0.0430912
   3.56366
  0.707568
-0.0368034
-0.0281341
  0.135039
-0.0415832
    3.5631
  0.701084
-0.0316351
-0.0225487
  0.130123
-0.0551075
   3.55225
  0.702815
 -0.037974
-0.0300001
  0.125902
-0.0408077
   3.55644
  0.703632
-0.0314298
-0.0191888
   0.13479
-0.0546353
    3.5246
  0.697458
-0.0289934
-0.0298384
  0.135657
 -0.046098
   3.54696
   0.69832
-0.0227466
-0.0348428
  0.136929
-0.0557583
   3.53879
  0.700154
-0.0321243
-0.0148849
  0.130705
-0.0390162
   3.55181
  0.704634
-0.0325234
-0.0323023
  0.136394
-0.0508306
   3.55436
  0.702427
-0.0301633
-0.0354579
  0.137929
-0.0381101
   3.55212
  0.703522
-0.0370266
-0.0283675
  0.131134
-0.0525173
   3.55744
  0.707575
-0.0290001
-0.0259415
  0.127216
-0.0452176
    3.5727
  0.704993
-0.0380767
-0.0173833
  0.130561
-0.0464009
   3.59132
   0.71271
-0.0371175
-0.0309151
  0.137505
-0.0500106
    3.6033
  0.705266
-0.0363114
-0.0292531
  0.129323
-0.0477951
   3.60448
  0.710791
-0.0358414
-0.0141876
  0.125739
-0.0390325
   3.59386
  0.711063
-0.0359337
 -0.024597
   0.12868
-0.0447457
   3.60698
  0.707319
-0.0319096
-0.0289977
  0.134393
 -0.053017
   3.60415
  0.710738
-0.0340026
-0.0284307
  0.131916
-0.0526076
   3.57584
  0.707889
-0.0292294
-0.0314094
  0.130247
 -0.045493
   3.57289
  0.703339
-0.0317075
-0.0225397
  0.128889
 -0.057411
   3.55079
  0.701647
-0.0300498
-0.0185678
  0.139268
-0.0428062
   3.53026
  0.690907
-0.0334012
-0.0292262
  0.132192
-0.0308192
   3.52593
  0.692471
  -0.03112
-0.0219712
  0.132312
  -0.03678
   3.53741
  0.696509
-0.0333994
-0.0198828
  0.127739
-0.0397358
   3.52881
  0.687934
-0.0334745
-0.0324813
  0.134178
-0.0294998
    3.5655
  0.700595
-0.0357578
-0.0165642
  0.134468
-0.0405554
   3.57193
  0.707339
-0.0358924
-0.0270171
  0.129342
-0.0476661
   3.58551
  0.702243
-0.0314705
-0.0276622
  0.131454
-0.0347801
   3.62497
  0.710187
-0.0341583
-0.0256929
  0.130105
 -0.050125
    3.6251
  0.709934
-0.0396228
-0.0256372
  0.135383
-0.0449656
   3.62609
  0.715244
-0.0327249
-0.0210844
  0.140961
-0.0452778
    3.6115
   0.71414
-0.0285547
-0.0325905
  0.131105
-0.0582559
   3.59766
  0.711924
-0.0361241
-0.0285181
  0.126585
 -0.051631
   3.58673
  0.706029
-0.0325834
-0.0274861
  0.136392
-0.0407987
   3.58522
  0.703797
-0.0361907
-0.0220335
  0.130943
 -0.053685
    3.5694
   0.70081
-0.0348305
-0.0241574
  0.136084
-0.0447574
   3.55345
  0.697674
-0.0337984
-0.0286637
  0.132856
-0.0497429
    3.5652
  0.700982
-0.0324162
-0.0262614
  0.133731
-0.0363126
   3.56995
  0.707154
-0.0379988
-0.0291237
  0.138446
-0.0428157
   3.59233
  0.709369
 -0.033724
-0.0186008
  0.134016
   -0.0487
   3.62083
  0.710799
-0.0363569
-0.0212159
  0.135506
-0.0552063
   3.62556
   0.71649
-0.0349535
-0.0316774
  0.137238
-0.0412564
   3.63115
  0.718656
-0.0386764
-0.0330634
  0.135684
-0.0598358
   3.63493
  0.711931
-0.0352973
-0.0251169
  0.132472
-0.0497207
   3.61871
   0.71924
-0.0292402
-0.0323925
  0.135579
-0.0413482
   3.59928
  0.705695
-0.0380668
-0.0228089
  0.126566
-0.0301348
   3.61682
  0.710515
-0.0348594
-0.0235904
  0.140463
-0.0370905
   3.59352
  0.703379
-0.0326595
-0.0249701
   0.12489
-0.0368764
   3.60714
  0.707242
-0.0311795
-0.0287036
  0.133651
  -0.01635
   3.60295
  0.707455
-0.0313181
 -0.024933
  0.123866
-0.0263899
   3.59545
  0.703909
-0.0305547
-0.0273411
  0.135069
-0.0435778
   3.62211
  0.723015
-0.0403711
-0.0218862
  0.119069
-0.0473148
   3.60671
  0.709272
-0.0325604
-0.0246959
  0.134401
-0.0356197
   3.63884
   0.72151
 -0.036127
-0.0304885
    0.1303
-0.0445952
   3.60379
  0.704112
-0.0360114
-0.0232977
  0.134554
-0.0356388
   3.60197
  0.711995
-0.0404253
-0.0238505
  0.136245
-0.0461244
   3.61245
  0.711197
-0.0313788
-0.0262611
  0.134508
-0.0313539
   3.61663
  0.710223
-0.0329107
-0.0301734
  0.132111
-0.0464451
    3.5944
  0.709408
-0.0345879
-0.0241328
  0.145411
-0.0343132
   3.61133
  0.715723
-0.0348677
-0.0265227
  0.128882
-0.0450416
   3.61616
  0.712766
-0.0326441
-0.0273855
  0.132503
-0.0385436
    3.6151
  0.709299
-0.0339236
-0.0162327
  0.133533
-0.0484765
    3.6226
  0.711325
-0.0363849
 -0.031444
  0.142532
 -0.052682
   3.62331
  0.717396
-0.0371678
-0.0298055
  0.135228
-0.0441771
    3.6021
  0.711015
-0.0345865
  -0.03092
  0.136955
-0.0275471
   3.62065
  0.710931
-0.0384722
-0.0308572
  0.140048
-0.0458038
    3.5889
  0.705698
-0.0314277
-0.0247767
  0.130797
 -0.038358
   3.58358
   0.70169
-0.0313655
-0.0263822
  0.126232
-0.0303166
   3.60591
     0.712
-0.0270064
-0.0301121
  0.127702
-0.0374364
    3.5983
  0.708894
-0.0271561
-0.0310108
  0.126269
-0.0437221
   3.58662
  0.706023
-0.0348934
-0.0304874
  0.130576
-0.0431308
   3.58762
  0.710881
-0.0359428
-0.0262602
  0.124215
-0.0477555
    3.5821
  0.708445
-0.0335715
-0.0271116
  0.141236
-0.0422451
   3.59614
  0.709952
-0.0336619
-0.0237742
  0.119101
-0.0397958
   3.58354
   0.70171
-0.0315427
-0.0264552
  0.126417
 -0.039484
   3.59376
  0.711348
-0.0423187
-0.0288717
  0.128065
-0.0284953
   3.62049
  0.713192
-0.0315765
-0.0147343
  0.138975
-0.0473872
   3.59664
  0.708439
-0.0324114
-0.0251314
  0.143619
-0.0337713
   3.59921
  0.706349
-0.0346545
-0.0221572
  0.136474
-0.0303345
   3.58706
  0.704136
-0.0337678
-0.0314597
  0.134952
-0.0398263
   3.58346
  0.701875
-0.0317958
-0.0283493
   0.13439
-0.0530576
   3.55651
  0.702107
-0.0290813
-0.0327846
  0.132427
-0.0402519
    3.5335
  0.694097
-0.0290802
-0.0348521
  0.131846
-0.0390286
   3.55955
  0.698973
-0.0336367
-0.0188923
  0.126975
-0.0453488
   3.57181
  0.698393
-0.0328344
-0.0288213
  0.125449
-0.0483311
   3.57567
  0.700613
-0.0304804
-0.0202357
  0.131271
-0.0489572
   3.57282
  0.704317
-0.0346466
-0.0221081
  0.139135
-0.0413727
   3.57396
  0.698518
-0.0380423
-0.0281144
  0.127885
-0.0294766
   3.62769
  0.716755
-0.0307231
-0.0226244
  0.135179
-0.0575361
   3.62636
  0.713679
-0.0383492
-0.0264793
  0.145092
-0.0440578
    3.6336
  0.717095
-0.0374221
-0.0325482
  0.133509
-0.0497994
   3.62864
  0.713124
-0.0324832
-0.0240221
  0.141342
-0.0279387
   3.62139
  0.708305
-0.0383865
-0.0236387
  0.133589
-0.0401556
   3.62326
  0.709548
-0.0393641
-0.0220478
  0.138716
-0.0357552
   3.60474
  0.708139
-0.0337056
-0.0309975
  0.130967
-0.0330082
   3.59382
  0.711235
-0.0381707
 -0.025326
  0.131513
-0.0469125
   3.61829
  0.712579
 -0.031571
-0.0264964
  0.134695
-0.0405095
   3.62949
  0.718058
-0.0359833
-0.0237431
  0.133151
-0.0416819
   3.61473
  0.709439
-0.0365353
-0.0301128
  0.137587
-0.0619799
    3.6329
  0.711748
-0.0295343
-0.0256028
   0.12948
-0.0410747
   3.62199
  0.714344
-0.0393033
-0.0260927
  0.125425
-0.0362218
   3.63781
  0.717395
-0.0406114
-0.0248429
  0.124085
-0.0427699
   3.64857
  0.724438
-0.0349889
-0.0287366
  0.134018
-0.0448585
   3.63301
  0.711305
-0.0428264
-0.0294032
  0.138116
 -0.035292
   3.62824
  0.714432
 -0.037041
-0.0246114
  0.130952
-0.0332468
   3.63234
  0.713967
-0.0349128
-0.0309077
  0.133338
-0.0325727
   3.64048
  0.715401
-0.0361327
-0.0228346
  0.140361
-0.0413036
   3.63864
  0.713949
-0.0351312
-0.0217311
  0.123645
-0.0436761
   3.64722
  0.712793
-0.0385833
-0.0193006
  0.124089
-0.0443084
   3.64239
  0.716012
-0.0406889
-0.0219683
  0.135765
-0.0458706
   3.60932
   0.70663
-0.0338841
-0.0263766
  0.135046
-0.0408678
   3.63796
  0.716763
  -0.03524
-0.0267134
  0.138846
-0.0537436
   3.61765
  0.714773
-0.0373559
 -0.031075
  0.135124
-0.0527206
    3.6032
  0.706602
 -0.033677
-0.0256936
  0.139043
-0.0345474
   3.61066
  0.709421
-0.0318575
-0.0265589
  0.129553
-0.0537587
   3.61433
  0.711709
-0.0316828
-0.0267409
  0.136116
 -0.047362
   3.56625
  0.695721
-0.0325796
-0.0299059
  0.124881
-0.0339589
   3.57808
  0.706924
-0.0270267
-0.0324078
  0.128455
-0.0449504
   3.55529
  0.699066
-0.0348272
-0.0288928
  0.145771
-0.0497491
    3.5538
  0.696947
-0.0323069
 -0.022328
    0.1305
-0.0335081
   3.57875
  0.704902
-0.0316325
-0.0253589
  0.140386
-0.0548432
    3.5661
  0.696688
-0.0315195
-0.0318045
  0.145408
 -0.040733
   3.57416
  0.707171
-0.0325616
-0.0231635
  0.137443
-0.0518828
   3.58359
  0.701942
-0.0359436
-0.0220364
  0.125246
-0.0394231
   3.58046
  0.706016
-0.0348555
-0.0298782
  0.134758
-0.0459765
   3.57809
  0.708115
-0.0324825
 -0.023829
  0.139915
-0.0472338
    3.5588
  0.702247
-0.0322298
-0.0242582
  0.138109
-0.0352066
    3.5575
  0.698627
-0.0313683
-0.0263275
  0.141144
-0.0427615
   3.55744
   0.69919
-0.0323627
-0.0217106
  0.133447
-0.0386582
   3.53344
  0.695049
-0.0346398
-0.0276725
  0.130857
-0.0438561
   3.51966
  0.692458
-0.0333863
-0.0243633
  0.130678
-0.0419576
   3.53807
  0.693425
-0.0324157
-0.0231588
  0.135813
-0.0425852
   3.53958
  0.695618
-0.0435182
-0.0252842
  0.131075
 -0.040702
   3.53387
  0.692761
-0.0268392
-0.0323343
  0.133572
-0.0384443
   3.55134
  0.698493
-0.0314428
-0.0239721
  0.137724
-0.0503665
   3.55547
  0.698506
-0.0380391
-0.0263249
  0.140523
-0.0425986
   3.54655
  0.691977
-0.0313262
-0.0291285
  0.136289
-0.0340987
   3.57374
  0.708253
-0.0281908
 -0.031191
  0.141844
-0.0547669
   3.58549
  0.710622
  -0.03841
-0.0316589
  0.128844
-0.0590219
   3.58171
  0.709666
 -0.035984
-0.0279179
  0.132002
 -0.052172
   3.55711
  0.700037
-0.0336352
-0.0297554
  0.143313
-0.0455492
   3.56017
  0.704681
-0.0357666
-0.0275664
  0.133141
-0.0453064
   3.54086
  0.698887
-0.0355518
-0.0289057
  0.135228
 -0.035483
   3.55225
  0.695048
-0.0358337
-0.0213158
   0.14424
-0.0436623
   3.55194
  0.696057
-0.0336212
-0.0224124
  0.136944
-0.0444948
   3.54566
   0.69594
-0.0334172
-0.0298055
  0.138942
-0.0335681
   3.55464
  0.701992
-0.0336018
-0.0249244
  0.134959
 -0.049315
    3.5723
  0.705942
-0.0336832
-0.0236261
  0.127267
-0.0494595
   3.56484
    0.7024
-0.0349314
-0.0248694
   0.13333
-0.0552415
   3.55837
  0.703037
-0.0379813
-0.0333024
   0.13331
-0.0399879
   3.55453
  0.702559
-0.0344119
-0.0251622
  0.129924
-0.0336538
   3.54583
  0.695154
-0.0324954
-0.0268363
  0.132295
-0.0426182
   3.55191
  0.695901
-0.0312612
-0.0265761
  0.136868
-0.0353521
    3.5425
  0.700393
-0.0289569
-0.0334284
  0.142974
-0.0406731
   3.54597
  0.694677
-0.0358357
-0.0252145
  0.131035
-0.0422546
   3.56099
  0.700857
  -0.03827
-0.0256914
  0.124657
 -0.052728
     3.543
  0.698249
-0.0424315
-0.0283412
  0.125482
-0.0417616
   3.54182
  0.694184
-0.0347213
-0.0290983
  0.123822
-0.0404325
   3.54932
  0.698711
-0.0323722
-0.0207684
  0.136391
-0.0438293
   3.57866
  0.704909
-0.0360564
-0.0272314
  0.129522
-0.0503531
   3.58666
  0.706259
-0.0327577
-0.0302532
  0.148166
 -0.051992
   3.55952
   0.69888
-0.0312138
-0.0239301
    0.1307
-0.0338265
   3.57383
  0.698989
-0.0328654
-0.0260454
  0.131625
-0.0528047
   3.58912
   0.70431
-0.0317392
-0.0244603
  0.123092
 -0.051651
   3.58191
   0.70905
-0.0347255
-0.0274963
  0.136573
-0.0449173
   3.60037
  0.709723
-0.0315943
-0.0238163
  0.131273
-0.0481361
    3.5642
  0.696227
-0.0338407
-0.0254878
  0.136461
-0.0477932
     3.571
  0.702958
-0.0312518
-0.0238069
  0.134884
-0.0366413
   3.57716
  0.702966
-0.0312795
-0.0244159
  0.130702
-0.0337952
   3.58649
  0.706918
-0.0337822
-0.0314751
  0.147211
-0.0477019
   3.60624
  0.710746
-0.0373566
-0.0271785
  0.131985
-0.0545009
   3.61436
  0.711099
-0.0374488
-0.0263731
  0.121438
-0.0540899
   3.62614
  0.714625
 -0.038375
-0.0206805
   0.12619
-0.0474215
   3.60851
  0.711155
-0.0345495
-0.0193971
  0.135724
 -0.029319
   3.62478
  0.720021
-0.0427285
-0.0297141
   0.13386
-0.0472881
   3.62855
  0.712546
-0.0383267
-0.0286211
  0.129605
-0.0368579
   3.59153
  0.702918
-0.0327659
-0.0246732
  0.123748
 -0.043783
   3.59894
   0.70693
-0.0314223
-0.0296548
   0.14457
-0.0350931
   3.62676
  0.711306
-0.0330111
-0.0283753
  0.135434
-0.0503316
   3.62419
  0.713741
-0.0316488
-0.0240004
  0.123201
-0.0430551
   3.59157
  0.702898
 -0.032586
-0.0246003
  0.123562
-0.0346166
    3.6204
  0.712575
-0.0348611
-0.0252073
  0.134671
-0.0378205
    3.6146
  0.711002
-0.0426724
-0.0239722
  0.135179
-0.0395993
   3.63957
  0.718372
-0.0374898
-0.0269065
  0.126861
-0.0545598
   3.63486
  0.712031
-0.0373136
-0.0297915
  0.134073
-0.0381263
   3.62275
   0.71108
-0.0296355
-0.0279323
  0.146671
-0.0528001
   3.63154
  0.717505
-0.0427949
-0.0289815
  0.130053
-0.0431893
   3.61893
  0.710124
-0.0335595
-0.0248637
   0.13373
-0.0254711
     3.603
  0.707367
-0.0293402
-0.0202949
  0.122358
-0.0425672
   3.62294
  0.709707
-0.0318786
-0.0313436
  0.136579
-0.0477139
    3.6049
  0.707978
-0.0415696
-0.0259049
  0.132522
-0.0393715
    3.6197
  0.715721
-0.0337499
-0.0239703
  0.135541
-0.0439974
   3.61249
  0.711093
-0.0415089
-0.0250423
  0.134049
 -0.037669
   3.61143
  0.705876
-0.0361535
-0.0319411
   0.13398
-0.0378638
   3.63219
  0.714579
-0.0363445
-0.0264733
  0.126104
-0.0513861
    3.6105
  0.710528
-0.0314634
-0.0232708
  0.121776
-0.0362336
   3.62939
  0.717679
 -0.041759
-0.0309984
  0.132909
-0.0480449
   3.62066
   0.71127
-0.0327125
-0.0276562
  0.139337
-0.0394281
   3.62396
  0.715479
-0.0381366
 -0.019791
  0.128859
-0.0388316
   3.64376
  0.718509
-0.0316976
-0.0275134
  0.136028
-0.0427268
   3.63962
  0.709941
-0.0385175
-0.0236929
   0.13786
-0.0410749
    3.6423
  0.716222
-0.0328457
 -0.023042
  0.135257
 -0.044102
   3.63181
  0.716326
 -0.032871
-0.0267014
  0.127562
-0.0477996
   3.63673
   0.71285
-0.0342177
-0.0251431
  0.126306
-0.0524837
   3.61204
  0.712492
-0.0338179
-0.0279785
  0.129168
-0.0434842
    3.6323
  0.714713
-0.0339137
  -0.02522
  0.139521
-0.0442945
   3.63622
  0.715539
-0.0340277
-0.0241754
  0.134485
-0.0489886
   3.64372
  0.718614
-0.0340128
-0.0273684
  0.135059
-0.0472741
   3.63175
  0.717555
-0.0404209
-0.0219243
  0.136821
-0.0408687
   3.63648
  0.714321
-0.0340187
-0.0264055
  0.137997
-0.0459762
   3.64263
  0.714329
-0.0340469
-0.0270146
  0.133815
-0.0431302
   3.62683
  0.712041
 -0.035863
-0.0202839
   0.13115
-0.0300746
   3.64337
  0.720518
   -0.0329
-0.0234325
  0.136592
-0.0528301
   3.61918
  0.709081
 -0.036088
-0.0230038
  0.137503
-0.0407676
   3.63989
   0.71655
-0.0387256
-0.0317902
  0.129314
-0.0557906
   3.62969
  0.717105
-0.0404539
-0.0265212
  0.138433
-0.0408012
   3.63378
  0.717349
-0.0415906
-0.0239997
  0.133105
-0.0405843
   3.60748
  0.706266
-0.0358271
-0.0216963
  0.133423
-0.0294183
    3.6439
  0.717968
 -0.035086
-0.0250184
  0.130966
-0.0447425
   3.62576
  0.707298
-0.0372198
-0.0244032
  0.136635
-0.0345813
   3.62005
  0.714566
-0.0358817
-0.0210525
  0.135049
-0.0387575
   3.62739
  0.709926
-0.0406547
-0.0164545
  0.138419
 -0.046919
   3.62543
  0.716556
-0.0372849
-0.0355887
  0.135316
-0.0457908
   3.62231
  0.712901
-0.0325458
-0.0297407
  0.135923
-0.0309371
   3.59703
  0.706303
-0.0312917
-0.0274648
  0.135453
-0.0284275
   3.60487
  0.707437
-0.0328945
-0.0289754
  0.128309
-0.0488458
   3.58918
  0.704344
-0.0314125
-0.0252234
  0.126614
-0.0355219
   3.62043
  0.711981
-0.0361931
 -0.027897
  0.133705
-0.0466479
   3.59762
  0.712157
-0.0383002
 -0.030121
  0.133218
-0.0514175
    3.5723
   0.70624
-0.0378477
-0.0249373
  0.132559
-0.0354625
    3.5964
  0.707811
-0.0408023
-0.0319307
  0.122452
-0.0565688
   3.59853
  0.709186
-0.0292619
-0.0195717
  0.131958
-0.0459247
   3.61324
  0.716374
-0.0371591
-0.0276203
  0.133043
 -0.049468
   3.60845
   0.71052
-0.0359259
-0.0261424
  0.133806
-0.0381343
   3.59499
  0.706272
-0.0383631
-0.0235892
  0.136249
-0.0511925
   3.60577
  0.713117
-0.0328072
-0.0248265
  0.134687
-0.0558374
   3.58788
  0.700849
 -0.030446
-0.0290398
  0.137251
-0.0383169
   3.57519
  0.702155
-0.0370529
-0.0272828
  0.130176
-0.0424945
   3.59081
  0.706262
-0.0315817
-0.0260925
  0.136113
-0.0474035
   3.59169
  0.711375
-0.0348395
 -0.028397
  0.139232
-0.0494241
   3.59953
  0.713106
-0.0371155
-0.0260538
  0.127912
-0.0496092
   3.59917
  0.706242
-0.0349173
-0.0204838
  0.129058
-0.0442603
   3.58265
  0.705736
-0.0335623
-0.0280049
  0.132871
-0.0365725
   3.58562
  0.702362
-0.0334336
-0.0233514
   0.13116
 -0.025588
   3.60796
  0.712924
-0.0336623
-0.0227354
  0.131645
-0.0418145
   3.58901
  0.706094
-0.0336541
-0.0192135
  0.143321
-0.0449558
   3.61237
  0.711473
-0.0359356
-0.0268451
  0.136372
-0.0380684
    3.6175
  0.715359
 -0.038332
-0.0313865
  0.130274
-0.0462266
   3.58889
  0.705771
-0.0314418
-0.0256865
   0.13469
-0.0405612
   3.59454
  0.707884
-0.0327063
-0.0280539
  0.137816
-0.0476296
   3.58377
  0.709578
-0.0369498
-0.0317036
  0.135794
-0.0425443
   3.59442
  0.709037
-0.0303523
-0.0219122
  0.136225
-0.0461058
    3.6023
  0.710277
-0.0316707
 -0.025096
  0.136496
-0.0525978
   3.57213
  0.706773
-0.0389742
-0.0244121
  0.124002
-0.0359303
   3.60858
  0.709304
-0.0383313
-0.0314108
  0.131595
-0.0420377
   3.60489
  0.709116
-0.0346927
 -0.017853
  0.141704
-0.0377545
   3.59321
  0.705604
-0.0332684
-0.0242359
  0.140288
-0.0191265
   3.57953
  0.701553
-0.0347183
-0.0227376
  0.122787
-0.0352335
   3.60661
  0.708659
-0.0340936
 -0.031514
  0.132668
-0.0536007
    3.5848
  0.705414
-0.0325088
-0.0253327
  0.127368
-0.0387154
   3.58361
  0.701973
-0.0335988
-0.0239656
   0.13391
-0.0346998
   3.59057
  0.707534
-0.0314475
-0.0246985
  0.136309
-0.0434523
   3.58979
  0.709673
-0.0415318
-0.0351332
  0.124735
-0.0419951
   3.57091
  0.703067
-0.0333747
-0.0285186
  0.136578
-0.0296307
   3.59467
  0.707756
-0.0303944
-0.0232691
  0.135936
-0.0454739
   3.57931
  0.711712
 -0.041413
-0.0275087
   0.14821
-0.0526292
    3.5911
  0.704451
-0.0329089
 -0.031013
  0.138658
-0.0532175
   3.58441
  0.707636
-0.0357482
-0.0227803
   0.13438
-0.0394398
    3.5963
  0.709674
-0.0305647
-0.0241382
  0.145435
-0.0573555
   3.60023
  0.709852
-0.0338948
-0.0286009
  0.133153
-0.0502918
   3.60064
  0.708368
-0.0315889
 -0.024263
  0.127091
-0.0453004
    3.5776
   0.70063
-0.0315582
-0.0298981
  0.141899
-0.0437245
   3.59453
  0.708279
-0.0314347
-0.0227079
  0.127286
-0.0413595
   3.58418
  0.708033
-0.0346961
-0.0264925
  0.125932
-0.0399324
   3.59271
  0.707945
-0.0310559
-0.0199558
  0.134326
-0.0251861
   3.59887
  0.707543
-0.0302539
-0.0270391
  0.145722
-0.0354329
   3.60372
   0.70404
-0.0337498
-0.0284083
  0.138465
-0.0332834
   3.60118
  0.706608
-0.0325578
-0.0209616
  0.131264
 -0.037388
   3.59242
  0.707274
-0.0283664
-0.0379796
  0.144492
-0.0498264
   3.59823
  0.709611
-0.0361483
-0.0298702
  0.138548
-0.0524041
   3.60874
  0.708472
-0.0330276
-0.0306249
   0.13486
-0.0555668
   3.59144
  0.703753
-0.0337211
-0.0236235
  0.131439
 -0.039328
     3.618
  0.712782
 -0.036316
-0.0352294
  0.134745
-0.0517844
   3.62265
  0.711583
-0.0304903
-0.0272969
  0.137834
-0.0395193
   3.60283
  0.717166
-0.0356546
-0.0253716
  0.130976
-0.0373864
   3.58763
  0.710882
-0.0359183
-0.0262599
  0.124215
-0.0477551
   3.59563
  0.703542
-0.0335822
-0.0273935
  0.141225
 -0.029287
   3.59273
  0.697346
-0.0339384
-0.0304093
  0.129995
-0.0361663
   3.62028
  0.713468
-0.0402873
-0.0220104
  0.132544
-0.0334697
   3.62169
  0.715346
-0.0429204
-0.0299745
  0.135367
 -0.052255
   3.62183
   0.71562
 -0.034815
-0.0228621
  0.136578
-0.0413444
   3.61199
  0.712684
-0.0382671
-0.0276154
  0.127044
-0.0434125
    3.6292
  0.710197
-0.0362864
-0.0261717
  0.143768
-0.0468461
   3.61496
   0.70995
 -0.034833
-0.0174173
  0.132485
-0.0396015
   3.63568
  0.718222
-0.0383526
-0.0201875
  0.129046
-0.0479781
   3.63847
  0.714949
 -0.036334
-0.0225745
   0.13931
-0.0527947
   3.61665
  0.711801
-0.0369767
-0.0162112
  0.132948
-0.0378736
   3.62257
  0.711618
-0.0325843
-0.0310986
  0.135634
-0.0303051
   3.62855
  0.713273
-0.0371485
-0.0228586
  0.135602
-0.0394125
   3.63974
  0.717902
-0.0362992
-0.0283048
  0.139219
-0.0517114
   3.63082
  0.711097
-0.0352758
-0.0351836
  0.139497
-0.0472063
   3.63656
  0.713961
-0.0397602
-0.0246764
   0.13586
 -0.054743
   3.62819
  0.714414
-0.0329121
-0.0269042
  0.141141
 -0.051475
   3.62307
  0.718756
-0.0391463
-0.0281935
   0.13427
-0.0356063
   3.63409
   0.71583
-0.0327919
-0.0279028
  0.144851
-0.0445019
   3.63095
  0.711869
-0.0360738
-0.0242006
  0.141306
-0.0383672
   3.64349
  0.719364
-0.0352481
-0.0295741
  0.138183
-0.0543539
   3.64632
  0.716846
-0.0362637
-0.0239429
  0.144349
-0.0480797
   3.63456
  0.713459
-0.0373344
-0.0302547
  0.142149
-0.0431654
   3.63953
  0.718777
-0.0439701
-0.0280725
  0.131184
-0.0451091
   3.64282
  0.714411
-0.0339472
-0.0189023
  0.135721
-0.0431532
   3.64471
  0.714406
-0.0374667
-0.0266736
  0.137777
-0.0472282
   3.62761
  0.716154
-0.0343623
-0.0283142
  0.128398
-0.0686937
   3.63111
  0.711296
-0.0371849
-0.0227608
  0.141108
-0.0380393
   3.64061
  0.723062
 -0.043935
-0.0284271
  0.132427
 -0.049253
   3.64755
   0.72089
-0.0361208
-0.0166365
  0.131063
-0.0480041
   3.62413
   0.71426
-0.0359231
-0.0280419
  0.140174
-0.0356681
     3.623
  0.718618
-0.0369634
-0.0324311
  0.134379
-0.0356301
   3.62562
  0.708461
-0.0349459
-0.0182975
  0.135138
-0.0376404
   3.62485
  0.711642
-0.0359316
-0.0208612
  0.133808
-0.0346031
   3.60276
  0.708426
-0.0348344
-0.0238479
  0.130867
-0.0402311
   3.62576
  0.715687
-0.0338135
-0.0286349
  0.130406
-0.0411392
   3.59905
  0.706622
-0.0293429
-0.0222866
  0.131381
-0.0446598
   3.60014
  0.710262
-0.0384596
-0.0309692
   0.14271
-0.0568311
    3.5936
  0.703381
 -0.042492
-0.0254244
  0.131847
-0.0292641
   3.61848
     0.713
-0.0381827
-0.0138202
  0.134461
-0.0450199
   3.60423
  0.710828
-0.0334914
-0.0300298
  0.139148
-0.0295127
   3.61107
  0.707488
-0.0326845
-0.0303847
  0.127742
-0.0344529
   3.63256
  0.714094
-0.0328341
-0.0199414
   0.14143
-0.0485977
   3.63491
   0.72157
-0.0369895
-0.0264635
  0.144073
-0.0400398
   3.64563
  0.719562
-0.0328193
-0.0233021
  0.129753
-0.0454657
   3.65923
    0.7228
-0.0329973
-0.0289613
  0.134025
-0.0498956
   3.63477
  0.713142
-0.0325769
-0.0246669
  0.137252
-0.0296754
   3.64136
  0.720365
 -0.037283
 -0.024484
  0.140835
-0.0503234
   3.63291
  0.711526
-0.0350616
-0.0305137
  0.137699
-0.0381065
   3.61216
   0.71247
-0.0358106
-0.0218835
  0.121179
-0.0344698
   3.62308
  0.709978
-0.0362258
 -0.022869
  0.136361
-0.0476651
   3.61202
  0.713284
-0.0326443
-0.0231255
   0.13906
-0.0482434
    3.5835
  0.702748
 -0.034668
-0.0220773
  0.137894
-0.0372075
     3.586
  0.700518
-0.0347202
-0.0233406
  0.130858
-0.0337944
   3.57977
  0.700368
-0.0324877
-0.0269685
  0.135148
-0.0366645
   3.54629
  0.693912
-0.0279531
-0.0222286
   0.14373
-0.0419053
    3.5516
  0.696851
-0.0371938
-0.0276206
  0.134252
-0.0539075
    3.5156
  0.692888
-0.0309372
-0.0192698
  0.134125
-0.0357322
   3.44378
  0.672402
-0.0108894
-0.0187185
  0.130456
-0.0443766
   3.40394
  0.684495
-0.0243604
-0.0194698
  0.130108
-0.0354436
   3.34977
  0.630404
-0.0522015
  -0.03016
  0.112587
-0.0333572
   3.28595
  0.631335
-0.0325959
-0.0129912
  0.115716
-0.0395753
   3.25168
  0.653707
-0.0207119
-0.0276616
   0.12213
-0.0449329
   3.19848
  0.634318
-0.0261614
-0.0177793
  0.116082
-0.0416207
   3.17972
  0.616592
-0.0556355
-0.0170708
  0.099575
-0.0434988
   3.14767
  0.630638
-0.0279354
-0.0198871
  0.112374
-0.0339952
   3.17592
  0.642905
-0.0124562
-0.0108133
  0.102254
-0.0492555
   3.16663
   0.63779
-0.0524976
-0.0232356
  0.109058
-0.0362641
    3.16369
   0.568146
-0.00766087
 -0.0262193
    0.11742
 -0.0380282
   3.19141
  0.674199
-0.0416295
-0.0209844
  0.103045
-0.0422025
   3.21379
  0.630027
-0.0529628
-0.0226208
  0.107406
 -0.036618
     3.2133
    0.64254
 -0.0414739
-0.00588238
  0.0977509
 -0.0481083
    3.23666
   0.676096
 -0.0306153
-0.00856377
   0.101131
 -0.0388135
   3.25492
  0.676627
-0.0309897
-0.0207854
  0.114794
 -0.041104
   3.22502
  0.597879
-0.0274437
-0.0266774
  0.103155
-0.0331487
    3.25209
   0.644005
  -0.039047
-0.00804631
  0.0968097
 -0.0538642
     3.2695
     0.6759
0.000909854
 -0.0186869
    0.10829
 -0.0342993
   3.28153
   0.64073
 -0.079469
-0.0235436
  0.100362
 -0.028588
   3.27065
   0.57929
-0.0231068
-0.0235035
  0.110261
-0.0196373
    3.2645
  0.634187
-0.0138165
-0.0220993
  0.116827
-0.0257508
     3.265
  0.631699
0.00606827
 -0.021519
  0.110706
-0.0257942
    3.25231
   0.652566
 -0.0197278
-0.00782791
     0.0985
 -0.0246743
   3.26124
  0.620123
-0.0703285
-0.0293278
  0.104571
-0.0398677
    3.25036
   0.604837
-0.00788359
 -0.0246695
   0.106554
 -0.0188023
    3.28519
   0.680012
-0.00301609
 -0.0109673
    0.10334
 -0.0438127
   3.27999
  0.674928
-0.0220697
-0.0169482
 0.0967187
-0.0435056
   3.28648
  0.637011
-0.0632632
-0.0167233
 0.0848203
-0.0346854
   3.31023
  0.632237
-0.0317057
-0.0175532
 0.0958856
-0.0449332
    3.29543
   0.671511
 -0.0100166
-0.00687037
  0.0902622
 -0.0297136
   3.30648
  0.667403
-0.0618799
-0.0127656
 0.0831998
 -0.046965
   3.35555
  0.687034
-0.0687712
-0.0191904
 0.0854532
-0.0572545
   3.33953
  0.648989
-0.0367435
-0.0180068
 0.0937868
-0.0242531
   3.36578
  0.651044
 0.0187613
-0.0214251
  0.106187
-0.0362294
   3.39085
  0.714141
-0.0333183
 -0.014059
 0.0938564
-0.0562393
   3.40295
  0.642254
 -0.047007
-0.0198401
 0.0934728
-0.0204131
   3.44307
  0.710432
 -0.045752
-0.0290958
  0.102367
-0.0408074
   3.44583
  0.680596
-0.0405733
-0.0239919
  0.100146
 -0.024651
   3.45677
  0.686892
-0.0168031
-0.0283907
  0.114588
 -0.020225
   3.47116
  0.716059
-0.0126948
-0.0114056
  0.113073
-0.0349925
   3.54018
  0.665469
-0.0169886
-0.0220348
  0.121346
-0.0284433
   3.52108
  0.712974
 -0.021931
-0.0276603
  0.109167
-0.0117181
   3.53032
  0.680683
-0.0402299
-0.0284211
  0.103627
-0.0291345
   3.49487
  0.728307
-0.0730969
-0.0290055
  0.104726
-0.0284344
    3.4818
  0.712867
-0.0377631
-0.0327155
  0.114849
-0.0218594
   3.51291
  0.666086
-0.0284789
-0.0326619
  0.107393
-0.0223904
   3.53057
  0.699887
 -0.063264
  -0.01256
  0.105781
-0.0187356
   3.48489
  0.646301
 0.0203664
-0.0103072
  0.119339
-0.0163575
   3.54923
  0.726557
-0.0462162
-0.0161919
  0.108533
-0.0185829
    3.52532
   0.667066
  0.0269335
 -0.0225421
   0.112681
-0.00610997
    3.57098
   0.722656
 -0.0243501
 -0.0107039
   0.122377
-0.00823554
   3.59299
  0.733894
-0.0178047
 -0.012884
  0.105056
-0.0187492
    3.58867
   0.715229
-0.00704822
  -0.028631
   0.113929
-0.00828879
   3.66631
  0.756396
-0.0891057
-0.0213117
  0.111368
 -0.012567
   3.64792
  0.745285
0.00525596
-0.0292226
  0.122712
-0.0207665
   3.68078
   0.78377
-0.0887474
-0.0154047
   0.10173
-0.0332695
   3.65308
  0.695412
-0.0115121
-0.0223507
  0.110116
-0.0191205
   3.70256
  0.778346
-0.0160491
-0.0265709
  0.132293
-0.0172137
   3.71989
  0.729905
-0.0229062
-0.0154607
  0.125856
-0.0199957
    3.75428
   0.759582
-0.00683721
 -0.0209901
   0.122424
 -0.0241694
      3.785
   0.742934
 -0.0629642
 -0.0224111
    0.12489
-0.00543588
   3.78097
  0.751083
-0.0136174
-0.0237003
  0.118548
0.00123759
   3.82486
   0.75794
-0.0617333
-0.0275525
  0.124066
0.00556388
     3.85632
    0.765133
-0.000601288
  -0.0202132
    0.121034
  0.00687497
    3.89885
   0.824195
 -0.0532285
 -0.0147357
   0.115149
-0.00230439
    3.88347
   0.745261
 -0.0176723
 -0.0181932
   0.113728
-0.00550892
    3.91458
   0.817712
 -0.0604251
 -0.0235478
    0.11982
-0.00835292
   3.90487
  0.778316
0.00800197
-0.0221195
  0.118456
0.00771972
    3.97337
   0.813857
 -0.0832754
 -0.0209174
   0.123797
-0.00340594
   3.95616
  0.780166
-0.0257179
 -0.020626
  0.120461
 0.0120901
    4.0014
  0.890552
-0.0287173
-0.0257056
  0.139865
-0.0087713
    4.03614
   0.828847
  -0.065138
  -0.017455
   0.128319
0.000227272
   4.05611
  0.831639
-0.0539955
-0.0196291
  0.130683
0.00524479
   4.13275
  0.920975
-0.0459142
-0.0278324
  0.137476
-0.0124579
   4.12783
  0.815594
 0.0116511
-0.0225788
  0.156402
0.00415383
   4.14015
  0.870598
-0.0613251
-0.0265134
  0.136964
 0.0218596
   4.15738
  0.812775
0.00114817
-0.0231105
  0.154315
 0.0137067
   4.22583
  0.903518
-0.0449302
-0.0189393
  0.151306
 0.0174483
   4.20463
  0.859191
-0.0451573
-0.0271162
  0.147028
 0.0152197
   4.21445
  0.834398
 -0.066929
-0.0284696
  0.155918
 0.0249242
   4.23008
  0.858217
0.00980311
-0.0118907
  0.165496
 0.0277487
   4.28422
   0.88266
-0.0268695
-0.0244403
   0.17143
  0.028879
    4.29267
   0.881571
-0.00806237
 -0.0220865
   0.162635
   0.024549
   4.33071
  0.932086
-0.0775155
-0.0286383
  0.158016
 0.0177313
   4.36036
  0.846047
 -0.033364
-0.0303784
  0.157863
 0.0294245
   4.39612
   0.91664
-0.0327433
-0.0309955
   0.17312
 0.0258913
   4.43719
  0.936808
-0.0372101
-0.0194524
  0.166857
 0.0231083
    4.4226
  0.891674
-0.0347997
-0.0242175
  0.172282
  0.040657
   4.47196
  0.955876
-0.0473852
-0.0240114
  0.162236
 0.0164393
    4.51698
   0.949162
-0.00635185
 -0.0200231
   0.176107
  0.0228859
    4.5532
  0.961931
-0.0886724
-0.0232359
  0.156573
 0.0156054
   4.58117
  0.928648
-0.0335986
-0.0364255
  0.175224
 0.0345751
    4.6268
   1.03878
-0.0194165
-0.0225717
    0.1828
 0.0217621
   4.69842
   0.99553
0.00127364
-0.0281386
  0.190424
  0.037637
   4.82342
  0.980225
-0.0631889
-0.0443226
  0.201522
  0.030388
   4.85535
   1.03995
-0.0650498
-0.0370635
  0.177129
 0.0303723
   4.91853
   1.08023
-0.0253828
-0.0363014
  0.195088
 0.0192349
    4.9419
   1.11445
-0.0598717
-0.0374814
   0.20467
 0.0285232
   4.98198
    1.0112
-0.0538842
  -0.02644
  0.193241
 0.0532198
    5.02655
     1.0875
0.000532686
 -0.0286715
   0.196475
   0.054067
   5.09651
   1.12498
-0.0316537
-0.0335565
  0.210651
 0.0393711
   5.12513
   1.10792
-0.0904834
-0.0376838
  0.206158
 0.0488325
   5.15929
    1.0854
-0.0672846
-0.0251686
  0.200964
 0.0389062
   5.21637
   1.13333
-0.0352412
-0.0381183
  0.216392
 0.0514691
   5.26915
   1.15662
-0.0682482
-0.0312166
  0.219034
 0.0549075
   5.34985
   1.14583
-0.0321447
-0.0388013
  0.223057
 0.0670299
   5.38409
   1.18681
-0.0815396
-0.0348746
   0.23151
 0.0406742
   5.38897
    1.1745
-0.0118686
-0.0397979
  0.249193
  0.078673
    5.48672
    1.21677
-0.00320542
 -0.0368154
   0.243728
  0.0690229
   5.56132
   1.22411
-0.0668006
-0.0466775
  0.245229
 0.0702786
   5.56461
   1.20056
-0.0315336
-0.0500857
  0.252671
  0.100798
   5.60914
   1.25965
-0.0441011
 -0.043394
  0.252331
 0.0785453
   5.65834
   1.25267
 -0.114892
-0.0400269
  0.242172
  0.088287
   5.68261
   1.22678
-0.0455863
-0.0522531
  0.270832
 0.0983728
   5.72235
   1.26107
-0.0339107
 -0.045972
  0.264141
 0.0814519
   5.75082
   1.30804
-0.0269569
-0.0509804
  0.257644
 0.0918954
   5.79846
   1.28235
-0.0544149
-0.0393014
  0.279325
  0.113529
    5.8745
   1.31059
-0.0569984
-0.0402362
  0.267567
  0.103847
   5.95201
   1.37824
-0.0359327
 -0.046101
  0.278985
  0.109656
   6.00345
   1.36972
-0.0667765
-0.0544007
  0.287175
  0.125695
   6.05556
   1.35889
-0.0754476
-0.0503209
  0.293622
  0.118724
   6.11171
   1.41156
-0.0798426
 -0.056676
  0.300541
  0.125834
   6.13112
   1.39838
-0.0278903
-0.0571724
  0.301174
  0.129433
   6.20673
   1.42221
-0.0283124
-0.0444405
  0.311296
  0.163564
   6.25046
   1.46469
-0.0492532
-0.0580533
  0.312067
  0.151847
   6.32378
   1.42447
-0.0624784
-0.0460131
  0.300769
  0.155947
    6.4023
   1.45945
-0.0779606
-0.0642737
  0.312776
  0.172258
   6.44738
   1.47139
-0.0756674
-0.0536831
  0.323444
  0.169505
   6.50531
   1.51582
-0.0755645
 -0.060837
  0.316126
  0.189173
    6.4963
   1.50062
-0.0630951
-0.0643604
  0.321771
   0.18578
   6.53871
   1.54212
-0.0405651
-0.0549627
  0.327155
  0.176824
   6.67448
   1.55317
-0.0541183
-0.0584194
  0.331219
  0.180316
   6.73019
   1.55296
 -0.057033
-0.0676916
  0.340387
  0.203075
   6.79695
   1.63215
-0.0800255
-0.0661931
  0.333826
  0.203998
   6.86768
   1.63912
-0.0581085
-0.0637617
  0.336566
  0.209597
   6.91403
   1.65365
 -0.075652
-0.0662122
  0.351645
  0.213814
   6.96743
   1.62773
 -0.082933
-0.0654473
  0.348364
  0.229925
   7.05722
   1.70471
-0.0593392
-0.0735474
  0.361813
  0.225736
   7.10562
   1.71045
-0.0663579
-0.0666273
  0.356461
  0.230611
   7.19208
   1.71161
-0.0987774
-0.0615472
  0.339355
  0.229167
    7.2637
   1.76145
-0.0689143
-0.0586772
  0.370953
  0.247221
    7.3471
   1.76695
-0.0480765
-0.0609541
  0.380219
  0.259841
   7.37933
   1.79608
-0.0217434
-0.0754799
   0.37408
  0.259707
   7.46469
   1.80302
 -0.056928
-0.0746814
  0.381317
  0.290753
   7.54944
   1.85855
 -0.104766
-0.0711817
  0.392378
  0.299619
   7.62735
   1.85205
-0.0555481
 -0.071768
  0.411249
  0.311447
   7.66103
   1.87676
  -0.10202
-0.0655961
    0.3866
  0.309895
   7.71282
   1.93982
 -0.090184
-0.0736164
  0.402989
  0.324908
   7.80973
   1.89493
-0.0621322
 -0.074646
  0.419989
  0.341913
    7.9536
   2.03517
-0.0618062
-0.0762567
  0.437888
  0.338189
   8.03285
    1.9755
-0.0608357
-0.0848933
  0.430961
  0.340469
   8.07695
   2.00159
-0.0922511
-0.0736275
  0.428674
  0.382869
   8.15721
   2.08564
 -0.107623
-0.0720056
  0.439524
  0.387558
   8.19834
    2.0494
-0.0832302
-0.0755443
  0.441978
  0.398873
   8.39863
   2.14174
-0.0557898
-0.0732457
  0.478439
  0.407066
   8.49399
   2.13862
-0.0542372
 -0.090589
  0.481641
  0.437621
   8.51789
    2.1608
-0.0785723
-0.0862922
  0.468878
   0.43349
   8.60803
   2.19991
-0.0808159
-0.0938936
  0.478003
  0.441872
   8.72574
   2.26297
-0.0787883
 -0.101091
  0.481939
  0.443845
   8.91192
   2.31781
-0.0889594
-0.0937023
  0.494427
  0.485425
   9.03481
   2.26877
-0.0650904
-0.0830682
  0.512509
  0.499088
    9.0678
   2.38599
-0.0730895
-0.0891213
  0.493251
  0.482699
   9.12359
   2.36812
-0.0688739
-0.0855488
  0.503412
  0.488481
   9.40687
   2.52249
 -0.117238
-0.0849551
  0.514992
  0.527907
   9.56056
   2.50852
 -0.103358
-0.0995255
  0.525797
   0.56998
  9.78176
  2.56237
-0.116438
-0.101227
 0.530118
 0.606925
   9.80432
   2.64463
-0.0681515
 -0.106128
  0.552018
  0.601737
   9.99425
   2.75564
 -0.092972
-0.0956004
  0.559235
  0.613273
  10.1946
  2.71862
 -0.12301
-0.111692
 0.585187
 0.660093
  10.5329
  2.86739
-0.111208
-0.101055
  0.59163
  0.70548
  10.6043
  2.89832
-0.078877
-0.105616
 0.600057
 0.725675
   10.7154
   3.00019
-0.0846245
 -0.110236
  0.615792
  0.734857
   10.854
  3.03616
-0.112754
-0.111269
 0.624579
 0.760578
  11.1818
  3.02998
-0.124145
-0.120913
 0.647607
 0.851939
  11.4639
  3.33404
-0.133242
-0.128336
 0.676293
 0.865103
  11.6901
  3.20139
-0.119585
-0.134321
 0.675926
  0.92939
  11.5406
   3.2883
-0.115764
-0.122094
 0.686219
 0.902395
   11.0077
   3.15207
-0.0585166
 -0.111548
  0.679319
  0.809744
   10.6253
   2.97033
-0.0510836
 -0.114881
  0.649749
  0.794321
  10.4078
  2.88074
-0.101647
-0.129114
 0.633179
 0.773285
  10.1153
  2.83177
-0.111377
-0.122779
 0.607874
 0.728999
   9.8265
  2.73064
-0.114817
-0.114996
 0.590094
 0.705266
   9.63126
   2.67958
-0.0489836
 -0.115316
  0.567513
  0.689943
   9.40266
   2.63192
-0.0865454
 -0.104096
  0.535832
  0.671536
   9.29911
   2.56066
-0.0600612
-0.0935226
  0.519847
  0.657156
   9.12144
   2.64301
-0.0805171
-0.0914468
  0.513932
  0.629029
   9.09979
   2.48258
-0.0667374
-0.0933458
   0.49386
  0.620331
   8.90237
   2.45202
-0.0855999
-0.0897331
  0.474522
  0.631641
   8.78038
    2.4698
-0.0547556
-0.0948223
  0.470441
  0.598492
   8.70938
   2.43779
-0.0501032
-0.0858576
  0.460315
  0.602229
   8.57117
   2.37434
-0.0923894
-0.0794165
  0.451013
  0.602167
   8.38014
   2.25866
    -0.063
-0.0913553
  0.432209
  0.592153
   8.15547
   2.31299
-0.0625015
-0.0672684
  0.407398
  0.542545
   8.11621
   2.25781
-0.0460568
-0.0775316
  0.404958
  0.565019
     7.90438
     2.21765
-0.000816768
  -0.0725658
    0.395569
    0.550766
   7.86782
   2.17781
-0.0648216
-0.0793011
  0.379048
   0.54247
   7.61872
   2.05628
-0.0615255
-0.0763657
  0.367399
  0.541368
   7.39828
    2.0993
-0.0799262
-0.0749644
  0.345489
  0.510581
    7.3408
   1.98888
-0.0257648
-0.0693513
  0.355955
  0.507507
   7.14014
   1.98134
-0.0641141
-0.0686095
  0.339573
  0.490338
   7.03419
    1.9106
 -0.053804
-0.0685042
  0.323654
  0.476149
   6.90754
   1.92196
-0.0699341
-0.0741557
  0.316726
  0.445661
    6.68219
    1.75048
-0.00701084
 -0.0686187
   0.312288
   0.472832
   6.61656
   1.85041
-0.0800712
-0.0571943
  0.301472
   0.47021
   6.33905
    1.7532
-0.0162915
-0.0570553
  0.299335
   0.44285
   6.23215
    1.7128
-0.0674553
-0.0677231
  0.277879
  0.415445
   5.95915
   1.63478
-0.0321968
-0.0472819
   0.26996
  0.417395
   5.90863
   1.59236
-0.0239223
-0.0525988
  0.263843
  0.398996
   5.79366
   1.64443
  -0.06813
-0.0452599
  0.250124
  0.361296
    5.6024
   1.46875
 0.0140633
-0.0335933
  0.242802
  0.386001
   5.41604
   1.49706
-0.0570963
-0.0498695
  0.231852
  0.378507
    5.1813
   1.36693
 0.0103909
-0.0388402
  0.222323
  0.361758
   5.08405
   1.41242
-0.0851454
-0.0406803
   0.19656
  0.320105
   4.84589
   1.24265
-0.0626777
-0.0383391
  0.196052
  0.333391
   4.69328
   1.25934
 -0.065941
-0.0393227
  0.179347
  0.306203
   4.54978
   1.26471
-0.0446533
-0.0303171
  0.177433
  0.288774
   4.38684
   1.15333
   0.03082
-0.0361879
  0.177637
  0.273638
   4.33936
    1.2173
-0.0660973
-0.0345356
  0.161785
  0.265845
   4.20469
   1.09131
-0.0315849
-0.0368743
  0.163917
  0.264738
   4.05778
   1.06578
-0.0554213
-0.0313489
  0.165941
  0.239133
  3.86191
  1.00936
0.0378128
-0.027669
 0.148041
 0.231904
   3.76575
   1.03314
-0.0442411
-0.0238772
  0.131455
  0.225304
   3.69407
  0.964911
 0.0251596
-0.0396782
  0.144176
   0.20731
   3.61062
  0.942834
-0.0177501
-0.0248799
   0.12817
  0.219238
   3.48516
  0.868058
-0.0652102
-0.0186449
  0.111237
  0.217247
    3.3169
  0.835045
-0.0121936
-0.0187345
 0.0943952
  0.190527
    3.21296
   0.883995
-0.00307224
 -0.0198728
  0.0985096
   0.190176
   3.20757
  0.870239
-0.0368191
-0.0220682
 0.0858913
  0.156087
   3.07859
  0.764801
-0.0450084
-0.0255222
 0.0802786
   0.16882
   2.98425
  0.799751
-0.0605872
-0.0132487
 0.0719195
  0.170034
   2.84963
  0.737053
  0.018288
-0.0174963
 0.0736616
  0.164588
   2.78625
  0.752234
-0.0220307
-0.0209068
 0.0772995
  0.145958
   2.74555
  0.685048
 -0.044109
-0.0250445
 0.0680364
  0.141786
    2.66808
   0.747774
-0.00119011
 0.00308656
  0.0820655
   0.136147
   2.61426
  0.699504
-0.0235142
-0.0264172
 0.0722926
  0.133276
   2.51352
  0.624543
-0.0110921
-0.0213006
 0.0526891
  0.130915
   2.44676
  0.600621
-0.0489831
-0.0189426
 0.0519845
  0.129931
     2.36254
    0.618748
  -0.0197207
-0.000786406
   0.0479414
    0.130943
   2.33365
  0.644236
-0.0360339
-0.0156865
  0.044839
  0.114367
   2.22721
  0.549524
 0.0254416
-0.0144727
 0.0498144
  0.139398
    2.1877
  0.578134
 -0.045857
-0.0152884
 0.0478374
  0.129821
     2.1071
   0.478626
-0.00539939
  -0.010219
  0.0488959
   0.131164
   2.04679
  0.497964
-0.0166649
-0.0187648
 0.0475213
  0.129837
    2.00328
   0.553251
-0.00526803
 -0.0127692
  0.0443287
  0.0891542
    1.94803
   0.442391
  0.0161925
-0.00908408
  0.0467582
   0.113301
  1.90696
 0.467938
0.0328556
-0.015835
 0.044876
 0.107355
    1.82655
   0.404955
 -0.0617102
-0.00223696
  0.0340597
  0.0982203
    1.74175
   0.478007
 -0.0375613
-0.00593379
  0.0237987
   0.103562
    1.69503
   0.428262
  0.0290967
-0.00830881
  0.0241981
  0.0885161
    1.6955
  0.471079
-0.0169624
-0.0155389
 0.0296128
 0.0688282
    1.60752
     0.3316
 -0.0172335
-0.00718651
  0.0136615
   0.091972
   1.56516
   0.38116
-0.0371039
-0.0129803
 0.0206328
  0.063085
    1.49453
   0.401754
-0.00690818
-0.00734981
  0.0198098
  0.0599926
    1.4869
   0.40754
-0.0123189
-0.0151696
 0.0229239
 0.0659781
    1.44711
   0.282855
 -0.0287851
-0.00648193
 0.00960497
  0.0631868
   1.37598
  0.323007
-0.0134073
-0.0104367
0.00479348
   0.06778
    1.34219
   0.345608
   0.021003
-0.00346456
  0.0190997
  0.0657685
    1.3188
  0.328644
-0.0425072
-0.0121452
0.00200644
 0.0350521
    1.26277
   0.312704
 -0.0308966
-0.00812638
  0.0174791
   0.043083
    1.24147
   0.307086
   0.019636
-0.00152824
  0.0164548
  0.0498592
   1.17341
  0.279642
-0.0283533
0.00154038
0.00559559
 0.0504972
     1.16478
    0.316746
  -0.0508218
 -0.00618625
-0.000866541
    0.046923
    1.13478
   0.284938
 -0.0192416
-0.00770741
 0.00747025
  0.0342442
    1.08213
   0.180474
  0.0056061
 -0.0054482
-0.00242406
  0.0552463
    1.08213
   0.290887
 -0.0168295
0.000443882
  0.0154335
  0.0509788
    1.06518
   0.273707
-0.00744917
-0.00560438
  0.0141238
  0.0383242
    1.03526
   0.214864
  0.0306534
-0.00523034
  0.0223775
  0.0540454
   0.991044
   0.235722
-0.00673813
-0.00846199
   0.004925
  0.0271043
  0.975003
  0.205644
 0.0124526
-0.0136952
0.00774466
 0.0179265
  0.938956
  0.282377
-0.0116428
-0.0152439
-0.0048768
 0.0269708
   0.925372
   0.188619
 0.00266174
-0.00947129
  0.0128967
  0.0278875
     0.89849
    0.180496
  -0.0250837
-0.000922931
  0.00650682
   0.0253754
   0.865766
   0.214999
 -0.0561685
-0.00360056
-0.00760821
   0.027429
    0.86645
   0.211396
 0.00513257
 -0.0108023
0.000551405
  0.0377909
    0.836878
    0.188719
  0.00733292
-0.000955556
   0.0176574
   0.0454755
    0.825967
    0.171427
  -0.0350153
 -0.00897863
-0.000903238
   0.0174137
   0.781239
   0.204164
 -0.0324619
 -0.0135819
-0.00725571
   0.022059
   0.753996
   0.170014
  0.0281323
-0.00567459
-0.00533757
  0.0113186
    0.714828
    0.170558
  -0.0250382
-0.000415288
 0.000250837
  0.00274444
   0.681052
   0.119351
 -0.0289641
-0.00412861
-0.00317665
  0.0345939
   0.706938
   0.177662
  -0.032438
-0.00482994
-0.00528711
  0.0171312
    0.637513
    0.102083
   0.0578992
-6.11076e-05
  0.00154492
    0.026638
    0.673742
    0.186943
  -0.0107854
 -0.00886819
-0.000363486
  0.00588372
   0.641342
  0.0675552
 -0.0176757
0.000233618
 0.00364251
  0.0334317
  0.608835
  0.181326
-0.0511023
-0.0200157
0.00113447
 0.0287801
   0.595576
   0.113674
   0.023995
-0.00485695
 0.00975036
  0.0140256
   0.606923
   0.163803
 -0.0317242
-0.00110329
-0.00377211
 0.00570532
    0.597264
    0.124918
 -0.00878693
 -0.00211528
-0.000146922
    0.035527
   0.572752
   0.150475
 -0.0292422
-0.00742336
 0.00353804
   0.022062
  0.569925
  0.116821
 0.0367416
 -0.010457
0.00158692
 0.0248814
 0.592898
 0.126965
0.0134399
0.0087848
0.0110555
0.0148448
   0.542021
   0.157964
 -0.0309768
 -0.0111991
-0.00177846
  0.0196784
   0.532844
   0.136471
-0.00571761
 0.00614148
 0.00201631
  0.0182138
    0.525062
    0.159492
  -0.0479529
  -0.0120768
 -0.00466747
-0.000488624
   0.522121
  0.0191405
-0.00679203
-0.00470451
 0.00390839
  0.0263584
   0.510187
   0.134745
-0.00905206
 -0.0099176
 0.00575939
  0.0192045
  0.508249
   0.12676
 0.0187502
0.00824944
 0.0051388
 0.0165292
   0.481454
   0.107262
  -0.008475
-0.00240417
 0.00192392
  0.0126604
   0.482145
  0.0584597
  -0.033252
-0.00489323
-0.00750333
  0.0205858
   0.524648
   0.107712
 -0.0391622
-0.00704669
 0.00698047
 0.00754589
   0.510992
  0.0676734
  0.0886122
-0.00874124
  0.0148141
  0.0344388
  0.486708
  0.164285
-0.0316509
-0.0149483
-0.0106031
 0.0034925
   0.491713
  0.0712908
 -0.0282889
-0.00456061
 0.00253254
  0.0248418
   0.487854
  0.0339618
  0.0309496
-0.00133231
 0.00974506
  0.0252799
  0.477001
  0.136001
 0.0472142
0.00198607
0.00194465
0.00954574
   0.484502
   0.139516
-0.00081257
 0.00402283
-0.00762883
 0.00634673
   0.484389
   0.147935
 -0.0463929
-0.00916958
 -0.0119809
 0.00934604
  0.482479
  0.120071
-0.0827922
-0.0108382
 -0.014423
 0.0171799
    0.479024
    0.198532
  -0.0117441
 -0.00956516
-0.000860034
 -0.00952821
  0.477845
  0.121996
 0.0153141
-0.0118887
 0.0026813
0.00886808
   0.474997
   0.108095
  -0.100097
-0.00566667
-0.00725139
0.000133868
  0.477801
 0.0787745
-0.0333476
-0.0031606
 0.0157145
  0.034295
   0.506318
   0.152394
  0.0204382
0.000397285
 0.00176705
  0.0111371
  0.468425
  0.110962
 0.0799548
 0.0101301
0.00340446
 0.0117574
   0.476576
  0.0379707
 -0.0592778
-0.00335653
-0.00993557
  0.0286279
  0.476939
 0.0800237
 0.0228313
-0.0183876
 0.0082371
0.00761244
  0.495281
  0.162634
 0.0171768
-0.0181503
0.00220302
0.00311961
  0.469535
 0.0497665
 0.0292035
-0.0124603
0.00386903
 0.0273291
   0.489786
  0.0602804
 -0.0582646
-0.00989408
  -0.014841
  -0.001164
   0.467601
  0.0768239
  0.0243603
-0.00536331
-0.00331325
  0.0189904
   0.465052
   0.178618
-0.00735403
-0.00580161
 -0.0140608
  0.0113043
  0.457721
  0.047137
0.00465375
-0.0160286
 0.0112648
 0.0219019
   0.465603
   0.157949
 -0.0760253
 -0.0123219
-0.00648633
 0.00889283
  0.422703
  0.118883
 -0.017511
-0.0201616
0.00365897
 0.0174634
   0.434523
  0.0857707
-0.00403118
 -0.0155915
  0.0158483
  0.0156016
   0.446967
   0.114034
-0.00776013
0.000656069
 0.00470839
  0.0103286
   0.414181
   0.102343
 0.00205832
 -0.0104209
-0.00380608
 0.00689805
   0.418465
  0.0477712
-0.00175197
-0.00968821
  0.0119026
 0.00842563
   0.390698
  0.0967319
 -0.0200535
 -0.0110568
-0.00712305
  0.0126048
  0.373141
 0.0559401
 0.0358427
-0.0140758
 0.0158221
 0.0138199
   0.378796
   0.194433
 -0.0384038
-0.00906123
 -0.0132995
0.000660541
   0.374093
  0.0436115
  0.0032311
 -0.0021492
-0.00238751
   0.016194
     0.39354
    0.129406
  -0.0273454
  -0.0116833
-0.000731299
  -0.0109508
  0.377336
 0.0840067
 0.0295322
0.00134239
 0.0146538
-0.0147374
 0.375775
0.0279927
0.0565875
0.0023662
0.0158471
 0.028283
  0.349118
  0.143526
-0.0227023
-0.0130674
0.00446628
0.00951087
   0.346868
  0.0359174
-0.00244756
 -0.0107454
  0.0185372
  0.0108954
    0.342609
   0.0735554
  -0.0527304
-0.000749454
   0.0054416
 -0.00046061
  0.332487
 0.0718534
 0.0121165
-0.0104942
 0.0198806
0.00777319
   0.318343
   0.123264
  0.0111736
  -0.023165
  0.0129461
-0.00649389
  0.310752
 0.0404238
-0.0487461
-0.0093296
 0.0045258
 0.0136315
  0.290811
   0.08238
-0.0328884
 -0.012017
0.00683805
0.00935968
  0.278919
 0.0712365
-0.0240835
-0.0130021
 0.0138169
 0.0130252
   0.295775
  0.0975669
  0.0178778
-0.00522445
  0.0137391
  0.0140313
   0.290257
  0.0669474
 -0.0180234
-0.00835046
  0.0176679
-0.00917983
   0.262123
  0.0180169
 -0.0280163
-0.00837782
 0.00884104
-0.00285754
   0.24802
  0.106761
-0.0374484
-0.0162318
 0.0100047
 0.0027147
    0.229065
-0.000355296
   0.0476956
  -0.0100533
    0.017467
 0.000690759
   0.246964
  0.0670249
-0.00820468
-0.00903099
  0.0207966
  0.0130771
   0.23193
-0.0496836
  0.030892
-0.0161476
 0.0121755
 0.0202981
   0.218391
  0.0832319
 -0.0189555
 -0.0042996
-0.00440761
-0.00478599
   0.206948
-0.00197036
  0.0548183
0.000585308
  0.0120394
 0.00755946
  0.213101
 0.0607727
-0.0460537
 -0.012514
-0.0017338
 0.0135876
   0.212359
 -0.0262535
  0.0362391
-0.00935924
  0.0218878
   0.014002
  0.195691
 0.0914311
-0.0552556
 -0.018298
0.00452367
 0.0025976
  0.200288
0.00816356
  0.012661
-0.0122753
 0.0134193
0.00671827
  0.207232
 0.0863189
-0.0432539
 -0.017538
 0.0138161
0.00134255
   0.171039
 -0.0348671
  0.0204634
-0.00575958
   0.027369
-0.00618875
   0.166332
  0.0853142
 -0.0461126
-0.00516178
-0.00440759
 0.00139163
   0.153513
 0.00569348
  0.0309416
-0.00554205
  0.0165289
 0.00408628
  0.171103
 0.0988016
-0.0607813
-0.0239175
0.00572405
-0.0169312
    0.15013
   -0.01613
  0.0112917
-0.00950111
  0.0136581
 0.00344815
   0.162619
  0.0560049
 -0.0214485
-0.00892805
 0.00976878
-0.00673975
   0.146953
-0.00197302
  0.0196521
-0.00773706
  0.0132826
 0.00746535
   0.150844
  0.0803374
 -0.0540602
 -0.0112231
 0.00396722
-0.00642264
   0.144969
 -0.0291665
 0.00669034
-0.00459077
  0.0114156
  0.0114138
  0.131888
 0.0112324
-0.0174268
0.00309025
 0.0125749
 0.0152114
   0.122758
 0.00490847
  0.0235347
-0.00490866
  0.0163808
 0.00830644
  0.139559
 0.0661397
 0.0270649
-0.0132402
 0.0182436
 -0.007129
   0.122627
  0.0780031
 -0.0416754
-0.00597487
  0.0166277
 -0.0179266
   0.098681
 -0.0253142
  0.0172031
0.000178427
 0.00336598
 0.00364459
   0.121739
  0.0530574
-0.00894937
 -0.0181221
 0.00643505
-0.00828161
   0.120387
-0.00201039
 -0.0302347
0.000532104
  0.0172978
 0.00263434
  0.102286
 0.0486597
-0.0312042
 -0.014148
 0.0193819
 -0.013715
  0.104758
 0.0215624
-0.0281207
0.00291986
 0.0146212
0.00798233
  0.135854
0.00962505
-0.0473553
-0.0126552
0.00215665
-0.0166161
   0.134115
  0.0261116
  0.0381382
 -0.0161075
  0.0152871
-0.00568137
   0.140502
  0.0538005
-0.00123323
-0.00443244
  0.0138353
  -0.011435
   0.109747
 -0.0287932
 -0.0266064
-0.00711814
  0.0157325
6.03343e-05
   0.149893
  0.0131037
  0.0166651
  -0.002172
  0.0249009
-0.00111279
  0.126976
-0.0116921
 0.0689319
 0.0128423
 0.0315552
0.00760232
   0.108619
-0.00618869
  0.0208053
 -0.0097249
  0.0200435
 -0.0061208
   0.117705
  0.0535227
-0.00901114
-0.00893964
  0.0101687
 -0.0203759
   0.0896109
  -0.0226602
  -0.0162322
  -0.0141292
   0.0185752
-0.000869934
  0.100529
 0.0283685
 0.0149253
-0.0189022
  0.021777
-0.0181922
  0.0750345
  0.0687629
-0.00338454
 -0.0121727
  0.0169943
-0.00708459
  0.0848916
 -0.0473617
  0.0153777
 -0.0151984
  0.0282627
-0.00262835
   0.10849
  0.102414
-0.0611601
 -0.019876
 0.0134716
-0.0253289
  0.0810371
 0.00651283
  0.0147479
-0.00750883
   0.024696
 -0.0100985
  0.0892121
  0.0347621
-0.00227924
-0.00291904
  0.0256824
 -0.0100776
    0.11687
  0.0404067
 -0.0527197
0.000661139
  0.0129548
 -0.0166029
  0.108681
-0.0517834
-0.0126873
-0.0123167
 0.0222395
0.00561576
  0.143159
  0.022884
 0.0278383
-0.0145499
 0.0247089
-0.0161577
   0.137159
  -0.040986
  0.0196288
-0.00725614
  0.0193833
-0.00502046
   0.128215
 0.00853804
-0.00632701
  -0.005268
  0.0257601
 0.00899538
   0.134297
 -0.0192751
  0.0415853
-0.00779747
  0.0303386
-0.00486794
   0.120166
 0.00581371
 0.00657594
 -0.0154539
  0.0168209
-0.00984284
   0.112342
 0.00461232
  0.0203139
-0.00963037
  0.0190221
 0.00292518
   0.125539
  0.0199019
 0.00611517
-0.00580692
  0.0234141
-0.00192825
   0.130432
  0.0169669
-0.00161974
-0.00718178
  0.0340765
 0.00760259
    0.126036
   0.0180208
-0.000623862
 -0.00841157
    0.039885
 -0.00241022
   0.116484
  0.0325418
 0.00446143
-0.00665446
  0.0214345
 0.00493914
   0.144071
  0.0282148
 0.00600624
 -0.0147556
  0.0227499
-0.00602469
   0.117739
  0.0361499
 -0.0168661
-0.00892845
  0.0282137
-0.00673255
   0.122274
  0.0257699
 -0.0179933
-0.00466693
  0.0219095
 0.00993383
   0.118199
  0.0333428
 -0.0169912
 -0.0129991
   0.015088
-0.00344007
   0.150104
  0.0298776
 -0.0108745
-0.00507199
  0.0211188
  -0.016817
  0.133628
 0.0295019
 -0.007017
-0.0162682
  0.041079
0.00494143
   0.126192
  0.0179308
 -0.0129291
-0.00113266
  0.0315346
-0.00428762
   0.141628
  0.0309614
 -0.0172783
-0.00706057
  0.0237277
-0.00636986
   0.142036
  0.0294171
 -0.0150299
-0.00184295
  0.0138676
-0.00376109
   0.106059
  0.0144493
-0.00714097
-0.00741776
 0.00657802
  0.0101425
   0.119399
  0.0294789
-0.00799005
-0.00425223
    0.03378
0.000846669
    0.106267
   0.0224537
 -0.00487745
  -0.0079693
  0.00889684
-0.000503612
  0.127265
 0.0293583
 0.0004313
-0.0164329
 0.0248996
-0.0126154
   0.113682
  0.0177858
-0.00275497
-0.00743012
   0.030656
0.000763006
   0.118186
  0.0248111
-0.00412509
-0.00581781
  0.0226915
 -0.0205509
   0.119784
  0.0268137
-0.00615684
  -0.011306
  0.0335927
 -0.0116667
    0.129856
   0.0288567
 -0.00589761
 0.000499265
   0.0185991
-0.000599598
  0.130058
 0.0279705
-0.0103294
-0.0031645
  0.027675
0.00266444
    0.14871
  0.0266551
-0.00646949
 -0.0077859
  0.0213305
 -0.0133656
   0.136956
  0.0241708
-0.00622656
 -0.0109789
  0.0365214
-0.00385875
   0.111251
  0.0193617
-0.00608146
-0.00681292
   0.027786
-0.00245338
   0.114409
  0.0234019
 -0.0048426
  -0.010264
  0.0300773
0.000614005
    0.12012
  0.0251532
-0.00390011
-0.00922895
  0.0188817
-0.00685087
   0.119524
  0.0196492
-0.00371145
-0.00205906
  0.0190652
 0.00707405
   0.142539
  0.0272033
-0.00282086
-0.00555942
  0.0313371
-0.00503339
   0.132564
  0.0353453
-0.00799852
-0.00314573
  0.0395878
-0.00485668
    0.12653
  0.0243084
 -0.0107294
-0.00753778
  0.0161678
 -0.0100661
   0.107395
  0.0174684
-0.00712663
-0.00913003
 0.00753196
 0.00662893
   0.132783
  0.0237154
-0.00738771
 -0.0137957
  0.0244422
-0.00439598
   0.115461
  0.0188521
-0.00166937
-0.00924225
  0.0321835
-0.00182937
    0.112175
   0.0151993
 -0.00396017
 -0.00343023
   0.0135469
-0.000965846
   0.120542
  0.0147559
-0.00600466
-0.00906859
  0.0244379
   0.014394
   0.128836
  0.0233421
0.000584673
 -0.0145749
  0.0415072
 3.6237e-05
   0.124515
   0.025004
-0.00137547
-0.00597235
  0.0354291
 0.00552095
   0.120137
  0.0252428
-0.00593935
-0.00898254
  0.0176266
 0.00234784
   0.121568
  0.0285041
-0.00793295
-0.00818151
  0.0259771
 0.00820917
  0.130429
   0.02513
-0.0104653
-0.0112884
 0.0135922
0.00595837
   0.126015
   0.028216
-0.00570363
 0.00170528
  0.0322804
 0.00426676
   0.100241
   0.022667
 -0.0044453
-0.00588348
  0.0252403
  0.0129543
   0.121445
  0.0196134
 -0.0152138
  -0.010613
   0.029512
-0.00776154
   0.120185
  0.0162418
-0.00848592
-0.00854002
  0.0278483
-0.00215342
  0.132057
  0.026876
-0.0063507
-0.0125861
 0.0254136
-0.0151543
    0.11212
  0.0156608
-0.00828755
-0.00661876
   0.026712
 0.00404777
    0.140922
   0.0238104
-0.000949458
  -0.0135922
    0.017272
  -0.0132648
    0.11285
  0.0207336
-0.00372719
 -0.0113503
  0.0167752
 0.00582175
   0.113774
  0.0257831
-0.00721513
-0.00790495
  0.0134463
 -0.0101351
   0.135211
  0.0228099
 -0.0029107
-0.00777733
   0.029519
-0.00610821
    0.131581
   0.0296885
-0.000387739
 -0.00573088
   0.0212929
  -0.0032528
     0.12577
     0.01933
  -0.0050248
 -0.00399846
   0.0264624
-0.000942734
   0.124694
  0.0237489
-0.00619441
-0.00438925
   0.021812
 -0.0100869
   0.133511
  0.0304188
 -0.0047466
-0.00658264
  0.0242018
 0.00152481
   0.123287
  0.0207166
-0.00833521
-0.00560943
  0.0148476
0.000252399
   0.128015
  0.0269333
 -0.0161882
-0.00740785
  0.0147049
-0.00859635
   0.127419
   0.020242
 -0.0119578
 -0.0146657
  0.0343771
-0.00968653
   0.115423
  0.0190355
 -0.0105363
-0.00580786
  0.0163487
0.000334137
    0.12249
  0.0236493
 -0.0106632
 -0.0153503
  0.0318295
-0.00738555
   0.138731
  0.0257599
-0.00854472
-0.00132183
  0.0189502
 -0.0140478
   0.131769
   0.029141
0.000837945
-0.00623298
  0.0297533
 0.00180514
   0.117648
  0.0181516
 -0.0039653
 -0.0107857
  0.0321606
-0.00342099
   0.113997
  0.0255076
 -0.0126766
-0.00292501
   0.015881
-0.00736002
    0.11298
  0.0213871
-0.00018673
-0.00168776
  0.0247044
 0.00781867
   0.130676
  0.0329317
-0.00372621
 -0.0122002
  0.0180353
-0.00476002
  0.133619
  0.029086
-0.0073426
-0.0101157
 0.0144885
-0.0117328
   0.134469
   0.026144
-0.00624632
-0.00616797
  0.0282716
 -0.0122121
   0.133641
  0.0292147
-0.00271678
  -0.014914
  0.0356995
-0.00447818
   0.126183
  0.0268132
 -0.0102612
0.000242621
  0.0135234
  0.0046166
      0.1364
   0.0262388
  -0.0139151
  -0.0125639
   0.0240172
-0.000271359
    0.134638
   0.0261076
 -0.00808538
-1.12925e-05
   0.0200898
  0.00597003
  0.124792
 0.0224868
-0.0105659
-0.0125157
 0.0133968
0.00199497
   0.135422
  0.0303203
-0.00603277
 -0.0145335
   0.027315
-0.00259201
    0.154335
   0.0297991
   -0.002743
  -0.0040594
   0.0235494
-0.000610367
   0.148435
  0.0284411
-0.00281711
-0.00392917
  0.0236449
-0.00520372
    0.14215
  0.0278316
-0.00627547
 -0.0138645
  0.0236989
 -0.0076615
   0.128669
  0.0247363
-0.00587562
-0.00587826
  0.0278868
 0.00611133
   0.143579
  0.0309772
 -0.0149955
-0.00714077
 0.00578607
-0.00223386
  0.136379
  0.026097
-0.0119181
-0.0119304
 0.0214731
-0.0118551
   0.121438
   0.029243
-0.00473024
-0.00851651
  0.0399729
-0.00334922
   0.108835
  0.0118901
  -0.006243
-0.00211514
  0.0141899
-0.00194427
  0.118595
 0.0224921
-0.0107238
-0.0119721
 0.0177739
-0.0100134
   0.118672
  0.0231536
-0.00700754
-0.00718096
  0.0283518
 0.00353841
   0.121682
  0.0276926
-0.00461755
 -0.0111618
  0.0269459
 0.00847628
   0.103525
  0.0260253
-0.00458921
 -0.0062007
  0.0199286
  0.0024212
   0.113243
   0.028924
-0.00569161
-0.00247783
  0.0148945
 0.00201674
   0.137812
  0.0307129
-0.00350257
 0.00299201
  0.0256509
 0.00407512
   0.129281
  0.0214389
-0.00270404
 -0.0124858
  0.0321681
 0.00543712
    0.135698
   0.0295779
-0.000543176
  -0.0105293
   0.0352504
 -0.00915893
    0.13868
  0.0257126
-0.00397999
-0.00838164
  0.0315112
-0.00696554
   0.132397
  0.0263879
-0.00918586
-0.00674713
  0.0246305
 0.00812042
   0.140518
  0.0264034
-0.00838735
 -0.0132886
  0.0334638
-0.00218209
   0.134491
  0.0263974
  -0.012574
-0.00549323
  0.0247022
 0.00622733
   0.154297
  0.0291803
-0.00622816
  -0.009667
  0.0165775
-0.00261429
   0.129869
  0.0196398
-0.00610122
-0.00235049
  0.0249355
  0.0016559
  0.121739
 0.0272411
-0.0079533
-0.0144741
 0.0285269
 0.0112291
   0.136751
  0.0240073
-0.00866601
 -0.0162676
  0.0221505
 -0.0109581
    0.137565
   0.0216772
-0.000749263
 -0.00204523
    0.017193
 -0.00813741
    0.13766
  0.0295779
 -0.0107792
-0.00923057
  0.0158903
 -0.0158841
   0.105484
  0.0172204
 -0.0049325
-0.00853752
  0.0237978
3.72283e-05
   0.102729
  0.0291521
-0.00571345
-0.00791748
  0.0148907
-0.00150981
  0.128635
 0.0328871
-0.0104397
-0.0131079
 0.0213088
-0.0067988
   0.121153
  0.0215758
-0.00385097
-0.00292909
  0.0285716
-0.00480149
    0.11852
  0.0147193
-0.00712421
-0.00235162
 0.00791046
  0.0114087
   0.139666
  0.0299195
-0.00622885
  -0.010812
  0.0230458
 -0.0112474
   0.136549
  0.0259603
-0.00499584
 -0.0101501
  0.0331151
-0.00262054
   0.134526
  0.0249666
 -0.0107502
 -0.0152393
  0.0238479
-0.00691401
   0.128481
  0.0251277
-0.00500721
-0.00470976
   0.016786
-0.00594623
   0.156655
  0.0377374
-0.00382955
-0.00244082
  0.0220453
  -0.010949
   0.151663
  0.0314583
 -0.0129632
-0.00924228
 0.00798411
-0.00846921
  0.145949
 0.0294448
-0.0074903
-0.0109241
 0.0226543
-0.0148608
   0.130168
  0.0174618
-0.00504739
-0.00873673
  0.0158057
  0.0069976
   0.131916
  0.0277897
-0.00158412
-0.00970316
  0.0198476
-0.00228473
  0.130283
 0.0261792
-0.0115249
-0.0129864
 0.0329647
0.00381619
   0.121051
  0.0310369
-0.00563618
-0.00656084
  0.0315145
 0.00471224
    0.135679
    0.029587
-0.000631844
  -0.0105614
   0.0353471
  -0.0137429
   0.136698
  0.0266598
-0.00575529
 0.00173322
  0.0310355
 0.00843351
     0.14525
   0.0331479
 -0.00929418
 -0.00386941
   0.0105898
-0.000946055
   0.134878
  0.0238137
 -0.0128871
 -0.0123276
  0.0233554
-0.00167134
   0.126902
   0.022039
  -0.015277
 -0.0157334
  0.0201987
-0.00854813
    0.136089
   0.0283804
-0.000310547
 -0.00864834
   0.0395224
  0.00301325
   0.136309
  0.0271693
-0.00491377
-0.00788107
   0.029512
-0.00104902
     0.13305
   0.0327094
-0.000161502
 -0.00331979
   0.0230126
  0.00239511
   0.149161
  0.0347807
 -0.0037508
-0.00100487
  0.0290726
 -0.0078965
   0.151247
  0.0426157
-0.00255578
 -0.0134619
  0.0332601
-0.00890453
   0.125706
  0.0276771
-0.00367247
 -0.0111122
  0.0141286
 0.00390084
   0.147734
  0.0317984
-0.00374025
-0.00423151
   0.030959
-0.00199596
   0.135398
  0.0223992
-0.00820416
-0.00587564
  0.0269102
 0.00804192
   0.142208
  0.0285524
-0.00702925
-0.00691618
  0.0244596
 0.00578123
   0.133582
  0.0218484
-0.00579377
  -0.001603
  0.0275014
  0.0148424
   0.141816
  0.0305872
  -0.010423
-0.00173038
  0.0200807
-0.00208042
      0.1405
   0.0266584
-0.000596828
  -0.0103399
   0.0340049
  -0.0050052
   0.138499
  0.0268278
-0.00368121
-0.00513627
  0.0238207
 0.00597296
   0.148938
  0.0264219
-0.00372057
-0.00195969
  0.0151749
 0.00932667
   0.139739
  0.0293576
 -0.0117689
 -0.0112392
  0.0119793
-0.00643737
   0.125281
  0.0304447
 -0.0011917
-0.00807692
  0.0320175
   0.007541
   0.139482
  0.0307647
 -0.0116205
 -0.0116412
   0.019866
-0.00230464
    0.121826
   0.0278433
 -0.00908511
-0.000926764
   0.0191397
  0.00377008
   0.127704
  0.0197553
-0.00694657
-0.00719943
  0.0214944
   0.017376
   0.125236
  0.0214248
-0.00598111
 -0.0105926
  0.0363268
 0.00528438
   0.149901
  0.0311578
  -0.010529
-0.00361875
  0.0211209
-0.00369739
    0.13716
  0.0234635
 -0.0072281
-0.00771613
  0.0285343
0.000871079
   0.12882
 0.0228494
-0.0093096
-0.0177472
 0.0233682
 0.0117104
   0.133026
  0.0236799
-0.00486135
-0.00580346
  0.0272263
 0.00472165
    0.128946
    0.022379
 -0.00506615
 -0.00965616
  0.00745778
-0.000275376
   0.131803
  0.0275755
-0.00954795
 -0.0176501
  0.0223393
-0.00624011
   0.138109
  0.0281507
-0.00381065
-0.00877758
  0.0271453
-0.00143502
  0.121367
 0.0285158
-0.0102351
-0.0161098
 0.0230013
0.00825894
   0.133865
  0.0285753
-0.00580475
 -0.0114028
  0.0264579
 0.00945757
   0.131621
  0.0294804
-0.00803074
-0.00952696
  0.0244536
 0.00653694
   0.133917
  0.0285975
-0.00817965
-0.00543779
  0.0188532
0.000138698
   0.127238
  0.0214131
-0.00393323
-0.00579891
  0.0157376
-0.00213301
   0.121541
  0.0199193
-0.00946392
-0.00248143
  0.0259596
-0.00377031
