  -1.71302
   1.76797
0.00685989
  -1.13393
  -1.95207
   1.49606
 -0.188646
  -1.71302
   1.76796
0.00685983
  -1.13393
  -1.95207
   1.49606
 -0.188646
  -1.71302
   1.76796
0.00685971
  -1.13393
  -1.95207
   1.49606
 -0.188646
  -1.71302
   1.76795
0.00686085
  -1.13393
  -1.95207
   1.49606
 -0.188646
  -1.71302
   1.76794
0.00685995
  -1.13393
  -1.95207
   1.49606
 -0.188646
  -1.71302
   1.76793
0.00686049
  -1.13394
  -1.95207
   1.49606
 -0.188646
  -1.71302
   1.76792
0.00686181
  -1.13394
  -1.95207
   1.49606
 -0.188646
  -1.71302
   1.76791
0.00686301
  -1.13394
  -1.95207
   1.49606
 -0.188646
 -1.71302
  1.76791
0.0068672
 -1.13395
 -1.95207
  1.49606
-0.188647
  -1.71302
   1.76789
0.00687116
  -1.13394
  -1.95207
   1.49606
 -0.188647
  -1.71302
   1.76788
0.00688146
  -1.13396
  -1.95207
   1.49606
 -0.188648
 -1.71302
  1.76787
0.0068992
 -1.13396
 -1.95207
  1.49607
-0.188648
  -1.71302
   1.76787
0.00692023
  -1.13396
  -1.95207
   1.49607
  -0.18865
  -1.71302
   1.76786
0.00695307
  -1.13396
  -1.95207
   1.49608
 -0.188653
  -1.71302
   1.76785
0.00701371
  -1.13396
  -1.95209
   1.49612
 -0.188656
  -1.71302
   1.76785
0.00710365
  -1.13397
  -1.95213
   1.49619
 -0.188662
  -1.71302
   1.76785
0.00721768
  -1.13397
  -1.95217
   1.49629
 -0.188667
  -1.71302
   1.76784
0.00735382
  -1.13397
  -1.95223
   1.49641
  -0.18868
 -1.71303
  1.76785
0.0075029
 -1.13401
  -1.9523
  1.49657
-0.188716
  -1.71306
   1.76784
0.00764036
  -1.13403
  -1.95238
   1.49676
 -0.188766
  -1.71309
   1.76781
0.00775841
  -1.13401
  -1.95246
   1.49693
 -0.188827
 -1.71305
  1.76781
  0.00799
 -1.13406
 -1.95255
  1.49708
-0.188892
  -1.71305
   1.76781
0.00821459
  -1.13408
  -1.95267
    1.4972
  -0.18895
  -1.71309
   1.76782
0.00839297
  -1.13414
  -1.95276
   1.49731
 -0.189001
 -1.71309
   1.7678
0.0085985
 -1.13421
 -1.95286
  1.49741
-0.189052
 -1.71311
  1.76776
0.0087984
 -1.13421
 -1.95294
  1.49753
-0.189095
  -1.71311
   1.76777
0.00900561
  -1.13429
  -1.95301
   1.49768
 -0.189137
  -1.71311
   1.76776
0.00919693
  -1.13432
  -1.95311
   1.49783
 -0.189177
  -1.71312
   1.76777
0.00938892
  -1.13439
   -1.9532
   1.49801
 -0.189215
  -1.71312
   1.76776
0.00958942
  -1.13445
  -1.95328
   1.49822
 -0.189249
  -1.71312
   1.76773
0.00978824
  -1.13445
  -1.95336
   1.49844
 -0.189283
  -1.71312
   1.76774
0.00998562
  -1.13454
  -1.95345
   1.49867
 -0.189315
 -1.71313
  1.76775
0.0101837
 -1.13463
 -1.95354
  1.49892
-0.189352
 -1.71313
  1.76773
0.0103817
 -1.13471
 -1.95363
  1.49918
-0.189398
 -1.71313
  1.76771
0.0105737
 -1.13475
 -1.95373
  1.49941
-0.189462
 -1.71314
  1.76768
0.0107694
 -1.13481
 -1.95382
  1.49961
-0.189533
 -1.71314
  1.76766
 0.010974
 -1.13487
 -1.95391
  1.49978
-0.189605
 -1.71315
  1.76767
0.0111857
 -1.13495
 -1.95401
  1.49994
-0.189677
 -1.71315
  1.76767
0.0113993
 -1.13505
  -1.9541
  1.50012
-0.189747
 -1.71316
  1.76765
0.0116201
 -1.13508
  -1.9542
  1.50033
-0.189819
 -1.71316
  1.76764
0.0118583
 -1.13514
  -1.9543
  1.50057
-0.189892
 -1.71317
  1.76762
0.0121079
 -1.13515
  -1.9544
  1.50082
-0.189963
 -1.71317
  1.76761
0.0123743
  -1.1352
 -1.95451
  1.50109
-0.190025
 -1.71318
  1.76761
0.0126458
  -1.1352
 -1.95463
  1.50134
-0.190086
 -1.71319
  1.76762
0.0129327
 -1.13526
 -1.95473
  1.50158
-0.190155
 -1.71319
   1.7676
0.0132338
  -1.1353
 -1.95482
  1.50179
-0.190238
 -1.71319
  1.76758
0.0135528
 -1.13528
 -1.95494
  1.50203
-0.190321
  -1.7132
  1.76759
0.0138896
 -1.13534
 -1.95506
  1.50229
-0.190405
 -1.71321
  1.76759
0.0142475
 -1.13538
 -1.95517
  1.50258
-0.190488
 -1.71321
  1.76757
0.0146037
 -1.13538
 -1.95532
  1.50292
-0.190576
 -1.71322
  1.76757
0.0149494
 -1.13542
 -1.95548
  1.50324
-0.190664
 -1.71322
  1.76751
0.0152907
 -1.13539
 -1.95564
  1.50354
-0.190754
 -1.71322
   1.7675
0.0156394
 -1.13544
  -1.9558
  1.50382
-0.190847
 -1.71322
  1.76752
0.0159956
 -1.13555
 -1.95597
  1.50407
-0.190935
 -1.71322
  1.76748
0.0163656
 -1.13558
 -1.95614
  1.50438
-0.191024
 -1.71323
  1.76744
0.0167254
 -1.13559
 -1.95631
  1.50475
-0.191103
 -1.71323
  1.76741
0.0170972
 -1.13561
 -1.95647
  1.50513
-0.191176
 -1.71327
   1.7674
0.0174469
 -1.13567
 -1.95665
  1.50547
-0.191251
 -1.71331
  1.76738
0.0177918
 -1.13573
 -1.95683
  1.50578
-0.191321
 -1.71329
  1.76736
0.0182714
 -1.13583
   -1.957
  1.50612
-0.191393
 -1.71331
  1.76732
0.0187481
  -1.1359
 -1.95718
  1.50648
-0.191469
 -1.71335
   1.7673
0.0191839
 -1.13599
 -1.95735
  1.50689
-0.191554
 -1.71335
  1.76728
0.0196406
 -1.13606
 -1.95751
  1.50728
-0.191668
 -1.71336
  1.76729
0.0200935
 -1.13615
 -1.95769
  1.50763
-0.191803
 -1.71337
  1.76728
0.0205548
 -1.13621
 -1.95787
  1.50803
-0.191942
 -1.71337
  1.76728
0.0210249
  -1.1363
 -1.95805
  1.50845
-0.192082
 -1.71338
  1.76722
0.0214787
 -1.13629
 -1.95822
  1.50886
 -0.19222
 -1.71338
  1.76716
0.0219266
 -1.13631
 -1.95838
  1.50925
-0.192348
 -1.71339
   1.7672
0.0223821
  -1.1364
 -1.95856
   1.5096
-0.192481
 -1.71339
   1.7672
0.0228483
 -1.13646
 -1.95873
  1.51001
-0.192628
  -1.7134
  1.76718
0.0233082
 -1.13641
 -1.95892
  1.51047
-0.192769
  -1.7134
  1.76718
0.0237653
  -1.1364
  -1.9591
  1.51092
-0.192895
  -1.7134
  1.76717
0.0242246
 -1.13636
 -1.95929
  1.51131
-0.193002
  -1.7134
  1.76717
0.0246933
 -1.13641
 -1.95949
  1.51171
-0.193098
 -1.71341
  1.76714
0.0251706
 -1.13639
 -1.95969
  1.51213
-0.193188
 -1.71344
  1.76713
0.0256298
 -1.13643
 -1.95988
  1.51261
-0.193276
 -1.71349
  1.76713
 0.026097
 -1.13649
 -1.96009
  1.51309
-0.193363
 -1.71347
  1.76713
0.0266188
 -1.13652
 -1.96035
   1.5135
-0.193455
 -1.71349
  1.76713
0.0271332
 -1.13662
 -1.96059
  1.51392
-0.193549
 -1.71355
  1.76711
0.0276054
 -1.13665
 -1.96082
  1.51437
-0.193648
 -1.71358
  1.76711
0.0281058
 -1.13671
 -1.96104
  1.51488
-0.193778
 -1.71362
  1.76713
0.0286296
 -1.13682
 -1.96128
  1.51534
-0.193935
 -1.71366
  1.76715
0.0291631
 -1.13689
 -1.96152
  1.51577
 -0.19411
 -1.71369
  1.76715
0.0297187
 -1.13702
 -1.96174
  1.51622
-0.194288
 -1.71372
  1.76713
0.0302837
  -1.1371
 -1.96197
  1.51673
-0.194449
 -1.71376
  1.76715
0.0308484
 -1.13721
  -1.9622
  1.51722
-0.194615
 -1.71377
  1.76716
0.0314264
 -1.13733
 -1.96241
  1.51768
-0.194787
 -1.71378
  1.76716
0.0320132
 -1.13739
 -1.96263
  1.51816
-0.194962
 -1.71379
  1.76713
0.0325901
 -1.13747
 -1.96287
   1.5187
-0.195116
 -1.71383
  1.76709
0.0331536
 -1.13744
 -1.96313
  1.51923
-0.195242
 -1.71391
  1.76715
0.0337232
 -1.13754
 -1.96338
  1.51973
-0.195363
 -1.71388
  1.76718
0.0344095
 -1.13762
 -1.96365
  1.52024
 -0.19548
 -1.71387
  1.76712
0.0350662
 -1.13757
 -1.96391
   1.5208
-0.195599
 -1.71388
  1.76709
0.0356869
 -1.13756
 -1.96417
  1.52134
-0.195727
 -1.71387
   1.7671
0.0363356
 -1.13762
 -1.96442
  1.52186
 -0.19586
 -1.71387
  1.76705
0.0369786
 -1.13758
 -1.96467
  1.52239
-0.196002
 -1.71387
  1.76703
0.0376241
 -1.13759
 -1.96493
  1.52295
-0.196162
 -1.71387
  1.76703
0.0382865
 -1.13769
 -1.96518
  1.52349
-0.196331
 -1.71386
  1.76698
0.0389305
  -1.1377
 -1.96544
  1.52403
-0.196506
 -1.71385
  1.76695
0.0395624
 -1.13775
  -1.9657
  1.52459
-0.196669
 -1.71388
  1.76694
 0.040178
 -1.13789
 -1.96596
  1.52516
-0.196837
 -1.71387
  1.76689
 0.040811
 -1.13792
 -1.96625
  1.52572
-0.197008
 -1.71383
  1.76687
0.0414746
 -1.13799
 -1.96655
  1.52631
 -0.19716
 -1.71384
  1.76696
0.0420964
 -1.13821
 -1.96686
  1.52689
 -0.19731
 -1.71387
  1.76698
0.0427108
  -1.1383
 -1.96718
   1.5275
-0.197456
 -1.71387
  1.76693
0.0433402
 -1.13837
 -1.96747
  1.52814
-0.197603
 -1.71388
  1.76698
0.0439793
 -1.13858
 -1.96776
  1.52876
-0.197762
 -1.71388
    1.767
0.0446348
  -1.1387
 -1.96805
  1.52937
-0.197937
 -1.71388
    1.767
0.0453051
 -1.13879
 -1.96834
  1.52999
-0.198144
 -1.71392
  1.76707
0.0459604
 -1.13896
 -1.96861
  1.53064
-0.198361
 -1.71397
  1.76708
0.0466316
   -1.139
 -1.96889
  1.53124
-0.198587
 -1.71394
   1.7671
0.0474147
 -1.13905
 -1.96918
  1.53183
  -0.1988
 -1.71395
  1.76717
0.0481765
 -1.13918
 -1.96946
  1.53249
-0.198995
 -1.71401
   1.7672
0.0488976
 -1.13921
 -1.96975
  1.53314
-0.199181
 -1.71403
  1.76722
0.0496514
 -1.13922
 -1.97006
  1.53374
-0.199369
 -1.71405
  1.76728
 0.050404
 -1.13931
 -1.97037
  1.53436
-0.199543
 -1.71408
  1.76728
0.0511593
 -1.13928
 -1.97068
  1.53499
-0.199724
 -1.71412
  1.76731
0.0519036
 -1.13927
   -1.971
  1.53559
-0.199901
 -1.71417
  1.76736
0.0526375
 -1.13935
 -1.97132
  1.53624
-0.200088
 -1.71416
   1.7674
0.0534523
 -1.13938
 -1.97165
  1.53687
-0.200282
 -1.71417
  1.76746
 0.054232
  -1.1394
 -1.97196
  1.53747
-0.200492
 -1.71421
  1.76745
0.0549218
 -1.13941
 -1.97228
  1.53812
-0.200711
 -1.71422
  1.76745
0.0556499
 -1.13939
 -1.97262
  1.53879
-0.200917
 -1.71424
   1.7675
0.0563884
 -1.13944
 -1.97295
   1.5394
-0.201085
 -1.71425
  1.76753
0.0571129
 -1.13952
 -1.97328
  1.54001
-0.201253
  -1.7143
  1.76752
0.0578295
 -1.13955
 -1.97362
   1.5407
-0.201427
 -1.71435
  1.76752
0.0585595
 -1.13958
 -1.97397
  1.54139
-0.201603
 -1.71434
   1.7676
0.0593465
 -1.13972
 -1.97432
  1.54203
-0.201786
 -1.71435
  1.76765
0.0601462
 -1.13974
 -1.97466
  1.54273
-0.201977
 -1.71441
  1.76759
0.0608935
  -1.1397
   -1.975
  1.54345
-0.202176
 -1.71442
  1.76762
0.0616609
 -1.13979
 -1.97534
  1.54415
-0.202378
 -1.71444
  1.76761
0.0624753
 -1.13986
 -1.97568
  1.54486
-0.202591
 -1.71451
   1.7676
0.0632536
 -1.13995
 -1.97601
  1.54556
-0.202808
 -1.71457
  1.76764
0.0640189
 -1.14014
 -1.97632
  1.54625
-0.203019
 -1.71456
  1.76763
0.0649013
 -1.14022
 -1.97667
  1.54695
-0.203204
 -1.71458
  1.76759
0.0657633
 -1.14024
 -1.97702
  1.54767
-0.203389
 -1.71464
  1.76761
0.0665977
 -1.14036
 -1.97737
   1.5484
-0.203584
 -1.71469
  1.76765
0.0674558
 -1.14048
 -1.97772
  1.54911
-0.203789
 -1.71475
  1.76767
0.0682801
 -1.14055
 -1.97805
  1.54983
-0.204001
 -1.71483
  1.76778
0.0691241
 -1.14073
 -1.97841
  1.55056
-0.204224
 -1.71483
  1.76772
0.0700184
 -1.14064
 -1.97878
  1.55129
-0.204451
 -1.71486
  1.76772
0.0708925
 -1.14059
 -1.97915
  1.55203
-0.204675
 -1.71492
   1.7679
0.0717057
 -1.14068
  -1.9795
  1.55276
-0.204905
 -1.71494
    1.768
0.0725304
 -1.14064
 -1.97987
  1.55345
-0.205121
   -1.715
  1.76802
0.0733315
 -1.14053
 -1.98026
  1.55421
-0.205322
 -1.71506
  1.76809
0.0741206
 -1.14052
 -1.98063
  1.55495
-0.205516
 -1.71505
  1.76821
0.0749709
 -1.14059
 -1.98102
  1.55563
-0.205755
 -1.71508
  1.76832
0.0758104
 -1.14073
 -1.98139
  1.55637
-0.206022
 -1.71513
   1.7683
0.0765824
 -1.14065
 -1.98178
  1.55712
-0.206289
 -1.71515
  1.76836
0.0773952
 -1.14066
 -1.98214
  1.55786
-0.206559
 -1.71521
   1.7685
0.0781992
 -1.14081
 -1.98252
   1.5586
-0.206822
 -1.71528
   1.7685
0.0789973
 -1.14078
 -1.98292
  1.55931
-0.207069
 -1.71528
  1.76857
0.0799129
 -1.14092
 -1.98328
  1.56005
-0.207316
 -1.71531
  1.76867
0.0808226
  -1.1411
 -1.98365
   1.5608
-0.207549
 -1.71537
  1.76864
0.0816648
 -1.14109
 -1.98403
  1.56153
-0.207782
  -1.7154
  1.76866
0.0825486
 -1.14115
 -1.98442
  1.56227
-0.208039
 -1.71548
  1.76871
0.0833974
 -1.14124
 -1.98479
    1.563
-0.208286
 -1.71558
  1.76871
0.0842561
 -1.14135
 -1.98518
  1.56379
-0.208521
 -1.71558
  1.76872
 0.085208
 -1.14145
 -1.98558
  1.56458
-0.208741
 -1.71559
  1.76873
0.0861653
 -1.14155
 -1.98595
  1.56537
-0.208944
 -1.71562
  1.76868
 0.087077
 -1.14156
 -1.98632
  1.56621
-0.209136
 -1.71568
   1.7687
0.0879586
 -1.14162
 -1.98671
  1.56704
-0.209342
 -1.71576
  1.76872
0.0888877
 -1.14171
  -1.9871
  1.56786
-0.209563
 -1.71574
  1.76873
 0.089867
 -1.14177
 -1.98751
  1.56869
-0.209773
 -1.71577
  1.76882
0.0908081
 -1.14186
 -1.98791
  1.56953
-0.210002
  -1.7158
  1.76877
0.0917082
 -1.14174
 -1.98831
  1.57035
-0.210243
 -1.71579
  1.76885
0.0926228
 -1.14178
 -1.98871
  1.57112
-0.210494
 -1.71584
  1.76891
0.0935157
 -1.14175
 -1.98912
  1.57184
-0.210744
 -1.71592
  1.76896
0.0943861
 -1.14176
  -1.9895
  1.57261
 -0.21097
  -1.7159
  1.76909
0.0953173
 -1.14186
 -1.98991
  1.57336
-0.211191
 -1.71593
  1.76914
0.0961854
  -1.1418
  -1.9903
  1.57416
-0.211436
 -1.71595
  1.76928
0.0970518
 -1.14186
  -1.9907
  1.57493
-0.211717
 -1.71599
  1.76939
0.0979082
 -1.14182
 -1.99111
   1.5757
-0.211997
 -1.71608
  1.76956
0.0987776
 -1.14193
  -1.9915
  1.57648
 -0.21228
 -1.71608
  1.76962
0.0997642
 -1.14195
 -1.99192
  1.57723
-0.212569
  -1.7161
  1.76975
 0.100719
 -1.14209
 -1.99232
  1.57802
-0.212847
 -1.71615
  1.76974
 0.101641
  -1.1421
 -1.99272
  1.57881
-0.213101
  -1.7162
  1.76982
 0.102562
 -1.14223
 -1.99312
  1.57958
-0.213345
 -1.71631
  1.76981
 0.103476
 -1.14224
 -1.99354
  1.58037
-0.213602
 -1.71632
  1.76995
 0.104478
 -1.14247
 -1.99392
  1.58115
-0.213879
 -1.71634
  1.76998
  0.10543
 -1.14262
 -1.99432
  1.58196
-0.214144
 -1.71639
  1.77001
  0.10634
 -1.14275
 -1.99473
  1.58278
-0.214418
 -1.71644
  1.76997
 0.107241
 -1.14283
 -1.99515
  1.58363
-0.214691
 -1.71655
  1.77004
 0.108153
 -1.14297
 -1.99555
  1.58446
-0.214942
 -1.71657
  1.77003
 0.109152
 -1.14302
 -1.99598
  1.58529
-0.215183
 -1.71659
  1.77002
 0.110103
 -1.14297
 -1.99641
   1.5861
-0.215424
-1.71669
 1.77009
0.110992
-1.14306
 -1.9968
 1.58694
-0.21567
 -1.71679
   1.7701
 0.111897
 -1.14304
 -1.99722
  1.58778
-0.215945
 -1.71681
  1.77015
 0.112887
 -1.14309
 -1.99764
  1.58862
-0.216226
 -1.71685
  1.77011
 0.113842
 -1.14305
 -1.99811
  1.58948
-0.216493
 -1.71694
  1.77012
 0.114737
 -1.14302
 -1.99857
  1.59033
-0.216768
 -1.71702
  1.77022
 0.115626
 -1.14304
 -1.99902
  1.59115
-0.217023
 -1.71715
  1.77023
 0.116535
 -1.14301
 -1.99945
  1.59193
-0.217263
-1.71718
 1.77028
0.117524
  -1.143
-1.99989
 1.59266
-0.21751
-1.71723
 1.77026
0.118453
-1.14294
-2.00033
 1.59345
-0.21777
 -1.71731
  1.77027
  0.11936
 -1.14293
 -2.00074
  1.59425
-0.218044
  -1.7174
  1.77034
 0.120228
 -1.14293
 -2.00116
  1.59503
-0.218332
 -1.71752
  1.77039
 0.121106
 -1.14295
 -2.00162
  1.59582
-0.218599
 -1.71756
  1.77039
 0.122061
 -1.14292
 -2.00209
  1.59659
-0.218858
-1.71758
 1.77046
0.122979
-1.14294
-2.00252
 1.59735
-0.21911
 -1.71767
  1.77051
 0.123819
 -1.14293
 -2.00293
  1.59815
-0.219357
 -1.71775
  1.77053
 0.124638
 -1.14289
 -2.00335
  1.59894
-0.219607
 -1.71789
   1.7705
 0.125464
  -1.1428
 -2.00377
   1.5998
-0.219874
 -1.71791
  1.77066
 0.126395
 -1.14295
 -2.00418
  1.60064
-0.220149
 -1.71795
  1.77077
  0.12731
 -1.14303
 -2.00462
  1.60147
-0.220432
 -1.71809
   1.7707
 0.128124
 -1.14291
 -2.00507
  1.60231
-0.220702
 -1.71822
  1.77071
 0.128947
 -1.14291
  -2.0055
  1.60314
-0.220953
 -1.71824
  1.77086
 0.129906
 -1.14304
 -2.00593
  1.60395
-0.221206
 -1.71828
  1.77095
 0.130857
  -1.1431
 -2.00637
  1.60479
-0.221465
 -1.71839
  1.77088
 0.131698
 -1.14299
 -2.00681
  1.60567
-0.221733
 -1.71847
  1.77088
 0.132567
   -1.143
 -2.00722
  1.60651
-0.222006
 -1.71859
  1.77102
 0.133418
 -1.14311
 -2.00764
  1.60733
-0.222287
 -1.71864
  1.77112
 0.134375
 -1.14318
 -2.00807
  1.60815
-0.222578
 -1.71867
  1.77109
 0.135318
  -1.1431
 -2.00849
  1.60901
-0.222844
 -1.71878
   1.7711
  0.13617
 -1.14309
 -2.00891
  1.60983
-0.223097
 -1.71889
   1.7711
  0.13704
 -1.14303
 -2.00935
  1.61062
-0.223363
 -1.71904
  1.77124
 0.137875
 -1.14312
 -2.00974
  1.61142
-0.223635
 -1.71909
  1.77134
 0.138847
 -1.14317
 -2.01018
   1.6122
-0.223915
 -1.71916
  1.77131
 0.139769
 -1.14309
 -2.01061
    1.613
-0.224202
 -1.71927
  1.77137
 0.140634
  -1.1431
 -2.01102
   1.6138
-0.224491
 -1.71939
  1.77137
 0.141533
 -1.14302
 -2.01145
  1.61457
-0.224763
 -1.71954
  1.77138
 0.142426
 -1.14298
 -2.01188
  1.61537
-0.225019
 -1.71957
  1.77152
 0.143449
 -1.14314
 -2.01231
  1.61614
-0.225276
 -1.71958
  1.77164
 0.144478
 -1.14326
 -2.01274
  1.61694
-0.225551
 -1.71969
  1.77163
 0.145415
 -1.14324
 -2.01317
  1.61775
-0.225839
-1.71974
 1.77174
0.146392
-1.14333
-2.01358
 1.61854
-0.22613
  -1.7197
  1.77185
 0.147488
 -1.14339
 -2.01403
  1.61933
-0.226414
 -1.71967
  1.77197
 0.148595
 -1.14348
 -2.01446
  1.62011
-0.226685
 -1.71965
   1.7721
 0.149631
 -1.14358
 -2.01487
   1.6209
-0.226959
 -1.71962
  1.77224
 0.150654
 -1.14368
  -2.0153
   1.6217
-0.227219
 -1.71961
  1.77234
 0.151677
 -1.14373
 -2.01573
  1.62248
-0.227479
 -1.71948
  1.77244
 0.152817
 -1.14385
 -2.01615
  1.62327
-0.227766
 -1.71934
  1.77266
 0.153912
 -1.14412
 -2.01656
  1.62405
-0.228057
 -1.71927
   1.7728
 0.154918
 -1.14425
 -2.01699
  1.62486
-0.228341
 -1.7192
  1.7729
0.155907
-1.14439
-2.01743
 1.62571
-0.22861
 -1.71914
  1.77305
 0.156905
 -1.14452
 -2.01785
  1.62654
-0.228864
 -1.71899
   1.7732
 0.157995
 -1.14464
 -2.01828
  1.62738
-0.229131
 -1.71884
  1.77336
  0.15906
 -1.14476
 -2.01872
  1.62819
-0.229397
 -1.71875
   1.7735
  0.16002
 -1.14487
 -2.01915
  1.62901
-0.229668
 -1.71867
  1.77366
 0.160991
 -1.14496
 -2.01957
  1.62981
-0.229957
 -1.71864
  1.77382
 0.161935
 -1.14503
 -2.02001
  1.63061
-0.230244
 -1.71854
  1.77398
 0.162981
  -1.1451
 -2.02046
  1.63137
-0.230521
 -1.71846
  1.77414
 0.163989
 -1.14514
 -2.02088
  1.63211
-0.230778
 -1.71844
  1.77429
 0.164918
 -1.14516
  -2.0213
  1.63286
-0.231029
 -1.71839
  1.77444
 0.165846
 -1.14518
 -2.02174
  1.63361
-0.231298
 -1.71839
  1.77458
 0.166733
 -1.14519
 -2.02217
  1.63436
-0.231572
 -1.71841
  1.77471
 0.167613
 -1.14519
 -2.02259
   1.6351
-0.231844
 -1.71835
  1.77485
 0.168567
  -1.1452
 -2.02302
  1.63585
-0.232132
  -1.7183
  1.77498
 0.169518
  -1.1452
 -2.02344
  1.63661
-0.232411
-1.71831
 1.77509
0.170371
-1.14518
-2.02388
 1.63738
-0.23267
 -1.71834
  1.77521
 0.171214
 -1.14518
 -2.02431
  1.63813
-0.232916
 -1.71839
  1.77532
 0.172058
 -1.14516
 -2.02472
  1.63891
-0.233168
 -1.71835
  1.77542
 0.172992
 -1.14516
 -2.02513
  1.63965
-0.233439
 -1.71834
  1.77552
 0.173915
 -1.14515
 -2.02553
  1.64039
-0.233714
 -1.71839
   1.7756
 0.174739
 -1.14508
 -2.02596
  1.64116
-0.233988
 -1.71843
   1.7757
 0.175565
 -1.14501
 -2.02641
   1.6419
-0.234267
 -1.71849
  1.77585
 0.176404
   -1.145
 -2.02683
  1.64264
-0.234523
 -1.71848
  1.77595
 0.177304
 -1.14491
 -2.02726
  1.64339
-0.234768
 -1.71847
  1.77605
 0.178227
 -1.14486
 -2.02767
  1.64415
-0.235007
 -1.71853
  1.77613
 0.179046
  -1.1448
 -2.02807
  1.64489
-0.235256
 -1.71854
  1.77622
 0.179892
 -1.14475
 -2.02847
  1.64564
-0.235527
  -1.7186
  1.77631
  0.18072
  -1.1447
 -2.02886
  1.64642
-0.235808
 -1.71869
  1.77645
  0.18152
  -1.1447
 -2.02926
  1.64715
-0.236079
 -1.71868
  1.77662
 0.182426
 -1.14471
  -2.0297
  1.64787
-0.236349
 -1.71868
  1.77664
 0.183327
 -1.14456
 -2.03012
  1.64863
-0.236597
-1.71875
 1.77671
0.184137
-1.14444
-2.03052
 1.64935
-0.23684
 -1.71875
  1.77691
  0.18497
 -1.14447
  -2.0309
  1.65002
-0.237083
 -1.71882
  1.77701
 0.185762
 -1.14438
 -2.03127
   1.6507
-0.237326
 -1.71891
  1.77712
 0.186548
 -1.14436
 -2.03164
  1.65135
-0.237589
  -1.7189
  1.77722
 0.187436
 -1.14437
 -2.03202
  1.65202
-0.237868
 -1.71891
  1.77733
 0.188303
 -1.14436
 -2.03239
   1.6527
-0.238131
 -1.71897
   1.7774
 0.189106
 -1.14431
 -2.03278
  1.65335
-0.238381
 -1.71899
  1.77749
 0.189901
 -1.14427
 -2.03318
  1.65403
-0.238624
 -1.71902
  1.77764
   0.1907
 -1.14429
 -2.03357
  1.65471
-0.238854
 -1.71908
  1.77772
 0.191488
 -1.14422
 -2.03396
  1.65536
-0.239092
 -1.71919
  1.77781
 0.192221
  -1.1442
 -2.03434
  1.65609
-0.239333
 -1.71919
  1.77791
  0.19307
 -1.14421
 -2.03473
   1.6568
-0.239584
 -1.71922
  1.77803
 0.193909
  -1.1442
 -2.03508
  1.65745
-0.239848
 -1.71929
   1.7782
 0.194634
 -1.14418
 -2.03543
  1.65814
-0.240121
 -1.71932
  1.77829
 0.195415
 -1.14411
 -2.03581
  1.65889
-0.240362
 -1.7194
 1.77836
0.196157
-1.14397
 -2.0362
 1.65954
-0.24059
 -1.71951
  1.77851
 0.196873
 -1.14396
 -2.03659
   1.6602
-0.240817
 -1.71952
  1.77861
 0.197713
 -1.14391
   -2.037
  1.66087
-0.241051
 -1.71953
  1.77871
 0.198526
 -1.14386
 -2.03738
  1.66153
-0.241293
 -1.71958
  1.77887
  0.19925
 -1.14389
 -2.03777
  1.66219
-0.241543
 -1.71961
  1.77896
 0.200008
 -1.14383
 -2.03818
  1.66286
-0.241798
 -1.71964
  1.77905
 0.200752
 -1.14376
 -2.03855
   1.6635
-0.242052
 -1.71965
  1.77914
 0.201494
  -1.1437
 -2.03892
  1.66416
-0.242298
  -1.7197
  1.77928
 0.202221
 -1.14371
 -2.03928
  1.66482
-0.242503
-1.71978
 1.77937
0.202925
-1.14364
-2.03966
 1.66545
 -0.2427
 -1.71977
  1.77946
  0.20371
 -1.14364
 -2.04005
  1.66609
-0.242914
 -1.71978
  1.77954
 0.204502
 -1.14359
 -2.04043
  1.66668
-0.243128
 -1.71984
  1.77962
 0.205187
 -1.14352
 -2.04079
   1.6673
-0.243361
 -1.71985
  1.77976
 0.205886
 -1.14354
 -2.04114
  1.66794
-0.243591
 -1.71987
  1.77989
 0.206605
 -1.14351
 -2.04148
  1.66851
-0.243825
 -1.71989
  1.78003
 0.207297
 -1.14349
 -2.04183
  1.66908
-0.244059
-1.71995
 1.78006
 0.20797
-1.14333
-2.04218
 1.66969
-0.24429
 -1.72004
  1.78017
 0.208651
 -1.14328
 -2.04252
   1.6703
-0.244505
 -1.72002
  1.78028
 0.209412
 -1.14325
 -2.04288
  1.67083
-0.244701
 -1.72004
  1.78034
 0.210144
 -1.14321
 -2.04323
   1.6714
-0.244908
 -1.72011
  1.78042
 0.210799
 -1.14318
 -2.04356
  1.67203
-0.245127
 -1.72013
  1.78053
 0.211457
 -1.14321
 -2.04389
   1.6726
-0.245363
 -1.72017
   1.7806
 0.212105
 -1.14314
 -2.04422
  1.67312
-0.245598
  -1.7202
  1.78066
 0.212766
 -1.14307
 -2.04453
  1.67371
-0.245835
 -1.72022
  1.78074
 0.213428
 -1.14299
 -2.04485
   1.6743
-0.246065
 -1.72028
  1.78085
  0.21404
 -1.14299
 -2.04517
  1.67483
-0.246277
 -1.72037
  1.78092
 0.214659
 -1.14289
  -2.0455
  1.67536
-0.246491
 -1.72037
  1.78099
 0.215372
 -1.14281
  -2.0458
  1.67596
-0.246692
 -1.72037
  1.78112
 0.216068
 -1.14278
 -2.04612
  1.67652
-0.246881
 -1.72044
  1.78123
 0.216668
 -1.14267
 -2.04644
  1.67704
-0.247074
 -1.72045
  1.78133
 0.217295
 -1.14256
 -2.04676
  1.67759
-0.247291
 -1.72048
  1.78145
 0.217908
 -1.14247
 -2.04707
  1.67815
-0.247506
 -1.72049
  1.78161
 0.218518
 -1.14248
 -2.04737
  1.67867
-0.247726
  -1.7205
  1.78172
 0.219133
 -1.14242
 -2.04768
  1.67919
-0.247918
 -1.72051
  1.78182
 0.219733
 -1.14238
 -2.04799
  1.67973
-0.248084
 -1.72056
  1.78194
 0.220307
 -1.14233
  -2.0483
  1.68025
-0.248238
 -1.72063
  1.78204
 0.220886
 -1.14231
 -2.04861
  1.68074
-0.248391
-1.72062
 1.78211
 0.22153
-1.14225
-2.04893
 1.68124
-0.24855
 -1.72064
  1.78226
 0.222116
 -1.14229
 -2.04922
  1.68176
-0.248719
 -1.72068
  1.78243
 0.222648
 -1.14234
  -2.0495
  1.68227
-0.248892
 -1.72071
  1.78247
 0.223189
 -1.14228
  -2.0498
  1.68277
-0.249053
 -1.72073
  1.78255
 0.223736
 -1.14225
  -2.0501
  1.68325
-0.249231
-1.72076
 1.78264
0.224284
-1.14223
-2.05038
 1.68372
-0.24942
 -1.72077
  1.78277
  0.22483
 -1.14225
 -2.05064
  1.68415
-0.249617
 -1.72079
  1.78285
 0.225365
 -1.14222
 -2.05091
  1.68459
-0.249806
 -1.72082
  1.78292
 0.225903
 -1.14217
 -2.05118
  1.68505
-0.249993
 -1.72083
    1.783
 0.226453
  -1.1421
 -2.05145
  1.68551
-0.250162
 -1.72087
  1.78308
 0.226979
 -1.14204
  -2.0517
  1.68596
-0.250321
-1.72094
 1.78309
0.227497
-1.14191
-2.05197
  1.6864
-0.25048
 -1.72093
  1.78321
 0.228089
 -1.14188
 -2.05222
  1.68683
-0.250634
 -1.72095
   1.7833
 0.228667
 -1.14179
 -2.05247
  1.68732
-0.250803
   -1.721
  1.78338
  0.22919
 -1.14169
 -2.05271
  1.68779
-0.250972
 -1.72102
  1.78344
 0.229733
 -1.14154
 -2.05296
  1.68821
-0.251141
 -1.72105
  1.78344
 0.230286
 -1.14137
 -2.05322
  1.68858
-0.251305
 -1.72106
  1.78347
 0.230822
 -1.14133
 -2.05346
  1.68899
-0.251477
 -1.72109
  1.78357
 0.231299
 -1.14136
 -2.05372
  1.68939
-0.251655
 -1.72111
  1.78361
 0.231775
 -1.14134
 -2.05397
  1.68977
-0.251827
 -1.72113
  1.78361
 0.232248
 -1.14129
 -2.05424
  1.69011
-0.251996
 -1.72112
  1.78365
 0.232713
 -1.14128
 -2.05447
  1.69044
-0.252142
 -1.72113
  1.78365
  0.23317
 -1.14118
 -2.05473
  1.69077
-0.252278
 -1.72114
  1.78373
 0.233576
 -1.14123
 -2.05497
  1.69117
-0.252407
 -1.72114
  1.78378
 0.233984
 -1.14123
 -2.05519
  1.69159
-0.252538
 -1.72113
  1.78378
 0.234414
  -1.1412
 -2.05537
  1.69197
-0.252671
 -1.72117
  1.78379
 0.234814
 -1.14114
 -2.05557
  1.69229
-0.252812
 -1.72125
  1.78387
 0.235207
 -1.14118
 -2.05577
   1.6926
-0.252965
 -1.72123
  1.78393
 0.235652
 -1.14118
 -2.05596
  1.69296
-0.253129
 -1.72124
  1.78393
 0.236096
 -1.14116
 -2.05615
  1.69338
-0.253279
 -1.72128
  1.78394
 0.236478
 -1.14112
 -2.05633
  1.69377
-0.253422
 -1.72128
  1.78403
 0.236884
 -1.14115
 -2.05651
   1.6941
-0.253572
-1.72129
 1.78409
0.237283
-1.14114
-2.05669
  1.6944
-0.25372
  -1.7213
  1.78413
 0.237685
 -1.14111
 -2.05688
  1.69471
-0.253864
  -1.7213
   1.7842
 0.238072
  -1.1411
 -2.05708
  1.69507
-0.253993
 -1.72131
   1.7842
 0.238469
 -1.14102
 -2.05728
  1.69547
-0.254108
 -1.72132
  1.78419
 0.238866
 -1.14095
 -2.05747
  1.69583
-0.254215
 -1.72131
  1.78428
 0.239234
 -1.14094
 -2.05765
  1.69609
-0.254322
  -1.7213
  1.78438
 0.239581
 -1.14096
 -2.05786
  1.69633
-0.254421
 -1.72131
  1.78449
 0.239892
 -1.14093
 -2.05806
  1.69656
-0.254517
  -1.7213
  1.78452
 0.240217
  -1.1408
 -2.05826
  1.69683
-0.254614
 -1.72131
  1.78457
 0.240537
 -1.14067
 -2.05844
  1.69713
-0.254717
 -1.7213
  1.7847
0.240857
-1.14062
-2.05862
 1.69743
-0.25482
 -1.72129
  1.78483
 0.241176
 -1.14059
  -2.0588
  1.69772
-0.254929
  -1.7213
  1.78492
 0.241476
 -1.14051
 -2.05894
  1.69796
-0.255053
 -1.7213
 1.78493
0.241787
-1.14043
-2.05909
 1.69819
-0.25518
  -1.7213
  1.78495
  0.24208
 -1.14036
 -2.05922
   1.6984
-0.255307
  -1.7213
  1.78499
 0.242377
 -1.14028
 -2.05935
  1.69864
-0.255427
 -1.72128
   1.7851
 0.242659
  -1.1404
 -2.05947
  1.69886
-0.255513
 -1.72129
  1.78511
  0.24295
 -1.14041
 -2.05961
  1.69912
-0.255584
 -1.72129
  1.78518
 0.243223
 -1.14047
 -2.05972
  1.69939
-0.255661
 -1.72129
  1.78515
 0.243483
 -1.14046
 -2.05985
  1.69964
-0.255739
 -1.72132
  1.78516
 0.243687
 -1.14045
 -2.05997
  1.69985
-0.255816
 -1.72134
  1.78516
 0.243882
 -1.14044
 -2.06009
  1.70002
-0.255891
  -1.7213
  1.78525
 0.244118
 -1.14057
  -2.0602
  1.70015
-0.255956
  -1.7213
  1.78522
 0.244326
 -1.14051
 -2.06033
  1.70031
-0.256019
 -1.72134
  1.78525
 0.244487
 -1.14053
 -2.06044
  1.70049
-0.256075
 -1.72135
  1.78521
 0.244686
 -1.14042
 -2.06059
  1.70069
-0.256125
 -1.72137
   1.7853
 0.244868
 -1.14043
 -2.06073
  1.70085
-0.256177
-1.72138
 1.78538
0.245055
-1.14041
-2.06088
 1.70102
-0.25623
 -1.72139
  1.78538
 0.245249
 -1.14025
 -2.06101
  1.70122
-0.256285
-1.72139
 1.78547
0.245428
-1.14022
-2.06108
  1.7014
-0.25634
  -1.7214
  1.78557
 0.245594
 -1.14013
 -2.06114
  1.70153
-0.256386
 -1.72141
  1.78558
 0.245771
 -1.13998
 -2.06119
  1.70169
-0.256429
 -1.72141
  1.78569
 0.245917
 -1.13997
 -2.06125
  1.70184
-0.256471
 -1.72142
  1.78577
 0.246054
 -1.13997
 -2.06131
  1.70196
-0.256512
 -1.72143
  1.78573
 0.246199
 -1.13986
 -2.06136
  1.70209
-0.256554
 -1.72144
  1.78576
 0.246321
 -1.13986
  -2.0614
  1.70221
-0.256598
 -1.72145
   1.7858
 0.246428
 -1.13988
 -2.06147
  1.70232
-0.256642
 -1.72146
  1.78586
 0.246522
 -1.13988
 -2.06151
  1.70243
-0.256689
 -1.72146
  1.78586
 0.246647
 -1.13985
 -2.06156
  1.70257
-0.256731
 -1.72148
  1.78588
 0.246756
  -1.1398
 -2.06162
  1.70269
-0.256771
 -1.72149
  1.78592
 0.246848
 -1.13983
 -2.06168
  1.70278
-0.256816
  -1.7215
  1.78593
  0.24695
 -1.13982
 -2.06173
  1.70283
-0.256861
 -1.72151
  1.78598
  0.24703
 -1.13988
 -2.06177
  1.70287
-0.256905
 -1.72151
  1.78603
 0.247111
 -1.13992
 -2.06181
   1.7029
-0.256951
 -1.72152
  1.78601
 0.247208
 -1.13987
 -2.06185
  1.70294
-0.256995
 -1.72153
  1.78604
 0.247291
 -1.13988
 -2.06189
  1.70297
-0.257034
 -1.72153
  1.78609
 0.247358
 -1.13991
 -2.06192
  1.70298
-0.257075
 -1.72153
   1.7861
 0.247428
 -1.13991
 -2.06195
  1.70301
-0.257115
 -1.72153
  1.78612
 0.247475
 -1.13994
 -2.06199
  1.70304
-0.257151
 -1.72152
  1.78614
 0.247517
 -1.13995
 -2.06201
  1.70305
-0.257182
 -1.72152
  1.78616
  0.24755
 -1.13996
 -2.06203
  1.70305
-0.257192
 -1.72152
  1.78617
 0.247577
 -1.13997
 -2.06205
  1.70306
-0.257192
-1.72152
 1.78617
0.247588
-1.13998
-2.06207
 1.70308
-0.25719
 -1.72152
  1.78618
 0.247591
 -1.13999
 -2.06208
  1.70311
-0.257185
-1.72151
 1.78617
0.247593
-1.13999
 -2.0621
 1.70313
-0.25718
 -1.72151
  1.78617
 0.247591
 -1.13999
 -2.06211
  1.70313
-0.257174
 -1.72151
  1.78616
 0.247591
 -1.13999
 -2.06211
  1.70314
-0.257172
-1.72151
 1.78616
0.247591
   -1.14
-2.06211
 1.70314
-0.25717
  -1.7215
  1.78615
 0.247592
    -1.14
 -2.06211
  1.70315
-0.257169
  -1.7215
  1.78615
 0.247595
    -1.14
  -2.0621
  1.70315
-0.257169
 -1.72149
  1.78615
 0.247599
    -1.14
  -2.0621
  1.70315
-0.257169
 -1.72148
  1.78615
 0.247605
    -1.14
 -2.06209
  1.70316
-0.257169
 -1.72147
  1.78615
 0.247611
    -1.14
 -2.06209
  1.70316
-0.257168
 -1.72146
  1.78615
 0.247616
    -1.14
 -2.06209
  1.70316
-0.257168
 -1.72146
  1.78615
 0.247621
    -1.14
 -2.06209
  1.70316
-0.257168
 -1.72146
  1.78615
 0.247624
 -1.14001
 -2.06209
  1.70317
-0.257168
 -1.72145
  1.78615
 0.247626
 -1.14001
 -2.06209
  1.70317
-0.257168
 -1.72145
  1.78615
 0.247628
 -1.14001
 -2.06209
  1.70317
-0.257168
 -1.72145
  1.78615
  0.24763
 -1.14001
 -2.06209
  1.70317
-0.257167
 -1.72145
  1.78615
 0.247631
 -1.14001
 -2.06209
  1.70317
-0.257167
 -1.72144
  1.78615
 0.247633
 -1.14001
 -2.06209
  1.70318
-0.257167
 -1.72144
  1.78615
 0.247636
 -1.14001
 -2.06209
  1.70318
-0.257167
 -1.72144
  1.78615
  0.24764
 -1.14001
 -2.06209
  1.70318
-0.257167
 -1.72143
  1.78615
 0.247643
 -1.14001
 -2.06209
  1.70318
-0.257167
 -1.72143
  1.78615
 0.247647
 -1.14001
 -2.06209
  1.70318
-0.257167
 -1.72142
  1.78615
  0.24765
 -1.14001
 -2.06209
  1.70318
-0.257167
 -1.72142
  1.78615
 0.247653
 -1.14002
 -2.06209
  1.70318
-0.257166
 -1.72142
  1.78615
 0.247655
 -1.14002
 -2.06209
  1.70318
-0.257166
 -1.72142
  1.78615
 0.247656
 -1.14002
 -2.06209
  1.70318
-0.257166
 -1.72142
  1.78615
 0.247657
 -1.14002
 -2.06209
  1.70319
-0.257167
 -1.72142
  1.78615
 0.247658
 -1.14002
 -2.06209
  1.70319
-0.257166
 -1.72141
  1.78615
 0.247659
 -1.14002
 -2.06209
  1.70319
-0.257166
 -1.72141
  1.78615
  0.24766
 -1.14002
 -2.06209
  1.70319
-0.257166
 -1.72141
  1.78615
 0.247661
 -1.14002
 -2.06209
  1.70319
-0.257166
 -1.72141
  1.78615
 0.247662
 -1.14002
 -2.06209
  1.70319
-0.257166
 -1.72141
  1.78615
 0.247663
 -1.14002
 -2.06209
  1.70319
-0.257166
 -1.72141
  1.78615
 0.247665
 -1.14002
 -2.06209
  1.70319
-0.257166
  -1.7214
  1.78615
 0.247666
 -1.14002
 -2.06209
  1.70319
-0.257166
  -1.7214
  1.78615
 0.247667
 -1.14002
 -2.06209
  1.70319
-0.257166
  -1.7214
  1.78615
 0.247668
 -1.14002
 -2.06209
   1.7032
-0.257166
  -1.7214
  1.78615
 0.247669
 -1.14002
 -2.06209
   1.7032
-0.257166
  -1.7214
  1.78615
  0.24767
 -1.14002
 -2.06209
   1.7032
-0.257166
  -1.7214
  1.78615
  0.24767
 -1.14003
 -2.06209
   1.7032
-0.257166
  -1.7214
  1.78615
 0.247671
 -1.14003
 -2.06209
   1.7032
-0.257166
  -1.7214
  1.78615
 0.247671
 -1.14003
 -2.06209
   1.7032
-0.257166
  -1.7214
  1.78615
 0.247672
 -1.14003
 -2.06209
   1.7032
-0.257166
  -1.7214
  1.78615
 0.247672
 -1.14003
 -2.06209
   1.7032
-0.257166
 -1.72139
  1.78615
 0.247673
 -1.14003
 -2.06209
   1.7032
-0.257166
 -1.72139
  1.78615
 0.247673
 -1.14003
 -2.06209
  1.70321
-0.257166
 -1.72139
  1.78615
 0.247674
 -1.14003
 -2.06209
  1.70321
-0.257166
 -1.72139
  1.78615
 0.247675
 -1.14003
 -2.06209
  1.70321
-0.257166
 -1.72139
  1.78615
 0.247676
 -1.14003
 -2.06209
  1.70321
-0.257166
 -1.72139
  1.78615
 0.247677
 -1.14003
 -2.06209
  1.70321
-0.257166
 -1.72139
  1.78615
 0.247677
 -1.14003
 -2.06209
  1.70321
-0.257166
 -1.72139
  1.78615
 0.247678
 -1.14003
 -2.06209
  1.70321
-0.257166
 -1.72139
  1.78615
 0.247678
 -1.14003
 -2.06209
  1.70321
-0.257165
 -1.72139
  1.78615
 0.247678
 -1.14003
 -2.06209
  1.70321
-0.257166
 -1.72139
  1.78615
 0.247678
 -1.14003
 -2.06209
  1.70321
-0.257165
 -1.72139
  1.78615
 0.247679
 -1.14003
 -2.06209
  1.70321
-0.257165
 -1.72139
  1.78615
 0.247679
 -1.14003
 -2.06209
  1.70321
-0.257165
 -1.72139
  1.78615
  0.24768
 -1.14003
 -2.06209
  1.70322
-0.257165
 -1.72138
  1.78615
  0.24768
 -1.14003
 -2.06209
  1.70322
-0.257165
 -1.72138
  1.78615
 0.247681
 -1.14003
 -2.06209
  1.70322
-0.257165
 -1.72138
  1.78615
 0.247681
 -1.14002
 -2.06209
  1.70322
-0.257165
 -1.72138
  1.78615
 0.247682
 -1.14002
 -2.06209
  1.70322
-0.257165
 -1.72138
  1.78615
 0.247682
 -1.14002
 -2.06209
  1.70322
-0.257165
 -1.72138
  1.78615
 0.247683
 -1.14002
 -2.06209
  1.70322
-0.257165
 -1.72138
  1.78615
 0.247683
 -1.14002
 -2.06209
  1.70322
-0.257165
 -1.72138
  1.78615
 0.247683
 -1.14003
 -2.06209
  1.70322
-0.257165
 -1.72138
  1.78615
 0.247683
 -1.14003
 -2.06209
  1.70322
-0.257165
 -1.72138
  1.78615
 0.247684
 -1.14003
 -2.06209
  1.70322
-0.257165
 -1.72138
  1.78615
 0.247684
 -1.14003
 -2.06209
  1.70322
-0.257165
 -1.72138
  1.78615
 0.247684
 -1.14002
 -2.06209
  1.70322
-0.257165
 -1.72138
  1.78615
 0.247684
 -1.14002
 -2.06209
  1.70322
-0.257165
 -1.72138
  1.78615
 0.247685
 -1.14002
 -2.06209
  1.70322
-0.257165
 -1.72138
  1.78615
 0.247685
 -1.14002
 -2.06209
  1.70323
-0.257165
 -1.72138
  1.78615
 0.247685
 -1.14002
 -2.06209
  1.70323
-0.257165
 -1.72138
  1.78615
 0.247686
 -1.14002
 -2.06209
  1.70323
-0.257165
 -1.72138
  1.78615
 0.247686
 -1.14002
 -2.06209
  1.70323
-0.257165
 -1.72138
  1.78615
 0.247686
 -1.14002
 -2.06209
  1.70323
-0.257165
 -1.72137
  1.78615
 0.247686
 -1.14002
 -2.06209
  1.70323
-0.257165
 -1.72137
  1.78615
 0.247687
 -1.14002
 -2.06209
  1.70323
-0.257165
 -1.72137
  1.78615
 0.247687
 -1.14002
 -2.06209
  1.70323
-0.257165
 -1.72137
  1.78615
 0.247687
 -1.14002
 -2.06209
  1.70323
-0.257165
 -1.72137
  1.78615
 0.247687
 -1.14002
 -2.06209
  1.70323
-0.257165
 -1.72137
  1.78615
 0.247687
 -1.14002
 -2.06209
  1.70323
-0.257165
 -1.72137
  1.78615
 0.247688
 -1.14002
 -2.06209
  1.70323
-0.257165
 -1.72137
  1.78615
 0.247688
 -1.14002
 -2.06209
  1.70323
-0.257165
 -1.72137
  1.78615
 0.247688
 -1.14002
 -2.06209
  1.70323
-0.257165
 -1.72137
  1.78615
 0.247688
 -1.14002
 -2.06209
  1.70323
-0.257165
 -1.72137
  1.78615
 0.247688
 -1.14002
 -2.06209
  1.70323
-0.257165
 -1.72137
  1.78615
 0.247689
 -1.14002
 -2.06209
  1.70323
-0.257165
 -1.72137
  1.78615
 0.247689
 -1.14002
 -2.06209
  1.70323
-0.257165
 -1.72137
  1.78615
 0.247689
 -1.14002
 -2.06209
  1.70323
-0.257165
 -1.72137
  1.78615
 0.247689
 -1.14002
 -2.06209
  1.70323
-0.257164
 -1.72137
  1.78615
 0.247689
 -1.14002
 -2.06209
  1.70323
-0.257165
 -1.72137
  1.78615
 0.247689
 -1.14002
 -2.06209
  1.70324
-0.257164
 -1.72137
  1.78615
 0.247689
 -1.14002
 -2.06209
  1.70324
-0.257164
 -1.72137
  1.78615
 0.247689
 -1.14002
 -2.06209
  1.70324
-0.257164
 -1.72137
  1.78615
  0.24769
 -1.14002
 -2.06209
  1.70324
-0.257164
 -1.72137
  1.78615
  0.24769
 -1.14002
 -2.06209
  1.70324
-0.257164
 -1.72137
  1.78615
  0.24769
 -1.14002
 -2.06209
  1.70324
-0.257164
 -1.72137
  1.78615
  0.24769
 -1.14002
 -2.06209
  1.70324
-0.257164
 -1.72137
  1.78615
  0.24769
 -1.14002
 -2.06209
  1.70324
-0.257164
 -1.72137
  1.78615
 0.247691
 -1.14002
 -2.06209
  1.70324
-0.257164
 -1.72137
  1.78615
 0.247691
 -1.14002
 -2.06209
  1.70324
-0.257164
 -1.72137
  1.78615
 0.247691
 -1.14002
 -2.06209
  1.70324
-0.257164
 -1.72137
  1.78615
 0.247691
 -1.14002
 -2.06209
  1.70324
-0.257164
 -1.72137
  1.78615
 0.247691
 -1.14002
 -2.06209
  1.70324
-0.257164
 -1.72137
  1.78615
 0.247691
 -1.14002
 -2.06209
  1.70324
-0.257164
 -1.72137
  1.78615
 0.247691
 -1.14002
 -2.06209
  1.70324
-0.257164
 -1.72137
  1.78615
 0.247691
 -1.14002
 -2.06209
  1.70324
-0.257164
 -1.72137
  1.78615
 0.247691
 -1.14002
 -2.06209
  1.70324
-0.257164
 -1.72137
  1.78615
 0.247691
 -1.14002
 -2.06209
  1.70324
-0.257164
 -1.72137
  1.78615
 0.247692
 -1.14002
 -2.06209
  1.70324
-0.257164
 -1.72137
  1.78615
 0.247692
 -1.14002
 -2.06209
  1.70324
-0.257164
 -1.72137
  1.78615
 0.247692
 -1.14002
 -2.06209
  1.70324
-0.257164
 -1.72136
  1.78615
 0.247692
 -1.14002
 -2.06209
  1.70324
-0.257164
 -1.72136
  1.78615
 0.247692
 -1.14002
 -2.06209
  1.70324
-0.257164
 -1.72136
  1.78615
 0.247692
 -1.14002
 -2.06209
  1.70324
-0.257164
 -1.72136
  1.78615
 0.247692
 -1.14002
 -2.06209
  1.70324
-0.257164
 -1.72136
  1.78615
 0.247692
 -1.14002
 -2.06209
  1.70324
-0.257164
 -1.72136
  1.78615
 0.247693
 -1.14002
 -2.06209
  1.70324
-0.257164
 -1.72136
  1.78615
 0.247693
 -1.14002
 -2.06209
  1.70324
-0.257164
 -1.72136
  1.78615
 0.247693
 -1.14002
 -2.06209
  1.70324
-0.257164
 -1.72136
  1.78615
 0.247693
 -1.14002
 -2.06209
  1.70324
-0.257164
 -1.72136
  1.78615
 0.247693
 -1.14002
 -2.06209
  1.70324
-0.257164
 -1.72136
  1.78615
 0.247693
 -1.14002
 -2.06209
  1.70324
-0.257164
 -1.72136
  1.78615
 0.247693
 -1.14002
 -2.06209
  1.70324
-0.257164
 -1.72136
  1.78615
 0.247693
 -1.14002
 -2.06209
  1.70324
-0.257164
 -1.72136
  1.78615
 0.247693
 -1.14002
 -2.06209
  1.70324
-0.257164
 -1.72136
  1.78615
 0.247694
 -1.14002
 -2.06209
  1.70324
-0.257164
 -1.72136
  1.78615
 0.247694
 -1.14002
 -2.06209
  1.70324
-0.257164
 -1.72136
  1.78615
 0.247694
 -1.14002
 -2.06209
  1.70324
-0.257164
 -1.72136
  1.78615
 0.247694
 -1.14002
 -2.06209
  1.70324
-0.257164
 -1.72136
  1.78615
 0.247694
 -1.14002
 -2.06209
  1.70324
-0.257164
 -1.72136
  1.78615
 0.247694
 -1.14002
 -2.06209
  1.70325
-0.257164
 -1.72136
  1.78615
 0.247694
 -1.14002
 -2.06209
  1.70325
-0.257164
 -1.72136
  1.78615
 0.247694
 -1.14002
 -2.06209
  1.70325
-0.257164
 -1.72136
  1.78615
 0.247694
 -1.14002
 -2.06209
  1.70325
-0.257164
 -1.72136
  1.78615
 0.247694
 -1.14002
 -2.06209
  1.70325
-0.257164
 -1.72136
  1.78615
 0.247695
 -1.14002
 -2.06209
  1.70325
-0.257164
 -1.72136
  1.78615
 0.247695
 -1.14002
 -2.06209
  1.70325
-0.257164
 -1.72136
  1.78615
 0.247695
 -1.14002
 -2.06209
  1.70325
-0.257164
 -1.72136
  1.78615
 0.247695
 -1.14002
 -2.06209
  1.70325
-0.257164
 -1.72136
  1.78615
 0.247695
 -1.14002
 -2.06209
  1.70325
-0.257164
 -1.72136
  1.78615
 0.247695
 -1.14002
 -2.06209
  1.70325
-0.257164
 -1.72136
  1.78615
 0.247695
 -1.14002
 -2.06209
  1.70325
-0.257164
 -1.72136
  1.78615
 0.247695
 -1.14002
 -2.06209
  1.70325
-0.257164
 -1.72136
  1.78615
 0.247695
 -1.14002
 -2.06209
  1.70325
-0.257164
 -1.72136
  1.78615
 0.247695
 -1.14002
 -2.06209
  1.70325
-0.257164
 -1.72136
  1.78615
 0.247695
 -1.14002
 -2.06209
  1.70325
-0.257164
 -1.72136
  1.78615
 0.247695
 -1.14002
 -2.06209
  1.70325
-0.257164
 -1.72136
  1.78615
 0.247695
 -1.14002
 -2.06209
  1.70325
-0.257164
 -1.72136
  1.78615
 0.247696
 -1.14002
 -2.06209
  1.70325
-0.257164
 -1.72136
  1.78615
 0.247696
 -1.14002
 -2.06209
  1.70325
-0.257164
 -1.72136
  1.78615
 0.247696
 -1.14002
 -2.06209
  1.70325
-0.257164
 -1.72136
  1.78615
 0.247696
 -1.14002
 -2.06209
  1.70325
-0.257164
 -1.72136
  1.78615
 0.247696
 -1.14002
 -2.06209
  1.70325
-0.257164
 -1.72136
  1.78615
 0.247696
 -1.14002
 -2.06209
  1.70325
-0.257164
 -1.72136
  1.78615
 0.247696
 -1.14002
 -2.06209
  1.70325
-0.257164
 -1.72136
  1.78615
 0.247696
 -1.14002
 -2.06209
  1.70325
-0.257164
 -1.72136
  1.78615
 0.247696
 -1.14002
 -2.06209
  1.70325
-0.257164
 -1.72136
  1.78615
 0.247697
 -1.14002
 -2.06209
  1.70325
-0.257164
 -1.72136
  1.78615
 0.247697
 -1.14002
 -2.06209
  1.70325
-0.257164
 -1.72136
  1.78615
 0.247697
 -1.14002
 -2.06209
  1.70325
-0.257164
 -1.72136
  1.78615
 0.247697
 -1.14002
 -2.06209
  1.70325
-0.257164
 -1.72136
  1.78615
 0.247697
 -1.14002
 -2.06209
  1.70325
-0.257164
 -1.72136
  1.78615
 0.247697
 -1.14002
 -2.06209
  1.70325
-0.257164
 -1.72136
  1.78615
 0.247697
 -1.14002
 -2.06209
  1.70325
-0.257164
 -1.72136
  1.78615
 0.247697
 -1.14002
 -2.06209
  1.70325
-0.257164
 -1.72136
  1.78615
 0.247697
 -1.14002
 -2.06209
  1.70325
-0.257164
 -1.72136
  1.78615
 0.247697
 -1.14002
 -2.06209
  1.70325
-0.257164
 -1.72136
  1.78615
 0.247697
 -1.14002
 -2.06209
  1.70325
-0.257164
 -1.72136
  1.78615
 0.247697
 -1.14002
 -2.06209
  1.70325
-0.257164
 -1.72136
  1.78615
 0.247697
 -1.14002
 -2.06209
  1.70325
-0.257164
 -1.72136
  1.78615
 0.247697
 -1.14002
 -2.06209
  1.70326
-0.257164
 -1.72136
  1.78615
 0.247698
 -1.14002
 -2.06209
  1.70326
-0.257164
 -1.72136
  1.78615
 0.247698
 -1.14002
 -2.06209
  1.70326
-0.257164
 -1.72136
  1.78615
 0.247698
 -1.14002
 -2.06209
  1.70326
-0.257164
 -1.72136
  1.78615
 0.247698
 -1.14002
 -2.06209
  1.70326
-0.257164
 -1.72136
  1.78615
 0.247698
 -1.14002
 -2.06209
  1.70326
-0.257164
 -1.72136
  1.78615
 0.247698
 -1.14002
 -2.06209
  1.70326
-0.257164
 -1.72136
  1.78615
 0.247698
 -1.14002
 -2.06209
  1.70326
-0.257164
 -1.72136
  1.78615
 0.247698
 -1.14002
 -2.06209
  1.70326
-0.257164
 -1.72136
  1.78615
 0.247698
 -1.14002
 -2.06209
  1.70326
-0.257164
 -1.72136
  1.78615
 0.247698
 -1.14002
 -2.06209
  1.70326
-0.257164
 -1.72136
  1.78615
 0.247698
 -1.14002
 -2.06209
  1.70326
-0.257164
 -1.72136
  1.78615
 0.247698
 -1.14002
 -2.06209
  1.70326
-0.257164
 -1.72136
  1.78615
 0.247698
 -1.14002
 -2.06209
  1.70326
-0.257164
 -1.72136
  1.78615
 0.247698
 -1.14002
 -2.06209
  1.70326
-0.257164
 -1.72136
  1.78615
 0.247698
 -1.14002
 -2.06209
  1.70326
-0.257164
 -1.72136
  1.78615
 0.247698
 -1.14002
 -2.06209
  1.70326
-0.257164
 -1.72136
  1.78615
 0.247698
 -1.14002
 -2.06209
  1.70326
-0.257164
 -1.72136
  1.78615
 0.247699
 -1.14002
 -2.06209
  1.70326
-0.257164
 -1.72136
  1.78615
 0.247699
 -1.14002
 -2.06209
  1.70326
-0.257164
 -1.72136
  1.78615
 0.247699
 -1.14002
 -2.06209
  1.70326
-0.257164
 -1.72136
  1.78615
 0.247699
 -1.14002
 -2.06209
  1.70326
-0.257164
 -1.72136
  1.78615
 0.247699
 -1.14002
 -2.06209
  1.70326
-0.257164
 -1.72136
  1.78615
 0.247699
 -1.14002
 -2.06209
  1.70326
-0.257164
 -1.72136
  1.78615
 0.247699
 -1.14002
 -2.06209
  1.70326
-0.257164
 -1.72136
  1.78615
 0.247699
 -1.14002
 -2.06209
  1.70326
-0.257164
 -1.72136
  1.78615
 0.247699
 -1.14002
 -2.06209
  1.70326
-0.257164
 -1.72135
  1.78615
 0.247699
 -1.14002
 -2.06209
  1.70326
-0.257164
 -1.72135
  1.78615
 0.247699
 -1.14002
 -2.06209
  1.70326
-0.257164
 -1.72135
  1.78615
 0.247699
 -1.14002
 -2.06209
  1.70326
-0.257164
 -1.72135
  1.78615
 0.247699
 -1.14002
 -2.06209
  1.70326
-0.257163
 -1.72135
  1.78615
 0.247699
 -1.14002
 -2.06209
  1.70326
-0.257163
 -1.72135
  1.78615
 0.247699
 -1.14002
 -2.06209
  1.70326
-0.257163
 -1.72135
  1.78615
 0.247699
 -1.14002
 -2.06209
  1.70326
-0.257163
 -1.72135
  1.78615
 0.247699
 -1.14002
 -2.06209
  1.70326
-0.257164
 -1.72135
  1.78615
 0.247699
 -1.14002
 -2.06209
  1.70326
-0.257163
 -1.72135
  1.78615
 0.247699
 -1.14002
 -2.06209
  1.70326
-0.257163
 -1.72135
  1.78615
   0.2477
 -1.14002
 -2.06209
  1.70326
-0.257164
 -1.72135
  1.78615
   0.2477
 -1.14002
 -2.06209
  1.70326
-0.257163
 -1.72135
  1.78615
   0.2477
 -1.14002
 -2.06209
  1.70326
-0.257164
 -1.72135
  1.78615
   0.2477
 -1.14002
 -2.06209
  1.70326
-0.257163
 -1.72135
  1.78615
   0.2477
 -1.14002
 -2.06209
  1.70326
-0.257164
 -1.72135
  1.78615
   0.2477
 -1.14002
 -2.06209
  1.70327
-0.257164
 -1.72135
  1.78615
   0.2477
 -1.14002
 -2.06209
  1.70327
-0.257164
 -1.72135
  1.78615
   0.2477
 -1.14002
 -2.06209
  1.70327
-0.257164
 -1.72135
  1.78615
   0.2477
 -1.14002
 -2.06209
  1.70327
-0.257164
 -1.72135
  1.78615
   0.2477
 -1.14002
 -2.06209
  1.70327
-0.257164
 -1.72135
  1.78615
   0.2477
 -1.14002
 -2.06209
  1.70327
-0.257163
 -1.72135
  1.78615
   0.2477
 -1.14002
 -2.06209
  1.70327
-0.257163
 -1.72135
  1.78615
   0.2477
 -1.14002
 -2.06209
  1.70327
-0.257164
 -1.72135
  1.78615
   0.2477
 -1.14002
 -2.06209
  1.70327
-0.257163
 -1.72135
  1.78615
   0.2477
 -1.14002
 -2.06209
  1.70327
-0.257163
 -1.72135
  1.78615
   0.2477
 -1.14002
 -2.06209
  1.70327
-0.257164
 -1.72135
  1.78615
 0.247701
 -1.14002
 -2.06209
  1.70327
-0.257163
 -1.72135
  1.78615
 0.247701
 -1.14002
 -2.06209
  1.70327
-0.257164
 -1.72135
  1.78615
 0.247701
 -1.14002
 -2.06209
  1.70327
-0.257163
 -1.72135
  1.78615
 0.247701
 -1.14002
 -2.06209
  1.70327
-0.257164
 -1.72135
  1.78615
 0.247701
 -1.14002
 -2.06209
  1.70327
-0.257163
 -1.72135
  1.78615
 0.247701
 -1.14002
 -2.06209
  1.70327
-0.257163
 -1.72135
  1.78615
 0.247701
 -1.14002
 -2.06209
  1.70327
-0.257163
 -1.72135
  1.78615
 0.247701
 -1.14002
 -2.06209
  1.70327
-0.257163
 -1.72135
  1.78615
 0.247701
 -1.14002
 -2.06209
  1.70327
-0.257164
 -1.72135
  1.78615
 0.247701
 -1.14002
 -2.06209
  1.70327
-0.257163
 -1.72135
  1.78615
 0.247701
 -1.14002
 -2.06209
  1.70327
-0.257163
 -1.72135
  1.78615
 0.247701
 -1.14002
 -2.06209
  1.70327
-0.257163
 -1.72135
  1.78615
 0.247701
 -1.14002
 -2.06209
  1.70327
-0.257163
 -1.72135
  1.78615
 0.247701
 -1.14002
 -2.06209
  1.70327
-0.257163
 -1.72135
  1.78615
 0.247701
 -1.14002
 -2.06209
  1.70327
-0.257163
 -1.72135
  1.78615
 0.247701
 -1.14002
 -2.06209
  1.70327
-0.257163
 -1.72135
  1.78615
 0.247701
 -1.14002
 -2.06209
  1.70327
-0.257163
 -1.72135
  1.78615
 0.247701
 -1.14002
 -2.06209
  1.70327
-0.257163
 -1.72135
  1.78615
 0.247701
 -1.14002
 -2.06209
  1.70327
-0.257163
 -1.72135
  1.78615
 0.247701
 -1.14002
 -2.06209
  1.70327
-0.257163
 -1.72135
  1.78615
 0.247702
 -1.14002
 -2.06209
  1.70327
-0.257163
 -1.72135
  1.78615
 0.247702
 -1.14002
 -2.06209
  1.70327
-0.257163
 -1.72135
  1.78615
 0.247702
 -1.14002
 -2.06209
  1.70327
-0.257163
 -1.72135
  1.78615
 0.247702
 -1.14002
 -2.06209
  1.70327
-0.257163
 -1.72135
  1.78615
 0.247702
 -1.14002
 -2.06209
  1.70327
-0.257163
 -1.72135
  1.78615
 0.247702
 -1.14002
 -2.06209
  1.70327
-0.257163
 -1.72135
  1.78615
 0.247702
 -1.14002
 -2.06209
  1.70327
-0.257163
 -1.72135
  1.78615
 0.247702
 -1.14002
 -2.06209
  1.70327
-0.257163
 -1.72135
  1.78615
 0.247702
 -1.14002
 -2.06209
  1.70327
-0.257163
 -1.72135
  1.78615
 0.247702
 -1.14002
 -2.06209
  1.70327
-0.257164
 -1.72135
  1.78615
 0.247702
 -1.14002
 -2.06209
  1.70327
-0.257163
 -1.72135
  1.78615
 0.247702
 -1.14002
 -2.06209
  1.70327
-0.257163
 -1.72135
  1.78615
 0.247702
 -1.14002
 -2.06209
  1.70327
-0.257163
 -1.72135
  1.78615
 0.247702
 -1.14002
 -2.06209
  1.70327
-0.257163
 -1.72135
  1.78615
 0.247702
 -1.14002
 -2.06209
  1.70327
-0.257163
 -1.72135
  1.78615
 0.247702
 -1.14002
 -2.06209
  1.70327
-0.257163
 -1.72135
  1.78615
 0.247702
 -1.14002
 -2.06209
  1.70327
-0.257163
 -1.72135
  1.78615
 0.247702
 -1.14002
 -2.06209
  1.70327
-0.257163
 -1.72135
  1.78615
 0.247702
 -1.14002
 -2.06209
  1.70327
-0.257163
 -1.72135
  1.78615
 0.247702
 -1.14002
 -2.06209
  1.70327
-0.257163
 -1.72135
  1.78615
 0.247702
 -1.14002
 -2.06209
  1.70327
-0.257163
 -1.72135
  1.78615
 0.247703
 -1.14002
 -2.06209
  1.70327
-0.257163
 -1.72135
  1.78615
 0.247703
 -1.14002
 -2.06209
  1.70327
-0.257163
 -1.72135
  1.78615
 0.247703
 -1.14002
 -2.06209
  1.70328
-0.257163
 -1.72135
  1.78615
 0.247703
 -1.14002
 -2.06209
  1.70328
-0.257163
 -1.72135
  1.78615
 0.247703
 -1.14002
 -2.06209
  1.70328
-0.257163
 -1.72135
  1.78615
 0.247703
 -1.14002
 -2.06209
  1.70328
-0.257163
 -1.72135
  1.78615
 0.247703
 -1.14002
 -2.06209
  1.70328
-0.257163
 -1.72135
  1.78615
 0.247703
 -1.14002
 -2.06209
  1.70328
-0.257163
 -1.72135
  1.78615
 0.247703
 -1.14002
 -2.06209
  1.70328
-0.257163
 -1.72135
  1.78615
 0.247703
 -1.14002
 -2.06209
  1.70328
-0.257163
 -1.72135
  1.78615
 0.247703
 -1.14002
 -2.06209
  1.70328
-0.257163
 -1.72135
  1.78615
 0.247703
 -1.14002
 -2.06209
  1.70328
-0.257163
 -1.72135
  1.78615
 0.247703
 -1.14002
 -2.06209
  1.70328
-0.257163
 -1.72135
  1.78615
 0.247703
 -1.14002
 -2.06209
  1.70328
-0.257163
 -1.72135
  1.78615
 0.247703
 -1.14002
 -2.06209
  1.70328
-0.257163
 -1.72135
  1.78615
 0.247703
 -1.14002
 -2.06209
  1.70328
-0.257163
 -1.72135
  1.78615
 0.247703
 -1.14002
 -2.06209
  1.70328
-0.257163
 -1.72135
  1.78615
 0.247703
 -1.14002
 -2.06209
  1.70328
-0.257163
 -1.72135
  1.78615
 0.247703
 -1.14002
 -2.06209
  1.70328
-0.257163
 -1.72135
  1.78615
 0.247703
 -1.14002
 -2.06209
  1.70328
-0.257163
 -1.72135
  1.78615
 0.247703
 -1.14002
 -2.06209
  1.70328
-0.257163
 -1.72135
  1.78615
 0.247703
 -1.14002
 -2.06209
  1.70328
-0.257163
 -1.72135
  1.78615
 0.247703
 -1.14002
 -2.06209
  1.70328
-0.257163
 -1.72135
  1.78615
 0.247703
 -1.14002
 -2.06209
  1.70328
-0.257163
 -1.72135
  1.78615
 0.247704
 -1.14002
 -2.06209
  1.70328
-0.257163
 -1.72135
  1.78615
 0.247704
 -1.14002
 -2.06209
  1.70328
-0.257163
 -1.72135
  1.78615
 0.247704
 -1.14002
 -2.06209
  1.70328
-0.257163
 -1.72135
  1.78615
 0.247704
 -1.14002
 -2.06209
  1.70328
-0.257163
 -1.72135
  1.78615
 0.247704
 -1.14002
 -2.06209
  1.70328
-0.257163
 -1.72135
  1.78615
 0.247704
 -1.14002
 -2.06209
  1.70328
-0.257163
 -1.72135
  1.78615
 0.247704
 -1.14002
 -2.06209
  1.70328
-0.257163
 -1.72135
  1.78615
 0.247704
 -1.14002
 -2.06209
  1.70328
-0.257163
 -1.72135
  1.78615
 0.247704
 -1.14002
 -2.06209
  1.70328
-0.257163
 -1.72135
  1.78615
 0.247704
 -1.14002
 -2.06209
  1.70328
-0.257163
 -1.72135
  1.78615
 0.247704
 -1.14002
 -2.06209
  1.70328
-0.257163
 -1.72135
  1.78615
 0.247704
 -1.14002
 -2.06209
  1.70328
-0.257163
 -1.72135
  1.78615
 0.247704
 -1.14002
 -2.06209
  1.70328
-0.257163
 -1.72135
  1.78615
 0.247704
 -1.14002
 -2.06209
  1.70328
-0.257163
 -1.72135
  1.78615
 0.247704
 -1.14002
 -2.06209
  1.70328
-0.257163
 -1.72135
  1.78615
 0.247704
 -1.14002
 -2.06209
  1.70328
-0.257163
 -1.72135
  1.78615
 0.247704
 -1.14002
 -2.06209
  1.70328
-0.257163
 -1.72135
  1.78615
 0.247704
 -1.14002
 -2.06209
  1.70328
-0.257163
 -1.72135
  1.78615
 0.247704
 -1.14002
 -2.06209
  1.70328
-0.257163
 -1.72135
  1.78615
 0.247704
 -1.14002
 -2.06209
  1.70328
-0.257163
 -1.72135
  1.78615
 0.247705
 -1.14002
 -2.06209
  1.70328
-0.257163
 -1.72135
  1.78615
 0.247705
 -1.14002
 -2.06209
  1.70328
-0.257163
 -1.72135
  1.78615
 0.247705
 -1.14002
 -2.06209
  1.70328
-0.257163
 -1.72135
  1.78615
 0.247705
 -1.14002
 -2.06209
  1.70328
-0.257163
 -1.72135
  1.78615
 0.247705
 -1.14002
 -2.06209
  1.70328
-0.257163
 -1.72135
  1.78615
 0.247705
 -1.14002
 -2.06209
  1.70328
-0.257163
 -1.72135
  1.78615
 0.247705
 -1.14002
 -2.06209
  1.70328
-0.257163
 -1.72135
  1.78615
 0.247705
 -1.14002
 -2.06209
  1.70328
-0.257163
 -1.72135
  1.78615
 0.247705
 -1.14002
 -2.06209
  1.70328
-0.257163
 -1.72135
  1.78615
 0.247705
 -1.14002
 -2.06209
  1.70328
-0.257163
 -1.72135
  1.78615
 0.247705
 -1.14002
 -2.06209
  1.70328
-0.257163
 -1.72135
  1.78615
 0.247705
 -1.14002
 -2.06209
  1.70328
-0.257163
 -1.72135
  1.78615
 0.247705
 -1.14002
 -2.06209
  1.70328
-0.257163
 -1.72135
  1.78615
 0.247705
 -1.14002
 -2.06209
  1.70328
-0.257163
 -1.72135
  1.78615
 0.247705
 -1.14002
 -2.06209
  1.70328
-0.257163
 -1.72135
  1.78615
 0.247705
 -1.14002
 -2.06209
  1.70328
-0.257163
 -1.72135
  1.78615
 0.247705
 -1.14002
 -2.06209
  1.70328
-0.257163
 -1.72135
  1.78615
 0.247705
 -1.14002
 -2.06209
  1.70328
-0.257163
 -1.72135
  1.78615
 0.247705
 -1.14002
 -2.06209
  1.70328
-0.257163
 -1.72135
  1.78615
 0.247705
 -1.14002
 -2.06209
  1.70328
-0.257163
 -1.72135
  1.78615
 0.247705
 -1.14002
 -2.06209
  1.70328
-0.257163
 -1.72135
  1.78615
 0.247705
 -1.14002
 -2.06209
  1.70328
-0.257163
 -1.72135
  1.78615
 0.247705
 -1.14002
 -2.06209
  1.70328
-0.257163
 -1.72135
  1.78615
 0.247705
 -1.14002
 -2.06209
  1.70328
-0.257163
 -1.72135
  1.78615
 0.247705
 -1.14002
 -2.06209
  1.70328
-0.257163
 -1.72135
  1.78615
 0.247705
 -1.14002
 -2.06209
  1.70328
-0.257163
 -1.72135
  1.78615
 0.247705
 -1.14002
 -2.06209
  1.70328
-0.257163
 -1.72135
  1.78615
 0.247705
 -1.14002
 -2.06209
  1.70328
-0.257163
 -1.72135
  1.78615
 0.247706
 -1.14002
 -2.06209
  1.70328
-0.257163
 -1.72135
  1.78615
 0.247706
 -1.14002
 -2.06209
  1.70328
-0.257163
 -1.72135
  1.78615
 0.247706
 -1.14002
 -2.06209
  1.70328
-0.257163
 -1.72135
  1.78615
 0.247706
 -1.14002
 -2.06209
  1.70328
-0.257163
 -1.72135
  1.78615
 0.247706
 -1.14002
 -2.06209
  1.70328
-0.257163
 -1.72135
  1.78615
 0.247706
 -1.14002
 -2.06209
  1.70328
-0.257163
 -1.72135
  1.78615
 0.247706
 -1.14002
 -2.06209
  1.70328
-0.257163
 -1.72135
  1.78615
 0.247706
 -1.14002
 -2.06209
  1.70328
-0.257163
 -1.72135
  1.78615
 0.247706
 -1.14002
 -2.06209
  1.70328
-0.257163
 -1.72135
  1.78615
 0.247706
 -1.14002
 -2.06209
  1.70328
-0.257163
 -1.72135
  1.78615
 0.247706
 -1.14002
 -2.06209
  1.70328
-0.257163
 -1.72135
  1.78615
 0.247706
 -1.14002
 -2.06209
  1.70328
-0.257163
 -1.72135
  1.78615
 0.247706
 -1.14002
 -2.06209
  1.70328
-0.257163
 -1.72135
  1.78615
 0.247706
 -1.14002
 -2.06209
  1.70328
-0.257163
 -1.72135
  1.78615
 0.247706
 -1.14002
 -2.06209
  1.70328
-0.257163
 -1.72135
  1.78615
 0.247706
 -1.14002
 -2.06209
  1.70328
-0.257163
 -1.72135
  1.78615
 0.247706
 -1.14002
 -2.06209
  1.70328
-0.257163
 -1.72135
  1.78615
 0.247706
 -1.14002
 -2.06209
  1.70328
-0.257163
 -1.72135
  1.78615
 0.247706
 -1.14002
 -2.06209
  1.70328
-0.257163
 -1.72135
  1.78615
 0.247706
 -1.14002
 -2.06209
  1.70328
-0.257163
 -1.72135
  1.78615
 0.247706
 -1.14002
 -2.06209
  1.70328
-0.257163
 -1.72135
  1.78615
 0.247706
 -1.14002
 -2.06209
  1.70328
-0.257163
 -1.72135
  1.78615
 0.247706
 -1.14002
 -2.06209
  1.70328
-0.257163
 -1.72135
  1.78615
 0.247706
 -1.14002
 -2.06209
  1.70328
-0.257163
 -1.72135
  1.78615
 0.247706
 -1.14002
 -2.06209
  1.70328
-0.257163
 -1.72135
  1.78615
 0.247706
 -1.14002
 -2.06209
  1.70328
-0.257163
 -1.72135
  1.78615
 0.247706
 -1.14002
 -2.06209
  1.70328
-0.257163
 -1.72135
  1.78615
 0.247706
 -1.14002
 -2.06209
  1.70328
-0.257163
 -1.72135
  1.78615
 0.247706
 -1.14002
 -2.06209
  1.70328
-0.257163
 -1.72135
  1.78615
 0.247706
 -1.14002
 -2.06209
  1.70328
-0.257163
 -1.72135
  1.78615
 0.247706
 -1.14002
 -2.06209
  1.70328
-0.257163
 -1.72135
  1.78615
 0.247706
 -1.14002
 -2.06209
  1.70328
-0.257163
 -1.72135
  1.78615
 0.247707
 -1.14002
 -2.06209
  1.70328
-0.257163
 -1.72135
  1.78615
 0.247706
 -1.14002
 -2.06209
  1.70328
-0.257163
 -1.72135
  1.78615
 0.247707
 -1.14002
 -2.06209
  1.70328
-0.257163
 -1.72135
  1.78615
 0.247707
 -1.14002
 -2.06209
  1.70328
-0.257163
 -1.72135
  1.78615
 0.247707
 -1.14002
 -2.06209
  1.70328
-0.257163
 -1.72135
  1.78615
 0.247707
 -1.14002
 -2.06209
  1.70328
-0.257163
 -1.72135
  1.78615
 0.247707
 -1.14002
 -2.06209
  1.70328
-0.257163
 -1.72135
  1.78615
 0.247707
 -1.14002
 -2.06209
  1.70328
-0.257163
 -1.72135
  1.78615
 0.247707
 -1.14002
 -2.06209
  1.70328
-0.257163
 -1.72135
  1.78615
 0.247707
 -1.14002
 -2.06209
  1.70328
-0.257163
 -1.72135
  1.78615
 0.247707
 -1.14002
 -2.06209
  1.70328
-0.257163
 -1.72135
  1.78615
 0.247707
 -1.14002
 -2.06209
  1.70329
-0.257163
 -1.72135
  1.78615
 0.247707
 -1.14002
 -2.06209
  1.70329
-0.257163
 -1.72135
  1.78615
 0.247707
 -1.14002
 -2.06209
  1.70329
-0.257163
 -1.72135
  1.78615
 0.247707
 -1.14002
 -2.06209
  1.70329
-0.257163
 -1.72135
  1.78615
 0.247707
 -1.14002
 -2.06209
  1.70329
-0.257163
 -1.72135
  1.78615
 0.247707
 -1.14002
 -2.06209
  1.70329
-0.257163
 -1.72135
  1.78615
 0.247707
 -1.14002
 -2.06209
  1.70329
-0.257163
 -1.72135
  1.78615
 0.247707
 -1.14002
 -2.06209
  1.70329
-0.257163
 -1.72135
  1.78615
 0.247707
 -1.14002
 -2.06209
  1.70329
-0.257163
 -1.72135
  1.78615
 0.247707
 -1.14002
 -2.06209
  1.70329
-0.257163
 -1.72135
  1.78615
 0.247707
 -1.14002
 -2.06209
  1.70329
-0.257163
 -1.72135
  1.78615
 0.247707
 -1.14002
 -2.06209
  1.70329
-0.257163
 -1.72135
  1.78615
 0.247707
 -1.14002
 -2.06209
  1.70329
-0.257163
 -1.72135
  1.78615
 0.247707
 -1.14002
 -2.06209
  1.70329
-0.257163
 -1.72135
  1.78615
 0.247707
 -1.14002
 -2.06209
  1.70329
-0.257163
 -1.72135
  1.78615
 0.247707
 -1.14002
 -2.06209
  1.70329
-0.257163
 -1.72135
  1.78615
 0.247707
 -1.14002
 -2.06209
  1.70329
-0.257163
 -1.72135
  1.78615
 0.247707
 -1.14002
 -2.06209
  1.70329
-0.257163
 -1.72135
  1.78615
 0.247706
 -1.14002
 -2.06209
  1.70328
-0.257163
 -1.72135
  1.78615
 0.247706
 -1.14002
 -2.06209
  1.70327
-0.257163
 -1.72135
  1.78615
 0.247706
 -1.14002
 -2.06209
  1.70327
-0.257162
 -1.72135
  1.78615
 0.247699
 -1.14002
 -2.06209
  1.70326
-0.257162
 -1.72135
  1.78615
 0.247701
 -1.14002
 -2.06209
  1.70325
-0.257159
 -1.72135
  1.78615
 0.247693
 -1.14003
 -2.06208
  1.70323
-0.257156
 -1.72135
  1.78615
 0.247683
 -1.14002
 -2.06206
  1.70321
-0.257149
 -1.72135
  1.78615
 0.247654
 -1.14002
 -2.06206
  1.70321
-0.257142
 -1.72134
  1.78615
 0.247625
 -1.14002
 -2.06205
  1.70318
-0.257134
-1.72135
 1.78615
0.247567
-1.14002
-2.06201
 1.70311
-0.25711
 -1.72134
  1.78615
 0.247506
 -1.14002
 -2.06194
    1.703
-0.257064
 -1.72134
  1.78611
 0.247436
    -1.14
 -2.06187
  1.70291
-0.256998
 -1.72134
  1.78609
 0.247344
 -1.13999
 -2.06179
   1.7028
-0.256928
 -1.72133
  1.78614
 0.247221
 -1.14006
 -2.06171
  1.70264
-0.256863
 -1.72133
  1.78613
 0.247087
 -1.14007
 -2.06162
  1.70248
-0.256796
 -1.72133
  1.78608
 0.246951
 -1.14003
 -2.06155
  1.70232
-0.256725
 -1.72132
  1.78603
 0.246817
 -1.13999
 -2.06147
  1.70215
-0.256652
 -1.72132
  1.78598
 0.246671
 -1.13999
  -2.0614
  1.70198
-0.256582
 -1.72131
  1.78601
 0.246505
 -1.14005
 -2.06131
  1.70183
-0.256517
 -1.72132
  1.78596
 0.246331
 -1.14003
 -2.06121
  1.70174
-0.256456
 -1.72131
  1.78585
  0.24617
 -1.13999
 -2.06114
  1.70167
-0.256404
 -1.72131
  1.78577
 0.245998
 -1.13996
 -2.06108
  1.70157
-0.256362
 -1.72131
  1.78578
 0.245823
 -1.14003
 -2.06099
  1.70142
-0.256324
 -1.72131
  1.78575
 0.245653
 -1.14007
 -2.06091
  1.70128
-0.256281
  -1.7213
  1.78559
 0.245495
 -1.14004
 -2.06083
  1.70119
-0.256241
 -1.72131
  1.78546
 0.245324
 -1.14005
 -2.06074
  1.70107
-0.256196
 -1.72129
  1.78543
 0.245148
 -1.14017
 -2.06065
  1.70093
-0.256148
  -1.7213
  1.78537
  0.24494
 -1.14025
 -2.06055
  1.70081
-0.256099
  -1.7213
  1.78518
 0.244741
 -1.14021
 -2.06046
  1.70067
-0.256046
 -1.72129
   1.7851
 0.244514
 -1.14028
 -2.06035
  1.70047
-0.255996
 -1.72128
  1.78496
 0.244301
 -1.14029
 -2.06026
  1.70024
-0.255947
 -1.72127
  1.78497
 0.244048
  -1.1404
 -2.06014
  1.69999
-0.255894
 -1.72127
   1.7849
 0.243803
 -1.14041
 -2.06002
  1.69976
-0.255843
 -1.72122
  1.78479
 0.243599
 -1.14037
 -2.05988
  1.69955
-0.255787
 -1.72113
  1.78476
 0.243384
 -1.14036
 -2.05976
  1.69935
-0.255706
 -1.72116
  1.78462
 0.243068
 -1.14028
 -2.05963
  1.69915
-0.255596
 -1.72115
  1.78465
  0.24274
 -1.14039
 -2.05949
  1.69895
-0.255475
 -1.72112
  1.78458
 0.242461
 -1.14043
 -2.05938
  1.69874
-0.255351
 -1.72112
  1.78455
 0.242153
 -1.14051
 -2.05925
  1.69849
-0.255245
 -1.72111
  1.78447
 0.241845
 -1.14056
 -2.05912
  1.69825
-0.255138
 -1.72111
  1.78447
 0.241531
 -1.14064
 -2.05898
  1.69798
-0.255026
 -1.72111
  1.78433
 0.241225
 -1.14058
 -2.05883
   1.6977
-0.254915
 -1.72111
  1.78436
 0.240905
 -1.14068
 -2.05865
  1.69744
-0.254792
 -1.72111
   1.7843
 0.240597
 -1.14066
 -2.05847
  1.69724
-0.254659
 -1.72111
  1.78434
 0.240277
 -1.14073
 -2.05826
    1.697
-0.254523
 -1.72111
  1.78424
 0.239952
 -1.14069
 -2.05808
  1.69676
-0.254384
 -1.72111
   1.7842
 0.239616
 -1.14072
 -2.05788
  1.69649
-0.254266
 -1.72111
  1.78423
  0.23928
 -1.14079
 -2.05768
  1.69616
-0.254171
 -1.72111
  1.78417
 0.238951
 -1.14077
 -2.05751
  1.69583
-0.254076
 -1.72111
  1.78419
  0.23862
 -1.14083
  -2.0573
  1.69551
-0.253977
-1.72111
 1.78411
0.238303
-1.14078
-2.05711
 1.69524
-0.25388
 -1.72111
  1.78411
 0.237939
 -1.14082
 -2.05689
  1.69496
-0.253792
  -1.7211
  1.78413
 0.237557
 -1.14094
 -2.05667
  1.69463
-0.253705
  -1.7211
  1.78403
 0.237176
 -1.14098
 -2.05645
  1.69427
-0.253611
  -1.7211
  1.78398
 0.236787
 -1.14109
 -2.05623
   1.6939
-0.253515
  -1.7211
  1.78395
 0.236382
 -1.14119
 -2.05602
  1.69352
-0.253406
 -1.72109
  1.78384
 0.235985
 -1.14125
 -2.05581
  1.69319
-0.253266
 -1.72108
   1.7838
 0.235552
 -1.14136
 -2.05561
  1.69287
-0.253102
 -1.72106
  1.78382
 0.235097
 -1.14152
  -2.0554
  1.69253
-0.252949
 -1.72101
  1.78369
 0.234697
 -1.14154
 -2.05521
  1.69218
-0.252794
 -1.72094
  1.78358
 0.234287
 -1.14156
   -2.055
  1.69177
-0.252624
 -1.72094
  1.78357
 0.233765
 -1.14165
 -2.05475
  1.69139
-0.252445
 -1.72093
  1.78357
  0.23324
 -1.14174
 -2.05453
  1.69106
-0.252264
 -1.72089
  1.78345
 0.232769
  -1.1417
 -2.05433
  1.69076
-0.252096
 -1.72089
  1.78329
 0.232275
 -1.14163
  -2.0541
  1.69037
-0.251934
 -1.72086
  1.78329
 0.231786
 -1.14174
 -2.05385
   1.6899
-0.251788
 -1.72084
  1.78328
 0.231287
 -1.14181
 -2.05364
  1.68944
-0.251641
 -1.72083
  1.78315
 0.230786
 -1.14175
 -2.05341
  1.68906
-0.251501
 -1.72082
  1.78299
 0.230287
 -1.14166
 -2.05317
  1.68869
-0.251357
 -1.72081
  1.78293
 0.229784
 -1.14169
 -2.05292
  1.68827
-0.251198
 -1.72079
  1.78287
 0.229286
 -1.14171
 -2.05268
  1.68781
-0.251027
  -1.7208
  1.78276
 0.228764
 -1.14167
 -2.05243
  1.68737
-0.250861
  -1.7208
  1.78262
 0.228259
 -1.14162
 -2.05218
    1.687
-0.250692
 -1.72079
  1.78251
 0.227761
 -1.14162
 -2.05194
   1.6866
-0.250526
 -1.72079
  1.78246
 0.227249
 -1.14169
  -2.0517
  1.68613
-0.250342
 -1.72077
   1.7823
 0.226749
 -1.14166
 -2.05147
  1.68565
-0.250166
 -1.72071
   1.7822
 0.226228
 -1.14173
 -2.05124
   1.6852
-0.249992
 -1.72072
  1.78216
 0.225665
 -1.14181
 -2.05098
  1.68476
-0.249831
 -1.72073
  1.78213
 0.225112
 -1.14189
 -2.05072
  1.68432
-0.249681
 -1.72072
  1.78195
 0.224617
 -1.14178
 -2.05048
  1.68387
-0.249529
 -1.72073
  1.78185
 0.224085
 -1.14181
 -2.05021
  1.68337
-0.249373
 -1.72072
  1.78186
 0.223548
 -1.14193
 -2.04992
  1.68284
-0.249203
 -1.72072
  1.78181
 0.222993
 -1.14201
  -2.0496
  1.68231
-0.249021
 -1.72073
  1.78171
 0.222412
 -1.14204
 -2.04927
   1.6818
-0.248827
 -1.72073
  1.78167
 0.221828
 -1.14216
 -2.04893
  1.68131
-0.248637
 -1.72073
  1.78164
 0.221232
 -1.14229
 -2.04861
  1.68081
-0.248447
 -1.72074
  1.78157
 0.220621
 -1.14235
 -2.04829
  1.68028
-0.248251
 -1.72071
  1.78153
 0.220016
 -1.14249
 -2.04798
  1.67973
-0.248054
 -1.72069
  1.78149
 0.219432
 -1.14263
 -2.04766
  1.67919
-0.247867
 -1.72073
  1.78143
 0.218758
 -1.14272
 -2.04732
  1.67866
-0.247692
 -1.72073
  1.78131
 0.218082
 -1.14272
 -2.04699
  1.67811
-0.247524
 -1.72066
  1.78125
 0.217478
 -1.14282
 -2.04668
  1.67758
-0.247349
 -1.72063
  1.78121
 0.216848
  -1.1429
 -2.04636
  1.67707
-0.247129
  -1.7206
  1.78114
 0.216203
 -1.14299
 -2.04605
  1.67653
-0.246894
 -1.72059
  1.78102
 0.215532
 -1.14298
 -2.04573
  1.67598
-0.246639
-1.72057
 1.78094
0.214882
-1.14304
-2.04538
 1.67547
-0.24639
 -1.72055
  1.78088
 0.214231
  -1.1431
 -2.04507
  1.67497
-0.246162
  -1.7205
  1.78074
 0.213571
 -1.14307
 -2.04477
  1.67444
-0.245933
 -1.72044
  1.78063
 0.212926
 -1.14312
 -2.04444
  1.67387
-0.245721
 -1.72045
  1.78053
 0.212209
 -1.14313
  -2.0441
  1.67334
-0.245508
 -1.72043
  1.78042
 0.211475
 -1.14315
 -2.04378
   1.6728
-0.245296
  -1.7204
  1.78026
  0.21077
 -1.14313
 -2.04347
  1.67223
-0.245079
 -1.72037
  1.78015
 0.210062
 -1.14316
 -2.04314
  1.67167
-0.244853
 -1.72035
  1.78005
  0.20934
  -1.1432
 -2.04284
  1.67114
-0.244614
 -1.72035
  1.77994
 0.208607
 -1.14324
 -2.04252
  1.67056
-0.244365
 -1.72033
  1.77977
 0.207903
 -1.14321
 -2.04218
   1.6699
-0.244155
 -1.72028
  1.77967
 0.207193
 -1.14325
 -2.04185
  1.66928
-0.243955
 -1.72019
  1.77956
 0.206479
 -1.14328
 -2.04151
  1.66869
-0.243755
-1.72019
 1.77944
0.205707
-1.14329
-2.04116
 1.66806
-0.24355
-1.72018
 1.77929
0.204951
-1.14327
-2.04082
 1.66744
-0.24334
 -1.72013
  1.77919
 0.204275
 -1.14333
 -2.04048
  1.66685
-0.243122
 -1.72013
  1.77908
 0.203603
 -1.14336
 -2.04012
   1.6662
-0.242896
 -1.72011
  1.77895
 0.202906
  -1.1434
 -2.03978
  1.66556
-0.242659
 -1.72012
   1.7788
 0.202192
 -1.14339
 -2.03944
  1.66497
-0.242413
 -1.72007
  1.77869
 0.201519
 -1.14344
 -2.03907
  1.66437
-0.242175
    -1.72
  1.77858
 0.200821
 -1.14346
  -2.0387
  1.66372
-0.241958
 -1.72002
  1.77847
 0.199991
 -1.14351
  -2.0383
  1.66309
-0.241749
    -1.72
  1.77836
 0.199175
 -1.14355
 -2.03793
  1.66243
-0.241527
 -1.71997
   1.7782
 0.198393
 -1.14356
 -2.03756
  1.66177
-0.241296
 -1.71996
  1.77811
 0.197595
 -1.14361
 -2.03719
  1.66112
-0.241063
 -1.71994
  1.77798
 0.196802
 -1.14364
 -2.03682
  1.66044
-0.240817
 -1.71992
   1.7778
 0.195998
 -1.14367
 -2.03646
  1.65979
-0.240566
 -1.71988
  1.77771
 0.195192
 -1.14378
 -2.03611
   1.6591
-0.240311
 -1.71979
  1.77763
 0.194405
 -1.14391
 -2.03573
  1.65841
-0.240061
-1.71982
  1.7775
0.193523
-1.14395
-2.03532
 1.65777
-0.23984
 -1.71982
  1.77742
 0.192681
 -1.14406
 -2.03489
  1.65711
-0.239619
  -1.7198
  1.77733
 0.191917
 -1.14414
 -2.03448
   1.6564
-0.239383
 -1.71982
   1.7772
 0.191124
 -1.14413
 -2.03408
  1.65572
-0.239128
 -1.71982
  1.77713
  0.19034
 -1.14419
 -2.03369
   1.6551
-0.238862
 -1.71979
  1.77705
 0.189565
 -1.14418
 -2.03331
  1.65439
-0.238595
 -1.71976
  1.77697
 0.188786
 -1.14417
 -2.03291
  1.65368
-0.238336
 -1.71979
  1.77691
 0.187968
 -1.14419
 -2.03251
  1.65301
-0.238084
  -1.7198
  1.77682
 0.187152
 -1.14421
 -2.03211
   1.6523
-0.237841
 -1.71976
   1.7767
 0.186381
  -1.1442
 -2.03169
   1.6516
-0.237611
 -1.71976
  1.77662
 0.185575
 -1.14424
 -2.03127
  1.65093
-0.237368
 -1.71972
  1.77648
 0.184794
  -1.1442
 -2.03088
  1.65021
-0.237109
 -1.71968
  1.77633
  0.18399
  -1.1442
 -2.03047
  1.64952
-0.236836
 -1.7197
 1.77628
0.183073
-1.14425
-2.03008
 1.64882
-0.23656
 -1.71971
   1.7762
 0.182167
  -1.1443
 -2.02969
  1.64806
-0.236296
 -1.71965
  1.77603
 0.181314
  -1.1443
 -2.02931
  1.64733
-0.236045
 -1.71965
  1.77586
 0.180424
 -1.14427
 -2.02891
  1.64659
-0.235798
  -1.7196
  1.77574
 0.179559
 -1.14433
  -2.0285
  1.64586
-0.235555
-1.71952
 1.77559
0.178686
-1.14436
-2.02808
 1.64513
-0.23531
 -1.71954
  1.77544
 0.177733
 -1.14439
 -2.02766
  1.64438
-0.235045
 -1.71955
   1.7753
 0.176798
 -1.14442
 -2.02725
  1.64365
-0.234763
  -1.7195
  1.77517
  0.17593
 -1.14444
 -2.02683
   1.6429
-0.234481
 -1.71951
  1.77504
 0.175066
 -1.14446
 -2.02644
  1.64213
-0.234214
 -1.71947
  1.77492
   0.1742
 -1.14449
 -2.02605
  1.64139
-0.233966
 -1.71939
   1.7748
 0.173349
 -1.14449
 -2.02566
  1.64062
-0.233716
 -1.71942
  1.77469
 0.172403
 -1.14452
 -2.02524
  1.63986
-0.233455
 -1.71944
  1.77457
 0.171441
 -1.14454
 -2.02483
   1.6391
-0.233202
  -1.7194
  1.77441
  0.17058
 -1.14454
 -2.02441
  1.63832
-0.232935
 -1.71937
   1.7743
 0.169704
 -1.14459
 -2.02398
  1.63757
-0.232653
 -1.71931
   1.7742
  0.16884
  -1.1446
 -2.02357
   1.6368
-0.232379
 -1.71933
   1.7741
 0.167872
  -1.1446
 -2.02317
  1.63603
-0.232119
 -1.71935
  1.77401
 0.166895
 -1.14461
 -2.02277
  1.63527
-0.231872
  -1.7193
  1.77393
 0.166023
 -1.14462
 -2.02235
  1.63449
-0.231623
  -1.7193
  1.77383
 0.165125
 -1.14462
 -2.02192
  1.63372
-0.231355
 -1.71925
  1.77375
 0.164254
 -1.14464
 -2.02151
  1.63296
-0.231086
-1.71916
 1.77367
0.163396
-1.14465
 -2.0211
  1.6322
-0.23081
 -1.71918
  1.77358
 0.162418
 -1.14464
 -2.02067
  1.63144
-0.230525
 -1.71918
  1.77348
 0.161466
 -1.14465
 -2.02023
  1.63065
-0.230253
 -1.71913
  1.77339
 0.160573
 -1.14466
 -2.01981
  1.62988
-0.230006
 -1.71909
   1.7733
 0.159701
 -1.14466
 -2.01939
  1.62914
-0.229761
 -1.71902
  1.77321
 0.158815
 -1.14467
 -2.01895
  1.62836
-0.229487
 -1.71903
  1.77311
 0.157827
 -1.14465
  -2.0185
  1.62759
-0.229179
 -1.71904
  1.77302
 0.156849
 -1.14464
 -2.01808
  1.62681
-0.228869
   -1.719
  1.77293
  0.15594
 -1.14464
 -2.01766
  1.62603
-0.228559
 -1.71897
  1.77283
 0.155052
 -1.14463
 -2.01723
  1.62527
-0.228254
 -1.71889
  1.77273
 0.154154
 -1.14463
 -2.01679
  1.62452
-0.227976
 -1.71892
   1.7726
 0.153152
 -1.14458
 -2.01636
  1.62374
-0.227704
 -1.71893
  1.77249
  0.15215
 -1.14456
 -2.01592
  1.62293
-0.227425
 -1.71888
  1.77243
 0.151246
 -1.14456
 -2.01547
  1.62213
-0.227134
 -1.71886
  1.77232
 0.150342
 -1.14448
 -2.01505
  1.62134
-0.226833
 -1.71879
  1.77222
 0.149424
 -1.14441
 -2.01461
  1.62054
-0.226555
 -1.71881
  1.77217
 0.148426
 -1.14435
 -2.01415
  1.61973
-0.226288
 -1.71882
  1.77214
 0.147423
 -1.14427
 -2.01374
  1.61891
-0.226038
 -1.71878
    1.772
 0.146515
 -1.14409
 -2.01331
  1.61812
-0.225786
-1.71874
 1.77187
0.145607
-1.14394
-2.01286
 1.61731
-0.22553
 -1.71866
  1.77181
  0.14471
 -1.14386
 -2.01244
  1.61649
-0.225272
-1.71869
 1.77172
0.143695
 -1.1437
-2.01199
  1.6157
-0.22499
 -1.71868
  1.77167
 0.142691
 -1.14364
 -2.01155
  1.61488
-0.224694
 -1.71864
  1.77156
 0.141763
 -1.14352
 -2.01114
  1.61407
-0.224428
 -1.71862
  1.77151
 0.140822
 -1.14346
 -2.01069
  1.61324
-0.224171
 -1.71854
  1.77146
 0.139904
 -1.14341
 -2.01025
   1.6124
-0.223913
 -1.71858
  1.77127
 0.138862
 -1.14318
 -2.00982
   1.6116
-0.223651
  -1.7186
  1.77112
  0.13783
   -1.143
 -2.00938
  1.61079
-0.223386
 -1.71853
   1.7711
 0.136912
   -1.143
 -2.00893
  1.60997
-0.223112
 -1.71849
    1.771
 0.135972
 -1.14288
 -2.00851
  1.60918
-0.222828
 -1.71854
  1.77093
 0.134908
 -1.14286
 -2.00808
   1.6084
-0.222545
 -1.71859
  1.77087
  0.13386
 -1.14281
 -2.00764
  1.60765
-0.222282
 -1.71857
  1.77069
 0.132969
 -1.14264
 -2.00719
  1.60683
-0.222026
 -1.71854
   1.7706
 0.132088
 -1.14263
 -2.00675
  1.60601
-0.221761
 -1.71846
  1.77056
  0.13125
 -1.14264
 -2.00632
  1.60516
-0.221484
 -1.71844
  1.77052
 0.130329
 -1.14267
 -2.00586
   1.6043
-0.221202
  -1.7184
  1.77052
  0.12943
 -1.14274
 -2.00544
  1.60345
-0.220918
 -1.71828
  1.77046
 0.128647
 -1.14276
 -2.00501
  1.60262
-0.220637
 -1.71813
  1.77038
 0.127861
 -1.14275
 -2.00458
  1.60177
-0.220361
 -1.71794
  1.77042
 0.127075
 -1.14287
 -2.00416
  1.60089
-0.220115
 -1.71785
  1.77044
 0.126153
 -1.14295
 -2.00371
  1.60001
-0.219862
 -1.71772
   1.7704
 0.125259
 -1.14298
 -2.00325
  1.59918
-0.219586
 -1.71753
  1.77036
 0.124451
 -1.14299
 -2.00281
  1.59841
-0.219301
 -1.71734
   1.7704
 0.123622
 -1.14311
 -2.00239
  1.59759
-0.219012
 -1.71712
  1.77043
 0.122786
 -1.14319
 -2.00199
   1.5968
-0.218726
-1.71696
  1.7704
0.121859
 -1.1432
-2.00156
 1.59603
-0.21845
 -1.71679
  1.77035
 0.120918
 -1.14319
 -2.00117
   1.5952
-0.218186
 -1.71654
  1.77038
 0.120095
 -1.14327
 -2.00075
  1.59438
-0.217934
-1.71633
 1.77034
0.119256
-1.14332
 -2.0003
 1.59358
-0.21767
 -1.71622
  1.77035
 0.118307
 -1.14339
 -1.99987
  1.59279
-0.217395
 -1.71615
  1.77034
 0.117337
 -1.14344
 -1.99945
  1.59201
-0.217102
 -1.71602
  1.77027
 0.116478
  -1.1434
 -1.99903
  1.59121
-0.216824
 -1.71592
  1.77022
 0.115636
 -1.14337
 -1.99861
  1.59039
-0.216575
 -1.71579
  1.77029
 0.114759
 -1.14349
 -1.99821
  1.58957
-0.216341
 -1.71577
  1.77016
 0.113784
 -1.14335
 -1.99781
  1.58878
-0.216102
 -1.71575
   1.7701
 0.112796
 -1.14333
 -1.99739
    1.588
-0.215866
 -1.71568
  1.77016
 0.111906
 -1.14345
 -1.99695
  1.58718
-0.215621
 -1.71562
  1.77008
 0.111025
 -1.14336
  -1.9965
  1.58641
-0.215352
 -1.71552
  1.77004
 0.110128
 -1.14334
 -1.99607
  1.58563
-0.215076
 -1.71552
  1.76993
 0.109136
 -1.14326
 -1.99566
  1.58485
-0.214803
 -1.71551
  1.76991
 0.108149
 -1.14323
 -1.99526
  1.58402
-0.214547
-1.71546
 1.76993
0.107261
-1.14328
-1.99486
 1.58322
-0.21431
 -1.71542
  1.76981
 0.106369
 -1.14316
 -1.99446
  1.58241
-0.214069
 -1.71531
  1.76982
 0.105488
 -1.14322
 -1.99402
  1.58156
-0.213814
 -1.71533
  1.76969
   0.1045
 -1.14305
  -1.9936
  1.58073
-0.213571
 -1.71533
  1.76968
 0.103516
 -1.14301
 -1.99316
   1.5799
-0.213314
-1.71529
 1.76962
0.102637
-1.14297
-1.99276
 1.57908
-0.21304
 -1.71525
  1.76961
 0.101742
 -1.14295
 -1.99234
  1.57826
-0.212769
-1.71518
 1.76952
0.100861
-1.14288
-1.99195
 1.57744
-0.21252
  -1.7152
  1.76948
0.0998698
 -1.14283
 -1.99154
  1.57664
-0.212287
 -1.71522
   1.7694
0.0988957
 -1.14275
 -1.99114
  1.57582
-0.212048
 -1.71518
  1.76938
0.0979993
 -1.14272
 -1.99073
  1.57501
-0.211793
 -1.71515
   1.7693
0.0971078
 -1.14266
 -1.99033
  1.57426
-0.211542
  -1.7151
  1.76928
0.0962331
 -1.14262
 -1.98991
  1.57348
-0.211292
 -1.71512
  1.76918
0.0952413
 -1.14255
 -1.98948
  1.57274
-0.211027
 -1.71514
  1.76915
0.0942725
  -1.1425
 -1.98908
  1.57197
-0.210771
  -1.7151
  1.76907
 0.093385
 -1.14244
 -1.98869
  1.57119
-0.210529
 -1.71506
  1.76905
0.0925094
 -1.14239
 -1.98831
  1.57043
-0.210306
 -1.71499
  1.76898
0.0916486
 -1.14232
 -1.98795
  1.56967
 -0.21008
   -1.715
  1.76899
0.0906698
  -1.1423
 -1.98755
  1.56891
-0.209842
 -1.71501
  1.76891
0.0897303
 -1.14221
 -1.98717
  1.56818
-0.209591
 -1.71496
  1.76878
0.0888608
 -1.14203
 -1.98679
   1.5674
-0.209336
 -1.71492
  1.76879
0.0880063
 -1.14206
 -1.98638
  1.56659
-0.209083
 -1.71485
  1.76868
0.0871486
  -1.1419
   -1.986
  1.56579
 -0.20883
 -1.71488
  1.76875
0.0861835
 -1.14197
 -1.98558
    1.565
-0.208588
  -1.7149
  1.76865
0.0852351
 -1.14185
 -1.98521
   1.5642
-0.208364
 -1.71486
   1.7685
 0.084349
 -1.14169
 -1.98481
  1.56342
-0.208148
 -1.71488
  1.76852
0.0834578
 -1.14172
  -1.9844
  1.56262
-0.207921
 -1.71485
  1.76842
0.0825942
 -1.14159
 -1.98402
  1.56182
-0.207695
  -1.7148
  1.76848
0.0817297
 -1.14168
 -1.98364
  1.56102
-0.207444
 -1.71485
  1.76835
0.0807864
 -1.14149
 -1.98326
  1.56025
-0.207197
 -1.71486
  1.76826
0.0798483
 -1.14139
 -1.98285
  1.55953
-0.206967
 -1.71482
  1.76831
0.0790171
 -1.14143
 -1.98246
  1.55878
-0.206737
 -1.71478
  1.76827
0.0781889
 -1.14135
 -1.98209
  1.55801
-0.206517
 -1.71471
  1.76818
0.0773591
 -1.14128
 -1.98171
  1.55731
-0.206298
 -1.71473
  1.76804
0.0764482
 -1.14112
 -1.98133
  1.55659
-0.206084
 -1.71473
  1.76811
0.0755382
  -1.1412
 -1.98094
  1.55582
-0.205861
  -1.7147
   1.7681
 0.074714
  -1.1412
 -1.98061
  1.55509
-0.205638
  -1.7147
  1.76795
 0.073859
 -1.14101
 -1.98026
  1.55439
-0.205399
 -1.71466
  1.76798
0.0730317
 -1.14104
  -1.9799
  1.55365
-0.205147
  -1.7146
  1.76797
0.0722313
   -1.141
 -1.97956
  1.55293
-0.204923
 -1.71462
  1.76788
0.0713161
 -1.14083
 -1.97918
  1.55221
-0.204711
 -1.71463
   1.7678
0.0704267
 -1.14075
 -1.97883
   1.5515
-0.204505
 -1.71459
   1.7678
0.0696165
 -1.14074
 -1.97848
  1.55079
-0.204295
 -1.71459
  1.76782
0.0687969
 -1.14076
 -1.97811
  1.55003
-0.204086
 -1.71456
  1.76771
0.0680038
 -1.14066
 -1.97777
  1.54933
-0.203873
 -1.71448
  1.76756
0.0672118
  -1.1405
 -1.97742
  1.54865
 -0.20366
 -1.71451
  1.76754
0.0663332
 -1.14054
 -1.97706
  1.54792
-0.203434
 -1.71452
   1.7675
0.0654707
 -1.14054
 -1.97671
  1.54722
-0.203196
 -1.71449
  1.76737
0.0646672
 -1.14041
 -1.97636
  1.54655
-0.202967
 -1.71449
  1.76727
0.0638669
 -1.14035
 -1.97599
  1.54585
-0.202757
 -1.71449
  1.76718
0.0630626
 -1.14026
 -1.97564
  1.54514
-0.202565
 -1.71446
  1.76716
0.0622924
 -1.14018
 -1.97529
   1.5444
-0.202369
  -1.7144
  1.76713
0.0615439
 -1.14017
 -1.97493
   1.5437
-0.202167
 -1.71443
  1.76705
 0.060684
 -1.14006
 -1.97458
  1.54301
-0.201955
 -1.71443
  1.76698
0.0598345
 -1.13991
 -1.97426
  1.54229
-0.201748
 -1.71441
  1.76692
0.0590894
  -1.1398
 -1.97395
   1.5416
 -0.20153
 -1.71442
  1.76684
0.0583242
 -1.13968
 -1.97363
  1.54091
-0.201311
 -1.71442
  1.76685
0.0575639
 -1.13961
 -1.97332
  1.54021
-0.201097
  -1.7144
  1.76688
0.0568349
 -1.13958
 -1.97301
  1.53956
-0.200883
 -1.71437
  1.76684
0.0561077
 -1.13946
 -1.97267
  1.53894
-0.200693
  -1.7144
  1.76682
0.0552908
 -1.13931
 -1.97233
  1.53828
-0.200529
  -1.7144
  1.76685
0.0544913
 -1.13926
   -1.972
  1.53767
-0.200359
 -1.71436
  1.76687
0.0537643
 -1.13922
 -1.97169
  1.53704
-0.200177
 -1.71435
  1.76679
0.0530163
  -1.1391
 -1.97137
  1.53639
-0.199979
 -1.71433
  1.76675
 0.052262
 -1.13909
 -1.97104
  1.53577
-0.199777
 -1.71433
  1.76682
0.0515206
 -1.13917
 -1.97074
  1.53514
-0.199565
 -1.71429
  1.76681
0.0508254
 -1.13914
 -1.97045
  1.53449
-0.199356
 -1.71423
  1.76682
0.0501184
 -1.13916
 -1.97015
  1.53389
 -0.19916
 -1.71425
  1.76683
0.0493171
 -1.13915
 -1.96986
  1.53328
-0.198985
 -1.71423
  1.76682
0.0485509
 -1.13905
 -1.96957
  1.53263
-0.198818
 -1.71417
  1.76686
0.0478181
 -1.13905
 -1.96925
  1.53202
-0.198657
 -1.71414
  1.76687
0.0470594
 -1.13902
 -1.96894
  1.53144
-0.198507
 -1.71409
  1.76687
0.0463129
 -1.13891
 -1.96863
  1.53083
-0.198365
 -1.71406
   1.7669
0.0455673
  -1.1389
 -1.96831
  1.53019
-0.198209
 -1.71399
  1.76691
 0.044886
 -1.13885
 -1.96801
  1.52959
-0.198039
 -1.71392
  1.76689
0.0442512
 -1.13871
 -1.96772
  1.52902
-0.197866
 -1.71393
  1.76691
0.0435507
 -1.13865
 -1.96742
  1.52841
-0.197677
 -1.71392
  1.76693
0.0428835
 -1.13861
 -1.96713
  1.52784
-0.197488
 -1.71388
  1.76691
 0.042307
 -1.13851
 -1.96687
  1.52728
-0.197301
 -1.71387
   1.7669
0.0417052
 -1.13839
  -1.9666
   1.5267
-0.197125
 -1.71385
  1.76692
0.0410934
 -1.13835
 -1.96632
   1.5261
-0.196953
 -1.71383
  1.76684
0.0404827
 -1.13819
 -1.96604
  1.52552
-0.196798
 -1.71381
   1.7668
0.0398818
 -1.13802
 -1.96573
  1.52492
-0.196647
  -1.7138
  1.76688
0.0392643
 -1.13798
 -1.96545
  1.52433
-0.196489
 -1.71375
  1.76684
0.0386536
 -1.13781
 -1.96517
  1.52376
 -0.19634
 -1.71367
  1.76679
0.0380592
  -1.1376
 -1.96491
  1.52317
-0.196194
 -1.71368
  1.76681
0.0373687
  -1.1375
 -1.96465
  1.52258
-0.196038
 -1.71367
  1.76682
 0.036673
 -1.13746
 -1.96441
  1.52202
-0.195871
 -1.71364
  1.76678
0.0360746
 -1.13736
 -1.96418
  1.52144
-0.195695
 -1.71363
  1.76677
0.0354661
 -1.13735
 -1.96395
  1.52088
-0.195515
 -1.71362
  1.76673
0.0348484
 -1.13724
 -1.96373
   1.5204
-0.195333
 -1.71362
  1.76677
0.0342408
 -1.13729
 -1.96349
   1.5199
-0.195167
 -1.71361
  1.76675
0.0336534
 -1.13732
 -1.96326
  1.51935
-0.195014
 -1.71361
  1.76666
0.0330443
 -1.13717
 -1.96304
  1.51886
-0.194887
 -1.71361
  1.76666
0.0324421
 -1.13715
 -1.96279
  1.51843
-0.194773
 -1.71358
  1.76674
0.0318815
 -1.13723
 -1.96254
  1.51801
-0.194656
 -1.71351
  1.76671
0.0313224
 -1.13716
 -1.96229
  1.51755
-0.194534
 -1.71352
  1.76674
0.0306634
 -1.13721
 -1.96202
  1.51706
-0.194407
  -1.7135
  1.76676
0.0300331
 -1.13722
 -1.96177
  1.51658
-0.194267
 -1.71347
  1.76677
  0.02946
 -1.13719
 -1.96155
  1.51612
-0.194135
 -1.71346
  1.76679
0.0288681
 -1.13721
 -1.96132
  1.51564
-0.194013
 -1.71344
  1.76679
0.0282759
 -1.13712
  -1.9611
  1.51513
-0.193882
 -1.71341
  1.76683
0.0277271
 -1.13713
 -1.96084
  1.51465
-0.193742
 -1.71341
  1.76685
0.0272116
 -1.13712
 -1.96063
   1.5142
-0.193595
 -1.71341
  1.76686
0.0267101
 -1.13704
 -1.96042
  1.51378
-0.193444
 -1.71342
  1.76688
0.0262089
 -1.13704
  -1.9602
  1.51331
-0.193299
 -1.71342
  1.76689
0.0257071
 -1.13695
 -1.95999
  1.51283
-0.193161
 -1.71342
  1.76693
0.0252388
 -1.13694
 -1.95973
  1.51238
-0.193038
 -1.71343
  1.76693
0.0247782
 -1.13686
 -1.95953
  1.51196
-0.192921
 -1.71341
  1.76693
 0.024333
 -1.13676
 -1.95932
  1.51154
-0.192813
 -1.71336
  1.76696
0.0238891
 -1.13673
  -1.9591
  1.51108
-0.192707
 -1.71339
  1.76697
0.0233755
 -1.13665
 -1.95888
  1.51065
-0.192604
 -1.71338
  1.76697
0.0229058
 -1.13658
 -1.95868
  1.51026
  -0.1925
 -1.71336
  1.76694
0.0224725
 -1.13645
 -1.95849
  1.50987
-0.192386
 -1.71336
  1.76696
0.0220175
  -1.1364
  -1.9583
  1.50946
-0.192263
 -1.71336
  1.76701
0.0215584
 -1.13637
 -1.95814
  1.50902
-0.192137
 -1.71336
  1.76705
0.0210902
 -1.13628
 -1.95801
  1.50862
 -0.19202
 -1.71336
  1.76703
0.0206374
 -1.13615
 -1.95785
  1.50826
-0.191907
 -1.71336
  1.76704
0.0202002
 -1.13601
 -1.95771
  1.50787
-0.191788
 -1.71336
   1.7671
0.0197623
 -1.13597
 -1.95754
  1.50747
-0.191672
 -1.71336
   1.7671
0.0193111
 -1.13585
  -1.9574
  1.50706
-0.191549
 -1.71336
  1.76713
0.0188639
 -1.13585
 -1.95726
  1.50669
-0.191423
 -1.71336
  1.76713
0.0184392
 -1.13578
 -1.95711
  1.50631
-0.191321
 -1.71336
  1.76715
0.0180494
 -1.13579
 -1.95693
  1.50595
-0.191236
 -1.71336
  1.76714
0.0176609
 -1.13571
 -1.95676
  1.50557
-0.191161
 -1.71336
  1.76715
  0.01728
 -1.13573
 -1.95659
  1.50523
-0.191089
 -1.71336
  1.76712
0.0169123
 -1.13569
 -1.95643
   1.5049
-0.191018
 -1.71336
  1.76713
 0.016557
 -1.13571
 -1.95625
  1.50463
-0.190957
 -1.71336
  1.76711
0.0162154
 -1.13568
 -1.95609
  1.50436
-0.190894
 -1.71333
  1.76712
0.0159055
 -1.13572
 -1.95593
  1.50406
-0.190833
 -1.71329
  1.76712
0.0155766
 -1.13567
 -1.95577
  1.50372
-0.190775
 -1.71332
  1.76713
0.0151802
 -1.13565
  -1.9556
   1.5034
-0.190714
 -1.71331
   1.7671
0.0148132
 -1.13554
 -1.95544
  1.50312
-0.190649
 -1.71327
  1.76709
0.0144921
  -1.1354
 -1.95528
  1.50284
-0.190569
 -1.71326
  1.76714
0.0141634
 -1.13532
  -1.9551
  1.50257
-0.190475
 -1.71325
  1.76714
0.0138335
 -1.13517
 -1.95496
  1.50232
-0.190369
 -1.71324
  1.76719
0.0135044
 -1.13515
 -1.95482
  1.50202
-0.190263
 -1.71324
  1.76719
0.0131634
 -1.13504
 -1.95471
  1.50171
-0.190157
 -1.71322
   1.7672
0.0128494
 -1.13495
 -1.95458
  1.50141
-0.190048
 -1.71321
  1.76724
0.0125625
 -1.13496
 -1.95447
  1.50113
-0.189937
  -1.7132
  1.76723
0.0122967
 -1.13487
 -1.95437
  1.50088
-0.189834
 -1.71318
  1.76725
0.0120598
 -1.13481
 -1.95426
  1.50066
 -0.18975
 -1.71318
  1.76729
0.0118303
 -1.13485
 -1.95414
  1.50045
-0.189686
 -1.71317
  1.76729
0.0115959
 -1.13479
 -1.95402
  1.50021
-0.189632
 -1.71315
  1.76731
0.0113523
 -1.13477
  -1.9539
  1.49997
-0.189588
 -1.71315
  1.76735
0.0111067
 -1.13483
 -1.95378
  1.49971
-0.189548
 -1.71314
  1.76738
0.0108585
 -1.13483
 -1.95368
  1.49944
-0.189508
 -1.71314
  1.76746
0.0106096
 -1.13485
 -1.95356
  1.49925
-0.189465
 -1.71313
  1.76747
0.0103622
 -1.13483
 -1.95346
  1.49912
-0.189422
 -1.71312
  1.76748
0.0101266
 -1.13478
 -1.95336
  1.49901
-0.189376
  -1.71312
   1.76753
0.00990017
  -1.13479
  -1.95329
   1.49891
 -0.189331
  -1.71312
   1.76759
0.00968086
  -1.13484
  -1.95324
   1.49882
 -0.189284
  -1.71312
   1.76759
0.00946202
  -1.13482
  -1.95319
   1.49869
  -0.18924
  -1.71312
   1.76758
0.00924355
  -1.13479
  -1.95312
    1.4985
   -0.1892
  -1.71313
    1.7676
0.00903886
  -1.13476
  -1.95306
   1.49827
 -0.189164
  -1.71313
   1.76765
0.00887737
  -1.13478
  -1.95299
   1.49805
 -0.189128
  -1.71313
   1.76764
0.00871852
  -1.13472
  -1.95295
   1.49783
 -0.189096
  -1.71313
   1.76762
0.00856626
  -1.13467
  -1.95288
   1.49761
 -0.189063
  -1.71313
   1.76761
0.00841922
   -1.1346
  -1.95282
   1.49739
 -0.189033
  -1.71314
   1.76765
0.00827601
   -1.1346
  -1.95278
   1.49724
 -0.189008
  -1.71314
   1.76763
0.00813765
  -1.13451
  -1.95272
   1.49716
 -0.188985
  -1.71314
   1.76762
0.00800546
  -1.13447
  -1.95267
    1.4971
 -0.188961
  -1.71314
   1.76762
0.00787549
  -1.13445
  -1.95263
   1.49702
 -0.188933
  -1.71314
   1.76759
0.00775577
  -1.13438
  -1.95259
   1.49695
  -0.18891
  -1.71314
   1.76758
0.00763491
  -1.13433
  -1.95254
    1.4969
  -0.18889
  -1.71314
    1.7676
0.00752454
  -1.13433
   -1.9525
   1.49685
 -0.188869
  -1.71314
   1.76757
0.00741518
  -1.13426
  -1.95247
   1.49681
 -0.188852
 -1.71314
  1.76756
0.0073084
 -1.13422
 -1.95243
  1.49679
-0.188837
  -1.71314
   1.76755
0.00722301
  -1.13417
   -1.9524
   1.49672
 -0.188823
  -1.71314
   1.76754
0.00715548
  -1.13413
  -1.95237
   1.49662
 -0.188807
 -1.71314
  1.76753
0.0070982
 -1.13408
 -1.95233
  1.49652
-0.188781
  -1.71314
   1.76752
0.00705409
  -1.13405
  -1.95229
   1.49642
 -0.188753
  -1.71314
   1.76749
0.00700472
  -1.13399
  -1.95226
   1.49632
 -0.188725
  -1.71314
   1.76749
0.00695852
  -1.13393
  -1.95223
   1.49622
 -0.188703
  -1.71314
    1.7675
0.00691682
  -1.13395
   -1.9522
   1.49612
 -0.188682
  -1.71314
   1.76747
0.00687265
   -1.1339
  -1.95217
   1.49603
 -0.188661
  -1.71313
   1.76746
0.00683484
  -1.13391
  -1.95212
   1.49601
 -0.188645
  -1.71314
   1.76745
0.00679805
  -1.13391
   -1.9521
     1.496
  -0.18863
  -1.71314
   1.76744
0.00677558
  -1.13391
  -1.95207
   1.49599
 -0.188615
  -1.71314
   1.76744
0.00677696
  -1.13391
  -1.95205
   1.49599
 -0.188605
  -1.71314
   1.76743
0.00678541
  -1.13391
  -1.95203
   1.49599
 -0.188596
  -1.71314
   1.76743
0.00680147
  -1.13392
  -1.95201
   1.49599
 -0.188587
  -1.71314
   1.76743
0.00681633
  -1.13392
  -1.95201
     1.496
 -0.188579
  -1.71314
   1.76743
0.00682741
  -1.13392
  -1.95201
     1.496
 -0.188571
 -1.71314
  1.76743
0.0068394
 -1.13393
 -1.95201
    1.496
-0.188563
  -1.71314
   1.76742
0.00685228
  -1.13393
  -1.95201
     1.496
 -0.188555
  -1.71314
   1.76742
0.00686408
  -1.13393
  -1.95202
     1.496
 -0.188547
  -1.71314
   1.76742
0.00687373
  -1.13393
  -1.95202
   1.49601
  -0.18854
  -1.71314
   1.76742
0.00688056
  -1.13393
  -1.95203
   1.49602
 -0.188533
  -1.71314
   1.76742
0.00688554
  -1.13393
  -1.95204
   1.49603
 -0.188526
  -1.71314
   1.76742
0.00688943
  -1.13393
  -1.95204
   1.49603
 -0.188521
  -1.71314
   1.76742
0.00689273
  -1.13393
  -1.95204
   1.49603
 -0.188515
  -1.71314
   1.76741
0.00689608
  -1.13393
  -1.95205
   1.49604
 -0.188515
 -1.71314
  1.76741
0.0069004
 -1.13393
 -1.95205
  1.49604
-0.188516
  -1.71314
   1.76741
0.00690531
  -1.13393
  -1.95205
   1.49604
 -0.188519
  -1.71314
   1.76741
0.00690825
  -1.13393
  -1.95205
   1.49604
 -0.188519
  -1.71314
   1.76741
0.00690873
  -1.13393
  -1.95205
   1.49604
 -0.188519
  -1.71314
   1.76741
0.00690783
  -1.13393
  -1.95205
   1.49604
 -0.188519
  -1.71314
   1.76741
0.00690711
  -1.13393
  -1.95205
   1.49605
 -0.188519
  -1.71314
   1.76741
0.00690651
  -1.13393
  -1.95205
   1.49605
 -0.188519
  -1.71314
   1.76741
0.00690621
  -1.13393
  -1.95205
   1.49605
 -0.188519
  -1.71314
   1.76741
0.00690651
  -1.13393
  -1.95205
   1.49605
 -0.188519
  -1.71314
   1.76741
0.00690723
  -1.13393
  -1.95205
   1.49605
 -0.188519
  -1.71314
   1.76741
0.00690873
  -1.13393
  -1.95205
   1.49605
 -0.188519
 -1.71314
   1.7674
 0.006911
 -1.13393
 -1.95205
  1.49605
-0.188519
  -1.71314
    1.7674
0.00691382
  -1.13393
  -1.95205
   1.49605
 -0.188519
  -1.71314
    1.7674
0.00691622
  -1.13393
  -1.95205
   1.49605
 -0.188519
  -1.71314
    1.7674
0.00691747
  -1.13393
  -1.95205
   1.49605
 -0.188519
  -1.71314
    1.7674
0.00691729
  -1.13393
  -1.95205
   1.49605
 -0.188519
  -1.71314
    1.7674
0.00691622
  -1.13393
  -1.95205
   1.49605
 -0.188519
  -1.71314
    1.7674
0.00691562
  -1.13393
  -1.95205
   1.49605
 -0.188519
  -1.71314
    1.7674
0.00691592
  -1.13393
  -1.95205
   1.49605
 -0.188519
 -1.71314
   1.7674
0.0069161
 -1.13393
 -1.95205
  1.49605
-0.188519
 -1.71314
   1.7674
0.0069164
 -1.13393
 -1.95205
  1.49605
-0.188519
  -1.71314
    1.7674
0.00691747
  -1.13393
  -1.95205
   1.49605
 -0.188519
  -1.71314
    1.7674
0.00691897
  -1.13393
  -1.95205
   1.49605
 -0.188519
  -1.71314
    1.7674
0.00692095
  -1.13393
  -1.95205
   1.49606
 -0.188519
  -1.71314
    1.7674
0.00692185
  -1.13393
  -1.95205
   1.49606
 -0.188519
  -1.71314
    1.7674
0.00692179
  -1.13393
  -1.95205
   1.49606
 -0.188519
  -1.71314
    1.7674
0.00692137
  -1.13393
  -1.95205
   1.49606
 -0.188519
  -1.71314
    1.7674
0.00692065
  -1.13393
  -1.95205
   1.49606
 -0.188519
  -1.71314
    1.7674
0.00691987
  -1.13393
  -1.95205
   1.49606
 -0.188519
  -1.71314
    1.7674
0.00691999
  -1.13393
  -1.95205
   1.49606
 -0.188519
  -1.71314
    1.7674
0.00692005
  -1.13393
  -1.95205
   1.49606
 -0.188519
  -1.71314
    1.7674
0.00692029
  -1.13393
  -1.95205
   1.49606
 -0.188519
  -1.71314
    1.7674
0.00692047
  -1.13393
  -1.95205
   1.49606
 -0.188519
  -1.71314
    1.7674
0.00692149
  -1.13393
  -1.95205
   1.49606
 -0.188519
  -1.71314
    1.7674
0.00692197
  -1.13393
  -1.95205
   1.49606
 -0.188519
  -1.71314
    1.7674
0.00692197
  -1.13393
  -1.95205
   1.49606
 -0.188519
  -1.71314
    1.7674
0.00692185
  -1.13393
  -1.95205
   1.49606
 -0.188519
  -1.71314
    1.7674
0.00692197
  -1.13393
  -1.95205
   1.49606
 -0.188519
  -1.71314
    1.7674
0.00692197
  -1.13393
  -1.95205
   1.49606
 -0.188519
  -1.71314
    1.7674
0.00692197
  -1.13393
  -1.95205
   1.49606
 -0.188519
  -1.71314
   1.76739
0.00692197
  -1.13393
  -1.95205
   1.49606
 -0.188519
  -1.71314
   1.76739
0.00692185
  -1.13393
  -1.95205
   1.49606
 -0.188519
  -1.71314
   1.76739
0.00692185
  -1.13393
  -1.95205
   1.49606
 -0.188519
  -1.71314
   1.76739
0.00692137
  -1.13393
  -1.95205
   1.49606
 -0.188519
  -1.71314
   1.76739
0.00692107
  -1.13393
  -1.95205
   1.49606
 -0.188519
  -1.71314
   1.76739
0.00692107
  -1.13393
  -1.95205
   1.49606
 -0.188519
  -1.71314
   1.76739
0.00692107
  -1.13393
  -1.95205
   1.49606
 -0.188519
  -1.71314
   1.76739
0.00692077
  -1.13393
  -1.95205
   1.49606
 -0.188519
  -1.71314
   1.76739
0.00692095
  -1.13393
  -1.95205
   1.49606
 -0.188519
  -1.71314
   1.76739
0.00692149
  -1.13393
  -1.95205
   1.49606
 -0.188519
  -1.71314
   1.76739
0.00692197
  -1.13393
  -1.95205
   1.49606
 -0.188519
  -1.71314
   1.76739
0.00692245
  -1.13393
  -1.95205
   1.49606
 -0.188519
  -1.71314
   1.76739
0.00692275
  -1.13393
  -1.95205
   1.49606
 -0.188519
  -1.71314
   1.76739
0.00692293
  -1.13393
  -1.95205
   1.49606
 -0.188519
  -1.71314
   1.76739
0.00692293
  -1.13393
  -1.95205
   1.49606
 -0.188519
  -1.71314
   1.76739
0.00692293
  -1.13393
  -1.95205
   1.49606
 -0.188519
  -1.71314
   1.76739
0.00692233
  -1.13393
  -1.95205
   1.49606
 -0.188519
  -1.71314
   1.76739
0.00692185
  -1.13393
  -1.95205
   1.49606
 -0.188519
  -1.71314
   1.76739
0.00692179
  -1.13393
  -1.95205
   1.49606
 -0.188519
  -1.71314
   1.76739
0.00692197
  -1.13393
  -1.95205
   1.49606
 -0.188519
  -1.71314
   1.76739
0.00692197
  -1.13393
  -1.95205
   1.49606
 -0.188519
  -1.71314
   1.76739
0.00692215
  -1.13393
  -1.95205
   1.49606
 -0.188519
  -1.71314
   1.76739
0.00692245
  -1.13393
  -1.95205
   1.49606
 -0.188519
  -1.71314
   1.76739
0.00692305
  -1.13393
  -1.95205
   1.49606
 -0.188519
  -1.71314
   1.76739
0.00692293
  -1.13393
  -1.95205
   1.49606
 -0.188519
  -1.71314
   1.76739
0.00692287
  -1.13393
  -1.95205
   1.49606
 -0.188519
  -1.71314
   1.76739
0.00692287
  -1.13393
  -1.95205
   1.49606
 -0.188519
  -1.71314
   1.76739
0.00692263
  -1.13393
  -1.95205
   1.49606
 -0.188519
  -1.71314
   1.76739
0.00692245
  -1.13393
  -1.95205
   1.49606
 -0.188519
  -1.71314
   1.76739
0.00692215
  -1.13393
  -1.95205
   1.49606
 -0.188519
  -1.71314
   1.76739
0.00692233
  -1.13393
  -1.95205
   1.49606
 -0.188519
  -1.71314
   1.76739
0.00692233
  -1.13393
  -1.95205
   1.49606
 -0.188519
  -1.71314
   1.76739
0.00692263
  -1.13393
  -1.95205
   1.49606
 -0.188519
  -1.71314
   1.76739
0.00692263
  -1.13393
  -1.95205
   1.49606
 -0.188519
  -1.71314
   1.76739
0.00692287
  -1.13393
  -1.95205
   1.49606
 -0.188519
  -1.71314
   1.76739
0.00692287
  -1.13393
  -1.95205
   1.49606
 -0.188519
  -1.71314
   1.76739
0.00692287
  -1.13393
  -1.95205
   1.49606
 -0.188519
  -1.71314
   1.76739
0.00692287
  -1.13393
  -1.95205
   1.49606
 -0.188519
  -1.71314
   1.76739
0.00692287
  -1.13393
  -1.95205
   1.49606
 -0.188519
  -1.71314
   1.76739
0.00692275
  -1.13393
  -1.95205
   1.49606
 -0.188519
  -1.71314
   1.76739
0.00692257
  -1.13393
  -1.95205
   1.49606
 -0.188519
  -1.71314
   1.76739
0.00692257
  -1.13393
  -1.95205
   1.49606
 -0.188519
  -1.71314
   1.76739
0.00692257
  -1.13393
  -1.95205
   1.49606
 -0.188519
  -1.71314
   1.76739
0.00692257
  -1.13393
  -1.95205
   1.49606
 -0.188519
  -1.71314
   1.76739
0.00692233
  -1.13393
  -1.95205
   1.49606
 -0.188519
  -1.71314
   1.76739
0.00692233
  -1.13393
  -1.95205
   1.49606
 -0.188519
  -1.71314
   1.76739
0.00692233
  -1.13393
  -1.95205
   1.49606
 -0.188519
  -1.71314
   1.76739
0.00692245
  -1.13393
  -1.95205
   1.49606
 -0.188519
  -1.71314
   1.76739
0.00692245
  -1.13393
  -1.95205
   1.49606
 -0.188519
  -1.71314
   1.76739
0.00692275
  -1.13393
  -1.95205
   1.49606
 -0.188519
  -1.71314
   1.76739
0.00692293
  -1.13393
  -1.95205
   1.49606
 -0.188519
  -1.71314
   1.76739
0.00692293
  -1.13393
  -1.95205
   1.49606
 -0.188519
  -1.71314
   1.76739
0.00692305
  -1.13393
  -1.95205
   1.49606
 -0.188519
  -1.71314
   1.76739
0.00692305
  -1.13393
  -1.95205
   1.49606
 -0.188519
  -1.71314
   1.76739
0.00692293
  -1.13393
  -1.95205
   1.49606
 -0.188519
  -1.71314
   1.76739
0.00692293
  -1.13393
  -1.95205
   1.49606
 -0.188519
  -1.71314
   1.76739
0.00692245
  -1.13393
  -1.95205
   1.49606
 -0.188519
  -1.71314
   1.76739
0.00692215
  -1.13393
  -1.95205
   1.49606
 -0.188519
  -1.71314
   1.76739
0.00692227
  -1.13393
  -1.95205
   1.49606
 -0.188519
  -1.71314
   1.76739
0.00692227
  -1.13393
  -1.95205
   1.49606
 -0.188519
  -1.71314
   1.76739
0.00692227
  -1.13393
  -1.95205
   1.49606
 -0.188519
  -1.71314
   1.76739
0.00692233
  -1.13393
  -1.95205
   1.49606
 -0.188519
  -1.71314
   1.76739
0.00692245
  -1.13393
  -1.95205
   1.49606
 -0.188519
  -1.71314
   1.76739
0.00692275
  -1.13393
  -1.95205
   1.49606
 -0.188519
  -1.71314
   1.76739
0.00692287
  -1.13393
  -1.95205
   1.49606
 -0.188519
  -1.71314
   1.76739
0.00692287
  -1.13393
  -1.95205
   1.49606
 -0.188519
  -1.71314
   1.76739
0.00692287
  -1.13393
  -1.95205
   1.49606
 -0.188519
  -1.71314
   1.76739
0.00692275
  -1.13393
  -1.95205
   1.49606
 -0.188519
  -1.71314
   1.76739
0.00692275
  -1.13393
  -1.95205
   1.49606
 -0.188519
  -1.71314
   1.76739
0.00692263
  -1.13393
  -1.95205
   1.49606
 -0.188519
  -1.71314
   1.76739
0.00692263
  -1.13393
  -1.95205
   1.49606
 -0.188519
