  -0.41488
-0.0889684
 0.0239127
 0.0243877
-0.0491246
-0.0213437
 -0.394648
 -0.120148
 0.0452636
 0.0123563
-0.0443311
-0.0119894
 -0.429939
-0.0961242
 0.0256205
 0.0161797
-0.0543033
 -0.013539
 -0.389647
 -0.136343
 0.0656334
 0.0366969
-0.0352013
 -0.010297
  -0.402301
  -0.113423
  0.0439604
  0.0242727
 -0.0449838
-0.00565814
 -0.395149
-0.0931964
 0.0265191
 0.0268659
-0.0487327
-0.0029248
 -0.402906
 -0.118099
 0.0599324
 0.0278276
-0.0486961
0.00524535
 -0.423966
 -0.111846
 0.0283103
 0.0135183
-0.0501581
-0.0172664
 -0.409627
 -0.100689
 0.0392347
 0.0265448
 -0.041116
0.00354423
  -0.411032
  -0.119247
    0.04862
  0.0266958
 -0.0369986
-0.00558667
 -0.440534
 -0.126051
 0.0544008
 0.0213688
-0.0539528
-0.0209304
 -0.453372
 -0.100787
  0.021161
 0.0288751
-0.0451187
-0.0199862
 -0.470522
 -0.130695
 0.0446642
 0.0266976
-0.0478696
-0.0192501
  -0.464852
  -0.129205
  0.0426248
  0.0204745
 -0.0398267
-0.00560645
  -0.487424
  -0.120588
   0.045607
  0.0288412
 -0.0372936
-0.00838304
 -0.511028
-0.0913465
 0.0640996
 0.0261035
-0.0427228
 0.0119019
 -0.556643
 -0.186118
 0.0382096
 0.0209516
-0.0360983
-0.0118988
 -0.553238
 -0.123178
 0.0552534
 0.0185682
-0.0353854
0.00466987
 -0.525578
 -0.128391
 0.0285409
 0.0152481
-0.0332736
 0.0048804
  -0.541977
  -0.150567
  0.0670379
  0.0238706
 -0.0360635
-0.00551122
 -0.531739
 -0.113232
 0.0125131
 0.0107318
-0.0244392
0.00867555
 -0.545765
   -0.1705
  0.038452
 0.0261582
-0.0304046
-0.0199366
 -0.556969
 -0.124149
 0.0699392
 0.0179647
-0.0453724
 0.0088322
   -0.539938
   -0.153992
    0.015925
   0.0244823
     -0.0211
-0.000593608
  -0.573849
  -0.132518
   0.053455
  0.0145375
 -0.0340571
0.000581188
 -0.568649
 -0.162821
 0.0409756
 0.0166714
-0.0355463
-0.0065974
 -0.582878
 -0.162889
 0.0590959
 0.0177214
-0.0455004
0.00133834
 -0.569826
 -0.148531
 0.0505908
 0.0213873
-0.0383251
-0.0025358
 -0.559664
 -0.131739
 0.0367736
 0.0214189
-0.0263412
 0.0089728
  -0.563722
  -0.149439
  0.0428741
  0.0124255
 -0.0366449
-0.00324765
  -0.580001
  -0.183729
  0.0406913
  0.0196442
 -0.0281821
-0.00148627
  -0.568788
  -0.159643
  0.0665193
  0.0271211
 -0.0455749
-0.00158232
  -0.593381
  -0.161251
  0.0655693
  0.0222689
 -0.0467339
-0.00842353
 -0.575446
 -0.153359
 0.0355969
0.00851033
 -0.029368
 0.0125438
  -0.58121
 -0.162044
 0.0515091
 0.0134663
-0.0329234
 0.0130091
 -0.582148
 -0.149136
 0.0487563
  0.025333
-0.0400406
 0.0148467
 -0.603549
 -0.139043
 0.0371792
 0.0208235
-0.0365422
0.00430451
 -0.573145
  -0.13708
 0.0347841
  0.017285
-0.0481971
 0.0044368
  -0.57056
 -0.122072
 0.0333054
 0.0173967
-0.0314709
 0.0151955
 -0.581381
 -0.121504
 0.0198675
 0.0130434
-0.0290078
 0.0082536
 -0.615105
 -0.152153
 0.0198985
 0.0225845
-0.0281909
 0.0116413
 -0.605019
 -0.144218
  0.107676
 0.0255594
-0.0399156
 0.0121587
 -0.597495
 -0.136207
 0.0615411
 0.0259572
-0.0432721
0.00607203
   -0.601557
   -0.183607
 -0.00163562
   0.0235139
  -0.0364131
-0.000961497
  -0.614939
  -0.150083
  0.0597268
  0.0201207
 -0.0409681
-0.00282716
  -0.620772
  -0.176472
   0.057127
  0.0252641
 -0.0374219
-0.00988217
-0.627283
-0.111266
 0.026452
0.0163441
-0.032341
0.0136667
  -0.611217
  -0.186793
-0.00923695
  0.0202466
 -0.0156966
0.000726708
  -0.627617
  -0.150792
  0.0307159
  0.0238159
 -0.0340247
-0.00494067
  -0.64616
 -0.148405
 0.0868501
 0.0115376
-0.0404328
0.00492265
   -0.651565
   -0.202932
   0.0562329
   0.0253695
  -0.0275251
-0.000466352
 -0.650322
 -0.167878
 0.0301052
 0.0212315
-0.0275382
-0.0218219
 -0.636969
 -0.170303
 0.0482396
 0.0238892
-0.0351857
-0.0115084
 -0.639459
 -0.127664
 0.0540461
  0.010049
-0.0374797
0.00857234
 -0.666437
 -0.221901
 0.0284107
 0.0155004
-0.0396797
0.00364814
 -0.632657
 -0.143576
 0.0744543
  0.027856
-0.0368511
0.00824743
  -0.664611
  -0.118432
  0.0469607
  0.0116804
 -0.0415182
-0.00422271
  -0.63823
  -0.20611
  0.061079
 0.0277366
-0.0328267
0.00326792
 -0.657546
 -0.155902
 0.0293963
 0.0251226
-0.0407625
 0.0057835
 -0.661473
 -0.157239
 0.0227571
 0.0242886
-0.0363682
 0.0035654
 -0.672622
 -0.152761
 0.0463621
 0.0205104
-0.0394976
 0.0127821
 -0.659992
 -0.177925
 0.0548505
 0.0211362
-0.0383269
0.00590134
 -0.673099
  -0.19741
  0.087871
 0.0235761
 -0.032979
0.00329611
 -0.695241
 -0.160612
 0.0551585
  0.020165
-0.0325199
-0.0140974
  -0.692589
  -0.181175
  0.0483509
  0.0139771
   -0.03477
-0.00515546
  -0.689799
  -0.184975
  0.0417569
  0.0108284
 -0.0389969
-0.00901224
 -0.690694
 -0.155614
 0.0453869
 0.0187865
-0.0478108
0.00942416
 -0.701744
 -0.190397
 0.0907204
 0.0179473
-0.0262408
-0.0132365
 -0.700602
  -0.13964
 0.0331061
 0.0288703
-0.0244916
-0.0097217
  -0.706073
  -0.212469
 0.00460879
  0.0292725
 -0.0256305
-0.00478195
 -0.717475
 -0.140698
 0.0199948
 0.0176288
-0.0277476
-0.0095623
 -0.682143
 -0.191859
 0.0118073
  0.023798
-0.0240714
0.00844107
 -0.708232
 -0.180558
  0.108765
 0.0161987
-0.0421153
 0.0123975
    -0.72996
   -0.122734
   0.0396931
   0.0152202
   -0.036115
-0.000428408
  -0.713645
  -0.204822
  0.0334098
  0.0302153
 -0.0318756
-0.00162074
  -0.761163
  -0.165823
  0.0269338
  0.0142272
 -0.0432383
0.000270846
 -0.751471
 -0.216824
  0.075076
 0.0230015
-0.0328955
-0.0139458
 -0.728936
 -0.174388
 0.0704168
 0.0205933
-0.0311248
0.00104022
  -0.757352
  -0.166823
-0.00332347
 0.00702659
   -0.02343
-0.00660603
 -0.735979
 -0.201704
0.00584025
 0.0156409
-0.0192436
0.00823137
   -0.7612
  -0.16486
 0.0407131
 0.0136432
-0.0414431
  0.018222
    -0.75832
   -0.185422
   0.0141071
   0.0224231
  -0.0229754
-0.000235311
 -0.771295
 -0.194029
  0.100553
 0.0185135
-0.0322346
0.00912062
    -0.78538
   -0.174398
   0.0473138
   0.0192908
  -0.0288643
-0.000249226
   -0.76793
  -0.206409
 0.00487772
  0.0170701
 -0.0161116
0.000610796
   -0.80304
  -0.181667
   0.020969
 0.00480358
 -0.0235826
-0.00703413
  -0.796575
  -0.206819
  0.0239542
  0.0161474
 -0.0290345
-0.00583871
  -0.820634
  -0.192345
   0.140692
  0.0195631
 -0.0366575
-0.00446097
 -0.814614
 -0.175686
 0.0141341
 0.0246944
 -0.026188
0.00204398
  -0.83328
 -0.200352
 0.0217867
 0.0277177
-0.0363986
0.00191411
 -0.831071
 -0.190947
 0.0594378
 0.0121554
-0.0363224
 0.0018613
 -0.824385
  -0.22517
 0.0672168
 0.0218898
-0.0413885
0.00313401
  -0.850068
   -0.16632
  0.0340956
  0.0110801
  -0.033726
-0.00143014
  -0.815937
  -0.220346
  0.0280079
  0.0180203
 -0.0286495
-0.00312301
  -0.82424
 -0.160527
 0.0453956
 0.0188935
-0.0393434
 0.0160477
  -0.834909
  -0.192942
  0.0294388
  0.0288327
 -0.0362495
-0.00173395
 -0.842502
 -0.185408
 0.0639928
 0.0197073
-0.0314109
0.00533718
  -0.843468
  -0.161955
-0.00273774
  0.0137795
 -0.0298882
-0.00525148
 -0.823869
 -0.239556
0.00672351
 0.0262564
-0.0229915
0.00350203
 -0.878953
 -0.232386
 0.0409332
 0.0227384
-0.0372156
-0.0199146
 -0.877784
 -0.195215
 0.0661211
0.00897737
-0.0468684
 0.0170487
 -0.872834
 -0.161196
 0.0879867
 0.0265193
-0.0470437
0.00808981
 -0.867221
 -0.229304
 0.0454741
 0.0238449
-0.0429789
-0.0130147
 -0.881775
 -0.277552
 0.0627723
  0.029737
-0.0370017
-0.0120318
  -0.88635
 -0.200338
 0.0714691
 0.0221564
-0.0370433
0.00349087
 -0.900903
 -0.224985
 0.0792658
 0.0202119
-0.0333525
 0.0092609
 -0.905532
 -0.225373
 0.0453742
 0.0183393
-0.0288272
-0.0162111
 -0.918901
  -0.23353
 0.0102216
  0.013937
-0.0338536
-0.0117249
 -0.960409
 -0.189105
 0.0286339
 0.0175056
 -0.024621
-0.0172071
  -0.948308
  -0.267136
  0.0794647
  0.0296693
 -0.0314094
-0.00259669
 -0.968867
 -0.138226
 0.0261883
 0.0199836
-0.0218048
0.00751745
 -0.966247
 -0.258734
 0.0193688
 0.0209051
-0.0218368
0.00408529
   -1.0338
 -0.251054
 0.0546081
 0.0162331
-0.0249999
-0.0249576
   -1.008
-0.177745
0.0725647
0.0221815
-0.030333
0.0121852
  -1.02418
 -0.197932
 0.0513498
 0.0262048
-0.0352827
 0.0220664
  -1.00906
 -0.187725
0.00732465
 0.0142618
-0.0253724
0.00876186
  -0.985446
  -0.286171
  0.0572774
  0.0296027
 -0.0183218
0.000523019
   -1.04208
    -0.2093
   0.051557
  0.0241255
 -0.0376806
-0.00159432
  -1.01467
 -0.194568
 0.0467952
 0.0281134
-0.0381987
  0.013698
  -1.04803
 -0.246177
 0.0318464
 0.0154276
-0.0340568
 -0.012449
  -1.05162
 -0.273366
 0.0293272
 0.0188463
-0.0295014
-0.0178687
  -1.04029
 -0.247699
 0.0795991
 0.0246736
-0.0432213
-0.0186763
  -1.06189
 -0.203631
 0.0660605
 0.0218543
-0.0462749
-0.0153067
   -1.0714
 -0.285974
 0.0267493
 0.0193346
-0.0344436
-0.0187567
  -1.09695
 -0.262469
 0.0737089
 0.0231573
-0.0476327
-0.0251374
  -1.08112
  -0.27648
 0.0732063
 0.0207684
 -0.038491
-0.0109119
  -1.12022
 -0.244326
 0.0732973
 0.0189224
 -0.045316
-0.0161302
  -1.12099
 -0.240974
 0.0640792
 0.0271065
-0.0432375
-0.0256057
  -1.08662
 -0.298564
 0.0406479
 0.0217534
-0.0320161
-0.0144011
   -1.11601
  -0.231394
  0.0216295
  0.0255375
 -0.0372486
-0.00357448
   -1.11816
  -0.253569
  0.0524775
  0.0264713
 -0.0321831
-0.00175167
  -1.13824
 -0.224592
 0.0426014
 0.0156224
-0.0443165
-0.0145414
   -1.15047
  -0.269519
  0.0109742
  0.0175702
 -0.0286046
-0.00998234
  -1.18497
 -0.303708
 0.0516845
 0.0157632
-0.0434718
0.00182892
   -1.18063
  -0.227155
  0.0676586
  0.0189377
  -0.043569
-0.00057786
   -1.1807
 -0.223076
0.00855564
 0.0204837
-0.0369375
0.00654944
   -1.17145
  -0.295704
-0.00891562
   0.021089
  -0.042211
 0.00252701
  -1.23181
 -0.297161
 0.0543838
 0.0226536
-0.0341078
-0.0267279
  -1.22774
   -0.2772
  0.103452
 0.0181358
-0.0374006
 0.0117208
   -1.2448
  -0.24533
  0.044913
 0.0248493
-0.0351874
-0.0119127
   -1.20919
  -0.286022
 -0.0271702
  0.0282516
 -0.0311898
-0.00395393
   -1.24727
  -0.311094
  0.0488165
  0.0261376
 -0.0495418
-0.00526997
   -1.25996
  -0.281565
  0.0890502
  0.0225262
 -0.0394101
-0.00626281
  -1.27706
 -0.271976
 0.0774908
 0.0238096
-0.0479902
-0.0171443
   -1.26893
  -0.274048
  0.0487909
  0.0190081
 -0.0370441
-0.00415025
   -1.29142
  -0.291289
 -0.0395674
  0.0105898
 -0.0192748
-0.00530502
   -1.3027
 -0.329185
  0.065753
 0.0175815
-0.0337761
-0.0016077
  -1.32432
 -0.276508
 0.0528953
 0.0201947
-0.0470275
  0.006048
  -1.31398
 -0.244762
 0.0326865
 0.0151592
-0.0438801
0.00455527
   -1.3267
 -0.279158
0.00504645
 0.0197039
-0.0451739
0.00301662
   -1.31936
  -0.316087
  0.0139632
  0.0182202
 -0.0293761
-0.00698498
    -1.3495
  -0.315998
  0.0586967
  0.0275626
 -0.0453546
-0.00294734
   -1.35105
  -0.285099
  0.0542839
  0.0246783
 -0.0453969
-0.00184434
  -1.37967
  -0.26149
 0.0641608
 0.0203497
-0.0424534
 0.0234672
  -1.39707
 -0.318638
 0.0349995
 0.0280359
-0.0441731
  0.011944
   -1.3828
 -0.364443
-0.0061348
0.00783706
-0.0410924
 -0.017988
   -1.44089
  -0.298948
  0.0686587
  0.0133044
 -0.0437914
-0.00970694
  -1.45809
 -0.336827
 0.0743222
 0.0289828
-0.0590849
-0.0228764
   -1.45541
  -0.339255
  0.0883041
  0.0189807
 -0.0540201
-0.00224968
  -1.45938
 -0.346667
0.00353698
 0.0211948
-0.0593715
   -0.0211
   -1.44928
  -0.334752
  0.0358539
   0.021508
 -0.0586712
-0.00020166
    -1.4569
  -0.309621
  0.0591327
  0.0238063
 -0.0482724
-0.00989722
  -1.48979
  -0.31834
 0.0776426
 0.0206756
-0.0566073
-0.0038034
  -1.48132
 -0.297527
 0.0358994
 0.0171477
-0.0439228
 0.0135515
  -1.48278
  -0.33625
0.00937075
0.00938988
-0.0379553
0.00381732
  -1.50563
 -0.298003
 0.0507153
 0.0239913
-0.0413657
 0.0198522
  -1.55956
 -0.326979
0.00807543
 0.0149537
-0.0420196
-0.0168681
  -1.58822
 -0.310129
 0.0197146
 0.0213152
-0.0433579
-0.0176582
    -1.60217
   -0.354056
   0.0319413
   0.0199939
  -0.0470438
-0.000228433
  -1.61688
 -0.308163
 0.0654314
 0.0259272
-0.0502637
 0.0166002
  -1.60943
 -0.391719
 0.0406532
 0.0173929
 -0.052516
0.00578263
  -1.63992
 -0.332741
-0.0355036
 0.0162485
-0.0451752
-0.0210684
  -1.65101
 -0.349254
 0.0405448
 0.0164267
-0.0511841
0.00535501
  -1.69613
 -0.416208
 0.0730662
 0.0133787
-0.0660585
-0.0169931
  -1.70383
  -0.39197
 0.0708817
 0.0281267
-0.0556632
-0.0120347
  -1.72955
 -0.344223
 0.0135257
 0.0148624
 -0.057874
-0.0154388
  -1.74408
 -0.433089
 0.0504202
 0.0215841
-0.0620145
-0.0157455
   -1.79737
  -0.392542
  0.0584765
  0.0304421
 -0.0699316
-0.00210106
  -1.82135
 -0.382147
 0.0385387
 0.0170236
-0.0570009
0.00866244
   -1.8416
 -0.425943
  0.036775
 0.0251354
-0.0684937
0.00951636
  -1.87629
  -0.42633
 0.0599216
  0.026026
-0.0836289
-0.0100975
   -1.93689
  -0.381135
   0.073218
  0.0285773
 -0.0841737
-0.00540736
   -1.95354
  -0.456147
  0.0762675
  0.0280366
 -0.0725371
5.88731e-06
  -1.99625
 -0.471816
 0.0335598
 0.0292949
-0.0848451
-0.0016398
  -2.02419
 -0.428204
 0.0261336
 0.0150818
-0.0806025
 0.0315995
  -2.06471
 -0.441067
 0.0138131
0.00874906
-0.0693169
-0.0105114
   -2.12101
  -0.445275
  0.0351827
  0.0185255
 -0.0588744
-0.00732352
  -2.1413
 -0.46175
0.0665131
0.0253069
-0.079313
0.0185964
  -2.21648
 -0.468222
 0.0638292
  0.026079
-0.0797347
 0.0178819
  -2.21151
 -0.508706
 0.0159734
 0.0281676
-0.0769311
0.00776473
  -2.28589
 -0.499413
 0.0405037
 0.0288656
-0.0808807
0.00382527
   -2.3484
 -0.505196
 0.0727356
 0.0159185
-0.0770249
 0.0137261
  -2.39517
 -0.524587
 0.0845926
 0.0184456
-0.0836322
0.00302556
  -2.40424
 -0.495837
-0.0198795
 0.0259345
-0.0716077
 0.0226534
  -2.44406
 -0.515822
 0.0290515
  0.019063
-0.0742239
 0.0133208
  -2.49434
 -0.551034
  0.073918
 0.0333755
-0.0906589
0.00328106
   -2.5391
 -0.564851
 0.0648889
  0.021311
 -0.087471
0.00956583
  -2.60925
 -0.512073
 0.0178687
 0.0117782
-0.0780003
 0.0127933
  -2.62888
 -0.605676
 0.0460197
 0.0280357
-0.0956851
0.00950139
  -2.65763
  -0.56291
 0.0635003
 0.0303647
-0.0942018
0.00206281
  -2.70391
 -0.612338
 0.0513888
 0.0248772
-0.0928313
0.00820949
  -2.74181
 -0.637149
 0.0381767
 0.0213673
 -0.106701
0.00939019
   -2.57199
  -0.542125
  0.0364155
  0.0305307
 -0.0906516
-0.00864409
  -2.87821
  -0.66102
 0.0554176
 0.0361104
-0.0957246
0.00394558
    -2.9283
  -0.635635
  0.0537879
    0.02527
 -0.0997316
-0.00535898
  -2.95094
 -0.665779
 0.0142847
  0.018671
-0.0990268
0.00840761
  -3.07304
 -0.664136
 0.0460335
 0.0223079
 -0.109964
0.00872018
  -3.08938
 -0.687575
 0.0725185
 0.0281437
 -0.111263
0.00519816
  -3.15583
 -0.663656
 0.0589318
 0.0227768
 -0.110405
0.00679512
 -3.21186
 -0.69002
0.0437329
0.0214758
-0.102326
0.0109399
  -3.29713
  -0.74195
 0.0106292
 0.0259933
 -0.106366
0.00581489
 -3.39017
-0.745467
0.0682385
0.0380936
-0.105459
0.0075592
   -3.4329
 -0.725787
 0.0476726
 0.0393216
 -0.120867
0.00991363
  -3.50331
 -0.771871
 0.0155572
  0.030779
 -0.126027
0.00581958
  -3.56132
 -0.818922
 0.0603746
 0.0289221
  -0.12794
0.00228818
 -3.70608
-0.780667
0.0503967
0.0251724
-0.141542
0.0271991
 -3.78756
-0.817411
 0.064038
0.0425071
-0.146281
0.0145477
  -3.89818
 -0.878306
 0.0110416
  0.036781
 -0.144516
0.00698675
 -4.00909
-0.881819
0.0333907
0.0291705
-0.150162
0.0132213
 -4.09098
-0.897449
0.0916615
0.0428735
-0.167026
0.0269055
 -4.19319
-0.907882
0.0472638
 0.037171
-0.161634
0.0389454
 -4.26743
-0.969989
0.0330154
0.0307165
 -0.15998
0.0243414
 -4.38314
-0.971774
0.0327765
0.0299166
-0.155725
 0.028131
 -4.52703
-0.998883
0.0714593
0.0348144
-0.175553
0.0199113
 -4.61804
-0.985578
 0.052142
0.0329312
-0.183531
0.0430127
 -4.77528
 -1.06924
0.0600991
0.0391755
-0.174927
 0.019826
 -4.86215
 -1.08441
0.0113857
0.0310286
-0.194737
 0.033572
 -4.95538
 -1.08828
0.0600104
0.0382769
-0.190631
0.0355064
 -5.08299
 -1.11767
0.0521278
0.0429117
-0.188078
0.0374324
 -5.20544
 -1.15277
0.0340916
0.0425307
 -0.19952
0.0303766
 -5.31165
 -1.18443
0.0473541
0.0365463
-0.203999
 0.046266
 -5.49849
 -1.22785
0.0223426
0.0454682
-0.232926
0.0417486
 -5.61615
 -1.25198
0.0589742
0.0474842
 -0.22576
0.0515039
 -5.72441
 -1.27013
0.0293093
0.0382035
-0.213766
0.0480697
 -5.86348
 -1.31123
0.0373325
0.0424067
-0.232464
  0.05042
 -6.02081
  -1.3458
0.0372922
0.0444659
-0.234943
0.0441157
 -6.16746
 -1.39294
0.0173341
0.0409161
-0.246255
0.0596099
 -6.31817
 -1.39885
0.0778518
0.0468241
 -0.26675
0.0516809
 -6.50803
  -1.4664
0.0217761
0.0523437
-0.276595
0.0646573
 -6.64112
 -1.47928
0.0543769
0.0496596
-0.277878
0.0682962
 -6.79083
 -1.52422
0.0040198
0.0524262
-0.282387
0.0796667
 -6.98068
 -1.57339
0.0668868
0.0563005
-0.293768
0.0971429
 -7.19579
 -1.62619
0.0578393
0.0616697
-0.290853
0.0848505
 -7.35576
 -1.65451
0.0197771
0.0583552
-0.312771
0.0823096
 -7.52081
 -1.70946
0.0167884
0.0507652
-0.302035
 0.101449
 -7.75212
 -1.75996
 0.065108
0.0528737
-0.318611
 0.101313
 -7.95182
 -1.81941
0.0289856
0.0582744
-0.323957
 0.111142
 -8.15047
 -1.85354
0.0562674
0.0529246
-0.340558
 0.115949
  -8.35748
  -1.91222
-0.0141815
 0.0559347
  -0.35365
  0.138344
 -8.53272
 -1.94295
0.0675433
0.0604963
-0.367475
  0.13865
 -8.74257
  -1.9932
0.0440843
0.0654532
-0.361345
 0.134451
   -8.92991
   -2.04618
-0.00108294
  0.0612679
  -0.379327
    0.15832
 -9.15028
 -2.10632
0.0529524
0.0695258
-0.399514
 0.152111
 -9.35073
 -2.14668
0.0211756
0.0635001
-0.399356
 0.175141
 -9.58236
 -2.20596
 0.049185
0.0706971
-0.421172
 0.188298
 -9.77803
 -2.25277
0.0603144
0.0699127
-0.432405
 0.175934
   -10.048
  -2.32438
-0.0117227
 0.0769468
 -0.426349
  0.192245
 -10.2775
 -2.40004
0.0168044
0.0821395
-0.429319
  0.19669
 -10.5323
 -2.43268
0.0586344
0.0803188
-0.460236
 0.217683
 -10.8024
  -2.5235
0.0639057
0.0799671
-0.473393
 0.228432
 -11.0041
 -2.54877
0.0385048
0.0841082
 -0.46891
 0.253428
  -11.2642
  -2.66136
-0.0258942
 0.0765373
  -0.48064
  0.252183
 -11.5639
 -2.70072
0.0552547
0.0844695
-0.499064
 0.268086
 -11.8402
 -2.75811
0.0578889
0.0815023
-0.507506
 0.276804
 -12.1162
 -2.81124
 0.019436
0.0872088
-0.516788
 0.296541
   -12.345
  -2.92783
0.00463941
 0.0924113
  -0.53082
    0.3052
   -12.646
  -2.97057
-0.0085518
 0.0911423
 -0.541889
  0.317873
 -12.9828
 -3.09055
 0.026981
0.0993236
-0.566292
 0.344614
 -13.2284
 -3.08724
0.0285159
 0.103274
-0.577141
 0.373455
 -13.5244
 -3.20987
0.0118973
 0.103996
-0.612234
 0.367716
 -13.8363
 -3.30817
0.0104476
 0.111313
-0.632255
 0.396779
 -14.1357
 -3.38039
0.0262024
 0.104143
-0.645586
 0.405525
   -14.4383
   -3.41763
0.000793337
   0.109643
  -0.663811
   0.430859
  -14.6995
  -3.46236
-0.0240354
  0.116691
 -0.676302
  0.442805
   -14.9583
   -3.59785
-0.00344932
   0.117111
  -0.694453
   0.449097
   -15.2896
   -3.62583
-0.00561199
   0.125145
  -0.721946
   0.486101
  -15.7022
   -3.7313
-0.0349179
  0.120684
 -0.745695
  0.484223
  -15.9816
  -3.83528
-0.0441725
  0.132058
 -0.767449
    0.5024
  -16.2925
  -3.87681
-0.0193207
  0.140487
 -0.796228
   0.52898
  -16.6021
  -3.98456
-0.0183291
  0.147011
 -0.824095
  0.562505
  -17.0171
  -4.09357
-0.0384899
  0.149624
 -0.809786
   0.54567
  -17.4039
  -4.20074
-0.0405596
  0.145284
 -0.837919
  0.575045
  -17.7616
   -4.2471
-0.0227056
  0.147727
  -0.85818
  0.623371
  -18.0263
  -4.33753
-0.0536053
   0.14658
 -0.865115
  0.623569
  -18.2084
  -4.34689
-0.0337502
   0.14051
 -0.880384
   0.63101
  -18.2296
  -4.34236
-0.0198822
  0.152294
  -0.88292
  0.607193
  -18.0798
  -4.31238
-0.0500358
  0.147244
 -0.873613
  0.563016
  -17.8312
  -4.21695
-0.0406008
  0.160415
 -0.882432
  0.554225
   -17.4062
   -4.11041
-0.00469619
    0.16485
  -0.875429
   0.507012
  -17.0008
  -4.00535
-0.0113556
   0.15181
 -0.861025
   0.45445
 -16.3732
 -3.78809
0.0078209
 0.152303
-0.826431
 0.416168
  -15.7071
  -3.61386
-0.0110142
  0.135855
 -0.791688
  0.367222
  -15.2352
  -3.48585
-0.0525634
  0.129277
 -0.756562
  0.295677
    -14.67
  -3.31442
0.00157513
  0.127501
 -0.710684
  0.234314
  -14.1482
  -3.15888
0.00410552
  0.117604
 -0.694433
  0.188622
  -13.5801
  -2.96217
0.00208033
  0.116985
 -0.646989
  0.135017
  -13.1773
  -2.89676
0.00152402
  0.106502
 -0.641517
 0.0875877
 -12.7446
 -2.73841
 0.022579
 0.109551
-0.604795
0.0706538
  -12.301
 -2.67575
0.0400381
 0.108722
-0.575735
0.0197973
   -11.894
  -2.44312
  0.015757
 0.0931229
 -0.516473
-0.0077824
  -11.5549
  -2.44024
-0.0126663
 0.0953467
 -0.497905
-0.0501977
  -11.2977
  -2.31049
 0.0304718
 0.0846295
 -0.468826
-0.0620301
 -11.1953
 -2.28677
0.0316115
0.0843307
-0.442306
-0.109353
 -11.0541
 -2.21347
0.0128188
0.0798151
-0.422335
-0.116206
 -10.6792
 -2.14843
0.0554294
0.0797226
-0.412735
-0.144324
 -10.2386
 -2.03516
0.0582325
0.0671399
-0.400869
-0.142076
 -9.77574
  -1.9334
0.0795578
0.0696694
-0.386281
-0.162797
 -9.53296
 -1.87865
0.0187431
0.0627677
-0.342222
-0.212282
  -9.30347
  -1.79249
0.00447416
 0.0618653
 -0.323934
 -0.217461
 -9.08614
 -1.76311
0.0289442
0.0685757
-0.325601
-0.217068
 -8.81411
 -1.68576
0.0665664
0.0692585
-0.317639
-0.215741
 -8.63675
 -1.61658
0.0513708
0.0594524
-0.308697
-0.213169
 -8.43365
 -1.59969
0.0418116
 0.060573
-0.305428
-0.215353
 -8.30593
 -1.56214
0.0517635
0.0577145
-0.304006
-0.218054
 -8.06892
 -1.54421
0.0827159
0.0563466
-0.284103
-0.254103
 -7.95945
 -1.47945
0.0290196
0.0563848
-0.273859
-0.245817
 -7.83081
 -1.44696
0.0299802
0.0471133
 -0.26811
 -0.23699
   -7.841
 -1.48554
0.0539137
0.0651368
 -0.26795
-0.266489
 -7.72102
 -1.40073
0.0582741
0.0629951
 -0.27451
-0.261927
 -7.62203
 -1.39265
0.0323693
0.0602476
-0.275794
-0.243338
 -7.53509
 -1.41644
0.0426625
0.0557518
-0.267703
-0.244948
 -7.52497
 -1.37452
0.0319897
0.0583047
-0.278777
-0.246271
    -7.47
 -1.39234
0.0750616
0.0516171
-0.280875
-0.270313
 -7.34734
 -1.33833
  0.02811
0.0539147
-0.269064
-0.241915
 -7.27059
 -1.31336
0.0204365
 0.052003
-0.265128
-0.264626
  -7.2337
 -1.34151
0.0559101
0.0642386
-0.274756
-0.256428
 -7.20958
 -1.27393
0.0366754
 0.051213
-0.277444
-0.272513
 -7.13136
 -1.27893
0.0458652
0.0582886
  -0.2851
 -0.25481
 -7.04602
 -1.28027
0.0387811
0.0609836
-0.281147
-0.254077
 -6.99559
 -1.28224
0.0448664
0.0672475
 -0.30694
-0.269733
 -6.95623
 -1.26333
0.0774643
0.0560243
-0.293833
-0.272434
 -6.87445
  -1.2125
0.0198347
 0.061006
-0.287306
-0.248956
 -6.77591
  -1.1982
 0.039358
0.0627478
-0.290534
-0.255201
   -6.71065
    -1.2138
-0.00779398
  0.0589133
   -0.28396
  -0.286369
 -6.63218
 -1.14884
0.0568868
0.0645167
-0.299921
-0.273004
  -6.63126
  -1.20649
0.00991313
 0.0620188
  -0.29504
 -0.281489
 -6.56044
 -1.16452
0.0429915
0.0523521
-0.302405
-0.269585
 -6.51355
 -1.16962
0.0270606
0.0652417
-0.305575
  -0.2745
 -6.43553
 -1.16359
0.0642492
0.0599861
-0.297648
-0.278783
 -6.41178
 -1.13769
0.0036508
0.0653479
-0.287523
-0.287471
  -6.37948
  -1.07603
0.00788719
  0.062011
 -0.301795
 -0.273894
  -6.2962
  -1.1577
0.0346038
0.0689798
-0.287999
-0.275935
  -6.2706
 -1.08631
0.0307853
0.0639675
-0.294425
-0.265929
 -6.22314
 -1.06997
0.0122654
  0.07213
-0.305816
-0.242107
 -6.20821
 -1.12073
0.0277474
0.0622011
-0.292556
-0.264259
  -6.1791
 -1.05493
 0.016116
0.0660655
-0.299423
-0.254623
 -6.14206
 -1.10363
0.0327751
0.0545354
-0.304276
-0.266434
 -6.08627
 -1.07513
 0.042052
0.0676138
-0.290262
-0.270235
  -6.05226
   -1.0323
0.00110735
 0.0605237
 -0.296016
 -0.263466
 -6.00103
 -1.04432
0.0139185
 0.071571
-0.295503
-0.267019
  -5.94329
  -1.03727
-0.0165936
 0.0653549
 -0.291295
 -0.276082
 -5.86901
-0.998645
0.0327423
0.0665321
-0.297722
-0.253461
 -5.84947
-0.978787
0.0119108
0.0619232
-0.297962
-0.272893
 -5.82769
 -1.04872
 0.022364
0.0709126
-0.306447
 -0.26943
  -5.82952
  -0.98483
0.00799595
 0.0593148
 -0.299748
 -0.261684
  -5.76528
  -1.02562
0.00538825
 0.0657971
 -0.291832
 -0.274873
 -5.74605
-0.977399
0.0272231
0.0544605
-0.303295
-0.266813
 -5.71872
 -1.03563
0.0526709
0.0557216
-0.312335
-0.266195
  -5.66635
 -0.931987
0.00699671
 0.0620441
 -0.305263
 -0.244986
   -5.61894
  -0.940292
-0.00646404
  0.0530088
  -0.290898
  -0.261321
  -5.58832
  -1.00282
0.00617819
 0.0680179
 -0.297269
 -0.274248
 -5.57918
-0.913749
0.0118354
0.0611738
-0.285676
-0.273607
  -5.5712
-0.962028
 0.022765
0.0647491
-0.293946
-0.258511
 -5.53429
 -0.94415
 0.011733
0.0629606
-0.278454
-0.254658
   -5.48947
  -0.933548
-0.00252099
  0.0636644
   -0.28514
  -0.263356
 -5.46172
-0.925201
0.0418295
0.0621191
-0.292282
-0.253535
 -5.44948
-0.925422
0.0156756
0.0693837
-0.285921
-0.263229
 -5.42792
-0.937518
0.0110561
0.0659941
 -0.27993
-0.269177
 -5.39175
-0.929894
0.0572591
0.0633736
-0.295058
-0.258187
 -5.34138
-0.901393
0.0304971
0.0530122
-0.279642
-0.254651
  -5.29148
 -0.921322
-0.0175191
 0.0567802
 -0.260754
 -0.270425
  -5.30362
 -0.896393
0.00388724
 0.0519401
 -0.265637
  -0.26288
 -5.28597
-0.916295
0.0124033
0.0584576
-0.271022
-0.263172
  -5.2351
-0.867366
0.0362804
0.0667026
-0.261886
 -0.25975
   -5.19407
  -0.894073
-0.00296463
  0.0652566
  -0.266837
  -0.263449
     -5.1691
   -0.861363
-0.000355452
   0.0606559
   -0.268595
   -0.248967
 -5.16175
 -0.89695
 0.025763
0.0663749
-0.271209
-0.247174
 -5.12261
-0.855959
0.0168631
0.0548886
-0.274864
-0.238962
 -5.08469
-0.847154
0.0325536
 0.062122
-0.259767
-0.259251
  -5.09704
 -0.874866
0.00448616
 0.0641149
 -0.256286
 -0.253187
 -5.06945
-0.869703
0.0097954
0.0552532
-0.258036
-0.240441
  -5.04835
 -0.828726
0.00906822
 0.0582716
 -0.250682
 -0.242453
 -5.02278
-0.864437
0.0257819
0.0524699
-0.259889
-0.246625
 -5.03584
-0.828905
0.0267863
 0.047428
-0.262185
-0.244413
 -5.01211
-0.865996
0.0131882
0.0600376
-0.261285
-0.250193
 -5.01757
 -0.84228
0.0301491
0.0640106
-0.261599
-0.243993
 -5.00628
-0.869776
0.0499241
0.0604691
-0.255877
-0.243367
  -4.97842
 -0.842838
0.00982425
  0.059321
 -0.251192
 -0.255038
    -4.9676
  -0.855101
-0.00408687
  0.0512657
  -0.252205
  -0.249688
   -4.94552
  -0.851543
-0.00562567
  0.0590051
  -0.250651
  -0.243872
 -4.92582
-0.778757
0.0150935
  0.05689
-0.248278
-0.236455
   -4.86983
   -0.85468
-0.00146725
   0.065798
  -0.245569
  -0.234345
 -4.85586
-0.801241
0.0176871
0.0626541
-0.261196
-0.239082
  -4.86069
 -0.833846
0.00777975
 0.0519355
 -0.261496
  -0.23706
 -4.86909
-0.815278
0.0157278
0.0556046
-0.260709
-0.255441
 -4.83754
-0.824553
0.0258389
 0.051987
 -0.25106
-0.262184
 -4.78678
-0.804721
0.0199558
0.0524766
-0.267709
-0.232963
 -4.75526
-0.805246
0.0187095
0.0640252
-0.259443
-0.225926
 -4.78454
-0.804196
0.0253608
0.0559637
-0.260224
-0.240551
 -4.77247
-0.812643
0.0102981
0.0538044
-0.261939
-0.233638
 -4.77709
-0.809069
0.0336795
0.0510513
-0.265061
-0.239454
  -4.78742
 -0.802099
0.00911395
 0.0571817
 -0.256995
 -0.234038
 -4.76515
 -0.81614
0.0162755
0.0571249
-0.259569
-0.234414
 -4.75357
-0.796473
 0.012479
 0.054632
-0.255955
-0.221995
 -4.72746
-0.800317
0.0165915
 0.059516
-0.256895
-0.240945
  -4.66206
  -0.78892
0.00835053
 0.0613523
 -0.263831
 -0.226798
 -4.63983
-0.779013
0.0105284
0.0520012
-0.262897
-0.213492
 -4.64005
-0.784577
 0.017885
0.0588845
-0.258872
-0.246507
 -4.61367
-0.773748
0.0177291
0.0626624
-0.258755
-0.228649
 -4.58833
 -0.77524
0.0220276
0.0642165
-0.268523
-0.236891
 -4.55835
-0.763679
0.0174239
 0.053739
-0.263077
-0.221243
 -4.59189
-0.777863
0.0210618
0.0568744
-0.256362
-0.242667
 -4.60505
 -0.78329
0.0181546
0.0613784
-0.254659
-0.232121
  -4.60127
 -0.782321
0.00598895
 0.0692521
 -0.255742
 -0.220055
 -4.61036
-0.779531
0.0159431
0.0572096
-0.265625
-0.229195
 -4.60427
-0.786339
0.0215792
0.0622331
-0.264187
-0.233516
 -4.59273
-0.775645
0.0168955
0.0541635
-0.266712
-0.224923
 -4.57804
-0.775204
  0.01774
0.0652542
-0.266981
-0.226631
  -4.56076
  -0.77043
0.00738029
 0.0595892
 -0.251163
 -0.228772
 -4.52162
-0.760699
0.0194225
0.0593201
-0.266164
-0.212992
  -4.52155
 -0.769183
0.00822753
 0.0656104
 -0.256363
 -0.225964
  -4.5223
 -0.75842
0.0148782
0.0585504
-0.268332
-0.213842
 -4.50101
-0.759863
0.0202757
0.0578791
-0.257406
-0.217781
  -4.49471
 -0.752325
0.00858084
 0.0618977
 -0.262136
 -0.228014
 -4.49535
-0.756775
0.0270057
0.0647875
 -0.26274
-0.205782
 -4.53449
-0.767562
0.0240708
0.0493125
-0.260319
-0.224228
 -4.54875
-0.767323
0.0195786
0.0658213
-0.255345
-0.220194
 -4.58056
 -0.77519
0.0124882
0.0488429
-0.257332
-0.217128
  -4.57227
 -0.783195
0.00906062
 0.0502722
 -0.247133
 -0.231232
 -4.62682
-0.787346
0.0183931
0.0649639
-0.260646
-0.229028
 -4.61992
-0.782259
0.0173351
0.0617697
-0.259274
-0.215986
 -4.60655
-0.777427
0.0237418
0.0618749
-0.273503
-0.219739
 -4.57481
-0.772437
0.0123056
0.0591052
 -0.25871
-0.214264
 -4.54727
-0.765771
 0.017319
0.0585157
 -0.25482
-0.221755
 -4.57296
-0.779928
0.0165133
 0.051109
-0.263513
-0.245464
 -4.57081
-0.779192
0.0190222
0.0642031
-0.263387
 -0.22271
 -4.55312
 -0.76795
0.0187595
0.0530724
-0.260696
-0.214996
 -4.57047
-0.772622
0.0142546
0.0621007
 -0.26065
-0.226394
 -4.59573
-0.779655
0.0158425
0.0605479
-0.263058
-0.224323
 -4.59531
-0.773369
 0.016909
0.0553776
-0.259498
-0.217002
 -4.61766
-0.782255
0.0225728
 0.065042
-0.268388
-0.232272
 -4.60114
-0.782736
0.0214521
0.0561267
-0.263062
-0.232247
 -4.58969
-0.778521
0.0210509
0.0570878
-0.263001
 -0.24082
 -4.60779
-0.780387
0.0191572
0.0632561
-0.256114
 -0.22826
 -4.60097
-0.775648
0.0135658
0.0565354
-0.257679
-0.221866
 -4.57851
-0.772368
0.0197533
 0.071222
-0.262599
-0.227905
 -4.56997
-0.774254
0.0132011
0.0621665
-0.243612
-0.223206
 -4.56964
-0.767414
0.0198277
0.0609986
-0.262257
-0.217414
 -4.59563
-0.779259
0.0226557
0.0652672
-0.264946
-0.215316
 -4.56611
-0.773697
0.0211818
0.0533289
 -0.25504
-0.218746
 -4.54487
-0.767086
0.0185856
0.0582725
-0.253848
-0.215876
 -4.54942
-0.765608
 0.018601
0.0577151
-0.256791
-0.214525
 -4.55958
-0.774043
0.0221253
0.0622657
-0.257359
-0.222031
 -4.61156
-0.781402
0.0214152
0.0701904
-0.266344
-0.228082
 -4.59681
-0.775981
0.0156631
0.0524492
-0.265452
-0.231475
 -4.58813
-0.777733
0.0135327
0.0497753
-0.255203
-0.226701
 -4.59698
-0.775227
0.0170852
0.0554032
-0.264795
-0.212889
  -4.61602
 -0.781912
0.00825192
 0.0630614
 -0.264165
 -0.222505
 -4.59963
-0.780173
0.0123796
0.0676963
-0.262436
-0.228579
 -4.55657
-0.770296
0.0165476
0.0603358
-0.260441
-0.215628
 -4.55602
-0.772438
0.0108917
0.0638029
-0.256853
-0.221139
 -4.57832
-0.774264
0.0210972
 0.058241
-0.262303
-0.226481
 -4.56547
-0.768173
0.0210098
0.0503071
-0.254614
-0.218518
 -4.57843
-0.772782
0.0232697
0.0679138
-0.260846
 -0.22145
    -4.59
 -0.76936
0.0166367
0.0579012
-0.258986
-0.220377
 -4.61752
-0.782982
0.0216929
0.0673448
-0.271014
-0.221035
  -4.6163
-0.788123
0.0152205
0.0665088
 -0.25538
-0.216927
 -4.62849
-0.782483
 0.014099
0.0469744
-0.250741
-0.219646
 -4.62417
-0.782719
0.0161874
0.0509986
-0.256318
-0.224801
 -4.59832
-0.778559
0.0124485
0.0525191
 -0.26504
-0.230043
 -4.58251
-0.774922
0.0135292
0.0550868
-0.253597
-0.217001
 -4.60036
-0.777998
0.0204506
0.0563988
-0.269024
-0.218389
 -4.55325
-0.766469
0.0186025
 0.060565
-0.250651
-0.214719
 -4.53894
-0.765049
0.0149261
0.0685391
-0.249645
-0.220276
 -4.55408
-0.772257
0.0142764
0.0540826
-0.247393
-0.221731
 -4.57899
-0.772816
0.0155398
  0.05064
-0.265652
-0.227522
 -4.56186
-0.773748
0.0131551
 0.063178
-0.254144
-0.223554
 -4.56983
-0.767747
0.0178024
0.0547052
-0.270796
 -0.21247
 -4.59259
-0.775924
0.0179933
0.0527066
-0.255337
-0.223287
 -4.59888
-0.783682
0.0195249
0.0602977
-0.267228
-0.216682
  -4.60561
 -0.774379
0.00939703
 0.0556896
 -0.258124
 -0.206705
 -4.60164
 -0.78142
0.0117076
0.0613738
 -0.26445
-0.212696
 -4.61566
-0.783384
0.0135781
0.0514349
-0.254039
-0.242131
 -4.62655
 -0.78946
0.0175684
0.0577964
-0.265785
-0.222852
 -4.61304
-0.776756
0.0148642
0.0630006
-0.264734
-0.216203
 -4.61645
-0.780081
0.0171426
0.0542293
-0.258725
-0.224488
 -4.57965
-0.769553
0.0165094
0.0561638
-0.264862
-0.226053
 -4.58861
-0.774426
0.0163761
0.0603722
 -0.25871
-0.241264
  -4.5672
-0.768968
0.0143148
 0.063195
-0.253312
-0.213897
 -4.59025
-0.776145
0.0191443
0.0657785
-0.267288
-0.216524
 -4.56979
-0.766558
0.0210605
 0.061934
-0.254199
-0.208195
 -4.56992
-0.766939
0.0144273
0.0572926
-0.252059
-0.208037
 -4.60992
-0.781247
0.0146984
0.0551016
-0.257531
-0.234907
 -4.62739
-0.785457
0.0171769
0.0588736
-0.253657
 -0.23279
 -4.60332
-0.774053
0.0170693
0.0613725
-0.259225
-0.209541
 -4.60874
-0.786277
0.0151138
0.0538052
-0.257399
-0.223653
 -4.59144
  -0.7718
0.0177499
0.0592871
 -0.26471
-0.225781
 -4.61548
-0.784066
0.0148873
0.0548913
-0.261614
-0.233115
 -4.60331
-0.781881
0.0238951
0.0631907
-0.267488
 -0.21785
  -4.5934
-0.780152
0.0179824
0.0610872
-0.254536
-0.227555
 -4.58307
 -0.78075
 0.011135
0.0596946
-0.261129
-0.235327
  -4.5766
-0.772182
0.0233175
0.0615798
-0.252886
-0.219333
 -4.59937
-0.780326
0.0180676
0.0717101
-0.255782
-0.220094
 -4.61195
-0.781721
0.0151349
0.0556521
-0.258234
 -0.21425
  -4.6078
 -0.78204
0.0173208
0.0516048
 -0.26588
-0.219278
 -4.59984
-0.779892
0.0170989
0.0581656
-0.258711
 -0.21955
 -4.60963
-0.782525
0.0147492
0.0537393
-0.257851
-0.235515
 -4.61685
-0.779019
0.0150593
0.0523824
-0.262017
-0.216811
 -4.58701
-0.781269
0.0182246
0.0592683
-0.258691
 -0.21722
 -4.58191
-0.776629
0.0192058
0.0615839
-0.262702
  -0.2133
  -4.5779
-0.774568
 0.022145
0.0698836
-0.251591
-0.222643
 -4.58691
-0.773997
0.0148405
0.0560452
-0.256458
-0.206836
 -4.59023
-0.776098
0.0190045
0.0647509
-0.263649
-0.223499
 -4.58274
-0.781596
0.0158452
0.0609471
-0.254496
-0.222514
 -4.59422
-0.777404
0.0121493
0.0588073
-0.256784
-0.237218
 -4.57624
-0.766539
0.0156344
0.0585701
-0.256386
 -0.20471
 -4.60854
-0.778642
0.0205122
0.0523047
-0.263418
-0.220167
  -4.6133
-0.784019
0.0180632
0.0560963
 -0.26176
-0.240408
 -4.61454
-0.788491
0.0162853
0.0482476
-0.263656
-0.230641
 -4.61552
-0.783294
0.0160854
0.0618041
-0.260177
-0.223758
   -4.614
-0.780612
0.0239505
0.0641574
-0.270108
-0.215885
 -4.62742
-0.784657
0.0202933
0.0617983
 -0.25482
-0.241729
 -4.58677
-0.774101
0.0122974
0.0597642
-0.254746
-0.220617
 -4.58904
-0.772229
0.0199303
0.0638999
-0.255026
-0.224494
 -4.60357
-0.780804
0.0190728
0.0630437
-0.261667
 -0.23332
 -4.59127
-0.780808
0.0124601
0.0654433
-0.265507
-0.225154
 -4.57262
-0.764389
0.0151748
0.0559384
-0.258947
-0.224632
 -4.56853
-0.772038
 0.012252
0.0637509
-0.249182
-0.210626
 -4.58288
 -0.77307
0.0122337
0.0590091
-0.252196
-0.220689
 -4.61194
-0.789215
0.0161695
0.0646116
-0.266158
-0.229047
 -4.61299
-0.785368
0.0141896
0.0626713
-0.257007
-0.209003
 -4.62222
-0.783222
0.0129767
0.0455455
-0.262759
-0.222506
 -4.61784
-0.782336
0.0182852
0.0577487
-0.255631
-0.225575
 -4.62469
-0.780033
0.0205129
0.0550787
-0.261684
 -0.22584
 -4.60642
-0.778985
0.0171495
0.0539311
-0.264027
-0.220391
  -4.5887
-0.773783
0.0259017
0.0595081
-0.254398
-0.209513
 -4.57994
-0.776432
0.0145497
0.0616959
-0.263391
-0.222339
 -4.59861
-0.777057
0.0170377
0.0543623
-0.266582
-0.220334
 -4.59916
-0.774265
0.0166417
0.0530873
-0.251009
-0.233271
 -4.59803
-0.779034
0.0134659
0.0570036
-0.260414
 -0.23285
 -4.55831
-0.771275
0.0175501
0.0601531
-0.254423
-0.223018
 -4.58977
-0.779383
0.0181697
 0.050205
-0.262616
-0.222651
 -4.61095
-0.785422
0.0172819
0.0557284
-0.259475
-0.225332
 -4.60513
 -0.78411
 0.017531
 0.058613
-0.270517
-0.208998
 -4.61865
-0.787379
0.0173084
0.0602845
-0.259778
-0.227643
  -4.5964
-0.785199
0.0162022
0.0636482
-0.263232
-0.215387
 -4.61924
-0.784728
0.0215876
0.0602896
-0.266305
  -0.2332
 -4.61965
-0.783503
 0.017429
0.0594592
-0.255704
-0.214403
  -4.6143
 -0.78015
0.0206069
0.0574921
-0.266145
-0.217831
 -4.59247
-0.784188
0.0159599
0.0628154
-0.260935
-0.224625
 -4.58413
 -0.77582
0.0190931
0.0623146
-0.259955
-0.217341
 -4.59749
-0.780575
0.0193048
0.0616347
-0.261609
-0.220188
 -4.60469
-0.777262
0.0148407
0.0587681
-0.260274
-0.217562
 -4.58163
-0.770243
0.0120838
0.0551673
-0.260193
-0.226054
  -4.59085
 -0.774761
0.00656245
 0.0576104
 -0.251497
 -0.231688
 -4.59098
-0.774243
0.0183353
0.0558058
-0.260825
-0.201893
  -4.6157
-0.783264
0.0185016
 0.053974
-0.263176
-0.219079
 -4.63405
-0.791993
0.0162928
0.0615712
  -0.2578
 -0.23485
 -4.58779
-0.777524
0.0158063
0.0671869
-0.255635
-0.215431
 -4.60195
-0.780001
0.0159894
0.0590279
-0.267533
-0.221252
 -4.60902
-0.785203
0.0128056
0.0559177
-0.259911
-0.225204
 -4.60622
-0.779552
 0.018264
0.0553701
-0.264199
-0.220742
 -4.59378
-0.771143
0.0155511
0.0558192
-0.261811
-0.225144
 -4.59878
-0.775814
0.0144838
0.0584914
-0.260658
-0.231316
 -4.60074
-0.776264
0.0145091
0.0578975
-0.258106
-0.231381
 -4.60197
-0.779529
0.0101839
0.0642282
-0.259539
-0.227942
 -4.62194
-0.783562
0.0163094
0.0502693
-0.259064
-0.220761
 -4.60385
-0.779936
0.0248703
0.0582525
-0.265449
-0.223834
 -4.60638
-0.778826
 0.019237
0.0531052
-0.261447
-0.227397
 -4.61068
-0.778727
 0.017162
 0.051023
-0.263525
-0.222039
 -4.62727
-0.787086
0.0175364
0.0534009
-0.271103
  -0.2237
 -4.62135
-0.785616
0.0151211
0.0560833
-0.265249
-0.226132
 -4.60174
-0.781083
0.0182088
0.0518533
-0.262418
-0.226611
 -4.60283
-0.783791
0.0202707
0.0598174
-0.254825
-0.235088
  -4.6097
-0.781712
0.0180456
0.0567419
-0.258762
 -0.23529
 -4.59549
-0.781064
0.0138509
0.0590632
-0.262066
-0.215734
 -4.59401
-0.778624
0.0144773
0.0536121
-0.259197
-0.237792
 -4.58705
-0.781294
0.0179555
0.0541287
-0.256341
-0.233295
 -4.58616
-0.775629
0.0177265
0.0632524
-0.252685
-0.228675
 -4.61403
-0.782117
0.0196765
0.0483435
-0.263757
-0.216439
 -4.60087
-0.783858
0.0115748
 0.065694
-0.259386
-0.221012
 -4.60177
  -0.7804
0.0190073
0.0545368
 -0.26265
-0.240102
 -4.60667
-0.777126
0.0137975
0.0658372
-0.259119
-0.210429
 -4.63571
 -0.79355
0.0209627
0.0610497
-0.261322
 -0.22861
 -4.63332
-0.787188
0.0174765
0.0579703
-0.265981
-0.225542
 -4.60998
-0.780656
0.0138171
0.0628399
-0.258673
-0.218545
 -4.59789
-0.779515
0.0172216
0.0597881
-0.264902
-0.212511
 -4.59079
 -0.77481
0.0194514
0.0572441
-0.260998
-0.202244
 -4.60712
-0.783757
0.0182497
0.0587248
-0.260668
-0.227339
 -4.58956
-0.778746
0.0167409
0.0658234
-0.262326
-0.229329
 -4.58322
-0.772507
0.0157791
0.0518839
-0.263736
-0.215488
 -4.58447
-0.774555
0.0212859
0.0607941
-0.265617
-0.218891
  -4.6062
-0.779441
0.0180713
 0.053352
-0.256797
-0.230109
 -4.62911
-0.786449
0.0205108
0.0608725
-0.256225
-0.235427
 -4.61168
-0.782852
0.0195114
0.0505827
 -0.26196
-0.224021
 -4.60886
 -0.78454
0.0238418
0.0599735
-0.260404
-0.227817
 -4.60453
-0.777382
0.0122096
0.0624482
 -0.25869
-0.235924
 -4.62249
 -0.78827
0.0217922
0.0623951
-0.268335
-0.229823
 -4.61781
-0.783305
0.0173387
0.0538456
-0.268234
-0.223173
 -4.60876
-0.785505
0.0205654
0.0589135
 -0.26715
 -0.22784
 -4.59255
-0.774941
0.0131004
0.0675973
-0.257833
-0.236355
 -4.62923
-0.785963
0.0195442
0.0654893
-0.262421
-0.225773
 -4.61367
-0.782075
0.0171698
0.0642455
 -0.25869
-0.221247
 -4.58149
-0.771057
0.0192078
0.0485884
-0.256559
-0.208563
 -4.58852
-0.782889
0.0202138
0.0614373
-0.256863
-0.231734
 -4.59167
-0.778684
0.0111361
0.0654816
-0.248795
-0.229246
 -4.59612
-0.777452
0.0191709
0.0630106
-0.255864
-0.219111
 -4.61111
-0.784649
0.0206274
0.0546945
-0.261419
-0.225043
 -4.59423
-0.778664
0.0152068
0.0508361
-0.263107
-0.203259
 -4.59128
 -0.78109
 0.018293
0.0573505
-0.261954
-0.216476
 -4.60593
-0.772835
0.0136637
0.0514034
-0.253551
-0.215463
  -4.61568
 -0.783795
0.00731998
 0.0569988
 -0.256851
 -0.218987
 -4.59933
-0.774675
0.0145816
0.0477463
-0.263438
-0.230518
 -4.59896
-0.774968
0.0202863
 0.058726
 -0.26717
-0.219501
 -4.60739
-0.782437
0.0204818
0.0612787
 -0.26517
 -0.22437
 -4.61492
-0.785579
0.0230113
0.0607166
-0.267631
-0.218091
 -4.58203
-0.775972
0.0156658
0.0610106
-0.249143
-0.220159
 -4.57624
 -0.77473
0.0132725
0.0575234
 -0.25314
-0.226845
 -4.59893
-0.774801
0.0199498
0.0556801
-0.256131
-0.235844
 -4.59893
-0.775652
0.0170682
0.0538215
-0.258478
-0.215346
 -4.62101
-0.786139
0.0139519
0.0644387
-0.258403
 -0.22439
 -4.59056
-0.775692
0.0134752
0.0569324
-0.254738
-0.223223
 -4.58064
-0.773671
0.0168966
0.0587223
-0.256932
-0.212129
 -4.60396
-0.779938
0.0123072
 0.059725
-0.259332
-0.237139
 -4.60617
-0.779378
0.0207163
0.0597231
-0.263842
 -0.20709
 -4.58658
-0.775316
0.0147166
0.0546075
-0.257032
-0.216609
 -4.60448
-0.786358
0.0217152
0.0541989
-0.266127
-0.228806
 -4.59754
-0.781104
 0.010452
0.0618169
-0.261141
-0.217671
 -4.59772
-0.780368
0.0115141
 0.059591
-0.258261
-0.219744
 -4.59924
-0.774604
0.0125664
0.0547794
-0.256041
-0.214676
 -4.61446
-0.780074
0.0228827
0.0486336
-0.265507
-0.220127
 -4.61092
 -0.78515
0.0216894
0.0551431
-0.257828
-0.227786
  -4.6154
-0.784441
0.0207818
0.0528152
-0.264555
-0.219717
 -4.63287
-0.781166
0.0138203
0.0522812
-0.260685
-0.231905
 -4.60677
 -0.77696
0.0180303
0.0570654
 -0.25992
-0.226503
 -4.59465
-0.775222
0.0157074
0.0623357
-0.253101
-0.220449
 -4.59488
-0.775647
0.0115417
 0.055878
-0.260454
-0.210891
 -4.59636
-0.777866
 0.010255
0.0521512
 -0.24617
-0.223643
 -4.59675
-0.775991
0.0114668
 0.058331
-0.253103
-0.213413
 -4.59475
-0.775054
0.0100699
0.0674217
-0.261325
-0.222088
 -4.58505
-0.773762
0.0146131
0.0494046
 -0.26535
-0.222581
 -4.58669
-0.773747
0.0211747
0.0615248
-0.262871
-0.222932
 -4.60212
-0.771218
0.0147728
0.0554275
-0.258382
-0.210495
 -4.61469
-0.778858
0.0182275
0.0516465
-0.254507
-0.224305
 -4.58527
-0.779305
 0.022382
0.0605622
-0.259528
-0.228167
 -4.61459
   -0.787
0.0181433
0.0568172
-0.258815
 -0.24175
 -4.61794
-0.783147
0.0174113
0.0469174
-0.257721
 -0.22112
 -4.62087
 -0.77934
0.0139538
0.0537943
-0.255705
-0.216654
 -4.59954
-0.782201
0.0139248
0.0517095
-0.266812
-0.220116
 -4.59319
 -0.78063
0.0213312
0.0627281
-0.255766
-0.227937
 -4.58667
-0.774482
0.0180997
0.0576479
-0.257815
  -0.2118
 -4.61243
-0.779636
0.0205306
0.0520703
-0.262203
-0.222487
 -4.60138
-0.780617
0.0201818
0.0652668
 -0.24792
-0.229492
 -4.58947
-0.771933
0.0169234
0.0552558
-0.259373
-0.212427
 -4.59015
-0.777012
  0.01335
0.0605197
-0.258044
-0.230667
  -4.6112
-0.783877
0.0216417
0.0565054
-0.257507
-0.227179
 -4.60799
-0.781634
0.0163188
0.0521476
-0.273237
-0.214142
 -4.61364
-0.782815
0.0116744
0.0581498
-0.245174
-0.219452
 -4.59876
-0.776538
 0.015751
0.0528481
-0.266663
-0.229148
 -4.58796
-0.777872
0.0112748
0.0586364
-0.255841
-0.224406
   -4.625
   -0.786
0.0238968
0.0637385
-0.262435
-0.231098
 -4.61691
-0.787017
0.0175653
0.0528844
-0.264145
-0.218285
 -4.58839
-0.776483
 0.011438
0.0540968
-0.248644
-0.214772
 -4.60113
-0.782095
 0.022534
0.0639542
-0.265644
-0.229663
 -4.61253
 -0.77922
0.0171053
0.0554175
 -0.26383
-0.224359
 -4.60049
-0.777416
0.0194799
0.0590745
-0.267564
-0.208936
 -4.60015
-0.778353
0.0114982
0.0677372
-0.261561
-0.213874
 -4.60697
-0.785005
0.0184774
0.0524148
-0.258004
-0.221109
 -4.59791
-0.778357
0.0100678
0.0705935
-0.251029
-0.225951
 -4.60869
-0.785275
0.0204537
0.0600177
-0.254696
-0.230498
 -4.61814
-0.781832
0.0173156
0.0523149
-0.256365
-0.220577
 -4.58385
-0.777053
0.0190956
0.0599636
-0.256511
-0.220341
 -4.60202
 -0.77976
0.0181133
0.0522255
-0.258332
-0.228397
 -4.62244
-0.788911
0.0184363
0.0564633
-0.256005
-0.232642
 -4.62788
-0.784156
0.0173094
0.0502621
-0.247621
-0.227674
 -4.59057
-0.775516
0.0181626
0.0584032
-0.260365
-0.211729
 -4.59984
-0.780285
0.0126684
0.0597044
 -0.26425
-0.219286
 -4.61201
-0.781143
0.0181411
0.0564073
-0.268342
-0.232089
 -4.60776
-0.782094
0.0195712
0.0537499
-0.274593
-0.219107
 -4.59908
-0.782516
0.0172128
0.0654951
-0.264814
-0.216108
 -4.60611
-0.779416
0.0204497
0.0596079
-0.264223
-0.220837
 -4.60176
-0.779808
0.0133734
0.0628997
-0.249475
  -0.2355
 -4.60442
-0.777702
0.0202877
0.0615246
-0.266581
-0.224748
 -4.63581
-0.785059
0.0195973
0.0612547
-0.267736
-0.226614
 -4.61238
-0.787388
0.0227356
0.0535984
-0.252131
-0.235784
 -4.58799
-0.777097
0.0124723
0.0655481
-0.254404
-0.215049
  -4.6142
-0.780947
0.0171783
0.0534626
-0.261598
-0.225031
 -4.59314
-0.773752
 0.011409
0.0599276
-0.253996
-0.210486
 -4.61999
-0.782285
0.0215938
0.0549418
-0.267731
-0.231858
 -4.59381
-0.779295
0.0137316
0.0600285
-0.260533
-0.217454
 -4.58616
-0.776344
0.0190834
0.0576482
-0.258562
-0.221925
 -4.61071
-0.778786
0.0149775
0.0498697
-0.258576
-0.219819
 -4.60965
-0.782303
0.0194815
0.0542608
-0.259587
-0.221829
 -4.60395
-0.779649
0.0168009
0.0591786
-0.257557
-0.235011
  -4.5945
-0.776161
0.0121107
0.0601699
-0.256463
-0.236611
 -4.58768
-0.778086
0.0169235
 0.063601
-0.253078
 -0.21811
 -4.61739
-0.785155
0.0183208
0.0488205
 -0.26625
-0.235624
  -4.6178
-0.782323
 0.020483
0.0589042
-0.260581
-0.227797
 -4.59446
-0.776706
0.0178789
 0.055921
-0.268348
-0.232112
   -4.594
-0.778499
0.0171618
0.0590335
-0.262351
-0.212584
 -4.62348
-0.784229
0.0216691
0.0585624
-0.253095
-0.228342
 -4.62591
-0.783783
0.0172499
0.0518073
-0.254064
-0.229799
 -4.60763
-0.781616
0.0193413
0.0559584
-0.249685
-0.224423
  -4.58738
 -0.771795
0.00784321
 0.0621226
  -0.25186
 -0.214758
 -4.60683
-0.783906
0.0158084
0.0725333
 -0.26429
 -0.23188
 -4.61072
-0.785783
0.0228584
0.0575719
-0.261764
-0.225745
 -4.58681
-0.781987
0.0170305
0.0604677
-0.257932
-0.222122
 -4.58147
-0.771081
0.0191221
0.0485509
-0.256686
-0.213145
 -4.59621
-0.777511
0.0216452
0.0611961
-0.265358
-0.209711
  -4.5889
-0.774366
 0.016918
0.0505534
-0.252486
-0.218425
 -4.62813
-0.783029
0.0171877
0.0535273
-0.255082
-0.231448
 -4.59745
-0.772654
0.0188719
0.0581768
-0.265719
-0.230037
 -4.61822
-0.781939
 0.014995
0.0470494
-0.252704
-0.227457
 -4.59976
-0.780233
0.0102888
0.0615579
 -0.25463
-0.224104
 -4.61732
 -0.78395
0.0159591
0.0681021
-0.268265
-0.230458
 -4.59679
-0.775765
0.0182508
 0.055892
-0.261076
 -0.21105
 -4.58535
-0.778875
0.0193199
 0.069088
-0.263378
-0.209381
 -4.58925
-0.780414
0.0181571
0.0590486
-0.252052
-0.219069
 -4.59218
-0.778094
0.0170021
 0.050488
-0.263461
-0.223948
 -4.60022
-0.777265
0.0212532
0.0671941
-0.267062
-0.227426
 -4.60344
-0.781089
0.0270142
0.0610922
-0.265921
-0.229119
 -4.60737
-0.782522
0.0204479
0.0622308
-0.269061
-0.226561
 -4.59745
-0.773442
0.0159381
0.0553289
-0.264302
-0.211931
 -4.60467
-0.776418
0.0180925
0.0658065
-0.260151
  -0.2174
 -4.62831
-0.791083
0.0199657
0.0510593
-0.261754
  -0.2213
 -4.62063
-0.787755
0.0217171
0.0569744
-0.264394
-0.234479
 -4.60079
-0.777016
0.0161873
0.0533988
-0.267366
-0.208491
 -4.60938
 -0.78306
0.0160041
0.0592914
-0.256736
-0.226765
 -4.60991
-0.781475
0.0148666
0.0580728
-0.268823
-0.227732
 -4.58871
-0.774655
0.0122933
0.0601233
-0.256085
-0.222871
 -4.60477
-0.776696
0.0135957
0.0613286
-0.259195
-0.221857
 -4.60533
-0.783237
0.0205023
0.0504594
-0.262582
 -0.22957
 -4.61187
-0.781803
0.0196289
0.0599401
-0.275662
-0.213909
 -4.60235
-0.777889
 0.017089
0.0612866
-0.259281
-0.216009
 -4.60856
-0.778267
0.0147688
 0.058496
-0.259188
-0.224464
 -4.58443
 -0.77574
0.0113166
0.0571866
-0.261532
-0.219023
 -4.58622
-0.776612
0.0124395
0.0560906
-0.251496
-0.219641
 -4.61148
-0.781979
0.0227186
0.0666824
-0.263532
-0.221596
  -4.59249
 -0.776441
0.00928501
 0.0620283
  -0.25631
 -0.209341
 -4.58936
-0.780574
0.0184002
0.0570319
-0.260488
-0.209638
 -4.59478
-0.782499
0.0216065
0.0678175
-0.263667
-0.216914
 -4.61145
-0.783082
0.0126916
0.0620838
-0.255683
-0.224119
 -4.60113
 -0.77511
0.0170778
0.0584735
-0.270916
  -0.2144
 -4.58576
-0.778502
0.0137444
0.0571952
-0.255627
-0.213624
 -4.61072
-0.777448
 0.012417
0.0621081
-0.250457
-0.226347
 -4.61851
-0.780669
0.0173692
0.0506309
-0.260843
-0.217514
 -4.61792
-0.783294
0.0174302
0.0488597
-0.265376
-0.220919
 -4.60424
-0.778985
0.0185067
0.0591636
-0.261446
-0.204803
  -4.59034
 -0.777251
0.00930495
 0.0562342
 -0.256453
 -0.212211
 -4.60402
-0.778591
0.0246393
0.0626233
-0.260456
-0.230266
 -4.62146
-0.784481
0.0207596
0.0564327
-0.255542
-0.219369
 -4.61771
-0.782104
0.0251227
 0.064411
-0.265174
-0.216366
 -4.60994
-0.781034
 0.019434
0.0556223
-0.259266
-0.221223
  -4.5963
 -0.77728
0.0135333
0.0630717
-0.261358
-0.223078
 -4.60115
-0.783363
0.0105157
0.0602218
-0.260247
-0.220598
 -4.60746
-0.782508
0.0228663
0.0594253
-0.274791
-0.219553
 -4.60311
-0.783811
0.0105401
 0.059628
-0.257694
-0.220662
 -4.59374
-0.779976
0.0146736
0.0532807
-0.263155
-0.231425
 -4.59866
 -0.77706
0.0173163
0.0544793
  -0.2662
-0.206586
 -4.61094
-0.777671
0.0147661
0.0530969
-0.266165
-0.228174
 -4.61608
-0.781936
0.0208247
0.0515416
-0.264821
-0.213856
 -4.60825
-0.780018
0.0206233
0.0519347
-0.267503
-0.218382
 -4.60061
-0.776506
0.0121661
0.0636358
-0.263795
-0.235795
 -4.61048
-0.778556
0.0192992
0.0592973
-0.262515
-0.222199
 -4.61379
-0.774336
0.0148766
0.0576548
 -0.26616
 -0.21486
 -4.59758
-0.773068
0.0079015
0.0553017
-0.252518
-0.220917
  -4.5851
-0.772985
0.0134806
 0.054135
-0.255327
-0.217977
 -4.58455
-0.774647
0.0170018
 0.058526
-0.255591
-0.209866
 -4.61718
-0.785514
0.0196428
0.0524686
-0.257353
-0.222494
 -4.60989
 -0.78042
0.0179553
0.0621404
-0.257406
-0.234747
 -4.59981
-0.779185
0.0180376
0.0649636
-0.257656
-0.223941
 -4.59786
-0.780192
0.0183472
0.0531173
-0.267268
-0.217317
 -4.60726
-0.775315
0.0146971
0.0577773
-0.262132
-0.223121
 -4.59129
-0.773128
0.0157065
 0.051787
-0.257223
-0.221913
 -4.60003
-0.778911
0.0101002
0.0618914
 -0.25067
-0.230471
 -4.60814
-0.779168
0.0214521
0.0617764
-0.261649
-0.225228
 -4.61283
 -0.77801
0.0172027
0.0578079
-0.267146
-0.216777
 -4.62058
-0.779967
0.0170448
0.0572621
-0.264972
-0.230581
 -4.59423
-0.777528
0.0103859
 0.063825
-0.257821
-0.211947
 -4.59772
-0.779687
0.0101656
0.0651967
-0.252384
-0.226494
  -4.5962
-0.777639
0.0193305
0.0609555
-0.264427
-0.214262
 -4.59238
-0.776718
0.0144349
0.0526751
-0.249882
-0.235133
 -4.61617
-0.781458
0.0173477
0.0538988
-0.262683
-0.218121
 -4.60972
-0.780975
0.0215806
0.0658377
-0.265912
 -0.22118
 -4.57728
-0.770761
0.0178619
0.0540194
-0.256107
-0.215793
 -4.60944
 -0.78364
0.0194889
0.0488258
-0.261069
-0.226955
 -4.62389
-0.783498
0.0170631
 0.054265
-0.264526
-0.238698
  -4.6323
-0.782855
 0.017257
0.0566345
-0.261076
-0.228376
 -4.59452
-0.776761
 0.011532
0.0566118
-0.252085
-0.211764
  -4.59343
 -0.780782
0.00910112
 0.0622219
 -0.257958
 -0.227228
 -4.61536
-0.775719
0.0169732
 0.056968
-0.252659
-0.222804
 -4.59258
-0.775281
0.0190763
0.0605336
-0.257918
-0.220703
 -4.60793
-0.780311
 0.023723
0.0555913
-0.260298
-0.228195
 -4.59519
-0.774859
0.0171218
0.0469377
-0.265651
-0.215088
 -4.58932
-0.779718
0.0215564
 0.064031
-0.260491
 -0.21406
 -4.59967
-0.780958
0.0116474
0.0609792
-0.263237
-0.215024
 -4.60971
-0.781306
0.0225303
0.0542543
-0.249331
-0.233364
 -4.60654
-0.777779
 0.016812
 0.059216
-0.263051
-0.233595
 -4.60895
-0.784365
0.0138821
0.0648897
-0.249911
-0.220697
  -4.6131
-0.785406
0.0163184
0.0537401
-0.256622
-0.220463
 -4.61262
-0.778521
0.0182434
0.0572684
-0.259789
-0.221913
 -4.60964
-0.781777
0.0182715
0.0618457
-0.261237
-0.223798
 -4.59052
-0.767114
0.0268968
0.0548815
-0.264563
-0.210346
 -4.53685
-0.774705
0.0165446
0.0555083
-0.249075
-0.218042
  -4.49314
 -0.767841
0.00572481
 0.0545042
 -0.255204
 -0.232984
 -4.42392
-0.753498
 0.025194
0.0507699
-0.266672
-0.223691
   -4.33135
  -0.717211
-0.00223549
  0.0648528
  -0.244524
  -0.217303
   -4.3201
 -0.722484
-0.0096981
 0.0557123
 -0.248092
 -0.215784
 -4.37405
 -0.75291
0.0314792
 0.054277
-0.251884
-0.216285
 -4.37524
-0.806329
0.0318672
0.0608398
-0.253371
-0.213523
 -4.41938
-0.704936
0.0263836
0.0481149
-0.250929
 -0.20189
 -4.45583
-0.767751
0.0136604
0.0502793
-0.247489
 -0.21256
   -4.55781
   -0.84201
-0.00307725
  0.0583323
  -0.236695
  -0.218498
 -4.65607
-0.777087
0.0417206
0.0556342
-0.244841
-0.210657
 -4.74739
-0.843793
0.0516383
0.0490187
-0.242212
-0.206163
  -4.85739
 -0.857188
-0.0130968
 0.0499572
 -0.242778
 -0.191189
 -4.99349
-0.856441
0.0346951
0.0522783
-0.242689
-0.181769
  -5.17335
 -0.964417
-0.0230701
 0.0483678
 -0.244942
 -0.193562
 -5.36206
-0.949259
0.0561692
0.0572353
-0.252296
-0.186332
  -5.50255
  -1.00222
-0.0491008
 0.0529274
 -0.246126
 -0.174933
 -5.68512
 -1.03335
0.0905797
0.0623526
-0.271734
 -0.14213
  -5.95007
  -1.09395
-0.0126994
 0.0551917
 -0.254082
 -0.154276
 -6.22056
  -1.2285
0.0561562
 0.048852
-0.262193
 -0.16496
   -6.44628
   -1.19536
-0.00828188
  0.0375651
  -0.287775
   -0.13612
 -6.67532
 -1.32558
0.0770202
 0.060025
-0.285193
-0.137552
   -6.9103
  -1.29232
-0.0494101
 0.0550514
  -0.28769
 -0.102933
 -7.22175
 -1.44976
0.0880965
0.0469877
 -0.30659
  -0.0767
 -7.63986
 -1.52502
 0.020769
0.0604033
-0.310871
-0.062328
  -7.98556
  -1.71834
 0.0779318
 0.0598532
 -0.363236
-0.0433009
  -8.36037
  -1.78919
 0.0672357
 0.0695777
 -0.378915
0.00645336
 -8.81871
 -1.91667
0.0548201
0.0753748
-0.392502
0.0374506
 -9.15103
 -2.00882
0.0512289
0.0682562
-0.385798
0.0914207
 -9.72847
 -2.25181
0.0248831
0.0764703
 -0.40183
 0.145207
 -10.1008
 -2.29481
0.0742345
0.0884863
-0.420539
 0.238498
 -10.6453
 -2.60711
0.0249579
0.0887793
  -0.4192
 0.320958
 -11.5169
 -2.78921
0.0628909
0.0940371
-0.442077
 0.447126
 -10.9636
 -2.72682
0.0585724
 0.090995
-0.440532
 0.316006
 -8.51276
 -1.88685
0.0910468
0.0767416
-0.378536
 0.217132
  -7.94709
  -1.84189
-0.0217827
 0.0725513
 -0.346081
  0.142849
 -6.07698
 -1.27398
0.0888415
0.0573237
-0.292026
0.0903003
 -5.66056
 -1.28181
0.0683164
0.0613989
-0.281192
0.0920668
 -5.68977
 -1.24336
 0.117677
0.0638265
-0.301223
0.0769798
 -4.63825
  -1.0622
 0.053045
0.0675736
-0.260006
0.0647546
 -4.36801
-0.978637
0.0665222
0.0673618
-0.241392
0.0469443
    -3.585
 -0.822086
 0.0685944
 0.0705635
 -0.229425
0.00949025
   -3.6371
 -0.754826
-0.0442289
 0.0503897
 -0.184122
 0.0082495
 -3.39434
-0.754431
0.0703167
0.0582535
-0.196396
0.0172588
  -3.07159
 -0.686419
-0.0411208
   0.03538
 -0.191816
0.00504822
   -2.68477
  -0.568388
  0.0800731
  0.0577243
  -0.156861
-0.00569973
  -2.18545
 -0.499157
-0.0213043
 0.0536324
 -0.161395
-0.0207248
  -2.44164
 -0.481753
 0.0478047
 0.0450481
 -0.159071
-0.0060945
  -2.08655
 -0.540772
 0.0538327
 0.0518505
 -0.155667
-0.0330718
  -1.84391
  -0.35007
 0.0115102
 0.0514487
 -0.135047
-0.0427678
  -1.54472
 -0.288912
 0.0774083
  0.043019
 -0.118101
-0.0198705
  -1.36206
 -0.265808
-0.0427788
 0.0369857
 -0.117888
-0.0313605
  -1.66681
 -0.356717
 0.0826058
  0.050821
 -0.134458
-0.0156633
  -1.34773
 -0.253943
 0.0812963
 0.0515635
 -0.117743
-0.0319501
  -1.22164
 -0.272223
 0.0499833
  0.042157
 -0.124346
-0.0444769
   -1.0651
 -0.188075
 0.0121253
 0.0322252
 -0.114858
-0.0177406
   -1.03282
  -0.235233
-0.00598474
  0.0340061
  -0.106411
 -0.0429581
   -1.1025
 -0.246762
  0.104473
 0.0403271
 -0.118421
-0.0271333
 -0.915214
 -0.161657
-0.0864331
 0.0441272
-0.0787527
-0.0540601
 -0.809653
 -0.195245
 0.0123866
  0.046623
-0.0981678
-0.0480822
 -0.775063
 -0.179189
-0.0304516
 0.0449416
-0.0838413
-0.0269483
 -0.852272
 -0.134858
 0.0920524
 0.0403579
-0.0961371
-0.0374808
 -0.753547
 -0.208774
 -0.035731
 0.0376549
-0.0835888
 -0.015532
 -0.722459
 -0.103754
-0.0837366
 0.0316322
-0.0901226
-0.0385421
 -0.608085
 -0.158691
 0.0769597
 0.0380869
-0.0881235
-0.0454186
 -0.634378
 -0.100934
  0.122426
 0.0216973
-0.0887701
-0.0290919
  -0.719903
  -0.176215
-0.00236874
  0.0201397
 -0.0909558
 -0.0218782
 -0.637997
 -0.152117
 0.0129102
 0.0337924
-0.0706906
-0.0175995
  -0.635358
 -0.0748753
 -0.0275871
  0.0291583
 -0.0892532
-0.00881384
 -0.528349
 -0.150744
  0.116927
 0.0410859
-0.0896376
-0.0305557
 -0.593284
-0.0561192
-0.0925622
 0.0296445
-0.0678224
-0.0368552
  -0.60552
 -0.132062
 0.0220889
 0.0329979
-0.0844107
-0.0259246
 -0.560358
 -0.162884
 0.0274995
 0.0336175
-0.0683271
-0.0191491
 -0.451398
-0.0414347
 0.0245237
 0.0360122
-0.0697759
-0.0235972
 -0.406831
-0.0951183
  0.041874
 0.0316214
-0.0805458
 -0.029247
 -0.465456
 -0.106725
 0.0760474
 0.0346965
-0.0846583
-0.0316228
 -0.484125
  -0.10962
 0.0340488
 0.0374377
-0.0709803
-0.0198184
  -0.47751
 -0.103892
 0.0112135
 0.0431262
-0.0697048
-0.0305649
 -0.388276
-0.0878892
  0.122798
 0.0356629
-0.0915141
-0.0389885
 -0.419445
-0.0859301
-0.0621478
  0.026566
-0.0650397
-0.0344374
 -0.434974
-0.0858299
  0.107777
 0.0275666
-0.0916123
 -0.022351
  -0.40965
 -0.106177
 -0.026483
 0.0273111
-0.0658001
-0.0171491
 -0.368979
-0.0650007
 0.0204154
 0.0296968
-0.0703953
-0.0396276
 -0.350374
 -0.118178
-0.0314819
 0.0384585
-0.0601748
-0.0436811
 -0.363232
-0.0181089
 0.0555499
 0.0377988
-0.0849472
-0.0290509
 -0.353832
 -0.151047
 0.0191838
 0.0355002
-0.0635616
-0.0313579
 -0.379889
-0.0251673
-0.0275787
 0.0319615
-0.0844353
-0.0280875
 -0.349753
 -0.183894
 0.0157493
 0.0441858
-0.0690826
-0.0376685
 -0.382389
-0.0166044
  0.059259
 0.0286737
-0.0809245
-0.0217332
 -0.348639
 -0.110491
  0.050852
 0.0383858
 -0.075559
-0.0464802
 -0.340355
-0.0793187
 0.0436047
 0.0242731
-0.0815463
-0.0230372
 -0.343521
 -0.104014
-0.0227117
 0.0374082
-0.0744115
-0.0309761
 -0.344397
-0.0593115
 0.0807187
  0.029756
-0.0791994
-0.0222455
 -0.342301
-0.0692221
 0.0611717
 0.0325609
 -0.076088
-0.0124673
  -0.329764
 -0.0245716
-0.00203833
  0.0251349
 -0.0653793
 -0.0221795
 -0.321016
 -0.089587
  0.044839
 0.0288671
-0.0736508
 -0.028289
 -0.329393
 -0.052503
 0.0871065
 0.0289041
-0.0841137
-0.0233571
 -0.348696
-0.0367193
 0.0385035
 0.0315946
-0.0823481
-0.0294962
 -0.316303
 -0.110238
  0.016525
 0.0390163
-0.0762846
-0.0254909
 -0.363901
-0.0607397
 0.0251095
 0.0256232
-0.0774547
-0.0267999
 -0.348134
 -0.081948
 0.0282526
 0.0315535
-0.0730213
-0.0114669
 -0.372469
-0.0596089
   0.01174
 0.0391039
-0.0768097
-0.0178011
 -0.373511
-0.0728197
0.00229674
 0.0363761
-0.0583313
 -0.010244
 -0.406159
 -0.124169
 0.0266396
 0.0304397
-0.0672505
-0.0174207
 -0.444676
 -0.102221
 0.0338317
 0.0318354
-0.0815668
-0.0184711
 -0.487708
 -0.113857
  0.014145
 0.0275568
-0.0583125
-0.0299717
 -0.479031
 -0.123247
 0.0235119
 0.0281697
-0.0619494
-0.0220073
 -0.497329
 -0.124094
 0.0462528
 0.0213647
-0.0747243
-0.0117168
 -0.513541
 -0.125408
 0.0337995
 0.0297285
-0.0655943
-0.0215933
 -0.480817
 -0.105905
 0.0441581
 0.0335732
-0.0741625
-0.0144095
 -0.490976
 -0.114454
 0.0453561
 0.0378874
-0.0738093
-0.0264637
  -0.475895
  -0.109698
   0.034283
  0.0322833
 -0.0624008
-0.00979598
 -0.500665
  -0.11975
 0.0315293
 0.0264572
 -0.075915
-0.0107937
 -0.489274
 -0.106833
 0.0274438
 0.0275803
-0.0648683
-0.0178144
 -0.475917
 -0.110597
 0.0207955
 0.0339269
-0.0677296
 -0.016174
 -0.478082
 -0.109934
 0.0205141
 0.0365264
-0.0729026
 -0.029173
 -0.444398
 -0.104442
 0.0115229
 0.0356127
-0.0652195
-0.0121124
 -0.451544
 -0.108608
 0.0181432
 0.0329561
-0.0668707
-0.0272247
 -0.372561
-0.0930459
 0.0149489
 0.0341195
 -0.079745
-0.0265096
 -0.354276
-0.0906142
 0.0235137
 0.0347288
-0.0799614
-0.0349106
 -0.319238
-0.0812196
 0.0301183
  0.032605
-0.0748444
-0.0123438
 -0.304571
-0.0820277
  0.033183
 0.0243439
-0.0733632
-0.0283882
 -0.294091
-0.0737401
 0.0247093
 0.0313473
-0.0680931
-0.0393438
 -0.297463
-0.0757752
 0.0369592
 0.0292706
-0.0612463
-0.0453784
 -0.289137
-0.0676163
 0.0360072
  0.033534
-0.0603551
-0.0173749
 -0.317289
-0.0800369
 0.0283691
 0.0326435
-0.0655509
 -0.042093
 -0.308069
-0.0671251
 0.0258191
 0.0359634
-0.0676279
-0.0301169
  -0.30846
-0.0659448
 0.0259667
 0.0343138
-0.0719737
-0.0224692
 -0.337268
-0.0755455
 0.0287531
 0.0246872
-0.0593822
-0.0240283
 -0.335381
-0.0749126
 0.0210401
 0.0333225
-0.0639175
-0.0142766
 -0.369246
-0.0887919
 0.0215777
  0.031858
-0.0605201
-0.0237007
  -0.359604
 -0.0865674
  0.0217797
  0.0308983
 -0.0739278
-0.00955778
 -0.376215
 -0.093512
 0.0318373
   0.03289
-0.0706697
-0.0252412
 -0.350097
-0.0897447
 0.0291537
 0.0379424
-0.0708787
-0.0310995
 -0.331167
-0.0826352
 0.0346535
 0.0336676
-0.0730002
-0.0187736
 -0.332885
-0.0837872
 0.0308786
 0.0319786
-0.0614962
-0.0422489
 -0.310118
-0.0764701
 0.0400083
 0.0204379
-0.0804507
-0.0206069
 -0.295985
-0.0743499
 0.0330585
 0.0279554
 -0.065506
-0.0192837
 -0.290801
-0.0698427
 0.0293976
 0.0328744
-0.0627311
 -0.022344
 -0.306506
-0.0731988
 0.0328158
 0.0347827
-0.0751353
-0.0309227
 -0.311831
-0.0695435
 0.0260063
 0.0272427
-0.0726927
-0.0351144
   -0.2846
-0.0626833
 0.0236343
 0.0257527
-0.0687044
-0.0214414
 -0.300906
-0.0714934
 0.0226079
 0.0303959
-0.0632045
-0.0352486
 -0.287641
-0.0672392
 0.0137199
 0.0313337
-0.0608185
-0.0207213
 -0.290512
-0.0717965
 0.0204402
 0.0335571
-0.0704967
-0.0293952
 -0.303879
-0.0762385
 0.0252366
 0.0323686
-0.0702471
 -0.025532
 -0.314137
-0.0769844
 0.0240073
 0.0290579
-0.0737227
-0.0381748
 -0.291378
-0.0683234
  0.028149
 0.0275395
-0.0761103
-0.0324062
 -0.295845
-0.0753077
 0.0252393
  0.027596
-0.0576815
-0.0219112
 -0.309871
 -0.077336
 0.0344279
 0.0253054
-0.0764146
-0.0209355
 -0.307335
-0.0788993
 0.0289184
 0.0325281
-0.0701976
-0.0150944
 -0.335873
-0.0812613
 0.0347229
 0.0249987
-0.0781364
-0.0218817
 -0.341188
-0.0839737
 0.0368297
 0.0339348
-0.0853624
-0.0315998
 -0.363121
-0.0878088
  0.024642
 0.0332172
 -0.062141
-0.0378467
 -0.365675
-0.0868182
 0.0216244
 0.0323068
-0.0739912
-0.0226996
 -0.362503
-0.0829667
 0.0259091
 0.0246291
-0.0674559
-0.0262802
 -0.365693
 -0.086809
  0.021717
 0.0323465
-0.0738618
-0.0181178
 -0.340247
-0.0800927
   0.02345
 0.0335982
-0.0650298
-0.0207781
 -0.352787
-0.0887474
 0.0260134
 0.0269012
-0.0775266
-0.0297866
  -0.33135
 -0.082763
 0.0245785
  0.034273
-0.0802696
-0.0248731
 -0.306916
-0.0723774
 0.0262236
 0.0324897
-0.0764348
-0.0277712
 -0.306125
-0.0751671
 0.0298697
  0.033618
-0.0692303
-0.0158912
 -0.284071
-0.0722729
  0.029459
 0.0295765
-0.0675873
-0.0263656
 -0.277278
-0.0664889
 0.0291015
 0.0240029
-0.0638497
-0.0337279
 -0.292763
-0.0698741
 0.0303809
 0.0388822
-0.0755996
-0.0309138
 -0.306192
-0.0753436
 0.0275157
 0.0293024
-0.0694641
-0.0249612
 -0.303252
-0.0707675
 0.0252307
 0.0303741
-0.0734521
 -0.018331
 -0.302494
-0.0649041
 0.0269878
 0.0285824
-0.0618888
-0.0299625
 -0.305861
-0.0769196
  0.020839
 0.0313702
-0.0655763
-0.0255411
 -0.303355
-0.0701644
 0.0216502
 0.0307515
-0.0637898
-0.0273851
 -0.312464
-0.0750509
 0.0242612
  0.033261
-0.0667461
-0.0194481
 -0.317692
-0.0799358
 0.0256382
 0.0269575
-0.0811737
-0.0228573
  -0.34609
-0.0818008
 0.0232643
 0.0315096
-0.0742336
-0.0388317
 -0.317111
-0.0733758
 0.0265417
 0.0269316
-0.0641223
-0.0182678
 -0.320342
 -0.076223
 0.0253065
 0.0346034
-0.0604078
-0.0262296
  -0.31825
-0.0842155
 0.0356078
 0.0365967
-0.0810179
-0.0299967
 -0.331973
-0.0806853
 0.0278868
 0.0245537
-0.0764305
-0.0286379
 -0.302685
-0.0810008
 0.0301926
 0.0305311
-0.0683295
-0.0121563
 -0.338298
-0.0796994
 0.0255156
 0.0312343
-0.0738234
-0.0320347
 -0.319691
 -0.070439
 0.0340185
 0.0302578
-0.0730303
-0.0304346
 -0.333496
-0.0737083
 0.0240629
 0.0317396
-0.0651622
-0.0346596
 -0.324847
-0.0758485
 0.0219734
 0.0298633
-0.0751488
-0.0316025
 -0.312555
-0.0747249
 0.0209043
 0.0376026
-0.0721337
-0.0189285
 -0.299975
-0.0751777
 0.0275908
 0.0328476
 -0.072384
-0.0186671
 -0.305427
-0.0780842
 0.0229056
 0.0341715
-0.0661784
-0.0354111
 -0.292577
-0.0711725
 0.0261988
 0.0343072
-0.0619937
-0.0203154
 -0.310804
-0.0741902
 0.0277187
 0.0286331
-0.0886185
-0.0185525
 -0.278999
-0.0672966
 0.0224267
  0.036892
 -0.062545
-0.0291133
 -0.285492
-0.0671808
 0.0294153
 0.0209774
-0.0617454
-0.0239527
 -0.300103
-0.0752877
 0.0298404
 0.0268784
-0.0832959
-0.0229435
 -0.290263
-0.0727623
 0.0228781
 0.0295446
-0.0601944
-0.0234751
 -0.320577
-0.0763677
 0.0276996
 0.0246378
-0.0722227
 -0.025859
 -0.314959
-0.0813953
 0.0218688
 0.0382226
-0.0756291
-0.0400269
 -0.313351
-0.0785951
 0.0272073
 0.0413994
-0.0723037
-0.0439475
 -0.320328
-0.0761227
 0.0172128
 0.0434385
 -0.066804
-0.0370638
  -0.314203
 -0.0766336
  0.0313161
  0.0308802
  -0.079884
-0.00838323
 -0.318894
 -0.074586
 0.0255553
 0.0295464
-0.0682136
-0.0138661
 -0.325566
 -0.081829
  0.027989
 0.0236356
-0.0846055
-0.0250699
 -0.320514
-0.0764579
 0.0278831
 0.0316715
-0.0823538
-0.0141575
  -0.32677
-0.0753146
 0.0249927
 0.0352275
-0.0689765
-0.0430654
 -0.297652
-0.0754747
 0.0295155
 0.0313567
-0.0564744
-0.0312713
 -0.319432
-0.0800341
 0.0275059
 0.0325717
-0.0703506
-0.0370374
 -0.314918
-0.0734642
 0.0297753
 0.0310532
-0.0756974
-0.0229592
  -0.32224
-0.0767122
 0.0250135
 0.0348332
-0.0621433
-0.0422293
  -0.30661
-0.0741708
 0.0253797
 0.0264554
-0.0689915
-0.0196765
 -0.307153
-0.0710564
 0.0239439
 0.0367237
-0.0701347
-0.0250128
 -0.287576
 -0.066632
 0.0248892
 0.0323314
-0.0661142
-0.0208789
 -0.312665
-0.0746574
 0.0204256
 0.0273415
-0.0673299
-0.0464946
  -0.31406
-0.0775335
 0.0252864
 0.0264851
-0.0748029
-0.0338823
 -0.308676
-0.0739813
 0.0285779
 0.0266887
-0.0762982
-0.0284106
  -0.308245
 -0.0760037
  0.0234077
  0.0294012
 -0.0681731
-0.00882442
 -0.320161
-0.0768391
 0.0240897
 0.0357892
-0.0596598
-0.0311299
  -0.32124
-0.0814352
 0.0220124
 0.0337987
-0.0685596
-0.0349672
 -0.310753
 -0.081967
 0.0255297
 0.0328651
-0.0713894
-0.0250855
 -0.309153
-0.0802334
 0.0253617
 0.0297557
-0.0710206
-0.0313243
 -0.312795
-0.0730985
 0.0250543
 0.0382839
-0.0704354
-0.0299377
 -0.310243
 -0.076428
 0.0274963
 0.0218958
-0.0743435
 -0.033922
  -0.32705
-0.0832958
 0.0257957
 0.0307309
-0.0665406
-0.0193412
 -0.326066
-0.0792602
 0.0255553
  0.029198
-0.0781121
-0.0262841
 -0.342763
-0.0869481
 0.0223004
 0.0309639
 -0.072266
-0.0393888
 -0.315207
-0.0801742
 0.0319557
 0.0327955
-0.0778951
-0.0375715
 -0.322161
-0.0788131
 0.0290701
 0.0230386
-0.0824915
-0.0196329
 -0.334301
-0.0793176
 0.0266057
 0.0298044
-0.0801435
-0.0321856
 -0.322777
-0.0749303
 0.0285578
 0.0350789
-0.0798534
-0.0316898
 -0.321025
-0.0831572
 0.0302834
 0.0244275
-0.0825944
-0.0218684
 -0.307608
-0.0776756
 0.0259745
 0.0273893
-0.0632362
  -0.05126
 -0.317645
-0.0714845
 0.0299351
 0.0261374
-0.0782027
-0.0147045
 -0.298082
-0.0744121
 0.0294832
 0.0265442
-0.0660066
-0.0349103
 -0.308177
-0.0743666
 0.0293154
  0.039167
-0.0698701
-0.0405157
 -0.299265
-0.0687693
 0.0283608
 0.0406807
-0.0697526
-0.0183087
 -0.317339
-0.0720729
 0.0285425
 0.0303432
-0.0727809
-0.0266489
 -0.313212
-0.0709269
 0.0304822
 0.0387734
-0.0732467
-0.0336543
 -0.304926
-0.0795616
 0.0307804
 0.0358274
-0.0736209
-0.0340631
 -0.326615
-0.0767794
 0.0254201
 0.0328708
 -0.081363
-0.0272585
 -0.335086
-0.0840971
 0.0256952
  0.033523
-0.0715801
-0.0277522
 -0.334017
-0.0798327
 0.0276721
 0.0352771
-0.0792841
-0.0326011
 -0.333091
-0.0844907
  0.024527
 0.0281902
-0.0793354
-0.0346472
 -0.315671
 -0.079769
 0.0290692
 0.0232384
-0.0782102
-0.0187306
 -0.329885
-0.0885957
 0.0293478
 0.0290394
-0.0712852
-0.0214696
 -0.334339
-0.0792948
  0.026785
 0.0298813
-0.0798847
  -0.02302
 -0.322474
-0.0776661
 0.0201238
 0.0237903
-0.0614627
-0.0147981
 -0.333966
-0.0884926
   0.02463
 0.0337208
-0.0668612
-0.0323522
 -0.314123
-0.0772751
  0.027313
 0.0196432
-0.0657346
-0.0456131
 -0.326804
-0.0766142
 0.0301488
 0.0252798
-0.0852865
-0.0180247
  -0.29855
-0.0720955
 0.0227868
 0.0368119
 -0.059866
-0.0245705
 -0.315133
-0.0817902
 0.0257297
 0.0269473
-0.0755553
-0.0196923
 -0.325335
-0.0818059
 0.0252468
 0.0303538
-0.0782398
-0.0458914
  -0.30528
-0.0696119
  0.031442
 0.0365659
-0.0771375
-0.0384639
 -0.318024
-0.0860009
 0.0243244
 0.0341304
-0.0763155
-0.0396116
 -0.305207
-0.0702853
 0.0260763
 0.0345878
-0.0623271
-0.0275761
 -0.297876
-0.0753749
 0.0241517
  0.033468
-0.0692394
-0.0212814
 -0.327357
-0.0819104
 0.0277004
 0.0271516
 -0.064937
-0.0348414
 -0.306102
-0.0751311
  0.029694
 0.0335278
-0.0694954
-0.0250559
 -0.333923
-0.0879408
 0.0232032
 0.0412265
-0.0687758
-0.0434834
 -0.318673
 -0.084011
 0.0278011
 0.0264244
-0.0798741
 -0.034003
 -0.319298
-0.0805458
 0.0288845
  0.034123
-0.0701364
-0.0236396
   -0.30752
 -0.0702995
  0.0254975
  0.0306553
 -0.0676417
-0.00410788
 -0.307894
-0.0763666
 0.0263783
 0.0339698
-0.0649994
-0.0254119
 -0.319827
-0.0796242
 0.0247088
 0.0280754
-0.0732683
-0.0112832
  -0.32598
-0.0799082
 0.0244376
 0.0254079
-0.0744961
-0.0289335
   -0.3253
 -0.081795
 0.0255204
 0.0354947
-0.0805818
-0.0298152
 -0.328972
-0.0757305
 0.0277447
  0.027905
-0.0727946
-0.0223068
 -0.328218
 -0.078447
 0.0255354
 0.0349912
-0.0779695
-0.0234135
 -0.320257
 -0.078391
  0.026945
 0.0225177
-0.0799635
-0.0127653
 -0.331896
-0.0888935
 0.0211337
 0.0312334
-0.0687629
-0.0416753
 -0.327775
-0.0802921
 0.0264252
 0.0299253
-0.0761218
-0.0404478
  -0.31882
-0.0743536
 0.0321513
 0.0320441
-0.0791789
-0.0183326
 -0.315223
  -0.08183
 0.0257781
 0.0229114
 -0.076588
-0.0196266
 -0.309704
-0.0776844
 0.0251737
 0.0324383
-0.0705096
-0.0346926
 -0.312027
-0.0763876
 0.0215808
 0.0355267
-0.0656306
-0.0430004
  -0.31383
-0.0781344
 0.0243027
 0.0318331
-0.0726265
-0.0251032
 -0.318853
-0.0825785
 0.0299318
 0.0320235
-0.0795793
-0.0334918
 -0.324095
 -0.077871
 0.0263014
 0.0336189
-0.0683246
-0.0377919
 -0.343678
 -0.082928
  0.026655
 0.0314151
-0.0744537
-0.0375639
 -0.321123
-0.0819777
 0.0254527
 0.0323891
-0.0745884
-0.0328896
 -0.308017
-0.0765736
 0.0243408
 0.0307597
 -0.068607
-0.0183404
 -0.328811
-0.0844519
 0.0265868
 0.0283337
-0.0696054
-0.0402108
 -0.339512
-0.0833503
 0.0244651
 0.0300862
-0.0749285
-0.0358197
 -0.321776
-0.0795611
 0.0211168
 0.0338377
-0.0676776
 -0.020262
 -0.315509
-0.0796705
 0.0266413
 0.0291305
-0.0675607
-0.0236183
 -0.336376
-0.0873598
 0.0187676
 0.0325311
-0.0620869
 -0.045146
 -0.341413
-0.0846166
 0.0212876
 0.0265316
-0.0713359
-0.0315288
 -0.312371
-0.0757777
 0.0231522
  0.031399
-0.0707932
-0.0218904
 -0.334012
-0.0791935
 0.0239506
 0.0396529
 -0.068721
-0.0463034
 -0.329755
-0.0814249
 0.0278919
 0.0237657
-0.0793114
-0.0291762
  -0.307198
 -0.0717199
  0.0254722
   0.031193
 -0.0757489
-0.00909166
 -0.300739
-0.0719603
 0.0218762
  0.034859
-0.0568803
-0.0151205
 -0.331156
  -0.08323
 0.0335082
 0.0248003
-0.0667873
-0.0283441
 -0.332419
-0.0868184
 0.0243311
 0.0264968
-0.0677844
-0.0476899
 -0.313835
 -0.077189
 0.0275848
 0.0379203
-0.0686121
-0.0227546
 -0.311422
-0.0792012
 0.0301119
 0.0320328
 -0.073639
-0.0147024
 -0.331089
-0.0836644
 0.0267933
 0.0301699
 -0.070236
-0.0281112
 -0.337793
-0.0820726
 0.0257182
 0.0275818
-0.0704509
-0.0264744
 -0.329578
-0.0812147
 0.0276912
 0.0298596
-0.0697193
-0.0340945
 -0.309265
-0.0787418
 0.0299542
 0.0416464
-0.0780194
-0.0169546
 -0.319956
-0.0788551
 0.0278696
 0.0269627
-0.0754717
-0.0201579
 -0.331383
 -0.081806
 0.0231657
 0.0369361
 -0.062985
-0.0342301
 -0.329561
-0.0811617
  0.027549
 0.0288315
 -0.066086
-0.0410718
 -0.301289
-0.0703342
 0.0251671
 0.0319027
-0.0799035
 -0.020452
 -0.314135
-0.0767526
 0.0262083
 0.0282545
-0.0710226
-0.0406035
 -0.335364
-0.0750368
 0.0231175
 0.0322478
  -0.07795
-0.0299829
  -0.33486
-0.0853694
 0.0279829
 0.0292761
-0.0778852
-0.0305126
  -0.33594
-0.0810229
 0.0245312
 0.0307715
-0.0717985
-0.0261218
 -0.333748
-0.0812169
 0.0230724
 0.0314941
-0.0700915
-0.0425175
 -0.328573
-0.0780415
 0.0244799
 0.0264305
-0.0837546
-0.0251205
 -0.341453
-0.0829851
 0.0253651
 0.0353017
-0.0675626
-0.0426724
  -0.34105
-0.0853295
 0.0177619
 0.0355986
-0.0674568
 -0.036531
  -0.318693
 -0.0758777
  0.0279745
  0.0263212
 -0.0781562
-0.00964863
 -0.320072
-0.0777011
 0.0250978
 0.0319645
-0.0737078
-0.0424979
 -0.317212
-0.0816842
 0.0247345
 0.0299795
-0.0754307
-0.0124951
 -0.333148
 -0.083635
 0.0257606
 0.0341524
-0.0740038
-0.0231034
 -0.346028
  -0.08213
  0.026769
 0.0281874
-0.0724835
-0.0323759
 -0.320311
-0.0776933
 0.0278315
  0.025239
-0.0800758
-0.0216741
 -0.330174
-0.0791002
 0.0312469
 0.0252791
-0.0682225
-0.0217801
 -0.331926
-0.0804785
 0.0254355
 0.0254027
 -0.063057
-0.0358533
 -0.312593
-0.0740745
 0.0276738
 0.0353386
 -0.063641
-0.0124511
 -0.311746
-0.0783899
 0.0210653
 0.0325476
-0.0692142
 -0.018556
 -0.321388
-0.0806786
 0.0233453
 0.0367129
-0.0680248
-0.0209646
 -0.330546
-0.0771063
 0.0298414
 0.0272218
-0.0592993
-0.0302578
  -0.34352
-0.0842863
 0.0269842
 0.0270834
-0.0793109
 -0.026547
  -0.313503
 -0.0806145
   0.027083
  0.0213941
 -0.0758743
-0.00788715
-0.316279
 -0.06828
0.0297456
0.0265239
-0.068695
-0.016025
 -0.324754
-0.0761813
 0.0277076
 0.0286773
-0.0821142
-0.0249696
 -0.331998
-0.0805317
 0.0278151
 0.0235462
-0.0726741
-0.0310302
 -0.341029
-0.0760031
  0.027497
 0.0379573
-0.0665797
-0.0327676
 -0.343144
-0.0847601
 0.0255815
 0.0343753
-0.0689641
-0.0363679
 -0.326778
-0.0768358
 0.0234576
 0.0277592
-0.0771861
-0.0158093
 -0.316625
-0.0754892
 0.0274119
 0.0266785
-0.0814867
-0.0370767
 -0.331261
-0.0832373
 0.0232736
  0.028452
-0.0692638
-0.0368943
 -0.322381
-0.0770807
 0.0232194
 0.0346264
-0.0769133
-0.0233905
 -0.316768
 -0.074711
 0.0243556
 0.0303785
-0.0661222
-0.0165133
 -0.312447
-0.0837325
 0.0257456
 0.0319366
-0.0727919
-0.0187807
  -0.31144
-0.0711607
 0.0298856
 0.0276986
-0.0736009
-0.0131958
 -0.331033
-0.0829348
 0.0275426
 0.0368881
-0.0694449
-0.0416681
 -0.327241
-0.0821865
 0.0254032
 0.0338738
-0.0743958
-0.0368578
 -0.330799
-0.0763385
 0.0252783
 0.0320187
-0.0723033
  -0.03376
 -0.313041
-0.0728937
 0.0300525
 0.0308081
-0.0739708
-0.0069569
 -0.331118
-0.0831635
 0.0253254
 0.0335999
-0.0733125
 -0.043761
 -0.326948
  -0.08313
 0.0279755
 0.0349669
-0.0665675
-0.0194372
 -0.333395
-0.0831363
 0.0245155
 0.0286005
-0.0751226
-0.0318514
 -0.323919
-0.0792389
 0.0265409
 0.0292484
-0.0733118
-0.0313573
 -0.335455
 -0.083107
 0.0234827
 0.0325843
 -0.078891
-0.0268436
 -0.346693
 -0.088072
 0.0202277
 0.0315536
-0.0736295
-0.0347016
 -0.349714
-0.0836042
 0.0301749
 0.0305815
-0.0762651
-0.0326843
 -0.329763
-0.0804164
 0.0335428
  0.031082
-0.0799891
-0.0198818
 -0.315211
 -0.080072
 0.0299347
 0.0348055
-0.0677599
-0.0240653
 -0.326083
-0.0793653
 0.0233283
 0.0289943
-0.0770544
-0.0262532
 -0.332799
-0.0854596
 0.0290686
 0.0262802
-0.0778806
-0.0331263
 -0.328439
-0.0872623
 0.0270278
 0.0205431
-0.0834731
-0.0295298
 -0.321196
-0.0812055
 0.0263767
 0.0341605
-0.0708083
-0.0396113
 -0.322353
-0.0767891
 0.0276215
 0.0340406
 -0.075267
-0.0258457
 -0.337844
-0.0814369
 0.0266563
 0.0312916
-0.0743268
-0.0329892
 -0.333913
-0.0813125
 0.0279218
   0.02782
-0.0891978
-0.0282899
 -0.337906
-0.0812514
 0.0311592
 0.0276587
-0.0774756
-0.0329857
 -0.317513
-0.0796683
 0.0253397
 0.0329964
-0.0717176
-0.0323572
 -0.311076
-0.0726319
 0.0253425
 0.0299301
-0.0709022
-0.0183879
 -0.337395
-0.0835004
 0.0233652
  0.030964
-0.0727037
-0.0338863
 -0.337451
-0.0834704
 0.0236347
 0.0310814
-0.0723154
-0.0201385
 -0.341291
-0.0837098
 0.0243948
 0.0375659
-0.0703116
-0.0360164
 -0.336131
-0.0797955
 0.0240343
 0.0319379
-0.0721261
-0.0484277
 -0.325655
-0.0805661
 0.0230084
 0.0305619
-0.0729686
-0.0430661
