 -0.124096
-0.0643795
 0.0570974
 0.0043078
-0.0332756
-0.0285032
 -0.162863
 -0.034624
 0.0200434
 0.0153572
-0.0310831
 -0.049466
 -0.131361
-0.0750777
 0.0680983
 0.0117099
-0.0359312
-0.0538085
  -0.152262
 -0.0445456
  0.0384839
-0.00113511
 -0.0421946
 -0.0443354
 -0.131934
-0.0423218
 0.0337087
0.00795407
-0.0401844
-0.0456302
 -0.112157
-0.0613211
 0.0589365
 0.0131695
-0.0362851
-0.0354526
 -0.151046
-0.0568184
 0.0398864
0.00767729
-0.0374121
-0.0459404
 -0.132275
-0.0564039
 0.0453772
 0.0121078
 -0.034597
-0.0415466
 -0.121219
-0.0590888
 0.0533786
0.00592746
-0.0287741
-0.0355289
  -0.14342
-0.0626032
 0.0469837
0.00409575
 -0.041113
-0.0360085
   -0.1489
 -0.048607
  0.045256
0.00482562
-0.0383289
-0.0425958
 -0.121847
-0.0641631
 0.0626317
0.00982722
-0.0332004
 -0.026723
 -0.147473
-0.0308942
 0.0178313
 0.0070277
-0.0331919
-0.0424247
 -0.133527
-0.0682016
 0.0425352
 0.0142387
-0.0305361
-0.0354483
 -0.151563
-0.0773086
 0.0707175
 0.0105697
-0.0345829
-0.0434381
   -0.13852
-0.00589251
  0.0563188
  0.0078583
 -0.0471027
 -0.0242209
  -0.162142
  -0.105353
   0.039353
-0.00113499
 -0.0400981
 -0.0532922
 -0.184797
 -0.036665
 0.0629804
0.00282833
-0.0457557
-0.0379754
 -0.165973
-0.0553052
 0.0504652
0.00317769
-0.0404837
-0.0209377
 -0.168111
-0.0544223
 0.0546405
  0.006178
-0.0477444
-0.0340139
  -0.180498
 -0.0563665
  0.0425784
0.000228439
  -0.055562
 -0.0347619
 -0.173707
-0.0741572
 0.0395226
 0.0141372
-0.0485029
-0.0417866
 -0.167334
-0.0403767
 0.0631353
0.00366088
-0.0504805
-0.0324735
 -0.155115
-0.0675309
 0.0216989
 0.0054566
-0.0360023
-0.0265921
 -0.183041
-0.0525282
 0.0464102
0.00913446
-0.0411592
-0.0540911
 -0.188479
-0.0730841
 0.0359054
0.00826553
-0.0299464
-0.0582753
 -0.174954
-0.0678824
 0.0595614
0.00948556
-0.0433792
-0.0353274
 -0.159282
-0.0642028
 0.0525231
  0.011805
-0.0367457
-0.0399556
 -0.170793
-0.0595001
 0.0557757
0.00844808
-0.0341699
-0.0412023
 -0.161358
-0.0660843
 0.0427389
 0.0024577
-0.0435936
-0.0374426
 -0.182436
 -0.112733
 0.0587423
 0.0147509
-0.0397831
-0.0417154
 -0.176558
-0.0695226
 0.0620252
 0.0128331
-0.0446982
-0.0245454
 -0.189238
-0.0679171
 0.0672007
 0.0131334
-0.0522511
-0.0475047
 -0.184922
 -0.069757
 0.0436526
 0.0123084
-0.0299768
-0.0530009
 -0.194352
-0.0742846
 0.0430929
 0.0101579
-0.0364026
-0.0376591
   -0.179039
  -0.0615249
   0.0461372
-0.000288494
  -0.0366747
  -0.0313102
-0.198445
-0.057115
0.0435171
0.0134551
-0.032702
-0.040807
 -0.202861
-0.0662959
 0.0341004
0.00619728
-0.0413954
-0.0322288
  -0.192321
 -0.0509823
  0.0345962
-0.00281312
 -0.0474789
 -0.0398367
 -0.216322
-0.0637782
 0.0141738
0.00154848
-0.0245608
-0.0243526
 -0.213444
-0.0389199
 0.0444207
 0.0126738
-0.0447617
-0.0255532
 -0.231225
-0.0563011
 0.0908372
0.00669892
-0.0469963
-0.0292726
 -0.210548
-0.0412969
 0.0580038
 0.0106237
 -0.038042
-0.0187856
 -0.188668
-0.0841441
0.00584042
 0.0035591
-0.0280116
-0.0205804
 -0.226718
-0.0582639
  0.069214
 0.0138749
-0.0404262
-0.0482213
  -0.20403
-0.0835845
 0.0591816
  0.015162
-0.0220388
-0.0261952
 -0.220986
-0.0268011
 0.0284691
0.00579138
-0.0379089
-0.0252169
 -0.235235
 -0.106413
-0.0111091
 0.0100545
-0.0353225
 -0.026563
 -0.234087
 -0.049285
 0.0328027
0.00416394
-0.0352272
-0.0183888
  -0.22742
-0.0640587
 0.0778051
 0.0110872
-0.0455625
-0.0212739
 -0.248369
-0.0908175
 0.0542054
 0.0035003
-0.0445956
-0.0322482
 -0.232943
-0.0704529
 0.0335313
0.00742188
-0.0364602
-0.0192418
 -0.249523
-0.0771364
 0.0527463
 0.0132157
-0.0485943
-0.0232961
 -0.242804
-0.0459225
 0.0470432
0.00574055
-0.0316668
-0.0304168
 -0.265028
 -0.132922
 0.0343139
 0.0125874
-0.0364449
-0.0446032
 -0.249326
-0.0590794
  0.083436
0.00559581
-0.0393363
-0.0213753
 -0.262518
-0.0424541
 0.0462141
0.00380837
  -0.04397
-0.0190472
 -0.281256
 -0.123398
 0.0651259
 0.0141839
-0.0455268
  -0.05558
  -0.300619
 -0.0904647
  0.0422076
-0.00590503
 -0.0351356
 -0.0414628
 -0.299425
-0.0696245
 0.0281477
 0.0153355
-0.0437969
-0.0287102
 -0.333247
-0.0925241
 0.0211786
 0.0138558
-0.0335044
-0.0375968
 -0.345103
-0.0740193
 0.0842672
0.00641412
-0.0445416
-0.0373272
 -0.326468
 -0.123237
 0.0788982
 0.0208951
-0.0400093
-0.0464679
   -0.357917
  -0.0676101
   0.0567218
-0.000877249
  -0.0556577
  -0.0193932
 -0.339722
 -0.106208
 0.0507443
 0.0159147
-0.0497918
-0.0396163
  -0.34562
 -0.117558
 0.0424317
0.00617226
-0.0488863
-0.0368206
 -0.356289
-0.0909632
 0.0394334
 0.0134172
-0.0534233
-0.0251792
 -0.369512
 -0.108617
 0.0877713
 0.0214392
-0.0669538
-0.0385674
 -0.395728
 -0.123663
 0.0528705
 0.0078235
-0.0513029
-0.0387293
 -0.446901
 -0.128538
 0.0187327
 0.0153365
-0.0545734
-0.0375768
   -0.473252
   -0.114146
   0.0317921
-3.29558e-06
  -0.0443283
  -0.0423934
 -0.501124
 -0.127505
  0.031509
0.00461944
-0.0586167
-0.0310389
  -0.49586
 -0.140462
  0.119846
 0.0155942
-0.0500967
-0.0336579
 -0.585325
  -0.12844
 0.0609851
0.00597685
-0.0643989
-0.0342259
  -0.60074
 -0.159477
  0.041319
 0.0143128
 -0.057264
-0.0117353
 -0.686282
 -0.173316
 0.0619254
 0.0012855
-0.0570718
-0.0387087
 -0.750765
 -0.181141
 0.0590744
 0.0030303
-0.0625195
-0.0411965
 -0.795874
 -0.198579
 0.0691246
 0.0137047
-0.0597095
-0.0194428
  -0.907458
  -0.162981
  0.0229278
0.000833454
 -0.0606961
 -0.0166684
 -0.973251
 -0.240234
0.00640833
 0.0179952
-0.0570093
-0.0442128
   -1.06887
  -0.238884
  0.0445422
-0.00220988
 -0.0662472
 -0.0175935
  -1.14648
 -0.220351
0.00859676
 0.0113569
-0.0738475
-0.0113671
  -1.21332
 -0.269279
 0.0960945
 0.0214955
-0.0769673
-0.0285188
  -1.29936
 -0.304372
 0.0366647
 0.0110563
-0.0696995
-0.0246769
    -1.3092
  -0.318027
-0.00204699
   0.011747
  -0.078813
  -0.038906
  -1.31949
 -0.298723
 0.0366138
0.00424625
-0.0639821
-0.0334671
  -1.33869
 -0.322275
 0.0447195
0.00264057
-0.0830996
-0.0143457
  -1.29216
 -0.307647
   0.15428
 0.0139012
-0.0830462
-0.0144502
  -1.30027
 -0.266844
 0.0448515
0.00903822
-0.0742196
-0.0140577
  -1.32813
 -0.322325
 0.0465873
 0.0020737
-0.0780781
-0.0410106
  -1.31107
  -0.33049
 0.0623718
 0.0125282
-0.0770183
-0.0340918
   -1.3164
 -0.325288
 0.0618948
 0.0168929
-0.0832632
-0.0468639
  -1.30164
 -0.244436
 0.0315735
 0.0177215
-0.0681272
-0.0190355
  -1.29361
 -0.335838
 0.0394359
  0.011669
-0.0662573
-0.0218016
   -1.3252
 -0.282826
 0.0514265
0.00986655
-0.0753422
-0.0165265
  -1.31819
 -0.311443
 0.0512698
 0.0133811
  -0.08921
-0.0165147
  -1.32082
 -0.313129
  0.102517
 0.0159937
-0.0881385
-0.0175265
  -1.34461
 -0.296835
 0.0487029
 0.0169342
-0.0947542
-0.0131193
   -1.3471
 -0.355731
 0.0226728
 0.0152727
-0.0785675
-0.0280073
  -1.35426
 -0.306118
 0.0708643
 0.0170839
-0.0980329
-0.0357282
  -1.37446
 -0.298287
  0.083958
 0.0200011
-0.0922617
-0.0374787
  -1.41093
 -0.236619
 0.0827528
0.00418722
-0.0994616
-0.0106959
  -1.40141
 -0.337316
 0.0324531
0.00307296
-0.0718155
-0.0318749
  -1.41821
 -0.343545
 0.0482637
0.00727111
-0.0825867
-0.0309697
  -1.39481
 -0.261805
 0.0461945
0.00630687
-0.0773636
-0.0278343
  -1.40855
 -0.313318
 0.0772518
0.00725902
-0.0872663
-0.0240065
  -1.40144
 -0.327509
 0.0430506
 0.0111213
 -0.082344
-0.0298447
  -1.42521
 -0.325998
0.00719978
 0.0114337
-0.0720494
 -0.040804
  -1.45919
 -0.328369
 0.0542958
0.00920634
-0.0989429
-0.0393537
  -1.46421
 -0.379705
 0.0892885
 0.0175841
-0.0834134
-0.0445867
  -1.50705
 -0.296785
  0.015525
0.00890041
-0.0831203
-0.0334351
   -1.48403
  -0.373389
  0.0317301
-0.00113119
  -0.090944
 -0.0334431
  -1.56429
 -0.369867
 0.0863677
 0.0169745
-0.0984918
-0.0387691
  -1.58453
 -0.322393
 0.0943447
0.00686723
 -0.107969
-0.0118726
  -1.59486
 -0.334703
 0.0412024
0.00742414
-0.0976633
-0.0230135
  -1.60646
 -0.331412
0.00963217
 0.0123464
 -0.096683
-0.0436835
   -1.5839
 -0.369444
 0.0525089
0.00971886
 -0.091339
-0.0253263
  -1.63511
 -0.298304
 0.0258486
  0.015663
 -0.102173
-0.0162887
   -1.6306
 -0.323078
 0.0569915
 0.0111617
 -0.110778
-0.0227847
  -1.63562
 -0.372079
 0.0184154
 0.0167565
-0.0992765
-0.0388062
   -1.65684
   -0.38895
0.000324948
  0.0183751
  -0.117732
 -0.0355843
  -1.66053
 -0.358115
   0.08638
 0.0241539
 -0.122164
-0.0298613
  -1.66768
 -0.339911
  0.056966
 0.0193389
 -0.111203
-0.0353293
  -1.67829
 -0.425198
 0.0421808
0.00323997
 -0.100457
-0.0572032
  -1.69093
 -0.383281
 0.0387136
0.00515229
 -0.117539
-0.0376074
  -1.72028
 -0.410891
 0.0695123
 0.0229892
 -0.103166
-0.0446982
 -1.74335
-0.327223
0.0668934
0.0153968
-0.117267
-0.031951
   -1.7241
  -0.37245
 0.0451045
 0.0246516
 -0.112459
-0.0315309
  -1.7463
-0.416887
0.0614459
0.0123185
-0.119271
  -0.0409
  -1.76535
 -0.392117
 0.0425311
0.00880823
 -0.124644
-0.0418474
  -1.77987
 -0.412625
 0.0888106
 0.0205546
 -0.128875
-0.0406682
  -1.79916
 -0.353738
 0.0513993
 0.0260475
 -0.122442
-0.0275061
  -1.79011
 -0.394068
  0.020416
0.00876796
 -0.114067
-0.0481697
  -1.82183
 -0.445004
  0.068907
 0.0260031
 -0.120959
-0.0523278
  -1.81698
 -0.362687
 0.0894948
 0.0227179
 -0.123129
-0.0316015
  -1.81433
 -0.371943
 0.0116574
 0.0144068
 -0.121972
-0.0457343
    -1.83741
   -0.446227
-0.000186868
   0.0258986
   -0.116943
  -0.0565925
  -1.87356
 -0.430658
 0.0599432
 0.0172265
 -0.130631
-0.0430705
  -1.87534
 -0.394015
  0.111181
 0.0214365
 -0.135863
-0.0260739
 -1.90369
-0.392619
0.0551182
0.0251589
-0.142082
-0.039388
   -1.8741
  -0.43955
 0.0165642
 0.0275159
 -0.131993
-0.0425032
  -1.91527
 -0.446152
 0.0593739
 0.0188917
 -0.127351
-0.0544801
  -1.95914
 -0.418683
 0.0791536
 0.0175949
 -0.130292
-0.0281392
  -1.94788
 -0.428549
  0.099395
 0.0283919
 -0.147937
-0.0299857
 -1.97269
 -0.38325
0.0351787
0.0230412
-0.124523
 -0.04216
   -1.96318
  -0.427104
 -0.0204488
  0.0228056
  -0.126036
-0.00561153
  -2.02564
 -0.405697
 0.0231931
 0.0174626
 -0.128949
-0.0429993
  -2.02344
 -0.445792
  0.052252
 0.0172143
 -0.130826
-0.0497254
  -2.01642
 -0.420542
 0.0847976
   0.02481
  -0.12534
-0.0339502
  -2.02269
   -0.4043
-0.0125902
 0.0120521
 -0.126067
-0.0362737
  -1.99049
 -0.448522
 0.0090684
 0.0174239
 -0.123045
-0.0276789
  -2.03256
 -0.450953
 0.0501057
 0.0192868
 -0.131794
-0.0463184
   -2.0442
 -0.460089
 0.0762256
 0.0300394
 -0.146828
-0.0363461
  -2.09343
 -0.388426
  0.057005
 0.0235899
   -0.1394
-0.0488668
  -2.07016
 -0.475023
 0.0561699
 0.0181527
 -0.133697
-0.0302508
   -2.09212
  -0.458154
-0.00363957
  0.0195553
  -0.149005
 -0.0526312
  -2.09907
 -0.426898
  0.026404
 0.0216842
 -0.132146
-0.0441132
  -2.12017
  -0.46199
 0.0994237
 0.0254547
 -0.157463
-0.0380221
  -2.11893
 -0.471422
 0.0487162
 0.0248877
 -0.160301
-0.0327908
  -2.12683
 -0.469112
-0.0059612
 0.0222533
 -0.154662
-0.0394378
  -2.12308
 -0.438682
 0.0397971
 0.0205202
 -0.160373
-0.0462725
 -2.14155
-0.480389
 0.040038
0.0328062
-0.166728
-0.054214
  -2.15943
 -0.473041
 0.0655861
 0.0285679
 -0.150997
-0.0505927
   -2.1327
 -0.409449
 0.0300995
 0.0173774
 -0.162965
-0.0354244
  -2.15557
 -0.501488
 0.0269507
  0.023101
 -0.169446
-0.0431071
  -2.16131
 -0.458323
 0.0645749
 0.0204195
  -0.16371
-0.0428547
   -2.18989
  -0.482373
-0.00207892
  0.0264329
  -0.170081
 -0.0353223
  -2.16646
 -0.462982
 0.0558859
 0.0280959
 -0.169332
-0.0368832
 -2.19355
-0.494424
0.0748603
0.0286286
 -0.17648
-0.051341
 -2.20084
-0.431004
0.0764256
0.0326796
-0.181584
-0.039208
  -2.21055
 -0.518438
 0.0585134
 0.0404702
 -0.178846
-0.0435998
  -2.26285
 -0.498426
-0.0133381
 0.0277018
 -0.178401
-0.0560326
  -2.26473
 -0.470732
 0.0309887
 0.0289212
 -0.181263
-0.0268665
  -2.33391
 -0.517656
 0.0371826
 0.0265544
  -0.18838
-0.0519449
  -2.35726
   -0.5014
 0.0947095
 0.0369176
 -0.187795
-0.0402198
    -2.43127
   -0.520521
-0.000239365
   0.0353584
   -0.191882
  -0.0555217
 -2.46734
 -0.55714
0.0372589
0.0275684
-0.199964
-0.051575
  -2.50621
 -0.525911
 0.0355339
 0.0244234
 -0.189322
-0.0440841
  -2.51944
 -0.539645
 0.0305823
 0.0290359
 -0.187614
-0.0349566
  -2.52659
 -0.552956
 0.0193978
 0.0351529
 -0.187191
-0.0420691
  -2.56173
 -0.559823
  0.052166
 0.0366196
 -0.215327
-0.0394674
  -2.62813
 -0.534682
 0.0562649
 0.0299703
  -0.21139
-0.0361406
  -2.63092
 -0.581307
 0.0588669
 0.0304537
 -0.195717
-0.0468158
  -2.69127
 -0.600141
 0.0241495
 0.0327176
 -0.199494
-0.0463019
   -2.71692
  -0.573722
-0.00017556
  0.0323375
  -0.193256
 -0.0458627
  -2.72189
 -0.567721
 0.0376493
 0.0339005
 -0.214581
-0.0437354
  -2.79438
 -0.593218
 0.0322413
 0.0423679
 -0.215924
-0.0351743
  -2.84725
 -0.604129
 0.0776259
 0.0218746
 -0.219269
-0.0360243
    -2.901
 -0.599716
 0.0322554
 0.0300101
 -0.229455
-0.0362094
    -2.932
 -0.663143
-0.0209448
 0.0327796
 -0.229622
-0.0408022
   -3.0101
 -0.659944
  0.040334
 0.0386146
 -0.230509
-0.0653393
  -3.02096
 -0.625989
 0.0389944
 0.0320058
 -0.241497
-0.0315879
  -3.06238
 -0.682844
 0.0498679
 0.0421999
 -0.238464
-0.0470173
  -3.12088
 -0.663331
-0.0237576
 0.0347926
 -0.251418
-0.0400339
  -3.16535
 -0.697097
 0.0167246
 0.0456017
 -0.254331
-0.0525901
  -3.21482
  -0.68807
 0.0660511
  0.024821
 -0.263009
-0.0446293
  -3.26618
 -0.738416
 0.0700529
 0.0414533
 -0.260548
-0.0509558
  -3.32749
 -0.677661
 0.0336007
 0.0443087
 -0.263324
-0.0567226
  -3.34251
 -0.768139
 0.0531063
 0.0360513
 -0.290891
-0.0534401
   -3.4453
 -0.728487
 0.0500538
 0.0513549
 -0.284377
-0.0480373
  -3.48767
 -0.769249
 0.0250119
 0.0521111
  -0.29625
-0.0532091
  -3.56706
 -0.809217
 0.0293468
 0.0438536
 -0.288388
-0.0489692
  -3.59696
 -0.757204
 0.0146591
 0.0413409
 -0.290677
-0.0271257
  -3.66559
 -0.820839
 0.0302378
 0.0551518
 -0.300358
-0.0560565
  -3.69881
 -0.770931
 0.0258651
 0.0544724
  -0.29345
-0.0310872
   -3.77858
  -0.821392
-0.00745372
  0.0416068
  -0.298139
 -0.0474893
  -3.84706
 -0.841728
 0.0357934
 0.0571725
 -0.311338
-0.0439164
  -3.95526
 -0.882106
 0.0468998
 0.0515203
 -0.317574
-0.0454452
  -3.99146
 -0.869109
 0.0567906
 0.0576849
 -0.339622
-0.0461527
 -4.04407
 -0.86913
0.0330946
0.0499503
-0.339222
-0.026994
  -4.12103
 -0.927503
 0.0255042
 0.0475194
 -0.337491
-0.0490977
  -4.22785
 -0.937322
  0.053511
 0.0577074
 -0.351937
-0.0417739
  -4.34975
 -0.922966
 0.0493735
 0.0581903
 -0.351507
-0.0293196
  -4.46125
 -0.972398
-0.0105029
 0.0544142
 -0.357382
-0.0446059
  -4.54151
  -1.03087
 0.0248117
 0.0604066
 -0.380822
-0.0471734
  -4.69815
 -0.999214
 0.0517032
 0.0608981
 -0.380431
-0.0288068
  -4.76148
   -1.0227
 0.0342501
 0.0556797
 -0.400869
-0.0189139
  -4.88102
  -1.08844
-0.0290034
 0.0669545
 -0.396874
-0.0388344
  -5.00404
  -1.09927
0.00567929
 0.0764373
 -0.413936
-0.0418045
  -5.13395
  -1.13234
 0.0652715
 0.0673519
 -0.425867
-0.0259105
  -5.24628
  -1.15189
 0.0176465
 0.0693989
 -0.433456
-0.0300262
  -5.33704
  -1.20505
 0.0135534
 0.0685144
 -0.440788
-0.0249279
  -5.47897
  -1.23439
 0.0243865
 0.0746193
 -0.473584
-0.0323162
  -5.60634
  -1.24635
 0.0381567
 0.0807059
 -0.479344
-0.0232057
  -5.70408
   -1.2379
 0.0345137
 0.0796642
 -0.492381
-0.0113946
  -5.83578
  -1.30182
 0.0195825
 0.0828005
 -0.493773
-0.0199025
  -5.98026
  -1.33216
-0.0050252
 0.0875439
 -0.510121
-0.0101265
  -6.13223
  -1.34494
 0.0229658
 0.0780836
 -0.511771
-0.0266805
   -6.20345
   -1.37657
  0.0153934
  0.0881183
  -0.534888
-0.00180924
  -6.31867
  -1.39792
0.00231837
  0.089876
 -0.533961
-0.0109553
   -6.43162
    -1.4358
  0.0112604
  0.0908923
   -0.54811
-0.00117738
  -6.61646
  -1.47934
-0.0126254
 0.0917543
 -0.574446
-0.0152085
  -6.70695
  -1.49654
  0.018426
  0.100506
 -0.583975
0.00916822
  -6.82728
  -1.52266
0.00280564
  0.107855
  -0.59159
 0.0193832
  -6.99405
  -1.57924
0.00951826
 0.0993157
 -0.624769
 0.0163373
   -7.14669
   -1.60913
-0.00754962
   0.102212
  -0.635317
 0.00375079
  -7.32078
  -1.66087
-0.0174248
  0.108947
 -0.652302
0.00629717
 -7.47345
 -1.66061
0.0312314
 0.112338
-0.670875
0.0273633
  -7.64361
  -1.73123
 -0.016535
  0.120722
 -0.697186
0.00699744
  -7.79213
  -1.74219
0.00536991
  0.114528
 -0.703119
 0.0303463
  -7.97584
  -1.80839
-0.0466231
  0.125079
 -0.718618
 0.0181342
 -8.17484
 -1.83759
 0.013194
 0.129242
-0.736654
0.0259387
     -8.3657
    -1.89808
-0.000944258
    0.130786
   -0.765203
   0.0202793
  -8.56065
  -1.92568
-0.0241833
  0.133398
 -0.779379
 0.0303892
   -8.7507
  -2.00592
-0.0442582
  0.137246
 -0.781386
 0.0330202
 -8.95799
  -2.0279
0.0134505
 0.138745
-0.815146
0.0595278
  -9.13313
  -2.10237
-0.0156056
  0.148037
 -0.845423
 0.0575511
    -9.28781
     -2.1146
-1.36971e-05
    0.139326
   -0.856599
   0.0904067
  -9.42229
  -2.17162
-0.0694709
   0.15035
 -0.865594
  0.090532
 -9.54314
 -2.19578
0.0137434
 0.153469
-0.880377
0.0869657
  -9.66439
  -2.22866
-0.0150665
   0.14904
 -0.885639
 0.0921323
  -9.75159
  -2.24873
-0.0623876
   0.15951
 -0.894133
  0.109395
  -9.87857
  -2.28513
-0.0298008
  0.168544
 -0.890959
   0.11433
  -9.98132
  -2.29963
-0.0352366
  0.164713
 -0.925174
  0.137198
   -10.1056
   -2.34813
-0.00657246
   0.168924
  -0.937328
   0.127949
     -10.21
   -2.36276
-0.00910134
    0.16543
  -0.933913
   0.142358
  -10.3856
  -2.41275
-0.0681725
  0.173592
 -0.950392
  0.157238
   -10.513
  -2.46529
-0.0356297
  0.179567
 -0.974084
  0.165017
 -10.6859
 -2.48816
-0.014646
 0.165306
-0.990189
 0.197066
 -10.9079
 -2.56839
0.0104398
 0.178157
 -1.00249
  0.18704
  -11.0917
  -2.56787
-0.0373923
  0.174556
  -1.00264
  0.197997
  -11.3078
  -2.67311
-0.0922007
   0.17373
  -1.02361
   0.21051
  -11.5457
  -2.71979
-0.0257965
  0.193742
  -1.06043
   0.23051
  -11.8124
  -2.78232
-0.0266377
  0.202296
  -1.08722
  0.233986
  -12.1163
  -2.84007
-0.0440821
  0.191479
  -1.10937
   0.26127
 -12.3779
  -2.9674
-0.075994
 0.210318
 -1.12612
 0.272039
   -12.691
  -3.00233
-0.0782589
  0.208522
  -1.15841
  0.278635
  -13.0294
  -3.13349
-0.0500033
  0.223619
  -1.19174
  0.307947
  -13.3251
  -3.13803
-0.0479682
  0.217195
  -1.21987
  0.317075
  -13.5528
  -3.25878
-0.0637804
  0.233215
  -1.24198
  0.330961
 -13.9073
 -3.34457
-0.067774
 0.243594
 -1.28722
 0.351482
  -14.2764
  -3.43664
-0.0478283
  0.241501
  -1.31377
  0.352702
  -14.5899
  -3.51428
-0.0870764
  0.260093
  -1.34543
  0.387164
 -14.9088
  -3.5536
-0.109203
 0.256807
 -1.37846
  0.41852
  -15.2512
  -3.71116
-0.0878758
  0.261415
  -1.39374
  0.410369
  -15.6203
   -3.7461
-0.0894802
  0.269438
  -1.43876
  0.465283
 -16.0256
 -3.87332
-0.133721
 0.277294
 -1.46965
 0.471587
 -16.3801
 -3.98328
-0.124244
 0.291611
 -1.51371
 0.500289
 -16.6482
 -4.01296
-0.099184
 0.293331
 -1.52702
 0.519793
  -16.9494
   -4.1286
-0.0918282
  0.297387
  -1.54291
  0.524836
 -17.3725
 -4.22489
-0.115888
 0.297031
 -1.59879
 0.542992
 -17.7559
  -4.3337
-0.106131
 0.314152
 -1.61841
 0.553856
 -18.0718
  -4.3833
-0.114991
 0.321076
 -1.64156
 0.590497
  -18.317
 -4.47654
-0.128327
 0.317387
  -1.6524
 0.611567
 -18.6535
 -4.52542
-0.124641
 0.313582
 -1.68055
 0.615832
 -18.8465
 -4.57493
-0.120812
 0.323688
 -1.68688
 0.633985
 -19.0164
 -4.61218
-0.145402
 0.311633
 -1.69389
 0.599438
 -18.9935
 -4.57766
-0.135645
 0.316398
 -1.69411
 0.605141
  -18.8802
  -4.53536
-0.0931686
  0.325401
  -1.68717
  0.576404
 -18.7729
 -4.51619
-0.091618
 0.315634
 -1.67939
  0.55144
 -18.6854
 -4.44183
-0.103695
 0.310222
    -1.66
 0.504477
 -18.3187
 -4.33761
-0.100842
 0.308619
 -1.62322
 0.476018
 -17.9353
 -4.23734
-0.128115
 0.289056
 -1.57871
 0.410531
  -17.6005
  -4.10894
-0.0800254
  0.276993
  -1.52622
  0.379782
  -17.2163
  -3.98244
-0.0651568
  0.266876
  -1.50127
  0.329085
  -16.7354
  -3.81396
-0.0847096
  0.250486
  -1.45185
  0.294357
  -16.2058
  -3.69161
-0.0489563
  0.258941
  -1.38334
  0.216831
 -15.6338
 -3.50561
-0.062419
 0.231228
 -1.32307
  0.17197
  -15.3517
  -3.45722
-0.0219366
   0.24225
  -1.29805
  0.118519
  -14.8715
  -3.22585
-0.0366645
  0.217081
  -1.22281
 0.0598999
  -14.0938
  -3.09942
-0.0482095
  0.204357
   -1.1513
  0.008242
  -13.5374
  -2.89587
 -0.030465
  0.196754
  -1.06893
-0.0150324
   -12.9297
   -2.75015
-0.00479243
   0.181469
   -1.02989
 -0.0517087
  -12.6466
  -2.62041
-0.0271371
   0.17646
 -0.973365
-0.0711476
   -12.602
  -2.61418
0.00590868
  0.159889
 -0.957652
 -0.102633
 -12.3593
 -2.56101
0.0256565
 0.149905
-0.915774
-0.150134
 -11.9455
 -2.42228
0.0112659
 0.147782
-0.867853
-0.160422
    -11.4155
      -2.301
-0.000972126
    0.138095
   -0.808109
   -0.177291
  -10.9575
  -2.18946
0.00591164
  0.129166
 -0.774867
 -0.204197
  -10.5744
  -2.11091
0.00962193
  0.119514
 -0.727184
    -0.192
 -10.1224
 -1.99503
0.0553988
 0.125906
-0.685325
 -0.22791
 -9.89041
 -1.91375
 0.020856
 0.112795
-0.666442
-0.218368
   -9.593
  -1.8662
0.0230123
 0.099645
-0.619661
-0.237783
 -9.36715
 -1.80559
0.0306647
 0.096274
-0.598902
-0.251045
 -9.05859
 -1.76549
0.0690347
 0.102887
-0.566822
-0.263124
  -8.7801
 -1.67119
0.0217676
0.0915689
-0.536664
-0.259801
 -8.50577
 -1.59863
0.0254081
0.0771589
-0.522272
 -0.26606
 -8.33148
 -1.58835
0.0378816
 0.083643
-0.499728
-0.267429
 -8.21383
 -1.51626
0.0540451
0.0922976
-0.476987
-0.279259
 -8.08753
 -1.48465
0.0298249
0.0784505
 -0.46187
-0.280881
   -7.941
 -1.50643
0.0452076
0.0724608
-0.465509
-0.276923
 -7.82817
 -1.45184
0.0263179
0.0684574
 -0.43331
-0.290276
 -7.69375
 -1.45268
0.0909421
0.0846275
-0.450076
-0.284616
 -7.59223
 -1.40055
0.0146448
0.0670875
-0.435535
-0.289498
 -7.46592
 -1.35673
0.0200645
 0.071146
-0.420674
-0.276076
 -7.34698
 -1.37362
0.0500831
0.0726009
-0.419472
-0.281683
 -7.27886
 -1.31457
0.0332085
0.0711785
 -0.40412
 -0.28726
 -7.17818
 -1.30212
0.0369837
0.0728116
-0.410084
-0.279886
 -7.13264
 -1.30237
0.0263902
 0.067826
-0.400766
-0.298985
 -7.05047
 -1.29049
0.0451302
0.0637642
-0.410989
-0.269624
 -6.98142
 -1.27348
0.0696142
0.0695816
-0.411097
-0.280599
 -6.91955
 -1.22352
0.0534605
0.0671432
-0.412537
-0.268414
 -6.86326
 -1.23383
 0.038531
0.0665338
-0.396883
-0.263742
  -6.82402
  -1.24314
0.00890043
 0.0672295
 -0.390272
 -0.289741
 -6.71509
 -1.17751
0.0566066
0.0674393
-0.402882
-0.271973
 -6.67308
 -1.22307
0.0251685
0.0680749
-0.389296
-0.294681
 -6.62634
 -1.18504
0.0390489
0.0645681
 -0.39449
-0.299122
 -6.57775
 -1.18932
0.0297254
0.0636679
-0.394956
-0.301894
 -6.52186
 -1.19412
 0.061837
0.0719274
-0.396799
-0.294259
 -6.43147
  -1.1438
0.0260809
0.0622172
-0.387756
-0.289273
   -6.42778
   -1.11104
-0.00766205
  0.0662808
   -0.39552
  -0.286231
 -6.36902
 -1.15974
0.0497863
0.0596814
-0.392778
-0.296303
 -6.33658
 -1.11379
0.0483246
0.0733045
-0.394158
-0.290312
 -6.28677
 -1.08305
0.0272746
0.0594155
 -0.38246
-0.285855
 -6.25571
 -1.14852
 0.038151
0.0653839
-0.398171
-0.299595
 -6.25548
 -1.09273
0.0208035
0.0597637
-0.392003
-0.288977
 -6.22132
 -1.12758
0.0430103
0.0701265
 -0.39808
-0.283017
 -6.16461
 -1.08953
0.0403101
0.0601267
-0.393661
-0.283615
 -6.12451
 -1.06867
 0.021441
0.0622279
-0.398579
-0.275338
 -6.12748
 -1.08166
 0.016661
0.0581396
-0.376324
-0.284006
    -6.0754
   -1.06716
-0.00877026
   0.065016
  -0.378593
  -0.291336
  -6.0359
 -1.03218
0.0283506
0.0596265
 -0.38781
-0.267663
 -6.00922
  -1.0308
0.0155098
0.0676629
-0.382573
-0.288119
 -5.98614
 -1.08985
0.0230948
0.0703844
 -0.38928
-0.288743
 -6.00103
 -1.03108
0.0266321
0.0533548
-0.390306
-0.287017
 -5.96002
 -1.06208
0.0146067
 0.066015
-0.386521
-0.299203
 -5.93627
 -1.03048
0.0379284
0.0708499
-0.393539
-0.281559
 -5.89009
 -1.06673
0.0412038
0.0606157
 -0.39143
-0.283622
 -5.88182
-0.991831
0.0166372
0.0745225
 -0.38987
-0.280713
   -5.81968
   -1.00226
-0.00545908
  0.0595289
  -0.375002
  -0.294712
  -5.82386
  -1.05134
0.00857663
 0.0575367
 -0.379039
 -0.306356
 -5.79275
-0.973791
 0.036373
0.0589625
-0.387191
 -0.29822
 -5.76603
  -1.0057
0.0354193
0.0642049
-0.387589
-0.304965
 -5.75054
 -1.00143
0.0277323
 0.072142
-0.390787
-0.292972
   -5.7393
 -0.991092
0.00185095
 0.0607183
 -0.383878
 -0.292915
 -5.70227
-0.985552
0.0504752
 0.065643
-0.390237
-0.292692
 -5.67735
-0.979614
0.0288147
0.0573491
-0.380242
-0.289783
  -5.65336
 -0.985471
0.00589914
 0.0612554
 -0.373303
   -0.2991
 -5.63393
-0.967692
0.0652641
0.0572039
-0.376797
-0.282498
 -5.57295
-0.981848
0.0152995
0.0644368
-0.343144
-0.276764
  -5.54685
 -0.948542
-0.0106732
 0.0466887
 -0.341643
 -0.276629
   -5.5041
  -0.95057
0.00979896
 0.0619949
 -0.340575
 -0.272591
 -5.48227
-0.945995
0.0139465
0.0638205
-0.339413
-0.273449
 -5.43901
-0.918027
0.0343102
0.0620573
-0.334088
-0.267032
 -5.43006
-0.939957
0.0126976
0.0539758
-0.346522
-0.285886
  -5.39494
 -0.914372
0.00405545
 0.0565041
 -0.331192
 -0.278361
 -5.39077
-0.944219
0.0374349
0.0653389
-0.330642
-0.290122
  -5.3498
-0.893704
0.0319659
0.0563856
-0.332157
 -0.25508
 -5.31423
-0.893442
0.0359437
0.0619791
-0.313491
-0.260237
 -5.32032
-0.929871
0.0187868
0.0490764
-0.317117
-0.286695
 -5.30051
 -0.91576
0.0278713
 0.065651
-0.323206
-0.278308
 -5.28884
-0.880364
0.0210453
0.0602476
-0.325211
-0.267286
 -5.25377
-0.920317
0.0352307
 0.056964
-0.323244
-0.286364
 -5.25951
-0.881476
 0.034153
0.0466933
-0.315822
 -0.26766
 -5.22958
 -0.91926
0.0149512
0.0545754
-0.313272
-0.274254
 -5.26012
-0.903777
0.0481273
0.0402063
 -0.31932
-0.267091
 -5.22397
 -0.93003
0.0662559
0.0541558
-0.328724
-0.270704
 -5.22023
-0.872778
0.0210645
 0.053308
-0.304882
-0.263517
  -5.17034
 -0.900414
0.00738791
  0.042062
  -0.30313
 -0.265607
   -5.17133
  -0.920936
0.000777144
  0.0484194
  -0.293869
   -0.28205
 -5.14953
-0.823548
0.0230062
0.0451035
-0.304359
-0.267612
 -5.11857
 -0.91389
0.0146555
0.0624947
-0.293898
-0.272338
 -5.10919
 -0.85199
0.0238342
0.0499699
-0.304204
-0.263002
 -5.07126
-0.888134
0.0204537
0.0524676
-0.304937
-0.256761
 -5.05342
-0.858392
0.0329653
0.0525125
-0.291495
-0.243938
 -5.06575
-0.883226
0.0435939
0.0494914
 -0.29726
-0.268119
 -5.04102
-0.857901
0.0346678
 0.050386
-0.297846
-0.274888
 -4.99582
-0.864129
0.0338976
0.0533695
-0.278748
-0.251861
 -5.00393
-0.866726
0.0319431
0.0423866
-0.302368
-0.255617
 -5.00648
 -0.86449
0.0217297
0.0521946
-0.300606
 -0.26308
 -5.00914
-0.861533
0.0351967
0.0445203
 -0.29441
-0.264587
 -4.98781
-0.856194
0.0207143
0.0516955
-0.294453
-0.252503
 -4.94502
-0.852595
0.0295506
0.0474904
-0.282872
-0.243105
 -4.90924
-0.838965
0.0198624
0.0474458
-0.297684
 -0.25375
 -4.86145
-0.830282
0.0239058
0.0467217
-0.283154
-0.247056
 -4.83152
-0.824666
0.0348702
0.0473123
-0.284051
-0.241753
 -4.75798
-0.812432
0.0266021
0.0503504
 -0.28505
-0.223839
 -4.72018
-0.813827
0.0318237
0.0463731
-0.280453
-0.238645
 -4.71038
 -0.80339
 0.039598
0.0382485
-0.278114
-0.226241
 -4.71927
-0.809102
0.0240162
 0.052076
-0.273777
-0.234181
 -4.74487
-0.807061
0.0333003
0.0364933
-0.278522
-0.232638
 -4.74922
-0.814432
0.0302424
0.0422499
 -0.28345
-0.235271
  -4.7688
-0.809591
0.0264966
0.0564464
-0.287094
-0.248805
 -4.76979
-0.814243
0.0280517
0.0513773
-0.277645
-0.237493
 -4.76017
-0.820309
0.0193238
0.0509383
  -0.2757
-0.236496
 -4.72172
-0.808207
0.0263171
0.0417563
-0.279355
-0.249399
 -4.67946
-0.802424
0.0351169
0.0451991
-0.286079
-0.231409
 -4.66661
-0.803346
0.0301598
0.0513869
-0.278444
-0.249513
 -4.62657
-0.797588
0.0311218
0.0492583
-0.267849
-0.233738
 -4.57321
-0.787565
0.0272733
0.0461862
-0.266316
-0.226143
 -4.55324
-0.776098
0.0347913
0.0427192
-0.272257
 -0.21648
 -4.54319
-0.775065
0.0280009
 0.042916
-0.261931
-0.214946
 -4.53908
-0.775441
0.0323888
0.0369395
-0.279453
-0.224321
 -4.56686
-0.787051
0.0291471
0.0518647
-0.262121
 -0.23847
 -4.57156
-0.784909
0.0325188
0.0522157
-0.274663
 -0.23663
 -4.59707
-0.791278
0.0332108
0.0483494
-0.272756
-0.222852
 -4.64663
-0.800826
 0.027923
0.0466947
-0.272686
-0.241684
 -4.65278
 -0.79326
0.0359014
0.0379732
-0.277364
-0.226132
 -4.64112
-0.798023
0.0280627
0.0480091
-0.271988
-0.227337
 -4.63103
-0.797208
0.0335362
0.0394625
-0.274246
-0.232891
 -4.58093
-0.788721
0.0303668
0.0555628
-0.275569
 -0.24177
 -4.53244
 -0.77597
0.0345259
0.0434615
-0.266509
-0.223773
 -4.48877
-0.768497
0.0305574
0.0411922
-0.267904
-0.229847
 -4.47081
-0.765144
0.0304668
0.0465397
-0.262019
-0.219249
 -4.49526
 -0.77466
0.0293655
0.0479974
-0.254921
-0.241603
 -4.49122
-0.767529
0.0354085
0.0353977
  -0.2726
-0.213098
 -4.50329
-0.776364
0.0264369
0.0499251
-0.266066
-0.227127
 -4.52759
  -0.7784
0.0287383
0.0507475
 -0.26744
-0.234408
 -4.52626
-0.776752
0.0267466
0.0385279
-0.263808
-0.224549
 -4.52845
-0.776287
0.0346658
0.0342601
-0.270115
-0.221931
 -4.55883
-0.787333
0.0214118
0.0434824
-0.263011
-0.239115
 -4.56597
-0.781752
0.0323834
0.0545465
-0.261769
-0.234101
  -4.5433
-0.782358
0.0247257
0.0486035
 -0.25607
-0.223103
  -4.5198
 -0.77701
0.0322988
 0.045813
-0.276807
-0.223047
 -4.51007
-0.774478
0.0298177
0.0427117
-0.265672
-0.227879
 -4.49405
-0.771624
0.0340508
0.0466523
-0.272186
-0.228498
 -4.49736
-0.775087
0.0340161
0.0426658
-0.267977
-0.239007
 -4.46289
-0.763759
0.0270972
0.0460952
 -0.25485
-0.215098
 -4.46965
-0.761345
 0.029227
0.0464694
-0.256104
-0.217819
 -4.49194
-0.772384
0.0318304
0.0387128
-0.263616
-0.231539
  -4.5004
 -0.77211
0.0297322
0.0396993
-0.271816
-0.227693
 -4.49036
-0.770293
0.0259623
0.0427837
-0.262779
-0.239683
 -4.48029
-0.767386
0.0323108
0.0555301
-0.264194
-0.242239
 -4.47524
-0.764161
0.0314754
0.0433011
-0.266425
-0.227349
 -4.45463
-0.763622
0.0282409
0.0466396
-0.257772
-0.211416
 -4.45247
-0.763851
0.0245926
0.0462082
-0.251106
-0.225589
 -4.45446
-0.763223
0.0366129
 0.047217
-0.262767
-0.239035
 -4.46389
-0.766934
0.0370333
0.0509233
-0.264221
-0.225879
 -4.46698
 -0.76379
0.0348292
0.0421057
-0.262751
  -0.2239
 -4.48393
-0.770583
0.0269026
0.0466925
-0.262368
-0.245294
 -4.47496
-0.765533
0.0316304
 0.043918
-0.274276
 -0.22317
 -4.46002
-0.758571
0.0337623
0.0419952
-0.256455
-0.208732
  -4.5087
-0.772149
 0.028686
0.0391878
-0.268768
-0.226791
 -4.50991
-0.767158
0.0285021
0.0415511
-0.272409
-0.226489
 -4.49072
-0.767996
0.0318892
0.0525639
-0.266522
-0.213641
 -4.47624
-0.768386
0.0271723
0.0443828
-0.252868
-0.224918
 -4.49033
-0.778747
0.0319943
0.0419135
 -0.27081
  -0.2345
 -4.46801
-0.768355
0.0305138
0.0429991
-0.265666
-0.225584
 -4.43824
 -0.76196
 0.032477
0.0532513
-0.263573
-0.212706
  -4.4238
-0.761671
0.0334001
0.0521964
-0.267073
-0.218805
 -4.40304
-0.754607
0.0275015
0.0414129
-0.260224
-0.220143
 -4.42878
-0.758133
0.0341949
0.0497079
-0.263305
-0.230476
  -4.4156
-0.753611
 0.029848
0.0460624
-0.260188
-0.213755
 -4.42289
-0.757578
0.0286775
0.0463794
-0.261212
-0.226095
 -4.44353
-0.758765
0.0313851
0.0404718
-0.269253
-0.214788
 -4.46866
-0.765585
0.0325894
0.0399071
-0.259588
-0.229122
 -4.49546
-0.774928
0.0273713
0.0436352
-0.271121
-0.236455
  -4.5113
-0.777392
0.0275359
0.0472188
-0.260764
-0.233836
 -4.49213
-0.770707
 0.025912
0.0521981
-0.265814
-0.239672
 -4.48184
-0.772191
0.0262829
0.0361565
-0.270843
-0.229824
 -4.45702
-0.762252
0.0268939
0.0468397
-0.258874
-0.221877
 -4.45546
-0.768249
  0.03377
0.0446739
-0.262618
 -0.22507
 -4.45251
-0.771271
0.0337664
0.0453695
-0.248755
-0.227358
 -4.42937
-0.757252
0.0323144
0.0417683
-0.276196
-0.217885
  -4.4136
-0.752985
0.0318244
0.0457893
-0.260289
-0.225278
 -4.43916
-0.757974
 0.034471
0.0524713
-0.261067
-0.217826
 -4.42813
-0.761759
0.0244536
0.0474865
-0.258575
 -0.22272
 -4.43161
-0.763499
0.0334638
0.0507727
-0.260755
-0.221253
 -4.43742
-0.765583
0.0369513
0.0454561
-0.267943
-0.223689
 -4.46444
-0.765285
0.0292354
0.0492838
-0.256663
-0.222635
 -4.46994
-0.768776
0.0303644
0.0423255
-0.263368
-0.234814
 -4.47572
-0.770017
0.0327591
0.0458127
-0.259372
-0.228128
 -4.44601
-0.764741
0.0290813
 0.045664
-0.261525
 -0.22667
 -4.44825
-0.763614
0.0335496
0.0458853
-0.256877
   -0.224
 -4.47539
-0.771957
0.0362607
 0.039962
-0.270648
-0.228788
 -4.43904
-0.760633
0.0268052
 0.038452
-0.273138
-0.224973
 -4.44932
-0.760391
0.0245556
0.0420417
 -0.25764
-0.224116
   -4.417
-0.755659
0.0352264
0.0458311
-0.260627
-0.228587
  -4.4483
-0.762973
0.0320677
0.0473764
-0.252286
-0.239852
  -4.4338
-0.763956
0.0234828
0.0498738
-0.261452
-0.220639
 -4.44354
 -0.76496
0.0378687
0.0527849
  -0.2628
-0.229857
 -4.42478
-0.758052
 0.026435
 0.049617
-0.256569
-0.226191
  -4.4378
-0.763872
0.0334784
0.0501631
-0.269248
-0.224954
 -4.44936
-0.760299
0.0246827
0.0411279
-0.253622
-0.217343
 -4.43611
-0.763698
0.0269446
0.0401752
-0.262913
-0.220286
 -4.43551
-0.757299
0.0322528
0.0413093
-0.268345
-0.222055
 -4.44091
-0.759722
0.0345048
0.0464412
-0.259997
-0.223015
 -4.44486
-0.761019
0.0279245
0.0456384
-0.255481
-0.220658
 -4.45653
-0.763997
0.0279204
0.0458858
-0.255731
-0.229809
 -4.44133
-0.766068
0.0334921
0.0526023
-0.267321
-0.227945
 -4.44013
-0.762844
0.0380486
0.0473387
-0.269398
-0.219828
 -4.44354
-0.758589
0.0312891
0.0384881
-0.261726
 -0.21957
 -4.44181
-0.756863
0.0289781
0.0433248
-0.257973
-0.216741
 -4.45641
-0.764607
0.0314135
0.0454696
-0.265524
-0.225342
 -4.44993
-0.765613
 0.029135
0.0444766
-0.256421
-0.226799
  -4.4409
-0.767838
0.0368407
0.0488059
-0.270034
-0.233452
 -4.45011
-0.764582
0.0371094
0.0439234
-0.260227
-0.217407
 -4.45041
-0.764174
0.0338165
0.0382476
-0.260031
-0.216961
 -4.42379
-0.754462
0.0296741
0.0407052
-0.267545
-0.231203
 -4.42447
-0.760207
0.0254837
0.0433609
-0.265729
-0.226787
 -4.44286
-0.760467
0.0299513
0.0463559
-0.259346
 -0.22979
 -4.44788
-0.765179
0.0266947
0.0478733
-0.253243
-0.233742
 -4.44091
-0.760192
0.0277526
0.0477368
-0.264605
-0.227302
 -4.42774
 -0.75628
0.0290418
0.0357308
-0.274662
-0.215183
 -4.44247
-0.761584
0.0321789
0.0492315
-0.259692
-0.230493
 -4.44723
-0.759535
0.0311693
0.0472757
-0.262335
-0.224208
 -4.46032
-0.757987
0.0346804
0.0335176
-0.263684
-0.224219
 -4.44652
-0.763591
0.0313355
0.0370226
-0.273149
-0.230282
 -4.43735
-0.757674
0.0300857
0.0476702
-0.258647
-0.215443
 -4.45652
-0.763869
0.0301514
0.0460864
-0.256789
-0.229839
  -4.4404
-0.762105
 0.028789
0.0487262
-0.269117
-0.235033
 -4.43388
-0.762653
0.0379269
0.0508006
 -0.27258
-0.222696
 -4.43019
 -0.76054
0.0332246
0.0549997
-0.266685
-0.226745
 -4.42778
-0.753758
0.0340342
0.0493546
-0.262167
-0.230916
 -4.41037
-0.758237
0.0286443
0.0400249
-0.254528
-0.228131
 -4.40214
-0.750446
0.0252117
0.0378123
-0.262826
-0.218095
 -4.43622
-0.761861
0.0379507
0.0475333
 -0.27074
-0.222089
 -4.42094
 -0.76584
0.0279598
0.0445054
-0.264858
-0.223144
 -4.42791
-0.762166
0.0301333
0.0513065
-0.268395
-0.218347
 -4.43031
-0.761645
0.0235144
0.0464805
-0.259489
-0.215457
 -4.44363
-0.765341
0.0358134
0.0524667
-0.277961
-0.224775
 -4.45955
-0.767785
0.0359723
0.0510246
-0.264874
-0.224484
  -4.4393
-0.759088
0.0312176
0.0402151
-0.274935
-0.224428
  -4.4669
 -0.77305
0.0328804
0.0348166
-0.256591
-0.230635
 -4.45349
-0.768592
0.0283624
0.0411458
-0.259187
-0.218424
  -4.4477
-0.765628
 0.032095
0.0465537
-0.260713
-0.245446
 -4.42775
-0.763254
0.0345012
0.0412101
-0.269391
-0.230446
 -4.41096
-0.754821
0.0363624
0.0490855
-0.268332
 -0.22416
 -4.40333
-0.753821
0.0286226
0.0351451
-0.258382
-0.222148
 -4.43489
-0.759302
0.0289222
0.0500409
-0.268418
-0.220686
 -4.41568
-0.761001
0.0308006
 0.049952
 -0.26551
 -0.23546
 -4.39445
-0.747596
0.0285221
0.0403318
-0.262273
 -0.21104
 -4.43054
-0.759188
0.0377831
0.0547089
-0.277043
-0.221352
 -4.43183
-0.762515
0.0333275
0.0569271
-0.279765
-0.227014
 -4.43643
-0.761759
0.0277501
0.0452089
-0.266589
-0.230778
 -4.44197
-0.763654
0.0310401
0.0510079
 -0.26691
-0.235799
 -4.42625
-0.761063
0.0289411
0.0444452
-0.264281
-0.222651
 -4.43758
-0.765228
0.0334546
0.0456762
-0.274623
-0.232269
 -4.42657
-0.759515
0.0288628
0.0419228
-0.248649
-0.222448
 -4.44135
-0.766899
0.0302518
0.0455617
-0.267447
-0.228105
 -4.42905
-0.759023
0.0313822
0.0356989
-0.268885
-0.214366
 -4.43764
-0.764188
0.0345322
0.0486659
-0.258002
-0.227898
  -4.4154
-0.754272
0.0286219
0.0482056
-0.263323
-0.220845
 -4.41776
-0.761018
0.0299098
0.0549656
-0.272917
-0.223479
 -4.42572
-0.763623
 0.031186
0.0388012
-0.271033
-0.230605
 -4.42766
-0.763199
0.0344548
0.0452454
-0.268357
-0.230509
 -4.42435
-0.760485
  0.03105
0.0401753
-0.265289
-0.229528
 -4.41851
-0.757908
0.0345938
0.0493372
-0.255842
-0.206729
 -4.44503
-0.760369
0.0265854
0.0431303
-0.251799
-0.231864
 -4.42162
-0.763361
0.0256348
    0.042
-0.260429
-0.224226
 -4.44479
-0.768718
0.0391361
0.0497608
-0.273645
 -0.23341
 -4.43688
-0.759453
0.0355869
0.0459793
-0.270202
-0.225362
 -4.42986
-0.763425
0.0291061
0.0448286
-0.270917
-0.220794
 -4.43027
 -0.76044
0.0355016
0.0511646
-0.268778
-0.226712
 -4.41779
-0.761387
0.0310916
0.0444483
-0.259847
-0.224105
  -4.4191
-0.756429
0.0310463
0.0428137
-0.264396
-0.219157
 -4.43643
-0.762022
0.0334913
0.0370764
-0.263164
-0.226682
 -4.42547
 -0.76342
0.0335015
0.0521765
  -0.2725
-0.219271
 -4.41129
-0.762651
0.0289301
0.0473761
-0.265928
-0.220575
 -4.43878
 -0.76059
0.0323047
0.0404419
-0.259084
-0.225853
 -4.41662
-0.756784
0.0399364
0.0519147
-0.273199
 -0.21756
  -4.4046
-0.755024
0.0376091
0.0521597
-0.263649
-0.213834
 -4.42707
-0.765086
0.0311949
 0.052075
-0.260648
 -0.22476
 -4.40871
  -0.7566
 0.028769
0.0439963
-0.264162
-0.218091
 -4.43648
-0.762296
0.0291778
0.0377007
-0.264686
-0.219646
 -4.42823
-0.760641
0.0367808
0.0501889
-0.276175
 -0.21996
 -4.40696
-0.754742
0.0329357
0.0472299
-0.272655
-0.228837
 -4.42415
-0.761222
0.0299013
0.0423623
-0.268294
-0.232038
 -4.43663
-0.759604
0.0286211
0.0564498
-0.260288
-0.232435
 -4.42345
 -0.76336
0.0346625
0.0472791
-0.264713
-0.217505
 -4.42926
-0.756861
0.0323414
0.0469784
-0.262457
 -0.21144
 -4.42942
-0.764195
0.0355939
0.0460895
-0.265976
-0.230925
 -4.42281
-0.757955
0.0345932
0.0462374
-0.271815
-0.212492
 -4.40896
-0.755402
0.0285958
0.0462704
-0.267859
-0.224257
 -4.40767
-0.752799
0.0300639
0.0402147
-0.259956
-0.202883
 -4.41154
-0.753995
0.0296905
 0.037694
-0.268066
-0.227849
  -4.4165
-0.758777
0.0241592
0.0430447
 -0.25987
-0.231833
 -4.40061
-0.755644
0.0331991
0.0425182
-0.265263
-0.216513
 -4.41085
-0.756369
0.0299083
0.0421668
-0.262495
-0.217836
 -4.42026
-0.767394
0.0311154
 0.051824
-0.260705
-0.231235
  -4.4119
-0.760103
0.0309829
0.0471789
-0.271397
-0.226101
 -4.41024
-0.757548
0.0319656
0.0550167
-0.268554
-0.223047
 -4.42186
-0.761858
0.0323751
0.0459473
-0.270812
-0.218928
 -4.43819
-0.763263
0.0299975
0.0374383
-0.258922
-0.236201
 -4.43048
-0.760858
0.0288289
0.0424477
-0.267799
-0.231072
  -4.4373
 -0.76626
0.0313802
0.0443397
-0.257287
-0.224147
 -4.43258
-0.768618
0.0300468
0.0439233
-0.262529
-0.239299
 -4.43206
  -0.7626
0.0289047
0.0455184
-0.268298
-0.229415
 -4.43389
-0.762609
 0.037931
0.0507979
-0.272581
-0.222695
 -4.43195
-0.762148
 0.035576
0.0492085
-0.266547
-0.227383
 -4.41223
-0.758253
0.0319257
0.0532429
-0.278709
-0.229619
 -4.41797
-0.760792
0.0342291
0.0412043
-0.270862
-0.237297
 -4.38865
-0.753702
0.0293929
 0.046005
-0.275252
-0.232553
 -4.40161
-0.752701
 0.030037
0.0356069
-0.265205
-0.205624
 -4.41996
-0.760525
0.0355015
0.0485129
-0.270637
-0.225613
 -4.41243
-0.758413
0.0254039
0.0457458
-0.264896
 -0.22289
 -4.42825
-0.759735
0.0377855
0.0550812
-0.267338
-0.219969
 -4.41715
-0.755144
  0.03199
0.0492511
-0.262002
-0.221291
 -4.42439
-0.768893
0.0247367
0.0449302
-0.265787
-0.223967
 -4.42203
-0.760308
0.0367347
0.0517479
-0.271573
-0.218447
 -4.41927
-0.754991
0.0330893
0.0483736
-0.264227
-0.223227
 -4.41907
-0.756399
0.0289017
0.0457325
-0.258285
-0.212416
 -4.39965
-0.751431
0.0309797
0.0420451
-0.262811
-0.207758
 -4.40418
-0.757234
0.0322336
0.0526568
-0.264606
-0.207724
  -4.4074
-0.753759
0.0262934
 0.042997
-0.266303
-0.225882
 -4.41526
-0.754868
0.0296083
0.0455293
-0.264785
-0.230297
 -4.41891
-0.756394
 0.028495
0.0496145
-0.257759
 -0.23081
 -4.43113
-0.765795
0.0254248
0.0508708
 -0.26129
-0.238022
 -4.42213
 -0.76134
0.0312205
0.0404344
  -0.2718
-0.223095
 -4.43475
-0.768193
0.0359605
0.0436043
-0.266364
-0.222966
 -4.41042
-0.757773
0.0254077
0.0484716
-0.258632
-0.218509
 -4.42983
-0.762478
0.0322116
 0.050835
-0.267156
-0.227607
 -4.40382
-0.759335
0.0289893
0.0482936
-0.264017
-0.208555
 -4.40413
-0.757323
0.0320184
0.0535316
-0.268751
-0.219079
 -4.43176
-0.763845
0.0268955
0.0471149
-0.262381
  -0.2187
 -4.40906
-0.755849
 0.021837
0.0425409
-0.269737
-0.230871
   -4.408
-0.758362
0.0295708
 0.052027
-0.262968
-0.232925
 -4.41697
-0.756755
0.0275954
 0.044401
-0.265132
-0.223962
 -4.41688
-0.757346
 0.028848
 0.041842
-0.266212
-0.219667
 -4.42198
-0.761478
0.0266708
0.0481009
-0.267616
-0.223161
 -4.42692
-0.757573
0.0297585
0.0469952
-0.252198
-0.228356
 -4.39687
-0.752246
0.0407935
0.0555908
-0.267115
-0.213552
 -4.42603
-0.762243
0.0311803
 0.039209
-0.266822
-0.227807
 -4.43719
-0.758495
0.0263511
0.0444724
-0.258374
-0.238579
 -4.42611
  -0.7619
0.0301389
0.0457291
  -0.2808
-0.222534
 -4.41189
-0.760145
0.0261955
0.0437263
-0.258241
-0.242379
 -4.41626
-0.759168
0.0296929
0.0458378
-0.266052
-0.234437
 -4.41777
-0.761557
 0.031163
0.0473786
-0.271268
 -0.22151
 -4.42296
-0.757514
0.0285652
0.0422588
-0.262505
-0.235192
 -4.41201
-0.760117
0.0287012
0.0409602
-0.263844
 -0.23079
 -4.41452
-0.757839
0.0332259
0.0445226
-0.266404
-0.222727
 -4.41268
-0.757146
0.0251794
0.0470297
-0.264829
-0.231448
 -4.41622
-0.759219
0.0300185
0.0519692
-0.272166
-0.215969
 -4.42435
 -0.76785
0.0324898
0.0533611
-0.271544
-0.221476
 -4.41116
 -0.76345
0.0234039
0.0472551
-0.259034
-0.218642
 -4.40717
-0.762298
0.0299102
0.0499608
-0.271334
-0.225378
 -4.43223
-0.770461
0.0314384
0.0400404
-0.263804
-0.231027
 -4.42356
-0.763975
0.0257308
 0.044336
-0.269297
-0.221696
 -4.42227
-0.760071
0.0265184
0.0474822
-0.259766
-0.227338
 -4.42162
-0.762433
 0.035643
0.0494888
-0.279826
-0.223691
 -4.42064
-0.758052
0.0331756
0.0460078
-0.266207
-0.226695
 -4.41202
-0.760412
0.0242117
0.0415068
-0.265619
-0.232917
 -4.40581
 -0.75155
0.0310568
0.0426166
-0.258597
-0.204953
 -4.39917
 -0.75341
 0.031795
0.0388822
-0.268739
-0.229173
 -4.39649
 -0.75429
0.0374084
 0.050198
-0.262889
-0.221357
 -4.40593
-0.759751
0.0288277
0.0375715
-0.256258
-0.222441
 -4.42365
-0.763194
0.0267445
0.0461453
-0.265385
-0.223833
 -4.40679
-0.756223
0.0241919
 0.042203
 -0.25707
-0.222748
 -4.40925
-0.753914
0.0283942
0.0446606
-0.256245
-0.230825
  -4.4034
-0.752836
0.0365721
0.0405678
-0.268812
-0.212618
 -4.42187
-0.761016
0.0333439
0.0517905
-0.265866
-0.221128
 -4.41093
-0.755518
0.0332055
0.0451674
-0.263406
-0.217611
 -4.41043
-0.758787
0.0218179
0.0381949
-0.264189
-0.239124
 -4.40597
-0.759008
0.0344161
0.0437071
-0.269646
-0.219653
 -4.40798
-0.750822
0.0307279
0.0442203
-0.259995
-0.220349
 -4.41451
-0.758204
0.0286982
0.0460214
 -0.27207
-0.227046
 -4.42003
-0.761404
0.0277391
0.0381389
-0.257225
-0.228305
 -4.39254
-0.755076
0.0284919
0.0391634
-0.258622
-0.226367
 -4.41632
-0.759424
0.0230513
0.0442792
-0.258986
-0.232153
 -4.42059
-0.758678
0.0322393
 0.042294
-0.262338
-0.220178
 -4.41686
-0.756772
0.0275128
 0.049387
 -0.26799
-0.226217
 -4.41811
-0.760395
0.0286159
0.0433956
 -0.26754
-0.236947
 -4.39849
-0.755657
0.0343306
0.0435958
-0.264098
-0.214608
 -4.41182
-0.759851
0.0332042
0.0504635
 -0.26753
-0.224005
 -4.40841
-0.757283
0.0299078
   0.0524
-0.274721
-0.215911
 -4.41972
-0.761635
 0.035629
0.0452473
-0.263176
-0.221839
 -4.42195
-0.761115
0.0310231
0.0465242
-0.262204
-0.228007
  -4.4279
-0.762389
0.0333703
0.0409111
-0.256639
-0.228168
 -4.41695
-0.756813
 0.027561
0.0453517
-0.269024
-0.226152
 -4.39049
-0.755281
0.0297715
0.0381878
-0.266019
-0.219615
 -4.38749
-0.758277
0.0342879
0.0422195
-0.265691
-0.219371
 -4.41481
-0.757437
0.0322666
0.0410284
-0.274795
-0.217528
 -4.42551
-0.756484
0.0333591
0.0304496
-0.260705
-0.223164
 -4.41205
-0.759625
0.0254105
 0.048418
-0.264183
-0.223561
 -4.42072
-0.765541
0.0322905
0.0539291
  -0.2688
-0.225524
 -4.40765
-0.760327
0.0286465
 0.047903
-0.263312
-0.229204
 -4.42515
-0.756613
0.0286752
0.0471392
-0.258344
-0.225548
 -4.39868
-0.754816
 0.025058
0.0480689
-0.258891
-0.227688
 -4.40899
-0.755934
0.0299388
0.0387227
-0.266083
-0.217706
 -4.41281
-0.756124
0.0329778
0.0463994
 -0.26889
 -0.23122
 -4.39327
-0.752183
0.0230117
0.0451465
-0.258168
-0.213246
 -4.40477
-0.755623
0.0284963
0.0441134
-0.265758
-0.229518
 -4.42311
-0.764878
 0.032237
0.0475391
-0.272013
-0.231625
 -4.41289
-0.755956
0.0332309
0.0445738
-0.260853
-0.217675
 -4.40353
-0.752176
 0.025218
0.0508926
-0.268914
-0.216364
 -4.41769
-0.762431
0.0255043
0.0431447
-0.265662
-0.228678
  -4.4216
-0.763514
0.0257088
0.0449292
 -0.27185
-0.221632
 -4.40352
-0.752695
0.0263242
0.0422785
-0.263626
-0.221371
 -4.42248
-0.766944
 0.036851
0.0464009
-0.262064
-0.226395
 -4.41629
-0.759949
0.0264889
0.0378482
-0.262285
-0.232406
 -4.41027
-0.758262
0.0286216
0.0459972
-0.261151
-0.227991
 -4.41015
-0.758752
 0.032011
0.0436025
-0.263416
-0.228309
 -4.40875
-0.755704
0.0365909
0.0503322
 -0.27861
-0.215334
 -4.41454
-0.757874
0.0309499
0.0433289
-0.261582
-0.225089
 -4.42011
-0.759812
0.0344724
0.0501962
-0.265413
-0.218553
 -4.41465
-0.758032
0.0311914
0.0413126
-0.270018
-0.215658
  -4.4226
-0.759366
0.0298691
0.0383375
-0.263906
-0.231503
 -4.41035
-0.758428
0.0287753
0.0439424
-0.269714
-0.223143
 -4.41988
-0.761906
0.0333716
0.0378858
-0.268205
-0.228452
 -4.42202
-0.761281
0.0286654
0.0422091
-0.262434
-0.237077
 -4.40604
-0.758228
0.0353406
0.0454776
-0.265861
-0.226372
  -4.4251
-0.764542
0.0310374
 0.051636
-0.259564
-0.231669
  -4.4015
-0.752736
0.0319269
0.0375948
-0.274428
-0.223782
 -4.38352
-0.750252
0.0264395
0.0388267
-0.262556
-0.206606
  -4.4034
-0.753244
0.0297656
0.0408735
-0.269656
-0.219297
 -4.40821
-0.758353
0.0321297
0.0452233
-0.269606
 -0.22127
 -4.39361
-0.750607
0.0296941
0.0430786
-0.262055
-0.212668
 -4.40379
-0.759365
0.0332051
0.0474384
-0.279097
-0.224289
 -4.40543
-0.752287
0.0294141
0.0486458
-0.261204
 -0.23044
 -4.42185
-0.761583
0.0320822
0.0419457
-0.255882
-0.233079
 -4.40054
-0.756682
0.0277011
0.0412532
-0.270952
-0.216503
 -4.42342
 -0.76376
0.0276825
0.0475054
-0.265811
-0.233348
 -4.40328
-0.754039
0.0285732
0.0389866
-0.273823
-0.226326
 -4.40347
-0.759807
0.0320717
0.0548417
 -0.26836
-0.220356
 -4.42265
-0.757849
0.0341417
0.0491258
-0.267525
-0.233277
 -4.41209
-0.759268
0.0319989
0.0439599
-0.264755
-0.230565
 -4.39508
-0.753137
0.0286695
0.0443016
-0.266594
-0.213458
 -4.39684
-0.754482
 0.035597
0.0380044
-0.264553
-0.207387
 -4.41173
 -0.76049
0.0320889
0.0466729
-0.263915
-0.226653
 -4.40294
-0.753737
0.0307883
0.0554085
-0.270491
-0.217448
  -4.4148
-0.756913
0.0286526
0.0473816
 -0.27175
-0.226439
 -4.41406
-0.759952
0.0299009
0.0451446
-0.268673
-0.225813
 -4.40699
-0.755322
0.0343317
0.0406711
-0.274644
-0.219893
 -4.40101
-0.754482
0.0309787
0.0396398
-0.264919
 -0.21581
 -4.39561
 -0.75851
0.0310209
0.0515605
-0.267045
-0.213782
 -4.39916
-0.753401
0.0317103
0.0388426
-0.268866
-0.233754
 -4.40704
-0.754951
0.0263894
0.0457073
-0.265464
-0.221969
 -4.42464
-0.758583
0.0297642
0.0491181
-0.266621
-0.230887
 -4.39815
 -0.75783
   0.0332
0.0372631
-0.273512
 -0.22437
 -4.39858
-0.747718
0.0341211
0.0361774
-0.268989
-0.215227
 -4.41831
-0.759573
0.0321393
0.0424379
 -0.26923
-0.227493
 -4.41542
-0.761904
0.0354408
0.0480781
-0.263932
-0.229355
 -4.39603
-0.749226
0.0308877
0.0445912
-0.267597
-0.207021
 -4.38928
-0.759807
0.0288145
 0.045389
-0.271557
-0.217099
 -4.39537
-0.752493
0.0299204
0.0390685
-0.268387
-0.208491
 -4.39407
-0.748651
0.0307606
0.0432035
-0.262621
-0.211741
 -4.41964
-0.761997
0.0287749
0.0495882
-0.262986
-0.228582
 -4.40839
-0.757673
0.0332442
0.0439879
-0.270493
-0.220949
 -4.39762
-0.758723
0.0378287
0.0485276
-0.272466
-0.211484
 -4.41329
-0.754335
0.0294482
0.0450918
  -0.2637
-0.237205
 -4.41675
 -0.75788
0.0322041
 0.040396
-0.272369
-0.222175
 -4.41744
-0.762774
0.0308953
 0.044909
-0.268207
-0.238256
 -4.39499
-0.752966
0.0309389
0.0485774
-0.266491
 -0.20897
 -4.39933
-0.752059
0.0319768
0.0494198
-0.269733
-0.212554
 -4.40659
-0.756623
0.0342967
 0.044296
-0.277822
-0.222755
 -4.39884
-0.753902
0.0306285
0.0472365
-0.261894
-0.227429
 -4.40607
-0.757872
0.0296415
0.0526571
-0.265395
-0.228276
 -4.40141
-0.760137
0.0285248
0.0513656
-0.266492
-0.232073
 -4.40748
-0.761282
 0.023044
0.0496857
-0.264201
-0.231652
  -4.3886
-0.753053
0.0362356
0.0478289
-0.265593
-0.221555
 -4.40214
-0.757432
0.0306466
0.0442393
-0.261449
-0.235546
 -4.40209
-0.757372
0.0332005
0.0505736
-0.268621
 -0.21711
  -4.3866
-0.753599
0.0308344
0.0462461
-0.269815
 -0.21471
  -4.3868
-0.752727
0.0318801
0.0420789
-0.259281
-0.216984
 -4.41187
-0.760229
0.0388681
0.0392075
-0.269158
-0.226617
 -4.40698
-0.755161
 0.023856
0.0463407
-0.268678
-0.237875
 -4.41139
-0.753789
0.0296409
0.0448098
-0.262109
-0.225785
  -4.3936
 -0.75878
0.0296605
0.0442123
-0.267398
-0.230049
 -4.42037
 -0.75935
0.0309501
0.0434522
-0.261707
-0.229663
 -4.39991
-0.758649
0.0243157
0.0489958
-0.267261
-0.217528
 -4.40431
 -0.75819
0.0287337
0.0373919
-0.267308
-0.226085
 -4.38255
-0.753922
0.0286766
0.0389398
-0.263671
-0.213104
 -4.41759
-0.762407
0.0333203
0.0372696
-0.254734
-0.229461
 -4.40898
-0.755044
0.0331859
0.0457587
 -0.26596
-0.217545
 -4.38048
-0.753257
0.0307809
0.0427809
-0.262483
-0.215526
 -4.40217
-0.758118
 0.032089
0.0386741
  -0.2672
-0.224212
 -4.38511
-0.751073
0.0317709
0.0449845
-0.265404
-0.218502
 -4.40383
 -0.75815
0.0363712
0.0496014
-0.259897
-0.226923
 -4.41068
-0.757087
0.0308246
0.0413929
 -0.27174
-0.231667
 -4.38623
-0.754222
0.0399076
0.0478644
-0.265426
-0.206542
 -4.37819
-0.745231
0.0292187
 0.046367
-0.254518
-0.219187
  -4.4197
 -0.76111
0.0319277
0.0515606
-0.260259
-0.235331
 -4.40485
-0.754839
 0.031844
0.0481038
-0.270433
-0.226901
 -4.40432
-0.756911
0.0286466
0.0528399
-0.271413
-0.220885
 -4.40182
-0.751547
0.0297426
0.0387916
-0.272922
 -0.21856
 -4.39513
-0.753309
0.0262224
 0.039947
-0.266951
 -0.22711
 -4.38597
-0.748633
0.0294875
 0.033419
-0.259277
-0.221849
 -4.40111
-0.761135
0.0354999
0.0516777
-0.273499
-0.221216
 -4.40817
-0.751197
0.0263466
0.0366959
 -0.26384
-0.222347
 -4.39896
-0.761997
0.0355711
0.0468738
-0.277407
-0.221694
 -4.39551
-0.751203
0.0295739
0.0443491
-0.267414
-0.221695
 -4.37629
-0.753466
0.0306937
0.0406216
-0.260382
-0.220787
 -4.35276
-0.746605
0.0480221
 0.040563
-0.265222
 -0.22804
 -4.25229
 -0.74358
0.0296918
0.0405619
-0.261403
-0.212644
  -4.1558
-0.715032
0.0236887
0.0330166
-0.241409
 -0.20671
 -4.00716
-0.677135
0.0359602
 0.036434
-0.233035
-0.203326
 -3.80407
-0.675278
0.0300049
0.0445458
-0.207056
-0.213777
 -3.67227
-0.623627
0.0130428
0.0365131
  -0.2164
-0.206453
  -3.7371
-0.677237
0.0313416
0.0485889
-0.207487
-0.215882
 -3.77932
-0.689659
0.0473275
0.0500189
-0.204022
-0.208422
 -3.81162
-0.645416
0.0237556
0.0446027
-0.205524
-0.198601
   -3.86734
   -0.68232
0.000474697
  0.0417475
  -0.207386
  -0.198619
   -3.9215
 -0.700132
-0.0136547
 0.0329426
 -0.203774
 -0.188298
 -3.99917
-0.664975
 0.066679
0.0361934
-0.218126
-0.180198
 -4.12694
-0.743836
0.0644343
0.0365656
-0.221986
-0.199064
   -4.19912
  -0.760032
-0.00282599
  0.0289984
  -0.227514
  -0.200989
 -4.32476
-0.742102
0.0546698
0.0368064
-0.233578
-0.171369
   -4.49162
  -0.853242
-0.00613446
  0.0311639
  -0.246339
  -0.174133
 -4.66255
-0.807401
0.0953887
0.0405352
-0.249509
-0.165248
  -4.86928
 -0.913121
-0.0437435
 0.0466314
 -0.262421
  -0.17947
 -5.04346
-0.935542
 0.111841
0.0503511
-0.304141
  -0.1759
 -5.23541
-0.980048
0.0169258
0.0541826
-0.297737
-0.161892
 -5.44466
 -1.05506
0.0591983
0.0409798
-0.310865
-0.152781
  -5.62444
  -1.03882
-0.0289827
 0.0523854
 -0.315552
 -0.141599
 -5.89736
 -1.16167
0.0636336
0.0577036
-0.348407
-0.128598
  -6.11335
  -1.18714
-0.0434156
 0.0488156
 -0.356591
 -0.119802
 -6.37689
 -1.26507
0.0327548
0.0546356
-0.386187
-0.109071
  -6.72931
  -1.36709
 0.0175441
  0.083137
 -0.433036
-0.0819781
  -7.23016
  -1.49729
 0.0480693
 0.0793771
 -0.482978
-0.0547145
   -7.6644
  -1.65693
 0.0170529
 0.0874057
 -0.523564
-0.0530872
   -7.87417
   -1.73807
  0.0555496
   0.092966
  -0.562531
-0.00673123
 -8.19298
 -1.79461
0.0216766
0.0964418
-0.586411
0.0284862
 -8.69326
 -1.99379
0.0359848
 0.116991
 -0.63694
 0.078862
 -9.12127
 -2.06952
0.0191227
 0.123759
-0.672363
 0.158927
  -9.59474
  -2.35576
-0.0142591
  0.148103
 -0.709316
  0.222609
 -10.2611
 -2.46836
0.0547018
 0.148907
-0.760389
 0.321612
  -10.9407
  -2.72876
-0.0127456
  0.163388
 -0.831773
  0.264886
 -7.72994
 -1.79388
0.0612705
 0.113591
-0.568325
 0.171077
 -6.77476
 -1.63226
0.0388807
0.0835096
-0.484812
 0.141554
 -5.18161
 -1.13176
0.0756174
0.0558272
-0.335617
 0.102725
 -4.25857
-0.996599
0.0653013
0.0441458
-0.268425
0.0321845
 -4.11316
 -0.92395
 0.119429
0.0620181
-0.259744
0.0450359
 -3.65473
-0.838602
0.0373353
0.0444576
-0.209341
0.0324567
 -2.91985
-0.670408
0.0661635
0.0345675
-0.170928
0.0174632
  -2.6628
-0.609626
0.0708663
0.0308064
-0.122764
0.0174857
  -2.10089
 -0.456236
-0.0209012
 0.0262359
 -0.089106
 0.0185025
  -2.46734
 -0.550747
 0.0763608
 0.0296379
-0.0801636
-0.0100893
  -1.91649
 -0.462082
-0.0128827
 0.0239711
-0.0629315
-0.0213657
   -1.68516
  -0.331076
   0.109451
  0.0168192
 -0.0469889
-0.00431441
   -1.32746
  -0.311672
-0.00942053
 0.00212093
 -0.0312363
 -0.0207642
  -1.13245
 -0.197069
 0.0560434
0.00601676
-0.0131877
  0.014216
  -1.31847
 -0.347927
 0.0860885
0.00982117
 -0.027572
-0.0278257
  -0.983665
  -0.192179
  0.0844646
 0.00672927
-0.00176851
 0.00143344
  -0.799312
  -0.164461
   0.119322
-0.00346902
  -0.014221
-0.00683328
  -0.619593
  -0.145697
 -0.0132579
-0.00212696
 0.00337186
 -0.0269913
  -0.584217
  -0.145176
  0.0981053
 0.00957181
-0.00181715
 -0.0139374
  -0.628264
  -0.143189
  0.0983789
  0.0151489
 -0.0131096
-0.00502678
   -0.520383
   -0.116915
   0.0219557
-0.000509998
  -0.0179184
    -0.02431
  -0.432305
 -0.0397392
-0.00342117
-0.00434027
 -0.0279153
 -0.0201222
 -0.353181
 -0.132508
-0.0175265
0.00939909
-0.0244741
-0.0288164
 -0.332584
-0.0617758
  0.130342
 0.0121878
-0.0282736
-0.0313541
 -0.278944
  -0.04354
-0.0754434
0.00542683
-0.0175219
 -0.018669
  -0.234976
 -0.0465053
  0.0024904
  0.0144286
-0.00945287
 -0.0115566
 -0.221487
-0.0685806
-0.0125944
 0.0209536
-0.0347788
-0.0218018
 -0.171568
  0.006567
 0.0994537
 0.0183861
-0.0217458
-0.0153065
 -0.122705
-0.0743259
-0.0230554
 0.0244438
-0.0411207
-0.0310612
   -0.164582
-0.000578971
  -0.0568791
  0.00883395
  -0.0192141
  -0.0409491
 -0.128916
-0.0653101
  0.102756
 0.0178831
-0.0402935
-0.0282376
  -0.116428
-0.00694626
   0.117472
 0.00477319
 -0.0440873
 -0.0283108
  -0.119303
 -0.0474923
-0.00466953
-0.00394968
 -0.0394024
 -0.0243764
 -0.134924
-0.0404981
 0.0116557
0.00945691
-0.0421062
-0.0292875
  -0.14683
-0.0107089
-0.0126499
 0.0153901
-0.0447956
-0.0194883
-0.0899829
-0.0854412
   0.14342
 0.0190309
-0.0534503
-0.0348726
 -0.103734
 0.0102142
 -0.088463
0.00816886
-0.0302367
-0.0273741
 -0.089023
-0.0403592
  0.018095
 0.0145709
-0.0339123
-0.0285607
-0.0881007
-0.0767366
 0.0396851
 0.0122482
-0.0486143
-0.0232982
-0.0848276
 0.0377271
 0.0508579
 0.0169734
-0.0384069
-0.0286809
-0.0725192
-0.0535553
 0.0531808
 0.0201313
-0.0324315
-0.0203477
 -0.065571
-0.0296771
 0.0780873
 0.0200447
-0.0415558
-0.0133504
 -0.0882276
-0.00946656
  0.0394415
 0.00360655
 -0.0391713
 -0.0265779
-0.0982178
-0.0365653
 0.0361525
0.00703371
-0.0502093
-0.0213926
-0.0863873
-0.0172683
  0.130891
 0.0100546
 -0.047557
-0.0396959
  -0.100815
-0.00691513
  -0.050129
 0.00587873
 -0.0262615
 -0.0401833
 -0.101791
-0.0242073
  0.114676
0.00350233
-0.0517286
-0.0354009
-0.0837533
-0.0407363
-0.0210411
0.00213069
-0.0384602
-0.0430208
 -0.0240192
0.000241816
  0.0531497
 0.00010357
 -0.0399865
 -0.0327438
-0.0602636
-0.0938681
-0.0233056
0.00683877
-0.0338532
 -0.022559
 -0.103812
 0.0319118
 0.0677651
 0.0122875
-0.0374042
-0.0391915
-0.0677531
 -0.100738
 0.0176275
  0.016147
-0.0307812
-0.0501988
-0.0645942
 0.0410685
-0.0272412
0.00800595
-0.0356919
-0.0230616
-0.0636094
 -0.125746
 0.0200945
 0.0216178
-0.0338828
-0.0257345
 -0.124564
 0.0389531
 0.0647137
0.00715987
-0.0535004
 -0.023422
-0.0804828
-0.0307838
 0.0578693
0.00549624
-0.0497766
-0.0380604
-0.0749972
-0.0443872
 0.0617394
 0.0010479
 -0.038424
  -0.03649
  -0.106876
 -0.0056761
 -0.0106869
-0.00167728
 -0.0391675
 -0.0267007
 -0.100015
-0.0426627
 0.0764191
0.00543741
-0.0488432
-0.0308253
-0.0910739
-0.0117781
  0.069455
0.00574841
-0.0402211
-0.0380972
 -0.0950316
 0.00697281
-0.00713738
  0.0114475
 -0.0371958
 -0.0386648
-0.0817447
 -0.018083
 0.0360768
 0.0123226
-0.0407214
-0.0403955
-0.0746387
-0.0256817
  0.095562
0.00931854
-0.0472163
-0.0362681
-0.0858516
 0.0131649
 0.0127762
0.00913526
-0.0367712
-0.0333724
-0.0428204
-0.0267277
 0.0165863
  0.010191
-0.0379963
-0.0160296
-0.0442026
0.00426933
 0.0267513
0.00595767
-0.0454648
-0.0108083
-0.0387551
  -0.03164
 0.0545043
  0.010196
-0.0432222
-0.0252436
 -0.049434
-0.0307332
 0.0476077
 0.0104402
-0.0430587
-0.0369296
-0.0520982
-0.0302944
 0.0312097
0.00638001
-0.0408997
-0.0218047
-0.0513758
 -0.063726
 0.0566323
 0.0181493
-0.0507384
-0.0362897
 -0.0398366
 -0.0193171
  0.0629778
-0.00336559
 -0.0421627
 -0.0312082
-0.0466822
-0.0348481
 0.0322654
0.00965439
-0.0378746
-0.0293653
-0.0421397
 -0.027384
 0.0396011
 0.0111483
-0.0458427
-0.0380009
-0.0416928
-0.0280129
 0.0439249
 0.0133973
-0.0271403
-0.0416119
-0.0214352
-0.0195496
 0.0349831
 0.0073178
-0.0374148
-0.0254095
 -0.0366125
-0.00895188
  0.0302201
 0.00698628
 -0.0399167
   -0.02517
-0.0160115
-0.0161152
 0.0338075
 0.0102031
-0.0318643
 -0.017757
-0.0539161
   -0.0224
 0.0350638
0.00480218
-0.0360203
-0.0366342
 -0.0362164
 -0.0194442
  0.0329047
-0.00022111
 -0.0398226
 -0.0256119
-0.0233966
-0.0112181
 0.0356982
0.00919319
 -0.033769
-0.0283674
-0.0371164
-0.0146857
 0.0406047
0.00924418
-0.0494126
-0.0188373
-0.0439419
-0.0212999
 0.0373004
0.00161868
-0.0472976
-0.0346936
  -0.0231067
  -0.0222294
   0.0317649
-0.000717421
  -0.0391891
  -0.0284458
-0.0518652
-0.0300719
 0.0329857
 0.0135646
-0.0365123
-0.0381129
-0.0231203
 -0.021524
 0.0305022
0.00492801
-0.0331862
-0.0306184
-0.0263514
-0.0171298
 0.0284342
0.00759278
-0.0365921
 -0.014208
 -0.022179
-0.0159758
 0.0404274
 0.0072724
-0.0321082
-0.0241578
-0.0551377
-0.0254432
 0.0352813
 0.0115721
  -0.03943
-0.0286804
 -0.0466451
 -0.0183424
  0.0381858
-0.00045392
  -0.033693
 -0.0404148
-0.0382939
-0.0171955
 0.0449323
 0.0114394
 -0.036258
-0.0274998
-0.0487022
-0.0256496
 0.0409626
 0.0179392
-0.0484071
-0.0204027
-0.0270039
-0.0133483
 0.0380769
0.00783435
-0.0337988
-0.0267533
-0.0509354
-0.0177377
 0.0373424
0.00824844
 -0.049641
-0.0252888
 -0.0461387
 -0.0210423
  0.0363845
-0.00228163
 -0.0366511
 -0.0254576
 -0.0519355
 -0.0226149
  0.0386787
0.000972225
 -0.0492557
 -0.0274633
-0.0410537
-0.0234228
   0.03502
 0.0164106
-0.0490597
-0.0336822
-0.0381306
-0.0189812
 0.0384595
 0.0074093
 -0.041963
-0.0231646
-0.0491259
-0.0250483
 0.0396651
0.00134603
-0.0403009
-0.0362082
-0.0235052
-0.0193391
 0.0338798
0.00836954
 -0.029752
-0.0230192
-0.0367081
-0.0246004
 0.0397253
0.00743451
-0.0423866
-0.0260069
-0.0383447
-0.0255222
 0.0405855
 0.0112482
-0.0354702
-0.0380475
-0.0410467
-0.0244483
 0.0397483
0.00143852
-0.0468121
 -0.029779
-0.0416875
-0.0210653
 0.0405218
0.00494381
-0.0386262
-0.0376794
 -0.0605342
 -0.0297351
  0.0457955
-0.00485983
 -0.0484787
  -0.025521
-0.0549111
-0.0260429
 0.0382982
0.00995794
-0.0461072
-0.0495185
-0.0526325
-0.0262478
 0.0452482
 0.0110565
 -0.039186
-0.0344864
-0.0398434
-0.0284043
 0.0352148
 0.0140397
-0.0454219
-0.0339842
 -0.032435
-0.0168947
 0.0394537
0.00695331
-0.0467463
-0.0250369
-0.0556268
-0.0315247
 0.0364136
 0.0109135
-0.0375647
-0.0407571
 -0.031707
-0.0193504
 0.0395453
 0.0123385
-0.0451937
-0.0217971
 -0.0331333
 -0.0230852
  0.0364089
4.73389e-05
  -0.035747
 -0.0234425
-0.0269475
-0.0144599
  0.030392
0.00540557
-0.0345388
  -0.02452
 -0.0424047
 -0.0192742
  0.0397251
-0.00309339
 -0.0398105
 -0.0228425
-0.0510377
-0.0258767
 0.0374111
0.00437859
-0.0521368
-0.0404091
-0.0406735
-0.0176755
 0.0375178
0.00372258
-0.0435858
 -0.015226
-0.0345907
 -0.016715
 0.0383117
0.00393102
-0.0402582
-0.0271441
 -0.024101
-0.0173098
 0.0394607
0.00176859
-0.0383943
-0.0242081
-0.0563173
-0.0278362
 0.0439152
 0.0109876
-0.0335888
 -0.048684
-0.0502355
-0.0282791
  0.035124
 0.0116225
-0.0409677
-0.0419931
 -0.031815
-0.0194713
 0.0392831
0.00410859
-0.0477788
-0.0399951
-0.0186662
-0.0141824
 0.0337064
0.00516252
-0.0347543
-0.0232609
-0.0459726
-0.0291161
 0.0363614
0.00694642
-0.0398139
-0.0383771
-0.0206836
-0.0137477
 0.0393028
0.00876162
-0.0379344
-0.0207383
-0.0440277
-0.0215457
 0.0332798
0.00233699
-0.0484244
 -0.013909
-0.0228883
-0.0136974
 0.0380822
0.00261816
-0.0365003
-0.0295526
-0.0305443
-0.0234633
 0.0452143
 0.0141282
-0.0474162
-0.0240921
-0.0346372
-0.0242939
 0.0348826
 0.0105443
-0.0384235
-0.0420805
-0.0282596
-0.0171348
 0.0394391
0.00483277
-0.0445186
-0.0257139
-0.0441719
-0.0200076
 0.0351261
0.00588055
-0.0408638
-0.0273513
-0.0519924
-0.0288568
 0.0406509
0.00994412
-0.0292873
-0.0450719
  -0.0477159
  -0.0228305
   0.0341082
-0.000453559
  -0.0324631
  -0.0307407
-0.0254402
-0.0207311
 0.0305394
0.00164171
-0.0313486
-0.0300117
-0.0337532
-0.0198959
 0.0372506
0.00647855
-0.0389839
-0.0287417
-0.0572138
-0.0251063
 0.0384934
0.00984788
-0.0390881
  -0.03762
-0.0451075
-0.0239166
 0.0417538
0.00576565
-0.0416773
-0.0385581
-0.0270038
-0.0212084
   0.04506
  0.010659
-0.0457077
-0.0280757
-0.0405357
-0.0173488
 0.0417846
0.00713175
-0.0410382
-0.0223272
 -0.052926
 -0.025384
 0.0383926
  0.012717
-0.0397191
-0.0405549
-0.0407044
-0.0251394
 0.0363174
 0.0105344
-0.0428091
-0.0301936
 -0.021823
 -0.017917
 0.0292308
 0.0108214
 -0.033896
-0.0290515
-0.0350117
-0.0149698
 0.0369339
0.00472416
-0.0439184
-0.0375378
-0.0216973
-0.0180426
 0.0394807
0.00910742
-0.0390756
-0.0202949
-0.0260002
-0.0179109
 0.0393223
0.00303401
-0.0437596
-0.0332314
-0.0546736
  -0.02634
 0.0418112
 0.0147532
-0.0421607
-0.0386079
-0.0333407
-0.0219405
 0.0341395
0.00622955
-0.0371011
-0.0204743
-0.0326508
-0.0244402
 0.0407705
0.00790708
-0.0564901
-0.0305299
-0.0352642
-0.0223461
 0.0363542
 0.0067883
-0.0394995
-0.0227593
-0.0472701
-0.0241072
 0.0385938
0.00649877
 -0.049181
-0.0310604
-0.0408701
-0.0242884
 0.0396054
  0.008511
-0.0409894
-0.0322975
-0.0251089
-0.0210324
  0.038392
0.00969733
-0.0411914
-0.0257308
-0.0211313
-0.0204689
 0.0394747
0.00440707
-0.0321903
-0.0262975
-0.0544948
-0.0277089
 0.0396296
0.00816531
-0.0386914
-0.0415144
-0.0335332
-0.0213798
 0.0306047
0.00257312
-0.0284721
 -0.029464
 -0.043969
-0.0208153
 0.0316087
0.00683561
-0.0391805
-0.0368073
-0.0344101
-0.0173866
 0.0372007
0.00516497
-0.0393738
-0.0274643
-0.0357006
-0.0206239
 0.0307266
0.00939488
-0.0319635
-0.0196184
-0.0331276
-0.0225098
 0.0351641
0.00762691
-0.0374039
-0.0254087
 -0.0580739
 -0.0225479
  0.0409467
0.000743028
 -0.0423403
  -0.027078
 -0.0401335
 -0.0204529
  0.0331649
0.000592783
 -0.0421111
 -0.0163773
-0.0490297
-0.0251758
 0.0373648
0.00611531
-0.0421104
-0.0384251
-0.0379931
-0.0281054
 0.0330143
 0.0103859
-0.0479532
-0.0338191
-0.0341696
-0.0184879
 0.0440842
0.00234879
-0.0514282
-0.0233075
-0.0219429
-0.0167864
 0.0392519
 0.0103907
-0.0390145
-0.0288536
-0.0272068
 -0.021678
 0.0364692
0.00593458
-0.0421152
-0.0141424
-0.0261132
 -0.018337
 0.0306832
0.00234524
-0.0391355
 -0.019362
-0.0426085
-0.0263762
 0.0374778
0.00520726
-0.0502805
-0.0348567
-0.0266585
-0.0226719
 0.0406077
 0.0129301
-0.0428784
-0.0286883
 -0.028718
-0.0153086
 0.0381869
0.00471635
-0.0441548
-0.0293385
  -0.0308171
  -0.0158923
   0.0362126
-3.53592e-05
  -0.0413155
  -0.0201442
-0.0257579
-0.0188336
 0.0337601
0.00889132
 -0.043489
-0.0311617
-0.0553147
-0.0259394
 0.0310177
0.00600316
-0.0508038
-0.0258876
-0.0311544
   -0.0131
 0.0380131
0.00989514
-0.0361648
-0.0306518
-0.0278845
-0.0183678
 0.0394412
0.00750555
-0.0438071
-0.0263857
 -0.049448
-0.0236717
 0.0397542
0.00178295
-0.0359632
-0.0288253
-0.0252798
 -0.020669
 0.0349235
0.00896748
 -0.043983
-0.0321198
-0.0311519
-0.0139833
 0.0371007
0.00503645
-0.0448703
-0.0260527
-0.0377177
-0.0202199
 0.0382916
0.00999218
-0.0415172
-0.0329954
-0.0298351
-0.0191275
 0.0373063
 0.0096383
-0.0516162
 -0.023821
  -0.0441799
  -0.0205174
   0.0387444
-0.000474313
  -0.0438994
   -0.018438
  -0.0478785
  -0.0221051
   0.0375012
-0.000500852
  -0.0381689
   -0.028056
-0.0357838
-0.0203969
 0.0396553
0.00402807
-0.0460477
-0.0239854
  -0.02747
-0.0204738
 0.0339604
0.00602801
-0.0372333
-0.0250644
 -0.031154
-0.0220113
 0.0374188
0.00940911
-0.0447789
-0.0229782
-0.0275989
-0.0196434
 0.0370696
 0.0039258
 -0.035673
-0.0363334
-0.0457008
  -0.02172
 0.0373059
 0.0100626
-0.0464443
-0.0324961
-0.0371282
-0.0229067
 0.0359835
0.00698825
-0.0413602
 -0.043343
-0.0276771
-0.0193323
 0.0316889
  0.012212
-0.0385854
-0.0220982
-0.0511664
-0.0250113
 0.0385537
0.00527557
-0.0442052
 -0.035776
-0.0470819
-0.0244172
 0.0419201
0.00620036
-0.0427563
-0.0316494
  -0.04535
-0.0235135
 0.0362229
0.00297443
-0.0354922
-0.0359596
-0.0510905
-0.0250834
 0.0362791
0.00910994
-0.0421145
-0.0358105
-0.0358782
-0.0281334
 0.0318094
0.00928872
 -0.038201
-0.0366746
-0.0535152
-0.0242777
 0.0387198
 0.0030377
-0.0459963
-0.0281939
 -0.0275014
 -0.0208802
  0.0419526
-0.00304936
 -0.0474411
 -0.0229167
-0.0335259
-0.0210796
 0.0375173
0.00424486
-0.0351503
-0.0179968
-0.0346787
-0.0159658
 0.0374096
0.00973073
-0.0337377
-0.0109873
-0.0397294
-0.0214565
 0.0351989
0.00145309
-0.0350609
-0.0264509
-0.0448852
-0.0255265
 0.0352116
0.00383773
-0.0386919
-0.0344929
-0.0473711
 -0.024294
 0.0320768
0.00403435
-0.0380889
-0.0220111
-0.0280121
-0.0183906
 0.0396691
0.00354793
-0.0445793
-0.0171563
-0.0223143
-0.0156146
 0.0368812
0.00648749
-0.0350343
-0.0351284
 -0.0264783
 -0.0168021
  0.0351738
-0.00087551
 -0.0380703
 -0.0165639
  -0.0435051
   -0.022974
   0.0386523
-0.000189365
   -0.039876
  -0.0266941
 -0.0556392
  -0.023874
  0.0420323
0.000421982
  -0.041624
 -0.0303639
  -0.0485758
  -0.0276356
   0.0399173
-0.000363924
  -0.0445817
  -0.0304388
-0.0528206
 -0.026807
 0.0385904
0.00427171
-0.0458657
-0.0386369
-0.0528058
-0.0266933
 0.0408176
0.00447304
-0.0469244
-0.0386673
-0.0356211
-0.0203025
 0.0396492
 0.0121393
 -0.043853
-0.0195329
-0.0417172
-0.0214059
 0.0361763
0.00650845
-0.0440409
-0.0328258
-0.0513524
-0.0239419
 0.0338238
 0.0101926
-0.0409959
-0.0443381
 -0.033364
 -0.021016
  0.039479
0.00935344
-0.0393305
-0.0294445
-0.0432979
-0.0231481
 0.0338336
0.00736175
 -0.036085
-0.0405107
-0.0206808
-0.0137464
 0.0368828
0.00654314
-0.0294797
-0.0300797
-0.0303761
  -0.01695
 0.0385718
0.00695558
-0.0403696
-0.0117474
-0.0558156
-0.0306884
 0.0441841
0.00813998
-0.0504462
-0.0448362
-0.0396868
-0.0209697
 0.0362454
  0.012164
-0.0491958
-0.0258475
-0.0294134
-0.0208066
 0.0362122
0.00563761
-0.0357379
-0.0251615
-0.0540309
-0.0304801
 0.0376008
0.00219277
-0.0430698
-0.0402374
-0.0170834
-0.0116179
  0.034594
0.00793749
-0.0293136
-0.0271218
-0.0370275
-0.0233199
 0.0369884
0.00142501
-0.0312752
 -0.050813
 -0.0556171
 -0.0240078
  0.0396253
0.000141964
 -0.0408254
 -0.0394989
 -0.044979
-0.0246855
 0.0385932
0.00687807
-0.0394724
-0.0296847
-0.0390243
 -0.022991
  0.043052
  0.012183
-0.0441932
-0.0228416
-0.0523964
-0.0286117
 0.0376013
0.00224745
-0.0375154
-0.0351887
-0.0470182
-0.0247601
 0.0394918
0.00880807
-0.0535076
-0.0427649
  -0.044168
 -0.0208896
   0.031794
-0.00119636
  -0.041115
 -0.0320943
-0.0270313
-0.0214364
 0.0381845
0.00803791
-0.0351349
-0.0373564
  -0.03205
-0.0187035
 0.0406147
0.00199876
-0.0445114
-0.0283205
-0.0339833
-0.0194104
 0.0383375
0.00310428
-0.0486864
-0.0327324
-0.0422379
-0.0274852
 0.0397953
0.00812202
-0.0504975
-0.0309761
-0.0275661
-0.0196033
 0.0416802
 0.0072949
-0.0490793
-0.0292114
-0.0488053
-0.0255057
 0.0405106
0.00573979
-0.0359456
-0.0481783
-0.0138341
-0.0169083
 0.0405016
0.00480234
-0.0516543
-0.0248333
-0.0241311
-0.0248384
 0.0383119
0.00956905
-0.0413817
-0.0367813
-0.0545364
-0.0283234
 0.0411076
0.00164877
-0.0405393
-0.0279878
-0.0266919
-0.0227123
 0.0359956
 0.0095617
 -0.029472
-0.0358102
-0.0538341
-0.0222533
 0.0394139
  0.006093
-0.0421559
-0.0434731
-0.0257308
 -0.010422
 0.0382443
0.00816569
-0.0402518
-0.0138451
-0.0365464
-0.0172232
 0.0383907
0.00432547
-0.0414696
-0.0248152
-0.0458296
-0.0216155
 0.0350067
0.00191035
-0.0312348
-0.0373968
-0.0215893
-0.0179476
   0.03929
 0.0121159
-0.0344093
-0.0273378
 -0.039893
-0.0207318
 0.0385905
 0.0014062
-0.0407676
-0.0237667
-0.0305305
 -0.024499
 0.0328057
0.00636515
-0.0272184
 -0.033774
 -0.027646
-0.0199238
 0.0327572
0.00455065
-0.0371898
-0.0292958
-0.0432141
-0.0237417
 0.0375067
0.00702034
-0.0456158
-0.0268729
-0.0280604
-0.0178189
  0.038238
 0.0060293
-0.0437633
-0.0306171
 -0.045122
 -0.023211
 0.0404914
 0.0114109
-0.0356755
-0.0407336
-0.0426288
-0.0254829
 0.0384795
 0.0101053
-0.0414446
-0.0348735
-0.0496514
-0.0227198
 0.0376387
 0.0109337
-0.0486052
-0.0186751
-0.0577977
-0.0314564
 0.0354685
 0.0099068
-0.0384749
-0.0334933
-0.0258735
-0.0186162
 0.0361091
 0.0031587
-0.0377919
-0.0267515
-0.0521877
-0.0282992
 0.0419598
 0.0107225
-0.0375685
-0.0353804
-0.0428205
-0.0249848
 0.0349969
0.00743815
-0.0365789
-0.0414688
 -0.0455163
 -0.0226623
  0.0395104
0.000951601
 -0.0336728
  -0.038064
 -0.055704
-0.0314451
 0.0386911
0.00707462
-0.0396578
-0.0407197
-0.0476133
-0.0226774
 0.0411308
0.00821932
-0.0493987
-0.0121548
-0.0505029
-0.0269502
 0.0373565
 0.0141725
  -0.04547
-0.0390214
-0.0305587
-0.0240631
 0.0313899
  0.010784
-0.0340597
-0.0470284
 -0.0599363
 -0.0238967
  0.0352193
-0.00411877
 -0.0343144
 -0.0388979
 -0.051659
-0.0313178
 0.0330599
0.00715361
-0.0341061
-0.0410533
-0.0467762
-0.0257339
 0.0375421
0.00657301
-0.0321421
-0.0278847
-0.0301268
-0.0181516
 0.0303439
0.00932952
-0.0446169
 -0.034682
-0.0150532
-0.0207874
  0.030578
0.00306519
 -0.032042
-0.0243953
 -0.030522
-0.0242615
 0.0397709
0.00902501
-0.0376601
-0.0199113
-0.0277983
 -0.018959
 0.0382712
0.00272964
-0.0364279
-0.0314308
-0.0283866
 -0.025184
 0.0375642
 0.0030291
-0.0367441
  -0.02275
-0.0446238
-0.0266672
 0.0376665
0.00275548
-0.0398105
-0.0259652
-0.0355616
-0.0212781
 0.0360987
0.00593407
-0.0482575
-0.0356276
 -0.026217
-0.0163957
 0.0415798
0.00772318
-0.0394417
-0.0259506
-0.0467599
-0.0262938
 0.0283274
0.00659835
 -0.032191
-0.0436974
 -0.029842
-0.0269055
 0.0374154
 0.0100577
-0.0364709
-0.0303238
 -0.0176701
  -0.018757
  0.0349422
0.000376679
 -0.0447092
 -0.0297422
-0.0398167
-0.0208974
 0.0383371
0.00322703
-0.0488141
 -0.037307
-0.0213354
-0.0202104
 0.0338686
0.00351523
-0.0337928
-0.0280737
-0.0526048
-0.0274075
 0.0352771
0.00744343
 -0.035104
-0.0346167
-0.0293285
-0.0206091
  0.040398
0.00592392
-0.0382453
-0.0389692
-0.0352633
-0.0215884
 0.0373713
 0.0136243
-0.0383195
-0.0225689
-0.0298388
-0.0189403
 0.0371496
0.00667333
-0.0403259
 -0.031004
-0.0315744
-0.0196556
 0.0426904
0.00693382
-0.0362998
-0.0338777
-0.0314134
-0.0209319
 0.0325938
0.00926263
-0.0389677
-0.0384519
-0.0289487
-0.0139707
 0.0382694
 0.0101928
 -0.042542
-0.0196326
-0.0283592
-0.0166574
 0.0359614
0.00718978
-0.0423848
-0.0299802
-0.0447247
-0.0254002
 0.0371216
0.00795833
-0.0391077
 -0.048335
-0.0496931
-0.0224792
 0.0395781
0.00405628
-0.0396655
-0.0349892
-0.0424809
-0.0190538
 0.0363678
 0.0031764
-0.0528598
-0.0221105
 -0.042907
-0.0243939
 0.0361664
 0.0122149
 -0.043959
-0.0364236
 -0.026635
-0.0155042
 0.0348972
0.00444407
-0.0369773
 -0.025187
 -0.0556516
 -0.0240499
  0.0374352
-0.00100822
 -0.0358739
 -0.0372805
-0.0431785
 -0.023699
 0.0372744
0.00595358
-0.0421123
-0.0384327
-0.0451638
-0.0244366
 0.0328973
0.00594741
-0.0412054
 -0.036043
-0.0541828
-0.0293382
 0.0330908
 0.0112622
-0.0384383
-0.0351176
-0.0297177
-0.0187318
 0.0416081
 0.0121008
-0.0451744
-0.0287354
 -0.0527565
 -0.0272643
  0.0398272
-0.00022516
 -0.0392854
  -0.034547
-0.0313718
-0.0115846
 0.0402703
 0.0145847
-0.0318471
-0.0233706
-0.0171212
-0.0197192
 0.0371119
 0.0103752
-0.0390983
-0.0283877
-0.0284969
 -0.016305
 0.0407175
0.00173582
-0.0374867
 -0.016435
 -0.034305
-0.0262363
 0.0408061
0.00690372
-0.0581514
 -0.033391
-0.0299138
 -0.018868
 0.0394242
0.00283907
-0.0424166
-0.0309696
-0.0570189
-0.0256677
 0.0396075
 0.0112853
-0.0392602
-0.0379731
-0.0455509
-0.0227679
 0.0397939
0.00300657
-0.0409388
-0.0241099
-0.0451134
-0.0235224
 0.0359097
 0.0119179
-0.0375817
-0.0474427
-0.0211733
-0.0202098
 0.0358828
0.00961282
-0.0417353
-0.0371271
-0.0397272
-0.0215822
 0.0353025
0.00342975
-0.0425879
-0.0216622
-0.0243394
-0.0237795
 0.0440428
0.00687659
-0.0364661
-0.0275638
-0.0353674
-0.0218382
 0.0372127
0.00737281
-0.0484304
-0.0359794
-0.0583753
-0.0286252
 0.0419209
 0.0091212
   -0.0423
-0.0414707
-0.0478528
-0.0223639
 0.0327777
-0.0010205
 -0.036442
-0.0417428
-0.0524093
-0.0280303
 0.0364436
0.00987055
-0.0390414
-0.0325732
-0.0280586
  -0.01785
 0.0363206
 0.0100203
-0.0411527
-0.0123224
-0.0261799
-0.0172366
 0.0404352
0.00179771
-0.0446438
-0.0329104
-0.0259061
 -0.017962
  0.034989
0.00983251
 -0.035425
-0.0219481
-0.0409748
-0.0236872
 0.0384425
 0.0111092
 -0.039783
-0.0320117
-0.0419969
-0.0194965
 0.0348269
 0.0144662
 -0.041613
-0.0365805
-0.0373527
-0.0219634
 0.0419088
0.00631221
 -0.043841
-0.0247536
-0.0237276
-0.0184793
 0.0394114
 0.0034522
-0.0339205
-0.0272736
-0.0426081
-0.0255539
  0.036021
0.00883728
-0.0368824
-0.0464018
-0.0259466
-0.0178487
 0.0394534
0.00714867
-0.0424673
-0.0241321
-0.0529254
-0.0262057
 0.0374285
0.00687021
-0.0446605
-0.0383508
-0.0358986
-0.0194214
 0.0430225
0.00513144
-0.0391718
-0.0193845
 -0.0300107
 -0.0186604
  0.0416846
-0.00293373
 -0.0368502
 -0.0311416
 -0.039869
-0.0201704
 0.0372532
0.00895145
-0.0425533
-0.0303157
-0.0316968
-0.0196248
 0.0305756
 0.0136271
-0.0322739
-0.0219453
 -0.0326232
 -0.0159008
  0.0403068
0.000768633
 -0.0288173
 -0.0366852
-0.0431958
-0.0237518
 0.0374167
0.00698155
-0.0457452
-0.0314551
-0.0359331
-0.0200748
 0.0317593
0.00503349
-0.0379033
-0.0260022
 -0.035177
-0.0222735
 0.0406438
0.00905085
-0.0495329
-0.0317785
-0.0187409
-0.0214739
 0.0393385
  0.010522
-0.0457114
-0.0334669
-0.0208015
-0.0140182
 0.0348975
0.00432155
-0.0368496
-0.0206124
-0.0530194
-0.0341505
 0.0376891
0.00522982
-0.0380743
-0.0400001
-0.0457032
-0.0224154
 0.0362365
0.00223833
-0.0438608
-0.0350809
-0.0508175
 -0.025986
  0.040857
0.00625317
-0.0367658
-0.0321028
  -0.0247629
  -0.0227332
   0.0415935
-0.000152038
  -0.0375412
   -0.040543
-0.0429506
 -0.024976
  0.039561
0.00170705
-0.0484167
-0.0411925
-0.0466054
-0.0267719
 0.0319895
0.00934436
-0.0367967
-0.0279376
-0.0254945
-0.0192801
 0.0372847
 0.0156345
 -0.047192
-0.0200489
-0.0310927
-0.0216793
 0.0440102
0.00997557
-0.0480839
-0.0276518
-0.0541113
-0.0294626
 0.0431568
0.00444681
-0.0411465
-0.0378549
-0.0356384
-0.0202918
 0.0373178
0.00996129
-0.0352686
 -0.024292
-0.0565361
-0.0357179
 0.0364026
 0.0142648
-0.0340428
-0.0473535
-0.0518955
-0.0290652
 0.0383922
 0.0157159
 -0.034853
-0.0449005
-0.0299606
-0.0185369
 0.0441844
0.00240988
-0.0402497
-0.0150959
 -0.0546994
 -0.0284179
  0.0411142
-0.00646223
  -0.042733
 -0.0324393
-0.0337108
-0.0208308
 0.0318212
0.00331433
-0.0368832
-0.0243541
-0.0458274
-0.0217411
 0.0351114
0.00388697
-0.0387617
-0.0326071
 -0.0468765
 -0.0261085
  0.0350673
8.13792e-05
 -0.0413237
  -0.045846
-0.0312292
-0.0211178
 0.0382369
0.00920578
-0.0334721
-0.0344879
