    -1.76391
     1.82737
-0.000153398
   -0.928963
    -1.98632
     1.42544
   -0.317411
    -1.76391
     1.82737
-0.000153398
   -0.928963
    -1.98632
     1.42544
   -0.317411
    -1.76391
     1.82737
-0.000153338
   -0.928963
    -1.98632
     1.42544
   -0.317411
    -1.76391
     1.82738
-0.000152379
   -0.928965
    -1.98632
     1.42544
   -0.317411
    -1.76391
     1.82737
-0.000154417
   -0.928961
    -1.98632
     1.42544
   -0.317411
    -1.76391
     1.82737
-0.000152859
   -0.928959
    -1.98632
     1.42544
   -0.317411
   -1.76391
    1.82738
-0.00015208
   -0.92896
   -1.98632
    1.42544
  -0.317411
    -1.76391
     1.82738
-0.000154117
   -0.928962
    -1.98632
     1.42544
   -0.317411
    -1.76391
     1.82738
-0.000147286
    -0.92896
    -1.98632
     1.42544
   -0.317411
    -1.76391
     1.82738
-0.000145309
   -0.928964
    -1.98632
     1.42544
   -0.317411
    -1.76391
     1.82739
-0.000140875
   -0.928978
    -1.98632
     1.42544
   -0.317411
    -1.76391
     1.82738
-0.000134463
   -0.928954
    -1.98633
     1.42545
   -0.317411
    -1.76391
     1.82735
-0.000130029
   -0.928922
    -1.98633
     1.42545
   -0.317411
   -1.76391
    1.82737
-0.00011379
   -0.92896
   -1.98633
    1.42545
  -0.317411
    -1.76391
      1.8274
-8.26312e-05
   -0.929002
    -1.98633
     1.42545
   -0.317412
    -1.76391
     1.82737
-3.23574e-05
   -0.928968
    -1.98635
     1.42546
   -0.317413
   -1.76391
    1.82738
3.66118e-05
  -0.929001
   -1.98636
    1.42547
  -0.317413
   -1.76391
    1.82738
0.000131467
  -0.928985
   -1.98638
    1.42549
  -0.317416
    -1.7639
    1.82738
0.000232074
  -0.928991
   -1.98642
    1.42554
  -0.317425
   -1.76391
    1.82738
0.000334659
     -0.929
   -1.98648
    1.42561
  -0.317438
    -1.7639
    1.82738
0.000448989
   -0.92901
   -1.98654
     1.4257
  -0.317464
    -1.7639
    1.82738
0.000567513
  -0.929015
   -1.98661
    1.42581
  -0.317506
   -1.76389
    1.82738
0.000688494
  -0.929017
   -1.98667
    1.42592
  -0.317551
   -1.76389
    1.82738
0.000807317
  -0.929034
   -1.98675
    1.42602
  -0.317593
   -1.76388
    1.82738
0.000930635
  -0.929031
   -1.98683
    1.42613
  -0.317631
  -1.76388
   1.82738
0.00105096
 -0.929045
  -1.98691
   1.42626
 -0.317672
  -1.76387
   1.82738
0.00117152
 -0.929049
  -1.98699
   1.42638
 -0.317706
  -1.76387
   1.82738
0.00128621
 -0.929056
  -1.98706
   1.42649
 -0.317739
  -1.76386
   1.82734
0.00139946
 -0.929016
  -1.98713
   1.42658
 -0.317774
  -1.76385
   1.82732
0.00151187
 -0.929025
  -1.98722
   1.42663
 -0.317812
 -1.76385
  1.82738
0.0016277
-0.929144
 -1.98729
  1.42668
-0.317851
  -1.76384
   1.82738
0.00174203
 -0.929218
  -1.98736
   1.42678
 -0.317891
  -1.76383
   1.82734
0.00185072
 -0.929264
  -1.98744
   1.42696
 -0.317932
  -1.76383
   1.82733
0.00196248
 -0.929324
  -1.98753
   1.42709
 -0.317969
  -1.76383
   1.82733
0.00207956
 -0.929389
   -1.9876
    1.4272
 -0.317994
  -1.76382
   1.82733
0.00220258
 -0.929451
  -1.98767
    1.4273
 -0.318014
 -1.76382
  1.82733
0.0023259
-0.929518
 -1.98776
   1.4274
-0.318031
  -1.76382
   1.82732
0.00245575
 -0.929585
  -1.98785
   1.42754
 -0.318054
  -1.76382
   1.82728
0.00259824
 -0.929621
  -1.98794
   1.42769
 -0.318076
  -1.76378
    1.8272
0.00277986
 -0.929672
  -1.98803
   1.42782
 -0.318097
  -1.76374
   1.82724
0.00299845
  -0.92983
  -1.98811
   1.42796
 -0.318123
  -1.76377
   1.82724
0.00317163
 -0.929942
  -1.98817
   1.42813
 -0.318152
  -1.76376
   1.82717
0.00336361
 -0.929935
  -1.98824
   1.42827
 -0.318186
  -1.76372
   1.82716
0.00358724
 -0.929965
  -1.98833
   1.42841
 -0.318223
 -1.76372
  1.82714
0.0037972
-0.929952
 -1.98842
  1.42854
-0.318261
  -1.7637
  1.82712
0.0039947
-0.929977
 -1.98851
  1.42868
-0.318301
  -1.76368
   1.82704
0.00419244
 -0.929934
  -1.98862
   1.42882
  -0.31834
  -1.76366
   1.82694
0.00439438
 -0.929942
  -1.98874
   1.42894
 -0.318379
 -1.76365
  1.82697
0.0046074
-0.930026
 -1.98885
  1.42907
-0.318418
  -1.76363
   1.82696
0.00481754
 -0.930054
  -1.98896
   1.42925
 -0.318452
  -1.76361
   1.82689
0.00502115
 -0.930028
  -1.98908
   1.42945
 -0.318488
  -1.76359
   1.82687
0.00524154
 -0.930031
  -1.98919
   1.42965
 -0.318523
 -1.76357
  1.82679
0.0054693
-0.929987
 -1.98931
  1.42987
-0.318555
  -1.76355
   1.82668
0.00569137
 -0.929985
  -1.98943
    1.4301
 -0.318584
 -1.76354
  1.82665
 0.005909
-0.930125
 -1.98957
  1.43028
-0.318611
  -1.76352
    1.8266
0.00612921
 -0.930249
  -1.98969
   1.43047
 -0.318637
   -1.7635
   1.82649
0.00634325
 -0.930303
  -1.98983
   1.43068
 -0.318661
   -1.7635
   1.82642
0.00655801
 -0.930398
  -1.98998
   1.43087
 -0.318681
  -1.76349
   1.82635
0.00677774
  -0.93046
  -1.99012
   1.43104
 -0.318701
 -1.76345
  1.82625
0.0070215
-0.930501
 -1.99028
  1.43122
 -0.31872
  -1.76337
   1.82613
0.00726903
 -0.930577
  -1.99044
   1.43144
 -0.318741
  -1.7634
  1.82615
0.0074636
-0.930748
 -1.99057
  1.43166
-0.318764
  -1.76339
   1.82615
0.00769399
 -0.930861
  -1.99072
   1.43189
  -0.31879
  -1.76336
   1.82607
0.00798749
 -0.930869
  -1.99088
   1.43213
 -0.318838
  -1.76336
   1.82601
0.00827349
 -0.930863
  -1.99103
   1.43237
 -0.318904
 -1.76336
  1.82592
0.0085514
  -0.9309
 -1.99119
  1.43259
-0.318976
  -1.76335
   1.82597
0.00883381
 -0.931046
  -1.99135
   1.43277
 -0.319048
  -1.76335
   1.82598
0.00911442
 -0.931138
  -1.99149
   1.43295
 -0.319117
  -1.76334
   1.82592
0.00939216
 -0.931148
  -1.99165
   1.43316
 -0.319181
  -1.76334
   1.82589
0.00967816
 -0.931156
  -1.99181
   1.43338
 -0.319243
  -1.76334
   1.82582
0.00997393
 -0.931187
  -1.99197
   1.43362
 -0.319306
 -1.76334
  1.82587
0.0102684
-0.931377
 -1.99214
  1.43387
-0.319367
 -1.76334
  1.82588
0.0105563
-0.931522
 -1.99229
  1.43414
-0.319431
 -1.76333
  1.82586
 0.010834
-0.931589
 -1.99244
  1.43442
-0.319495
  -1.7633
  1.82583
0.0111574
-0.931622
 -1.99261
  1.43464
-0.319559
 -1.76325
  1.82582
0.0115124
-0.931658
 -1.99278
  1.43484
-0.319626
 -1.76328
  1.82588
0.0118262
-0.931812
 -1.99292
  1.43504
-0.319692
 -1.76328
  1.82588
 0.012168
-0.931885
 -1.99306
  1.43526
 -0.31976
 -1.76325
  1.82584
0.0125419
-0.931904
 -1.99323
  1.43553
-0.319832
 -1.76326
  1.82581
0.0128831
-0.931906
 -1.99341
  1.43583
  -0.3199
 -1.76326
  1.82575
0.0132172
-0.931927
 -1.99359
  1.43614
 -0.31997
 -1.76326
  1.82578
0.0135651
-0.932038
 -1.99375
  1.43644
-0.320044
 -1.76326
  1.82579
0.0139196
-0.932123
 -1.99393
  1.43669
-0.320114
 -1.76326
  1.82572
0.0142732
-0.932125
 -1.99415
  1.43693
-0.320179
 -1.76326
  1.82565
0.0146278
-0.932099
 -1.99437
  1.43717
-0.320236
 -1.76326
  1.82555
0.0149781
-0.932084
 -1.99461
  1.43746
-0.320293
 -1.76326
  1.82557
0.0153268
-0.932239
 -1.99484
  1.43778
-0.320356
 -1.76326
  1.82554
  0.01567
-0.932369
 -1.99508
   1.4381
-0.320423
 -1.76323
  1.82538
0.0160378
-0.932347
 -1.99532
   1.4384
-0.320491
 -1.76319
  1.82526
0.0164218
-0.932394
 -1.99555
  1.43866
-0.320561
 -1.76323
  1.82522
 0.016749
-0.932548
 -1.99576
   1.4389
-0.320628
 -1.76325
  1.82515
0.0170913
-0.932712
 -1.99597
  1.43915
-0.320693
 -1.76321
  1.82503
 0.017462
 -0.93279
 -1.99617
  1.43948
-0.320754
 -1.76322
  1.82492
0.0178246
-0.932889
 -1.99635
  1.43984
-0.320811
 -1.76322
  1.82479
 0.018187
-0.932922
 -1.99654
  1.44023
 -0.32086
 -1.76322
  1.82482
0.0185736
-0.933134
 -1.99671
  1.44059
-0.320904
 -1.76321
   1.8248
0.0189528
-0.933294
 -1.99689
  1.44088
-0.320945
 -1.76321
  1.82466
0.0193179
-0.933358
 -1.99708
  1.44117
 -0.32099
 -1.76321
  1.82456
0.0196819
-0.933495
 -1.99728
  1.44147
 -0.32104
  -1.7632
  1.82458
0.0200675
-0.933706
 -1.99747
  1.44177
-0.321094
 -1.76315
  1.82456
0.0204963
-0.933865
 -1.99767
  1.44214
-0.321153
 -1.76305
  1.82444
0.0209358
-0.933865
  -1.9979
  1.44252
-0.321227
 -1.76307
  1.82437
0.0213074
-0.933898
 -1.99813
  1.44283
-0.321318
 -1.76308
  1.82443
0.0217104
-0.934021
 -1.99836
   1.4431
-0.321418
 -1.76304
  1.82445
0.0221872
-0.934084
 -1.99859
  1.44342
-0.321513
 -1.76303
  1.82443
0.0226444
-0.934102
 -1.99882
  1.44376
 -0.32161
 -1.76302
   1.8244
0.0230996
-0.934099
 -1.99907
  1.44413
-0.321709
 -1.76301
  1.82436
0.0235603
-0.934125
  -1.9993
  1.44448
-0.321821
   -1.763
   1.8244
0.0240187
-0.934285
 -1.99954
  1.44478
-0.321929
 -1.76299
  1.82439
0.0244666
-0.934473
 -1.99978
  1.44511
-0.322029
 -1.76297
   1.8243
0.0249008
-0.934542
 -2.00002
  1.44548
-0.322124
 -1.76295
  1.82427
0.0253382
-0.934694
 -2.00025
  1.44588
-0.322228
 -1.76294
   1.8243
0.0257712
-0.934903
 -2.00048
  1.44626
-0.322327
 -1.76289
  1.82428
0.0262121
-0.935052
 -2.00073
  1.44664
-0.322412
 -1.76283
  1.82418
0.0266355
-0.935087
 -2.00099
  1.44701
-0.322484
 -1.76285
  1.82411
0.0270263
-0.935142
 -2.00126
  1.44739
-0.322562
 -1.76286
  1.82415
0.0274571
-0.935291
 -2.00153
  1.44776
-0.322643
 -1.76282
  1.82414
0.0279148
-0.935367
 -2.00182
  1.44812
-0.322719
 -1.76282
  1.82404
0.0283362
-0.935377
 -2.00208
  1.44852
-0.322793
  -1.7628
  1.82395
0.0287621
-0.935406
 -2.00235
   1.4489
-0.322859
 -1.76279
  1.82394
0.0292009
-0.935519
 -2.00262
  1.44926
-0.322925
 -1.76279
  1.82392
 0.029653
-0.935586
 -2.00288
  1.44968
-0.322992
 -1.76277
  1.82377
0.0301076
-0.935555
 -2.00313
  1.45013
-0.323058
 -1.76275
  1.82365
0.0305583
-0.935591
 -2.00338
  1.45051
-0.323118
 -1.76274
  1.82361
0.0310365
-0.935719
 -2.00363
   1.4508
-0.323177
 -1.76269
  1.82352
  0.03155
-0.935862
 -2.00389
  1.45112
-0.323246
 -1.76263
  1.82339
0.0320765
-0.935942
 -2.00414
   1.4515
-0.323343
 -1.76265
  1.82327
0.0325397
-0.935998
 -2.00439
  1.45191
-0.323471
 -1.76265
  1.82315
0.0330251
-0.936048
 -2.00467
  1.45227
-0.323603
 -1.76261
  1.82316
0.0335749
-0.936231
 -2.00495
   1.4526
-0.323741
 -1.76261
  1.82315
 0.034115
-0.936401
 -2.00522
  1.45295
-0.323879
  -1.7626
  1.82302
0.0346351
-0.936438
 -2.00551
   1.4534
-0.324013
 -1.76259
  1.82292
0.0351553
-0.936499
 -2.00579
  1.45386
 -0.32415
 -1.76259
  1.82297
0.0356888
-0.936729
 -2.00605
  1.45426
-0.324266
 -1.76256
  1.82298
0.0362238
-0.936896
 -2.00631
  1.45464
-0.324352
 -1.76254
  1.82288
0.0367198
-0.936945
 -2.00658
  1.45505
-0.324437
 -1.76252
  1.82282
0.0372075
-0.937049
 -2.00686
  1.45547
-0.324518
  -1.7625
  1.82288
0.0377104
-0.937268
 -2.00714
  1.45589
-0.324595
 -1.76244
  1.82291
0.0382333
-0.937456
  -2.0074
  1.45631
-0.324666
 -1.76236
  1.82291
0.0387501
-0.937613
 -2.00766
   1.4567
-0.324742
 -1.76238
  1.82288
0.0391664
-0.937731
 -2.00794
   1.4571
-0.324817
 -1.76235
  1.82289
0.0396141
-0.937878
 -2.00822
  1.45754
-0.324896
 -1.76229
  1.82296
0.0401077
-0.938112
 -2.00852
  1.45799
-0.324986
 -1.76226
  1.82297
0.0405781
-0.938301
 -2.00882
  1.45839
-0.325074
 -1.76222
  1.82294
0.0410457
-0.938411
 -2.00914
  1.45876
-0.325155
 -1.76219
  1.82291
0.0415338
-0.938482
 -2.00944
  1.45917
-0.325232
 -1.76216
  1.82286
0.0420489
-0.938539
 -2.00975
  1.45961
-0.325321
 -1.76214
  1.82295
0.0425814
-0.938771
 -2.01002
  1.46006
-0.325438
 -1.76213
  1.82297
 0.043118
-0.938938
 -2.01031
  1.46045
-0.325577
 -1.76212
  1.82287
0.0436512
-0.938949
 -2.01062
  1.46086
-0.325727
 -1.76212
  1.82279
0.0442033
-0.938987
 -2.01092
  1.46127
-0.325876
 -1.76212
  1.82283
0.0447816
-0.939156
 -2.01123
  1.46168
-0.326019
 -1.76208
  1.82281
0.0453723
-0.939266
 -2.01153
  1.46213
-0.326167
 -1.76201
  1.82272
0.0459608
-0.939289
 -2.01184
  1.46257
 -0.32631
 -1.76204
  1.82262
0.0464905
-0.939293
 -2.01215
    1.463
-0.326426
 -1.76205
  1.82249
0.0470554
-0.939279
 -2.01246
  1.46345
-0.326519
 -1.76204
  1.82251
0.0476697
-0.939381
 -2.01275
   1.4639
-0.326599
 -1.76205
  1.82247
0.0482447
-0.939416
 -2.01307
  1.46434
-0.326677
 -1.76205
  1.82239
0.0488073
-0.939417
  -2.0134
  1.46478
-0.326753
 -1.76204
  1.82229
0.0493865
-0.939391
 -2.01371
  1.46523
-0.326827
 -1.76205
  1.82216
0.0499711
-0.939403
 -2.01403
   1.4657
-0.326908
 -1.76205
  1.82212
0.0505391
-0.939589
 -2.01433
  1.46615
-0.326998
 -1.76205
  1.82202
0.0510849
-0.939764
 -2.01464
  1.46659
-0.327094
 -1.76205
  1.82189
 0.051638
-0.939878
 -2.01494
  1.46704
-0.327191
 -1.76205
  1.82179
0.0521859
-0.940012
 -2.01525
   1.4675
-0.327318
 -1.76205
  1.82167
0.0527247
-0.940071
 -2.01557
  1.46795
-0.327453
 -1.76205
  1.82154
0.0532675
 -0.94013
 -2.01587
   1.4684
 -0.32758
 -1.76201
  1.82154
0.0538478
 -0.94036
 -2.01619
  1.46883
-0.327719
 -1.76201
  1.82152
0.0544007
-0.940552
 -2.01651
  1.46932
-0.327863
 -1.76205
  1.82143
0.0548921
-0.940608
 -2.01682
  1.46983
-0.328012
 -1.76202
  1.82142
0.0554481
-0.940728
 -2.01713
   1.4703
-0.328164
 -1.76201
  1.82134
0.0560234
-0.940757
 -2.01746
  1.47075
-0.328312
   -1.762
  1.82127
0.0565743
-0.940817
 -2.01776
  1.47123
-0.328454
 -1.76199
  1.82132
0.0571192
-0.941031
 -2.01808
  1.47171
-0.328571
 -1.76199
  1.82135
0.0576764
-0.941235
 -2.01842
  1.47216
-0.328666
 -1.76198
   1.8213
0.0582408
-0.941326
 -2.01873
  1.47262
-0.328755
 -1.76198
  1.82132
0.0587993
-0.941479
 -2.01905
   1.4731
-0.328842
 -1.76197
  1.82126
  0.05937
-0.941552
 -2.01937
   1.4736
-0.328932
 -1.76196
  1.82124
0.0599514
 -0.94172
  -2.0197
  1.47405
-0.329023
 -1.76195
   1.8213
0.0605227
-0.941998
 -2.02004
  1.47445
 -0.32912
 -1.76195
  1.82131
0.0610912
-0.942181
 -2.02035
  1.47488
-0.329225
 -1.76195
  1.82131
0.0616599
-0.942252
 -2.02066
  1.47535
-0.329342
 -1.76194
  1.82134
0.0622428
-0.942337
 -2.02099
  1.47581
-0.329459
 -1.76194
  1.82136
0.0628156
  -0.9424
 -2.02133
  1.47622
-0.329577
 -1.76194
  1.82134
0.0633869
-0.942451
 -2.02164
  1.47664
-0.329696
 -1.76194
  1.82135
0.0639659
-0.942529
 -2.02195
   1.4771
-0.329809
  -1.7619
  1.82141
0.0645801
-0.942701
 -2.02227
  1.47758
-0.329931
 -1.76187
  1.82145
0.0651865
 -0.94282
 -2.02261
  1.47804
-0.330066
  -1.7619
  1.82141
0.0657144
-0.942818
 -2.02292
  1.47849
-0.330202
 -1.76187
  1.82142
0.0662894
-0.942855
 -2.02324
  1.47896
-0.330334
 -1.76184
  1.82142
0.0669126
 -0.94289
 -2.02357
  1.47948
-0.330461
 -1.76183
  1.82142
 0.067498
-0.942932
 -2.02391
  1.48001
-0.330582
 -1.76181
  1.82142
0.0680712
-0.943019
 -2.02422
  1.48045
-0.330693
  -1.7618
  1.82135
0.0686525
 -0.94304
 -2.02453
   1.4809
-0.330793
 -1.76179
  1.82126
0.0692446
-0.943098
 -2.02485
   1.4814
  -0.3309
 -1.76178
  1.82129
 0.069822
-0.943304
 -2.02517
  1.48189
-0.331016
 -1.76177
  1.82127
0.0703922
-0.943501
 -2.02547
  1.48234
-0.331154
 -1.76176
  1.82117
0.0709771
-0.943554
 -2.02581
  1.48281
-0.331312
 -1.76176
  1.82114
0.0715647
-0.943688
 -2.02615
  1.48331
-0.331476
 -1.76175
   1.8211
0.0721478
-0.943778
 -2.02648
  1.48379
-0.331655
 -1.76174
  1.82106
0.0727331
-0.943882
 -2.02682
  1.48423
-0.331819
 -1.76173
  1.82103
0.0733291
-0.944019
 -2.02717
  1.48469
-0.331972
 -1.76173
    1.821
 0.073924
 -0.94413
 -2.02749
  1.48517
-0.332133
 -1.76172
  1.82097
0.0745081
-0.944258
 -2.02779
  1.48566
-0.332271
 -1.76171
  1.82091
0.0751018
-0.944325
 -2.02812
  1.48615
-0.332391
 -1.76171
  1.82086
0.0756955
-0.944405
 -2.02844
  1.48663
-0.332489
 -1.76171
  1.82089
0.0762795
-0.944613
 -2.02874
  1.48709
-0.332573
 -1.76171
  1.82087
0.0768606
 -0.94479
 -2.02907
  1.48756
-0.332661
 -1.76171
  1.82083
0.0774436
-0.944923
 -2.02944
  1.48805
-0.332746
 -1.76171
  1.82081
0.0780273
-0.945086
 -2.02979
  1.48855
-0.332835
  -1.7617
  1.82079
0.0786054
-0.945221
 -2.03016
  1.48904
-0.332924
 -1.76167
  1.82078
0.0792133
-0.945346
 -2.03053
  1.48955
-0.333027
 -1.76163
  1.82077
0.0798399
-0.945445
 -2.03086
  1.49003
-0.333157
 -1.76166
  1.82077
0.0803634
-0.945529
 -2.03119
  1.49048
-0.333304
 -1.76166
  1.82077
0.0808932
-0.945625
 -2.03153
  1.49095
-0.333462
 -1.76163
  1.82077
0.0815019
-0.945703
 -2.03185
  1.49143
 -0.33364
 -1.76163
  1.82077
0.0820858
-0.945779
 -2.03217
  1.49187
-0.333815
 -1.76162
  1.82077
 0.082662
-0.945872
 -2.03251
  1.49228
-0.333986
 -1.76163
  1.82077
0.0832433
 -0.94595
 -2.03287
  1.49275
-0.334142
 -1.76162
  1.82076
 0.083833
-0.946022
 -2.03321
  1.49324
-0.334299
 -1.76162
  1.82075
0.0844139
-0.946086
 -2.03356
  1.49369
-0.334438
 -1.76162
  1.82075
0.0849874
-0.946179
 -2.03391
  1.49411
-0.334542
 -1.76162
  1.82073
0.0855688
-0.946242
 -2.03424
  1.49455
-0.334636
 -1.76162
  1.82072
 0.086151
-0.946326
 -2.03454
  1.49504
-0.334726
 -1.76162
   1.8207
 0.086731
-0.946388
 -2.03485
  1.49552
-0.334826
 -1.76163
  1.82069
0.0873001
-0.946483
 -2.03517
  1.49594
-0.334925
 -1.76163
  1.82066
0.0878649
-0.946556
 -2.03547
  1.49636
-0.335022
 -1.76163
  1.82065
0.0884397
-0.946653
 -2.03579
  1.49682
-0.335119
 -1.76164
  1.82063
0.0890046
-0.946725
 -2.03612
  1.49731
-0.335222
 -1.76164
  1.82062
0.0895646
-0.946803
 -2.03644
  1.49775
-0.335339
 -1.76164
  1.82062
0.0901299
-0.946879
 -2.03677
  1.49817
-0.335488
 -1.76164
   1.8206
0.0907054
-0.946922
  -2.0371
  1.49863
-0.335653
 -1.76164
   1.8206
0.0912786
-0.946992
 -2.03744
  1.49913
-0.335825
 -1.76164
  1.82059
0.0918436
-0.947043
 -2.03775
   1.4996
-0.336001
 -1.76164
  1.82059
0.0924148
-0.947105
 -2.03806
  1.50004
-0.336165
 -1.76164
  1.82058
0.0929986
-0.947159
 -2.03838
  1.50049
-0.336313
 -1.76165
  1.82057
0.0935622
-0.947216
 -2.03871
  1.50096
-0.336456
 -1.76165
  1.82056
0.0941216
-0.947272
 -2.03902
  1.50144
 -0.33659
 -1.76165
  1.82054
0.0946838
-0.947329
 -2.03933
  1.50189
-0.336706
 -1.76165
  1.82054
0.0952477
-0.947397
 -2.03964
  1.50231
-0.336816
 -1.76166
  1.82052
0.0957989
-0.947454
 -2.03997
  1.50276
-0.336919
 -1.76167
  1.82051
0.0963454
-0.947521
 -2.04031
  1.50322
-0.337021
 -1.76168
  1.82051
0.0968985
  -0.9476
 -2.04062
  1.50367
 -0.33713
 -1.76168
  1.82051
0.0974541
-0.947673
 -2.04093
  1.50409
-0.337239
 -1.76169
   1.8205
0.0979973
-0.947741
 -2.04123
  1.50452
-0.337351
 -1.76171
   1.8205
0.0985493
 -0.94783
 -2.04155
  1.50498
-0.337471
 -1.76177
  1.82049
 0.099102
-0.947896
 -2.04188
  1.50544
-0.337604
 -1.76185
  1.82049
0.0996568
-0.947993
 -2.04219
  1.50588
-0.337731
 -1.76193
  1.82048
 0.100218
-0.948058
  -2.0425
  1.50631
-0.337864
 -1.76203
  1.82049
 0.100775
-0.948144
  -2.0428
  1.50677
-0.338014
 -1.76212
  1.82049
  0.10133
-0.948226
 -2.04312
  1.50722
-0.338164
 -1.76222
  1.82048
 0.101878
-0.948288
 -2.04343
  1.50765
-0.338304
 -1.76232
  1.82049
  0.10242
-0.948373
 -2.04375
   1.5081
-0.338421
 -1.76243
  1.82049
 0.102954
-0.948442
 -2.04407
  1.50856
-0.338526
 -1.76253
   1.8205
 0.103491
-0.948531
  -2.0444
  1.50903
-0.338633
 -1.76263
   1.8205
 0.104025
-0.948615
 -2.04472
  1.50948
-0.338744
 -1.76273
  1.82051
 0.104554
  -0.9487
 -2.04503
   1.5099
-0.338856
 -1.76282
  1.82051
 0.105076
 -0.94878
 -2.04534
  1.51035
-0.338969
  -1.7629
  1.82057
   0.1056
-0.948908
 -2.04565
  1.51083
-0.339082
 -1.76297
  1.82066
  0.10613
-0.949036
 -2.04595
  1.51126
-0.339196
 -1.76304
  1.82062
 0.106642
-0.948995
 -2.04626
  1.51167
-0.339318
  -1.7631
  1.82062
 0.107149
-0.949012
 -2.04656
  1.51209
-0.339442
 -1.76315
  1.82069
 0.107665
-0.949104
 -2.04686
  1.51254
-0.339566
 -1.76319
  1.82072
  0.10819
-0.949174
 -2.04717
  1.51299
-0.339694
 -1.76322
  1.82074
 0.108698
-0.949251
 -2.04747
  1.51338
-0.339826
 -1.76325
  1.82077
 0.109198
-0.949347
 -2.04777
  1.51372
-0.339958
 -1.76327
  1.82078
 0.109708
-0.949403
 -2.04808
  1.51407
-0.340093
 -1.76328
   1.8208
 0.110228
-0.949482
 -2.04839
   1.5145
-0.340235
 -1.76328
   1.8208
 0.110745
 -0.94954
  -2.0487
  1.51494
-0.340369
 -1.76329
  1.82081
 0.111244
-0.949608
 -2.04901
  1.51533
-0.340491
 -1.76329
  1.82087
 0.111741
-0.949734
 -2.04932
  1.51566
-0.340592
 -1.76329
  1.82094
 0.112245
-0.949833
 -2.04962
  1.51604
-0.340698
  -1.7633
   1.8209
 0.112752
-0.949782
 -2.04991
  1.51649
-0.340805
  -1.7633
  1.82088
 0.113242
-0.949776
 -2.05016
  1.51693
-0.340916
  -1.7633
  1.82095
 0.113724
-0.949858
 -2.05042
  1.51732
-0.341033
  -1.7633
  1.82095
 0.114208
-0.949902
 -2.05069
  1.51769
-0.341155
  -1.7633
  1.82095
 0.114695
-0.949971
 -2.05096
   1.5181
-0.341276
 -1.76331
  1.82096
 0.115168
-0.950031
 -2.05123
  1.51853
-0.341399
 -1.76332
  1.82096
 0.115632
-0.950082
 -2.05151
  1.51898
-0.341529
 -1.76333
  1.82096
 0.116091
-0.950127
 -2.05177
  1.51937
-0.341652
 -1.76334
  1.82101
 0.116556
-0.950234
 -2.05202
   1.5197
 -0.34178
 -1.76336
  1.82108
 0.117021
-0.950324
 -2.05228
  1.52007
-0.341908
 -1.76338
  1.82102
 0.117482
-0.950243
 -2.05256
   1.5205
-0.342035
  -1.7634
  1.82101
 0.117933
-0.950249
 -2.05281
  1.52093
-0.342154
 -1.76341
  1.82105
 0.118394
-0.950301
 -2.05306
  1.52132
 -0.34228
 -1.76344
  1.82105
 0.118853
-0.950336
 -2.05333
  1.52168
-0.342398
 -1.76346
  1.82105
 0.119304
-0.950404
 -2.05359
  1.52204
-0.342511
 -1.76348
  1.82105
 0.119751
-0.950442
 -2.05385
  1.52243
-0.342617
  -1.7635
  1.82106
 0.120195
  -0.9505
 -2.05412
  1.52283
-0.342713
 -1.76352
  1.82111
 0.120646
-0.950622
 -2.05438
  1.52318
  -0.3428
-1.76352
 1.82118
0.121114
-0.95073
-2.05465
 1.52349
-0.34289
 -1.76352
  1.82113
 0.121593
-0.950695
 -2.05493
  1.52381
-0.342988
 -1.76352
  1.82112
 0.122061
-0.950717
  -2.0552
  1.52413
-0.343096
 -1.76351
  1.82119
 0.122551
-0.950824
 -2.05545
  1.52447
-0.343209
 -1.76351
   1.8212
 0.123049
-0.950913
  -2.0557
  1.52483
-0.343329
 -1.76348
  1.82121
 0.123549
-0.951024
 -2.05594
   1.5252
-0.343454
 -1.76345
  1.82124
 0.124046
-0.951175
 -2.05618
  1.52554
-0.343577
  -1.7634
  1.82131
 0.124542
-0.951343
 -2.05642
  1.52585
-0.343704
 -1.76334
  1.82143
 0.125034
-0.951535
 -2.05666
   1.5262
-0.343819
 -1.76325
   1.8214
 0.125555
-0.951548
 -2.05691
  1.52657
-0.343909
 -1.76315
  1.82143
  0.12607
-0.951647
 -2.05716
  1.52692
   -0.344
 -1.76303
  1.82153
  0.12658
-0.951814
 -2.05741
  1.52724
-0.344087
  -1.7629
  1.82159
   0.1271
-0.951984
 -2.05767
  1.52758
-0.344176
 -1.76274
  1.82164
 0.127627
-0.952155
 -2.05793
  1.52794
-0.344258
 -1.76257
  1.82171
 0.128156
-0.952352
 -2.05818
  1.52833
-0.344334
  -1.7624
  1.82185
  0.12867
-0.952598
 -2.05841
  1.52868
-0.344411
 -1.76221
  1.82193
  0.12918
-0.952749
 -2.05866
  1.52901
-0.344492
-1.76204
 1.82195
0.129677
-0.95279
-2.05891
 1.52935
-0.34458
 -1.76186
  1.82204
  0.13018
-0.952908
 -2.05912
  1.52971
-0.344665
 -1.76171
  1.82215
 0.130657
-0.953053
 -2.05935
  1.53005
-0.344744
 -1.76157
  1.82222
 0.131107
-0.953176
 -2.05959
  1.53037
-0.344824
 -1.76141
  1.82229
 0.131558
 -0.95332
 -2.05979
  1.53065
-0.344896
 -1.76126
  1.82234
 0.132016
-0.953457
 -2.05999
  1.53089
-0.344972
 -1.76112
  1.82245
 0.132463
-0.953628
 -2.06022
  1.53112
-0.345062
   -1.761
  1.82259
 0.132877
-0.953797
 -2.06046
  1.53136
-0.345175
 -1.76088
   1.8226
 0.133284
-0.953798
  -2.0607
  1.53164
-0.345303
 -1.76077
  1.82262
 0.133696
-0.953833
 -2.06094
  1.53195
-0.345436
 -1.76067
  1.82272
 0.134109
-0.953946
 -2.06117
  1.53226
 -0.34556
 -1.76058
  1.82278
 0.134506
 -0.95403
 -2.06141
  1.53256
-0.345683
 -1.76051
  1.82281
 0.134873
-0.954103
 -2.06163
  1.53284
-0.345807
 -1.76044
  1.82285
 0.135228
-0.954192
 -2.06186
  1.53308
-0.345919
 -1.76039
  1.82293
 0.135569
-0.954285
 -2.06206
  1.53334
-0.346014
 -1.76035
  1.82305
 0.135918
-0.954395
 -2.06224
  1.53362
-0.346079
 -1.76031
  1.82302
 0.136272
-0.954338
 -2.06242
  1.53395
-0.346136
 -1.76029
  1.82302
 0.136614
 -0.95431
 -2.06259
   1.5343
-0.346192
 -1.76027
  1.82309
 0.136944
-0.954379
 -2.06276
  1.53461
-0.346243
 -1.76026
   1.8231
 0.137253
-0.954393
 -2.06294
  1.53488
-0.346297
 -1.76026
   1.8231
 0.137555
-0.954433
  -2.0631
  1.53513
-0.346352
 -1.76026
   1.8231
 0.137868
-0.954465
 -2.06328
  1.53538
-0.346401
 -1.76026
  1.82314
 0.138173
-0.954533
 -2.06345
  1.53564
 -0.34645
 -1.76027
  1.82321
 0.138477
-0.954606
 -2.06364
  1.53593
-0.346509
 -1.76028
  1.82314
 0.138774
 -0.95451
 -2.06384
  1.53626
-0.346592
  -1.7603
  1.82312
 0.139055
-0.954495
 -2.06403
  1.53652
-0.346691
  -1.7603
  1.82316
 0.139335
-0.954528
 -2.06422
   1.5367
-0.346793
 -1.76032
  1.82314
 0.139609
-0.954526
 -2.06443
  1.53688
-0.346892
 -1.76033
  1.82314
 0.139887
-0.954553
 -2.06463
  1.53707
-0.346996
 -1.76035
  1.82313
 0.140168
-0.954558
 -2.06482
  1.53725
-0.347084
 -1.76038
  1.82316
 0.140451
-0.954588
 -2.06499
  1.53743
-0.347171
  -1.7604
   1.8232
  0.14074
-0.954636
 -2.06518
  1.53763
-0.347258
 -1.76043
  1.82312
 0.141011
-0.954546
 -2.06537
   1.5379
-0.347356
 -1.76045
  1.82308
 0.141284
-0.954493
 -2.06553
   1.5382
 -0.34745
 -1.76048
  1.82312
 0.141546
-0.954547
 -2.06571
  1.53847
-0.347543
 -1.76051
  1.82311
 0.141796
-0.954552
 -2.06588
  1.53871
-0.347619
 -1.76054
  1.82309
 0.142046
 -0.95455
 -2.06602
  1.53892
-0.347683
 -1.76056
  1.82309
 0.142299
-0.954562
 -2.06616
  1.53911
-0.347732
  -1.7606
  1.82308
 0.142551
-0.954546
 -2.06631
  1.53929
-0.347772
 -1.76064
  1.82311
 0.142793
-0.954596
 -2.06645
  1.53948
-0.347813
 -1.76067
  1.82315
 0.143031
-0.954637
  -2.0666
  1.53969
-0.347856
 -1.76071
  1.82307
 0.143262
-0.954537
 -2.06674
  1.53993
-0.347905
 -1.76074
  1.82304
 0.143488
-0.954512
 -2.06687
  1.54017
-0.347953
 -1.76076
  1.82304
  0.14371
-0.954554
 -2.06701
  1.54036
-0.347997
  -1.7608
  1.82302
 0.143921
-0.954576
 -2.06716
  1.54053
-0.348041
 -1.76083
  1.82299
 0.144135
-0.954608
 -2.06732
   1.5407
-0.348083
 -1.76086
  1.82298
 0.144338
-0.954648
 -2.06748
  1.54084
-0.348123
 -1.76089
  1.82295
 0.144551
-0.954637
 -2.06762
  1.54094
-0.348164
 -1.76091
  1.82293
 0.144763
-0.954651
 -2.06772
  1.54105
-0.348202
 -1.76094
  1.82294
 0.144967
-0.954689
 -2.06783
  1.54118
-0.348237
 -1.76096
  1.82294
 0.145172
-0.954761
 -2.06795
  1.54134
 -0.34827
 -1.76099
  1.82284
 0.145366
-0.954659
 -2.06806
  1.54152
-0.348315
   -1.761
  1.82281
 0.145564
-0.954643
 -2.06815
  1.54171
-0.348371
 -1.76102
  1.82286
 0.145748
 -0.95468
 -2.06824
   1.5419
-0.348433
 -1.76104
  1.82285
 0.145927
-0.954654
 -2.06834
  1.54213
-0.348501
 -1.76105
  1.82287
   0.1461
-0.954655
 -2.06842
  1.54234
-0.348564
 -1.76107
  1.82288
 0.146266
-0.954648
 -2.06852
  1.54249
-0.348619
 -1.76108
   1.8229
 0.146433
-0.954641
 -2.06862
  1.54264
-0.348673
  -1.7611
  1.82292
 0.146602
 -0.95464
 -2.06872
  1.54277
-0.348725
 -1.76111
  1.82294
 0.146764
-0.954642
 -2.06881
  1.54285
-0.348778
 -1.76113
  1.82301
 0.146916
-0.954675
  -2.0689
  1.54292
 -0.34883
 -1.76114
  1.82313
 0.147079
-0.954686
 -2.06898
    1.543
-0.348887
 -1.76116
  1.82311
 0.147242
 -0.95459
 -2.06907
  1.54309
-0.348945
 -1.76116
  1.82314
 0.147396
-0.954564
 -2.06916
  1.54316
   -0.349
 -1.76117
  1.82323
 0.147541
-0.954634
 -2.06924
  1.54324
-0.349056
 -1.76119
  1.82326
 0.147676
-0.954692
 -2.06933
  1.54337
-0.349111
 -1.76121
   1.8233
 0.147801
-0.954744
  -2.0694
  1.54356
 -0.34916
 -1.76121
  1.82334
 0.147925
-0.954794
 -2.06946
  1.54372
-0.349198
 -1.76122
  1.82337
  0.14804
-0.954826
 -2.06955
  1.54387
-0.349221
 -1.76124
   1.8234
 0.148149
 -0.95488
 -2.06963
  1.54403
-0.349234
 -1.76125
  1.82342
 0.148258
-0.954918
 -2.06971
  1.54419
-0.349248
 -1.76125
  1.82345
 0.148371
-0.954961
 -2.06977
  1.54429
-0.349261
 -1.76126
  1.82346
  0.14848
-0.954999
 -2.06986
  1.54432
-0.349273
 -1.76128
  1.82349
 0.148579
-0.955045
 -2.06993
  1.54435
-0.349287
 -1.76128
  1.82349
 0.148682
-0.955056
 -2.06999
   1.5444
-0.349302
  -1.7613
   1.8235
 0.148772
-0.955093
 -2.07006
  1.54445
-0.349318
 -1.76131
  1.82351
 0.148867
-0.955107
 -2.07012
   1.5445
-0.349335
 -1.76132
  1.82352
 0.148954
-0.955124
 -2.07018
  1.54455
-0.349351
 -1.76133
  1.82358
 0.149034
-0.955173
 -2.07024
   1.5446
-0.349368
 -1.76135
  1.82368
 0.149109
-0.955249
 -2.07031
  1.54466
-0.349387
 -1.76136
  1.82364
 0.149188
-0.955144
 -2.07037
  1.54472
-0.349408
 -1.76137
  1.82364
 0.149262
-0.955107
 -2.07041
  1.54477
-0.349427
 -1.76138
  1.82368
 0.149326
-0.955142
 -2.07043
   1.5448
-0.349446
 -1.76138
  1.82368
 0.149391
 -0.95514
 -2.07044
  1.54483
-0.349466
 -1.76139
  1.82368
 0.149432
-0.955192
 -2.07046
  1.54488
-0.349485
  -1.7614
  1.82368
 0.149468
  -0.9552
 -2.07047
  1.54491
-0.349505
  -1.7614
  1.82369
  0.14951
-0.955208
 -2.07048
  1.54493
-0.349528
 -1.76142
  1.82369
 0.149534
-0.955188
  -2.0705
  1.54495
-0.349549
 -1.76142
   1.8237
 0.149564
-0.955201
 -2.07053
  1.54499
-0.349569
 -1.76143
  1.82369
 0.149586
-0.955174
 -2.07054
  1.54501
-0.349586
 -1.76144
   1.8237
 0.149606
-0.955171
 -2.07055
  1.54502
-0.349606
 -1.76145
  1.82369
 0.149623
-0.955162
 -2.07056
  1.54503
-0.349623
 -1.76146
  1.82369
 0.149631
-0.955152
 -2.07057
  1.54506
-0.349638
 -1.76146
   1.8237
 0.149641
-0.955153
 -2.07058
   1.5451
 -0.34965
 -1.76147
  1.82369
 0.149644
-0.955135
 -2.07058
  1.54513
-0.349649
 -1.76148
  1.82369
 0.149643
-0.955135
 -2.07059
  1.54515
-0.349646
 -1.76148
  1.82369
 0.149645
 -0.95513
  -2.0706
  1.54516
-0.349641
 -1.76149
  1.82369
 0.149645
-0.955128
  -2.0706
  1.54518
-0.349636
 -1.76149
  1.82369
 0.149644
-0.955125
 -2.07059
   1.5452
-0.349634
  -1.7615
  1.82369
 0.149645
 -0.95512
 -2.07059
  1.54522
-0.349634
 -1.76151
  1.82369
 0.149645
-0.955112
 -2.07059
  1.54523
-0.349633
 -1.76151
  1.82369
 0.149645
-0.955103
 -2.07059
  1.54525
-0.349633
 -1.76152
  1.82369
 0.149645
-0.955095
 -2.07059
  1.54526
-0.349633
 -1.76152
  1.82368
 0.149645
-0.955088
 -2.07059
  1.54527
-0.349632
 -1.76153
  1.82368
 0.149645
 -0.95508
 -2.07059
  1.54529
-0.349632
 -1.76153
  1.82367
 0.149645
-0.955074
 -2.07059
   1.5453
-0.349632
 -1.76153
  1.82367
 0.149645
-0.955068
 -2.07059
   1.5453
-0.349632
 -1.76153
  1.82366
 0.149645
-0.955064
 -2.07059
   1.5453
-0.349632
 -1.76154
  1.82366
 0.149645
-0.955058
 -2.07059
  1.54529
-0.349632
 -1.76154
  1.82366
 0.149646
-0.955053
 -2.07059
  1.54529
-0.349632
 -1.76154
  1.82366
 0.149645
-0.955049
 -2.07059
  1.54529
-0.349632
 -1.76155
  1.82365
 0.149646
-0.955046
 -2.07059
  1.54528
-0.349632
 -1.76155
  1.82365
 0.149646
-0.955044
 -2.07059
  1.54528
-0.349631
 -1.76155
  1.82365
 0.149646
-0.955042
 -2.07059
  1.54528
-0.349631
 -1.76156
  1.82365
 0.149645
-0.955041
 -2.07059
  1.54528
-0.349631
 -1.76156
  1.82365
 0.149646
-0.955039
 -2.07059
  1.54528
-0.349631
 -1.76157
  1.82365
 0.149646
-0.955038
 -2.07059
  1.54528
-0.349631
 -1.76157
  1.82365
 0.149646
-0.955037
 -2.07059
  1.54528
-0.349631
 -1.76157
  1.82365
 0.149646
-0.955036
 -2.07059
  1.54528
-0.349631
 -1.76157
  1.82365
 0.149646
-0.955035
 -2.07059
  1.54528
-0.349631
 -1.76158
  1.82365
 0.149646
-0.955034
 -2.07059
  1.54528
-0.349631
 -1.76158
  1.82365
 0.149646
-0.955032
 -2.07059
  1.54528
-0.349631
 -1.76158
  1.82365
 0.149646
-0.955031
 -2.07059
  1.54528
-0.349631
 -1.76158
  1.82365
 0.149645
 -0.95503
 -2.07059
  1.54528
-0.349631
 -1.76158
  1.82364
 0.149645
-0.955029
 -2.07059
  1.54528
-0.349631
 -1.76158
  1.82364
 0.149645
-0.955028
 -2.07059
  1.54528
-0.349631
 -1.76159
  1.82364
 0.149645
-0.955027
 -2.07059
  1.54528
-0.349631
 -1.76159
  1.82364
 0.149646
-0.955027
 -2.07059
  1.54528
-0.349631
 -1.76159
  1.82364
 0.149645
-0.955026
 -2.07059
  1.54528
-0.349631
 -1.76159
  1.82364
 0.149646
-0.955026
 -2.07059
  1.54528
-0.349631
 -1.76159
  1.82364
 0.149645
-0.955026
 -2.07059
  1.54528
-0.349631
  -1.7616
  1.82364
 0.149646
-0.955025
 -2.07059
  1.54528
-0.349631
  -1.7616
  1.82364
 0.149645
-0.955025
 -2.07059
  1.54528
-0.349631
  -1.7616
  1.82364
 0.149645
-0.955025
 -2.07059
  1.54528
-0.349631
  -1.7616
  1.82364
 0.149645
-0.955024
 -2.07059
  1.54528
 -0.34963
  -1.7616
  1.82364
 0.149646
-0.955024
 -2.07059
  1.54528
 -0.34963
  -1.7616
  1.82364
 0.149646
-0.955023
 -2.07059
  1.54528
 -0.34963
  -1.7616
  1.82364
 0.149646
-0.955023
 -2.07059
  1.54528
 -0.34963
 -1.76161
  1.82364
 0.149646
-0.955022
 -2.07059
  1.54528
 -0.34963
 -1.76161
  1.82364
 0.149646
-0.955022
 -2.07059
  1.54528
 -0.34963
 -1.76161
  1.82364
 0.149646
-0.955022
 -2.07059
  1.54528
-0.349631
 -1.76161
  1.82364
 0.149645
-0.955022
 -2.07059
  1.54528
 -0.34963
 -1.76161
  1.82364
 0.149645
-0.955022
 -2.07059
  1.54528
 -0.34963
 -1.76161
  1.82364
 0.149646
-0.955021
 -2.07059
  1.54528
 -0.34963
 -1.76161
  1.82364
 0.149645
-0.955021
 -2.07059
  1.54528
 -0.34963
 -1.76161
  1.82364
 0.149646
-0.955021
 -2.07059
  1.54528
 -0.34963
 -1.76161
  1.82364
 0.149646
-0.955021
 -2.07059
  1.54528
 -0.34963
 -1.76162
  1.82364
 0.149646
-0.955021
 -2.07059
  1.54528
 -0.34963
-1.76162
 1.82364
0.149645
-0.95502
-2.07059
 1.54528
-0.34963
-1.76162
 1.82364
0.149645
-0.95502
-2.07059
 1.54528
-0.34963
-1.76162
 1.82364
0.149646
-0.95502
-2.07059
 1.54528
-0.34963
-1.76162
 1.82364
0.149646
-0.95502
-2.07059
 1.54528
-0.34963
-1.76162
 1.82364
0.149646
-0.95502
-2.07059
 1.54528
-0.34963
-1.76162
 1.82364
0.149645
-0.95502
-2.07059
 1.54528
-0.34963
-1.76162
 1.82364
0.149645
-0.95502
-2.07059
 1.54528
-0.34963
-1.76162
 1.82364
0.149646
-0.95502
-2.07059
 1.54528
-0.34963
 -1.76162
  1.82364
 0.149646
-0.955019
 -2.07059
  1.54528
 -0.34963
 -1.76162
  1.82364
 0.149646
-0.955019
 -2.07059
  1.54528
 -0.34963
 -1.76162
  1.82364
 0.149646
-0.955019
 -2.07059
  1.54528
 -0.34963
 -1.76163
  1.82364
 0.149646
-0.955019
 -2.07059
  1.54528
 -0.34963
 -1.76163
  1.82364
 0.149646
-0.955019
 -2.07059
  1.54528
 -0.34963
 -1.76163
  1.82364
 0.149646
-0.955018
 -2.07059
  1.54528
 -0.34963
 -1.76163
  1.82364
 0.149645
-0.955018
 -2.07059
  1.54528
 -0.34963
 -1.76163
  1.82364
 0.149646
-0.955018
 -2.07059
  1.54528
 -0.34963
 -1.76163
  1.82364
 0.149646
-0.955018
 -2.07059
  1.54528
 -0.34963
 -1.76163
  1.82364
 0.149646
-0.955018
 -2.07059
  1.54528
 -0.34963
 -1.76163
  1.82364
 0.149646
-0.955018
 -2.07059
  1.54528
 -0.34963
 -1.76163
  1.82364
 0.149646
-0.955018
 -2.07059
  1.54528
 -0.34963
 -1.76163
  1.82364
 0.149646
-0.955018
 -2.07059
  1.54528
 -0.34963
 -1.76163
  1.82364
 0.149646
-0.955018
 -2.07059
  1.54528
 -0.34963
 -1.76163
  1.82364
 0.149646
-0.955017
 -2.07059
  1.54528
 -0.34963
 -1.76163
  1.82364
 0.149646
-0.955017
 -2.07059
  1.54528
 -0.34963
 -1.76163
  1.82364
 0.149646
-0.955017
 -2.07059
  1.54528
 -0.34963
 -1.76163
  1.82364
 0.149646
-0.955017
 -2.07059
  1.54528
 -0.34963
 -1.76163
  1.82364
 0.149646
-0.955017
 -2.07059
  1.54528
 -0.34963
 -1.76163
  1.82364
 0.149645
-0.955016
 -2.07059
  1.54528
 -0.34963
 -1.76163
  1.82364
 0.149646
-0.955016
 -2.07059
  1.54528
 -0.34963
 -1.76163
  1.82364
 0.149645
-0.955016
 -2.07059
  1.54528
 -0.34963
 -1.76163
  1.82364
 0.149645
-0.955016
 -2.07059
  1.54528
 -0.34963
 -1.76163
  1.82364
 0.149645
-0.955016
 -2.07059
  1.54528
 -0.34963
 -1.76163
  1.82364
 0.149646
-0.955016
 -2.07059
  1.54528
 -0.34963
 -1.76164
  1.82364
 0.149646
-0.955016
 -2.07059
  1.54528
 -0.34963
 -1.76164
  1.82364
 0.149646
-0.955016
 -2.07059
  1.54528
 -0.34963
 -1.76164
  1.82364
 0.149646
-0.955016
 -2.07059
  1.54528
 -0.34963
 -1.76164
  1.82364
 0.149645
-0.955016
 -2.07059
  1.54528
 -0.34963
 -1.76164
  1.82364
 0.149646
-0.955015
 -2.07059
  1.54528
 -0.34963
 -1.76164
  1.82364
 0.149646
-0.955015
 -2.07059
  1.54528
 -0.34963
 -1.76164
  1.82364
 0.149646
-0.955015
 -2.07059
  1.54528
 -0.34963
 -1.76164
  1.82364
 0.149646
-0.955015
 -2.07059
  1.54528
 -0.34963
 -1.76164
  1.82364
 0.149646
-0.955015
 -2.07059
  1.54528
 -0.34963
 -1.76164
  1.82364
 0.149645
-0.955015
 -2.07059
  1.54528
 -0.34963
 -1.76164
  1.82364
 0.149646
-0.955015
 -2.07059
  1.54528
 -0.34963
 -1.76164
  1.82364
 0.149645
-0.955015
 -2.07059
  1.54528
 -0.34963
 -1.76164
  1.82364
 0.149646
-0.955015
 -2.07059
  1.54528
 -0.34963
 -1.76164
  1.82364
 0.149645
-0.955015
 -2.07059
  1.54528
 -0.34963
 -1.76164
  1.82364
 0.149646
-0.955015
 -2.07059
  1.54528
 -0.34963
 -1.76164
  1.82364
 0.149646
-0.955015
 -2.07059
  1.54528
 -0.34963
 -1.76164
  1.82364
 0.149646
-0.955014
 -2.07059
  1.54528
 -0.34963
 -1.76164
  1.82364
 0.149646
-0.955014
 -2.07059
  1.54528
 -0.34963
 -1.76164
  1.82364
 0.149646
-0.955014
 -2.07059
  1.54528
 -0.34963
 -1.76164
  1.82364
 0.149646
-0.955014
 -2.07059
  1.54528
 -0.34963
 -1.76164
  1.82364
 0.149646
-0.955014
 -2.07059
  1.54528
 -0.34963
 -1.76164
  1.82364
 0.149646
-0.955014
 -2.07059
  1.54528
 -0.34963
 -1.76164
  1.82364
 0.149646
-0.955014
 -2.07059
  1.54528
 -0.34963
 -1.76164
  1.82364
 0.149645
-0.955014
 -2.07059
  1.54528
 -0.34963
 -1.76164
  1.82364
 0.149646
-0.955014
 -2.07059
  1.54528
 -0.34963
 -1.76164
  1.82364
 0.149646
-0.955014
 -2.07059
  1.54528
 -0.34963
 -1.76164
  1.82364
 0.149645
-0.955013
 -2.07059
  1.54528
 -0.34963
 -1.76164
  1.82364
 0.149645
-0.955013
 -2.07059
  1.54528
 -0.34963
 -1.76164
  1.82364
 0.149645
-0.955013
 -2.07059
  1.54528
 -0.34963
 -1.76164
  1.82364
 0.149646
-0.955013
 -2.07059
  1.54528
 -0.34963
 -1.76164
  1.82364
 0.149645
-0.955013
 -2.07059
  1.54528
 -0.34963
 -1.76164
  1.82364
 0.149645
-0.955013
 -2.07059
  1.54528
 -0.34963
 -1.76164
  1.82364
 0.149646
-0.955013
 -2.07059
  1.54528
 -0.34963
 -1.76164
  1.82364
 0.149645
-0.955013
 -2.07059
  1.54528
 -0.34963
 -1.76164
  1.82364
 0.149645
-0.955013
 -2.07059
  1.54528
 -0.34963
 -1.76164
  1.82364
 0.149645
-0.955013
 -2.07059
  1.54528
 -0.34963
 -1.76164
  1.82364
 0.149645
-0.955013
 -2.07059
  1.54528
 -0.34963
 -1.76164
  1.82364
 0.149645
-0.955013
 -2.07059
  1.54528
 -0.34963
 -1.76164
  1.82364
 0.149645
-0.955013
 -2.07059
  1.54528
 -0.34963
 -1.76164
  1.82364
 0.149645
-0.955013
 -2.07059
  1.54528
 -0.34963
 -1.76164
  1.82364
 0.149645
-0.955013
 -2.07059
  1.54528
 -0.34963
 -1.76164
  1.82364
 0.149646
-0.955012
 -2.07059
  1.54528
 -0.34963
 -1.76164
  1.82364
 0.149646
-0.955012
 -2.07059
  1.54528
 -0.34963
 -1.76164
  1.82364
 0.149646
-0.955012
 -2.07059
  1.54528
 -0.34963
 -1.76164
  1.82364
 0.149645
-0.955012
 -2.07059
  1.54528
 -0.34963
 -1.76164
  1.82364
 0.149645
-0.955012
 -2.07059
  1.54528
 -0.34963
 -1.76164
  1.82364
 0.149645
-0.955012
 -2.07059
  1.54528
 -0.34963
 -1.76164
  1.82364
 0.149645
-0.955012
 -2.07059
  1.54528
 -0.34963
 -1.76165
  1.82364
 0.149645
-0.955012
 -2.07059
  1.54528
 -0.34963
 -1.76165
  1.82364
 0.149646
-0.955012
 -2.07059
  1.54528
 -0.34963
 -1.76165
  1.82364
 0.149646
-0.955012
 -2.07059
  1.54528
 -0.34963
 -1.76165
  1.82364
 0.149645
-0.955012
 -2.07059
  1.54528
 -0.34963
 -1.76165
  1.82364
 0.149645
-0.955012
 -2.07059
  1.54528
 -0.34963
 -1.76165
  1.82364
 0.149645
-0.955012
 -2.07059
  1.54528
 -0.34963
 -1.76165
  1.82364
 0.149646
-0.955012
 -2.07059
  1.54528
 -0.34963
 -1.76165
  1.82364
 0.149646
-0.955012
 -2.07059
  1.54528
 -0.34963
 -1.76165
  1.82364
 0.149645
-0.955012
 -2.07059
  1.54528
 -0.34963
 -1.76165
  1.82364
 0.149645
-0.955012
 -2.07059
  1.54528
 -0.34963
 -1.76165
  1.82364
 0.149645
-0.955012
 -2.07059
  1.54528
 -0.34963
 -1.76165
  1.82364
 0.149646
-0.955012
 -2.07059
  1.54528
 -0.34963
 -1.76165
  1.82364
 0.149646
-0.955012
 -2.07059
  1.54528
 -0.34963
 -1.76165
  1.82364
 0.149646
-0.955011
 -2.07059
  1.54528
 -0.34963
 -1.76165
  1.82364
 0.149646
-0.955011
 -2.07059
  1.54528
 -0.34963
 -1.76165
  1.82364
 0.149645
-0.955011
 -2.07059
  1.54528
 -0.34963
 -1.76165
  1.82364
 0.149645
-0.955011
 -2.07059
  1.54528
 -0.34963
 -1.76165
  1.82364
 0.149645
-0.955011
 -2.07059
  1.54528
 -0.34963
 -1.76165
  1.82364
 0.149645
-0.955011
 -2.07059
  1.54528
 -0.34963
 -1.76165
  1.82364
 0.149646
-0.955011
 -2.07059
  1.54528
 -0.34963
 -1.76165
  1.82364
 0.149645
-0.955011
 -2.07059
  1.54528
 -0.34963
 -1.76165
  1.82364
 0.149646
-0.955011
 -2.07059
  1.54528
 -0.34963
 -1.76165
  1.82364
 0.149645
-0.955011
 -2.07059
  1.54528
 -0.34963
 -1.76165
  1.82364
 0.149645
-0.955011
 -2.07059
  1.54528
 -0.34963
 -1.76165
  1.82364
 0.149645
-0.955011
 -2.07059
  1.54528
 -0.34963
 -1.76165
  1.82364
 0.149645
-0.955011
 -2.07059
  1.54528
 -0.34963
 -1.76165
  1.82364
 0.149646
-0.955011
 -2.07059
  1.54528
 -0.34963
 -1.76165
  1.82364
 0.149646
-0.955011
 -2.07059
  1.54528
 -0.34963
 -1.76165
  1.82364
 0.149646
-0.955011
 -2.07059
  1.54528
 -0.34963
 -1.76165
  1.82364
 0.149645
-0.955011
 -2.07059
  1.54528
 -0.34963
 -1.76165
  1.82364
 0.149646
-0.955011
 -2.07059
  1.54528
 -0.34963
 -1.76165
  1.82364
 0.149645
-0.955011
 -2.07059
  1.54528
 -0.34963
 -1.76165
  1.82364
 0.149645
-0.955011
 -2.07059
  1.54528
 -0.34963
 -1.76165
  1.82364
 0.149645
-0.955011
 -2.07059
  1.54528
 -0.34963
 -1.76165
  1.82364
 0.149645
-0.955011
 -2.07059
  1.54528
 -0.34963
-1.76165
 1.82364
0.149646
-0.95501
-2.07059
 1.54528
-0.34963
-1.76165
 1.82364
0.149645
-0.95501
-2.07059
 1.54528
-0.34963
-1.76165
 1.82364
0.149646
-0.95501
-2.07059
 1.54528
-0.34963
-1.76165
 1.82364
0.149646
-0.95501
-2.07059
 1.54528
-0.34963
-1.76165
 1.82364
0.149646
-0.95501
-2.07059
 1.54528
-0.34963
-1.76165
 1.82364
0.149645
-0.95501
-2.07059
 1.54528
-0.34963
-1.76165
 1.82364
0.149646
-0.95501
-2.07059
 1.54528
-0.34963
-1.76165
 1.82364
0.149646
-0.95501
-2.07059
 1.54528
-0.34963
-1.76165
 1.82364
0.149646
-0.95501
-2.07059
 1.54528
-0.34963
-1.76165
 1.82364
0.149645
-0.95501
-2.07059
 1.54528
-0.34963
-1.76165
 1.82364
0.149646
-0.95501
-2.07059
 1.54528
-0.34963
-1.76165
 1.82364
0.149646
-0.95501
-2.07059
 1.54528
-0.34963
-1.76165
 1.82364
0.149646
-0.95501
-2.07059
 1.54528
-0.34963
-1.76165
 1.82364
0.149645
-0.95501
-2.07059
 1.54528
-0.34963
-1.76165
 1.82364
0.149646
-0.95501
-2.07059
 1.54528
-0.34963
-1.76165
 1.82364
0.149646
-0.95501
-2.07059
 1.54528
-0.34963
-1.76165
 1.82364
0.149646
-0.95501
-2.07059
 1.54528
-0.34963
-1.76165
 1.82364
0.149645
-0.95501
-2.07059
 1.54528
-0.34963
-1.76165
 1.82364
0.149646
-0.95501
-2.07059
 1.54528
-0.34963
-1.76165
 1.82364
0.149646
-0.95501
-2.07059
 1.54528
-0.34963
-1.76165
 1.82364
0.149646
-0.95501
-2.07059
 1.54528
-0.34963
-1.76165
 1.82364
0.149645
-0.95501
-2.07059
 1.54528
-0.34963
-1.76165
 1.82364
0.149646
-0.95501
-2.07059
 1.54528
-0.34963
-1.76165
 1.82364
0.149646
-0.95501
-2.07059
 1.54528
-0.34963
-1.76165
 1.82364
0.149645
-0.95501
-2.07059
 1.54528
-0.34963
-1.76165
 1.82364
0.149645
-0.95501
-2.07059
 1.54528
-0.34963
 -1.76165
  1.82364
 0.149646
-0.955009
 -2.07059
  1.54528
 -0.34963
 -1.76165
  1.82364
 0.149646
-0.955009
 -2.07059
  1.54528
 -0.34963
 -1.76165
  1.82364
 0.149646
-0.955009
 -2.07059
  1.54528
 -0.34963
 -1.76165
  1.82364
 0.149646
-0.955009
 -2.07059
  1.54528
 -0.34963
 -1.76165
  1.82364
 0.149646
-0.955009
 -2.07059
  1.54528
 -0.34963
 -1.76165
  1.82364
 0.149645
-0.955009
 -2.07059
  1.54528
 -0.34963
 -1.76165
  1.82364
 0.149646
-0.955009
 -2.07059
  1.54528
 -0.34963
 -1.76165
  1.82364
 0.149645
-0.955009
 -2.07059
  1.54528
 -0.34963
 -1.76165
  1.82364
 0.149645
-0.955009
 -2.07059
  1.54528
 -0.34963
 -1.76165
  1.82364
 0.149645
-0.955009
 -2.07059
  1.54528
 -0.34963
 -1.76165
  1.82364
 0.149646
-0.955009
 -2.07059
  1.54528
 -0.34963
 -1.76165
  1.82364
 0.149646
-0.955009
 -2.07059
  1.54528
 -0.34963
 -1.76165
  1.82364
 0.149646
-0.955009
 -2.07059
  1.54528
 -0.34963
 -1.76165
  1.82364
 0.149646
-0.955009
 -2.07059
  1.54528
 -0.34963
 -1.76165
  1.82364
 0.149646
-0.955009
 -2.07059
  1.54528
 -0.34963
 -1.76165
  1.82364
 0.149646
-0.955009
 -2.07059
  1.54528
 -0.34963
 -1.76165
  1.82364
 0.149646
-0.955009
 -2.07059
  1.54528
 -0.34963
 -1.76165
  1.82364
 0.149645
-0.955009
 -2.07059
  1.54528
 -0.34963
 -1.76165
  1.82364
 0.149646
-0.955009
 -2.07059
  1.54528
 -0.34963
 -1.76165
  1.82364
 0.149646
-0.955009
 -2.07059
  1.54528
 -0.34963
 -1.76165
  1.82364
 0.149646
-0.955009
 -2.07059
  1.54528
 -0.34963
 -1.76165
  1.82364
 0.149645
-0.955009
 -2.07059
  1.54528
 -0.34963
 -1.76165
  1.82364
 0.149645
-0.955009
 -2.07059
  1.54528
 -0.34963
 -1.76165
  1.82364
 0.149646
-0.955009
 -2.07059
  1.54528
 -0.34963
 -1.76165
  1.82364
 0.149646
-0.955009
 -2.07059
  1.54528
 -0.34963
 -1.76165
  1.82364
 0.149645
-0.955009
 -2.07059
  1.54528
 -0.34963
 -1.76165
  1.82364
 0.149645
-0.955009
 -2.07059
  1.54528
 -0.34963
 -1.76165
  1.82364
 0.149645
-0.955009
 -2.07059
  1.54528
 -0.34963
 -1.76165
  1.82364
 0.149646
-0.955009
 -2.07059
  1.54528
 -0.34963
 -1.76165
  1.82364
 0.149645
-0.955009
 -2.07059
  1.54528
 -0.34963
 -1.76165
  1.82364
 0.149645
-0.955009
 -2.07059
  1.54528
 -0.34963
 -1.76165
  1.82364
 0.149646
-0.955009
 -2.07059
  1.54528
 -0.34963
 -1.76165
  1.82364
 0.149645
-0.955009
 -2.07059
  1.54528
 -0.34963
 -1.76165
  1.82364
 0.149646
-0.955009
 -2.07059
  1.54528
 -0.34963
 -1.76165
  1.82364
 0.149646
-0.955009
 -2.07059
  1.54528
 -0.34963
 -1.76165
  1.82364
 0.149646
-0.955009
 -2.07059
  1.54528
 -0.34963
 -1.76165
  1.82364
 0.149646
-0.955009
 -2.07059
  1.54528
 -0.34963
 -1.76165
  1.82364
 0.149645
-0.955009
 -2.07059
  1.54528
 -0.34963
 -1.76165
  1.82364
 0.149646
-0.955009
 -2.07059
  1.54528
 -0.34963
 -1.76166
  1.82364
 0.149645
-0.955008
 -2.07059
  1.54528
 -0.34963
 -1.76166
  1.82364
 0.149645
-0.955008
 -2.07059
  1.54528
 -0.34963
 -1.76166
  1.82364
 0.149646
-0.955008
 -2.07059
  1.54528
 -0.34963
 -1.76166
  1.82364
 0.149646
-0.955008
 -2.07059
  1.54528
 -0.34963
 -1.76166
  1.82364
 0.149646
-0.955008
 -2.07059
  1.54528
 -0.34963
 -1.76166
  1.82364
 0.149645
-0.955008
 -2.07059
  1.54528
 -0.34963
 -1.76166
  1.82364
 0.149645
-0.955008
 -2.07059
  1.54528
 -0.34963
 -1.76166
  1.82364
 0.149645
-0.955008
 -2.07059
  1.54528
 -0.34963
 -1.76166
  1.82364
 0.149645
-0.955008
 -2.07059
  1.54528
 -0.34963
 -1.76166
  1.82364
 0.149646
-0.955008
 -2.07059
  1.54528
 -0.34963
 -1.76166
  1.82364
 0.149646
-0.955008
 -2.07059
  1.54528
 -0.34963
 -1.76166
  1.82364
 0.149645
-0.955008
 -2.07059
  1.54528
 -0.34963
 -1.76166
  1.82364
 0.149646
-0.955008
 -2.07059
  1.54528
 -0.34963
 -1.76166
  1.82364
 0.149646
-0.955008
 -2.07059
  1.54528
 -0.34963
 -1.76166
  1.82364
 0.149646
-0.955008
 -2.07059
  1.54528
-0.349629
 -1.76166
  1.82364
 0.149646
-0.955008
 -2.07059
  1.54528
 -0.34963
 -1.76166
  1.82364
 0.149646
-0.955008
 -2.07059
  1.54528
 -0.34963
 -1.76166
  1.82364
 0.149646
-0.955008
 -2.07059
  1.54528
 -0.34963
 -1.76166
  1.82364
 0.149646
-0.955008
 -2.07059
  1.54528
 -0.34963
 -1.76166
  1.82364
 0.149646
-0.955008
 -2.07059
  1.54528
 -0.34963
 -1.76166
  1.82364
 0.149646
-0.955008
 -2.07059
  1.54528
 -0.34963
 -1.76166
  1.82364
 0.149646
-0.955008
 -2.07059
  1.54528
-0.349629
 -1.76166
  1.82364
 0.149646
-0.955008
 -2.07059
  1.54528
 -0.34963
 -1.76166
  1.82364
 0.149646
-0.955008
 -2.07059
  1.54528
 -0.34963
 -1.76166
  1.82364
 0.149646
-0.955008
 -2.07059
  1.54528
 -0.34963
 -1.76166
  1.82364
 0.149645
-0.955008
 -2.07059
  1.54528
 -0.34963
 -1.76166
  1.82364
 0.149646
-0.955008
 -2.07059
  1.54528
 -0.34963
 -1.76166
  1.82364
 0.149646
-0.955008
 -2.07059
  1.54528
 -0.34963
 -1.76166
  1.82364
 0.149646
-0.955008
 -2.07059
  1.54528
 -0.34963
 -1.76166
  1.82364
 0.149646
-0.955008
 -2.07059
  1.54528
 -0.34963
 -1.76166
  1.82364
 0.149646
-0.955008
 -2.07059
  1.54528
-0.349629
 -1.76166
  1.82364
 0.149646
-0.955008
 -2.07059
  1.54528
 -0.34963
 -1.76166
  1.82364
 0.149646
-0.955008
 -2.07059
  1.54528
 -0.34963
 -1.76166
  1.82364
 0.149646
-0.955007
 -2.07059
  1.54528
 -0.34963
 -1.76166
  1.82364
 0.149646
-0.955007
 -2.07059
  1.54528
 -0.34963
 -1.76166
  1.82364
 0.149645
-0.955007
 -2.07059
  1.54528
 -0.34963
 -1.76166
  1.82364
 0.149645
-0.955007
 -2.07059
  1.54528
 -0.34963
 -1.76166
  1.82364
 0.149646
-0.955007
 -2.07059
  1.54528
 -0.34963
 -1.76166
  1.82364
 0.149646
-0.955007
 -2.07059
  1.54528
 -0.34963
 -1.76166
  1.82364
 0.149646
-0.955007
 -2.07059
  1.54528
 -0.34963
 -1.76166
  1.82364
 0.149646
-0.955007
 -2.07059
  1.54528
 -0.34963
 -1.76166
  1.82364
 0.149645
-0.955007
 -2.07059
  1.54528
 -0.34963
 -1.76166
  1.82364
 0.149645
-0.955007
 -2.07059
  1.54528
 -0.34963
 -1.76166
  1.82364
 0.149645
-0.955007
 -2.07059
  1.54528
 -0.34963
 -1.76166
  1.82364
 0.149645
-0.955007
 -2.07059
  1.54528
 -0.34963
 -1.76166
  1.82364
 0.149645
-0.955007
 -2.07059
  1.54528
 -0.34963
 -1.76166
  1.82364
 0.149646
-0.955007
 -2.07059
  1.54528
 -0.34963
 -1.76166
  1.82364
 0.149645
-0.955007
 -2.07059
  1.54528
 -0.34963
 -1.76166
  1.82364
 0.149646
-0.955007
 -2.07059
  1.54528
 -0.34963
 -1.76166
  1.82364
 0.149646
-0.955007
 -2.07059
  1.54528
 -0.34963
 -1.76166
  1.82364
 0.149645
-0.955007
 -2.07059
  1.54528
 -0.34963
 -1.76166
  1.82364
 0.149646
-0.955007
 -2.07059
  1.54528
 -0.34963
 -1.76166
  1.82364
 0.149646
-0.955007
 -2.07059
  1.54528
 -0.34963
 -1.76166
  1.82364
 0.149646
-0.955007
 -2.07059
  1.54528
 -0.34963
 -1.76166
  1.82364
 0.149646
-0.955007
 -2.07059
  1.54528
 -0.34963
 -1.76166
  1.82364
 0.149646
-0.955007
 -2.07059
  1.54528
 -0.34963
 -1.76166
  1.82364
 0.149646
-0.955007
 -2.07059
  1.54528
 -0.34963
 -1.76166
  1.82364
 0.149645
-0.955007
 -2.07059
  1.54528
 -0.34963
 -1.76166
  1.82364
 0.149646
-0.955007
 -2.07059
  1.54528
 -0.34963
 -1.76166
  1.82364
 0.149645
-0.955007
 -2.07059
  1.54528
 -0.34963
 -1.76166
  1.82364
 0.149645
-0.955007
 -2.07059
  1.54528
 -0.34963
 -1.76166
  1.82364
 0.149646
-0.955007
 -2.07059
  1.54528
 -0.34963
 -1.76166
  1.82364
 0.149646
-0.955007
 -2.07059
  1.54528
 -0.34963
 -1.76166
  1.82364
 0.149645
-0.955007
 -2.07059
  1.54528
 -0.34963
 -1.76166
  1.82364
 0.149645
-0.955007
 -2.07059
  1.54528
 -0.34963
 -1.76166
  1.82364
 0.149646
-0.955007
 -2.07059
  1.54528
 -0.34963
 -1.76166
  1.82364
 0.149645
-0.955007
 -2.07059
  1.54528
 -0.34963
 -1.76166
  1.82364
 0.149645
-0.955007
 -2.07059
  1.54528
 -0.34963
 -1.76166
  1.82364
 0.149646
-0.955007
 -2.07059
  1.54528
 -0.34963
 -1.76166
  1.82364
 0.149646
-0.955007
 -2.07059
  1.54528
 -0.34963
 -1.76166
  1.82364
 0.149646
-0.955007
 -2.07059
  1.54528
 -0.34963
 -1.76166
  1.82364
 0.149646
-0.955007
 -2.07059
  1.54528
 -0.34963
 -1.76166
  1.82364
 0.149646
-0.955007
 -2.07059
  1.54528
 -0.34963
 -1.76166
  1.82364
 0.149645
-0.955007
 -2.07059
  1.54528
 -0.34963
 -1.76166
  1.82364
 0.149646
-0.955007
 -2.07059
  1.54528
 -0.34963
 -1.76166
  1.82364
 0.149646
-0.955007
 -2.07059
  1.54528
 -0.34963
 -1.76166
  1.82364
 0.149646
-0.955007
 -2.07059
  1.54528
 -0.34963
 -1.76166
  1.82364
 0.149646
-0.955007
 -2.07059
  1.54528
 -0.34963
 -1.76166
  1.82364
 0.149646
-0.955006
 -2.07059
  1.54528
 -0.34963
 -1.76166
  1.82364
 0.149646
-0.955006
 -2.07059
  1.54528
 -0.34963
 -1.76166
  1.82364
 0.149646
-0.955006
 -2.07059
  1.54528
 -0.34963
 -1.76166
  1.82364
 0.149646
-0.955006
 -2.07059
  1.54528
 -0.34963
 -1.76166
  1.82364
 0.149646
-0.955006
 -2.07059
  1.54528
 -0.34963
 -1.76166
  1.82364
 0.149646
-0.955006
 -2.07059
  1.54528
 -0.34963
 -1.76166
  1.82364
 0.149646
-0.955006
 -2.07059
  1.54528
-0.349629
 -1.76166
  1.82364
 0.149645
-0.955006
 -2.07059
  1.54528
 -0.34963
 -1.76166
  1.82364
 0.149646
-0.955006
 -2.07059
  1.54528
 -0.34963
 -1.76166
  1.82364
 0.149646
-0.955006
 -2.07059
  1.54528
 -0.34963
 -1.76166
  1.82364
 0.149645
-0.955006
 -2.07059
  1.54528
 -0.34963
 -1.76166
  1.82364
 0.149646
-0.955006
 -2.07059
  1.54528
 -0.34963
 -1.76166
  1.82364
 0.149646
-0.955006
 -2.07059
  1.54528
 -0.34963
 -1.76166
  1.82364
 0.149646
-0.955006
 -2.07059
  1.54528
 -0.34963
 -1.76166
  1.82364
 0.149646
-0.955006
 -2.07059
  1.54528
 -0.34963
 -1.76166
  1.82364
 0.149646
-0.955006
 -2.07059
  1.54528
 -0.34963
 -1.76166
  1.82364
 0.149645
-0.955006
 -2.07059
  1.54528
 -0.34963
 -1.76166
  1.82364
 0.149646
-0.955006
 -2.07059
  1.54528
 -0.34963
 -1.76166
  1.82364
 0.149646
-0.955006
 -2.07059
  1.54528
 -0.34963
 -1.76166
  1.82364
 0.149646
-0.955006
 -2.07059
  1.54528
 -0.34963
 -1.76166
  1.82364
 0.149646
-0.955006
 -2.07059
  1.54528
 -0.34963
 -1.76166
  1.82364
 0.149646
-0.955006
 -2.07059
  1.54528
 -0.34963
 -1.76166
  1.82364
 0.149645
-0.955006
 -2.07059
  1.54528
 -0.34963
 -1.76166
  1.82364
 0.149646
-0.955006
 -2.07059
  1.54528
 -0.34963
 -1.76166
  1.82364
 0.149645
-0.955006
 -2.07059
  1.54528
 -0.34963
 -1.76166
  1.82364
 0.149646
-0.955006
 -2.07059
  1.54528
 -0.34963
 -1.76166
  1.82364
 0.149646
-0.955006
 -2.07059
  1.54528
 -0.34963
 -1.76166
  1.82364
 0.149645
-0.955006
 -2.07059
  1.54528
 -0.34963
 -1.76166
  1.82364
 0.149645
-0.955006
 -2.07059
  1.54528
 -0.34963
 -1.76166
  1.82364
 0.149646
-0.955006
 -2.07059
  1.54528
 -0.34963
 -1.76166
  1.82364
 0.149646
-0.955006
 -2.07059
  1.54528
 -0.34963
 -1.76166
  1.82364
 0.149645
-0.955006
 -2.07059
  1.54528
 -0.34963
 -1.76166
  1.82364
 0.149645
-0.955006
 -2.07059
  1.54528
 -0.34963
 -1.76166
  1.82364
 0.149646
-0.955006
 -2.07059
  1.54528
 -0.34963
 -1.76166
  1.82364
 0.149646
-0.955006
 -2.07059
  1.54528
-0.349629
 -1.76166
  1.82364
 0.149646
-0.955006
 -2.07059
  1.54528
 -0.34963
 -1.76166
  1.82364
 0.149645
-0.955006
 -2.07059
  1.54528
-0.349629
 -1.76166
  1.82364
 0.149646
-0.955006
 -2.07059
  1.54528
 -0.34963
 -1.76166
  1.82364
 0.149646
-0.955006
 -2.07059
  1.54528
 -0.34963
 -1.76166
  1.82364
 0.149645
-0.955006
 -2.07059
  1.54528
 -0.34963
 -1.76166
  1.82364
 0.149645
-0.955006
 -2.07059
  1.54528
 -0.34963
 -1.76166
  1.82364
 0.149646
-0.955006
 -2.07059
  1.54528
 -0.34963
 -1.76166
  1.82364
 0.149646
-0.955006
 -2.07059
  1.54528
 -0.34963
 -1.76166
  1.82364
 0.149645
-0.955006
 -2.07059
  1.54528
 -0.34963
 -1.76166
  1.82364
 0.149646
-0.955006
 -2.07059
  1.54528
 -0.34963
 -1.76166
  1.82364
 0.149645
-0.955006
 -2.07059
  1.54528
 -0.34963
 -1.76166
  1.82364
 0.149646
-0.955006
 -2.07059
  1.54528
 -0.34963
 -1.76166
  1.82364
 0.149645
-0.955006
 -2.07059
  1.54528
 -0.34963
 -1.76166
  1.82364
 0.149645
-0.955006
 -2.07059
  1.54528
 -0.34963
 -1.76166
  1.82364
 0.149646
-0.955006
 -2.07059
  1.54528
 -0.34963
 -1.76166
  1.82364
 0.149645
-0.955006
 -2.07059
  1.54528
 -0.34963
 -1.76166
  1.82364
 0.149645
-0.955005
 -2.07059
  1.54528
 -0.34963
 -1.76166
  1.82364
 0.149646
-0.955005
 -2.07059
  1.54528
 -0.34963
 -1.76166
  1.82364
 0.149646
-0.955005
 -2.07059
  1.54528
 -0.34963
 -1.76166
  1.82364
 0.149645
-0.955005
 -2.07059
  1.54528
 -0.34963
 -1.76166
  1.82364
 0.149646
-0.955005
 -2.07059
  1.54528
 -0.34963
 -1.76166
  1.82364
 0.149646
-0.955005
 -2.07059
  1.54528
 -0.34963
 -1.76166
  1.82364
 0.149645
-0.955005
 -2.07059
  1.54528
 -0.34963
 -1.76166
  1.82364
 0.149646
-0.955005
 -2.07059
  1.54528
 -0.34963
 -1.76166
  1.82364
 0.149646
-0.955005
 -2.07059
  1.54528
 -0.34963
 -1.76166
  1.82364
 0.149646
-0.955005
 -2.07059
  1.54528
 -0.34963
 -1.76166
  1.82364
 0.149645
-0.955005
 -2.07059
  1.54528
 -0.34963
 -1.76166
  1.82364
 0.149646
-0.955005
 -2.07059
  1.54528
 -0.34963
 -1.76166
  1.82364
 0.149645
-0.955005
 -2.07059
  1.54528
 -0.34963
 -1.76166
  1.82364
 0.149645
-0.955005
 -2.07059
  1.54528
-0.349629
 -1.76166
  1.82364
 0.149645
-0.955005
 -2.07059
  1.54528
 -0.34963
 -1.76166
  1.82364
 0.149646
-0.955005
 -2.07059
  1.54528
 -0.34963
 -1.76166
  1.82364
 0.149646
-0.955005
 -2.07059
  1.54528
 -0.34963
 -1.76166
  1.82364
 0.149646
-0.955005
 -2.07059
  1.54528
 -0.34963
 -1.76166
  1.82364
 0.149645
-0.955005
 -2.07059
  1.54528
 -0.34963
 -1.76166
  1.82364
 0.149645
-0.955005
 -2.07059
  1.54528
 -0.34963
 -1.76166
  1.82364
 0.149645
-0.955005
 -2.07059
  1.54528
 -0.34963
 -1.76166
  1.82364
 0.149645
-0.955005
 -2.07059
  1.54528
 -0.34963
 -1.76166
  1.82364
 0.149645
-0.955005
 -2.07059
  1.54528
 -0.34963
 -1.76166
  1.82364
 0.149646
-0.955005
 -2.07059
  1.54528
 -0.34963
 -1.76166
  1.82364
 0.149646
-0.955005
 -2.07059
  1.54528
-0.349629
 -1.76166
  1.82364
 0.149646
-0.955005
 -2.07059
  1.54528
 -0.34963
 -1.76166
  1.82364
 0.149645
-0.955005
 -2.07059
  1.54528
-0.349629
 -1.76166
  1.82364
 0.149646
-0.955005
 -2.07059
  1.54528
 -0.34963
 -1.76166
  1.82364
 0.149645
-0.955005
 -2.07059
  1.54528
 -0.34963
 -1.76166
  1.82364
 0.149646
-0.955005
 -2.07059
  1.54528
 -0.34963
 -1.76166
  1.82364
 0.149645
-0.955005
 -2.07059
  1.54528
 -0.34963
 -1.76166
  1.82364
 0.149646
-0.955005
 -2.07059
  1.54528
 -0.34963
 -1.76166
  1.82364
 0.149646
-0.955004
  -2.0706
  1.54528
 -0.34963
 -1.76166
  1.82364
 0.149646
-0.955004
  -2.0706
  1.54528
-0.349629
 -1.76166
  1.82364
 0.149646
-0.955003
  -2.0706
  1.54528
 -0.34963
 -1.76167
  1.82364
 0.149645
-0.955003
  -2.0706
  1.54528
 -0.34963
 -1.76167
  1.82364
 0.149642
-0.955002
 -2.07059
  1.54528
-0.349629
 -1.76168
  1.82363
 0.149634
-0.954994
 -2.07059
  1.54527
-0.349629
 -1.76168
  1.82363
 0.149602
-0.954995
 -2.07058
  1.54522
-0.349624
 -1.76169
  1.82363
  0.14954
-0.954983
 -2.07055
  1.54516
-0.349604
 -1.76169
  1.82363
 0.149422
-0.954975
 -2.07049
  1.54508
-0.349579
 -1.76169
  1.82359
 0.149233
-0.954924
 -2.07042
  1.54492
 -0.34955
 -1.76168
  1.82356
  0.14896
-0.954887
 -2.07028
  1.54468
-0.349493
 -1.76167
  1.82361
 0.148587
-0.954924
 -2.07005
  1.54433
-0.349361
 -1.76166
  1.82361
 0.148131
-0.954899
 -2.06975
  1.54388
-0.349177
 -1.76165
   1.8235
 0.147597
-0.954749
 -2.06939
   1.5434
-0.348987
 -1.76163
  1.82343
 0.146995
 -0.95464
 -2.06896
   1.5428
-0.348776
 -1.76163
  1.82348
 0.146293
-0.954623
 -2.06848
   1.5421
-0.348538
 -1.76162
  1.82347
 0.145507
-0.954528
 -2.06797
  1.54142
-0.348302
 -1.76161
  1.82338
 0.144643
-0.954346
 -2.06744
  1.54072
-0.348071
  -1.7616
   1.8234
 0.143684
-0.954232
 -2.06684
  1.53994
-0.347855
  -1.7616
  1.82332
 0.142654
-0.954032
 -2.06622
  1.53912
-0.347635
  -1.7616
  1.82323
 0.141548
-0.953864
 -2.06555
  1.53821
-0.347396
  -1.7616
  1.82324
 0.140349
-0.953831
 -2.06482
  1.53726
 -0.34709
 -1.76161
  1.82313
 0.139089
-0.953718
 -2.06409
  1.53628
-0.346752
 -1.76161
   1.8231
 0.137753
-0.953661
 -2.06331
  1.53523
-0.346408
 -1.76161
  1.82297
 0.136353
-0.953476
 -2.06249
  1.53417
-0.346056
 -1.76162
  1.82293
 0.134886
-0.953355
 -2.06167
  1.53306
 -0.34572
 -1.76162
  1.82279
 0.133364
-0.953084
 -2.06084
  1.53188
-0.345385
 -1.76163
  1.82275
  0.13177
-0.952897
 -2.05996
  1.53069
-0.345034
 -1.76164
  1.82263
 0.130121
-0.952614
 -2.05905
  1.52948
-0.344653
 -1.76166
  1.82258
 0.128411
-0.952411
 -2.05813
  1.52814
-0.344279
 -1.76168
  1.82246
 0.126652
-0.952113
 -2.05719
  1.52681
-0.343898
 -1.76169
  1.82243
  0.12484
-0.951889
 -2.05616
  1.52536
-0.343485
  -1.7617
   1.8223
    0.123
-0.951561
 -2.05512
  1.52391
-0.343025
 -1.76171
  1.82227
 0.121135
 -0.95132
 -2.05406
  1.52242
-0.342529
 -1.76173
  1.82212
 0.119261
-0.950949
 -2.05295
  1.52091
-0.342052
 -1.76177
  1.82207
 0.117372
  -0.9507
  -2.0518
   1.5194
-0.341585
 -1.76181
  1.82191
 0.115444
-0.950321
 -2.05068
  1.51787
 -0.34111
 -1.76185
  1.82187
 0.113489
-0.950041
 -2.04952
  1.51632
-0.340617
  -1.7619
  1.82174
 0.111489
 -0.94966
 -2.04837
  1.51472
-0.340127
 -1.76196
  1.82176
 0.109383
-0.949422
 -2.04722
  1.51309
-0.339653
 -1.76202
  1.82166
 0.107191
-0.949039
 -2.04606
  1.51135
-0.339159
 -1.76208
  1.82156
 0.104964
-0.948617
 -2.04486
  1.50963
-0.338651
 -1.76212
  1.82143
 0.102748
-0.948228
 -2.04362
  1.50788
-0.338145
 -1.76216
  1.82146
 0.100531
-0.948035
 -2.04232
  1.50611
-0.337666
 -1.76218
  1.82144
0.0983206
-0.947781
 -2.04102
  1.50433
-0.337161
 -1.76217
  1.82139
0.0961093
-0.947462
 -2.03971
  1.50256
-0.336632
 -1.76212
   1.8214
 0.093895
-0.947189
 -2.03839
  1.50074
-0.336121
 -1.76205
  1.82142
0.0916788
-0.946911
 -2.03707
  1.49892
-0.335627
 -1.76197
  1.82143
0.0894352
-0.946619
 -2.03576
  1.49708
-0.335109
 -1.76188
  1.82147
0.0871492
 -0.94637
 -2.03443
  1.49523
-0.334576
 -1.76177
  1.82152
0.0848311
-0.946105
 -2.03312
  1.49337
-0.334064
 -1.76165
  1.82157
0.0824836
-0.945815
 -2.03179
   1.4915
-0.333555
 -1.76154
  1.82165
0.0800972
-0.945516
 -2.03043
  1.48966
-0.333039
 -1.76145
   1.8217
0.0777058
-0.945191
 -2.02912
  1.48774
-0.332502
 -1.76124
  1.82184
 0.075407
-0.944942
  -2.0278
   1.4858
-0.331996
 -1.76106
  1.82201
0.0730879
-0.944664
 -2.02648
  1.48385
-0.331494
 -1.76095
  1.82208
0.0706867
 -0.94417
 -2.02515
  1.48192
-0.330981
 -1.76085
   1.8222
0.0683192
-0.943739
 -2.02383
  1.48001
-0.330453
 -1.76077
   1.8224
0.0659862
-0.943398
 -2.02251
  1.47803
-0.329962
 -1.76074
  1.82251
0.0636222
-0.942957
 -2.02121
  1.47612
-0.329478
 -1.76074
  1.82267
0.0612338
-0.942604
  -2.0199
  1.47424
-0.328984
 -1.76067
   1.8227
0.0589408
-0.942141
 -2.01861
   1.4724
-0.328491
 -1.76063
  1.82289
0.0566231
 -0.94182
 -2.01733
  1.47052
-0.328035
  -1.7607
    1.823
0.0542354
-0.941382
 -2.01607
  1.46871
 -0.32759
 -1.76075
  1.82304
0.0518928
-0.940856
  -2.0148
  1.46698
-0.327122
 -1.76074
  1.82322
0.0496963
-0.940535
 -2.01353
  1.46514
-0.326654
 -1.76076
  1.82333
0.0475391
-0.940117
 -2.01227
  1.46337
-0.326212
 -1.76088
  1.82334
 0.045311
-0.939587
 -2.01102
  1.46164
-0.325806
 -1.76101
  1.82335
0.0431164
-0.939084
  -2.0098
  1.45997
-0.325386
 -1.76104
  1.82346
 0.041082
-0.938729
 -2.00861
  1.45822
-0.324947
 -1.76109
  1.82354
0.0390754
-0.938327
 -2.00745
  1.45654
-0.324533
 -1.76122
  1.82354
0.0369939
-0.937842
  -2.0063
  1.45495
-0.324136
 -1.76137
  1.82359
0.0349691
-0.937394
 -2.00517
  1.45337
-0.323752
 -1.76142
  1.82363
0.0330754
-0.936909
 -2.00411
  1.45176
-0.323362
 -1.76147
  1.82368
0.0311644
-0.936416
 -2.00304
  1.45021
 -0.32296
 -1.76162
  1.82375
0.0291932
-0.935972
   -2.002
  1.44873
-0.322595
 -1.76166
  1.82376
0.0273279
-0.935468
 -2.00101
  1.44729
-0.322274
 -1.76176
  1.82375
0.0255041
-0.934972
 -1.99999
  1.44579
-0.321946
 -1.76189
  1.82388
0.0237092
-0.934661
 -1.99902
  1.44438
-0.321621
 -1.76189
  1.82398
 0.022041
-0.934298
 -1.99815
  1.44301
-0.321289
 -1.76193
  1.82399
0.0203922
-0.933871
 -1.99727
  1.44172
-0.320958
 -1.76206
  1.82404
 0.018724
-0.933495
 -1.99638
  1.44046
-0.320666
 -1.76206
  1.82409
0.0171947
-0.933094
 -1.99555
  1.43924
-0.320417
 -1.76211
  1.82416
0.0157166
-0.932747
 -1.99477
  1.43804
-0.320167
 -1.76222
  1.82422
0.0142169
-0.932403
 -1.99399
  1.43692
-0.319913
 -1.76222
  1.82429
0.0128718
-0.932079
 -1.99324
  1.43583
-0.319655
 -1.76228
  1.82437
0.0115641
-0.931764
 -1.99253
  1.43479
-0.319397
 -1.76237
  1.82441
0.0102687
-0.931408
 -1.99187
  1.43381
-0.319144
  -1.76248
   1.82446
0.00903934
  -0.93108
  -1.99123
   1.43287
 -0.318918
  -1.76249
   1.82461
0.00799348
 -0.930866
  -1.99064
   1.43196
 -0.318725
   -1.7625
   1.82472
0.00701299
 -0.930576
   -1.9901
   1.43109
 -0.318562
  -1.7626
  1.82472
0.0059724
-0.930222
 -1.98957
  1.43034
 -0.31843
  -1.76261
   1.82473
0.00506957
 -0.929915
  -1.98909
   1.42961
   -0.3183
  -1.76268
   1.82484
0.00424182
 -0.929794
  -1.98864
   1.42892
  -0.31817
  -1.76273
   1.82488
0.00344169
 -0.929636
  -1.98824
    1.4283
 -0.318036
  -1.76282
   1.82494
0.00268662
 -0.929535
  -1.98783
   1.42778
 -0.317897
  -1.76295
   1.82492
0.00198351
 -0.929387
  -1.98749
   1.42726
 -0.317761
  -1.76297
   1.82498
0.00145512
 -0.929303
  -1.98719
   1.42677
 -0.317627
 -1.76299
  1.82495
0.0010008
-0.929171
 -1.98693
  1.42637
-0.317504
   -1.76306
      1.825
0.000546421
  -0.929125
   -1.98668
    1.42608
  -0.317415
   -1.76309
    1.82495
0.000173472
  -0.929006
   -1.98649
    1.42585
  -0.317361
    -1.76313
     1.82497
-0.000107798
   -0.928988
    -1.98635
     1.42564
   -0.317326
    -1.76314
       1.825
-0.000316264
   -0.928983
    -1.98623
     1.42546
   -0.317304
    -1.76314
     1.82502
-0.000453363
   -0.928941
    -1.98617
     1.42532
   -0.317298
    -1.76315
     1.82497
-0.000511127
   -0.928824
    -1.98616
     1.42525
   -0.317298
    -1.76315
     1.82496
-0.000496986
   -0.928744
    -1.98617
     1.42525
   -0.317299
    -1.76317
     1.82501
-0.000453783
    -0.92871
    -1.98618
     1.42526
   -0.317299
    -1.76319
       1.825
-0.000396798
   -0.928673
     -1.9862
     1.42527
   -0.317299
     -1.7632
       1.825
-0.000332682
   -0.928657
    -1.98622
     1.42527
   -0.317299
    -1.76321
     1.82499
-0.000252148
   -0.928647
    -1.98624
     1.42527
   -0.317299
    -1.76322
     1.82499
-0.000170116
   -0.928647
    -1.98625
     1.42527
   -0.317299
    -1.76322
     1.82498
-8.94023e-05
   -0.928651
    -1.98627
     1.42528
   -0.317298
    -1.76323
     1.82499
-8.80846e-06
   -0.928667
     -1.9863
     1.42529
   -0.317298
   -1.76323
    1.82499
6.63327e-05
  -0.928689
   -1.98634
    1.42532
  -0.317298
   -1.76324
      1.825
0.000134823
   -0.92872
   -1.98637
    1.42535
  -0.317298
   -1.76324
    1.82501
0.000192287
  -0.928762
   -1.98639
    1.42537
  -0.317298
   -1.76325
    1.82502
0.000242261
  -0.928808
   -1.98641
    1.42538
  -0.317298
   -1.76325
    1.82503
0.000281629
  -0.928851
   -1.98643
     1.4254
  -0.317298
   -1.76325
    1.82504
0.000310451
  -0.928893
   -1.98645
    1.42541
  -0.317298
   -1.76325
    1.82506
0.000332143
  -0.928932
   -1.98646
    1.42542
  -0.317298
   -1.76325
    1.82507
0.000346584
  -0.928967
   -1.98647
    1.42543
  -0.317298
   -1.76325
    1.82507
0.000352875
  -0.928996
   -1.98648
    1.42544
  -0.317298
   -1.76326
    1.82508
0.000352037
   -0.92902
   -1.98649
    1.42544
  -0.317298
   -1.76326
    1.82509
0.000344247
  -0.929038
    -1.9865
    1.42545
  -0.317298
   -1.76326
    1.82509
0.000332442
   -0.92905
   -1.98651
    1.42546
  -0.317298
   -1.76327
     1.8251
0.000316443
  -0.929059
   -1.98652
    1.42546
  -0.317298
  -1.76327
   1.82511
0.00029625
 -0.929066
  -1.98653
   1.42547
 -0.317298
   -1.76328
    1.82511
0.000272461
  -0.929071
   -1.98655
    1.42547
  -0.317298
   -1.76328
    1.82512
0.000247594
  -0.929074
   -1.98657
    1.42547
  -0.317298
   -1.76329
    1.82512
0.000224405
  -0.929074
   -1.98659
    1.42548
  -0.317298
    -1.7633
    1.82513
0.000202713
  -0.929073
    -1.9866
    1.42548
  -0.317298
    -1.7633
    1.82513
0.000179224
   -0.92907
    -1.9866
    1.42549
  -0.317298
   -1.76331
    1.82513
0.000152439
  -0.929065
   -1.98661
    1.42549
  -0.317298
   -1.76331
    1.82514
0.000125175
  -0.929059
   -1.98661
     1.4255
  -0.317298
   -1.76332
    1.82514
9.98286e-05
  -0.929052
   -1.98661
     1.4255
  -0.317298
   -1.76332
    1.82515
7.77177e-05
  -0.929046
   -1.98661
    1.42551
  -0.317298
   -1.76332
    1.82515
5.87227e-05
  -0.929039
   -1.98661
    1.42551
  -0.317297
  -1.76332
   1.82515
4.2544e-05
 -0.929029
   -1.9866
   1.42553
 -0.317297
   -1.76332
    1.82516
2.86423e-05
  -0.929015
    -1.9866
    1.42554
  -0.317298
   -1.76332
    1.82516
1.61787e-05
  -0.928999
   -1.98659
    1.42555
  -0.317297
   -1.76332
    1.82516
4.73377e-06
  -0.928984
   -1.98658
    1.42556
  -0.317297
    -1.76332
     1.82517
-6.29169e-06
    -0.92897
    -1.98658
     1.42557
   -0.317297
    -1.76332
     1.82517
-1.73772e-05
   -0.928956
    -1.98658
     1.42557
   -0.317297
    -1.76333
     1.82517
-2.86423e-05
   -0.928944
    -1.98658
     1.42558
   -0.317297
    -1.76333
     1.82517
-3.97277e-05
   -0.928932
    -1.98657
     1.42558
   -0.317297
    -1.76333
     1.82518
-5.00341e-05
    -0.92892
    -1.98655
     1.42558
   -0.317297
    -1.76333
     1.82518
-5.88426e-05
   -0.928909
    -1.98652
     1.42557
   -0.317297
    -1.76333
     1.82518
-6.74113e-05
   -0.928899
    -1.98649
     1.42557
   -0.317297
    -1.76333
     1.82518
-7.50811e-05
   -0.928889
    -1.98646
     1.42557
   -0.317297
    -1.76333
     1.82519
-8.26912e-05
    -0.92888
    -1.98644
     1.42556
   -0.317297
    -1.76333
     1.82519
-8.98817e-05
   -0.928872
    -1.98642
     1.42556
   -0.317297
    -1.76333
     1.82519
-9.68325e-05
   -0.928864
    -1.98641
     1.42555
   -0.317297
    -1.76334
     1.82519
-0.000103664
   -0.928856
     -1.9864
     1.42554
   -0.317297
    -1.76334
     1.82519
-0.000110255
   -0.928849
    -1.98639
     1.42554
   -0.317297
    -1.76334
     1.82519
-0.000116906
   -0.928843
    -1.98638
     1.42553
   -0.317297
    -1.76334
      1.8252
-0.000123318
   -0.928837
    -1.98637
     1.42553
   -0.317297
   -1.76334
     1.8252
-0.00012949
  -0.928831
   -1.98636
    1.42553
  -0.317297
    -1.76334
      1.8252
-0.000135661
   -0.928826
    -1.98636
     1.42552
   -0.317297
    -1.76335
      1.8252
-0.000141114
   -0.928821
    -1.98635
     1.42552
   -0.317296
    -1.76335
      1.8252
-0.000146327
   -0.928815
    -1.98635
     1.42551
   -0.317297
    -1.76335
      1.8252
-0.000151001
    -0.92881
    -1.98635
     1.42551
   -0.317296
    -1.76335
      1.8252
-0.000155136
   -0.928804
    -1.98634
     1.42551
   -0.317296
    -1.76335
      1.8252
-0.000158791
   -0.928798
    -1.98634
      1.4255
   -0.317296
    -1.76335
      1.8252
-0.000161787
   -0.928792
    -1.98634
      1.4255
   -0.317296
    -1.76335
      1.8252
-0.000164603
   -0.928786
    -1.98633
     1.42549
   -0.317296
   -1.76335
    1.82521
-0.00016724
  -0.928781
   -1.98633
    1.42549
  -0.317296
    -1.76335
     1.82521
-0.000169876
   -0.928775
    -1.98633
     1.42549
   -0.317296
    -1.76335
     1.82521
-0.000172693
    -0.92877
    -1.98633
     1.42549
   -0.317296
    -1.76335
     1.82521
-0.000175749
   -0.928765
    -1.98632
     1.42548
   -0.317296
    -1.76335
     1.82521
-0.000179703
   -0.928759
    -1.98632
     1.42548
   -0.317296
    -1.76335
     1.82521
-0.000183538
   -0.928755
    -1.98632
     1.42548
   -0.317296
    -1.76335
     1.82521
-0.000187973
   -0.928749
    -1.98632
     1.42548
   -0.317296
    -1.76335
     1.82521
-0.000191927
   -0.928744
    -1.98632
     1.42548
   -0.317296
    -1.76336
     1.82521
-0.000196002
   -0.928741
    -1.98632
     1.42548
   -0.317296
    -1.76336
     1.82521
-0.000200137
   -0.928742
    -1.98632
     1.42548
   -0.317296
    -1.76336
     1.82521
-0.000204091
   -0.928743
    -1.98632
     1.42548
   -0.317296
    -1.76336
     1.82521
-0.000207567
   -0.928747
    -1.98631
     1.42548
   -0.317296
    -1.76336
     1.82521
-0.000210743
   -0.928749
    -1.98631
     1.42548
   -0.317296
    -1.76336
     1.82521
-0.000213619
   -0.928751
    -1.98631
     1.42548
   -0.317296
    -1.76336
     1.82521
-0.000215596
   -0.928753
    -1.98631
     1.42547
   -0.317296
    -1.76336
     1.82521
-0.000217274
   -0.928754
    -1.98631
     1.42547
   -0.317296
    -1.76336
     1.82521
-0.000219132
   -0.928755
    -1.98631
     1.42547
   -0.317296
    -1.76336
     1.82521
-0.000220809
   -0.928755
    -1.98631
     1.42547
   -0.317296
    -1.76336
     1.82521
-0.000222487
   -0.928756
    -1.98631
     1.42547
   -0.317296
    -1.76336
     1.82521
-0.000224105
   -0.928757
    -1.98631
     1.42547
   -0.317296
    -1.76336
     1.82521
-0.000225903
   -0.928757
    -1.98631
     1.42547
   -0.317296
   -1.76336
    1.82521
-0.00022764
  -0.928757
   -1.98631
    1.42547
  -0.317296
    -1.76336
     1.82521
-0.000229378
   -0.928757
    -1.98631
     1.42547
   -0.317296
    -1.76336
     1.82521
-0.000231116
   -0.928757
    -1.98631
     1.42547
   -0.317296
    -1.76336
     1.82521
-0.000232973
   -0.928757
    -1.98631
     1.42547
   -0.317296
    -1.76336
     1.82521
-0.000234531
   -0.928757
    -1.98631
     1.42547
   -0.317295
    -1.76336
     1.82521
-0.000236329
   -0.928757
    -1.98631
     1.42547
   -0.317295
    -1.76336
     1.82521
-0.000238127
   -0.928757
    -1.98631
     1.42547
   -0.317295
    -1.76336
     1.82521
-0.000240164
   -0.928757
     -1.9863
     1.42547
   -0.317295
    -1.76336
     1.82521
-0.000242021
   -0.928757
     -1.9863
     1.42547
   -0.317295
    -1.76336
     1.82521
-0.000244179
   -0.928757
     -1.9863
     1.42547
   -0.317295
    -1.76336
     1.82521
-0.000245856
   -0.928757
     -1.9863
     1.42547
   -0.317295
    -1.76336
     1.82521
-0.000247414
   -0.928757
     -1.9863
     1.42547
   -0.317295
    -1.76336
     1.82521
-0.000248852
   -0.928757
     -1.9863
     1.42547
   -0.317295
    -1.76336
     1.82521
-0.000249871
   -0.928757
     -1.9863
     1.42547
   -0.317295
   -1.76336
    1.82521
-0.00025047
  -0.928757
    -1.9863
    1.42547
  -0.317295
   -1.76336
    1.82521
-0.00025077
  -0.928757
    -1.9863
    1.42547
  -0.317295
    -1.76336
     1.82521
-0.000249332
   -0.928757
     -1.9863
     1.42547
   -0.317295
    -1.76336
     1.82521
-0.000247954
   -0.928757
     -1.9863
     1.42547
   -0.317295
    -1.76336
     1.82521
-0.000247534
   -0.928757
     -1.9863
     1.42547
   -0.317295
    -1.76336
     1.82521
-0.000247295
   -0.928758
     -1.9863
     1.42546
   -0.317295
    -1.76336
     1.82521
-0.000247295
   -0.928757
     -1.9863
     1.42546
   -0.317295
    -1.76336
     1.82521
-0.000247414
   -0.928758
     -1.9863
     1.42546
   -0.317295
    -1.76336
     1.82521
-0.000247534
   -0.928758
     -1.9863
     1.42546
   -0.317295
    -1.76336
     1.82521
-0.000247594
   -0.928757
     -1.9863
     1.42546
   -0.317295
    -1.76336
     1.82521
-0.000247714
   -0.928758
     -1.9863
     1.42546
   -0.317295
    -1.76336
     1.82521
-0.000247714
   -0.928758
     -1.9863
     1.42546
   -0.317295
    -1.76336
     1.82521
-0.000247714
   -0.928758
     -1.9863
     1.42546
   -0.317295
    -1.76336
     1.82521
-0.000247834
   -0.928758
     -1.9863
     1.42546
   -0.317295
    -1.76336
     1.82521
-0.000247834
   -0.928758
     -1.9863
     1.42546
   -0.317295
    -1.76336
     1.82521
-0.000247714
   -0.928758
     -1.9863
     1.42546
   -0.317295
    -1.76336
     1.82521
-0.000247834
   -0.928758
     -1.9863
     1.42546
   -0.317295
    -1.76336
     1.82521
-0.000247594
   -0.928758
     -1.9863
     1.42546
   -0.317294
    -1.76336
     1.82521
-0.000247594
   -0.928758
     -1.9863
     1.42546
   -0.317294
    -1.76336
     1.82521
-0.000247594
   -0.928758
     -1.9863
     1.42546
   -0.317294
    -1.76336
     1.82521
-0.000247594
   -0.928758
     -1.9863
     1.42546
   -0.317294
    -1.76336
     1.82521
-0.000247594
   -0.928758
     -1.9863
     1.42546
   -0.317294
    -1.76336
     1.82521
-0.000247594
   -0.928758
     -1.9863
     1.42546
   -0.317294
    -1.76336
     1.82521
-0.000247594
   -0.928758
     -1.9863
     1.42546
   -0.317294
    -1.76336
     1.82521
-0.000247594
   -0.928758
     -1.9863
     1.42546
   -0.317294
    -1.76336
     1.82521
-0.000247534
   -0.928758
     -1.9863
     1.42546
   -0.317294
    -1.76336
     1.82521
-0.000247714
   -0.928758
     -1.9863
     1.42546
   -0.317294
    -1.76336
     1.82521
-0.000247594
   -0.928758
     -1.9863
     1.42546
   -0.317294
    -1.76336
     1.82521
-0.000247474
   -0.928758
     -1.9863
     1.42546
   -0.317294
    -1.76336
     1.82521
-0.000247594
   -0.928758
     -1.9863
     1.42546
   -0.317294
    -1.76336
     1.82521
-0.000247594
   -0.928758
     -1.9863
     1.42546
   -0.317294
    -1.76336
     1.82521
-0.000247594
   -0.928758
     -1.9863
     1.42546
   -0.317294
    -1.76336
     1.82521
-0.000247594
   -0.928758
     -1.9863
     1.42546
   -0.317294
    -1.76336
     1.82521
-0.000247594
   -0.928758
     -1.9863
     1.42546
   -0.317294
    -1.76336
     1.82521
-0.000247714
   -0.928758
     -1.9863
     1.42546
   -0.317294
    -1.76336
     1.82521
-0.000247714
   -0.928758
     -1.9863
     1.42546
   -0.317294
    -1.76336
     1.82521
-0.000247834
   -0.928758
     -1.9863
     1.42546
   -0.317294
    -1.76336
     1.82521
-0.000247894
   -0.928758
     -1.9863
     1.42546
   -0.317294
    -1.76336
     1.82521
-0.000247834
   -0.928758
     -1.9863
     1.42546
   -0.317294
    -1.76336
     1.82521
-0.000247834
   -0.928758
     -1.9863
     1.42546
   -0.317294
    -1.76336
     1.82521
-0.000247834
   -0.928758
     -1.9863
     1.42546
   -0.317294
    -1.76336
     1.82521
-0.000247594
   -0.928758
     -1.9863
     1.42546
   -0.317294
    -1.76336
     1.82521
-0.000247834
   -0.928758
     -1.9863
     1.42546
   -0.317294
    -1.76336
     1.82521
-0.000247714
   -0.928758
     -1.9863
     1.42546
   -0.317294
    -1.76336
     1.82521
-0.000247834
   -0.928758
     -1.9863
     1.42546
   -0.317294
    -1.76336
     1.82521
-0.000247714
   -0.928758
     -1.9863
     1.42546
   -0.317294
    -1.76336
     1.82521
-0.000247834
   -0.928758
     -1.9863
     1.42546
   -0.317294
    -1.76336
     1.82521
-0.000247714
   -0.928758
     -1.9863
     1.42546
   -0.317294
    -1.76336
     1.82521
-0.000247594
   -0.928758
     -1.9863
     1.42546
   -0.317293
    -1.76336
     1.82521
-0.000247714
   -0.928758
     -1.9863
     1.42546
   -0.317294
    -1.76336
     1.82521
-0.000247834
   -0.928758
     -1.9863
     1.42546
   -0.317293
    -1.76336
     1.82521
-0.000247714
   -0.928758
     -1.9863
     1.42546
   -0.317294
    -1.76336
     1.82521
-0.000247714
   -0.928758
     -1.9863
     1.42546
   -0.317293
    -1.76336
     1.82521
-0.000247714
   -0.928758
     -1.9863
     1.42546
   -0.317293
    -1.76336
     1.82521
-0.000247834
   -0.928758
     -1.9863
     1.42546
   -0.317293
    -1.76336
     1.82521
-0.000247714
   -0.928758
     -1.9863
     1.42546
   -0.317293
    -1.76336
     1.82521
-0.000247714
   -0.928758
     -1.9863
     1.42546
   -0.317293
    -1.76336
     1.82521
-0.000247834
   -0.928758
     -1.9863
     1.42546
   -0.317293
    -1.76336
     1.82521
-0.000247714
   -0.928758
     -1.9863
     1.42546
   -0.317293
    -1.76336
     1.82521
-0.000247714
   -0.928758
     -1.9863
     1.42546
   -0.317293
    -1.76336
     1.82521
-0.000247714
   -0.928758
     -1.9863
     1.42546
   -0.317293
    -1.76336
     1.82521
-0.000247954
   -0.928758
     -1.9863
     1.42546
   -0.317293
    -1.76336
     1.82521
-0.000247954
   -0.928758
     -1.9863
     1.42546
   -0.317293
    -1.76336
     1.82521
-0.000247954
   -0.928758
     -1.9863
     1.42546
   -0.317293
    -1.76336
     1.82521
-0.000247954
   -0.928758
     -1.9863
     1.42546
   -0.317293
    -1.76336
     1.82521
-0.000247834
   -0.928758
     -1.9863
     1.42546
   -0.317293
    -1.76336
     1.82521
-0.000247954
   -0.928758
     -1.9863
     1.42546
   -0.317293
    -1.76336
     1.82521
-0.000247894
   -0.928758
     -1.9863
     1.42546
   -0.317293
    -1.76336
     1.82521
-0.000247834
   -0.928758
     -1.9863
     1.42546
   -0.317293
    -1.76336
     1.82521
-0.000247594
   -0.928758
     -1.9863
     1.42546
   -0.317293
    -1.76336
     1.82521
-0.000247594
   -0.928758
     -1.9863
     1.42546
   -0.317293
    -1.76336
     1.82521
-0.000247594
   -0.928758
     -1.9863
     1.42545
   -0.317293
    -1.76336
     1.82521
-0.000247594
   -0.928758
     -1.9863
     1.42545
   -0.317293
    -1.76336
     1.82521
-0.000247474
   -0.928758
     -1.9863
     1.42545
   -0.317293
    -1.76336
     1.82521
-0.000247594
   -0.928758
     -1.9863
     1.42545
   -0.317293
    -1.76336
     1.82521
-0.000247714
   -0.928758
     -1.9863
     1.42545
   -0.317293
    -1.76336
     1.82521
-0.000247894
   -0.928758
     -1.9863
     1.42545
   -0.317293
    -1.76336
     1.82521
-0.000247834
   -0.928758
     -1.9863
     1.42545
   -0.317293
    -1.76336
     1.82521
-0.000247954
   -0.928758
     -1.9863
     1.42545
   -0.317293
    -1.76336
     1.82521
-0.000248014
   -0.928758
     -1.9863
     1.42545
   -0.317293
    -1.76336
     1.82521
-0.000248133
   -0.928758
     -1.9863
     1.42545
   -0.317293
    -1.76336
     1.82521
-0.000248014
   -0.928758
     -1.9863
     1.42545
   -0.317293
    -1.76336
     1.82521
-0.000247954
   -0.928758
     -1.9863
     1.42545
   -0.317293
    -1.76336
     1.82521
-0.000248014
   -0.928758
     -1.9863
     1.42545
   -0.317293
    -1.76336
     1.82521
-0.000247894
   -0.928758
     -1.9863
     1.42545
   -0.317293
    -1.76336
     1.82521
-0.000247834
   -0.928758
     -1.9863
     1.42545
   -0.317293
    -1.76336
     1.82521
-0.000247834
   -0.928758
     -1.9863
     1.42545
   -0.317293
    -1.76336
     1.82521
-0.000247834
   -0.928758
     -1.9863
     1.42545
   -0.317293
    -1.76336
     1.82521
-0.000247774
   -0.928758
     -1.9863
     1.42545
   -0.317293
    -1.76336
     1.82521
-0.000247834
   -0.928758
     -1.9863
     1.42545
   -0.317293
    -1.76336
     1.82521
-0.000247834
   -0.928758
     -1.9863
     1.42545
   -0.317292
    -1.76336
     1.82521
-0.000247834
   -0.928758
     -1.9863
     1.42545
   -0.317292
    -1.76336
     1.82521
-0.000247834
   -0.928758
     -1.9863
     1.42545
   -0.317292
    -1.76336
     1.82521
-0.000247834
   -0.928758
     -1.9863
     1.42545
   -0.317292
    -1.76336
     1.82521
-0.000248133
   -0.928758
     -1.9863
     1.42545
   -0.317292
    -1.76336
     1.82521
-0.000247894
   -0.928758
     -1.9863
     1.42545
   -0.317292
    -1.76336
     1.82521
-0.000247894
   -0.928758
     -1.9863
     1.42545
   -0.317292
    -1.76336
     1.82521
-0.000248014
   -0.928758
     -1.9863
     1.42545
   -0.317292
    -1.76336
     1.82521
-0.000248014
   -0.928758
     -1.9863
     1.42545
   -0.317292
    -1.76336
     1.82521
-0.000247894
   -0.928758
     -1.9863
     1.42545
   -0.317292
    -1.76336
     1.82521
-0.000247954
   -0.928758
     -1.9863
     1.42545
   -0.317292
    -1.76336
     1.82521
-0.000247894
   -0.928758
     -1.9863
     1.42545
   -0.317292
    -1.76336
     1.82521
-0.000247894
   -0.928758
     -1.9863
     1.42545
   -0.317292
    -1.76336
     1.82521
-0.000248014
   -0.928758
     -1.9863
     1.42545
   -0.317292
    -1.76336
     1.82521
-0.000247894
   -0.928758
     -1.9863
     1.42545
   -0.317292
    -1.76336
     1.82521
-0.000248014
   -0.928758
     -1.9863
     1.42545
   -0.317292
    -1.76336
     1.82521
-0.000248014
   -0.928758
     -1.9863
     1.42545
   -0.317292
    -1.76336
     1.82521
-0.000247894
   -0.928758
     -1.9863
     1.42545
   -0.317292
    -1.76336
     1.82521
-0.000247834
   -0.928758
     -1.9863
     1.42545
   -0.317292
    -1.76336
     1.82521
-0.000247954
   -0.928758
     -1.9863
     1.42545
   -0.317292
    -1.76336
     1.82521
-0.000247894
   -0.928758
     -1.9863
     1.42545
   -0.317292
    -1.76336
     1.82521
-0.000247954
   -0.928758
     -1.9863
     1.42545
   -0.317292
    -1.76336
     1.82521
-0.000247894
   -0.928758
     -1.9863
     1.42545
   -0.317292
    -1.76336
     1.82521
-0.000247834
   -0.928758
     -1.9863
     1.42545
   -0.317292
    -1.76336
     1.82521
-0.000247954
   -0.928758
     -1.9863
     1.42545
   -0.317292
    -1.76336
     1.82521
-0.000248014
   -0.928758
     -1.9863
     1.42545
   -0.317292
    -1.76336
     1.82521
-0.000247894
   -0.928758
     -1.9863
     1.42545
   -0.317292
    -1.76336
     1.82521
-0.000247954
   -0.928758
     -1.9863
     1.42545
   -0.317292
    -1.76336
     1.82521
-0.000248014
   -0.928758
     -1.9863
     1.42545
   -0.317292
    -1.76336
     1.82521
-0.000248014
   -0.928758
     -1.9863
     1.42545
   -0.317292
    -1.76336
     1.82521
-0.000247894
   -0.928758
     -1.9863
     1.42545
   -0.317292
    -1.76336
     1.82521
-0.000248014
   -0.928758
     -1.9863
     1.42545
   -0.317292
    -1.76336
     1.82521
-0.000247894
   -0.928758
     -1.9863
     1.42545
   -0.317292
    -1.76336
     1.82521
-0.000248014
   -0.928758
     -1.9863
     1.42545
   -0.317291
    -1.76336
     1.82521
-0.000247894
   -0.928758
     -1.9863
     1.42545
   -0.317292
    -1.76336
     1.82521
-0.000247954
   -0.928758
     -1.9863
     1.42545
   -0.317292
    -1.76336
     1.82521
-0.000247954
   -0.928758
     -1.9863
     1.42545
   -0.317292
    -1.76336
     1.82521
-0.000247834
   -0.928758
     -1.9863
     1.42545
   -0.317291
    -1.76336
     1.82521
-0.000247894
   -0.928758
     -1.9863
     1.42545
   -0.317291
    -1.76336
     1.82521
-0.000248014
   -0.928758
     -1.9863
     1.42545
   -0.317291
    -1.76336
     1.82521
-0.000247894
   -0.928758
     -1.9863
     1.42545
   -0.317291
    -1.76336
     1.82521
-0.000248014
   -0.928758
     -1.9863
     1.42545
   -0.317291
    -1.76336
     1.82521
-0.000248014
   -0.928758
     -1.9863
     1.42545
   -0.317291
    -1.76336
     1.82521
-0.000248014
   -0.928758
     -1.9863
     1.42545
   -0.317292
    -1.76336
     1.82521
-0.000248014
   -0.928758
     -1.9863
     1.42545
   -0.317291
    -1.76336
     1.82521
-0.000248014
   -0.928758
     -1.9863
     1.42545
   -0.317291
    -1.76336
     1.82521
-0.000248014
   -0.928758
     -1.9863
     1.42545
   -0.317291
    -1.76336
     1.82521
-0.000247954
   -0.928758
     -1.9863
     1.42545
   -0.317291
    -1.76336
     1.82521
-0.000247894
   -0.928758
     -1.9863
     1.42545
   -0.317291
    -1.76336
     1.82521
-0.000247894
   -0.928758
     -1.9863
     1.42545
   -0.317291
    -1.76336
     1.82521
-0.000247954
   -0.928758
     -1.9863
     1.42545
   -0.317291
    -1.76336
     1.82521
-0.000247894
   -0.928758
     -1.9863
     1.42545
   -0.317291
    -1.76336
     1.82521
-0.000247894
   -0.928758
     -1.9863
     1.42545
   -0.317291
    -1.76336
     1.82521
-0.000247954
   -0.928758
     -1.9863
     1.42545
   -0.317291
    -1.76336
     1.82521
-0.000248014
   -0.928758
     -1.9863
     1.42545
   -0.317291
    -1.76336
     1.82521
-0.000248014
   -0.928758
     -1.9863
     1.42545
   -0.317291
    -1.76336
     1.82521
-0.000248014
   -0.928758
     -1.9863
     1.42545
   -0.317291
    -1.76336
     1.82521
-0.000248014
   -0.928758
     -1.9863
     1.42545
   -0.317291
    -1.76336
     1.82521
-0.000248014
   -0.928758
     -1.9863
     1.42545
   -0.317291
    -1.76336
     1.82521
-0.000247954
   -0.928758
     -1.9863
     1.42545
   -0.317291
    -1.76336
     1.82521
-0.000247954
   -0.928758
     -1.9863
     1.42545
   -0.317291
    -1.76336
     1.82521
-0.000248014
   -0.928758
     -1.9863
     1.42545
   -0.317291
    -1.76336
     1.82521
-0.000247834
   -0.928758
     -1.9863
     1.42545
   -0.317291
    -1.76336
     1.82521
-0.000247834
   -0.928758
     -1.9863
     1.42545
   -0.317291
    -1.76336
     1.82521
-0.000247954
   -0.928758
     -1.9863
     1.42545
   -0.317291
    -1.76336
     1.82521
-0.000247834
   -0.928758
     -1.9863
     1.42545
   -0.317291
    -1.76336
     1.82521
-0.000247954
   -0.928758
     -1.9863
     1.42545
   -0.317291
    -1.76336
     1.82521
-0.000247954
   -0.928758
     -1.9863
     1.42545
   -0.317291
    -1.76336
     1.82521
-0.000247894
   -0.928758
     -1.9863
     1.42545
   -0.317291
    -1.76336
     1.82521
-0.000248014
   -0.928758
     -1.9863
     1.42545
   -0.317291
    -1.76336
     1.82521
-0.000247894
   -0.928758
     -1.9863
     1.42545
   -0.317291
    -1.76336
     1.82521
-0.000247894
   -0.928758
     -1.9863
     1.42545
   -0.317291
    -1.76336
     1.82521
-0.000248014
   -0.928758
     -1.9863
     1.42545
   -0.317291
    -1.76336
     1.82521
-0.000248014
   -0.928758
     -1.9863
     1.42545
   -0.317291
    -1.76336
     1.82521
-0.000247894
   -0.928758
     -1.9863
     1.42545
   -0.317291
    -1.76336
     1.82521
-0.000247954
   -0.928758
     -1.9863
     1.42545
   -0.317291
    -1.76336
     1.82521
-0.000248133
   -0.928758
     -1.9863
     1.42545
   -0.317291
    -1.76336
     1.82521
-0.000247954
   -0.928758
     -1.9863
     1.42545
   -0.317291
    -1.76336
     1.82521
-0.000247954
   -0.928758
     -1.9863
     1.42545
   -0.317291
    -1.76336
     1.82521
-0.000248133
   -0.928758
     -1.9863
     1.42545
   -0.317291
    -1.76336
     1.82521
-0.000248014
   -0.928758
     -1.9863
     1.42545
   -0.317291
    -1.76336
     1.82521
-0.000248014
   -0.928758
     -1.9863
     1.42545
   -0.317291
    -1.76336
     1.82521
-0.000247894
   -0.928758
     -1.9863
     1.42545
   -0.317291
    -1.76336
     1.82521
-0.000247894
   -0.928758
     -1.9863
     1.42545
   -0.317291
    -1.76336
     1.82521
-0.000247894
   -0.928758
     -1.9863
     1.42545
   -0.317291
    -1.76336
     1.82521
-0.000247894
   -0.928758
     -1.9863
     1.42545
   -0.317291
    -1.76336
     1.82521
-0.000247954
   -0.928758
     -1.9863
     1.42545
   -0.317291
    -1.76336
     1.82521
-0.000247834
   -0.928758
     -1.9863
     1.42545
   -0.317291
    -1.76336
     1.82521
-0.000247954
   -0.928758
     -1.9863
     1.42545
   -0.317291
    -1.76336
     1.82521
-0.000247834
   -0.928758
     -1.9863
     1.42545
   -0.317291
    -1.76336
     1.82521
-0.000247954
   -0.928758
     -1.9863
     1.42545
    -0.31729
    -1.76336
     1.82521
-0.000247894
   -0.928758
     -1.9863
     1.42545
    -0.31729
    -1.76336
     1.82521
-0.000248014
   -0.928758
     -1.9863
     1.42545
   -0.317291
    -1.76336
     1.82521
-0.000248014
   -0.928758
     -1.9863
     1.42545
    -0.31729
    -1.76336
     1.82521
-0.000248014
   -0.928758
     -1.9863
     1.42545
   -0.317291
    -1.76336
     1.82521
-0.000248014
   -0.928758
     -1.9863
     1.42545
    -0.31729
