0.0564272
-0.938593
-0.618319
  0.16289
-0.523852
  -1.2056
0.0589888
-0.940516
-0.655303
  0.17863
-0.508375
 -1.20768
0.0723643
-0.944968
-0.621489
 0.159687
-0.529559
 -1.21237
0.0720677
 -0.94418
-0.657087
 0.173253
 -0.51619
  -1.1968
0.0631444
-0.933047
 -0.64519
 0.168276
-0.519973
 -1.19792
0.0700397
-0.934405
-0.629423
 0.176603
-0.521115
 -1.18874
0.0745806
-0.937308
-0.656351
 0.170726
-0.506872
 -1.20344
0.0726862
-0.945777
-0.641453
 0.174052
-0.515558
 -1.19849
0.0624224
 -0.93762
-0.625126
 0.169053
-0.531189
 -1.20753
0.0610865
-0.940982
-0.636134
 0.166871
-0.515157
 -1.20435
0.0719775
-0.926831
-0.647737
 0.166227
-0.512797
 -1.20307
0.0594546
-0.942193
-0.627034
 0.169784
 -0.51588
 -1.19603
0.0532574
-0.951479
-0.646805
 0.169825
-0.507116
 -1.19656
0.0533046
-0.959624
-0.644472
 0.177236
-0.519897
 -1.20462
 0.041707
 -0.92931
 -0.64203
 0.173368
-0.509788
 -1.19419
0.0537095
-0.946228
-0.673654
 0.172634
-0.504166
 -1.19276
0.0246965
-0.954562
-0.637745
 0.162679
-0.528991
 -1.20568
-0.00436828
   -0.97038
  -0.626294
   0.164538
  -0.523077
   -1.21055
0.0071251
-0.929723
-0.581059
 0.168131
-0.516394
 -1.20952
-8.4013e-05
  -0.937245
  -0.639818
   0.172925
  -0.527854
   -1.20625
0.0227668
-0.946187
-0.653962
 0.173732
-0.514344
 -1.20369
 0.019648
-0.981635
-0.615956
 0.179633
-0.517616
 -1.20123
0.00495645
 -0.965672
 -0.642344
  0.165183
 -0.495869
  -1.20975
0.0306453
  -0.9427
-0.632008
 0.171496
-0.508149
 -1.20684
0.0125789
 -0.95285
-0.625904
  0.17691
-0.510221
 -1.18915
-0.0160155
 -0.980674
 -0.646463
  0.177007
 -0.510376
  -1.20225
0.0136228
-0.924261
-0.649374
 0.171955
-0.500093
 -1.19568
-0.0253452
  -1.01088
 -0.655668
  0.168669
 -0.497611
  -1.21746
-0.0264529
 -0.954739
  -0.62819
  0.170081
  -0.51268
  -1.19211
-0.0148713
 -0.969125
 -0.652112
  0.172167
  -0.50191
  -1.18555
-0.0120438
  -0.94787
 -0.656026
   0.16604
 -0.501078
  -1.18261
-0.0242529
 -0.981629
 -0.632734
  0.163708
 -0.493095
  -1.19388
-0.0346379
 -0.947521
 -0.622613
  0.165327
 -0.500519
  -1.18391
-0.0656556
 -0.991124
 -0.634437
  0.166681
  -0.51175
  -1.18573
-0.0636875
 -0.949208
 -0.648429
  0.161541
 -0.508805
  -1.20237
-0.0742266
 -0.989702
 -0.623005
  0.162131
 -0.499255
  -1.17131
-0.0772359
 -0.993696
 -0.619671
   0.16591
 -0.502777
  -1.17745
-0.0872847
 -0.971276
  -0.65202
  0.159672
 -0.497214
  -1.19855
-0.0939742
  -0.99457
 -0.653365
  0.163302
 -0.498666
  -1.19699
-0.116743
  -1.0182
-0.614442
 0.164124
-0.503042
  -1.1889
-0.126114
-0.999916
-0.667523
  0.15561
-0.490649
 -1.18605
-0.123478
-0.973365
-0.595627
 0.164839
-0.519083
 -1.16769
-0.108505
-0.969486
-0.642813
 0.156073
-0.503941
 -1.18394
-0.104913
 -1.00051
-0.649732
 0.162614
-0.500426
 -1.19398
-0.121465
 -1.02499
-0.618408
 0.159517
-0.505505
 -1.17518
-0.120517
-0.986694
-0.635545
  0.16029
-0.496179
 -1.17975
-0.130879
 -1.00444
-0.664093
 0.163887
-0.494452
 -1.18984
-0.142001
   -1.033
-0.618548
 0.167191
-0.510904
 -1.19229
-0.147161
 -1.01289
-0.633586
  0.16603
-0.504416
 -1.18173
-0.153911
 -1.00239
-0.631747
 0.166013
-0.504617
 -1.18302
-0.134766
-0.978934
-0.627034
 0.162074
-0.492502
 -1.18426
-0.137642
-0.992537
-0.630039
 0.163135
-0.490319
  -1.1902
-0.159037
 -1.01507
-0.630369
 0.171069
 -0.51298
 -1.18593
 -0.13915
-0.979176
-0.645901
  0.15804
-0.491078
  -1.1851
-0.146078
 -1.05295
-0.646181
 0.160344
-0.502525
 -1.16778
-0.150502
-0.984467
-0.653142
 0.155633
-0.495292
  -1.1628
-0.174158
 -1.01342
-0.627884
  0.15936
-0.510565
 -1.18115
-0.169635
-0.980613
-0.624214
 0.158669
-0.480683
 -1.15851
-0.174347
 -1.06021
-0.591976
 0.170946
-0.503229
 -1.19373
-0.199024
 -1.04802
-0.645909
  0.15138
-0.496078
 -1.19615
-0.203485
-0.960594
-0.626427
 0.155998
-0.489175
 -1.17449
-0.186651
 -1.06154
-0.612019
 0.167359
-0.490152
 -1.18998
-0.203632
-0.994261
-0.625234
 0.156765
-0.497573
 -1.17847
-0.182901
 -1.04451
-0.634807
 0.165182
-0.490939
 -1.18578
 -0.19834
 -1.03054
-0.606438
 0.163506
 -0.48616
 -1.19058
-0.185933
 -1.05736
 -0.63439
 0.166323
-0.494308
 -1.18445
 -0.19306
 -1.01169
-0.629106
 0.158313
-0.485983
 -1.17434
-0.218487
 -1.02739
-0.646317
 0.162844
-0.498909
 -1.17034
-0.215362
 -1.02178
 -0.62326
 0.161735
-0.492142
 -1.17876
-0.264265
 -1.05827
-0.618959
 0.162209
-0.482025
 -1.17701
-0.241772
 -1.02292
-0.627935
 0.169977
-0.480846
 -1.16964
-0.233426
 -1.00057
-0.641932
 0.154139
 -0.49815
 -1.17707
-0.251968
 -1.06769
-0.625175
 0.154339
-0.485694
  -1.1778
-0.245262
 -1.02718
-0.626532
 0.157254
 -0.48729
 -1.17105
-0.277351
  -1.0567
-0.627832
 0.160917
-0.486034
 -1.16958
  -0.2415
 -1.02656
-0.637341
 0.154502
-0.475012
 -1.15048
-0.272782
 -1.04212
 -0.62642
 0.154793
-0.492124
 -1.18618
-0.279732
 -1.04726
-0.641969
 0.162352
-0.479741
 -1.18735
-0.266523
 -1.07638
-0.649568
 0.160177
-0.470265
 -1.17265
-0.274381
 -1.06926
-0.617224
 0.155522
-0.483408
 -1.16283
-0.312943
 -1.03777
 -0.60291
 0.159087
-0.479754
 -1.16969
-0.322033
 -1.06096
-0.615204
 0.156385
-0.482458
   -1.158
-0.330027
 -1.04633
 -0.64138
 0.155034
-0.473689
 -1.16276
-0.311955
 -1.09505
-0.634948
 0.152478
-0.470637
 -1.15825
-0.339375
 -1.04077
-0.611066
  0.15749
-0.468987
 -1.14705
-0.363415
 -1.07137
-0.626602
 0.150058
-0.474408
 -1.15047
 -0.37313
 -1.06334
-0.604728
 0.162153
-0.484276
 -1.15326
-0.350454
 -1.09074
-0.656034
 0.159001
-0.467845
 -1.15949
-0.381376
 -1.12423
-0.644876
 0.165036
-0.472496
 -1.16947
-0.425845
 -1.14416
-0.610639
  0.16469
-0.480512
  -1.1568
-0.431505
 -1.04482
-0.599453
 0.154811
-0.472698
 -1.14504
-0.436896
 -1.09244
-0.628616
 0.158401
-0.482003
 -1.13708
-0.435149
  -1.1075
-0.609014
 0.153737
-0.476999
 -1.13412
-0.457946
 -1.09167
-0.639654
 0.160905
-0.477637
 -1.13599
-0.469152
 -1.09541
-0.620638
 0.164983
-0.478128
 -1.14197
-0.488916
  -1.1489
-0.580796
 0.156592
-0.474614
 -1.14626
-0.511783
  -1.1077
-0.618597
 0.161791
-0.460229
  -1.1204
-0.562179
 -1.11174
-0.590911
 0.168364
 -0.47914
 -1.13994
-0.556669
 -1.16104
-0.588635
 0.155473
-0.472183
 -1.12268
-0.543016
 -1.10928
-0.634921
  0.15244
-0.463106
 -1.11622
-0.592277
 -1.15369
-0.616561
  0.14513
-0.475546
 -1.12239
-0.605343
 -1.18205
-0.581311
 0.147974
-0.460099
 -1.12975
-0.628756
 -1.18059
-0.614963
 0.155492
-0.461168
 -1.13358
-0.612107
 -1.14736
 -0.61239
 0.153082
-0.459607
 -1.11336
 -0.67752
 -1.23439
-0.595385
 0.151855
-0.453571
 -1.13597
-0.684939
 -1.22181
-0.610089
 0.155684
-0.460469
 -1.12128
-0.710955
 -1.20073
-0.606291
 0.144004
-0.435233
 -1.11642
-0.728745
 -1.24615
-0.579729
 0.139743
-0.428468
 -1.08467
-0.803883
 -1.21834
  -0.5812
  0.14345
-0.441964
 -1.09665
-0.853232
 -1.23577
-0.553573
 0.145239
-0.441293
 -1.09125
-0.851506
  -1.2442
-0.585428
 0.149917
-0.427256
 -1.07365
-0.880312
 -1.25028
-0.650651
 0.130827
-0.414185
 -1.05856
-0.931426
 -1.26715
-0.601113
 0.140975
-0.432017
 -1.06018
-0.977049
 -1.29027
-0.557665
 0.138067
-0.413347
 -1.03435
-0.998853
 -1.30628
-0.624296
 0.136646
-0.409222
 -1.04726
  -1.0416
 -1.30009
-0.615278
 0.143512
-0.398564
 -1.02646
 -1.07965
 -1.37964
-0.562353
 0.142674
-0.406654
 -1.02735
 -1.14058
 -1.37787
 -0.58828
 0.135787
-0.387314
 -1.03468
  -1.1856
   -1.399
-0.633262
 0.138571
-0.376133
 -1.03025
 -1.26023
 -1.37259
-0.603897
  0.13581
-0.389301
 -1.01703
 -1.40295
 -1.47355
-0.543053
 0.124408
-0.377755
-0.991339
  -1.4628
 -1.51098
-0.569206
 0.116639
-0.381419
-0.972596
 -1.51981
 -1.41197
-0.555686
  0.11606
 -0.35386
-0.951124
 -1.58333
 -1.59973
-0.533067
 0.126666
-0.352471
-0.942961
 -1.69638
 -1.55533
 -0.54956
 0.115945
-0.359294
-0.914516
  -1.7375
 -1.57098
-0.498481
 0.118596
-0.347784
-0.897267
 -1.88419
 -1.67668
-0.549675
 0.112448
-0.315619
-0.895421
  -2.0808
 -1.70532
-0.568042
 0.104179
-0.303228
-0.852744
 -2.25236
  -1.7176
-0.462738
 0.116388
-0.293877
-0.835098
 -2.45408
 -1.85218
-0.472196
  0.10486
-0.277987
-0.807566
 -2.33703
 -1.75887
-0.529993
0.0890468
-0.286985
-0.833885
 -2.23617
 -1.72859
-0.536052
 0.108025
-0.283075
-0.863625
 -2.29781
 -1.82321
-0.479617
0.0999727
-0.298277
-0.822838
 -2.28482
 -1.75652
-0.490136
 0.115879
-0.289962
-0.834354
 -2.34902
 -1.80277
-0.515262
0.0996348
-0.317143
-0.839035
 -2.52981
 -1.89158
-0.492254
 0.109233
-0.289583
-0.808705
  -2.4961
 -1.81105
-0.514551
 0.110901
-0.311203
 -0.80516
 -2.52583
 -1.85182
-0.531611
 0.101764
-0.280055
-0.800215
 -2.65679
 -1.93496
 -0.51973
 0.106561
-0.295639
-0.787012
 -2.71098
 -1.86344
-0.470929
 0.106371
-0.291451
-0.786857
 -2.74439
 -1.90869
-0.519289
 0.101276
-0.295533
 -0.78989
 -2.76607
 -1.93183
-0.547538
0.0965008
-0.287632
-0.796814
 -2.78708
  -1.8832
-0.586663
0.0868202
-0.294445
-0.778357
 -2.96282
 -2.04016
-0.481705
0.0954678
-0.271498
-0.748161
 -3.01424
 -1.94874
-0.495807
 0.100265
-0.292208
-0.759948
  -3.0611
 -1.99037
-0.578808
0.0954415
-0.263257
-0.763428
 -3.09027
 -2.05645
-0.537087
0.0981863
-0.285497
-0.755647
 -3.04159
  -1.9743
-0.501487
0.0958138
-0.299139
-0.761437
 -3.17321
 -2.05709
 -0.54065
0.0871637
-0.259878
-0.733324
 -3.28686
 -2.03257
-0.555257
0.0939663
 -0.25162
-0.744603
 -3.36698
 -2.03295
-0.515037
 0.104127
-0.266584
-0.762184
 -3.42337
  -2.1199
-0.553381
0.0877539
-0.274323
-0.768478
 -3.49388
 -2.11053
-0.510294
0.0787593
-0.269151
-0.723944
 -3.58953
 -2.08865
-0.476434
 0.104812
-0.276059
-0.713337
  -3.7025
 -2.18222
 -0.55632
0.0985979
-0.279543
-0.734489
 -3.77273
 -2.14712
-0.502039
0.0900979
 -0.29068
-0.723821
 -3.85819
 -2.18724
-0.498608
0.0948008
-0.270226
-0.692091
 -3.96537
 -2.25825
-0.515094
0.0917974
-0.248558
-0.687196
 -4.03661
 -2.24897
 -0.56336
0.0912197
-0.251475
-0.708247
 -4.12885
 -2.33578
-0.532388
0.0973723
-0.256235
-0.718903
  -4.1813
 -2.26468
-0.504263
0.0972747
 -0.27202
-0.692078
 -4.24397
 -2.28608
-0.605743
0.0781401
-0.245592
-0.699106
 -4.40453
 -2.43197
-0.563913
0.0921032
-0.256488
-0.692736
  -4.4722
 -2.34674
-0.493037
0.0910065
-0.266026
-0.662329
 -4.58496
 -2.42386
-0.540209
0.0790646
-0.268001
-0.668641
 -4.57052
 -2.38778
-0.533877
 0.094309
-0.258258
-0.677371
 -4.62498
 -2.45143
-0.621325
0.0765193
-0.249169
-0.663978
 -4.83256
  -2.4709
-0.541505
0.0814692
-0.249883
-0.655192
 -4.94622
 -2.49702
-0.492394
0.0715299
  -0.2651
-0.624118
  -4.9775
 -2.51603
-0.580237
0.0858661
  -0.2577
-0.645407
 -4.97586
 -2.46082
-0.544365
0.0932031
-0.258535
-0.642599
 -5.07368
 -2.56309
-0.575046
0.0917911
-0.230134
-0.630233
 -5.15042
 -2.57376
-0.598293
0.0792184
-0.237477
-0.631433
 -5.27179
 -2.55065
-0.574904
0.0815048
-0.254112
-0.625305
 -5.35479
 -2.64224
-0.558637
0.0891614
-0.240338
-0.609381
 -5.41277
 -2.58506
-0.592196
 0.080201
-0.242337
-0.622041
 -5.45471
 -2.62683
 -0.60173
0.0748279
-0.242898
 -0.62233
 -5.51244
 -2.68773
-0.582343
0.0749239
-0.260933
-0.621522
 -5.58647
 -2.62829
-0.553013
0.0798471
-0.259801
-0.597986
 -5.70868
 -2.70964
-0.634649
0.0832953
-0.271765
-0.591292
 -5.78866
 -2.72597
-0.537058
0.0790018
 -0.29166
-0.594166
 -5.80332
 -2.65198
-0.627192
0.0948233
 -0.27653
 -0.59491
 -5.88064
 -2.82688
-0.577096
0.0879257
-0.276424
-0.596928
 -5.92362
 -2.65245
-0.607943
 0.085107
-0.277734
-0.559031
 -6.01734
 -2.82935
-0.597837
0.0773886
-0.274059
-0.578543
 -6.06318
 -2.69951
-0.595978
0.0923452
-0.287523
-0.583126
 -6.05021
 -2.81595
-0.639009
0.0839167
-0.275333
  -0.5729
 -6.15681
 -2.83557
-0.592074
0.0780883
-0.281247
-0.601768
 -6.17143
 -2.76034
 -0.63444
0.0885401
 -0.29433
-0.564321
 -6.30079
 -2.86526
-0.605982
0.0914057
-0.292865
-0.574483
 -6.31094
  -2.7739
-0.638663
 0.100249
-0.303403
-0.578933
 -6.36325
 -2.88375
-0.648718
0.0858489
-0.289452
-0.626339
 -6.42822
 -2.87546
-0.545044
0.0927094
-0.303807
-0.588096
 -6.43324
 -2.83968
-0.727948
0.0803668
-0.279141
-0.582241
 -6.51057
 -2.86465
-0.630272
0.0938967
-0.290405
-0.592049
 -6.52239
 -2.86707
-0.619451
0.0949618
-0.312224
-0.600927
 -6.55302
 -2.90865
 -0.70224
0.0857771
-0.301442
-0.594343
 -6.50969
 -2.83452
-0.613497
0.0939114
-0.311229
-0.601721
 -6.61941
 -2.91703
-0.719914
0.0907953
-0.300816
-0.598933
 -6.62774
 -2.88661
-0.644188
0.0898186
-0.305475
-0.601486
 -6.65631
 -2.87254
-0.658965
0.0881365
-0.312081
-0.611145
 -6.71432
 -2.93429
-0.706261
 0.092632
-0.317007
-0.618859
 -6.67975
 -2.86204
-0.662772
0.0862962
-0.325274
-0.616574
 -6.71007
 -2.90073
-0.696858
0.0947949
-0.322048
-0.604239
 -6.69999
 -2.89212
-0.718163
0.0894843
-0.334699
-0.629373
 -6.74735
 -2.86445
-0.686754
  0.09823
-0.329022
-0.635742
 -6.73212
 -2.90892
-0.669149
 0.104714
 -0.35185
-0.642462
 -6.73414
 -2.88605
-0.680433
0.0889001
-0.356463
-0.639867
 -6.73557
 -2.93181
-0.719782
 0.107806
-0.346494
-0.650253
 -6.73629
 -2.83426
-0.682639
0.0943832
-0.362096
-0.638193
 -6.80866
 -2.86823
-0.679643
 0.102555
-0.368956
-0.627162
 -6.74458
 -2.84303
-0.701153
  0.10159
-0.353834
-0.649871
  -6.6909
  -2.8649
-0.772702
0.0931729
-0.363048
-0.650605
  -6.6384
 -2.87229
 -0.70957
0.0999982
-0.363707
-0.670915
 -6.69477
  -2.7775
-0.725996
 0.105177
-0.372257
-0.637134
 -6.71455
 -2.86638
-0.714415
 0.096965
-0.371803
-0.672256
 -6.69191
  -2.8045
-0.681324
 0.101615
-0.380791
-0.656733
 -6.62164
 -2.84254
-0.788983
 0.108175
 -0.35664
 -0.69609
  -6.5551
 -2.79814
-0.702493
 0.106406
-0.390792
-0.684566
 -6.58383
 -2.74883
-0.741302
  0.11138
 -0.39302
-0.692631
 -6.56628
 -2.80374
-0.740276
 0.110385
-0.401103
 -0.70399
 -6.54119
 -2.74173
-0.680065
 0.108292
-0.404623
-0.717814
 -6.42821
 -2.74211
-0.765501
 0.115386
-0.405771
-0.701433
 -6.37176
 -2.73362
-0.737906
 0.117882
-0.397205
-0.719691
 -6.32376
 -2.68485
-0.752496
 0.109751
-0.403894
-0.731141
  -6.2935
 -2.71651
-0.786662
  0.11911
-0.417916
-0.763142
 -6.24357
 -2.64664
-0.747187
  0.11799
-0.412943
-0.747999
 -6.13157
 -2.62748
-0.708302
 0.123185
-0.428097
-0.763064
 -6.08644
 -2.65209
-0.733292
 0.128999
-0.436218
-0.785098
 -6.04449
 -2.55954
 -0.72636
 0.123208
-0.431785
-0.784046
 -5.99087
 -2.59361
-0.767451
  0.12881
-0.431901
-0.810936
 -5.86369
 -2.51834
-0.736671
 0.128663
-0.427169
-0.806461
 -5.75497
 -2.50625
-0.757957
 0.128305
-0.440803
-0.816596
 -5.65847
 -2.49418
 -0.77389
 0.126103
-0.429752
-0.842644
 -5.57227
 -2.43567
-0.731081
 0.138284
-0.426008
-0.864822
 -5.51849
 -2.45571
-0.785634
 0.123698
-0.417611
-0.868609
 -5.38755
 -2.38681
-0.750813
 0.135383
-0.455854
-0.884577
  -5.2572
 -2.36217
-0.768244
 0.121028
-0.433939
-0.892981
 -5.14628
 -2.29832
-0.767705
 0.127813
-0.440666
-0.896711
 -5.09145
 -2.30227
-0.772108
 0.128743
-0.439875
 -0.93922
 -4.98931
 -2.31349
-0.761525
 0.127024
-0.454736
-0.908381
 -4.89034
 -2.18903
-0.726133
 0.140835
 -0.47123
 -0.92301
 -4.81305
 -2.20118
-0.753328
 0.146004
-0.463402
-0.945887
 -4.71007
  -2.1809
-0.731366
 0.144169
-0.464533
-0.947476
 -4.57742
 -2.14872
-0.747943
 0.137237
-0.467445
-0.958637
 -4.46342
 -2.15006
-0.747741
 0.133979
-0.489955
-0.969698
 -4.39837
 -2.04828
-0.737291
 0.152208
-0.493698
 -0.97841
 -4.29849
 -2.08569
-0.784425
  0.15507
-0.480592
-0.991789
 -4.19043
 -2.05297
-0.751731
  0.14036
-0.489415
-0.990709
 -4.09661
 -1.96939
-0.755018
 0.146556
-0.492283
 -1.00842
 -4.00488
 -2.03336
-0.787499
 0.146533
-0.491238
  -1.0246
 -3.96858
 -1.93264
-0.733046
 0.144579
-0.495086
-0.998499
 -3.86223
 -1.90866
-0.740488
 0.157091
-0.505458
 -1.03133
 -3.73355
 -1.89439
-0.782367
 0.154046
-0.492295
 -1.06774
 -3.63326
  -1.8894
-0.765048
 0.148789
-0.494688
 -1.04585
 -3.49715
  -1.8605
-0.779719
 0.163793
 -0.49993
 -1.06122
 -3.39756
 -1.79423
-0.791592
 0.156467
-0.498778
 -1.05738
 -3.34349
 -1.77706
-0.765578
 0.152661
 -0.51573
  -1.0656
 -3.26896
 -1.77621
-0.770595
 0.157912
-0.515585
 -1.08066
 -3.15739
 -1.71617
-0.784462
  0.15519
-0.504803
 -1.06999
 -3.11201
 -1.73838
-0.727999
 0.159411
-0.533245
 -1.08768
  -3.0526
 -1.69515
-0.754954
 0.149999
-0.534452
 -1.09124
 -2.92568
 -1.66055
-0.722843
 0.161278
-0.541272
 -1.11213
 -2.84934
 -1.67705
-0.747736
 0.165185
-0.527497
 -1.11646
 -2.79304
 -1.64341
 -0.72895
 0.162883
-0.533012
 -1.12188
 -2.69591
 -1.60964
-0.772134
 0.172394
-0.525393
 -1.11085
 -2.61975
 -1.60788
  -0.7428
 0.160671
-0.536374
  -1.1156
  -2.5876
 -1.56775
-0.717924
 0.163286
-0.543441
 -1.13618
  -2.4306
 -1.51766
-0.756986
 0.157317
-0.544205
 -1.12451
 -2.43173
 -1.59565
-0.707524
 0.162788
-0.553161
 -1.14022
 -2.37541
 -1.49642
-0.742364
 0.152436
-0.538129
 -1.12895
 -2.33114
 -1.50526
-0.735883
 0.173405
-0.540627
 -1.12942
 -2.23465
 -1.52766
-0.721474
 0.166317
-0.552834
 -1.14231
  -2.1816
 -1.46518
-0.740466
 0.161564
-0.538879
 -1.14633
 -2.15311
 -1.53792
-0.729599
 0.169974
-0.539676
 -1.14996
 -2.11926
 -1.44863
-0.758401
 0.164815
-0.538463
 -1.14291
 -2.04287
 -1.42686
-0.688139
 0.164941
-0.545294
 -1.16607
 -2.00659
  -1.4496
-0.750111
 0.176333
-0.534808
 -1.16875
 -1.94733
 -1.41423
-0.764273
 0.158868
 -0.53215
 -1.14476
 -1.89357
 -1.40883
-0.698019
 0.171163
-0.526381
 -1.15712
 -1.88147
 -1.37738
-0.757362
 0.157871
-0.537493
 -1.17234
-1.87342
-1.42655
-0.75244
0.163358
-0.53049
-1.16932
 -1.86395
 -1.36258
-0.731935
 0.162295
-0.530872
 -1.14858
 -1.87175
 -1.39013
-0.735592
 0.165038
-0.528853
 -1.15812
 -1.90132
 -1.47156
-0.720062
 0.172294
 -0.53176
 -1.17524
 -1.94563
 -1.35829
 -0.73864
 0.168763
-0.536093
 -1.16419
 -1.93463
 -1.38629
 -0.72481
  0.17155
-0.537505
 -1.14703
 -1.93374
 -1.46907
 -0.75862
 0.168159
-0.530357
 -1.16349
 -1.98213
 -1.40492
-0.728807
 0.163955
-0.531393
 -1.17531
 -1.98753
 -1.42698
-0.738866
 0.157516
-0.537299
 -1.16135
 -1.96738
 -1.40706
-0.737225
 0.162908
-0.533356
 -1.16151
 -1.96958
 -1.39678
 -0.71262
 0.174416
-0.542813
 -1.15291
 -1.96433
 -1.45602
-0.766158
   0.1728
-0.535861
 -1.16478
 -1.99736
 -1.46289
-0.729127
 0.176194
 -0.54369
 -1.15435
 -2.06525
 -1.41459
-0.725004
 0.170153
-0.554516
 -1.14884
 -2.04906
 -1.43186
-0.757533
 0.166799
-0.521856
 -1.14905
 -2.05788
 -1.47361
-0.747904
 0.164753
-0.553853
 -1.15535
 -2.11355
 -1.44663
-0.720295
 0.169924
-0.544327
 -1.16566
 -2.11663
 -1.41013
-0.737774
 0.166415
-0.545861
 -1.14724
 -2.11328
  -1.4928
 -0.75603
 0.174841
-0.541863
 -1.15783
 -2.14715
 -1.44672
-0.731696
 0.169484
-0.544161
 -1.15193
 -2.14825
 -1.47706
-0.727283
 0.169756
-0.562652
 -1.15874
 -2.16489
 -1.48728
-0.777111
 0.170453
-0.545694
 -1.15479
  -2.1925
 -1.50929
-0.756085
 0.174229
 -0.55991
 -1.15319
 -2.24334
 -1.44255
-0.701199
 0.168187
 -0.54999
 -1.14007
 -2.21836
  -1.4891
-0.753067
 0.163596
-0.550197
 -1.14813
 -2.25525
 -1.50168
-0.792687
 0.156022
-0.533729
 -1.14575
  -2.2798
 -1.53356
-0.744746
 0.180101
-0.563892
 -1.14553
  -2.3093
 -1.45602
-0.752748
 0.169828
-0.560813
 -1.13307
 -2.32649
 -1.53861
-0.736504
 0.170543
-0.573144
 -1.13799
 -2.36186
 -1.51516
-0.778398
 0.157666
-0.547507
 -1.12839
 -2.37419
 -1.51547
-0.765808
 0.159992
-0.557118
 -1.12056
  -2.3834
 -1.54218
-0.702582
 0.170567
-0.571185
 -1.12586
 -2.42115
 -1.53647
-0.790087
 0.163237
-0.562245
 -1.13491
  -2.4055
 -1.53867
-0.753155
 0.168509
-0.548748
 -1.12662
  -2.4716
 -1.54693
-0.740801
 0.177643
 -0.55763
 -1.13922
 -2.49049
  -1.5381
-0.730627
 0.167409
-0.555502
 -1.11754
 -2.51341
  -1.5565
-0.763598
 0.166461
-0.556889
 -1.12847
 -2.51028
   -1.553
 -0.76545
 0.164215
-0.553026
 -1.10434
 -2.55722
 -1.57302
 -0.76954
 0.167248
-0.560132
 -1.12378
 -2.62424
 -1.56045
-0.754346
 0.168027
-0.557728
 -1.11102
 -2.62419
 -1.58775
-0.774497
 0.163042
-0.551763
 -1.11136
 -2.64325
 -1.59454
-0.767326
 0.157992
-0.541216
 -1.10158
 -2.67611
 -1.60291
-0.759785
 0.164618
 -0.54277
  -1.1227
 -2.70229
 -1.59148
-0.793342
 0.165565
-0.558076
 -1.12334
 -2.70297
   -1.638
-0.746846
 0.164449
-0.546346
 -1.12054
 -2.73404
 -1.61517
-0.796883
 0.161097
-0.551886
 -1.10111
 -2.78887
 -1.61707
-0.759441
 0.163565
-0.554457
 -1.10683
 -2.82305
 -1.60364
-0.723704
 0.158557
-0.570294
 -1.10468
 -2.82715
 -1.64978
-0.791058
 0.155494
-0.536948
 -1.10713
 -2.87072
 -1.64091
 -0.76434
 0.150099
-0.571071
 -1.09345
 -2.86589
 -1.63666
-0.817779
 0.152995
-0.519562
 -1.09091
 -2.92864
 -1.65758
-0.783449
 0.166854
-0.549474
 -1.09392
 -2.97268
  -1.6962
-0.751705
  0.16227
-0.552614
 -1.12219
 -3.00109
  -1.6405
 -0.79479
 0.165563
-0.545885
 -1.08169
 -3.01499
 -1.70238
-0.778102
 0.161596
 -0.53527
 -1.09874
 -3.06615
  -1.7052
-0.776578
 0.167217
-0.552627
 -1.09115
 -3.11966
 -1.71624
  -0.7727
 0.155833
-0.554051
 -1.10614
 -3.16782
 -1.72997
-0.773356
 0.167648
-0.543745
 -1.09582
 -3.21402
 -1.73934
-0.816457
  0.15706
-0.547979
  -1.0854
 -3.23538
 -1.75922
-0.766367
 0.171098
-0.561337
 -1.07382
 -3.27016
 -1.75527
-0.791397
 0.164721
-0.564672
 -1.07548
 -3.32907
 -1.78432
-0.770257
  0.16698
 -0.55251
  -1.0838
 -3.39206
  -1.7842
-0.825173
 0.162738
-0.568276
 -1.08643
 -3.37983
 -1.75647
  -0.7944
 0.158209
-0.560545
 -1.06303
 -3.41058
 -1.78925
-0.753913
 0.170598
-0.565752
 -1.07208
 -3.45767
 -1.83965
-0.810709
 0.147301
-0.550715
  -1.0622
 -3.48124
 -1.80189
-0.798428
 0.149117
-0.563387
 -1.04667
 -3.52313
 -1.77098
-0.754901
 0.164701
-0.581814
  -1.0451
 -3.55923
  -1.8202
-0.765068
 0.162573
-0.590533
 -1.05142
 -3.60835
 -1.87519
 -0.78019
 0.152516
-0.575407
 -1.04821
 -3.62667
 -1.85228
-0.804307
 0.151542
-0.573498
 -1.05237
 -3.65778
 -1.91272
-0.827475
 0.162073
 -0.56219
 -1.04855
  -3.7191
 -1.87904
-0.798003
 0.170167
-0.564028
 -1.05487
 -3.74767
 -1.82068
-0.769532
 0.161348
-0.575483
 -1.02329
 -3.80063
 -1.90397
-0.814196
 0.164534
-0.564396
 -1.03327
 -3.82857
 -1.89806
-0.776536
 0.159817
-0.569878
 -1.03137
 -3.86916
 -1.96406
-0.834009
  0.17221
-0.571752
 -1.01513
 -3.92957
 -1.92717
-0.808218
 0.159909
-0.571856
 -1.02901
 -3.99147
 -1.90072
-0.784942
 0.159104
-0.565499
 -1.03164
 -4.02339
 -1.95355
-0.841983
 0.149838
-0.556758
  -1.0106
  -4.0473
  -1.9977
-0.794679
 0.152544
-0.564701
 -1.03067
  -4.0994
  -1.9722
-0.836366
 0.167169
-0.567718
 -1.01711
 -4.15361
 -1.99624
-0.815239
 0.160134
-0.569436
 -1.00255
 -4.20553
 -1.97635
-0.799646
 0.169374
-0.563276
 -1.00673
 -4.22637
 -2.03159
 -0.83053
 0.151764
-0.571009
-0.991423
 -4.27834
 -2.05251
-0.787554
 0.171879
 -0.57644
-0.997322
 -4.31651
 -2.05084
-0.805665
 0.161121
-0.579194
 -1.00483
 -4.35368
 -2.02688
-0.818958
 0.161413
-0.568915
-0.972919
 -4.41117
 -2.06255
-0.802201
 0.158461
-0.563489
-0.974935
 -4.46328
 -2.07157
-0.828628
 0.159225
-0.569928
-0.985143
 -4.49237
  -2.0958
-0.807852
 0.159965
-0.565602
-0.980797
 -4.54343
 -2.08244
-0.824605
 0.147688
-0.547946
-0.963711
 -4.58111
 -2.08141
-0.857425
 0.160321
-0.562095
-0.965558
 -4.63901
 -2.11402
-0.809678
 0.146821
 -0.54646
-0.970339
 -4.65324
 -2.15212
-0.855609
 0.152911
 -0.55128
-0.958333
 -4.69253
  -2.1421
 -0.82627
 0.149809
-0.555778
-0.966561
 -4.72347
 -2.13269
-0.796476
 0.149379
-0.565816
-0.959853
 -4.71975
 -2.12629
   -0.892
 0.159404
-0.532417
-0.957775
 -4.77575
 -2.13225
-0.809506
 0.149782
-0.560198
-0.936807
  -4.8124
 -2.20348
-0.821755
 0.161053
-0.576264
-0.959905
 -4.81211
 -2.14703
-0.845065
 0.151133
-0.563651
 -0.94179
 -4.86928
 -2.19103
-0.803269
 0.153316
-0.570285
-0.946195
  -4.8746
 -2.19636
-0.835375
 0.153452
-0.566462
-0.948667
   -4.885
   -2.182
-0.863643
 0.149565
-0.569643
  -0.9297
 -4.90949
 -2.19678
-0.805365
 0.154263
-0.575754
-0.945884
 -4.93912
 -2.19511
-0.829941
 0.160111
-0.581321
-0.935435
 -4.97929
 -2.19001
 -0.79332
  0.15285
 -0.57449
-0.921431
 -5.00803
 -2.19111
-0.814435
 0.162827
-0.568902
 -0.92436
 -5.02576
 -2.24945
-0.849211
  0.15128
-0.572802
-0.935848
 -5.05501
 -2.23036
-0.851723
 0.153327
-0.560482
  -0.9354
 -5.06393
 -2.25257
-0.830722
 0.150511
-0.555321
-0.925472
 -5.09998
 -2.23961
-0.825166
 0.153797
 -0.56029
-0.936114
 -5.11614
 -2.24979
-0.818156
 0.151206
-0.559585
-0.923446
 -5.11487
 -2.23755
-0.812863
 0.150429
-0.552327
-0.932218
 -5.11059
 -2.28434
-0.855357
 0.143693
 -0.54262
-0.932003
 -5.14789
 -2.25732
 -0.84216
 0.147407
-0.550206
-0.933887
 -5.16699
 -2.27231
-0.834681
 0.150439
-0.555114
-0.929768
 -5.12928
 -2.22322
-0.834926
 0.144961
-0.549285
-0.911551
 -5.13462
 -2.25262
-0.846255
 0.152564
-0.548785
-0.919553
 -5.13591
 -2.25602
-0.842984
 0.145899
-0.545419
-0.928207
 -5.15029
 -2.25579
-0.835359
 0.147698
-0.546368
-0.931417
  -5.1603
 -2.25643
-0.828438
 0.152729
-0.542522
-0.912764
 -5.16164
 -2.25977
-0.833011
 0.149981
-0.542452
-0.920802
 -5.15707
 -2.27018
-0.831579
 0.151117
-0.553177
 -0.92129
 -5.11508
 -2.26315
-0.833284
 0.154687
-0.543483
-0.932375
 -5.10969
 -2.26054
-0.833127
 0.147817
  -0.5449
-0.922543
 -5.10048
 -2.25618
-0.835944
 0.146021
-0.562677
-0.950542
 -5.10115
 -2.24475
  -0.8373
 0.143202
-0.545311
-0.943406
 -5.09426
 -2.24649
-0.833838
 0.157864
-0.559336
-0.940117
 -5.09158
 -2.24108
-0.832555
 0.151878
-0.558465
-0.928805
 -5.07078
 -2.23218
-0.829452
 0.153515
 -0.54464
-0.925483
 -5.07221
 -2.23534
-0.829451
 0.147094
-0.547873
-0.938099
 -5.08402
 -2.23703
-0.829362
  0.15876
-0.553065
-0.932744
 -5.09478
 -2.23657
-0.830291
 0.149766
  -0.5616
 -0.92857
 -5.12072
 -2.24856
-0.826466
 0.151666
-0.549021
-0.922648
 -5.09529
  -2.2423
-0.826856
 0.150641
 -0.54794
-0.929598
 -5.10463
 -2.24685
-0.835582
 0.159142
-0.568426
-0.924802
 -5.09624
 -2.24718
-0.827864
 0.146302
-0.541541
-0.929649
 -5.10259
  -2.2467
 -0.82892
 0.145461
-0.537012
-0.921921
 -5.10233
 -2.24767
-0.827832
 0.152597
-0.560191
-0.921597
 -5.10042
  -2.2468
-0.836105
 0.152329
-0.547333
-0.937506
 -5.12125
 -2.25596
-0.835362
 0.145494
-0.551177
-0.916297
 -5.10961
 -2.25269
-0.828878
 0.140779
-0.551599
-0.918762
  -5.1171
 -2.24635
-0.829422
 0.147201
-0.542312
-0.924444
 -5.11389
 -2.25193
-0.832722
 0.140293
-0.549223
-0.933844
 -5.12913
 -2.24733
-0.826231
 0.154738
-0.554487
-0.925521
 -5.12789
 -2.24431
-0.830627
 0.149832
-0.539714
-0.915399
  -5.1537
  -2.2576
-0.830362
 0.150346
-0.550752
-0.927342
 -5.14647
 -2.25313
-0.832703
 0.151404
 -0.54383
-0.921655
 -5.14499
 -2.25986
-0.835006
 0.147232
-0.556301
-0.940408
 -5.16582
 -2.26796
-0.828812
  0.14667
 -0.55736
-0.921419
  -5.1602
 -2.26421
-0.827899
 0.155933
-0.543203
-0.914066
 -5.16862
 -2.26412
-0.834672
 0.156456
-0.549419
-0.914727
 -5.15381
 -2.26548
 -0.83044
 0.148815
-0.544182
-0.928979
 -5.16654
 -2.26443
-0.828302
 0.144392
-0.542556
-0.929465
 -5.14841
 -2.26215
-0.827552
  0.14682
-0.554886
-0.941568
 -5.17118
 -2.26229
-0.829514
 0.146439
-0.544177
-0.923223
 -5.17423
 -2.25844
-0.830804
  0.14541
-0.545411
-0.923245
 -5.12596
 -2.25285
-0.836632
 0.143575
-0.542671
-0.926068
 -5.13597
 -2.25381
-0.829928
 0.148323
-0.555757
-0.925227
 -5.16652
 -2.26375
-0.827427
 0.153178
-0.548962
-0.924408
   -5.181
 -2.26484
 -0.83953
 0.152983
-0.556511
-0.917679
 -5.17523
 -2.26271
-0.833193
 0.143665
-0.538094
 -0.93215
 -5.17553
 -2.26959
 -0.83294
 0.151276
-0.545381
-0.928205
 -5.18272
 -2.26571
-0.826123
 0.150352
-0.552831
-0.914174
 -5.19445
 -2.26832
-0.831982
 0.153813
-0.553811
-0.929721
 -5.18025
 -2.25835
-0.828944
 0.150265
 -0.54139
-0.925074
 -5.18728
 -2.27256
-0.835013
 0.151441
-0.544062
-0.918986
 -5.18067
 -2.26546
-0.831109
 0.149576
-0.550031
-0.934771
 -5.17915
 -2.26332
-0.828815
 0.142945
 -0.53498
-0.927757
 -5.19173
   -2.271
-0.837457
 0.152811
-0.537398
-0.922447
 -5.17737
 -2.26262
-0.832037
 0.144744
  -0.5476
-0.920107
 -5.17882
 -2.25716
-0.835591
 0.140457
-0.547257
 -0.92178
 -5.20145
 -2.27364
-0.839765
 0.154459
-0.542923
 -0.92909
 -5.20139
 -2.27411
-0.836212
 0.152071
-0.544912
-0.920257
 -5.19819
 -2.27893
-0.840767
 0.149898
-0.542088
-0.934196
 -5.15304
 -2.25984
-0.833332
 0.148831
-0.537539
-0.917396
 -5.18767
 -2.27074
-0.826636
 0.142653
-0.539103
-0.939357
 -5.17775
 -2.26893
-0.833469
  0.14994
-0.551596
-0.941131
   -5.171
 -2.26304
-0.835363
 0.146453
-0.537044
-0.912103
 -5.16873
 -2.26243
-0.831593
 0.156406
-0.544386
-0.941837
 -5.17122
 -2.26097
-0.828236
 0.153995
-0.552132
-0.940749
 -5.16368
 -2.25874
-0.840365
 0.147274
-0.529716
-0.929301
 -5.16813
 -2.25749
-0.832545
 0.144676
-0.537023
-0.928342
 -5.19455
 -2.26686
-0.832247
 0.162366
-0.547463
-0.922399
  -5.1853
  -2.2634
-0.832322
 0.152586
-0.555424
-0.926121
 -5.19168
 -2.26302
-0.837791
 0.149448
-0.541112
-0.918557
 -5.19238
 -2.26858
-0.837392
 0.153435
-0.545064
-0.907196
 -5.21212
 -2.28006
-0.835374
   0.1592
-0.544099
-0.935625
 -5.17931
 -2.26225
-0.828892
 0.152186
-0.548739
-0.917556
  -5.1643
 -2.26412
-0.835911
 0.151633
-0.536313
-0.936326
 -5.17307
 -2.26225
-0.831576
 0.150435
-0.548651
-0.941063
 -5.19587
 -2.27084
-0.833402
 0.155064
-0.558506
 -0.93506
 -5.16595
 -2.25771
-0.829203
 0.149746
-0.552258
-0.926011
 -5.17069
 -2.26473
-0.837949
 0.143681
-0.549404
-0.932935
 -5.16865
  -2.2556
-0.831588
 0.140756
-0.538732
-0.931955
 -5.16877
 -2.26322
-0.832367
 0.150556
-0.548907
 -0.92592
 -5.15731
 -2.25088
-0.832761
 0.145352
-0.540867
-0.924068
 -5.15299
 -2.26003
-0.829223
 0.149917
-0.560304
 -0.93289
 -5.16423
 -2.26483
 -0.83033
 0.149167
  -0.5561
-0.940786
 -5.19258
  -2.2669
 -0.82894
 0.155559
-0.549515
-0.925022
 -5.19723
 -2.26601
-0.827668
 0.143346
-0.551766
-0.921723
 -5.20694
 -2.27578
-0.826698
 0.155404
-0.553765
-0.941202
 -5.17268
 -2.26347
-0.831243
 0.158148
 -0.55019
-0.921018
 -5.20129
 -2.26564
-0.827888
 0.148531
-0.549362
-0.928047
 -5.17499
 -2.27035
-0.828812
 0.160633
-0.536877
-0.920021
 -5.19338
 -2.27353
-0.832014
 0.145351
-0.559863
-0.929724
 -5.17383
 -2.25983
  -0.8314
 0.146046
-0.553553
-0.928186
 -5.16066
 -2.25305
-0.832847
 0.156867
-0.540708
-0.924712
 -5.17843
 -2.25862
-0.830203
 0.134085
-0.539458
-0.925368
 -5.15866
 -2.26229
-0.836705
 0.152918
-0.547046
-0.915034
 -5.17068
 -2.26385
 -0.83941
 0.146532
-0.532133
-0.942275
 -5.16866
  -2.2647
-0.836818
 0.138827
-0.541588
-0.931208
 -5.16949
  -2.2604
 -0.84036
 0.150305
-0.541154
-0.926661
 -5.18833
 -2.26782
-0.832686
 0.142606
-0.532681
-0.949283
 -5.16081
 -2.26268
-0.836716
 0.142358
-0.538974
-0.919837
 -5.16141
 -2.26014
-0.834674
 0.142166
-0.544447
-0.925358
 -5.16306
 -2.26077
-0.837054
 0.156357
-0.549368
-0.927468
 -5.16649
  -2.2555
-0.836045
  0.15189
-0.548456
-0.924689
 -5.17703
 -2.26414
-0.842575
 0.149963
-0.562125
 -0.93577
 -5.17574
 -2.25921
-0.825809
 0.156761
-0.550702
-0.918947
 -5.16323
 -2.26123
  -0.8356
 0.142848
-0.540752
-0.916576
 -5.18521
 -2.26335
-0.834725
 0.154562
-0.545694
-0.926344
 -5.17637
  -2.2658
-0.833567
 0.151388
-0.545606
-0.930874
 -5.17008
 -2.25747
-0.835952
 0.151531
-0.534849
-0.921124
 -5.17206
 -2.26728
-0.839041
 0.149888
-0.556711
-0.931342
 -5.18216
 -2.26701
-0.831307
 0.154846
-0.541755
 -0.92875
 -5.19118
  -2.2735
-0.835528
 0.146285
-0.540372
-0.932819
 -5.19741
 -2.26463
-0.825545
 0.149905
-0.555273
-0.918766
 -5.17533
 -2.26269
-0.836731
  0.14877
-0.563386
-0.919515
 -5.14622
 -2.25333
-0.830305
 0.152323
-0.540975
-0.910606
 -5.15398
 -2.25582
-0.831689
 0.142193
 -0.52865
-0.931862
 -5.15503
 -2.25235
-0.833642
 0.140858
-0.539711
-0.913538
 -5.18322
  -2.2639
-0.840313
 0.147903
-0.547405
-0.931035
 -5.16385
 -2.25802
-0.834697
 0.149311
-0.543893
-0.917247
 -5.14732
 -2.25765
-0.840647
 0.151345
-0.542253
-0.934796
 -5.16653
 -2.25606
-0.834733
 0.144312
-0.546628
-0.918192
 -5.17556
 -2.26058
 -0.82801
 0.150217
-0.547199
-0.921898
 -5.17904
 -2.25569
-0.833362
 0.146134
-0.546484
-0.902883
 -5.19279
 -2.26706
-0.833299
  0.14521
-0.541623
-0.920526
 -5.18139
 -2.27009
-0.828006
 0.154702
-0.547655
-0.937113
 -5.17796
 -2.26764
-0.835752
 0.154253
-0.545063
-0.929165
 -5.17077
 -2.26327
-0.840118
 0.155123
-0.536815
-0.914287
 -5.14959
 -2.25676
-0.830196
 0.148453
-0.536491
-0.911979
 -5.15838
 -2.25492
-0.828045
 0.146114
 -0.54387
-0.914508
 -5.18284
 -2.26588
-0.828686
 0.142154
-0.553815
-0.914044
 -5.16771
 -2.25952
 -0.83147
  0.14264
-0.546204
 -0.92903
 -5.17378
 -2.25985
-0.838217
 0.145721
-0.534033
-0.928579
 -5.16176
  -2.2572
-0.830601
  0.15241
-0.540285
-0.931239
 -5.14318
 -2.24926
-0.831807
  0.14381
-0.536259
-0.925188
 -5.17443
 -2.26505
-0.829121
  0.15142
-0.546384
-0.928678
 -5.17319
 -2.26146
-0.828162
 0.154417
 -0.55309
-0.929242
 -5.17366
 -2.26118
-0.833555
 0.139515
 -0.54992
-0.926553
 -5.16117
 -2.25998
-0.834685
 0.154316
-0.541157
-0.916301
 -5.17286
  -2.2633
-0.829106
 0.148372
-0.545737
-0.925774
 -5.18648
 -2.26719
-0.835793
 0.150362
-0.551697
 -0.93228
 -5.17907
 -2.26294
-0.830311
  0.15344
 -0.54813
-0.927024
 -5.17719
 -2.27054
-0.830276
 0.153355
-0.548254
 -0.93996
 -5.17674
  -2.2645
-0.831336
  0.14986
-0.551131
-0.927844
 -5.15566
 -2.25719
-0.832607
  0.15166
-0.543046
-0.920268
 -5.18116
 -2.26298
 -0.82578
 0.146375
-0.537137
-0.925158
 -5.16792
  -2.2664
-0.835859
 0.151045
-0.539056
-0.932271
   -5.154
 -2.26448
-0.836084
 0.146826
  -0.5471
-0.944142
 -5.16949
 -2.25923
-0.830448
 0.158891
-0.548022
-0.924131
 -5.17038
 -2.26545
-0.831122
 0.145101
-0.543831
-0.920143
 -5.16844
 -2.26393
-0.836092
 0.154701
 -0.54246
-0.937802
 -5.16747
 -2.26783
-0.828066
 0.150762
-0.538962
-0.935717
  -5.1643
 -2.26466
-0.827852
 0.149412
-0.556639
-0.922478
 -5.17338
 -2.26198
-0.836903
 0.145559
-0.550742
-0.924469
 -5.17794
 -2.26845
-0.839165
 0.146262
 -0.54151
-0.936358
 -5.15509
 -2.26015
-0.841562
 0.147202
-0.535799
 -0.92837
  -5.1582
 -2.26415
-0.833737
  0.15008
-0.554038
-0.936489
 -5.15927
 -2.25977
-0.839349
 0.149496
  -0.5391
-0.927702
 -5.16753
 -2.25966
-0.836042
 0.150336
-0.542065
-0.929045
 -5.16507
 -2.26108
-0.835065
 0.150979
-0.545379
-0.939096
 -5.15346
 -2.25842
-0.829064
 0.142545
-0.541379
-0.916748
 -5.16485
 -2.26244
-0.836973
 0.149446
 -0.54424
-0.925935
 -5.18115
 -2.26346
-0.830037
 0.149789
 -0.55009
 -0.91549
 -5.17055
 -2.26414
-0.831321
 0.150496
 -0.54264
-0.924146
 -5.15936
 -2.26851
-0.835626
 0.145245
  -0.5511
-0.929215
 -5.16231
 -2.25645
-0.837168
 0.142011
-0.543592
-0.928023
 -5.16379
 -2.25793
-0.832785
 0.149494
-0.545347
-0.931021
 -5.16963
 -2.26032
-0.836019
 0.143563
-0.549328
-0.933402
 -5.14465
 -2.25283
 -0.83829
 0.138734
-0.543597
-0.923741
 -5.15307
 -2.25936
-0.830559
 0.151591
-0.555351
-0.934981
 -5.16381
 -2.25869
-0.831381
 0.144758
-0.554954
  -0.9219
  -5.1673
 -2.26014
-0.828224
 0.156153
 -0.56076
-0.929027
 -5.18537
 -2.26255
-0.831543
 0.153518
-0.547766
 -0.93064
 -5.15814
 -2.25509
-0.832897
  0.15379
-0.540127
 -0.92827
 -5.16001
 -2.25664
   -0.834
 0.151097
-0.558077
-0.934897
 -5.16432
 -2.26422
-0.835775
 0.153577
-0.543593
-0.922346
 -5.17634
 -2.25792
-0.836041
  0.14781
-0.548255
-0.926962
  -5.1806
 -2.26525
-0.828927
 0.153913
-0.549576
-0.916483
 -5.16238
  -2.2637
-0.838083
 0.151114
-0.533655
-0.924872
 -5.16981
 -2.25901
-0.833792
 0.151063
  -0.5566
-0.928045
 -5.15829
 -2.26315
-0.832447
 0.154108
-0.540937
-0.920544
 -5.16215
 -2.25549
-0.833939
  0.15714
-0.541359
-0.923303
 -5.15007
 -2.25556
-0.836272
 0.143649
 -0.55202
-0.937939
 -5.15289
 -2.26003
-0.831678
 0.152836
-0.554473
-0.935293
 -5.14963
 -2.25686
-0.838453
 0.150185
-0.549123
-0.934017
 -5.16975
 -2.26828
-0.833522
 0.144063
 -0.55146
 -0.93487
 -5.14532
 -2.26623
-0.835898
 0.145331
-0.541659
-0.937021
 -5.15235
 -2.26234
-0.829365
  0.14842
-0.548492
-0.936777
 -5.16091
 -2.26052
-0.831684
 0.156879
-0.546693
-0.932596
 -5.17839
 -2.25699
-0.826219
 0.147965
-0.538502
 -0.93408
 -5.16862
  -2.2555
-0.833746
 0.142755
-0.528609
-0.918431
  -5.1547
 -2.26047
-0.836146
 0.158064
 -0.53998
 -0.93102
 -5.16275
 -2.25352
-0.830743
 0.149355
-0.545266
-0.931494
 -5.15866
 -2.26227
-0.836805
 0.152935
-0.547051
-0.915028
 -5.16393
 -2.25803
-0.842846
 0.150111
-0.552495
-0.932521
 -5.17469
   -2.256
-0.836091
 0.146911
-0.538933
-0.924316
  -5.1464
 -2.25264
-0.831589
 0.148993
-0.533261
-0.915066
 -5.15329
 -2.25871
-0.831562
 0.149218
-0.551139
-0.927878
 -5.18115
 -2.26272
-0.831825
 0.149507
-0.538252
-0.945305
  -5.1624
 -2.25544
 -0.83172
 0.144254
-0.541812
-0.930207
  -5.1459
 -2.24765
-0.840579
 0.137104
-0.530598
 -0.91467
 -5.15725
 -2.25962
-0.833641
 0.146931
-0.540937
-0.921228
 -5.16884
 -2.26249
-0.833773
 0.151282
-0.540187
-0.930413
 -5.17672
 -2.27267
-0.833548
    0.154
-0.550399
-0.938455
 -5.15855
 -2.25504
-0.836083
  0.14382
-0.557251
-0.927344
 -5.15403
 -2.25566
-0.832731
 0.151448
-0.554099
-0.923901
  -5.1706
 -2.26338
 -0.83051
 0.152334
-0.539004
-0.935436
 -5.17193
 -2.26609
 -0.82937
 0.162504
-0.562832
-0.938013
 -5.17069
 -2.26348
-0.830409
 0.149242
-0.543781
-0.932997
 -5.15285
 -2.26141
-0.833553
  0.14227
-0.551585
-0.924462
 -5.16516
 -2.26036
-0.834027
 0.153782
-0.545249
-0.938819
 -5.17025
 -2.26589
-0.837958
 0.150448
-0.547443
-0.924451
 -5.17906
 -2.26386
-0.835875
 0.145264
-0.543387
-0.929605
 -5.16113
 -2.26022
-0.839362
 0.153917
-0.539303
-0.925406
 -5.14062
 -2.25235
-0.824668
 0.132844
-0.544562
-0.913228
 -5.16108
 -2.26122
-0.832357
 0.145076
-0.544553
-0.916869
 -5.17378
 -2.25886
-0.830467
 0.155061
-0.543608
-0.923618
 -5.17415
 -2.26589
-0.837118
 0.154225
-0.533784
-0.933743
 -5.15102
 -2.26017
-0.828218
 0.142925
  -0.5613
 -0.93548
 -5.14475
 -2.25934
-0.833811
 0.153861
-0.547346
-0.926911
 -5.13775
 -2.25482
-0.835956
 0.144941
 -0.53464
-0.916794
 -5.14699
 -2.25868
-0.836026
 0.155397
-0.547184
-0.923935
 -5.15333
 -2.25863
-0.831444
 0.148283
-0.547109
-0.921115
 -5.15015
 -2.25446
 -0.83051
 0.149962
-0.548705
-0.921829
 -5.15897
  -2.2614
-0.833809
 0.140932
-0.540098
-0.935626
 -5.17396
  -2.2587
-0.828253
 0.145271
-0.539151
-0.928378
   -5.154
 -2.27318
-0.832442
 0.146623
-0.558092
 -0.94569
 -5.17041
 -2.26493
-0.834872
 0.146542
-0.538208
-0.935958
 -5.15675
 -2.26066
-0.829368
 0.154986
-0.545381
-0.928737
 -5.17282
 -2.26289
-0.837329
 0.152522
-0.533087
-0.939387
 -5.17618
 -2.26686
-0.831435
 0.144297
-0.540457
-0.936282
 -5.15913
 -2.25995
-0.824831
 0.151865
-0.561983
-0.927731
 -5.14234
 -2.25385
-0.840355
 0.143711
-0.551804
-0.914905
 -5.14727
 -2.25823
-0.831242
 0.143939
-0.535596
-0.910617
 -5.15794
 -2.26589
-0.834405
  0.14312
-0.542394
-0.917091
 -5.16442
 -2.26347
-0.832817
 0.152505
-0.546057
-0.940391
 -5.15568
 -2.26643
-0.838187
 0.146603
-0.551336
-0.939993
 -5.17004
 -2.25794
-0.830504
 0.146231
-0.543204
-0.928207
 -5.15388
 -2.25607
-0.831553
 0.151003
-0.546482
-0.919882
 -5.14904
 -2.25864
-0.827118
 0.150612
-0.546109
-0.926487
 -5.15382
 -2.25693
-0.832785
 0.145091
-0.551786
-0.931465
 -5.16675
 -2.26208
-0.836303
 0.154743
-0.537169
-0.941916
 -5.16045
 -2.26394
-0.832517
 0.144232
 -0.55324
-0.931627
 -5.16787
 -2.26634
-0.833442
 0.157207
-0.546381
-0.918364
 -5.14364
 -2.25693
-0.830315
  0.13764
-0.551667
-0.923613
 -5.13828
 -2.25268
-0.830491
   0.1414
-0.538466
-0.920468
 -5.13528
 -2.24726
-0.829605
 0.149432
-0.542506
-0.918202
 -5.14764
 -2.24792
-0.836297
 0.146893
 -0.53594
-0.919231
 -5.13972
  -2.2547
-0.835144
 0.149036
-0.540014
-0.930115
 -5.16488
 -2.26153
-0.829431
  0.15472
-0.555217
-0.934687
 -5.16439
 -2.26297
-0.834107
 0.161038
-0.551655
-0.944483
  -5.1497
  -2.2567
 -0.83589
 0.150413
-0.549659
-0.915714
 -5.16954
 -2.25941
-0.837015
 0.156432
-0.536916
-0.915099
 -5.15943
 -2.25875
-0.831688
 0.148841
 -0.54329
-0.932057
  -5.1688
 -2.26286
-0.838318
 0.152781
-0.545867
-0.934714
 -5.16734
 -2.26008
-0.835072
 0.149882
-0.534714
-0.934189
 -5.15854
 -2.25447
-0.831543
 0.144483
-0.542764
-0.918718
 -5.15601
 -2.26454
-0.839135
 0.155581
-0.552196
-0.922959
 -5.13736
 -2.25637
 -0.82583
 0.143659
-0.548051
-0.917606
 -5.14767
 -2.25661
-0.832528
  0.14669
-0.546799
-0.916199
 -5.15498
 -2.25891
-0.829485
 0.160966
-0.546614
-0.928086
 -5.13591
 -2.25339
-0.838415
 0.153556
-0.546512
-0.922654
 -5.16592
 -2.26622
-0.835892
  0.15542
-0.556949
-0.931752
 -5.14508
 -2.25824
-0.836233
  0.15097
-0.547246
-0.935394
 -5.14621
 -2.25308
-0.828267
 0.150632
-0.534503
-0.915435
 -5.15899
 -2.26059
-0.828102
 0.151026
-0.552249
-0.923654
 -5.16671
  -2.2637
-0.833806
 0.146195
-0.560674
-0.939602
 -5.17182
 -2.26727
 -0.83598
 0.149892
-0.534077
-0.936994
 -5.16055
  -2.2538
-0.836315
 0.152943
-0.536019
-0.927353
 -5.16181
 -2.25651
-0.827451
 0.157304
-0.549014
-0.935349
 -5.14205
  -2.2538
-0.830582
  0.14807
-0.547809
-0.924785
 -5.16334
 -2.26063
-0.832479
 0.144649
-0.554391
-0.922827
 -5.13133
  -2.2548
-0.836353
 0.154322
-0.544896
-0.933197
 -5.14839
  -2.2538
-0.838242
 0.148521
 -0.54777
-0.916748
 -5.16364
 -2.25776
-0.832791
 0.156649
-0.539299
 -0.92433
 -5.16838
  -2.2649
-0.831468
 0.143771
-0.539116
-0.934039
  -5.1552
 -2.26801
-0.834546
 0.150002
-0.547588
-0.925088
 -5.14641
 -2.25202
-0.830855
 0.152718
-0.537423
-0.930717
 -5.15156
 -2.25667
-0.834057
 0.149315
-0.528444
-0.932447
 -5.16566
 -2.25885
-0.829424
 0.146518
-0.545045
-0.931423
  -5.1609
 -2.25254
-0.835959
 0.155282
-0.538948
-0.906004
 -5.13432
 -2.25095
-0.839751
 0.156194
-0.540028
-0.926467
 -5.15081
 -2.25063
-0.831086
 0.158056
-0.547281
-0.938347
 -5.15518
 -2.25985
-0.832551
 0.145853
-0.548585
 -0.92364
 -5.16985
 -2.25909
-0.838206
  0.14879
-0.546684
-0.923627
 -5.14746
 -2.25711
-0.837365
 0.154102
-0.559529
-0.934062
 -5.15671
 -2.26174
-0.832648
 0.150789
 -0.55703
-0.930903
 -5.15541
 -2.25859
-0.832782
 0.147198
-0.548534
-0.932188
 -5.17429
 -2.25707
-0.834117
  0.14883
-0.535792
-0.936564
 -5.17004
 -2.25795
-0.828188
 0.148331
-0.551801
-0.923429
 -5.12851
 -2.25847
-0.832712
 0.145586
-0.538946
-0.928767
 -5.15062
 -2.25236
-0.835287
 0.155115
-0.557789
 -0.93166
 -5.15254
 -2.25335
-0.838508
 0.147762
 -0.53884
-0.927842
  -5.1568
 -2.26096
-0.831638
 0.152637
 -0.55313
-0.933031
 -5.14186
 -2.25511
 -0.83049
  0.14267
-0.549133
-0.925364
 -5.13816
 -2.25306
-0.830778
 0.146113
-0.558094
 -0.93595
 -5.13391
 -2.25367
-0.839684
 0.146329
-0.546704
-0.934389
  -5.1464
 -2.25389
-0.837242
 0.140547
-0.545124
-0.926331
 -5.15813
 -2.25584
-0.833956
 0.146957
-0.541271
-0.928506
 -5.15872
 -2.26171
-0.836209
 0.152605
-0.552486
-0.939808
 -5.15781
 -2.25698
 -0.83954
  0.15564
-0.552598
-0.928352
 -5.16884
 -2.26324
-0.834817
 0.144447
 -0.54133
 -0.93065
 -5.15806
 -2.25617
-0.817835
 0.141069
-0.541688
-0.906597
 -5.16694
 -2.25324
-0.830698
 0.151466
-0.547378
-0.926214
 -5.13207
  -2.2517
-0.829444
 0.150772
-0.536498
-0.916308
 -5.16669
 -2.25385
-0.834101
 0.154662
-0.536763
-0.926757
 -5.16293
 -2.25226
 -0.83082
 0.155713
-0.547713
 -0.92851
  -5.1466
 -2.26103
-0.831537
 0.144033
-0.548315
-0.932135
 -5.15533
 -2.25772
  -0.8342
 0.155034
 -0.53402
-0.939166
 -5.14857
 -2.25346
-0.833859
 0.137979
-0.540606
-0.923939
 -5.12793
 -2.25206
-0.827319
 0.146707
-0.544256
-0.925939
 -5.16263
 -2.26208
 -0.83158
 0.153061
-0.536655
-0.928922
 -5.14557
 -2.25636
-0.826907
 0.147215
-0.543858
-0.912166
 -5.13866
 -2.25072
-0.837487
  0.15135
-0.549247
-0.927906
 -5.15145
 -2.26558
-0.832642
 0.154847
-0.545032
-0.933781
 -5.16483
 -2.26255
-0.839343
 0.149252
-0.543314
-0.930486
 -5.16468
 -2.26251
-0.829244
 0.149589
-0.539935
-0.926582
 -5.13099
 -2.24849
-0.835215
 0.144138
-0.538409
-0.923698
 -5.15215
 -2.26273
-0.836162
 0.157816
-0.550963
-0.936539
 -5.15565
 -2.25735
-0.830687
 0.150642
-0.557079
-0.935961
 -5.14704
  -2.2497
-0.837343
 0.153928
-0.529326
 -0.91347
  -5.1453
 -2.25749
-0.832676
  0.15089
-0.552689
-0.923542
 -5.13756
 -2.25521
-0.830359
 0.147727
 -0.54071
-0.914789
 -5.15394
 -2.26458
-0.834031
 0.149865
 -0.55986
-0.950706
 -5.15951
 -2.26727
-0.835901
 0.151592
 -0.55381
-0.935395
 -5.14902
 -2.25136
-0.832543
 0.141216
-0.535869
-0.907119
 -5.14918
 -2.25856
-0.835008
 0.150476
-0.550548
-0.930419
  -5.1356
 -2.25471
-0.830422
 0.147354
-0.539499
 -0.91712
 -5.16305
  -2.2621
-0.834703
 0.144039
-0.557545
-0.925593
 -5.15841
 -2.26408
-0.843587
 0.148833
-0.553127
-0.924462
 -5.15713
 -2.26033
-0.830669
 0.142347
-0.552523
-0.944212
 -5.14334
 -2.25688
-0.830513
 0.150713
-0.552537
-0.925902
 -5.16109
 -2.26077
-0.836134
 0.147459
-0.542828
-0.934865
 -5.15841
 -2.26345
-0.832505
 0.148862
-0.554657
-0.927008
 -5.15163
 -2.26631
-0.831339
 0.140118
-0.549254
-0.933975
 -5.12912
 -2.24722
-0.831936
 0.147711
-0.541894
-0.923379
 -5.14212
 -2.25408
-0.835092
 0.143632
-0.546832
-0.929273
 -5.16312
 -2.25163
-0.834325
 0.151225
-0.535168
-0.935348
 -5.13901
 -2.24905
-0.832836
 0.151229
-0.542993
-0.913821
 -5.15323
 -2.25845
-0.837426
 0.157357
-0.554751
-0.936492
 -5.14493
 -2.25942
-0.833743
 0.145782
-0.549367
-0.926837
  -5.1678
  -2.2579
-0.829576
 0.150392
-0.537398
-0.933316
 -5.16314
 -2.25996
-0.838498
 0.156128
-0.536879
-0.934365
 -5.15698
 -2.26081
-0.839391
 0.151563
-0.553539
  -0.9302
 -5.14631
 -2.25368
-0.832791
 0.145934
-0.550002
-0.924022
 -5.16176
 -2.26542
-0.832716
 0.157516
-0.543192
-0.934862
 -5.13522
 -2.25602
-0.838954
  0.15079
-0.548058
-0.955963
 -5.14759
 -2.24756
-0.831785
 0.150395
-0.533019
-0.912562
 -5.14073
 -2.25927
-0.829158
 0.146237
-0.540306
-0.918684
 -5.15147
 -2.25762
-0.830677
 0.148544
-0.554839
-0.936657
 -5.15416
 -2.25437
-0.827329
 0.149905
-0.536987
-0.926529
 -5.15547
  -2.2586
-0.837137
 0.143978
-0.534718
 -0.92559
 -5.15959
 -2.25926
   -0.836
 0.143213
-0.554626
-0.929298
 -5.16462
 -2.26237
-0.837306
 0.157526
-0.542485
 -0.93517
 -5.15767
 -2.25832
-0.831588
 0.140394
-0.543967
 -0.92973
 -5.14109
 -2.25791
-0.826936
  0.14375
-0.542061
 -0.91806
 -5.16719
 -2.26072
-0.838355
 0.149045
-0.524979
 -0.93011
 -5.13454
 -2.25073
-0.832757
 0.149666
-0.548732
-0.914911
 -5.15844
 -2.25442
-0.833942
 0.146431
 -0.53316
 -0.92353
 -5.14448
 -2.25974
-0.830544
 0.159544
-0.547578
-0.927316
 -5.15964
 -2.25001
-0.830559
 0.143279
-0.543713
-0.916518
   -5.158
  -2.2556
-0.827405
 0.153476
-0.551238
-0.932988
 -5.13903
 -2.25799
-0.846266
 0.152222
  -0.5459
-0.933196
 -5.14796
 -2.25478
-0.831789
 0.152725
-0.554415
-0.928831
 -5.15366
 -2.24945
-0.836268
 0.138968
 -0.53809
-0.923731
 -5.16443
 -2.25524
-0.828388
 0.149523
-0.551621
-0.927403
 -5.15417
 -2.25424
-0.830818
 0.157037
  -0.5541
-0.932513
 -5.14493
 -2.25889
-0.837185
 0.152232
-0.546107
 -0.92654
 -5.15599
 -2.25585
-0.830634
 0.149172
-0.545069
-0.928804
 -5.15539
 -2.25797
-0.831762
 0.155935
-0.555061
-0.931726
 -5.14891
 -2.25972
-0.832736
 0.149314
-0.551922
-0.931063
 -5.16525
 -2.26016
-0.829562
  0.15014
 -0.54838
-0.938837
 -5.14516
 -2.25749
-0.837157
 0.156695
-0.540753
-0.919198
 -5.15691
 -2.26818
-0.828218
 0.159971
-0.554252
-0.938843
 -5.12578
 -2.25293
-0.829572
 0.139787
-0.539541
-0.931223
  -5.1553
 -2.26629
-0.830358
 0.157938
 -0.53984
-0.929407
 -5.16443
 -2.25465
-0.831879
 0.155021
-0.544592
 -0.92951
 -5.14656
 -2.26071
-0.835006
 0.153322
-0.556621
-0.933796
 -5.15999
 -2.26414
-0.827114
 0.158194
-0.552513
-0.932134
 -5.15168
  -2.2564
-0.832917
 0.153757
-0.552324
-0.931466
 -5.16266
  -2.2625
-0.838493
 0.148412
 -0.53488
-0.942546
 -5.15087
 -2.26069
-0.829289
 0.142288
-0.552627
 -0.93143
 -5.15448
 -2.25382
-0.833938
 0.151375
-0.553607
-0.922942
 -5.13279
 -2.25811
-0.830376
 0.143848
-0.543127
-0.923479
 -5.13401
 -2.25292
-0.828218
 0.145446
-0.543811
-0.916423
 -5.15059
 -2.26085
-0.836164
 0.152875
-0.542651
-0.933857
 -5.15396
 -2.26427
-0.836039
 0.149001
-0.538165
-0.935232
 -5.15164
 -2.25662
-0.827137
 0.149667
-0.547705
-0.922885
 -5.13909
 -2.25791
-0.833759
 0.144678
 -0.54547
-0.924665
 -5.12194
 -2.25049
-0.829535
 0.152555
-0.533249
 -0.91705
 -5.14732
 -2.25669
-0.837556
  0.15745
-0.538409
-0.936983
 -5.14963
 -2.25609
-0.837483
 0.157034
-0.547984
-0.933775
 -5.15954
 -2.25796
-0.830611
   0.1507
 -0.53926
-0.929599
 -5.13152
 -2.25426
-0.829351
 0.148055
-0.537126
 -0.91754
 -5.13683
 -2.25029
-0.829652
 0.137091
-0.539092
-0.930998
 -5.14154
 -2.24761
-0.839717
 0.152516
-0.553239
-0.921257
  -5.1651
 -2.26058
-0.828374
 0.149692
-0.540763
-0.934818
 -5.13581
 -2.26223
-0.827105
 0.149426
-0.554469
 -0.93398
 -5.14609
 -2.25396
-0.839753
 0.153417
-0.545066
-0.933174
 -5.15309
  -2.2587
-0.831736
 0.158254
-0.553022
-0.930128
 -5.14618
 -2.25359
-0.833076
 0.149011
-0.545487
-0.935626
 -5.16231
 -2.25541
-0.829477
 0.150401
  -0.5494
-0.925464
 -5.14584
 -2.25494
 -0.83521
 0.151506
  -0.5436
-0.931668
 -5.13929
 -2.24835
-0.831738
 0.144995
-0.541113
-0.915875
 -5.13663
 -2.25041
-0.836172
 0.147708
-0.528591
-0.915095
 -5.14998
 -2.25587
-0.834914
 0.142281
-0.540245
-0.922571
 -5.14527
  -2.2576
-0.839746
 0.146485
-0.534703
-0.942231
 -5.15449
  -2.2615
-0.831777
 0.152106
-0.539788
-0.938639
 -5.13203
 -2.25249
-0.828296
 0.146013
  -0.5465
-0.920935
 -5.14623
 -2.25444
-0.844149
 0.146825
-0.552771
-0.937399
  -5.1463
  -2.2539
-0.834936
 0.146666
-0.552851
 -0.92617
 -5.10942
 -2.24239
-0.817324
 0.150402
-0.550872
-0.919263
 -5.10507
 -2.25143
-0.830889
 0.155473
-0.541987
 -0.94421
 -5.08183
 -2.22794
 -0.82458
 0.153091
-0.547107
-0.924644
 -5.07248
 -2.25896
-0.839013
  0.15578
-0.556892
-0.934433
 -5.03993
 -2.21407
-0.829029
 0.144013
-0.549962
 -0.93176
 -5.03546
 -2.22264
-0.821138
 0.152312
-0.550414
-0.943553
 -4.97885
 -2.23449
-0.827633
 0.149145
-0.547688
-0.934888
 -4.92861
 -2.17428
-0.814644
 0.162803
-0.547739
-0.936395
 -4.92344
  -2.1973
-0.818069
 0.150094
 -0.54805
-0.938327
  -4.8807
 -2.18526
-0.837019
 0.162576
 -0.55537
-0.954795
 -4.81672
 -2.18657
-0.846711
 0.142867
-0.545001
-0.955797
  -4.7575
 -2.16624
-0.867367
 0.150901
-0.535594
-0.952435
 -4.75282
 -2.13969
 -0.82168
 0.161023
-0.554198
-0.951705
 -4.71288
 -2.10865
-0.806878
 0.147577
-0.558652
-0.944935
 -4.64653
 -2.12822
 -0.84036
 0.150349
-0.556146
-0.960114
 -4.60902
 -2.13023
-0.859029
 0.156322
 -0.56566
-0.975466
 -4.58228
 -2.14489
-0.838733
  0.15831
-0.555066
-0.973326
 -4.52896
 -2.07323
-0.829806
 0.158278
-0.539697
-0.951785
 -4.45209
 -2.02469
 -0.84202
 0.157014
-0.566335
 -0.95234
 -4.43853
 -2.07153
-0.832698
 0.166557
-0.590215
-0.982216
  -4.4042
 -2.03191
-0.793396
 0.155189
-0.593857
 -0.98586
  -4.3428
 -2.04509
-0.787567
  0.15628
-0.581199
-0.977048
 -4.33273
 -2.04507
-0.806547
 0.158678
-0.601081
-0.976195
 -4.28524
 -2.00616
-0.757322
 0.163468
-0.597252
-0.977983
 -4.22873
 -2.01436
-0.869565
 0.164157
-0.581472
 -0.98723
  -4.2066
 -2.05934
 -0.81054
 0.167789
-0.593442
 -1.01584
 -4.18914
 -1.97786
-0.820428
 0.158311
-0.586123
 -1.00252
  -4.1592
 -1.99839
-0.837612
 0.170291
 -0.57745
 -1.00804
 -4.13583
 -1.98163
-0.805335
 0.167772
-0.585405
 -1.01588
 -4.06966
 -1.95889
-0.826276
 0.147619
-0.572222
-0.991693
 -4.06761
 -1.97992
-0.757254
 0.150258
-0.579895
 -1.02143
 -3.98761
  -1.9233
-0.881051
 0.150578
-0.558416
 -0.99124
 -3.94301
 -1.95642
-0.809044
 0.165393
-0.561887
 -1.01573
 -3.91139
 -1.94167
-0.824031
 0.159657
-0.558903
  -1.0508
 -3.88709
 -1.90652
-0.822452
 0.152918
-0.580616
 -1.02271
 -3.83049
 -1.93378
-0.821969
 0.160129
-0.569263
 -1.03809
 -3.76014
 -1.85773
-0.828126
 0.156123
-0.567779
 -1.02189
 -3.73519
 -1.88846
-0.763967
 0.160857
-0.574289
 -1.04953
 -3.69943
 -1.82456
-0.810986
 0.161827
-0.572091
 -1.03988
 -3.66172
 -1.84432
-0.803433
 0.152527
-0.579334
  -1.0399
 -3.60531
 -1.86042
-0.782642
 0.165455
-0.576141
 -1.05777
 -3.55933
 -1.82284
-0.834173
 0.150434
-0.555465
 -1.05274
 -3.50812
 -1.83524
-0.830006
  0.16762
-0.550128
 -1.07422
 -3.46698
 -1.83383
-0.812072
 0.164871
-0.568729
 -1.07628
 -3.41858
  -1.7849
-0.790451
 0.153596
 -0.56051
 -1.06752
 -3.39053
 -1.77169
 -0.78303
 0.158529
-0.567087
 -1.06247
 -3.33816
 -1.74128
-0.838745
 0.170232
-0.551819
 -1.08378
 -3.29627
 -1.74032
-0.759978
  0.16998
-0.586475
 -1.05445
 -3.26925
 -1.76947
-0.809595
 0.156553
-0.575226
 -1.07801
 -3.22579
 -1.72437
-0.771201
 0.154486
-0.578046
 -1.09604
 -3.18771
  -1.7253
-0.744313
 0.165053
-0.575516
 -1.08653
 -3.10794
 -1.70661
-0.792615
 0.169534
-0.580097
 -1.08886
 -3.09516
   -1.671
-0.757154
 0.173543
-0.568718
   -1.099
 -3.04704
 -1.72675
-0.773845
 0.162434
-0.577141
 -1.09499
 -3.02642
 -1.71611
-0.750027
 0.159694
-0.570625
  -1.0895
 -2.94612
 -1.66744
-0.852253
 0.163887
-0.557693
 -1.10992
 -2.93748
 -1.67262
-0.751358
 0.161678
 -0.56589
 -1.08205
 -2.95841
 -1.62185
-0.801106
 0.162003
-0.566581
 -1.10373
-2.89694
-1.63139
-0.72715
0.174592
-0.56789
-1.08303
  -2.8239
  -1.6879
-0.773476
 0.167809
-0.565814
 -1.12006
 -2.79941
 -1.65352
-0.817532
 0.169793
-0.559644
 -1.11165
 -2.79758
 -1.60776
-0.792163
 0.164893
-0.555841
 -1.12663
 -2.76781
  -1.5849
-0.769543
 0.155597
 -0.55853
 -1.11156
 -2.74181
 -1.57903
 -0.75678
 0.165573
-0.557214
 -1.12186
 -2.66855
 -1.62082
-0.805007
 0.148643
-0.553331
  -1.1198
  -2.6627
 -1.60097
 -0.79832
 0.152635
-0.554423
 -1.13446
 -2.59436
 -1.57206
-0.771462
 0.168695
-0.543187
 -1.11954
 -2.60326
 -1.54418
-0.784018
 0.166903
-0.541107
 -1.14386
 -2.57399
 -1.57751
-0.717631
 0.160545
-0.558563
 -1.11089
 -2.54727
 -1.57855
-0.782994
 0.165642
 -0.54082
 -1.14595
 -2.49336
  -1.5819
-0.821368
 0.165461
-0.558809
  -1.1418
 -2.49817
 -1.54892
-0.736606
 0.164263
-0.551886
 -1.12395
 -2.47017
 -1.53738
-0.770912
 0.168018
-0.555183
 -1.14051
 -2.43744
  -1.5165
 -0.74578
 0.177968
-0.560933
  -1.1197
 -2.41902
 -1.52764
-0.808249
 0.166983
 -0.54693
 -1.15611
 -2.36594
 -1.53917
-0.746841
 0.171909
-0.561527
 -1.13156
 -2.35206
  -1.4839
-0.718852
 0.167056
-0.565633
  -1.1363
 -2.35232
 -1.51766
-0.744548
 0.170998
-0.559596
 -1.13022
 -2.28802
  -1.4773
-0.768993
 0.165907
-0.562488
 -1.14246
 -2.26268
 -1.50419
-0.753153
  0.16759
-0.555645
 -1.13382
 -2.24879
 -1.48549
 -0.79221
  0.17122
-0.544878
 -1.14792
 -2.21792
 -1.48567
-0.807605
 0.174089
-0.552506
 -1.15041
   -2.174
 -1.46811
-0.748587
  0.17095
 -0.56292
 -1.13184
 -2.17263
 -1.45601
-0.741272
 0.172313
-0.564182
 -1.13587
 -2.14744
 -1.45693
-0.752361
   0.1782
-0.548509
 -1.13002
 -2.10708
 -1.43634
-0.758751
 0.173327
 -0.56266
 -1.14935
 -2.09994
   -1.483
-0.736586
   0.1632
-0.563787
 -1.13865
 -2.10136
 -1.41581
-0.723402
 0.167211
-0.570954
 -1.12815
 -2.05694
 -1.41069
-0.717892
 0.171025
-0.575438
 -1.14019
 -2.02088
 -1.49095
-0.730987
 0.176812
-0.565224
 -1.16552
 -2.02151
 -1.39584
-0.739539
 0.167024
-0.572491
 -1.13868
  -2.0124
 -1.42288
-0.704157
  0.16828
-0.570804
 -1.14758
 -1.99524
 -1.39291
-0.755794
  0.17578
-0.569885
 -1.16948
 -1.96845
 -1.48678
 -0.74887
 0.169905
-0.558487
 -1.16232
 -1.98219
 -1.35222
-0.741447
 0.173366
-0.563461
  -1.1464
 -1.93207
 -1.40509
-0.741969
 0.170522
-0.544499
 -1.15482
 -1.91339
  -1.4331
-0.772242
 0.163331
-0.542143
  -1.1616
 -1.90743
 -1.39467
-0.723619
 0.168597
-0.552903
 -1.15589
  -1.9246
 -1.37691
-0.770446
 0.168552
-0.551514
 -1.16378
 -1.88649
 -1.39349
 -0.70632
 0.172313
-0.542462
 -1.15247
 -1.83804
 -1.38137
-0.736912
 0.173717
-0.549944
  -1.1529
 -1.82413
 -1.40581
-0.771022
 0.170958
-0.535353
 -1.16009
 -1.82989
 -1.38954
-0.740626
 0.165297
-0.550107
 -1.16216
 -1.80947
 -1.39622
-0.738275
  0.16713
-0.541988
 -1.15896
 -1.78347
 -1.37411
-0.741606
 0.181193
-0.550471
 -1.17638
 -1.77013
 -1.40484
-0.739195
 0.168764
-0.552752
 -1.16943
 -1.80094
 -1.37098
-0.751127
 0.174556
-0.554957
 -1.18372
  -1.7849
 -1.35024
-0.730157
  0.17739
-0.546675
 -1.15209
 -1.75807
 -1.37932
-0.791357
 0.171345
-0.535561
 -1.16574
 -1.74219
 -1.38081
-0.712253
 0.169056
-0.536772
 -1.16346
  -1.7573
 -1.31805
 -0.71487
 0.172104
-0.554662
 -1.17288
 -1.71873
 -1.37559
-0.731212
 0.172379
-0.538304
 -1.15115
 -1.70501
 -1.34629
-0.735798
 0.174512
-0.531952
 -1.16649
 -1.70405
 -1.35024
-0.717388
   0.1678
-0.529603
 -1.14891
 -1.70439
 -1.35042
-0.747632
 0.166883
-0.539624
 -1.15603
  -1.7671
 -1.35554
 -0.72728
 0.166239
-0.543228
 -1.14052
 -1.79592
 -1.35582
-0.696303
 0.158545
-0.560385
 -1.16814
 -1.80289
 -1.41454
-0.736015
 0.160525
-0.538093
 -1.14975
 -1.84527
 -1.43633
-0.739864
 0.162127
-0.550364
 -1.15197
 -1.88132
  -1.3796
-0.709335
  0.16541
-0.541672
  -1.1393
 -1.93843
 -1.44135
-0.704467
 0.181439
-0.553726
 -1.16358
   -1.967
 -1.44564
-0.759826
 0.175497
-0.513829
 -1.14689
 -2.02244
 -1.41481
-0.752606
  0.17062
-0.547775
 -1.13874
 -2.10876
 -1.46867
-0.745271
 0.163888
-0.539634
  -1.1429
 -2.16838
 -1.47832
-0.737279
 0.169851
-0.546321
 -1.13844
 -2.23464
 -1.43392
-0.683034
 0.159219
-0.550111
 -1.13345
 -2.26648
 -1.48673
-0.788195
  0.16548
 -0.53509
 -1.13078
 -2.28645
 -1.53058
-0.752104
 0.167485
  -0.5387
 -1.13921
 -2.35636
 -1.53253
-0.728319
 0.161834
-0.545511
 -1.12607
 -2.39486
  -1.5133
-0.783557
  0.15485
-0.518418
 -1.11511
 -2.46609
 -1.60228
-0.775631
  0.16395
-0.517944
 -1.14414
 -2.50127
 -1.55844
-0.739937
 0.164425
-0.521012
 -1.12146
 -2.57749
  -1.6224
-0.775746
 0.161773
 -0.52515
 -1.12424
 -2.67664
 -1.63024
-0.737508
 0.165996
-0.540932
 -1.10858
 -2.80716
 -1.59918
-0.780752
 0.155783
-0.528137
  -1.1043
-2.83637
 -1.7062
-0.73569
0.167435
-0.52226
-1.10077
 -2.98546
  -1.6479
-0.739513
 0.153083
-0.506133
 -1.06551
 -3.04888
 -1.71419
-0.782874
  0.15146
-0.526369
  -1.0675
 -3.07585
 -1.71231
-0.735309
  0.14935
-0.514778
 -1.04814
 -3.20706
 -1.77873
-0.759617
 0.160825
-0.525966
 -1.05735
 -3.31635
 -1.80798
-0.801601
  0.15485
-0.501813
 -1.06596
 -3.43273
 -1.76742
-0.688637
 0.154624
-0.524621
 -1.02497
  -3.5363
 -1.83856
-0.738413
 0.154731
-0.523988
 -1.03169
 -3.67253
 -1.94025
-0.819105
 0.136521
 -0.50428
 -1.02249
 -3.76727
 -1.90111
 -0.71112
 0.153608
-0.507457
 -1.01264
 -3.86675
  -1.9737
 -0.75844
 0.140197
-0.516449
 -1.01585
 -4.00133
 -1.94965
-0.790125
 0.143723
-0.500338
-0.976208
 -4.09961
 -2.01137
 -0.74759
 0.150666
 -0.48641
-0.966561
 -4.22983
 -2.06469
-0.749331
 0.137269
-0.480323
-0.971558
 -4.31668
 -2.05787
-0.785357
 0.143749
-0.481516
-0.969758
 -4.37014
  -2.0569
-0.718593
 0.143102
-0.480052
 -0.93238
 -4.46099
 -2.15561
-0.763636
 0.133881
-0.465507
-0.922274
 -4.59462
 -2.14314
-0.759745
 0.127275
-0.471709
-0.923615
 -4.69876
 -2.19001
 -0.74852
 0.139922
-0.460215
-0.934432
 -4.77994
 -2.25054
-0.762554
 0.128457
-0.458729
-0.906545
 -4.92666
 -2.20926
-0.771833
 0.132064
-0.456742
-0.883232
 -5.01672
 -2.34921
-0.748624
 0.138347
-0.448613
-0.882339
 -5.11907
 -2.30282
-0.738355
 0.137737
-0.442982
-0.858566
 -5.20643
 -2.35514
-0.770941
  0.12629
-0.428237
-0.853037
 -5.31727
 -2.40179
-0.751216
 0.121606
-0.432489
-0.835098
 -5.39298
   -2.381
-0.758356
  0.11452
-0.429476
-0.816056
 -5.47255
 -2.42541
-0.727826
 0.132508
-0.421797
-0.831814
 -5.51985
 -2.44511
-0.714116
 0.118471
-0.424073
-0.810848
 -5.61487
 -2.46554
 -0.77971
 0.129337
-0.426113
-0.807744
  -5.6814
 -2.49614
-0.710739
 0.117442
-0.430193
-0.808626
 -5.81507
 -2.50087
-0.730762
 0.112744
-0.404599
-0.774172
 -5.88846
 -2.55702
 -0.74121
 0.116961
-0.404654
-0.763465
 -5.89663
 -2.50588
-0.718639
 0.112162
-0.400006
-0.753748
 -5.95857
 -2.63524
-0.723016
 0.110544
-0.388846
-0.758924
 -6.05183
 -2.57615
-0.757322
 0.115017
-0.394733
 -0.76872
 -6.13091
 -2.64903
-0.718119
  0.11709
-0.385168
-0.756902
 -6.16919
 -2.63834
-0.746219
 0.108355
-0.376641
-0.736796
 -6.18414
 -2.61561
 -0.67432
 0.113157
-0.386605
-0.744151
  -6.2126
 -2.74014
 -0.74137
 0.118228
-0.364499
-0.757179
 -6.26103
 -2.63482
 -0.72246
 0.111306
-0.387163
-0.723106
  -6.3357
 -2.71889
-0.701631
 0.104888
 -0.36421
-0.702753
 -6.37271
 -2.70335
-0.722027
0.0986968
-0.351066
-0.720137
 -6.40285
 -2.67782
-0.658449
 0.106388
-0.340788
-0.708591
 -6.41115
 -2.77846
-0.750818
0.0915568
-0.330174
-0.706247
 -1.00831
 -1.31251
-0.551277
 0.190888
-0.511608
 -1.03891
 -9.26955
 -3.51329
-0.808524
 0.122045
-0.372702
-0.411942
 -8.94698
 -3.39642
-0.776006
0.0648068
-0.228266
-0.541982
 -7.51955
 -3.08357
-0.562875
0.0674257
-0.189976
-0.625481
 -7.61334
 -3.12304
-0.565814
0.0795886
-0.217905
-0.675286
 -6.48728
 -2.72133
-0.598832
0.0742354
-0.271197
 -0.68539
 -9.21686
 -3.49967
-0.424507
0.0201089
0.0684086
-0.540504
  -8.52725
  -3.30296
 -0.535881
 0.0310491
-0.0806075
 -0.525115
 -7.03008
 -3.00704
-0.541113
0.0776783
-0.182187
-0.579956
 -8.35487
 -3.27204
 -0.43731
0.0337079
-0.052139
-0.514454
  -8.44162
  -3.28385
 -0.466545
 0.0225076
-0.0172844
 -0.511722
  -7.95842
  -3.28996
  -0.55681
 0.0351014
-0.0460794
 -0.544766
   -8.4684
   -3.3691
 -0.444705
 0.0203919
-0.0101552
 -0.467159
   -8.58431
   -3.39502
  -0.437727
-0.00686755
  0.0663983
  -0.445716
  -7.72917
  -3.20312
 -0.416865
  0.035326
-0.0237049
 -0.466441
 -8.53452
 -3.38888
-0.485274
0.0206004
0.0605173
-0.416407
  -8.62155
  -3.57371
 -0.419633
0.00370013
 0.0649233
  -0.45023
 -8.34676
 -3.30011
-0.342479
0.0221554
0.0499629
-0.418102
  -8.32235
  -3.36285
 -0.427676
0.00627478
 0.0814619
 -0.448761
 -7.56927
 -3.23145
 -0.46008
0.0211376
0.0317489
-0.520732
  -8.1492
 -3.35278
-0.310721
  0.01682
0.0527802
-0.451516
  -8.18675
  -3.34838
 -0.407006
0.00373089
 0.0981142
 -0.434493
  -7.92731
  -3.22002
 -0.331544
-0.0144273
 0.0848636
 -0.447692
    -7.72025
    -3.27177
   -0.409634
-0.000174534
    0.094638
   -0.510371
   -8.02711
   -3.31877
  -0.341949
-0.00417528
   0.115075
  -0.466213
    -7.6296
   -3.16478
  -0.372333
0.000268328
   0.116822
  -0.492299
  -7.55911
  -3.25624
 -0.344069
0.00253584
  0.109903
    -0.526
  -7.35793
  -3.09404
  -0.34151
0.00737501
 0.0992904
 -0.519413
  -6.8335
 -2.96155
-0.414716
0.0108273
0.0728057
-0.587603
  -7.20989
  -3.09657
 -0.316939
0.00472173
  0.090846
 -0.538879
 -6.65553
 -2.91619
-0.385432
0.0147757
0.0735799
-0.589032
 -6.75314
 -3.00436
-0.320338
0.0127351
0.0990397
-0.579385
 -6.50679
 -2.85176
-0.373641
0.0176271
0.0836932
-0.597746
 -6.18468
 -2.77094
-0.395912
0.0238929
0.0468588
-0.631828
 -6.42324
 -2.87538
-0.299183
0.0135534
0.0769829
-0.617351
 -5.80081
 -2.67026
-0.415327
0.0274927
0.0302213
-0.680851
  -5.8858
 -2.70154
-0.370984
0.0279397
0.0163255
-0.677982
 -5.22234
 -2.43052
-0.403892
0.0489785
-0.039711
-0.733819
   -5.3353
  -2.55231
 -0.377887
 0.0376783
-0.0105021
 -0.729137
  -5.12748
  -2.42883
 -0.432975
 0.0423113
-0.0252243
 -0.745001
 -4.84925
 -2.40387
-0.423219
0.0546529
 -0.05559
 -0.79311
 -4.73201
  -2.3384
-0.379086
0.0499933
-0.050252
-0.792769
  -4.27419
  -2.16566
 -0.528427
 0.0609502
-0.0967547
 -0.848094
   -4.4455
  -2.35174
 -0.455661
 0.0532697
-0.0793532
 -0.841137
 -4.14306
 -2.09052
-0.510186
0.0564026
-0.112981
-0.844677
 -3.98493
 -2.17744
-0.516364
0.0655801
-0.118326
-0.875999
 -3.72165
 -2.03137
-0.483119
  0.07732
-0.156076
-0.901262
 -3.37707
 -1.95149
-0.536295
0.0809298
-0.203292
-0.929892
 -3.49908
 -2.03613
-0.519451
0.0888641
 -0.19863
-0.914612
 -3.17159
 -1.83028
-0.487977
0.0928715
-0.225183
-0.954322
 -3.11596
 -1.87206
-0.524915
 0.109506
-0.234945
-0.950326
  -2.7733
 -1.73894
-0.494842
 0.104516
-0.276477
-0.981704
 -2.74578
 -1.75722
 -0.49488
 0.120165
-0.285109
-0.993042
 -2.69654
 -1.79956
 -0.50684
 0.109545
-0.302099
-0.992164
 -2.49579
 -1.63704
-0.517401
 0.123598
 -0.31957
-0.980048
  -2.3934
 -1.65037
-0.539193
 0.114246
-0.313454
 -0.99506
 -2.19817
 -1.59872
-0.530718
 0.134098
-0.336879
 -1.03736
 -2.18255
 -1.62051
-0.523962
 0.128488
-0.332647
 -1.01552
 -2.11801
 -1.59743
-0.563891
 0.126214
-0.337862
 -1.04453
  -1.9905
 -1.48993
-0.513552
 0.121238
-0.339175
 -1.01684
 -1.96263
  -1.5898
-0.608084
 0.132975
-0.335711
 -1.05032
 -1.87452
 -1.49704
-0.552586
 0.143964
-0.356609
 -1.04045
 -1.87647
 -1.49994
 -0.58375
 0.127285
-0.326017
 -1.03654
 -1.77346
 -1.49583
-0.551879
 0.130294
-0.341256
  -1.0459
 -1.69177
 -1.40134
-0.600877
 0.119265
-0.359764
 -1.04725
 -1.58033
 -1.46712
-0.621198
 0.130612
-0.361666
 -1.06715
 -1.58248
 -1.43138
-0.588432
 0.125042
-0.361023
 -1.07737
 -1.56018
 -1.34359
-0.597188
 0.136254
-0.357245
 -1.06177
 -1.45116
 -1.40792
-0.591243
 0.141914
-0.362283
 -1.06815
 -1.37578
 -1.38581
-0.578734
 0.136493
-0.374384
 -1.08771
 -1.32074
  -1.3397
-0.584084
  0.13763
-0.390809
 -1.09718
 -1.31288
 -1.36448
-0.607448
 0.140445
-0.387537
 -1.08102
 -1.26836
 -1.29815
-0.568743
 0.144202
-0.386053
 -1.10559
 -1.24354
 -1.39102
-0.546635
 0.139209
-0.408173
 -1.10418
 -1.17257
 -1.26397
-0.673161
 0.131245
-0.406568
 -1.09229
 -1.11144
 -1.28651
-0.546592
 0.147844
-0.420364
  -1.1164
 -1.12012
 -1.30613
-0.626931
 0.145669
-0.412935
 -1.11571
 -1.12335
 -1.32566
-0.606266
 0.144062
-0.407283
 -1.10523
 -1.01712
 -1.22473
-0.559063
 0.140168
-0.422042
 -1.08884
-0.974281
 -1.27396
-0.617828
 0.157205
-0.419565
 -1.12279
  -1.0093
 -1.25937
-0.618772
 0.146372
-0.418211
 -1.10024
-0.962024
 -1.27368
-0.602775
 0.150746
-0.435677
 -1.09681
-0.929169
 -1.22104
-0.587776
 0.151404
-0.439664
 -1.09972
-0.850177
 -1.21888
-0.556063
 0.163254
-0.437606
 -1.13509
-0.837764
 -1.23232
-0.633528
 0.145862
-0.428832
 -1.14115
-0.816391
 -1.21021
-0.640076
   0.1536
-0.438449
 -1.11184
-0.821508
 -1.25252
-0.558892
 0.157499
-0.450566
 -1.13273
-0.799204
 -1.20251
 -0.62957
 0.160036
-0.438109
 -1.11327
-0.766921
  -1.1387
-0.609612
 0.160167
-0.452865
 -1.13586
-0.748888
 -1.17878
-0.580142
  0.14764
-0.458818
 -1.13748
-0.694039
 -1.20902
-0.615589
 0.155161
-0.438095
 -1.12709
-0.691609
 -1.14533
-0.663576
 0.155706
-0.454671
 -1.14241
-0.656665
  -1.2006
-0.618362
 0.168254
-0.477451
 -1.14431
-0.641228
 -1.19469
-0.585175
 0.162305
 -0.47637
  -1.1453
 -0.63027
 -1.08008
-0.627016
 0.162822
-0.455722
  -1.1465
-0.629965
 -1.18164
-0.594682
 0.162526
-0.467373
 -1.16317
-0.627756
 -1.18363
-0.636818
 0.168263
-0.467634
 -1.15056
-0.570445
 -1.08775
-0.609764
 0.151874
-0.460553
 -1.15324
-0.536596
 -1.11469
-0.580672
 0.159285
-0.473765
 -1.14799
-0.518001
 -1.16146
-0.669405
 0.154911
-0.464105
 -1.15831
-0.515037
 -1.09382
-0.592455
 0.154353
 -0.47249
  -1.1448
-0.518174
 -1.13863
-0.586666
  0.17409
-0.481898
 -1.14707
-0.489569
 -1.10766
 -0.64663
 0.160922
-0.489175
 -1.14619
 -0.48533
 -1.10464
-0.608079
 0.169407
-0.471313
 -1.15725
-0.467723
 -1.10195
-0.634927
 0.165327
-0.471578
 -1.16796
-0.469224
 -1.09674
-0.652885
  0.16538
-0.474962
 -1.16196
-0.435421
 -1.13082
-0.598084
 0.168869
-0.486807
 -1.16383
-0.387334
 -1.06704
-0.643436
 0.171198
-0.480602
 -1.14895
-0.403076
 -1.08685
 -0.63889
 0.166391
-0.477757
 -1.18186
-0.397797
 -1.12484
-0.619247
 0.169417
-0.490828
 -1.16182
-0.373852
 -1.04742
-0.647225
 0.159037
-0.490773
 -1.14986
 -0.36997
 -1.07046
-0.624128
 0.160022
-0.485849
 -1.15106
-0.343614
 -1.08564
-0.640414
 0.161341
-0.486074
 -1.15808
-0.159444
-0.956922
-0.649537
 0.166041
-0.481948
 -1.17444
-0.322253
 -1.10374
-0.627314
 0.179577
-0.516826
 -1.15931
-0.273247
  -1.0748
-0.618713
 0.157013
-0.479074
 -1.17648
 -0.33257
  -1.0114
-0.630342
 0.172684
-0.529036
 -1.13738
 -0.49347
 -1.15742
-0.608506
 0.157302
-0.472298
 -1.13696
-0.118076
 -1.00543
-0.626649
 0.170669
-0.510696
 -1.17474
 -0.12937
-0.977919
-0.660137
 0.176059
-0.534242
 -1.18759
-0.0971461
  -1.01481
 -0.624034
  0.166579
  -0.50836
  -1.17947
-0.146771
 -1.00756
-0.643408
 0.166593
-0.506695
  -1.1807
-0.203943
 -1.01316
 -0.68472
 0.167842
-0.512902
  -1.1946
-0.135872
-0.998255
-0.601385
  0.17727
 -0.50461
 -1.17776
 -0.13293
-0.977782
-0.614388
 0.176139
 -0.52249
  -1.1787
-0.0871175
 -0.974092
 -0.691666
  0.172699
 -0.511052
  -1.19462
 -0.13356
 -1.01928
-0.655499
  0.17814
-0.519123
 -1.19125
 -0.19629
 -1.00753
-0.624376
 0.169958
-0.511633
 -1.17339
-0.0919838
 -0.932319
 -0.611787
  0.179044
 -0.511606
  -1.19036
-0.0861722
  -1.00018
 -0.624906
  0.168847
 -0.519149
  -1.19195
-0.0695643
  -1.02041
 -0.685412
  0.165988
 -0.513365
  -1.19556
-0.0908655
 -0.966274
 -0.680377
  0.174526
 -0.501367
  -1.17982
-0.0480128
 -0.977794
 -0.607481
  0.169509
 -0.528142
  -1.18645
-0.0411662
 -0.965669
 -0.664032
  0.167018
 -0.507325
   -1.2022
-0.0204895
  -1.00031
 -0.670112
  0.163347
 -0.498604
  -1.18634
-0.0763677
  -1.01481
  -0.62955
  0.177555
 -0.513692
  -1.18131
-0.0623966
 -0.952953
 -0.620812
  0.172023
 -0.507566
  -1.18924
-0.0336961
 -0.918179
 -0.643215
  0.178072
 -0.504245
   -1.1845
0.000340092
   -1.04034
  -0.650254
   0.182737
  -0.511244
   -1.20138
-0.00303952
   -0.90731
  -0.622367
   0.173775
  -0.510176
   -1.18404
0.000783937
  -0.964471
  -0.590501
   0.167447
  -0.527959
   -1.20314
0.0144891
-0.954635
-0.642008
 0.174037
-0.526421
 -1.19058
0.0469993
-0.936028
-0.659196
     0.17
-0.523121
 -1.18265
0.0436963
-0.938996
-0.660536
 0.170707
-0.525419
 -1.19727
0.0743128
-0.935635
-0.642965
 0.176184
-0.524585
 -1.20492
0.0787189
-0.943713
-0.618232
 0.176363
-0.522705
 -1.20611
0.0726854
-0.931101
-0.674146
 0.167009
-0.523436
 -1.19413
0.0768898
-0.946973
-0.652602
 0.166848
-0.525665
 -1.20768
0.0940875
-0.938928
-0.637256
 0.180673
-0.521411
 -1.19785
0.0747224
-0.912426
-0.649648
 0.166041
-0.529194
 -1.21438
0.0854058
 -0.92743
-0.628241
 0.180755
-0.510492
 -1.21094
  0.10497
-0.900343
-0.668101
 0.173685
-0.521012
 -1.21631
0.0954058
-0.955147
-0.658284
 0.162428
 -0.52072
 -1.21838
0.0994915
-0.920426
-0.667356
 0.175687
-0.522444
 -1.21133
0.0887352
-0.926092
-0.639497
 0.171889
-0.520953
 -1.21893
 0.107704
-0.895277
-0.661471
 0.172246
-0.533655
 -1.20293
 0.110085
-0.904856
 -0.66684
 0.173722
 -0.52216
  -1.2078
 0.121546
-0.960328
-0.656017
 0.165705
-0.520037
  -1.2151
  0.11676
-0.886936
-0.618687
 0.177789
-0.523046
 -1.21891
 0.114272
-0.953026
-0.624376
 0.180291
-0.524965
 -1.23073
 0.113653
-0.877479
-0.647587
 0.163032
-0.528863
 -1.20768
 0.147999
-0.983105
-0.655226
 0.170405
-0.512579
 -1.21993
 0.123224
-0.872319
 -0.64806
  0.18005
 -0.51823
 -1.21815
 0.124391
-0.961114
 -0.60462
 0.172931
-0.538614
 -1.22232
 0.139771
  -0.8659
-0.654163
 0.170495
-0.520646
 -1.18681
 0.149166
 -0.90333
-0.641915
 0.177107
-0.531778
 -1.20103
 0.136477
-0.902752
-0.638358
  0.16625
-0.516081
  -1.1976
 0.113225
-0.904264
-0.706439
 0.170701
-0.529562
 -1.20727
 0.137835
-0.933468
-0.649909
  0.17693
-0.523173
 -1.21577
 0.130586
-0.903476
-0.630592
 0.177567
-0.533665
 -1.20155
 0.143027
-0.914266
-0.678172
 0.173821
-0.519682
 -1.19918
 0.135253
-0.906017
-0.646339
 0.180552
-0.538848
 -1.21145
 0.133454
 -0.88904
-0.618825
 0.172421
-0.520904
 -1.19861
 0.127253
-0.964389
-0.631152
 0.182538
-0.517497
 -1.21878
 0.148242
-0.891516
-0.654325
 0.174387
-0.525332
 -1.19257
 0.139003
-0.943506
 -0.59864
 0.169703
-0.523138
 -1.23266
 0.150051
-0.898553
-0.655422
 0.173901
 -0.52893
  -1.2028
 0.136534
-0.877119
-0.632721
 0.162107
-0.529441
 -1.20388
 0.152483
-0.940404
-0.625456
  0.17283
-0.527779
 -1.22666
 0.135898
-0.890079
-0.631418
 0.175269
-0.541138
 -1.20732
 0.144691
-0.865568
-0.636033
 0.177776
-0.518038
 -1.22049
 0.155311
-0.944996
 -0.64944
 0.164335
-0.523789
 -1.20738
 0.159303
-0.927628
-0.692706
 0.178881
-0.514769
 -1.21376
 0.166532
-0.930763
-0.651189
 0.168133
-0.517232
 -1.21138
 0.155504
-0.910932
-0.644101
 0.168163
-0.517637
 -1.20812
   0.1558
-0.879027
-0.661719
 0.175927
-0.518859
 -1.19227
 0.167489
-0.909992
-0.655349
 0.171232
-0.519526
   -1.213
 0.147483
-0.937756
-0.637935
 0.174028
-0.536315
 -1.22626
 0.140308
-0.874776
-0.645607
 0.179177
-0.528606
 -1.21422
 0.164556
-0.880962
-0.641704
 0.176499
-0.515111
 -1.20003
 0.153687
-0.914214
-0.664536
 0.173618
-0.528804
 -1.23541
 0.139535
-0.922397
-0.645001
 0.179716
  -0.5183
 -1.21381
 0.148381
-0.908559
-0.651839
 0.175876
-0.520071
 -1.20104
 0.143872
-0.890291
-0.659318
 0.179333
-0.533117
  -1.2094
 0.143213
-0.914665
-0.677085
 0.165396
-0.514067
 -1.19972
 0.142591
-0.941716
-0.617532
 0.175274
-0.525605
   -1.222
 0.161154
-0.875924
-0.660676
  0.17771
-0.527613
  -1.2002
 0.164215
-0.920217
-0.640411
 0.184784
-0.523299
 -1.21329
 0.156491
-0.899929
-0.669845
 0.174498
-0.529937
 -1.20784
   0.1444
-0.925519
-0.629752
 0.167708
-0.534073
 -1.20657
 0.145978
-0.938219
-0.612869
 0.180636
-0.536063
 -1.21359
 0.149694
-0.887978
-0.665892
 0.183249
  -0.5252
 -1.21093
 0.154385
-0.916446
-0.666978
 0.176762
-0.522363
 -1.21552
 0.166214
-0.921047
-0.625259
 0.171592
-0.524368
 -1.20296
 0.152136
 -0.89723
  -0.6374
 0.182299
-0.530674
 -1.20306
 0.146077
-0.913265
-0.610397
 0.181588
-0.530568
 -1.22047
 0.135992
-0.900411
-0.658644
 0.177399
-0.524453
 -1.21089
 0.156521
-0.898531
-0.643132
 0.182892
-0.533339
 -1.21297
 0.156446
 -0.92406
 -0.62187
 0.165999
-0.530292
 -1.20778
 0.125167
-0.923235
-0.637721
 0.170911
-0.521676
  -1.2078
 0.147628
-0.931242
-0.660002
 0.173719
-0.532909
 -1.22403
 0.153287
-0.911984
-0.655911
 0.173741
-0.528254
 -1.20469
 0.134046
-0.901004
-0.658842
 0.175703
-0.534399
 -1.21755
 0.130906
-0.920837
-0.644819
 0.176508
-0.521224
 -1.21852
 0.148549
-0.909978
-0.663888
 0.167295
 -0.51259
 -1.20795
 0.162402
-0.906945
 -0.65609
 0.171533
-0.526024
 -1.20354
  0.15532
-0.903855
-0.655009
 0.164534
-0.520336
 -1.20151
 0.165154
-0.908402
-0.637148
 0.172647
-0.521507
 -1.20575
 0.145552
-0.913759
-0.637044
 0.170233
 -0.54423
 -1.21425
 0.146706
-0.917539
-0.643651
 0.178836
 -0.52623
 -1.20959
 0.145636
-0.913438
-0.636846
 0.175443
-0.530253
 -1.19859
 0.157067
-0.909684
-0.635931
 0.166948
-0.520865
 -1.20546
 0.147983
-0.906012
-0.637319
 0.171468
-0.520879
 -1.20948
 0.135402
-0.914551
-0.634458
 0.168877
-0.531701
 -1.19567
 0.150653
-0.908302
-0.641548
 0.177991
-0.523414
 -1.19909
 0.149389
-0.903522
-0.646289
 0.174938
-0.522324
 -1.20566
  0.14739
-0.912575
 -0.65505
 0.174813
-0.520619
 -1.21382
 0.146436
-0.916592
-0.650391
 0.179602
-0.522725
 -1.20888
   0.1621
-0.913265
-0.651451
 0.174778
-0.516299
 -1.20249
 0.162281
-0.913477
-0.645987
 0.174691
-0.511056
 -1.20769
 0.156123
-0.905632
-0.643794
 0.173999
-0.519159
 -1.19624
  0.16284
-0.900078
-0.646224
 0.165212
-0.519139
 -1.20118
 0.153827
-0.904688
-0.641789
 0.169955
-0.514858
 -1.20725
 0.147192
-0.911243
-0.638244
 0.176904
-0.536445
 -1.20892
 0.159749
-0.903009
-0.637282
 0.175199
-0.519595
 -1.20037
 0.153928
-0.913742
-0.644704
 0.174193
-0.525287
 -1.20177
 0.141063
-0.912239
-0.641549
 0.170425
-0.532466
 -1.21091
 0.139462
-0.922045
-0.645785
  0.17454
-0.519471
 -1.21325
  0.14679
-0.910717
-0.643751
 0.163144
 -0.52088
 -1.20888
 0.157662
  -0.9127
-0.642508
 0.165567
-0.525967
  -1.2064
 0.144402
-0.916812
-0.643693
 0.176538
 -0.52826
  -1.2112
 0.148351
  -0.9078
-0.646043
 0.175292
-0.523328
 -1.20064
 0.135744
-0.914893
 -0.64379
 0.180186
-0.524749
  -1.2094
 0.156909
-0.908828
-0.642707
 0.173677
-0.523987
 -1.20458
 0.148886
-0.909473
-0.642609
 0.179618
-0.523729
 -1.19708
 0.149692
-0.913359
-0.639895
 0.178648
-0.536793
  -1.1826
 0.126711
-0.920731
-0.647224
 0.174407
-0.523628
 -1.22694
 0.159004
-0.908227
-0.632721
  0.17266
-0.515633
  -1.2054
 0.141472
-0.913919
-0.640222
 0.168598
-0.525045
 -1.20291
 0.133005
 -0.92016
-0.642821
 0.180405
-0.520123
 -1.22551
 0.146418
-0.909495
-0.641424
 0.162594
-0.530179
 -1.20346
 0.149639
-0.912693
-0.639461
  0.17641
-0.534787
 -1.21676
 0.145018
  -0.9187
-0.642793
 0.181609
 -0.53187
 -1.22354
 0.143842
-0.906506
-0.648417
 0.175474
-0.529228
 -1.20603
 0.135135
-0.913173
-0.642709
 0.174147
 -0.53515
 -1.21278
 0.139847
-0.914566
-0.642695
 0.182801
-0.530031
 -1.20961
 0.142974
-0.912015
-0.646201
 0.165603
-0.530406
 -1.22231
 0.143412
 -0.91244
-0.645138
 0.179164
-0.527379
 -1.21817
 0.131614
 -0.91595
-0.641566
 0.169014
-0.531686
 -1.21842
 0.150095
-0.914905
-0.647169
 0.174734
-0.527152
 -1.21542
 0.137958
-0.916161
 -0.64599
 0.179022
-0.543032
 -1.21404
 0.127639
-0.923649
-0.643877
 0.181408
-0.523446
 -1.22862
 0.151071
-0.909722
-0.643909
 0.181437
 -0.52565
 -1.20648
 0.148838
-0.910054
-0.641636
 0.167006
-0.519696
 -1.21128
  0.13624
-0.917735
-0.645856
 0.175158
 -0.53301
 -1.21036
 0.135857
-0.915331
-0.640543
 0.176821
-0.523366
 -1.21672
 0.144226
-0.916634
-0.653771
 0.173336
-0.520079
 -1.21313
 0.119847
 -0.92636
-0.644428
 0.180134
-0.528064
 -1.20583
 0.145708
-0.914472
-0.642095
 0.174196
-0.535542
 -1.18485
 0.140671
-0.918211
-0.640281
 0.177971
-0.528151
 -1.20931
 0.131702
-0.915249
-0.645156
 0.177559
 -0.51984
 -1.22295
 0.147306
-0.911796
-0.641387
 0.175077
-0.522693
 -1.19807
 0.142302
-0.916965
-0.644769
  0.17836
-0.540848
  -1.2105
 0.140394
-0.909765
-0.643796
 0.167948
-0.527898
 -1.20743
  0.13424
-0.916911
-0.646206
 0.184955
-0.532231
 -1.22123
 0.143229
-0.919869
-0.643753
 0.183233
-0.532074
 -1.21694
 0.139794
-0.915055
-0.641322
 0.174254
-0.524347
 -1.20093
 0.143225
-0.920234
-0.642301
 0.177767
-0.521345
 -1.20152
 0.148257
-0.907083
-0.644979
 0.178093
-0.523185
 -1.20036
 0.153314
-0.911011
-0.642817
  0.17114
-0.519446
  -1.2145
 0.139588
-0.913834
-0.639397
 0.177721
-0.533125
 -1.21388
 0.136069
-0.916785
-0.640431
 0.173351
 -0.53237
 -1.21709
 0.163246
-0.901049
-0.646158
 0.169057
-0.505724
 -1.19531
 0.120697
-0.921117
-0.639167
 0.177983
-0.526282
   -1.213
  0.15281
-0.909154
-0.643803
 0.171066
-0.518702
 -1.20438
 0.145051
-0.910589
-0.642791
 0.181319
-0.530424
 -1.20835
 0.165264
-0.908688
-0.643884
 0.176103
-0.517291
  -1.2057
 0.133082
-0.920829
-0.639186
 0.180905
-0.533556
 -1.21407
 0.151711
-0.912855
 -0.64489
 0.174002
-0.518768
 -1.20821
 0.151601
-0.912465
-0.650417
 0.176204
-0.515324
 -1.20326
 0.147943
-0.913855
-0.645082
 0.178779
-0.520545
 -1.21733
 0.154772
-0.908934
-0.648267
 0.171254
-0.519139
 -1.20425
  0.14886
-0.917772
-0.642453
 0.182806
-0.536475
 -1.20507
 0.151233
-0.911813
-0.649262
 0.165923
-0.514491
 -1.20528
 0.130792
 -0.92017
-0.641585
 0.177428
-0.530902
 -1.22263
 0.151456
-0.912407
-0.645994
 0.169482
 -0.52351
 -1.21002
 0.152318
-0.915777
-0.649318
 0.172806
-0.525071
 -1.21375
 0.145522
-0.920564
-0.645964
  0.18342
-0.521309
 -1.21552
 0.155705
-0.912609
-0.645936
  0.17142
-0.520126
 -1.20616
 0.151434
-0.912223
 -0.64373
 0.168724
-0.520677
 -1.20786
 0.144218
-0.916138
 -0.64258
 0.175303
-0.529141
 -1.21088
 0.135763
-0.916513
-0.643894
 0.164584
 -0.53733
   -1.228
 0.131536
-0.915659
-0.641417
 0.165178
-0.516115
 -1.20968
 0.154098
-0.914228
-0.643555
 0.174681
-0.521564
 -1.19993
 0.139596
-0.914702
-0.642642
 0.170685
-0.533234
 -1.21409
 0.135937
 -0.91556
-0.640744
 0.179696
-0.535171
 -1.22786
 0.141864
-0.915509
-0.657316
 0.174382
-0.523886
 -1.22116
  0.14511
-0.919682
-0.637844
 0.175677
-0.530936
 -1.20367
 0.157991
-0.905054
-0.641582
 0.169788
-0.520027
 -1.19856
 0.148072
-0.914934
-0.637929
 0.175927
-0.532223
 -1.19946
 0.145401
-0.920382
-0.651698
 0.183493
-0.526927
 -1.22407
 0.144596
-0.917708
 -0.64926
 0.177383
-0.525258
 -1.21145
 0.127043
-0.921735
-0.640257
 0.179628
-0.533379
 -1.21372
 0.130453
-0.919222
-0.635755
 0.171601
-0.530785
 -1.21099
  0.15199
-0.913894
-0.642716
 0.170916
 -0.51261
 -1.21365
 0.155796
-0.912581
-0.643651
 0.177586
-0.527694
 -1.20143
 0.136195
-0.916299
-0.648199
 0.186515
-0.520773
 -1.20545
 0.135998
-0.923783
-0.651789
 0.182269
-0.509808
 -1.23204
  0.15543
 -0.91209
-0.647003
 0.165942
-0.520976
 -1.20579
 0.151915
-0.913544
 -0.65025
 0.176972
-0.506706
 -1.19496
 0.137378
-0.921498
-0.648216
 0.182033
-0.526188
 -1.21926
 0.123778
-0.917081
-0.642737
 0.173304
-0.519244
 -1.21842
 0.145918
-0.914589
-0.647237
 0.175879
-0.525618
 -1.21712
 0.159015
-0.908673
 -0.64163
 0.171863
-0.511396
 -1.20528
 0.147028
-0.910501
 -0.63961
 0.172575
-0.525087
 -1.22036
 0.147614
-0.913301
-0.641721
 0.171583
-0.532324
 -1.22135
 0.150305
-0.908783
-0.650383
 0.159124
-0.515731
 -1.20363
 0.143007
-0.919275
 -0.64702
 0.179677
-0.523056
 -1.21219
 0.139839
-0.923339
-0.645733
 0.178191
-0.522526
 -1.21151
 0.138181
-0.917219
-0.645827
 0.174789
-0.531672
 -1.20811
 0.132547
-0.919093
-0.642672
 0.175617
-0.529389
 -1.22003
 0.139969
-0.915924
 -0.64497
 0.171239
-0.523934
 -1.21951
 0.128482
-0.919992
-0.642338
  0.17042
 -0.52493
 -1.20639
 0.139633
-0.922235
-0.650196
 0.183192
 -0.51894
 -1.20628
 0.135785
-0.914864
-0.641689
 0.181346
-0.529826
  -1.2162
 0.154296
-0.913993
-0.639232
 0.184119
-0.525524
 -1.20224
 0.142775
-0.910194
-0.641599
 0.172573
-0.518226
  -1.2061
 0.148748
-0.909985
-0.639361
 0.163172
-0.521781
 -1.21127
 0.131323
-0.922542
-0.656035
 0.177268
-0.511407
 -1.22144
 0.139707
-0.915273
-0.643447
 0.170983
-0.528082
 -1.19847
 0.144641
-0.909209
-0.642718
 0.176723
-0.523347
 -1.20333
 0.143009
 -0.91884
-0.655016
 0.183784
-0.510118
 -1.21663
 0.134985
-0.919844
-0.649306
 0.182524
-0.510437
 -1.21185
 0.121777
-0.917218
-0.638146
 0.172162
 -0.51479
 -1.21178
 0.144032
-0.915528
-0.641416
 0.175028
-0.533793
 -1.20818
 0.141088
-0.912296
 -0.64392
 0.169264
 -0.52776
 -1.21786
  0.14605
-0.915358
-0.647975
 0.179062
-0.531894
 -1.19889
 0.122607
-0.920363
-0.647251
 0.179596
-0.520943
  -1.2241
 0.144405
-0.916811
-0.643692
 0.176543
-0.528259
 -1.21119
 0.136636
  -0.9195
-0.644836
 0.169273
-0.527121
 -1.22066
 0.135076
-0.912794
-0.638088
 0.172638
-0.529357
 -1.20388
 0.138522
 -0.91814
-0.656321
  0.17636
-0.514604
 -1.22927
 0.123121
-0.922273
-0.635887
 0.176927
-0.522855
 -1.21872
 0.137897
 -0.91605
-0.640474
  0.16509
-0.516863
 -1.21981
 0.148939
-0.910945
-0.644875
 0.164977
-0.522548
 -1.20912
 0.150838
-0.909875
-0.648105
 0.171051
-0.517673
  -1.1974
 0.149961
-0.914121
-0.643644
 0.178709
-0.531585
 -1.20361
 0.130784
-0.919307
-0.642499
 0.186201
 -0.51949
 -1.20427
 0.144362
-0.916442
-0.639164
 0.175026
-0.522591
 -1.20689
 0.133273
-0.921664
-0.644804
 0.180783
-0.526789
 -1.21672
 0.119126
-0.916495
-0.645864
 0.161661
-0.523196
 -1.21267
 0.151469
-0.911549
-0.642837
 0.176516
-0.523528
 -1.21439
 0.133127
-0.913195
-0.648546
 0.174789
-0.525762
 -1.22404
 0.149123
-0.911519
-0.641428
 0.168545
-0.531317
  -1.2047
 0.144587
-0.909208
-0.642903
 0.171711
-0.520856
 -1.21486
 0.136203
 -0.91759
 -0.64578
 0.173243
-0.525226
 -1.20599
 0.134473
 -0.91931
-0.645904
 0.166287
-0.520499
 -1.21821
 0.131996
-0.917647
 -0.64814
 0.173026
-0.535338
 -1.21418
 0.147353
-0.912636
-0.642531
 0.169199
-0.527879
 -1.20508
 0.145745
-0.913708
-0.645918
 0.176769
-0.517441
 -1.20331
 0.145354
-0.912935
-0.642446
 0.166693
-0.517541
 -1.20078
 0.128815
-0.920542
-0.641538
 0.175885
-0.524456
 -1.22051
 0.142091
 -0.91587
-0.639269
 0.174636
-0.532423
 -1.21286
 0.141535
-0.914074
-0.640386
 0.170516
-0.532955
 -1.21186
 0.130432
-0.918617
-0.639154
  0.17708
-0.523608
  -1.2085
 0.156246
-0.914507
-0.646955
 0.175347
 -0.51841
 -1.20254
 0.146829
-0.917672
-0.645973
 0.183651
-0.528021
 -1.21178
 0.143767
-0.914613
-0.642434
 0.168786
 -0.51428
 -1.20149
 0.152512
-0.907917
-0.646042
 0.171267
-0.513434
 -1.20154
 0.125479
-0.923585
 -0.64484
 0.180354
-0.524359
 -1.22136
 0.142432
-0.917407
  -0.6481
 0.174597
-0.519695
 -1.20902
 0.145226
-0.919923
-0.644714
 0.178148
-0.523094
 -1.21059
 0.135719
-0.914782
-0.651797
 0.184104
-0.528284
 -1.21796
 0.143989
-0.915083
 -0.63927
 0.170417
-0.515764
 -1.21103
 0.152036
-0.914796
-0.643807
 0.166001
-0.521564
 -1.21826
 0.137135
-0.920732
-0.646886
 0.179845
-0.522929
  -1.2076
 0.145055
-0.910688
-0.647349
 0.178994
-0.520773
 -1.21308
 0.145019
-0.911201
-0.643732
 0.172568
-0.523807
 -1.20422
 0.140549
 -0.91742
-0.651833
 0.181392
-0.518125
 -1.22472
 0.140714
-0.910417
-0.645132
  0.17322
-0.526242
 -1.21693
  0.14754
 -0.91331
-0.643642
  0.17044
-0.526997
 -1.20539
 0.152493
-0.915834
-0.643504
 0.175818
-0.514412
 -1.19847
 0.134452
 -0.91878
-0.646919
 0.174856
-0.525682
 -1.20855
 0.156836
 -0.90806
-0.641782
 0.175513
-0.520203
 -1.21128
 0.143974
 -0.91531
-0.641304
 0.172151
-0.522115
 -1.20162
  0.13572
-0.915597
-0.645132
 0.167376
-0.519784
 -1.22816
  0.15145
-0.911525
 -0.64508
 0.174393
 -0.51481
 -1.21457
 0.144218
-0.915668
-0.645965
 0.182705
-0.529624
 -1.20818
 0.140636
-0.918241
-0.642379
 0.176819
-0.523076
 -1.20251
 0.149453
-0.911963
-0.642559
 0.175944
-0.520599
 -1.20071
 0.139731
-0.914905
-0.647322
 0.174316
-0.530343
 -1.22323
 0.150851
-0.909487
-0.641564
 0.170682
-0.517208
 -1.20447
  0.13526
-0.922162
-0.648096
 0.175295
-0.533346
 -1.21905
 0.137228
-0.921336
-0.645724
 0.177247
 -0.52413
 -1.20791
 0.135832
-0.923744
-0.642612
 0.179811
-0.535056
 -1.22468
 0.136843
-0.919762
-0.651702
 0.176746
 -0.52202
 -1.22522
 0.141407
-0.912361
-0.640249
  0.18016
-0.513739
 -1.19345
 0.141021
-0.912232
-0.635569
 0.163449
-0.516066
 -1.19119
 0.134671
-0.919151
-0.639197
 0.178816
-0.536819
 -1.21335
 0.131091
-0.921899
-0.637786
 0.173695
-0.532979
 -1.20525
 0.142204
-0.908431
-0.640747
 0.165561
-0.525113
 -1.22104
 0.125939
-0.917047
-0.637213
 0.176693
-0.527986
 -1.22094
  0.13512
-0.913572
-0.639285
 0.165794
-0.530777
 -1.21329
 0.135302
-0.913488
-0.639379
  0.17387
-0.528726
 -1.21336
 0.134828
-0.910781
-0.637299
 0.180824
-0.528123
 -1.21219
 0.124876
-0.921259
-0.636922
 0.176079
-0.525108
 -1.21372
 0.127139
-0.921854
-0.644809
 0.182304
-0.526471
 -1.21609
 0.146938
-0.910611
-0.643667
 0.171237
-0.518576
 -1.19978
 0.152079
-0.905343
-0.646368
 0.178013
-0.512025
 -1.20951
 0.133926
-0.916557
-0.639307
 0.171527
  -0.5307
 -1.21685
 0.150994
-0.909803
-0.635816
 0.172533
-0.519251
 -1.19571
 0.134613
-0.918561
-0.647029
 0.181009
-0.515972
 -1.20883
 0.135064
-0.920445
-0.641563
 0.180328
-0.531412
 -1.22095
 0.132303
-0.918327
-0.641342
  0.17343
-0.526129
 -1.20837
 0.128213
-0.917857
-0.639231
  0.17881
-0.524629
 -1.21014
 0.152806
-0.908334
-0.642835
 0.176942
-0.513769
 -1.20653
 0.141968
  -0.9155
-0.645158
 0.171819
-0.526739
  -1.2286
 0.120989
-0.922716
-0.648129
 0.173901
-0.514832
 -1.21829
 0.134426
-0.917888
-0.645916
  0.17977
-0.516855
 -1.20852
 0.140855
-0.919477
-0.650558
 0.175322
-0.528329
 -1.22539
 0.129317
-0.914444
-0.642546
  0.17644
-0.526213
 -1.20385
 0.126007
-0.925732
-0.654836
 0.180592
-0.506982
 -1.22023
 0.137812
-0.916048
-0.645776
 0.173075
-0.536149
 -1.20506
  0.15225
-0.914578
-0.643733
 0.177166
-0.514345
 -1.20701
 0.139739
-0.914067
-0.645993
 0.185211
-0.527648
 -1.20469
 0.137971
-0.915702
 -0.64599
 0.177299
-0.518904
 -1.21013
 0.140578
-0.909619
 -0.64394
 0.175064
-0.522083
 -1.20989
 0.135892
-0.916561
-0.648225
 0.171314
 -0.52902
 -1.21666
 0.131984
-0.917031
-0.641213
 0.174797
 -0.52556
 -1.19859
 0.122552
-0.920383
 -0.64926
 0.178448
-0.515742
 -1.21272
 0.157473
-0.910735
-0.643814
 0.177605
-0.522397
 -1.20554
 0.147941
-0.906182
-0.643847
 0.168971
-0.509775
 -1.20044
 0.145432
 -0.91263
-0.646084
 0.176004
-0.526059
 -1.21161
 0.124153
-0.918849
-0.639296
  0.16955
-0.521823
 -1.21937
 0.145357
-0.913047
-0.644673
 0.166495
-0.516483
 -1.20075
 0.149039
-0.911835
-0.648114
 0.162945
-0.525399
 -1.20697
 0.130946
-0.920501
 -0.65274
 0.182589
-0.515774
 -1.21817
 0.139306
 -0.91291
-0.640324
 0.171488
-0.513488
 -1.20261
 0.125085
-0.922116
-0.640298
  0.17808
-0.527059
 -1.21619
 0.123556
  -0.9165
-0.643671
 0.171876
 -0.51882
 -1.20891
 0.148145
-0.906767
 -0.64049
 0.172535
 -0.51867
  -1.2006
 0.153428
-0.912116
-0.640184
 0.165003
-0.517581
 -1.19918
 0.144568
-0.908666
-0.646248
 0.178153
-0.517447
 -1.20997
 0.142448
-0.917256
-0.643682
 0.175959
-0.525706
 -1.21126
  0.14026
-0.916783
-0.637926
 0.174541
-0.525902
 -1.20191
 0.132092
 -0.92485
-0.641286
 0.180283
-0.513403
 -1.21187
 0.125742
-0.925286
-0.636704
 0.174895
-0.537489
 -1.21296
 0.128167
-0.926182
-0.643597
 0.178708
-0.523833
 -1.22068
 0.143121
-0.919839
-0.643666
 0.178241
-0.529209
 -1.21472
 0.138327
-0.917509
-0.644741
 0.172384
-0.516529
 -1.20887
 0.121635
-0.916915
-0.641562
 0.172443
-0.521343
 -1.21578
 0.135584
-0.914764
-0.639329
 0.172513
-0.529044
 -1.21398
 0.125224
-0.923076
-0.645997
 0.174872
-0.525335
 -1.22557
 0.128833
-0.913053
-0.642568
 0.166833
-0.516519
 -1.20578
 0.153646
-0.903605
 -0.64401
 0.177089
-0.519987
 -1.20184
 0.135758
 -0.91516
-0.646363
 0.176896
-0.529112
 -1.22985
 0.133417
-0.913991
-0.641554
 0.177127
-0.523963
 -1.20885
 0.122308
-0.919014
-0.647262
 0.179997
-0.516734
  -1.2213
 0.154744
-0.907818
-0.642807
  0.17657
-0.512431
 -1.20428
 0.131073
-0.921467
 -0.64336
 0.179937
-0.528511
 -1.20033
 0.127753
-0.916777
-0.641413
 0.171893
-0.525303
 -1.20942
 0.144796
-0.910543
-0.647052
 0.168046
-0.511021
 -1.20188
 0.140153
-0.915916
 -0.64268
  0.18241
-0.534244
 -1.21241
 0.143615
-0.913329
-0.640377
 0.176302
-0.521781
 -1.20531
 0.138066
-0.916292
 -0.64716
 0.172574
-0.511511
 -1.21521
 0.145799
-0.914588
-0.639016
 0.166018
-0.515201
 -1.19958
 0.148149
-0.906991
-0.644944
 0.172136
-0.516552
 -1.20054
 0.152427
-0.908184
-0.650448
 0.166831
-0.512344
 -1.20145
 0.139715
-0.922526
-0.650344
 0.187032
-0.534511
 -1.21502
 0.128797
-0.920519
-0.643779
 0.173762
-0.515739
 -1.22069
 0.142789
-0.919685
-0.643465
 0.162284
 -0.51684
 -1.21046
 0.138604
-0.918154
-0.643568
 0.179791
-0.523214
 -1.20445
 0.120089
-0.919209
-0.638239
 0.169055
-0.525384
 -1.22357
 0.129621
-0.923805
-0.646976
  0.17613
-0.513282
 -1.21766
 0.155826
-0.912146
-0.641411
 0.177985
-0.512283
 -1.19734
 0.139782
-0.915153
-0.639298
  0.17233
 -0.53447
 -1.21446
    0.121
-0.922278
-0.639309
 0.174697
-0.519193
   -1.223
 0.119868
 -0.91874
-0.641402
 0.167424
-0.523899
 -1.21403
  0.13434
-0.918651
-0.642276
 0.172189
-0.532467
  -1.2016
 0.127662
 -0.91682
-0.641366
 0.167854
-0.526329
 -1.20939
 0.120857
-0.914124
-0.642789
 0.173523
-0.537002
 -1.21832
 0.122143
-0.918934
-0.645082
 0.171152
-0.516201
 -1.22824
 0.142655
-0.917953
-0.642551
 0.179323
-0.533542
 -1.21139
 0.140667
-0.918272
-0.652882
 0.180519
-0.525928
 -1.22478
 0.145372
-0.912363
-0.643692
  0.17429
-0.519208
 -1.20269
 0.134615
-0.919094
-0.643592
 0.174574
-0.519257
 -1.20914
 0.141217
-0.912765
-0.642588
 0.169756
-0.523794
 -1.20685
 0.141402
 -0.91325
-0.643857
 0.168104
-0.511609
 -1.21435
 0.124593
-0.911473
-0.640576
 0.180494
-0.525229
 -1.20893
 0.137631
-0.914152
 -0.63949
  0.17521
-0.523038
 -1.21874
 0.142035
-0.915764
-0.641383
  0.17156
-0.519687
 -1.20627
 0.135573
-0.914958
-0.641866
 0.168256
-0.529512
 -1.23224
 0.143495
-0.921531
 -0.64261
 0.171392
-0.519426
 -1.22283
 0.128461
-0.919338
-0.643456
 0.177064
-0.522579
 -1.20153
 0.152445
-0.908144
-0.648257
 0.167991
-0.517295
 -1.20366
 0.145873
-0.914662
-0.638868
  0.17199
-0.521584
 -1.19023
 0.147801
-0.914402
-0.641327
 0.168325
-0.524482
 -1.20385
  0.11744
-0.924691
-0.641267
   0.1789
-0.523495
 -1.21198
 0.143853
-0.914707
-0.652701
 0.178462
 -0.52339
 -1.20984
 0.144693
-0.910869
-0.644827
 0.164972
-0.533469
 -1.20818
 0.130157
-0.918112
-0.637889
 0.173732
-0.533051
 -1.20336
  0.11931
 -0.91599
-0.651621
 0.175976
-0.516802
  -1.2124
 0.139804
-0.915262
-0.643946
 0.169997
-0.524944
 -1.22378
 0.141265
-0.912465
-0.640334
 0.172076
-0.516042
 -1.20254
 0.136529
-0.917824
-0.640125
 0.183172
-0.525218
 -1.19729
 0.150003
-0.915187
-0.645771
 0.163307
-0.509917
 -1.20477
  0.11472
-0.922718
-0.641122
 0.173922
-0.525998
 -1.20376
