  0.317403
  0.110051
-0.0126959
-0.0119803
0.00590729
 0.0122702
   0.33803
 0.0739878
0.00158594
-0.0160899
0.00581958
  0.016998
   0.303882
   0.106039
-0.00900602
 -0.0150057
 0.00915444
  0.0263375
   0.332593
  0.0805855
 0.00630142
-0.00856548
  0.0110298
  0.0108247
  0.297898
 0.0966932
-0.0111592
 -0.010175
0.00781198
 0.0369396
   0.31939
 0.0926158
-0.0119256
-0.0144626
 0.0170767
 0.0209777
   0.318858
    0.10206
 -0.0355142
 -0.0197801
-0.00648339
 0.00334251
  0.296808
  0.109235
-0.0513089
-0.0114879
0.00134147
 0.0145294
   0.303388
  0.0817013
-0.00936568
-0.00910171
 0.00304625
   0.032833
   0.320375
  0.0804837
 -0.0295473
-0.00544762
  0.0255061
  0.0300747
  0.381665
 0.0653892
-0.0185535
-0.0045031
 0.0224035
 0.0249071
   0.43316
   0.06469
-0.0448286
 -0.014066
  0.017685
 0.0253866
   0.458314
   0.118704
-0.00623025
-0.00769809
  0.0277175
  0.0331506
  0.477794
  0.159854
0.00844074
-0.0116534
 0.0309465
 0.0359958
  0.550174
 0.0973652
 0.0200456
-0.0045761
 0.0388683
 0.0636912
  0.602489
  0.182396
0.00361009
-0.0215353
 0.0274608
   0.03487
    0.68508
   0.139174
  0.0493803
-0.00734247
  0.0380713
  0.0689569
  0.797841
  0.240954
 0.0254689
-0.0200871
 0.0373819
 0.0534277
  0.781367
  0.187825
 0.0269266
-0.0111112
 0.0512544
 0.0653182
  0.796187
  0.202807
   0.02141
-0.0201868
 0.0382839
 0.0507832
  0.707953
  0.254424
0.00010071
-0.0164446
 0.0156743
   0.03324
 0.711465
  0.18668
0.0343447
0.0017604
0.0230268
0.0545155
  0.782554
  0.317528
-0.0354235
-0.0183685
 0.0339393
 0.0372997
  0.780763
   0.21605
 0.0185872
-0.0217128
 0.0397119
 0.0499372
  0.807289
  0.209582
-0.0416277
-0.0204663
 0.0427112
  0.077526
   0.78707
  0.224949
-0.0192964
-0.0203856
 0.0345829
 0.0529282
  0.795139
  0.235462
0.00239068
-0.0141859
 0.0282213
 0.0727016
  0.858793
  0.264778
-0.0277654
 -0.011565
 0.0358523
 0.0632031
  0.864173
  0.187158
 -0.025476
-0.0107487
 0.0404328
  0.077271
  0.837075
  0.286948
-0.0236809
 -0.019136
 0.0401054
 0.0641336
   0.841993
   0.193574
 -0.0187918
-0.00870487
  0.0346385
  0.0598007
  0.842458
  0.253408
-0.0228116
-0.0260229
  0.039454
 0.0597993
  0.878458
  0.277574
-0.0299195
-0.0231518
 0.0463948
 0.0804814
  0.901022
  0.233575
 -0.013661
-0.0118074
 0.0352383
 0.0793543
  0.901045
  0.242974
-0.0335038
-0.0118884
 0.0509771
 0.0695858
   0.89472
  0.240909
  0.012098
-0.0352501
 0.0475578
 0.0744163
  0.882523
   0.25021
-0.0165409
-0.0229863
 0.0413247
 0.0653234
  0.908846
  0.225464
-0.0396462
 -0.023926
 0.0404114
 0.0787137
  0.929786
  0.251279
0.00870204
-0.0238148
 0.0489119
 0.0689601
  0.938003
  0.271099
 0.0106346
-0.0118416
 0.0515755
 0.0787645
  0.943747
  0.245402
 0.0288328
-0.0158377
 0.0526919
 0.0813841
  0.974368
  0.281516
-0.0768142
-0.0340804
 0.0458313
 0.0664078
  0.961566
  0.238732
0.00824916
 -0.026174
 0.0558137
 0.0762782
   1.01089
  0.323105
-0.0622232
-0.0174191
  0.068963
 0.0737043
   0.98209
    0.2132
 0.0252196
-0.0149898
 0.0574282
 0.0804056
   1.03698
  0.306741
-0.0354145
-0.0256317
 0.0560867
 0.0664722
   0.98674
  0.237154
 0.0606691
-0.0252073
 0.0617084
 0.0886996
   1.00206
  0.252301
 0.0064573
-0.0188944
 0.0562877
 0.0882374
  0.966198
  0.237216
0.00852464
-0.0205406
 0.0556945
 0.0843898
  0.998479
   0.25883
-0.0560755
-0.0180034
 0.0446969
 0.0740148
   1.00751
  0.274018
0.00693237
-0.0174366
 0.0670531
 0.0790775
   1.03767
  0.312099
-0.0303814
-0.0303025
 0.0459186
 0.0774379
   1.04794
  0.285023
-0.0717603
-0.0344205
 0.0576851
 0.0594806
   1.03255
  0.280562
-0.0460968
-0.0233812
 0.0459293
 0.0535329
   1.03431
  0.392474
-0.0802484
-0.0112904
 0.0479387
  0.067258
   1.06608
  0.261046
 0.0592395
-0.0181967
 0.0704365
 0.0661918
   1.09622
  0.355582
-0.0419198
-0.0196661
 0.0582723
 0.0691493
   1.04821
  0.256432
 0.0536221
-0.0330025
 0.0680759
 0.0689781
   1.09224
  0.336887
-0.0724256
-0.0217198
 0.0581893
 0.0767548
   1.04643
  0.220683
-0.0052675
-0.0213522
 0.0730745
 0.0703958
    1.1484
  0.361862
-0.0436332
-0.0217158
 0.0607378
 0.0583832
    1.1349
  0.222635
 0.0142488
-0.0143981
 0.0665938
 0.0825112
   1.19537
  0.337421
-0.0452125
-0.0246084
 0.0627438
 0.0980898
   1.22253
  0.389974
-0.0558467
-0.0272133
 0.0738027
 0.0612993
    1.26019
    0.31596
-0.00646391
 -0.0222802
  0.0753444
  0.0930292
    1.3306
  0.431064
-0.0290892
-0.0364287
 0.0729168
 0.0595085
    1.35397
   0.357225
-0.00975435
  -0.023912
  0.0763579
  0.0795872
   1.40415
  0.381624
-0.0182081
-0.0347193
  0.097315
  0.100003
    1.4217
  0.349424
-0.0397419
-0.0357406
 0.0915481
 0.0813322
   1.46577
  0.410551
 0.0312016
-0.0286696
 0.0944326
  0.101986
    1.5229
  0.395362
-0.0022808
-0.0300314
 0.0902444
  0.103205
    1.51499
   0.340444
-0.00562477
 -0.0252355
   0.102381
   0.119378
    1.49758
   0.389775
-0.00639965
 -0.0222948
  0.0963082
    0.11023
    1.53769
   0.421728
-0.00615435
  -0.023599
  0.0903805
  0.0995108
   1.56851
  0.413008
-0.0357043
-0.0315846
 0.0935423
  0.113202
   1.59757
   0.40321
-0.0500872
-0.0308394
 0.0976547
 0.0966352
   1.59746
  0.421893
  0.014269
-0.0302269
  0.102661
  0.105322
      1.622
   0.487194
-0.00636853
 -0.0216082
  0.0892801
   0.105507
     1.595
   0.40587
-0.0218465
-0.0263345
 0.0944614
  0.109647
   1.65054
  0.443287
-0.0770761
-0.0284652
 0.0957001
  0.115002
   1.66611
  0.457025
 0.0124068
-0.0222378
  0.108587
  0.110548
    1.6739
  0.458456
-0.0151264
-0.0320975
  0.109858
  0.123829
   1.67517
  0.416421
0.00121651
-0.0263235
  0.100086
  0.105883
   1.72764
   0.42099
-0.0137335
-0.0366418
    0.1059
  0.108371
   1.76822
   0.48105
-0.0199423
-0.0142574
  0.112981
  0.101121
  1.74035
 0.511301
0.0169845
-0.026836
 0.112644
 0.104955
   1.78613
  0.510212
-0.0370261
-0.0213998
  0.101865
 0.0993238
   1.76057
   0.47611
-0.0333747
-0.0329787
  0.100642
  0.100949
   1.83367
  0.537898
 -0.116899
-0.0225414
  0.109087
  0.102936
   1.82816
  0.479243
  0.010693
-0.0272582
  0.116751
  0.100596
    1.82887
    0.47633
-0.00704451
 -0.0257332
   0.108131
    0.11195
   1.85011
  0.545974
-0.0332542
-0.0302254
  0.107722
  0.110443
   1.91793
  0.493106
-0.0320503
-0.0319927
  0.115488
  0.117702
     1.91588
    0.475278
-0.000897293
  -0.0334396
    0.126486
    0.140713
   1.96498
  0.522671
 -0.022659
-0.0335579
  0.129751
  0.132015
  1.96608
 0.517077
0.0102024
 -0.03689
 0.129727
 0.119246
   1.97218
  0.517112
-0.0164618
 -0.044175
  0.126664
   0.13726
    2.0009
  0.609051
-0.0779607
-0.0436931
  0.129667
  0.130255
    1.9945
  0.510295
 0.0175854
-0.0410779
  0.133996
  0.145752
    1.9856
  0.522113
 0.0190642
-0.0391195
   0.12644
  0.143535
   2.02798
  0.581555
-0.0458216
-0.0367388
  0.138352
  0.126204
   2.04249
  0.482594
-0.0126196
-0.0244546
  0.127909
  0.146752
   2.05514
  0.570574
-0.0596546
-0.0390407
   0.11955
  0.136635
    2.0591
  0.544038
-0.0570449
-0.0423093
  0.128053
  0.138148
    2.0548
  0.464471
 0.0339536
-0.0289576
  0.139801
  0.149992
   2.06545
    0.6438
 -0.042944
-0.0371553
  0.134668
  0.128201
   2.10841
  0.565082
-0.0584024
  -0.03308
  0.143632
  0.159323
    2.11292
   0.544867
-0.00522502
 -0.0358431
   0.149768
   0.159955
   2.14858
  0.587249
 0.0189647
-0.0399237
  0.152882
  0.154312
   2.21297
  0.603689
 0.0310051
-0.0444477
  0.166306
  0.158018
    2.2128
  0.615731
-0.0608174
-0.0267496
  0.158181
  0.163601
   2.19866
   0.59527
 -0.038969
-0.0336291
  0.155792
  0.163665
   2.24255
  0.646736
 0.0296788
-0.0363667
   0.16362
  0.150258
  2.22204
 0.572752
 0.040113
-0.041917
 0.162282
 0.150124
   2.23286
  0.598511
-0.0651045
-0.0363185
  0.141689
  0.155509
    2.2807
  0.605026
-0.0669734
-0.0443559
  0.139848
  0.148664
   2.28747
  0.629739
-0.0258621
-0.0466811
  0.141678
  0.172415
   2.32673
  0.630502
 0.0159087
-0.0364123
  0.159256
  0.149549
   2.39278
  0.667247
-0.0473916
-0.0343603
  0.152555
  0.147323
   2.40696
  0.668085
-0.0353016
-0.0400436
  0.158613
  0.155021
   2.43129
  0.670449
-0.0194576
 -0.039575
  0.162169
  0.176604
  2.45946
 0.672431
-0.033386
-0.049386
 0.156411
 0.170315
   2.53138
  0.719955
-0.0208657
-0.0423164
  0.161174
  0.159975
   2.56519
  0.735534
-0.0527434
 -0.040825
  0.165349
  0.183367
   2.59902
  0.713224
-0.0605466
-0.0447402
  0.165384
  0.165958
   2.62637
  0.692899
-0.0198672
-0.0436464
  0.169333
  0.169709
   2.70537
   0.72771
-0.0410075
-0.0381848
  0.176466
  0.167869
   2.72817
   0.77218
-0.0654532
-0.0494086
  0.181402
  0.183002
   2.79868
  0.752914
-0.0192826
-0.0485599
  0.188433
   0.19539
    2.87135
   0.805466
-0.00538117
 -0.0492397
    0.20154
   0.171595
   2.92093
  0.778606
-0.0293542
-0.0515562
  0.198174
  0.213682
   3.02514
  0.838844
-0.0511121
-0.0471463
  0.212277
  0.207553
   3.06523
   0.86186
-0.0206552
-0.0509811
  0.215221
  0.208839
   3.13948
  0.816741
-0.0269401
-0.0508239
  0.212743
   0.21101
   3.16888
  0.896116
-0.0216997
-0.0546064
  0.218166
  0.211322
   3.25498
  0.889322
-0.0799446
-0.0660305
   0.23219
  0.209126
   3.26672
  0.911252
-0.0143606
-0.0514758
  0.224965
  0.212552
   3.29608
  0.900561
-0.0466357
-0.0565229
   0.23372
   0.23882
   3.33689
  0.930386
-0.0431068
 -0.049982
  0.231345
  0.228967
   3.38015
  0.939375
-0.0419602
-0.0563427
  0.223483
  0.249842
    3.4196
  0.921537
-0.0639686
-0.0492567
  0.247282
  0.234595
    3.44756
    0.98889
-0.00614486
 -0.0520934
   0.243598
   0.251136
    3.55465
   0.961945
-0.00828604
 -0.0604447
   0.249523
   0.243878
   3.62595
   1.04718
-0.0301359
-0.0731398
  0.260448
  0.240754
   3.68228
   1.06417
-0.0785861
-0.0661989
  0.260815
  0.257488
   3.72308
  0.992443
-0.0540931
-0.0751187
  0.262572
  0.255631
    3.8109
   1.06993
-0.0435501
-0.0744674
  0.273829
  0.265469
   3.86524
   1.02332
-0.0381171
 -0.060155
  0.269902
  0.295075
   4.02051
   1.15766
-0.0369335
-0.0704069
  0.293288
    0.2979
   4.03588
   1.08122
-0.0342502
-0.0661257
   0.29365
  0.298775
   4.10515
   1.13045
-0.0286623
-0.0709534
  0.293834
  0.310673
   4.24098
   1.18746
-0.0163216
-0.0701946
  0.312393
  0.310135
   4.30016
   1.16333
-0.0911956
-0.0722794
   0.30006
  0.315351
   4.43915
   1.29728
-0.0418949
-0.0709841
  0.318475
  0.316198
   4.50569
   1.25039
-0.0488744
-0.0683824
  0.330684
  0.325898
    4.5801
   1.31195
 0.0111358
-0.0809138
  0.333009
   0.32298
    4.6872
    1.2973
 -0.054469
-0.0668375
  0.332867
  0.349412
   4.77274
   1.30968
-0.0662631
-0.0875111
  0.336821
  0.349267
   4.92867
    1.3698
-0.0633185
-0.0798693
   0.34081
  0.372612
   4.96103
   1.37282
 0.0471041
-0.0762127
  0.365512
  0.363095
   5.06881
   1.46239
-0.0841786
-0.0729731
  0.339035
  0.350385
   5.18347
   1.41322
 -0.105419
-0.0683526
  0.348327
  0.371258
    5.3308
   1.48108
-0.0512982
-0.0881089
  0.366791
  0.390428
    5.4817
   1.57205
-0.0243444
-0.0857716
  0.389912
  0.395943
   5.53385
   1.55074
-0.0474731
-0.0946219
  0.389006
  0.399192
   5.64022
   1.54789
 -0.120565
-0.0811718
  0.377867
   0.41799
   5.70329
   1.55323
-0.0338955
-0.0699313
  0.400793
  0.430219
    5.85152
    1.68074
-0.00642999
 -0.0857016
   0.415004
   0.411186
   5.97024
   1.70362
-0.0465213
-0.0926264
  0.414054
  0.445385
   6.04483
   1.67607
-0.0923601
-0.0920671
  0.434797
  0.442198
   6.11932
   1.72803
-0.0358525
 -0.102263
   0.42678
  0.441571
   6.24691
   1.76811
 -0.114705
-0.0967733
  0.433574
  0.470941
   6.33984
   1.74096
-0.0625813
-0.0956393
  0.449972
  0.480541
     6.4578
    1.83072
-0.00104486
 -0.0883389
   0.453459
    0.46676
    6.5813
   1.84266
-0.0684296
-0.0902951
  0.458404
  0.505715
   6.69895
   1.86036
-0.0734804
 -0.101998
  0.481839
  0.497838
   6.77442
   1.91035
-0.0753248
 -0.101937
  0.495718
  0.506574
    6.9391
    1.9584
-0.0894867
  -0.10806
  0.513066
  0.533328
   7.01486
   1.96057
-0.0476982
 -0.106223
  0.495828
  0.545128
   7.2096
  2.01238
-0.049439
-0.105493
 0.506088
 0.540605
   7.35349
   2.07027
-0.0703788
  -0.10789
   0.52089
  0.546749
   7.52036
   2.12696
-0.0765997
 -0.109018
  0.529552
  0.569034
    7.6568
   2.18953
-0.0642137
  -0.11318
  0.543701
  0.561711
   7.76333
   2.15816
-0.0291598
 -0.107526
   0.55586
   0.60984
   7.9573
  2.26739
-0.101911
-0.115177
 0.555104
 0.602257
  8.09779
  2.27581
-0.108901
-0.130003
 0.577618
 0.640353
   8.30603
   2.34169
-0.0578657
 -0.120022
  0.589864
  0.643787
   8.5751
  2.47577
  -0.1187
-0.128914
 0.605796
 0.680734
  8.70996
  2.41842
-0.109547
-0.130633
 0.612657
 0.702309
  8.89217
  2.55361
-0.125183
-0.124316
 0.620533
 0.712925
   9.11082
   2.58232
-0.0800559
 -0.126653
  0.653771
  0.729424
   9.27913
   2.65048
-0.0760339
 -0.124434
   0.65466
   0.73674
   9.5298
  2.74757
-0.102726
-0.130984
 0.679704
 0.771598
  9.66831
  2.71804
-0.133446
-0.145902
 0.669828
 0.784304
  9.90472
  2.87715
 -0.13634
-0.155342
 0.703785
 0.787368
   10.1021
   2.89129
-0.0684759
 -0.147486
  0.717483
  0.829465
  10.3158
  2.95061
-0.095109
-0.152592
 0.734507
 0.843526
   10.4914
   3.01458
-0.0876372
 -0.150223
  0.741053
  0.864524
   10.762
  3.06137
-0.150923
-0.142669
 0.731211
 0.895751
  10.8794
  3.06171
-0.111753
-0.154458
 0.749294
 0.916518
  11.1572
  3.22156
-0.149429
-0.150055
    0.752
 0.935995
  11.2913
  3.22122
-0.138442
-0.153115
 0.745402
 0.941461
  11.4614
  3.34548
-0.150442
-0.151767
 0.741351
 0.959034
  11.7863
   3.4253
-0.194016
-0.156254
 0.766828
 0.987457
  11.9932
   3.3501
-0.179935
-0.170523
 0.765942
  1.04789
  12.1254
  3.55092
 -0.16664
-0.164437
 0.794246
  1.03264
  12.2994
  3.56657
-0.110645
-0.167628
 0.813638
  1.04907
  12.4298
  3.56644
-0.158637
-0.161932
 0.817779
  1.06168
  12.5961
  3.58845
-0.146414
-0.165207
 0.814915
  1.09437
   12.735
  3.70514
-0.138675
-0.163571
  0.83941
  1.09855
  12.9077
  3.74492
-0.200041
-0.175521
 0.844111
  1.13459
  12.9868
  3.65934
-0.138004
-0.178887
 0.853118
  1.13293
  13.1312
  3.83454
-0.181838
-0.174499
 0.857768
  1.15304
  13.4679
  3.88967
-0.177067
-0.175226
 0.883651
  1.19209
  13.5213
  3.83621
-0.203125
 -0.17887
 0.866476
  1.21514
  13.6388
  4.00211
-0.203173
-0.169481
 0.888523
   1.1914
  13.7708
  3.92898
-0.139551
-0.179594
 0.896273
  1.22145
  13.8407
  4.01299
-0.202116
 -0.18229
 0.908188
  1.22091
  14.0524
  4.10877
-0.206376
-0.182092
 0.912211
  1.25208
   14.252
  4.06682
-0.241591
-0.183681
 0.918761
  1.27781
  14.2709
  4.12771
-0.190304
-0.186193
 0.901895
  1.28264
  14.4425
  4.21749
-0.175352
-0.193188
  0.91907
  1.29305
   14.781
  4.30302
 -0.21573
-0.171628
 0.916692
  1.31938
  15.0608
  4.31702
-0.177849
-0.175712
 0.944176
  1.35909
  15.0735
  4.30705
 -0.20107
-0.174544
 0.935318
   1.3846
  15.0978
  4.47084
-0.205646
-0.185757
 0.921626
  1.34353
  15.3199
  4.40356
-0.244499
-0.182711
  0.93025
  1.40211
  15.4817
  4.50022
-0.212911
 -0.18471
 0.934359
  1.40292
  15.7207
  4.56601
-0.258162
-0.193767
 0.939657
  1.42142
  15.8898
  4.63091
-0.243394
-0.188044
 0.951382
  1.41836
  15.9998
  4.60131
-0.264511
-0.189539
  0.95027
  1.44346
  16.1716
  4.67296
-0.185792
-0.189882
 0.989711
  1.46518
  16.3974
   4.8344
-0.225169
-0.188971
 0.988582
  1.48439
  16.8064
  4.88105
-0.237523
-0.191449
  1.03704
  1.53706
  16.9958
  4.88235
-0.255981
 -0.20824
  1.03603
  1.58202
  16.9907
  4.86805
-0.195815
-0.201152
  1.01313
  1.57551
  17.1203
  5.04347
-0.240089
-0.197759
  1.00476
  1.55671
  17.2593
  4.98742
-0.221966
-0.182765
 0.990092
  1.58982
  17.5076
  5.06796
-0.284493
-0.188626
 0.990173
  1.62337
  17.6269
   5.0419
-0.244517
-0.191653
  1.00122
  1.62472
  17.7362
  5.15152
-0.233788
-0.194456
   1.0059
  1.62124
  17.8472
  5.18166
-0.261936
-0.193178
 0.995891
  1.65054
  17.9556
  5.18588
-0.241092
-0.194095
  1.01431
  1.64882
  18.0243
  5.23913
 -0.23691
-0.179498
 0.998387
  1.65111
  18.1108
  5.23062
-0.222927
-0.182006
  1.00168
  1.65026
  18.2047
  5.29956
-0.286355
 -0.18073
 0.988841
  1.64908
  18.2873
  5.19876
-0.274143
 -0.18567
  0.98154
  1.68435
  18.3429
   5.2996
-0.217523
-0.184213
  0.99315
  1.69042
  18.4738
  5.36944
-0.225823
-0.177819
  0.98496
  1.67628
  18.4591
  5.27125
-0.220802
-0.171769
   0.9881
  1.69089
  18.3075
  5.26511
-0.238501
-0.170678
 0.967641
   1.6494
  18.1631
  5.24582
-0.211957
-0.176982
 0.966199
  1.63336
  18.0597
  5.15531
-0.227433
-0.175041
 0.957636
  1.61665
  17.9261
  5.11448
-0.220704
-0.184216
 0.946828
  1.59957
  17.9651
  5.19007
 -0.23157
-0.169254
 0.931065
  1.59262
  18.0884
  5.11872
 -0.25134
-0.175672
  0.91385
  1.61287
    18.08
  5.15517
-0.202281
-0.179021
 0.927793
  1.58824
  18.0639
  5.20925
-0.207717
-0.166669
 0.923488
  1.56504
  18.0895
  5.13172
 -0.24756
-0.169716
 0.900521
  1.57103
  17.9162
  5.03065
-0.231395
-0.165201
  0.89301
   1.5438
  17.6494
  4.96835
 -0.18877
-0.155758
 0.895245
  1.47287
   17.507
  5.00373
-0.205135
  -0.1602
 0.884956
  1.44734
  17.3631
  4.81716
-0.217708
-0.168291
  0.88365
  1.41897
  17.0196
  4.74806
-0.201944
 -0.15693
 0.876491
  1.35714
   16.724
  4.64782
-0.162252
-0.163587
 0.878022
  1.29807
  16.2527
  4.50399
-0.167516
-0.153116
  0.85113
  1.24633
   15.642
  4.24515
-0.127248
-0.141807
 0.807902
  1.14791
  15.1719
   4.1784
-0.186435
-0.137097
 0.779748
  1.08231
   14.802
  3.98759
-0.196168
-0.134431
 0.752491
  1.03806
  14.1144
  3.76564
-0.157559
-0.148646
  0.72863
 0.930456
  13.6441
  3.64551
-0.116452
-0.127112
 0.690346
 0.871427
   13.1618
   3.50481
-0.0925602
 -0.112508
  0.669431
  0.792132
  12.4849
  3.22768
-0.129096
-0.120104
 0.639122
 0.715138
  12.0485
  3.11139
-0.106068
-0.111194
 0.600479
   0.6681
  11.3521
  2.88554
-0.094166
-0.100423
 0.565742
 0.598669
  10.6675
  2.67004
-0.107966
-0.101013
 0.537718
 0.504428
  10.2129
   2.5347
-0.104735
-0.087258
 0.496177
 0.451582
   9.51714
    2.3138
-0.0910705
-0.0907564
  0.467097
  0.396592
   9.08719
   2.15316
-0.0829601
-0.0710733
  0.453976
  0.373072
   8.75503
   2.12305
0.00832962
-0.0798912
  0.442545
  0.317671
   8.33022
   1.99186
-0.0615205
-0.0749072
   0.39521
  0.274503
    7.9882
   1.87819
 -0.113068
-0.0665465
  0.350481
  0.231315
   7.61357
   1.75403
 -0.046871
-0.0673227
  0.345879
  0.210159
   7.08173
    1.6306
-0.0936061
-0.0673161
  0.309953
  0.176429
   6.71215
   1.52029
-0.0442312
-0.0675174
  0.281234
  0.165651
   6.15894
   1.35589
-0.0757566
-0.0503335
  0.250031
  0.125447
   5.96799
   1.32372
-0.0223878
-0.0528972
  0.241044
  0.130138
   5.69427
   1.32082
-0.0612884
-0.0405823
  0.219225
 0.0954288
   5.50977
   1.19705
-0.0360033
-0.0299949
  0.213441
  0.122381
   5.32211
   1.14076
-0.0444545
-0.0342164
  0.209977
  0.119414
   4.95516
   1.11146
-0.0719637
-0.0296301
   0.19115
 0.0961349
     4.291
  0.907252
 0.0148415
-0.0286169
  0.154327
    0.1095
   4.10612
  0.939889
-0.0350737
 -0.028703
  0.143024
 0.0830693
   4.21831
  0.918348
-0.0912417
-0.0231041
   0.13692
 0.0965805
   4.78488
   1.03216
-0.0297686
-0.0358468
  0.164475
  0.107277
   5.29248
   1.16195
-0.0369823
-0.0334139
  0.179584
  0.132356
   5.46485
   1.22098
-0.0383015
-0.0394474
  0.190583
   0.12152
   5.42209
   1.18114
-0.0619187
-0.0459451
  0.196989
  0.127838
   5.37996
   1.15859
-0.0420986
-0.0311362
  0.195897
  0.112121
   5.35894
   1.19548
-0.0163767
-0.0518724
  0.209973
  0.105609
   5.40983
   1.18144
-0.0320786
-0.0382108
  0.205125
  0.111551
   5.45261
   1.21167
-0.0867637
-0.0405333
  0.208962
  0.123373
   5.42109
   1.12228
-0.0303658
-0.0406722
   0.22237
  0.120744
   5.41737
   1.21165
-0.0115802
-0.0482336
  0.211968
   0.11881
   5.36961
   1.20451
-0.0285775
-0.0397001
  0.208969
  0.110922
   5.33709
   1.16573
-0.0602851
-0.0366924
  0.208726
  0.104425
   5.28032
      1.16
-0.0332922
-0.0492682
  0.217289
 0.0932767
    5.2381
    1.2007
 -0.076707
-0.0461508
  0.201455
 0.0691582
   5.19186
   1.06765
-0.0291271
-0.0388022
  0.209308
 0.0925705
    5.0892
   1.12064
-0.0186346
 -0.036415
  0.204008
 0.0858382
   4.76567
   1.05342
-0.0160276
-0.0402326
  0.190766
 0.0724351
   4.35277
  0.980066
-0.0498772
-0.0372529
   0.16574
 0.0398642
   4.16204
  0.865327
-0.0192467
-0.0295753
  0.154945
 0.0642092
   4.17159
  0.887331
-0.0746418
-0.0297575
  0.165178
 0.0446707
    4.4366
  0.948987
-0.0282774
-0.0212988
  0.171196
 0.0678617
   4.85627
   1.10901
-0.0276581
-0.0371693
     0.176
 0.0503592
   5.19834
   1.08491
-0.0861084
-0.0314681
  0.180819
  0.086217
   5.18526
   1.02386
-0.0430518
-0.0300458
  0.183181
 0.0884965
   5.17854
   1.14489
-0.0642319
-0.0326451
  0.176541
 0.0663344
   5.16556
   1.08355
 0.0267317
-0.0294235
  0.195334
 0.0483496
   5.16894
   1.19741
-0.0385008
 -0.031842
  0.200318
  0.053896
   5.11728
   1.02346
-0.0245143
-0.0283708
  0.191386
 0.0671523
   5.04973
   1.07478
-0.0443771
-0.0439476
  0.194499
 0.0669196
  4.99618
  1.08462
-0.068949
-0.030271
 0.187028
0.0529274
    4.92922
    1.01457
-0.00999962
 -0.0349928
    0.18714
  0.0528222
   4.92867
   1.11846
-0.0998382
-0.0297008
  0.174815
  0.044919
   4.90877
   1.03254
 0.0222984
-0.0261633
  0.185642
 0.0401961
   4.89976
   1.09992
-0.0491397
-0.0306239
  0.182681
  0.036592
   4.82015
  0.976325
-0.0103714
-0.0365155
  0.182338
 0.0565339
  4.86141
    1.041
-0.106564
-0.030741
 0.175556
0.0308792
   4.85929
   1.01206
-0.0062806
-0.0424022
  0.177874
 0.0255401
   4.92001
   1.06496
 -0.082911
-0.0304418
  0.176251
 0.0387682
    4.91064
    1.05101
-0.00078482
 -0.0365553
   0.195754
  0.0293106
   4.92814
   1.01012
-0.0699447
-0.0350724
  0.185805
 0.0263156
   4.89388
   1.05261
 0.0042227
-0.0305169
  0.196554
  0.022044
   4.89066
   1.05834
 -0.066683
-0.0305442
  0.200298
 0.0250383
      4.8306
     1.02226
-0.000247585
  -0.0290525
    0.197516
   0.0204108
   4.81192
   1.05839
-0.0660082
-0.0394876
  0.186271
 0.0250596
    4.7188
  0.996789
-0.0132229
-0.0257132
  0.194838
 0.0273641
   4.70254
   1.00505
-0.0584809
-0.0256539
  0.190628
 0.0329149
   4.63483
  0.909251
-0.0119664
 -0.043053
  0.183184
 0.0266106
   4.64075
  0.985262
-0.0528745
-0.0336583
  0.184292
 0.0416699
   4.56472
  0.892232
0.00457336
-0.0340316
   0.19195
 0.0537286
   4.55975
   1.01404
-0.0472022
-0.0363701
  0.167888
 0.0277062
   4.56952
  0.963292
-0.0551313
-0.0218071
  0.172183
 0.0391953
   4.55337
  0.869146
-0.0308473
-0.0313451
  0.177664
 0.0440147
    4.5492
   1.01487
-0.0679642
-0.0404201
  0.165548
 0.0387729
   4.51657
   0.87625
 0.0119823
-0.0333502
  0.182942
 0.0233633
   4.51921
   1.04712
-0.0735369
-0.0350534
  0.155972
0.00900368
   4.47913
  0.905062
-0.0421255
 -0.030875
  0.162653
 0.0263519
   4.50711
  0.972206
-0.0596597
-0.0386815
  0.158182
 0.0127239
   4.46965
  0.983243
-0.0768662
-0.0364337
  0.162555
 0.0135927
   4.45071
  0.912157
-0.0309167
 -0.031277
  0.174626
0.00854918
   4.43574
  0.969513
-0.0714848
-0.0336698
  0.173979
 0.0164387
   4.38403
  0.914935
-0.0416782
-0.0359965
  0.188725
0.00549258
   4.38477
  0.902615
-0.0308914
-0.0348028
  0.185268
 0.0130742
   4.32202
  0.869613
0.00341593
-0.0347029
  0.184813
 0.0175896
    4.38315
   0.918198
 -0.0353532
 -0.0370562
   0.175574
-0.00144667
   4.32411
  0.834177
-0.0118411
-0.0231716
  0.177123
 0.0326624
   4.34817
  0.909916
-0.0257326
 -0.026739
  0.173565
 0.0210726
     4.35529
    0.924897
-0.000722157
  -0.0200083
    0.177317
   0.0249737
   4.37726
  0.936839
 -0.080787
-0.0257206
  0.164564
 0.0325422
   4.32915
  0.903234
-0.0254326
-0.0262611
  0.180126
 0.0338499
   4.30727
  0.935023
-0.0280131
-0.0354926
  0.177988
 0.0212589
   4.29375
  0.876247
-0.0381208
-0.0332095
  0.170097
 0.0338736
   4.28722
  0.841342
-0.0325075
-0.0316257
  0.177743
 0.0220193
   4.26734
  0.955599
-0.0604113
-0.0428006
  0.172274
 0.0134316
   4.24148
  0.824079
-0.0323524
-0.0314318
  0.169912
  0.006562
   4.24645
  0.902758
-0.0565025
-0.0325117
  0.168859
 0.0104917
   4.21267
  0.878988
0.00924968
-0.0298358
  0.176268
 0.0216568
   4.19908
  0.847315
-0.0299068
-0.0325888
  0.173028
0.00266408
   4.18046
   0.90199
-0.0351751
-0.0338012
  0.171871
-0.0133462
    4.19658
   0.903489
 -0.0508831
 -0.0344088
   0.158552
-0.00276818
    4.20597
   0.825897
 -0.0487665
 -0.0334969
   0.174349
-0.00156963
   4.12286
  0.837675
-0.0296419
-0.0290061
  0.166384
0.00093656
    4.1363
   0.86921
-0.0110145
-0.0319706
  0.166879
0.00276594
    4.14578
   0.873456
 -0.0266638
 -0.0270572
   0.167149
0.000243462
    4.1681
  0.838549
-0.0176963
-0.0274123
  0.162295
 0.0138337
   4.18462
  0.910283
-0.0528713
-0.0426327
  0.164356
0.00917399
   4.18159
  0.796897
 -0.044952
-0.0255591
  0.150389
0.00614172
   4.19224
   0.86826
-0.0274225
-0.0327173
  0.167967
0.00107695
    4.14466
   0.895311
 -0.0317835
 -0.0384383
   0.159742
-0.00310911
    4.1359
  0.825989
-0.0421709
-0.0271367
  0.167969
0.00628302
    4.12077
   0.901705
 -0.0410436
 -0.0277644
   0.158083
-0.00143885
   4.15077
  0.849506
-0.0832313
 -0.041742
  0.149442
-0.0105072
   4.13238
  0.849298
-0.0293109
  -0.03435
  0.157089
-0.0126852
    4.10648
   0.882796
-0.00245165
 -0.0249008
   0.170783
 -0.0231609
    4.11197
   0.857274
 -0.0398098
 -0.0404231
   0.165673
-0.00408608
    4.09859
   0.853171
 -0.0341664
 -0.0339034
   0.164482
-0.00402302
    4.14069
   0.849226
 -0.0303663
 -0.0365031
   0.165438
-0.00464945
   4.14841
  0.851978
-0.0239176
-0.0322351
  0.171385
-0.0168176
    4.17021
   0.847533
 -0.0318028
 -0.0310199
   0.181477
-0.00250034
    4.14447
    0.85981
 -0.0292362
 -0.0367072
   0.165757
-0.00937981
   4.13271
   0.82174
-0.0410084
 -0.029666
  0.173385
0.00793326
   4.14585
   0.86372
 -0.061687
-0.0281083
  0.161247
-0.0119274
   4.12872
  0.848869
-0.0304158
-0.0261012
  0.171447
  0.010145
   4.09368
  0.829615
-0.0219085
-0.0314904
  0.169384
0.00570707
   4.06892
  0.865613
-0.0419498
-0.0365348
  0.165801
0.00310424
   4.08088
  0.813791
-0.0433179
-0.0274336
  0.169572
 0.0105036
    4.0911
  0.849391
-0.0448794
 -0.036565
  0.157374
0.00388365
   4.06129
  0.844818
-0.0355671
-0.0346025
  0.165904
0.00938202
    4.05627
    0.84856
 -0.0366843
 -0.0378765
   0.174069
0.000526035
    4.03696
   0.824612
  -0.036062
  -0.033019
   0.168231
-0.00435759
     3.988
  0.812742
-0.0410077
 -0.037476
  0.162206
 0.0211575
   3.93111
  0.817713
-0.0439531
-0.0348798
  0.156599
0.00108756
    3.87347
   0.798748
 -0.0372097
 -0.0352151
   0.159665
-0.00119191
    3.77744
   0.785782
 -0.0320143
 -0.0333471
   0.169492
-0.00107649
    3.74897
   0.765063
 -0.0379594
 -0.0314562
   0.145847
-0.00406571
    3.76221
   0.770444
 -0.0411846
 -0.0336175
   0.153144
-0.00243611
    3.80384
   0.779502
 -0.0399656
  -0.022198
   0.160674
0.000269946
   3.83828
  0.789618
-0.0336946
-0.0346391
  0.149318
-0.0127142
    3.8653
  0.789956
-0.0301558
-0.0303886
  0.165499
0.00411925
    3.86026
   0.802703
 -0.0432944
 -0.0316181
   0.156967
-0.00426525
   3.82274
    0.7862
-0.0331231
-0.0329777
  0.162726
0.00586543
    3.79201
    0.78595
 -0.0350371
 -0.0261107
   0.166998
0.000482158
     3.769
  0.777547
-0.0305312
-0.0307741
    0.1598
0.00605279
   3.78133
  0.778051
-0.0397606
-0.0233007
  0.149464
 -0.006466
    3.77165
    0.77477
 -0.0420112
 -0.0312363
   0.159983
-0.00551387
    3.73995
   0.768646
 -0.0418896
 -0.0318816
   0.154184
-0.00630647
   3.71068
  0.761293
-0.0469809
-0.0322667
  0.146645
 0.0145916
   3.69736
  0.756075
-0.0314602
-0.0333629
  0.148748
 0.0102458
   3.69893
  0.758722
-0.0368918
-0.0291789
  0.148241
 0.0117048
    3.72287
    0.77098
 -0.0349746
 -0.0327236
    0.15434
-0.00964212
   3.75194
  0.770824
-0.0448553
-0.0304353
  0.152559
 0.0124075
   3.78067
  0.780744
-0.0415699
-0.0310623
  0.158295
0.00862366
   3.78883
  0.781717
-0.0381701
-0.0246395
  0.154717
  0.011028
    3.76972
   0.784531
 -0.0347156
 -0.0190625
   0.157602
-0.00169606
     3.7281
   0.767001
 -0.0371104
 -0.0264687
   0.157456
-0.00246751
   3.70687
  0.759913
-0.0361364
-0.0285969
  0.150799
-0.0085892
   3.68043
  0.758051
-0.0402097
 -0.032968
  0.153815
 0.0011682
   3.64815
  0.745434
-0.0345602
-0.0328111
   0.14558
 0.0075785
   3.66625
  0.748158
-0.0400684
-0.0323271
  0.159222
 0.0135613
   3.67393
   0.75031
-0.0391414
-0.0307662
  0.145453
0.00605365
   3.72082
  0.763118
-0.0380731
-0.0191023
  0.145005
0.00276113
   3.72182
   0.75822
-0.0404553
-0.0261347
  0.150482
0.00550027
   3.71695
  0.761455
-0.0368027
-0.0260537
  0.145016
 0.0145578
   3.75243
  0.777766
-0.0346627
-0.0293657
  0.155024
0.00414392
   3.72695
  0.771118
-0.0357751
-0.0341462
  0.147785
0.00433504
   3.74923
  0.783331
-0.0399505
-0.0253363
  0.155666
0.00603238
   3.71009
  0.764033
-0.0410886
-0.0295327
   0.14176
 0.0173293
   3.68791
  0.761437
-0.0389179
-0.0299402
  0.140061
0.00677771
   3.68021
  0.759165
-0.0400287
-0.0297896
  0.146318
 0.0049458
     3.63996
    0.753524
  -0.0433377
  -0.0422506
    0.155021
-0.000902607
    3.65715
    0.75118
 -0.0402864
 -0.0319653
   0.146011
-0.00758168
   3.63395
  0.743946
-0.0332575
 -0.035345
  0.139892
 0.0110718
   3.66937
  0.752365
 -0.043234
-0.0354109
  0.159397
 0.0166992
   3.68979
  0.754237
 -0.038891
-0.0263025
  0.161331
 0.0132496
   3.73544
  0.769945
-0.0417874
 -0.029894
  0.139838
-0.0147679
   3.72833
  0.765359
-0.0370256
-0.0282753
  0.140734
0.00241126
   3.74653
  0.777255
-0.0400268
 -0.021077
   0.15005
0.00609388
    3.77072
   0.778719
 -0.0360483
 -0.0311984
   0.154433
-0.00339945
   3.72835
  0.765324
 -0.034734
-0.0293299
  0.145598
0.00475414
   3.72429
  0.766495
-0.0355143
-0.0171981
  0.149028
 0.0106914
   3.69808
  0.762505
-0.0343806
-0.0311268
  0.156912
0.00995181
    3.67806
   0.759712
 -0.0435274
 -0.0292446
    0.15588
-0.00884578
   3.66062
  0.745942
-0.0386784
 -0.029049
  0.152208
 0.0228346
   3.63779
   0.74606
-0.0409276
-0.0304348
  0.148009
 0.0111025
   3.64465
  0.743988
-0.0351549
-0.0233196
   0.14825
 0.0239454
   3.66081
  0.754724
-0.0397219
-0.0216958
  0.150696
 0.0095269
   3.66519
  0.752969
 -0.037542
-0.0293135
  0.152701
  0.015416
   3.67976
  0.752972
-0.0366525
 -0.022514
  0.152512
 0.0077483
   3.70618
   0.76344
-0.0389629
-0.0304173
  0.164567
0.00398554
     3.7171
   0.769748
 -0.0368005
 -0.0291586
   0.157941
-0.00267185
   3.73925
   0.77266
-0.0356436
-0.0236583
  0.150358
 0.0049521
    3.71777
   0.766812
 -0.0302576
 -0.0266131
   0.153899
-0.00628402
   3.70178
   0.76386
-0.0478871
-0.0330484
   0.14455
0.00548852
    3.71894
   0.762002
 -0.0391714
 -0.0213849
   0.142616
0.000776348
   3.69275
  0.758151
-0.0400363
-0.0359325
  0.153057
 0.0116184
   3.71256
  0.763169
-0.0367822
-0.0195632
  0.148057
0.00184384
    3.71362
     0.7664
 -0.0312768
 -0.0302785
   0.145533
0.000159183
   3.68897
  0.757068
-0.0377082
 -0.030444
  0.148614
  0.013711
   3.69053
   0.75911
-0.0344394
-0.0284204
  0.139996
0.00790305
    3.7024
  0.770144
-0.0342955
-0.0366697
  0.155498
 0.0068352
    3.70344
   0.765893
 -0.0401799
 -0.0291514
   0.146793
-0.00481337
   3.69443
  0.770215
-0.0329792
-0.0231793
  0.153713
0.00571021
   3.66677
  0.754805
-0.0419915
-0.0311084
  0.147348
 0.0148127
   3.66625
  0.757219
-0.0398175
-0.0277375
  0.145277
0.00655028
   3.65014
  0.754993
-0.0396036
-0.0369615
  0.156299
 0.0153692
   3.64755
  0.757994
-0.0328877
-0.0272972
  0.152464
0.00627194
   3.67228
  0.757244
 -0.037826
-0.0344412
  0.149082
0.00038008
    3.67542
   0.752689
 -0.0380421
 -0.0321643
   0.151253
-0.00395732
    3.6893
  0.756434
-0.0367183
-0.0202727
  0.147764
0.00243388
   3.72204
  0.765612
-0.0413376
-0.0331062
  0.149441
0.00440358
   3.75708
  0.775123
-0.0395464
-0.0299024
  0.156009
-0.0167521
    3.76731
   0.776073
 -0.0370789
 -0.0281402
   0.160028
-0.00234353
    3.76469
   0.778441
 -0.0414309
 -0.0305338
   0.163895
-0.00109118
   3.74716
  0.773252
-0.0338908
-0.0317139
  0.159567
-0.0148497
    3.73884
   0.774007
 -0.0380241
 -0.0262477
   0.148814
-0.00479958
   3.69649
  0.769184
-0.0330737
-0.0311966
  0.145061
0.00851643
   3.66301
  0.752766
-0.0320734
-0.0339651
  0.149032
 0.0103233
    3.6418
  0.746486
-0.0319938
-0.0300777
  0.147128
  0.010848
     3.629
  0.748505
-0.0397601
-0.0255587
  0.140233
0.00178575
   3.62801
  0.743511
-0.0387232
-0.0280032
  0.138902
0.00623394
   3.63537
  0.747768
-0.0320092
-0.0281482
  0.151688
0.00278526
   3.64793
  0.747145
-0.0430961
-0.0275085
  0.146285
 0.0140382
   3.68588
  0.752906
-0.0413031
-0.0192632
  0.131001
0.00115382
   3.71859
  0.771786
-0.0458692
-0.0306632
  0.150648
-0.0123688
     3.7495
   0.781844
 -0.0356039
 -0.0271284
   0.157684
-0.00257657
   3.73831
  0.767886
-0.0389792
-0.0216837
  0.147856
0.00945985
    3.7732
  0.785921
-0.0379332
-0.0311866
  0.147597
0.00255527
   3.72172
  0.768615
 -0.037593
-0.0179886
  0.146262
 0.0117325
    3.71639
   0.772589
 -0.0333039
 -0.0303003
   0.151041
0.000120235
   3.69586
  0.754806
-0.0400084
 -0.022365
  0.149637
 0.0110354
   3.70316
  0.757722
-0.0380373
-0.0339252
  0.149549
0.00356886
   3.67548
  0.752781
-0.0376497
-0.0338025
  0.158583
  0.014549
    3.6651
  0.753001
-0.0396779
 -0.033151
  0.150594
 0.0200453
    3.69419
   0.761678
 -0.0345682
 -0.0273866
   0.159466
-0.00608026
   3.67065
  0.756773
-0.0352953
-0.0220482
  0.151584
0.00715087
   3.67909
  0.755516
-0.0386594
-0.0276566
   0.14994
 0.0157092
   3.69539
  0.765694
-0.0319618
-0.0259921
   0.15371
  0.007899
   3.68959
  0.763327
-0.0409919
-0.0296433
  0.144418
0.00629829
   3.71759
  0.767637
 -0.040401
 -0.019594
  0.134535
-0.0159576
   3.68455
  0.758497
-0.0332988
-0.0274623
  0.148932
0.00314164
   3.68718
  0.755642
-0.0422844
-0.0329259
  0.152751
0.00768081
    3.6784
  0.757453
-0.0378469
 -0.037744
  0.156489
0.00119561
    3.71394
   0.764904
 -0.0392013
 -0.0305977
   0.145844
-0.00556144
     3.6983
   0.761634
 -0.0413002
 -0.0289021
   0.158557
-0.00527495
   3.71399
    0.7647
-0.0423289
-0.0374022
  0.162638
0.00670738
   3.73134
  0.770026
-0.0349088
-0.0292509
  0.144549
-0.0131969
     3.7431
   0.773649
 -0.0380627
 -0.0233781
   0.148242
-0.00649355
   3.71124
  0.768342
-0.0410687
-0.0259018
  0.144137
0.00400402
    3.73791
   0.768356
 -0.0338315
 -0.0335277
   0.156332
-0.00907774
   3.72862
  0.773089
-0.0382245
-0.0299753
  0.153552
 -0.019073
   3.68982
   0.75324
-0.0356454
-0.0315878
  0.153746
0.00877023
   3.67782
  0.760972
-0.0374759
-0.0250646
  0.138844
 0.0103111
   3.69162
  0.764923
-0.0341662
-0.0170326
   0.15208
0.00326376
   3.64945
  0.749224
-0.0373809
-0.0323067
   0.14909
 0.0199241
    3.66442
   0.755472
 -0.0378421
 -0.0348555
   0.151738
-0.00415998
    3.66303
   0.761822
 -0.0421041
 -0.0290682
   0.138517
-0.00520602
   3.66923
  0.754188
-0.0419396
-0.0215772
   0.15514
 0.0109446
   3.66909
  0.752587
-0.0398054
-0.0433229
  0.150965
 0.0207658
   3.70904
  0.759079
-0.0380397
-0.0340865
   0.14955
0.00357884
    3.7314
   0.77087
-0.0355494
-0.0240367
  0.152921
0.00499479
   3.72752
  0.768871
-0.0400259
-0.0341881
  0.153641
 0.0104144
    3.75261
   0.777002
 -0.0335398
 -0.0272673
   0.152177
-0.00252851
   3.74291
  0.774876
 -0.035548
-0.0230034
  0.153212
0.00438266
   3.71797
  0.765947
-0.0390088
-0.0280819
  0.153073
0.00145355
    3.72033
   0.763721
 -0.0414835
 -0.0323826
   0.140313
-0.00204518
   3.68952
  0.764061
-0.0397115
-0.0287756
  0.153173
 0.0107149
   3.68548
  0.755098
-0.0375283
-0.0256451
  0.159162
 0.0168048
    3.6634
  0.751406
 -0.042186
-0.0300469
  0.149234
0.00462776
     3.68766
     0.76313
  -0.0432682
  -0.0268936
    0.150858
-0.000410827
   3.67365
  0.752111
-0.0354033
-0.0278108
  0.151666
 0.0120036
      3.7024
     0.76136
  -0.0379455
  -0.0271948
     0.13892
-0.000879552
    3.70718
   0.768565
 -0.0343434
 -0.0221509
   0.153786
-0.00122298
   3.70583
  0.764221
-0.0344618
-0.0348389
  0.153487
 0.0053345
   3.72456
  0.772758
-0.0369441
-0.0315503
  0.154896
-0.0125041
   3.70408
  0.763084
-0.0353965
-0.0320827
  0.147975
 0.0147105
   3.71426
  0.764314
-0.0377852
-0.0260846
  0.151279
0.00626446
    3.70648
   0.762466
 -0.0378979
 -0.0206954
   0.147283
-0.00304384
     3.69477
    0.768617
  -0.0386596
  -0.0236794
    0.155086
-4.61085e-05
    3.70439
   0.761564
 -0.0313962
 -0.0281441
   0.143524
-0.00783111
    3.68887
   0.766515
 -0.0377021
  -0.030407
   0.154134
-0.00432489
   3.66981
  0.749708
-0.0333833
-0.0367946
  0.148059
0.00797406
    3.70172
   0.764985
 -0.0390213
 -0.0261973
   0.158961
-0.00889064
    3.70879
   0.769937
 -0.0400417
 -0.0283819
   0.155067
-0.00589625
     3.704
  0.763357
-0.0399739
-0.0326671
  0.149835
0.00799445
   3.71194
  0.765145
-0.0377713
-0.0293236
  0.153179
0.00569801
   3.71444
  0.763667
-0.0388545
-0.0237335
  0.147187
0.00879754
    3.7038
  0.765186
-0.0364084
-0.0247825
    0.1532
 0.0115575
   3.69598
  0.761631
-0.0322534
-0.0364277
  0.143335
0.00506184
   3.69078
  0.758094
-0.0364871
-0.0322176
  0.150051
  0.015705
    3.70378
   0.764706
 -0.0401494
 -0.0273622
   0.151351
-0.00639912
    3.6948
   0.75863
-0.0377729
-0.0333363
  0.160294
0.00710455
   3.67587
  0.752219
-0.0406933
-0.0222123
  0.151351
 0.0238828
   3.66834
  0.757594
-0.0352498
-0.0252877
  0.153484
0.00658373
   3.68317
  0.765022
-0.0307496
-0.0284449
  0.165784
0.00488534
   3.68134
  0.763517
 -0.039573
-0.0318167
  0.154982
  0.014721
   3.68664
  0.759241
-0.0376778
-0.0193564
  0.150043
0.00093065
   3.72234
   0.77339
-0.0343907
-0.0339514
  0.153691
0.00284779
   3.71343
   0.76677
 -0.038005
-0.0356102
   0.14918
 -0.004133
   3.72428
  0.766602
-0.0353953
-0.0189819
  0.156722
 0.0108625
   3.72146
  0.768086
-0.0389578
-0.0355031
   0.15393
0.00549231
   3.71236
  0.762713
-0.0404346
-0.0320016
  0.151905
 -0.011335
   3.70655
  0.761999
 -0.041129
-0.0239672
  0.148781
 0.0042935
   3.68231
   0.76013
-0.0440904
-0.0251779
  0.162636
 0.0122458
    3.70014
   0.763313
 -0.0388147
 -0.0239667
   0.162006
0.000950921
   3.69339
  0.756964
  -0.03543
-0.0232481
  0.166491
0.00771959
      3.7031
    0.767988
  -0.0410294
  -0.0267439
    0.154776
-0.000994665
     3.70097
    0.759827
  -0.0355767
  -0.0188902
    0.152811
-9.17534e-05
   3.70215
   0.76293
-0.0354322
-0.0312988
  0.163171
0.00813728
   3.72864
   0.77303
-0.0403412
-0.0279726
  0.144705
-0.0146274
   3.71566
  0.766427
-0.0321563
-0.0358483
  0.157023
0.00995637
   3.69329
   0.76707
  -0.04054
-0.0171748
  0.157932
 0.0144028
   3.69414
  0.761371
-0.0301629
-0.0309311
  0.156835
-0.0085208
   3.69353
  0.764047
-0.0388318
-0.0287797
  0.140442
0.00156982
   3.67105
  0.755815
-0.0396026
 -0.015805
  0.154879
 0.0102094
   3.66557
  0.750902
-0.0385698
-0.0314653
  0.143475
  0.020796
   3.66705
  0.754218
-0.0407013
 -0.026667
  0.152966
 0.0174697
    3.68329
    0.76526
 -0.0374338
 -0.0180411
     0.1569
0.000213537
    3.70251
   0.761022
 -0.0413363
 -0.0273928
   0.145444
-0.00492605
   3.68665
  0.759336
-0.0419039
-0.0180111
  0.143844
 0.0123744
   3.71639
  0.764396
-0.0386786
-0.0275995
  0.163722
 0.0160509
   3.72341
  0.759925
-0.0301312
-0.0295095
  0.147716
 0.0111367
   3.71831
  0.764421
-0.0446629
-0.0294568
  0.158248
 -0.001924
    3.71966
   0.767679
 -0.0367926
 -0.0281855
   0.159645
-0.00368004
    3.72814
   0.775644
 -0.0401073
 -0.0260956
   0.148993
-0.00893004
    3.71623
   0.765294
 -0.0345178
 -0.0191258
   0.152064
-0.00334521
    3.70767
   0.765749
 -0.0423704
 -0.0278838
   0.152855
-0.00629933
   3.67735
  0.762918
-0.0462694
-0.0314796
  0.153123
 0.0125603
   3.67871
  0.756624
-0.0464739
-0.0351213
  0.156526
 0.0135046
   3.66293
  0.753128
-0.0409181
-0.0332393
  0.144785
 0.0104664
   3.67649
  0.758374
-0.0396652
-0.0227213
  0.153263
0.00961068
   3.66453
  0.755749
-0.0440796
-0.0301102
   0.14914
 0.0142695
   3.68428
  0.759744
-0.0453075
 -0.029525
  0.150273
 0.0123691
    3.6949
  0.767541
-0.0431255
 -0.029604
  0.155522
 0.0030477
   3.69223
  0.761015
-0.0320115
-0.0311454
  0.157973
0.00990256
   3.70184
  0.764708
-0.0364226
-0.0244492
  0.151963
 0.0092334
    3.71069
   0.761022
 -0.0424602
 -0.0327357
   0.149044
0.000758806
    3.68229
   0.758688
 -0.0322926
 -0.0344454
   0.154727
-0.00391039
   3.70557
   0.76697
-0.0342423
 -0.020867
  0.160816
 0.0018289
   3.69058
  0.758806
-0.0354255
-0.0354775
  0.158035
 0.0109652
     3.7161
   0.764732
 -0.0357478
 -0.0316373
   0.156701
-0.00280943
     3.70347
    0.756569
  -0.0402861
  -0.0310805
    0.149243
-0.000358618
   3.69891
  0.758396
-0.0321718
 -0.033595
  0.149413
 0.0116366
   3.69832
  0.751556
  -0.03238
-0.0359919
  0.147684
 0.0124625
    3.7108
  0.760709
-0.0337653
-0.0295139
  0.154518
-0.0131477
   3.70783
  0.764962
-0.0414375
-0.0249131
  0.146206
-0.0153471
   3.68322
  0.763792
-0.0374676
-0.0355491
  0.152617
 0.0100585
   3.68967
  0.763827
-0.0351284
-0.0241717
  0.152357
 0.0128348
   3.66852
  0.756983
-0.0340544
-0.0249025
   0.15815
0.00925419
   3.69076
   0.75955
-0.0342136
-0.0207304
  0.162136
0.00600687
    3.67339
    0.76141
 -0.0354748
 -0.0349747
   0.151386
-0.00380268
   3.67591
  0.751744
-0.0418986
 -0.026649
  0.157985
  0.019812
   3.66164
  0.750331
-0.0431166
-0.0282014
  0.147615
 0.0117977
   3.66073
  0.754653
-0.0396459
-0.0257505
  0.149743
0.00953676
   3.68803
  0.761096
-0.0399175
-0.0321028
  0.155343
0.00286586
   3.68985
  0.762714
 -0.042044
-0.0232728
  0.141371
0.00423586
    3.72764
   0.768569
 -0.0334755
 -0.0298748
    0.15416
-0.00125182
    3.71996
   0.765389
 -0.0313914
  -0.035885
   0.156635
-0.00518325
   3.72227
  0.764923
-0.0421434
-0.0306825
  0.145168
 0.0161022
   3.73111
  0.771946
 -0.033596
-0.0212207
  0.146942
-0.0141821
   3.69814
  0.762786
 -0.040796
-0.0264892
  0.154588
 0.0146297
    3.6974
  0.765593
-0.0309476
-0.0309782
  0.162735
0.00153147
    3.70844
   0.761838
 -0.0425333
 -0.0310808
   0.148187
-0.00678112
   3.66492
  0.753439
-0.0386849
-0.0328799
  0.143282
 0.0103753
    3.67215
   0.758949
 -0.0397932
 -0.0283576
   0.165605
0.000105066
   3.66148
  0.751029
 -0.041895
-0.0313885
  0.155418
 0.0162267
   3.67171
  0.760862
-0.0306379
-0.0276576
  0.157707
0.00990594
   3.66544
  0.750938
-0.0387177
-0.0364684
  0.146506
 0.0140181
    3.70182
   0.764668
 -0.0321163
 -0.0266688
   0.161964
0.000167218
    3.70277
   0.759819
 -0.0434938
  -0.028533
   0.144003
0.000325834
   3.69893
  0.767772
-0.0419581
-0.0330671
  0.157907
0.00799929
   3.69673
  0.760418
-0.0418137
 -0.021071
  0.149832
 0.0200424
   3.69533
  0.757655
-0.0441058
 -0.020999
  0.155603
 0.0191809
   3.69625
  0.762364
 -0.040874
 -0.022136
  0.154395
0.00771089
    3.6927
   0.75941
-0.0397477
-0.0255516
   0.15136
 0.0131649
   3.68137
  0.753996
-0.0376965
-0.0322159
   0.15098
0.00980142
    3.69823
   0.770705
 -0.0388118
 -0.0302986
   0.152324
-0.00755341
   3.67895
  0.746707
-0.0377194
-0.0301524
  0.148786
 0.0174582
     3.69999
     0.76445
  -0.0409491
  -0.0148034
    0.146798
-3.29245e-06
     3.7046
   0.770389
 -0.0399276
 -0.0281063
   0.160485
-0.00642007
   3.69797
  0.764371
-0.0329081
-0.0181295
  0.156366
 0.0111589
     3.69827
    0.761373
  -0.0367258
  -0.0332836
    0.159637
-0.000754726
   3.71193
  0.764158
-0.0325655
-0.0357735
  0.150732
-0.0101883
   3.69008
  0.760542
-0.0342581
-0.0387057
  0.153677
 0.0122208
   3.68588
  0.761352
-0.0410071
-0.0339028
  0.157044
0.00262825
   3.67084
  0.755271
 -0.033126
-0.0267684
  0.147603
0.00537889
      3.6699
    0.759411
   -0.037574
  -0.0282102
    0.153178
-0.000844644
   3.67139
  0.753161
-0.0397464
-0.0266308
  0.152396
 0.0114965
   3.66216
  0.747763
-0.0431861
-0.0309152
  0.147038
 0.0130622
    3.69906
   0.758119
 -0.0356989
 -0.0298103
   0.157073
-0.00158724
   3.68568
  0.761859
-0.0379334
-0.0356321
  0.158579
-0.0114867
   3.69404
  0.762413
-0.0397507
-0.0272627
  0.152313
 0.0096533
   3.69745
  0.766184
 -0.031794
-0.0222688
    0.1559
 0.0102089
    3.70411
   0.763762
 -0.0366882
 -0.0195344
   0.142641
-0.00412424
     3.69559
    0.764463
  -0.0365709
  -0.0252744
    0.143785
-0.000738762
   3.68907
  0.756157
-0.0322452
-0.0336763
  0.150831
0.00477244
   3.69264
  0.759336
-0.0375057
-0.0306626
   0.15527
 0.0155185
      3.7015
    0.765444
  -0.0399643
  -0.0296552
    0.149268
-0.000178205
    3.6902
   0.76076
-0.0387581
-0.0293933
  0.149749
0.00530896
   3.66763
  0.751271
-0.0443968
-0.0287796
  0.155295
0.00314335
   3.66707
   0.76263
-0.0349372
-0.0328269
    0.1554
 0.0156336
   3.66405
  0.757988
-0.0396114
  -0.02601
  0.144238
0.00817455
   3.67878
  0.756094
-0.0355335
-0.0352256
  0.158216
0.00177735
   3.69015
  0.751497
-0.0410481
 -0.035126
  0.150001
 0.0189803
   3.69919
  0.766338
-0.0399011
-0.0337677
  0.154969
0.00163339
   3.67789
  0.760918
-0.0305104
-0.0291047
  0.157237
 0.0197143
   3.69954
  0.766187
-0.0351794
-0.0210167
  0.155968
0.00831443
   3.71188
  0.765267
-0.0423133
-0.0281228
  0.147345
 -0.001193
   3.68669
  0.758109
-0.0420777
-0.0293011
  0.149435
0.00861924
    3.68631
   0.759624
 -0.0343783
 -0.0290899
   0.149398
0.000588327
   3.70592
  0.764096
 -0.032266
-0.0301265
  0.151791
-0.0016764
   3.67612
  0.759764
-0.0418109
-0.0261122
  0.155338
 0.0114044
   3.69283
  0.758831
-0.0388346
-0.0252757
  0.156299
0.00208495
   3.66403
  0.758059
-0.0396454
  -0.02692
  0.148131
0.00596933
   3.67549
  0.752779
-0.0397478
-0.0327105
  0.153628
 0.0167882
   3.69976
  0.764386
-0.0364107
-0.0308296
  0.161269
0.00947115
   3.68774
  0.762325
-0.0418195
-0.0336014
   0.14945
 0.0182364
   3.71246
  0.764066
-0.0398447
-0.0183313
  0.154688
0.00633001
    3.7017
  0.765841
-0.0319339
-0.0194349
   0.15542
0.00393329
   3.70198
  0.764822
-0.0386666
-0.0153174
  0.149096
0.00228376
   3.67609
  0.759396
-0.0374124
-0.0287463
  0.148815
 0.0111699
    3.69696
    0.76781
 -0.0387777
 -0.0254417
   0.156217
-0.00625834
   3.68749
   0.76377
-0.0442242
-0.0281152
  0.149904
 0.0038781
   3.66398
  0.749545
 -0.042957
-0.0257993
  0.149425
 0.0193259
   3.68623
  0.760107
-0.0409915
 -0.031204
  0.157709
0.00324787
   3.68521
  0.756372
-0.0375022
 -0.024323
  0.159542
 0.0115882
    3.68664
   0.759245
  -0.033189
 -0.0224137
   0.163754
-0.00117505
    3.69737
   0.766028
 -0.0399695
 -0.0262689
   0.159622
-0.00750261
   3.67914
  0.755723
-0.0429759
-0.0232373
  0.148769
 0.0157677
    3.70729
   0.768131
 -0.0355502
  -0.022567
   0.161464
-0.00988974
    3.69749
   0.765564
 -0.0309286
 -0.0260487
   0.159886
-0.00085911
   3.67699
  0.755981
-0.0440778
-0.0250363
   0.15047
 0.0155303
    3.6848
  0.756358
 -0.044383
-0.0382185
   0.14485
 0.0115697
   3.70442
  0.761573
-0.0414664
-0.0287085
  0.150757
-0.0139749
   3.68368
  0.753053
-0.0476515
-0.0326155
  0.151285
 0.0156085
    3.69302
   0.757972
 -0.0378668
  -0.021395
   0.145757
-0.00475753
   3.68823
  0.759773
-0.0402504
-0.0326952
  0.151526
-0.0126306
   3.68494
  0.757039
-0.0364178
-0.0316032
  0.166483
 0.0114449
   3.66555
  0.751712
 -0.039581
-0.0255229
  0.148411
 0.0182741
   3.67056
  0.756856
-0.0373293
-0.0267599
   0.15328
 0.0141584
    3.67777
    0.76027
 -0.0343923
 -0.0339916
   0.146832
-0.00298767
   3.69228
  0.761986
-0.0374027
-0.0198731
  0.157846
0.00964741
   3.69314
  0.765608
-0.0387034
-0.0359198
  0.158969
0.00367268
   3.68913
  0.765028
-0.0330358
-0.0369835
  0.158635
0.00779045
    3.69469
   0.768168
 -0.0465293
  -0.028932
   0.145994
-0.00196598
   3.69998
  0.762995
 -0.036725
-0.0305112
   0.15356
-0.0038197
   3.67071
  0.755691
-0.0395925
-0.0328659
  0.154777
 0.0172164
   3.66983
  0.751328
 -0.037357
-0.0237081
  0.152702
 0.0189237
   3.68183
  0.752654
-0.0376374
-0.0236769
  0.144903
  0.010236
   3.67148
  0.752298
 -0.036571
-0.0287713
  0.149657
0.00480237
   3.67886
  0.755989
-0.0352133
 -0.034207
  0.154049
 0.0177327
   3.69011
  0.760419
-0.0298186
-0.0399788
  0.159694
0.00994264
     3.6846
    0.75868
 -0.0354187
  -0.024134
   0.152717
0.000958694
   3.69912
  0.766987
-0.0364857
-0.0331177
  0.164878
0.00142967
   3.69316
  0.765512
-0.0364718
-0.0361018
  0.160031
0.00363635
   3.68863
  0.759984
-0.0416567
-0.0209657
  0.156486
 0.0218322
   3.68437
  0.759243
-0.0320196
-0.0315596
  0.160628
0.00536239
    3.70375
   0.764321
 -0.0356856
 -0.0299963
   0.144827
-0.00663499
   3.67894
  0.755752
 -0.040854
-0.0342253
  0.159513
 0.0137229
    3.6751
  0.763325
-0.0396288
-0.0335154
  0.150606
0.00712692
     3.68654
     0.75897
  -0.0432942
  -0.0283598
    0.157402
-0.000678426
   3.67163
  0.751797
-0.0377171
-0.0282415
  0.153351
0.00292519
   3.69775
  0.763974
-0.0409945
 -0.028386
  0.150305
 0.0024636
   3.66843
  0.756227
-0.0374166
-0.0336288
  0.146244
 0.0140627
   3.68374
  0.761281
-0.0374598
-0.0391376
  0.155842
 0.0137003
   3.67901
  0.755675
-0.0409975
-0.0284567
  0.152953
0.00437161
   3.69655
   0.76041
-0.0373896
-0.0331137
   0.16544
  0.020339
   3.68759
  0.754694
-0.0362577
-0.0269545
  0.152524
 0.0238417
    3.70819
   0.763195
 -0.0445915
  -0.029506
   0.147323
-0.00279438
   3.67107
  0.754038
-0.0328178
-0.0338206
  0.153691
 0.0245289
    3.70457
   0.760769
 -0.0401678
 -0.0305232
   0.146592
-0.00229885
   3.67197
  0.759653
-0.0452515
-0.0274327
  0.154833
0.00429409
    3.6644
  0.756953
-0.0416207
-0.0248419
  0.151353
 0.0181716
   3.67697
  0.755216
-0.0409399
-0.0330174
  0.154474
0.00902121
    3.68265
   0.756999
 -0.0357517
 -0.0351265
   0.157162
-0.00970274
    3.69405
   0.770774
 -0.0341384
 -0.0325843
   0.151036
0.000855003
   3.66567
  0.759609
-0.0374132
-0.0292591
  0.145964
0.00525825
   3.68282
  0.757601
 -0.034283
-0.0234165
  0.156144
0.00130492
    3.70162
   0.763797
 -0.0334795
 -0.0397036
   0.150349
-0.00421588
   3.70239
  0.770953
 -0.037404
-0.0296339
  0.155479
0.00655324
     3.6773
   0.753836
 -0.0389375
 -0.0296981
    0.15258
-0.00193956
    3.68769
   0.762303
 -0.0376861
  -0.035893
   0.159634
3.59246e-06
    3.69869
   0.760196
 -0.0389229
 -0.0254733
   0.156391
-0.00248833
   3.66448
  0.755527
-0.0418048
-0.0334365
  0.145357
 0.0164482
   3.68276
   0.75645
-0.0388662
-0.0374527
  0.154675
0.00442304
    3.68252
   0.759072
 -0.0386931
 -0.0216963
   0.154309
0.000745419
    3.6925
   0.75997
-0.0365862
 -0.028155
  0.156696
0.00142827
   3.67618
  0.759091
-0.0430866
-0.0278897
  0.150477
0.00478169
   3.68766
  0.762148
-0.0353239
-0.0400579
  0.159561
0.00914563
   3.68957
  0.754494
-0.0354995
  -0.03023
  0.154036
0.00813606
   3.67586
  0.751438
-0.0374924
-0.0301929
  0.155354
 0.0173724
     3.70761
    0.766689
  -0.0354086
  -0.0220672
    0.153298
-0.000264714
   3.69022
  0.761155
-0.0329352
-0.0270673
  0.152841
 0.0140623
   3.67453
  0.756989
-0.0365354
-0.0285839
  0.148334
0.00060324
   3.66544
  0.760857
 -0.035084
-0.0289578
  0.151117
0.00696812
   3.67574
  0.760332
-0.0408917
-0.0366106
  0.157616
0.00430929
   3.66478
  0.754866
-0.0383592
-0.0291779
  0.152036
 0.0190709
   3.66851
  0.757065
-0.0362306
 -0.024721
  0.157088
0.00928935
   3.68339
  0.754645
-0.0376461
-0.0303134
  0.160956
0.00770287
     3.6993
   0.766104
 -0.0333212
  -0.030328
   0.159291
-0.00765427
   3.67938
  0.762813
-0.0374994
-0.0299523
  0.147295
0.00301924
   3.68196
  0.760974
 -0.039534
-0.0304746
  0.155357
 0.0159721
   3.68711
  0.765474
-0.0429687
-0.0263779
  0.142606
0.00732695
   3.67745
  0.753505
-0.0443576
-0.0287332
  0.153968
0.00542209
   3.67703
  0.754909
-0.0386787
-0.0305045
  0.143948
 0.0110161
   3.67861
   0.75833
-0.0407131
-0.0225242
  0.158194
  0.010057
   3.68489
  0.756738
-0.0320377
-0.0351481
  0.163852
0.00900487
   3.69906
  0.767035
-0.0389259
-0.0321345
  0.160196
-0.0100789
   3.66911
  0.754415
-0.0363696
-0.0216309
  0.149859
0.00578498
   3.68498
  0.755966
-0.0310194
-0.0370713
  0.159961
0.00693059
   3.66654
   0.75653
-0.0363178
-0.0235131
  0.152049
0.00458664
   3.67868
  0.756903
-0.0408965
-0.0311189
  0.152198
0.00833361
   3.65627
   0.75543
-0.0382504
 -0.033133
  0.145485
 0.0222833
     3.69834
    0.760709
  -0.0400835
  -0.0339339
    0.149728
-0.000552399
   3.68851
   0.76804
-0.0418758
-0.0344542
  0.158858
0.00446493
    3.69177
   0.763623
  -0.031993
 -0.0244463
   0.159686
-0.00054093
   3.67496
   0.76501
-0.0439175
-0.0254676
  0.158371
0.00671724
   3.66942
  0.752164
-0.0429468
-0.0335894
  0.151611
 0.0211047
   3.67511
  0.755058
-0.0352307
-0.0245547
  0.149679
 0.0106823
   3.66968
   0.75146
-0.0397351
-0.0285289
  0.154671
  0.012182
    3.68902
    0.76595
 -0.0410007
 -0.0279102
   0.149071
-0.00633963
    3.66998
    0.75846
 -0.0465334
 -0.0328971
   0.147689
-5.6849e-05
   3.67919
  0.754902
-0.0373633
-0.0322009
  0.157453
 0.0207675
   3.68901
  0.757372
-0.0397554
-0.0289002
  0.160093
 0.0116997
   3.67617
  0.758816
-0.0362971
-0.0333277
   0.15642
  0.011646
   3.68726
   0.75581
-0.0442932
-0.0295619
  0.156444
 0.0100805
   3.66923
  0.752987
-0.0319404
-0.0332115
  0.157392
 0.0111242
   3.67666
  0.756907
-0.0397875
-0.0263862
  0.144418
0.00549709
   3.69656
  0.760402
-0.0421651
-0.0252712
  0.149245
 0.0017206
   3.69093
  0.757463
 -0.033217
-0.0329958
  0.159852
0.00696515
   3.66006
   0.74707
-0.0387527
-0.0399307
   0.14982
 0.0130661
   3.64619
  0.755574
-0.0416097
-0.0234972
  0.159805
 0.0078818
   3.65726
  0.752515
-0.0372488
-0.0202574
  0.157551
 0.0102173
   3.64279
  0.752527
-0.0358961
-0.0240939
  0.163648
 0.0156313
    3.64691
   0.751061
 -0.0408834
 -0.0354049
    0.16197
-0.00127783
  3.62722
 0.748082
-0.036883
-0.023863
 0.152143
0.0202958
   3.62237
  0.740191
-0.0207742
-0.0414189
  0.156697
0.00913668
    3.58596
   0.737571
 -0.0441031
 -0.0318375
   0.147212
-0.00193134
    3.59602
   0.728861
 -0.0356203
 -0.0398984
    0.15143
0.000730574
    3.53874
    0.73691
  -0.010267
 -0.0267955
   0.153476
-0.00386429
   3.52799
  0.739112
-0.0298671
-0.0241332
  0.140903
   0.01282
   3.58528
  0.731651
-0.0520016
-0.0316901
  0.146008
 0.0102399
   3.57817
  0.718039
-0.0424705
-0.0223061
  0.138648
0.00818911
   3.52541
  0.731822
-0.0239438
-0.0276966
  0.145105
0.00442854
    3.45418
   0.709104
 -0.0375997
 -0.0195517
    0.12283
-0.00876036
   3.38968
  0.693607
-0.0482688
 -0.021645
  0.132248
 0.0106181
   3.35114
  0.699751
-0.0299144
-0.0193327
  0.128711
0.00934478
   3.29808
   0.69597
-0.0118348
-0.0295678
  0.131888
0.00454153
   3.28143
  0.669337
-0.0595398
-0.0257612
   0.12414
-0.0100033
   3.15399
   0.61181
 0.0119345
-0.0264756
  0.115398
 0.0127848
    3.09475
   0.663871
 -0.0485742
 -0.0267761
   0.108034
0.000762847
    3.09067
   0.627573
 -0.0627766
 -0.0215978
   0.103759
-0.00042596
    3.04105
   0.627641
 -0.0287888
 -0.0220699
   0.103275
-0.00308229
   2.98702
  0.638194
-0.0268958
-0.0212475
 0.0934527
-0.0029227
    2.99732
   0.638986
 -0.0424979
 -0.0190155
   0.105304
-0.00100628
   2.95344
  0.567571
 -0.023872
-0.0225057
 0.0927591
  0.010354
   2.87906
  0.586931
-0.0358586
-0.0157921
 0.0886588
 0.0164531
   2.87932
  0.621895
 0.0118608
-0.0198831
 0.0989857
 0.0116325
   2.89763
  0.595696
-0.0816569
-0.0232387
 0.0942043
 0.0123459
   2.88533
  0.540415
-0.0129593
-0.0184098
 0.0910029
 0.0103254
    2.90401
   0.596022
 -0.0203525
-0.00995104
  0.0992445
  0.0120886
   2.91063
  0.602892
0.00406434
-0.0111456
  0.100299
0.00375664
   2.91427
  0.603945
-0.0170712
-0.0209025
 0.0901562
0.00908889
   2.94389
  0.600694
-0.0612139
-0.0229555
  0.096157
-0.0065183
   2.96257
  0.573001
-0.0152677
-0.0173982
 0.0890387
0.00128996
    2.98412
   0.651371
-0.00104483
 -0.0142953
  0.0912235
 -0.0108673
    2.96999
   0.658892
 -0.0150306
 -0.0202999
  0.0983525
-0.00584104
    2.9786
  0.594157
-0.0824872
-0.0147192
 0.0852382
 0.0102042
   2.99573
   0.59033
-0.0284657
-0.0198654
 0.0816497
0.00635379
    3.0175
  0.640594
 -0.010512
-0.0188534
 0.0942488
0.00749082
   2.99953
  0.628327
-0.0418663
-0.0208975
 0.0769781
 0.0146235
    3.02001
   0.630427
 -0.0611076
-0.00451367
  0.0691456
 0.00724929
     3.04111
    0.626842
  -0.0529542
  -0.0183689
   0.0722284
-0.000471983
    3.04963
   0.617849
  0.0174911
-0.00889628
  0.0889025
  0.0128628
     3.0718
   0.665368
 -0.0283206
 -0.0163499
  0.0929235
4.37317e-05
   3.08996
  0.621467
-0.0295356
-0.0163052
  0.091762
0.00427989
   3.08605
  0.674822
-0.0501133
-0.0221868
  0.082891
 0.0117306
   3.14078
  0.660821
-0.0555528
-0.0205693
 0.0755804
0.00824874
   3.12869
  0.604373
-0.0166412
-0.0284652
 0.0990277
 0.0161382
   3.11297
  0.656876
-0.0189002
-0.0178669
 0.0904009
 0.0285949
   3.13969
  0.612772
0.00435973
-0.0104511
  0.108716
 0.0285751
   3.13626
  0.690129
-0.0237012
-0.0283711
  0.100786
  0.025368
   3.13279
  0.613752
-0.0285734
-0.0289898
  0.105029
 0.0062522
   3.15202
   0.66611
-0.0436372
-0.0247896
 0.0878428
  0.025327
   3.15418
  0.674686
-0.0289573
-0.0270437
 0.0928208
 0.0278626
   3.17165
  0.643618
-0.0290565
-0.0215658
 0.0987259
 0.0216427
    3.18053
   0.706778
 -0.0538898
-0.00290908
  0.0864414
  0.0327069
   3.16702
   0.60956
 0.0123789
-0.0189736
  0.100598
 0.0372386
     3.207
  0.742356
-0.0271322
-0.0289776
  0.099816
 0.0203727
   3.20918
  0.633299
-0.0013513
-0.0134231
 0.0940723
 0.0243281
   3.24751
  0.663435
-0.0336528
-0.0301311
  0.107739
 0.0188745
   3.22042
  0.655715
 -0.025533
-0.0235141
 0.0897521
 0.0299696
    3.26708
   0.660251
-0.00355976
 -0.0155708
    0.10198
  0.0206833
   3.27019
  0.682731
-0.0775491
-0.0183828
 0.0854024
 0.0230653
      3.284
    0.68634
-0.00387532
 -0.0124169
   0.104218
  0.0241712
   3.32692
  0.697185
-0.0875912
-0.0129674
 0.0847693
 0.0230537
   3.33755
  0.666963
0.00519941
-0.0264678
 0.0989885
 0.0295707
   3.37956
  0.747354
-0.0106792
-0.0176821
  0.113571
 0.0183723
   3.37161
  0.700497
-0.0283627
-0.0188232
  0.118458
 0.0245149
    3.38716
   0.712712
-0.00706296
  -0.023753
   0.103342
  0.0189988
   3.41398
  0.721385
 -0.056136
-0.0279005
 0.0932781
 0.0132955
   3.39699
  0.743119
 -0.010048
-0.0208631
  0.107281
  0.040421
   3.44049
  0.740764
 -0.057929
-0.0301938
 0.0872184
 0.0184838
   3.47246
  0.719843
-0.0207843
-0.0159865
  0.107594
 0.0212301
   3.51562
  0.794087
-0.0256138
-0.0205371
  0.120067
 0.0375103
   3.51789
  0.674067
-0.0368858
-0.0192353
  0.103834
  0.048295
   3.57984
  0.782955
-0.0347016
-0.0222955
  0.101042
 0.0267377
   3.59482
  0.726761
-0.0163098
-0.0143352
  0.111983
 0.0310617
    3.6354
  0.785049
-0.0472335
-0.0154665
  0.113199
 0.0418445
    3.6363
  0.753766
-0.0178077
-0.0143073
  0.112784
 0.0551412
    3.6614
  0.797648
 -0.030219
-0.0198709
  0.118866
 0.0495869
   3.68719
  0.774752
-0.0501249
-0.0221097
  0.123687
 0.0460198
     3.675
  0.720254
-0.0311014
-0.0103407
   0.12134
 0.0599996
   3.73033
  0.849444
-0.0325098
-0.0186723
  0.128922
 0.0539911
   3.70723
   0.72241
 0.0119102
-0.0219195
  0.129825
 0.0515605
   3.74551
  0.809317
-0.0629104
 -0.019148
  0.120217
 0.0461547
   3.76966
  0.756383
-0.0137462
-0.0228298
  0.122453
 0.0391631
   3.83701
  0.906103
-0.0480116
-0.0288026
  0.132396
 0.0403175
   3.85427
  0.811644
-0.0329073
  -0.02214
  0.118617
 0.0532129
   3.89899
  0.815018
-0.0809436
-0.0268526
  0.127916
 0.0663996
   3.93499
  0.856451
-0.0121876
-0.0238317
  0.130526
  0.054296
   3.95292
  0.896126
-0.0170578
-0.0188466
  0.129728
 0.0354729
    3.98238
   0.893424
-0.00265944
 -0.0204376
    0.12308
  0.0528385
   3.97501
  0.898359
-0.0784216
-0.0275133
  0.120231
 0.0558805
   4.00294
  0.838931
-0.0605476
-0.0293997
  0.141403
 0.0567951
     4.027
  0.870859
-0.0551245
-0.0203319
  0.148843
 0.0694562
   4.07598
  0.917243
-0.0192999
-0.0297943
  0.138098
 0.0531311
   4.09765
  0.822261
-0.0252785
-0.0283011
  0.155876
 0.0734848
   4.14271
  0.914662
-0.0367442
-0.0325674
  0.152942
 0.0654216
   4.18171
  0.871726
 0.0260015
-0.0194199
  0.162846
 0.0982267
   4.22185
  0.930156
-0.0590415
-0.0300314
  0.148421
 0.0724705
   4.23161
  0.841768
-0.0203062
-0.0241934
  0.154014
 0.0765143
     4.2517
   0.972273
-0.00298803
 -0.0267957
   0.155774
  0.0946087
   4.27127
  0.931341
 0.0122127
-0.0271535
  0.164244
 0.0901711
   4.32809
  0.916385
 -0.077301
-0.0344485
  0.147613
 0.0802071
   4.34755
  0.957802
-0.0718473
-0.0367816
  0.142797
 0.0808213
   4.39846
  0.970803
 -0.030362
-0.0281852
  0.147884
 0.0805571
   4.42546
   1.02534
-0.0653136
 -0.034978
  0.168435
 0.0948262
   4.46683
   0.91674
-0.0671329
-0.0202107
  0.158358
  0.115683
   4.49011
    1.0216
-0.0142478
-0.0381326
  0.162777
 0.0987405
   4.60084
   1.03439
-0.0241499
-0.0292808
   0.15948
  0.073166
   4.64939
   1.03131
-0.0754759
 -0.024135
  0.174927
 0.0945231
   4.66764
   1.04036
-0.0477719
-0.0376241
  0.178837
 0.0889088
   4.68424
   1.07673
-0.0141699
-0.0396026
  0.188944
  0.106714
   4.78639
   1.08201
-0.0560507
-0.0396032
  0.196772
  0.113271
    4.8626
   1.07458
-0.0187224
 -0.024138
  0.187917
  0.113537
   4.89795
   1.12782
 -0.094394
-0.0347328
  0.193907
  0.103582
   4.90891
   1.07932
-0.0533571
-0.0305263
  0.193144
  0.102721
  4.92642
  1.13832
0.0165239
-0.045192
 0.225048
 0.131771
   5.02805
   1.14533
-0.0247491
-0.0457588
  0.217031
  0.137007
   5.06445
   1.10338
  -0.05126
-0.0429394
  0.217008
  0.132355
   5.09673
   1.18005
-0.0470975
 -0.042379
  0.215893
  0.150114
   5.15559
   1.19422
-0.0933748
-0.0358562
  0.211774
  0.138443
   5.18376
   1.14267
-0.0415775
-0.0398413
  0.233686
  0.145582
   5.23672
   1.19119
-0.0258751
-0.0422309
  0.232561
  0.153244
   5.25384
   1.23325
-0.0236615
-0.0511301
   0.23125
  0.156009
   5.31402
   1.20513
-0.0442233
-0.0469328
  0.235395
  0.158692
   5.33041
   1.22451
-0.0578005
-0.0425728
  0.243237
  0.147695
   5.35935
   1.27855
-0.0356677
-0.0481771
  0.241274
  0.163219
   5.42977
   1.27833
-0.0624143
-0.0456188
  0.255989
  0.161271
  5.43884
  1.22826
-0.051624
-0.056014
 0.259667
 0.173792
   5.44681
   1.29372
 -0.059718
-0.0553562
  0.259515
   0.18319
   5.47963
   1.25821
-0.0233009
-0.0513489
  0.256378
   0.18324
   5.54154
   1.30495
-0.0147472
-0.0424641
  0.260257
  0.188391
   5.58085
   1.33188
-0.0645006
-0.0485976
  0.263282
  0.200997
   5.63029
   1.30343
-0.0528685
-0.0583852
  0.253044
   0.19582
   5.65045
   1.33398
-0.0796305
-0.0527064
  0.253131
  0.212441
   5.70633
   1.30536
-0.0693938
-0.0623935
  0.266013
  0.218287
   5.80426
   1.38487
-0.0660982
-0.0582744
  0.284917
  0.237963
    5.8403
   1.36269
-0.0518433
-0.0546859
  0.285978
  0.238008
   5.90212
   1.42586
 -0.015581
-0.0676261
  0.300392
   0.23012
   6.0136
  1.44611
-0.050285
-0.052147
 0.302526
 0.241482
   6.13607
    1.4517
-0.0670727
-0.0618315
  0.310025
  0.253661
    6.2313
   1.55149
-0.0408746
 -0.055595
  0.322104
  0.239276
   6.29245
   1.53679
-0.0570484
-0.0575005
  0.316055
  0.264937
   6.31898
   1.57434
-0.0695276
-0.0609095
  0.318872
  0.255581
   6.39065
   1.53099
-0.0741484
-0.0680798
  0.329872
  0.264019
   6.45015
   1.63429
 -0.060957
-0.0584226
  0.335807
  0.274281
   6.50987
   1.61583
-0.0394865
-0.0650353
  0.330207
  0.283555
   6.58563
    1.5664
-0.0956745
-0.0498215
  0.342821
  0.302214
   6.64241
   1.65132
-0.0594634
 -0.062975
  0.340134
  0.296408
   6.76686
   1.68582
-0.0589663
-0.0656319
  0.361445
  0.312914
   6.86206
   1.71215
-0.0382607
-0.0669401
  0.364443
  0.326178
   6.98907
   1.73375
-0.0482386
-0.0802995
  0.374992
  0.328746
   7.07655
   1.81298
 -0.102145
-0.0812112
  0.378553
  0.326998
   7.13712
   1.79163
-0.0507065
-0.0821071
  0.389056
   0.34587
   7.20723
    1.8118
 -0.102685
-0.0741661
  0.389234
  0.369962
   7.23618
   1.85716
-0.0513288
-0.0730131
   0.39839
  0.370322
   7.29855
   1.81841
-0.0799753
-0.0749892
  0.385223
  0.380555
   7.40732
   1.95839
-0.0646539
-0.0813849
  0.405368
  0.404489
    7.5155
   1.89106
-0.0473541
-0.0847373
  0.430105
  0.413553
    7.5764
   1.91464
-0.0613245
-0.0771604
   0.41906
  0.428068
   7.67698
   2.04416
-0.0833188
-0.0907528
  0.429609
  0.427685
   7.76527
    1.9644
-0.0857076
-0.0925212
  0.429503
  0.461106
   7.92424
   2.07642
-0.0804272
-0.0745143
  0.448786
  0.469643
   8.06787
   2.12401
-0.0694831
-0.0946452
  0.458129
   0.47218
   8.09528
   2.13103
-0.0791464
-0.0945538
  0.459512
  0.498128
   8.15916
   2.13256
-0.0812161
-0.0861948
   0.47134
  0.493587
   8.21787
   2.21947
-0.0642804
-0.0906443
   0.46553
  0.520241
   8.39349
   2.26546
 -0.104836
-0.0894019
  0.483474
  0.527519
   8.46703
   2.19609
 -0.062367
-0.0899711
  0.497121
  0.553197
    8.4889
   2.29009
-0.0640133
-0.0990278
  0.493966
  0.564688
   8.53111
   2.24994
-0.0502068
-0.0980588
  0.500575
  0.583149
   8.77137
   2.41215
-0.0894356
-0.0937806
  0.514301
  0.604316
   8.90721
   2.37718
-0.0989657
 -0.098872
  0.514577
  0.622692
  8.99446
  2.40136
-0.105521
-0.107721
 0.504969
 0.646286
   8.98328
   2.45974
-0.0586422
 -0.111608
  0.521039
   0.65731
   9.11893
   2.57434
-0.0717398
-0.0943971
  0.531701
  0.669525
  9.28107
  2.51415
-0.121275
-0.104784
 0.517368
  0.71333
  9.54568
  2.65003
-0.106509
-0.106171
  0.54148
 0.733864
   9.56931
   2.64675
-0.0689663
-0.0972125
  0.535726
  0.761499
    9.5604
    2.7131
-0.0701964
 -0.101472
  0.534228
  0.768587
  9.76599
  2.78243
 -0.10892
-0.096548
  0.55077
 0.802749
   10.0537
   2.79797
 -0.111122
-0.0961059
  0.553377
  0.841586
  10.3728
  3.08317
-0.117809
-0.116929
 0.574903
 0.851551
   10.648
  2.98171
 -0.10408
-0.122431
 0.609484
 0.951191
   10.5503
   3.07543
-0.0849422
 -0.113513
  0.593176
  0.927549
     10.79
   3.17628
-0.0407696
 -0.115599
  0.621361
  0.994463
   11.1075
   3.25108
-0.0880658
 -0.126356
  0.624372
   1.05009
  11.2715
  3.31092
-0.126926
-0.132042
 0.630605
  1.07463
  10.6197
  3.09714
-0.118283
-0.125561
 0.601516
 0.952452
  9.73106
  2.82486
-0.124802
-0.125761
 0.559401
 0.843836
   9.27519
   2.70417
-0.0311798
 -0.114725
  0.540472
  0.826564
   9.00806
   2.62572
-0.0920152
 -0.107954
  0.529382
  0.763133
   8.92967
   2.55201
-0.0419736
 -0.103587
  0.515622
  0.756298
   8.97777
   2.67787
-0.0896367
-0.0946658
  0.511876
  0.741091
  8.71783
   2.4658
-0.072932
-0.102088
 0.488668
  0.72774
   8.63121
   2.47456
-0.0895622
 -0.103337
   0.48316
  0.737803
  8.62526
  2.50975
-0.054052
-0.103407
 0.475821
 0.747954
   8.87216
   2.57885
 -0.059284
-0.0981204
  0.497407
  0.766132
   8.98155
   2.60662
 -0.124668
-0.0989279
  0.480483
  0.783678
   8.87606
   2.48989
 -0.083082
-0.0907681
  0.483986
  0.797265
   8.57488
   2.54262
-0.0576331
  -0.09102
  0.471359
  0.746054
   8.72273
   2.51959
-0.0384459
-0.0853377
  0.464886
  0.778434
   8.73894
   2.58361
-0.0192228
 -0.098775
  0.472707
  0.779248
   8.49304
   2.45781
-0.0673673
-0.0899666
  0.460044
  0.759866
   8.11494
   2.30292
-0.0702768
-0.0855372
  0.413354
  0.732014
   7.84689
   2.31994
-0.0859896
-0.0803367
  0.412068
  0.688046
   7.85629
   2.25052
 -0.031492
-0.0835854
  0.421457
  0.684671
    7.5243
   2.20302
-0.0676205
 -0.078482
  0.396024
  0.657646
   7.17793
    2.0354
-0.0650686
 -0.078845
  0.367467
  0.618878
   6.93301
   2.04183
 -0.078027
-0.0693896
   0.35843
  0.581901
   6.73385
   1.85341
-0.0247028
-0.0676569
  0.341579
  0.567348
   6.69561
   1.95828
-0.0592956
-0.0707794
  0.333521
  0.554417
   6.47563
   1.84434
-0.0218907
-0.0697905
  0.330836
  0.537972
   6.26796
   1.78481
 -0.068609
-0.0724597
  0.299623
  0.523903
   6.05201
   1.72718
-0.0301348
-0.0607394
  0.291759
  0.513298
   6.06882
   1.73513
-0.0260623
-0.0668822
  0.316877
  0.511911
   6.01768
   1.78733
-0.0625966
-0.0683511
  0.298473
  0.501286
     5.78988
     1.59831
-0.000135047
  -0.0649872
     0.29142
    0.488077
   5.58277
   1.61132
-0.0535425
-0.0538398
  0.271678
  0.474873
    5.42567
    1.50179
-0.00850476
 -0.0585959
   0.269195
   0.472261
   5.32267
   1.55566
 -0.073475
-0.0499346
  0.245503
  0.431297
   5.08317
   1.40002
-0.0655534
-0.0482157
  0.226866
  0.424245
   4.84789
   1.35414
-0.0563941
 -0.042037
  0.216511
  0.398377
   4.64759
   1.36445
-0.0422489
-0.0289943
  0.202626
  0.381481
    4.5117
   1.22273
 0.0159244
-0.0483355
  0.194883
   0.35452
   4.43538
   1.30584
-0.0621564
 -0.040466
  0.188167
  0.352144
   4.25841
   1.14697
-0.0363878
-0.0456864
  0.182486
   0.33679
   4.06338
   1.11465
-0.0655448
-0.0383575
  0.157197
  0.317648
   3.88499
   1.06348
 0.0177332
-0.0333438
  0.142648
   0.31963
   3.93716
   1.12561
-0.0605465
   -0.0289
  0.142972
  0.307015
     3.86813
     1.08451
-0.000105646
  -0.0238247
    0.155989
    0.297518
   3.72442
   1.04231
-0.0261319
 -0.038568
  0.141005
  0.277275
   3.59781
   0.95502
-0.0794508
-0.0285124
  0.131989
  0.279231
   3.43725
  0.933478
-0.0159626
-0.0359317
   0.12863
  0.266247
    3.37529
   0.979608
-0.00563359
 -0.0239496
   0.108339
   0.243399
   3.30645
  0.919298
-0.0271385
-0.0202135
  0.111224
  0.237661
   3.09821
  0.779925
-0.0140338
 -0.028995
 0.0859627
  0.267391
    3.0081
  0.822513
-0.0337846
-0.0264028
 0.0989431
  0.220556
  2.89374
 0.789424
0.0357598
-0.020317
0.0826336
 0.214799
   2.80713
  0.788469
-0.0167808
-0.0288651
 0.0855685
  0.213288
   2.73722
  0.688267
 -0.045754
-0.0149137
 0.0817028
  0.219467
   2.65331
  0.747668
-0.0137796
-0.0198483
 0.0713707
  0.189575
   2.59464
   0.72388
-0.0396681
-0.0173797
 0.0582405
  0.174557
   2.51789
  0.680164
-0.0218147
 -0.018031
 0.0669483
  0.186068
   2.41469
  0.634007
-0.0454431
-0.0157542
 0.0423511
  0.187812
   2.34253
  0.642737
-0.0060252
-0.0136459
 0.0519058
  0.162519
   2.27704
  0.657583
-0.0330255
-0.0208189
 0.0433074
  0.158724
   2.19788
  0.588012
 0.0241187
-0.0150344
 0.0363173
  0.165676
   2.16236
  0.617921
-0.0616155
-0.0126736
 0.0428762
  0.154668
    2.0331
  0.494686
-0.0150342
-0.0167319
 0.0346137
  0.142944
   1.95985
   0.51786
-0.0404264
-0.0124558
  0.032878
  0.141335
   1.90712
  0.577309
-0.0173345
-0.0147248
 0.0433873
  0.120485
    1.86317
   0.462365
-0.00874291
-0.00258405
  0.0370565
   0.125248
   1.83793
  0.499858
 0.0304575
-0.0133189
 0.0408888
  0.125953
   1.71111
  0.377838
 -0.062738
0.00295231
 0.0258116
  0.136868
   1.63282
  0.438291
-0.0194793
-0.0226884
 0.0319691
  0.125544
    1.61832
   0.421892
  0.0392522
-0.00467442
  0.0374442
   0.117141
    1.59832
   0.436247
-0.00824979
 -0.0126745
  0.0247699
   0.114943
    1.55144
   0.324962
-0.00161147
-0.00664064
  0.0263959
   0.127272
    1.45042
   0.359674
 -0.0345555
-0.00969124
 0.00248347
   0.107801
    1.4031
  0.377448
-0.0182605
-0.0110256
 0.0210984
  0.096186
    1.41265
   0.416259
-0.00667558
 -0.0172472
  0.0163184
  0.0782926
   1.34654
  0.290804
 -0.044829
0.00204505
 0.0129328
 0.0834608
     1.2594
     0.3006
-0.00770876
-0.00939517
 0.00291514
   0.101606
    1.19981
   0.326593
  0.0242302
-0.00672005
 0.00710006
  0.0721236
     1.1609
   0.288044
 -0.0153188
 -0.0139301
-0.00409482
  0.0899808
    1.12998
   0.252028
 -0.0250341
-0.00544667
-0.00691139
  0.0786226
   1.08124
  0.275298
 0.0217046
 -0.012371
0.00879125
 0.0673239
     1.03309
     0.24194
  -0.0165756
 -0.00977343
-0.000873867
     0.07017
    1.00092
   0.283871
 -0.0297916
-0.00622577
-0.00325369
  0.0567056
   0.960655
   0.251277
  -0.019232
 -0.0113872
-0.00515098
  0.0509648
   0.945356
    0.17402
  0.0147143
-0.00197892
 -0.0007796
  0.0540618
   0.925002
   0.264041
 -0.0194722
-0.00101979
 0.00276966
  0.0435811
   0.910429
   0.254433
 -0.0165604
-0.00851368
0.000281947
  0.0325476
    0.87393
   0.197293
  0.0102475
-0.00446396
 0.00407515
  0.0334222
  0.850635
  0.208624
-0.0269923
-0.0111561
0.00600017
 0.0390587
    0.82753
   0.192008
 0.00408876
 -0.0078264
-0.00746556
  0.0422773
   0.811597
   0.245502
 -0.0141672
 0.00263051
0.000807086
  0.0417464
   0.795896
   0.168422
0.000442511
-0.00489919
  0.0081454
  0.0412817
   0.723088
   0.143168
-0.00934703
-0.00726952
-0.00459855
  0.0521531
  0.718523
  0.207463
 -0.049456
-0.0121875
-0.0207583
 0.0208732
   0.673794
   0.177439
  0.0195795
-0.00990602
 -0.0158903
  0.0357341
   0.666212
   0.165871
  0.0182676
-0.00676227
 -0.0100274
  0.0359646
  0.662192
  0.139515
-0.0270056
0.00248882
0.00078673
 0.0321262
   0.626503
     0.1688
 -0.0324845
-0.00294903
-0.00393228
  0.0352706
  0.618317
  0.122885
 0.0274918
0.00244571
-0.0114592
  0.025038
   0.563189
    0.14659
 -0.0314844
-0.00903155
 -0.0130012
  0.0292875
   0.571238
   0.102584
 -0.0196828
-0.00347799
-0.00465488
  0.0160031
   0.529188
   0.151122
 -0.0375849
-0.00984628
 -0.0064636
  0.0376658
   0.488935
  0.0737088
  0.0362958
-0.00585263
-0.00796672
  0.0266427
  0.504016
   0.14289
-0.0156843
-0.0153842
-0.0017824
 0.0148708
   0.489749
  0.0710836
 -0.0206096
-0.00123934
 0.00176084
  0.0242714
   0.466343
   0.146051
 -0.0519782
-0.00596024
-0.00602116
  0.0086338
   0.41203
 0.0771485
 0.0151324
0.00204195
0.00065669
 0.0269945
   0.432258
   0.168633
 -0.0342456
-0.00844679
-0.00221759
 0.00724686
    0.436044
   0.0982678
  -0.0106937
-0.000897386
  0.00646011
  0.00293297
   0.393069
  0.0785326
 -0.0181308
-0.00323511
 0.00287117
  0.0283596
 0.402748
0.0980457
0.0253962
 -0.01648
0.0143221
 0.011584
  0.405271
 0.0884299
 0.0141524
 -0.001213
0.00864296
 0.0143678
   0.394718
   0.089579
 -0.0135602
-0.00343554
  0.0158422
  0.0143201
  0.396432
 0.0161003
 0.0131106
-0.0205497
0.00264307
 0.0174842
  0.359685
  0.114185
-0.0228282
-0.0208483
 -0.005284
  0.012632
  0.364989
-0.0172769
-0.0108707
-0.0134588
0.00420916
 0.0171397
   0.368243
  0.0866137
-0.00460833
 -0.0117052
0.000410518
  0.0142036
   0.356791
   0.111154
  0.0164118
-0.00171731
  0.0158536
  0.0121739
   0.324004
  0.0837927
 -0.0340356
   0.011685
-0.00679047
  0.0163655
  0.334802
 0.0432707
-0.0222358
-0.0126483
 0.0131968
 0.0114864
   0.332714
   0.106068
 -0.0484362
 -0.0192456
1.45446e-05
 0.00806133
  0.294581
0.00202303
 0.0732069
-0.0112196
 0.0125305
 0.0259659
  0.292813
  0.171945
-0.0370847
-0.0223022
-0.0194001
 0.0151878
   0.300274
   0.041947
 -0.0137913
0.000500007
 0.00465384
  0.0189557
    0.282103
  -0.0415386
 -0.00669663
-0.000591947
  0.00252942
    0.041908
   0.312379
  0.0423994
  0.0282751
-0.00112699
-0.00292211
  0.0108171
   0.326118
  0.0908577
 -0.0027909
-0.00776894
 0.00662315
  0.0122059
  0.287715
 0.0595325
0.00479958
-0.0159405
 0.0112633
 0.0316238
   0.290146
  0.0400754
  -0.035008
 -0.0103806
0.000937938
  0.0221254
  0.281667
  0.103165
 0.0144991
 -0.023996
 0.0155953
0.00562538
   0.289665
  0.0681266
  0.0124059
 -0.0191807
0.000971062
  0.0133934
  0.275114
 0.0779579
 -0.099927
-0.0172519
 -0.013927
 0.0080161
    0.251187
   0.0304248
   -0.036051
 -0.00324284
-0.000777679
   0.0177289
   0.279839
   0.148705
-0.00205571
 -0.0047542
-0.00889793
-0.00215312
   0.286765
   0.108927
  0.0400613
-0.00876835
 0.00766556
-0.00733925
   0.259189
  0.0407132
 -0.0983538
0.000594873
 -0.0200374
  0.0164575
   0.246147
  0.0696829
 -0.0294208
 -0.0135551
0.000958213
  0.0169071
   0.250751
  0.0674049
 -0.0084459
 -0.0106586
-0.00932644
  0.0124582
  0.254475
-0.0118332
 0.0085076
-0.0111081
0.00885922
 0.0290376
  0.278849
 0.0435283
 -0.046263
-0.0180813
0.00302704
 0.0131315
   0.279126
 0.00608239
  0.0262689
 -0.0112684
-0.00389165
  0.0128813
  0.288035
 0.0853779
-0.0159794
-0.0115995
0.00137649
 0.0157592
  0.266396
-0.0194244
 0.0202457
-0.0189934
 0.0244877
 0.0200774
   0.317502
  0.0820305
 -0.0499122
 -0.0211171
-0.00196777
  0.0154717
   0.324867
  0.0862213
   -0.02309
 -0.0152685
-0.00630136
  0.0127428
   0.315417
  0.0471987
-0.00373922
-0.00942078
 0.00991751
  0.0225547
  0.347442
  0.114244
0.00640611
-0.0148548
 0.0105169
0.00107086
  0.323592
 0.0921842
 0.0150848
-0.0142964
  0.012535
0.00836205
     0.31609
   0.0167125
  -0.0335918
  -0.0120537
-8.55247e-05
   0.0267238
   0.314856
   0.130962
 -0.0157844
-0.00991287
 -0.0039492
  0.0178269
   0.329765
  0.0747382
  0.0191229
-0.00882505
  0.0138625
  0.0124355
  0.328858
  0.142336
-0.0625431
-0.0129493
0.00739498
 0.0122776
   0.285096
-0.00893025
 -0.0237986
0.000149024
 0.00804701
   0.030372
    0.292511
    0.109983
  -0.0456936
  -0.0189762
 -0.00879268
-0.000822977
   0.290238
  0.0775133
-0.00258028
 0.00164974
  0.0195356
   0.014869
    0.26324
 0.00497102
-0.00321621
-0.00402977
  0.0122305
  0.0273941
   0.256761
   0.131388
 -0.0637087
 -0.0163966
-0.00648956
-0.00235925
    0.252783
   0.0308616
 0.000375262
  -0.0152767
-4.59635e-05
  0.00445534
   0.25431
  0.079071
-0.0181573
-0.0144333
0.00486394
 0.0106522
   0.236027
-0.00362798
  0.0223931
 -0.0119587
  0.0038646
  0.0314465
   0.232261
  0.0481978
 0.00809593
 -0.0189667
-0.00564199
  0.0232993
   0.244118
 0.00661006
-0.00451765
-0.00850956
  0.0147999
 0.00860382
   0.250037
  0.0259974
-0.00507963
-0.00822323
    0.01237
  0.0115862
    0.20265
  0.0528158
 -0.0250195
-0.00949456
  0.0137146
 0.00862266
    0.221176
   0.0435353
   0.0112294
 -0.00691642
-0.000752874
  0.00579547
  0.185663
 0.0093921
-0.0227624
-0.0113205
 0.0187661
0.00879038
   0.176558
 -0.0139632
 -0.0301045
-0.00489577
  0.0041338
 0.00487659
  0.190397
   0.06892
-0.0335116
-0.0216335
  0.004451
0.00684259
    0.17209
 0.00521015
  0.0295377
-0.00689445
 0.00786526
 0.00157826
   0.188683
  0.0865299
 -0.0364938
-0.00594566
-0.00861425
-0.00882114
    0.17792
 -0.0372085
  0.0141504
0.000660353
  0.0170675
  0.0185415
   0.173588
  0.0889846
-0.00366061
 -0.0171898
  0.0149036
 0.00577496
   0.139406
-0.00457151
  0.0702822
-0.00171711
  0.0133041
  0.0257524
  0.194864
  0.050203
-0.0611168
-0.0116478
0.00687218
-0.0122303
  0.154159
-0.0154745
0.00583263
-0.0101534
 0.0215015
0.00867844
   0.134917
   0.104527
 -0.0800487
 -0.0151798
-0.00567875
-0.00928536
   0.133649
 0.00256929
 0.00231737
-0.00581752
  0.0165865
  0.0163036
    0.15643
  0.0470724
 -0.0761873
-0.00486273
 -0.0134629
-0.00111977
   0.140723
 -0.0109864
 -0.0140469
-0.00951087
  0.0114817
  0.0058383
   0.110444
  0.0863528
 -0.0631682
0.000155426
 -0.0169553
 0.00665539
  0.131315
0.00268187
 0.0277381
-0.0139327
 0.0180021
0.00789374
   0.149112
  0.0880999
 -0.0336769
-0.00873078
 0.00196422
-0.00454008
   0.120373
-0.00272506
  0.0299606
-0.00258315
  0.0137639
 0.00429875
    0.139164
   0.0846875
   0.0102846
  -0.0180471
-0.000662801
  -0.0315787
  0.109357
0.00754824
 0.0410777
-0.0187715
 0.0180245
 -0.011238
   0.129888
    0.04497
 -0.0347536
 -0.0161937
 0.00659744
2.44194e-05
  0.127662
-0.0630708
 9.816e-05
-0.0109824
0.00406643
0.00490301
  0.107281
-0.0089294
-0.0181258
-0.0110819
 0.0274267
0.00186521
  0.0994052
 -0.0293146
 -0.0131467
 -0.0118248
  0.0143088
0.000725239
  0.0876308
   0.014318
    0.01749
-0.00171629
  0.0117263
 0.00701691
   0.112246
   0.032349
 -0.0138077
-0.00774621
 0.00580483
-0.00637728
   0.104148
 -0.0854782
  0.0143642
-0.00684534
  0.0341625
 0.00835002
  0.0991319
  0.0181485
 -0.0169359
-0.00542244
 0.00984223
  0.0174354
   0.070473
 -0.0105049
  -0.028838
-0.00864793
  0.0137734
 0.00782841
 0.0720523
 0.0724218
-0.0246182
-0.0137088
 0.0088554
-0.0128416
  0.0645451
   0.024017
 -0.0279945
 -0.0110665
 0.00549478
-0.00239615
   0.067365
-0.00493348
 -0.0220343
 0.00373027
  0.0105411
-0.00253782
 0.0574125
 0.0364443
-0.0020118
-0.0191253
  0.013119
-0.0054908
  0.0770108
  0.0428896
 -0.0374871
-0.00259371
 0.00889823
-0.00243984
 0.0591274
-0.0515854
 -0.019793
-0.0138133
 0.0211402
   0.01646
  0.0627834
  0.0144792
 0.00883232
-0.00569894
  0.0182087
 0.00718174
  0.0839582
   0.030336
  0.0490006
 0.00384525
 0.00385345
-0.00740399
  0.0846422
 -0.0176181
 0.00344947
-0.00259366
  0.0150472
   0.020219
  0.0979348
  0.0321599
 -0.0099841
-0.00584729
 0.00602808
 0.00798351
   0.0675084
  -0.0163926
  0.00761777
  -0.0146637
   0.0200127
-0.000579495
  0.0538663
-0.00174769
 -0.0275846
  -0.013479
  0.0116128
-0.00506973
  0.0781094
  0.0450951
0.000131707
  -0.018725
 0.00906736
 -0.0120785
  0.0788177
 -0.0752362
  0.0570485
 -0.0122177
  0.0221613
0.000480502
  0.0615369
  0.0383516
 -0.0462391
-0.00302918
 0.00549708
 0.00521204
 0.0573911
-0.0259891
0.00203325
-0.0093727
 0.0103672
0.00734011
  0.0497626
  0.0438506
 -0.0239005
 -0.0107489
  0.0118494
-0.00417904
  0.0691109
  0.0230672
 -0.0805195
9.60107e-05
-0.00667043
-0.00831717
    0.119255
  -0.0247745
  -0.0377135
-0.000775564
   0.0104428
 -0.00271677
  0.0998652
   0.023663
  0.0054486
-0.00536346
 0.00594568
  0.0113234
  0.0905164
 -0.0543741
-0.00127273
 -0.0126919
 0.00295404
  0.0127801
  0.0975371
 -0.0113724
 -0.0222408
-0.00706413
  0.0109692
  0.0130406
   0.106337
  -0.022976
  0.0499204
-0.00467524
  0.0274596
  0.0138664
   0.102007
-0.00407414
  0.0113877
-0.00722422
  0.0151382
  0.0107721
 0.0830281
-0.0120874
 0.0211713
-0.0153736
 0.0291597
0.00323065
 0.0899145
 0.0125471
 0.0107721
-0.0100982
 0.0160284
0.00631204
   0.121477
 0.00080334
  0.0065367
-0.00871844
  0.0185291
-0.00733613
    0.102114
   0.0134733
-0.000640115
  -0.0109344
   0.0228754
 -0.00342441
   0.112172
  0.0234916
 0.00385506
-0.00982915
  0.0172338
 -0.0120078
  0.0875698
 0.00599211
-0.00248604
0.000281703
  0.0131634
  0.0165514
  0.103728
 0.0333719
-0.0133879
-0.0188136
 0.0299335
0.00212097
 0.0838537
 0.0211272
-0.0124225
 -0.012376
 0.0171972
0.00289708
   0.103972
  0.0245459
 -0.0245287
-0.00585236
  0.0221435
  0.0111397
   0.118104
  0.0158602
 -0.0277364
-0.00853801
  0.0133634
  -0.015406
  0.0943733
  0.0123622
  -0.013731
-0.00205168
  0.0207853
 0.00599132
 0.0793676
0.00413673
-0.0150821
-0.0158219
 0.0142809
0.00814762
   0.104164
  0.0146249
 -0.0138121
-0.00203943
  0.0195525
 0.00368668
  0.0769633
  0.0157341
 -0.0189752
-0.00631678
 0.00972707
  0.0139154
  0.0841835
   0.020214
-0.00459992
-0.00761088
  0.0222002
 0.00308226
  0.104914
 0.0280397
-0.0138544
-0.0117769
 0.0117861
-0.0118568
  0.0830131
  0.0151885
-0.00804579
 -0.0159787
 0.00903492
  0.0120144
 0.0993854
 0.0254728
-0.0115959
 -0.010891
 0.0212055
-0.0110978
  0.111948
 0.0335694
 -0.011338
 -0.012374
 0.0138043
-0.0022757
     0.1012
  0.0184916
 -0.0102947
-0.00415667
  0.0231949
 0.00607631
   0.112124
  0.0236498
 -0.0127976
 -0.0120236
  0.0123463
-0.00445439
  0.0914995
   0.015397
-0.00925332
-0.00520825
   0.016739
 0.00391749
  0.0960092
  0.0135392
-0.00695528
-0.00695347
  0.0118989
  0.0141974
  0.0982454
  0.0127971
 -0.0116996
-0.00165592
0.000473127
 0.00090403
   0.129772
  0.0191278
 -0.0120207
   -0.00784
   0.017094
-0.00947888
    0.103228
   0.0169973
  0.00276049
  -0.0191757
   0.0278323
-0.000327078
 0.0857387
 0.0127181
0.00296855
-0.0118993
 0.0171037
 0.0062395
   0.112129
  0.0240244
-0.00480433
 -0.0108018
   0.020388
 0.00206374
    0.10664
  0.0213102
-0.00246953
-0.00809246
  0.0220197
 0.00722458
    0.108978
   0.0205098
-0.000145012
 -0.00679375
   0.0287811
   0.0125188
  0.0914687
  0.0145155
-0.00805269
 -0.0151402
  0.0106477
  0.0155991
   0.106988
  0.0197998
-0.00815484
-0.00947061
   0.027196
  0.0038499
    0.114703
   0.0208946
 -0.00952089
  -0.0198471
   0.0216594
-0.000428715
    0.10292
  0.0101762
 -0.0117098
-0.00998529
  0.0174562
 0.00780331
  0.103144
0.00851494
-0.0194627
-0.0174017
 0.0116779
 0.0180505
    0.11344
  0.0190522
-0.00702748
 -0.0029743
  0.0171411
 0.00680074
  0.100271
 0.0129641
-0.0104458
-0.0101336
 0.0245982
 0.0086484
  0.101556
 0.0160211
-0.0146475
-0.0145236
 0.0182923
 0.0211655
    0.110943
   0.0209257
-0.000148495
  -0.0062531
   0.0262178
   0.0124595
  0.0943836
  0.0194471
-0.00803684
 -0.0225884
  0.0237575
  0.0117607
  0.106772
 0.0205388
0.00316699
 -0.013017
  0.031648
 0.0122137
  0.0979345
  0.0147642
 -0.0059082
-0.00160007
  0.0193325
 0.00480559
  0.0945107
  0.0199176
-0.00465917
 -0.0102862
  0.0202901
 0.00661342
   0.109639
  0.0181025
-0.00468909
0.000723496
  0.0203938
 0.00907276
  0.0850434
 0.00728177
 -0.0115746
-0.00723101
  0.0138509
 0.00934277
   0.120413
  0.0232751
 -0.0173674
 -0.0166966
  0.0186627
-0.00519877
   0.103215
 0.00911476
 -0.0140525
-0.00805052
  0.0210497
 0.00167503
    0.11162
  0.0169916
 -0.0129282
 -0.0121563
   0.019263
-0.00346793
 0.0846973
  0.017401
-0.0169836
-0.0102412
0.00746325
0.00466996
   0.100182
  0.0140927
-0.00790142
-0.00392766
  0.0228229
  0.0193444
   0.118525
  0.0226172
-0.00285475
 -0.0121347
  0.0133674
-0.00604868
   0.106545
  0.0208963
 -0.0104806
  -0.013369
  0.0130199
0.000707153
  0.0906362
  0.0195996
-0.00335086
-0.00287768
  0.0197414
  0.0107875
  0.0932673
  0.0169489
-0.00459717
-0.00452246
  0.0202927
  0.0101207
     0.1099
  0.0158562
-0.00933787
 -0.0124408
  0.0273607
 0.00839597
  0.0910427
  0.0170301
-0.00576225
-0.00858659
  0.0133428
 0.00970977
       0.115
   0.0200895
  -0.0105937
  -0.0107677
  0.00703367
-0.000465296
   0.117895
  0.0250132
 -0.0151045
  -0.015177
 0.00652884
-0.00678993
   0.101198
 0.00968888
 -0.0114248
-0.00056456
   0.014049
  0.0168337
  0.104258
 0.0137594
-0.0161165
-0.0117697
 0.0365239
0.00251019
  0.113755
 0.0169559
-0.0139394
-0.0119333
 0.0240993
0.00156915
   0.105688
  0.0162006
-0.00946748
 -0.0104411
  0.0252783
-0.00146633
   0.12099
 0.0204175
-0.0107608
-0.0199573
 0.0212682
-0.0040422
  0.0855791
  0.0224113
-0.00553403
 -0.0141062
  0.0130632
  0.0134752
 0.0888007
 0.0172735
-0.0091039
-0.0133481
0.00912941
 0.0117163
   0.104987
  0.0189781
-0.00597213
  -0.010668
   0.014479
 0.00352023
   0.102576
  0.0212438
-0.00586499
-0.00535216
  0.0224756
0.000106398
  0.0759079
  0.0115168
  -0.006748
-0.00338873
   0.011149
  0.0151611
  0.0921295
  0.0135298
-0.00806311
 0.00279978
  0.0192256
 0.00482675
    0.12182
   0.017705
 -0.0107384
-0.00692475
 0.00817228
-0.00315882
   0.106726
  0.0122982
 -0.0114422
-0.00342326
  0.0133835
  0.0162202
   0.123043
  0.0211594
 -0.0175913
-0.00994119
  0.0138261
 -0.0155533
   0.118982
  0.0207002
 -0.0164362
-0.00976394
 0.00756444
 -0.0137474
   0.121284
  0.0195658
-0.00747522
 -0.0130679
  0.0165543
-0.00855183
   0.101647
  0.0157331
-0.00822213
  -0.010233
  0.0189212
 0.00492367
  0.0919188
  0.0223934
-0.00113334
-0.00791256
   0.016906
 0.00944961
   0.108378
  0.0229712
-0.00492766
0.000620871
  0.0084379
-0.00974449
   0.105844
  0.0242307
-0.00920963
 -0.0147657
  0.0252899
 0.00167868
   0.112869
  0.0211667
-0.00814927
-0.00963319
  0.0271968
 0.00386191
 0.0867234
 0.0177587
-0.0145287
-0.0106973
0.00956739
 0.0161261
   0.125531
  0.0194428
-0.00965366
 -0.0117733
  0.0225213
-0.00544405
   0.105819
  0.0162472
 -0.0114315
-0.00522884
  0.0210867
 0.00993158
  0.117053
 0.0115155
-0.0107358
-0.0116905
  0.023255
0.00428951
 0.0992737
 0.0168311
-0.0127073
-0.0140197
 0.0225894
0.00222473
  0.112792
 0.0224282
-0.0103059
0.00268952
 0.0168477
0.00069312
   0.101329
  0.0181527
-0.00591634
 0.00217038
  0.0148806
-0.00114883
  0.0986272
  0.0197446
-0.00486073
 -0.0142033
  0.0304482
-0.00167381
   0.111441
   0.026662
 -0.0116663
-0.00898765
 0.00552841
 -0.0108135
   0.110037
   0.024943
-0.00669128
-0.00477626
  0.0190518
   0.012886
   0.104009
  0.0240105
-0.00557851
 -0.0042623
  0.0115555
  0.0123673
  0.0876665
  0.0134385
-0.00580642
-0.00968531
 0.00630091
  0.0131075
   0.106492
  0.0215131
-0.00479492
 -0.0137899
   0.027789
 0.00286315
   0.108789
  0.0216198
 -0.0101913
-0.00330099
  0.0247219
 0.00777687
  0.0985474
  0.0113792
 -0.0193146
-0.00769029
 0.00714116
  0.0137035
   0.111936
   0.015195
  -0.016351
  -0.015946
  0.0167567
-0.00246262
   0.104109
  0.0141832
 -0.0194496
-0.00834935
  0.0153176
 0.00409647
   0.122156
  0.0168788
 -0.0127046
-0.00844538
  0.0267679
 0.00940803
  0.0926938
  0.0190787
 -0.0123587
-0.00701867
  0.0116814
  0.0115122
   0.121304
  0.0187173
-0.00422397
 -0.0201026
  0.0165662
-0.00827896
    0.11849
  0.0229767
-0.00495758
 -0.0155038
  0.0275958
-0.00106924
   0.104769
  0.0203662
-0.00564473
 -0.0110072
  0.0221747
  0.0168194
  0.0891301
  0.0167693
-0.00802261
-0.00492382
  0.0158975
 0.00521308
    0.10547
  0.0175892
-0.00913896
 -0.0107801
  0.0329733
  0.0118339
  0.0990686
  0.0184692
-0.00929608
-0.00350297
  0.0145624
-0.00134477
  0.105844
 0.0241925
-0.0114511
-0.0127915
 0.0165355
0.00153536
   0.0844012
   0.0188293
  -0.0170074
  -0.0107072
   0.0155423
-0.000363243
   0.103687
  0.0163209
-0.00817003
-0.00742559
  0.0250065
  0.0050401
   0.097439
  0.0165623
-0.00469548
-0.00570557
  0.0187674
 0.00843892
   0.106646
  0.0121614
-0.00752234
-0.00397784
  0.0160827
 -0.0113496
   0.118777
  0.0129844
-0.00857651
-0.00821204
  0.0144466
-0.00119553
   0.10271
 0.0195804
-0.0114219
-0.0187993
  0.024494
 0.0105048
   0.120194
  0.0244802
-0.00507849
 -0.0109628
  0.0139283
-0.00890055
   0.109558
  0.0265597
-0.00112454
-0.00927837
  0.0207067
  0.0118621
   0.100519
  0.0210251
-0.00245267
-0.00390257
  0.0108177
 0.00402324
   0.101614
   0.016477
-0.00897029
-0.00821979
  0.0225236
  0.0207541
   0.117466
  0.0189268
-0.00940546
 -0.0107338
  0.0251832
 0.00313919
  0.092297
 0.0112363
-0.0172007
 -0.011352
  0.011527
0.00624973
  0.113443
   0.01809
-0.0116232
-0.0147808
 0.0243987
0.00549564
   0.123973
  0.0184254
-0.00825655
-0.00288545
  0.0276709
 0.00406105
   0.105359
  0.0186682
-0.00674572
-0.00372609
  0.0274941
  0.0155657
   0.115777
   0.017938
 -0.0126156
-0.00377626
  0.0196559
 0.00795748
  0.0911897
  0.0165322
-0.00691133
-0.00805842
  0.0170383
 0.00783966
   0.110184
  0.0236062
-0.00468071
 -0.0113148
   0.022856
 0.00670316
 0.0873491
 0.0146918
-0.0137544
-0.0140421
 0.0178294
0.00411178
  0.0926555
  0.0193455
-0.00465639
-0.00410224
  0.0123194
 0.00410506
  0.108236
 0.0228519
 -0.010323
-0.0150201
 0.0260359
0.00496471
  0.118206
 0.0237953
-0.0152804
-0.0125438
0.00738832
 -0.015331
   0.123587
   0.028592
 -0.0160366
-0.00486594
  0.0165201
-0.00754317
   0.111757
  0.0174983
-0.00903876
-0.00550943
  0.0219565
  0.0190736
   0.120187
  0.0171179
 -0.0160106
0.000718236
  0.0178284
 0.00663222
   0.114167
  0.0242918
  -0.017093
-0.00702821
 0.00851887
0.000132019
 0.0968031
 0.0109175
-0.0147045
-0.0013678
 0.0175412
 0.0160585
   0.103838
  0.0155429
-0.00907486
-0.00815469
  0.0158709
  0.0189475
    0.11613
  0.0160101
 -0.0115382
-0.00881139
   0.023071
  0.0112709
    0.102095
   0.0151065
 -0.00665544
-0.000738417
   0.0213142
   0.0235385
   0.113552
  0.0179068
-0.00945231
-0.00914794
  0.0188206
0.000691151
   0.126518
  0.0248874
-0.00926915
-0.00482368
  0.0170341
 0.00334642
   0.114057
  0.0254218
 -0.0080247
-0.00501615
  0.0255044
 0.00191467
   0.092565
  0.0194306
-0.00459885
-0.00991727
  0.0189594
 0.00887451
   0.124569
  0.0240445
  -0.012774
-0.00874313
  0.0213725
 -0.0030104
  0.115802
 0.0260346
-0.0147207
-0.0120047
  0.017746
0.00656054
   0.105857
  0.0161155
-0.00692343
-0.00647378
  0.0270086
  0.0122433
  0.111606
 0.0164652
-0.0140206
-0.0205867
 0.0247494
0.00164074
  0.132766
 0.0238813
-0.0161534
-0.0103297
0.00851324
0.00234839
   0.122676
  0.0229208
 -0.0162172
-0.00904824
  0.0102292
-0.00514397
   0.0985479
   0.0123894
 -0.00802432
-0.000926221
   0.0223475
    0.013064
    0.10801
  0.0152192
-0.00912366
 -0.0102172
  0.0181442
  0.0196447
   0.111903
  0.0169364
 -0.0102409
-0.00410184
  0.0218554
  0.0148209
   0.109995
  0.0155074
-0.00471594
 -0.0109509
  0.0215979
  0.0173157
   0.117842
  0.0268046
-0.00684135
-0.00533802
  0.0204781
 0.00605512
   0.120307
  0.0245988
-0.00708106
-0.00666199
  0.0136303
0.000295342
   0.109067
  0.0202664
 -0.0101971
-0.00374667
  0.0205358
  0.0106106
  0.124066
 0.0252608
-0.0175224
-0.0125229
0.00632682
-0.0152854
  0.099498
 0.0161682
-0.0136033
-0.0116057
 0.0183045
 0.0139231
   0.128759
  0.0243737
 -0.0116168
-0.00413612
  0.0257581
-0.00265605
