   0.0040379
 0.000521506
  0.00883035
-0.000577374
  0.00301001
 -0.00245543
0.00748756
0.00474862
  0.010326
0.00731941
 0.0119032
0.00750302
   0.0282522
   0.0131394
  0.00675379
  0.00857487
   0.0094215
-0.000890403
0.00748029
0.00375264
 0.0031956
 0.0022358
0.00782804
-0.0100553
 0.0264667
0.00276905
0.00778615
0.00249415
 0.0180291
 0.0109178
  0.037188
0.00975933
 0.0109749
 0.0013686
 0.0154936
0.00173194
 0.0423063
 0.0057165
0.00072056
0.00272713
 0.0260478
-0.0018426
  0.0503672
-0.00274613
 0.00591989
-0.00109219
  0.0241509
 0.00044073
 0.0558623
 0.0181191
-0.0258428
0.00492624
 0.0117219
0.00167947
  0.0492307
 -0.0246558
0.000976462
 0.00841492
-0.00373082
  0.0075961
  0.0810223
  0.0251248
 -0.0216843
 0.00170091
   0.010703
-0.00359119
   0.0458591
  -0.0187368
   0.0324339
-0.000523035
    0.020144
  0.00819762
  0.0650051
  0.0492991
   -0.01845
-0.00724257
   0.013981
 0.00167256
   0.0855961
 -0.00312471
-0.000264217
  0.00762492
  0.00655194
 -0.00721619
 0.0669307
 0.0254164
 0.0364894
 0.0137348
 0.0165263
-0.0151989
   0.0373345
  0.00992804
   0.0456021
  0.00617437
   0.0174908
-0.000143078
  0.0607203
  0.0323773
 -0.0258242
 0.00522295
-0.00307139
 -0.0163586
  0.0462247
-0.00195671
  0.0259168
 0.00455279
  0.0329751
 -0.0149874
0.00465594
 0.0168827
 0.0441665
0.00289388
 0.0106517
 0.0089111
   0.035755
  0.0163921
 0.00441737
 0.00951921
  0.0100751
-0.00830953
 -0.00113314
   0.0230309
 -0.00620316
-0.000143164
   0.0111178
  -0.0125432
  -0.0040999
   0.0356634
  -0.0202377
-0.000153887
  0.00344123
 -0.00910958
 -0.0171626
 0.00231933
  0.0213233
-0.00839511
 0.00964194
-0.00603254
  0.0160013
   0.066071
  0.0127863
 0.00450026
 0.00900264
-0.00898398
 -0.0045613
-0.00666545
-0.00559659
 0.00285435
 0.00613101
 0.00305986
  0.0200624
-0.00538619
-0.00907102
 0.00793312
 0.00583567
 0.00990253
-0.00048028
 0.00305013
  0.0199604
 0.00628327
  0.0116744
 -0.0160084
 -0.0103242
  0.0452679
  -0.014077
0.000756813
 0.00712721
 0.00151358
 -0.0107873
  0.0284598
 -0.0157878
-0.00534109
 0.00296725
 0.00019831
 0.0138862
-0.0321701
0.00471782
0.00819039
 0.0138663
0.00751046
   0.0100562
 -0.00787156
  -0.0171791
-0.000208265
   0.0098165
 -0.00546553
 0.0329974
 0.0285096
 0.0425773
0.00286963
 0.0187175
-0.0114038
  0.0236086
-0.00277505
-0.00348529
  0.0067718
  0.0110162
  0.0089271
 -0.0138347
 -0.0477921
  0.0224723
-0.00596645
 0.00709544
  0.0130745
 0.0379371
 0.0246914
 0.0356396
0.00129843
 0.0179756
-0.0132965
  0.0467055
 0.00297633
 -0.0206766
-0.00702209
  0.0160574
 0.00081455
 0.00983424
-0.00555688
  0.0268194
 0.00280199
  0.0152378
  0.0141621
  0.0291568
-0.00128842
 -0.0228252
 0.00125377
0.000663361
-0.00414053
 0.00849809
0.000448582
  0.0525759
-0.00381322
   0.034326
  0.0104803
 0.00931543
 -0.0125603
   0.018838
0.000600435
  0.0178126
  0.0156075
   0.0126198
-0.000296956
 -0.00120334
  0.00651676
  0.00115123
  0.00156132
 -0.0066193
 0.00245125
-0.00969433
 0.00377818
 0.00784132
 0.00567622
  0.0371492
 -0.0440403
-0.00837266
   0.007205
  0.0139054
-0.00199953
 0.00659574
  0.0520618
-0.00417814
-0.00725035
  0.0101401
 0.00443164
  0.0285285
  0.0283276
-0.00198678
-0.00574213
 0.00799217
-0.00512319
 0.00333848
-0.00486146
  0.0334427
-0.00124589
 0.00947117
 0.00807013
  0.0148677
   0.052904
  0.0178572
 0.00103349
   0.012688
-0.00995471
  0.023609
-0.0299366
 0.0312985
0.00102955
  0.016042
0.00400621
  0.0223066
  0.0375978
 -0.0183231
0.000483019
-0.00187335
-0.00507139
 0.0244092
-0.0252942
-0.0310664
0.00356189
0.00332243
0.00247844
  0.0167418
  0.0624565
-0.00413707
  0.0013684
 0.00817721
-0.00633274
  0.0330078
  0.0280652
  0.0413431
-0.00160208
  0.0253296
 -0.0154701
   0.0206432
  0.00897989
-0.000119037
  -0.0021183
  0.00636507
 -0.00399258
  0.0376692
    -0.0207
  0.0178031
-0.00969092
 0.00954664
  0.0018756
 0.0380309
-0.0292629
 0.0067591
0.00869899
 0.0153144
0.00876103
  0.0154202
   0.103367
   0.013649
 -0.0123509
  0.0132063
-0.00565005
  0.0416634
-0.00158843
-0.00764936
-0.00010446
  0.0126229
 -0.0190824
  0.0317913
  0.0332457
  0.0207495
1.72536e-05
  0.0105002
 0.00780761
  0.0240731
-0.00478459
  0.0487058
 0.00239085
  0.0116765
 0.00268966
  0.0129689
 0.00733543
2.98587e-06
 0.00467637
  0.0147443
-0.00621049
0.00323562
 0.0225543
0.00623159
0.00326064
0.00419703
0.00101394
  0.0258755
 0.00385228
 0.00958312
-0.00870169
  0.0168498
-0.00802825
  0.0113935
 -0.0574312
  0.0173221
 0.00823719
  0.0159858
0.000128257
 -0.0091382
-0.00506986
 -0.0110406
 -0.0063043
   0.026781
 0.00505864
 -0.0128119
-0.00680045
 -0.0144771
 0.00451005
 0.00482757
-0.00198128
 0.00574606
-0.00606529
 -0.0188669
 0.00587188
  0.0150795
  0.0116949
  0.0111128
  0.0221584
 -0.0155197
 -0.0110225
0.000250429
 -0.0127948
   0.0132213
  -0.0210134
   0.0204431
  -0.0015567
   0.0204307
-0.000614275
  0.021958
  0.040432
 0.0185034
0.00595377
0.00953716
-0.0126803
  0.0239875
 -0.0315716
  0.0110731
 0.00798584
 0.00800584
-0.00361473
 0.0286894
 0.0198067
-0.0131074
0.00274612
 0.0195185
0.00198389
  0.0120353
  0.0646615
  0.0137496
 -0.0101683
  0.0235793
-0.00597055
  0.0276149
  0.0145904
  0.0142779
-0.00432469
  0.0103616
 -0.0110484
  0.017612
0.00589796
 0.0325022
0.00822023
0.00970452
0.00685625
  0.0212355
  0.0508127
 -0.0470934
 0.00071685
-0.00692483
 -0.0123365
  0.0365049
 -0.0506501
-0.00292249
 0.00486724
 0.00671174
 0.00285238
   0.0231675
   0.0437774
   0.0121187
-0.000855637
   0.0136807
  0.00245462
  0.0117613
   0.011886
 0.00925011
-0.00663683
  0.0159609
 0.00952959
  0.0436951
 -0.0277152
  0.0434232
-0.00571734
  0.0260079
 0.00949861
  0.0144788
  0.0184319
-0.00175083
-0.00100829
  0.0143839
 0.00722485
 0.0289528
-0.0443697
 0.0121092
0.00179003
 0.0166477
 0.0146487
-0.000778808
   0.0388353
  -0.0201535
 -0.00342073
 -0.00710384
 0.000935156
  0.024014
-0.0314256
 0.0358222
0.00429964
 0.0149528
0.00673765
  0.0283954
-0.00538405
  0.0307007
 0.00664792
  0.0149508
-0.00473861
 0.0303696
0.00392167
-0.0112001
0.00871158
 0.0129722
0.00695677
 0.00542404
 0.00313449
 0.00562006
-0.00642024
 0.00925431
 0.00375371
-0.00758846
 -0.0203935
  0.0022079
-0.00112288
  0.0131275
  0.0204366
  0.0293374
-0.00959318
  0.0173793
 0.00196171
  0.0274832
 0.00530383
   0.026976
  0.0449172
  0.0217852
-0.00303051
   0.017132
 -0.0140842
 0.0400559
-0.0199933
 0.0157955
 0.0113128
 0.0107444
0.00170993
 0.00263101
   0.024298
-0.00710886
-0.00233198
-0.00389072
 0.00523719
 0.0163081
 0.0209106
  0.024103
0.00873811
 0.0184247
0.00952339
  0.0243969
-0.00535523
  0.0521963
 0.00576689
  0.0221751
 0.00765872
 0.00586682
  0.0369114
-0.00235516
-0.00770867
0.000717484
  0.0065071
  0.0153656
 0.00417684
 -0.0434575
-0.00953196
  0.0154274
 0.00941845
-0.00449738
 -0.0074479
-0.00429395
-0.00382652
 0.00481485
  0.0171442
   0.014487
  0.0186901
  0.0448273
-0.00185638
  0.0172787
-0.00667237
  0.00505864
   0.0869136
  -0.0120601
  0.00344636
   0.0113264
-0.000279145
 0.0122532
-0.0350005
 0.0101427
 0.0017538
0.00571075
0.00591209
  0.0244091
   0.054915
 -0.0169922
-0.00787205
 0.00858264
  -0.014928
  0.0231215
 0.00739274
  0.0299287
-0.00583103
  0.0136153
-0.00200145
  0.0387335
  0.0462703
  -0.031982
-0.00578303
 0.00246222
 -0.0178751
 0.0140803
-0.0526168
 0.0375663
-0.0110145
 0.0154453
 0.0156504
  0.0191585
  0.0438681
 0.00880822
 0.00410163
  0.0227801
-0.00452338
-0.00832347
   0.028045
-0.00570196
 0.00203234
  0.0151358
0.000397113
  0.0139074
 -0.0415061
-0.00772926
 0.00770931
  0.0147021
  0.0102666
0.00189684
 0.0916318
-0.0143658
0.00521396
0.00940242
-0.0142552
  0.0172748
 0.00470745
-0.00125838
-0.00979585
-0.00287813
 0.00438605
 0.00866721
  0.0335747
 -0.0249145
-0.00727388
  0.0077406
-0.00171476
-0.00324346
 -0.0318526
 -0.0141818
 -0.0117228
  0.0130913
 0.00663102
  0.0536479
 0.00210487
  0.0161211
  0.0108897
  0.0224677
-0.00451927
 0.0501533
 0.0715196
 0.0268401
0.00983904
  0.020503
-0.0128211
  0.022117
 0.0125711
-0.0063481
0.00142689
 0.0210918
 0.0112246
 0.0230306
-0.0539597
 0.0409737
0.00394558
 0.0180909
 0.0170107
  0.0339992
  0.0140869
  0.0113443
-0.00301583
 0.00449968
   0.015081
  0.0201815
-0.00593682
  0.0455175
-0.00375728
  0.0259894
  0.0103138
  0.0178161
 -0.0322119
  0.0104345
-0.00363005
  0.0162723
   0.021612
  0.0323818
  0.0305665
  0.0348548
 0.00133574
 0.00621074
-0.00778794
  0.0233023
  0.0336456
  0.0129176
-0.00382377
 0.00842732
 0.00247841
  0.0216629
  0.0399885
-0.00955806
-0.00936466
  0.0165786
 -0.0152634
  0.039448
 0.0178222
0.00981396
0.00109923
 0.0217463
-0.0130436
  0.00378342
   0.0282132
  -0.0127271
-0.000948054
 -0.00488763
  -0.0030967
   0.033202
 -0.0171441
  0.0582072
 0.00618918
  0.0140985
-0.00243656
  0.0289045
  0.0372995
 -0.0193239
  0.0116945
 0.00433243
-0.00180543
  0.0113068
  0.0134855
0.000431573
-0.00854786
  0.0109524
  0.0136564
  0.0375123
 -0.0191018
 -0.0210472
0.000711032
  0.0211616
 0.00105002
-0.00785305
 -0.0469629
 -0.0133546
-0.00330111
  0.0147049
 0.00624118
  0.0354049
0.000636759
  0.0121108
   0.010567
  0.0196981
 0.00803225
  0.0324657
  0.0303477
  0.0148714
 0.00301473
 0.00882357
-0.00429672
  0.0141758
  0.0362539
 -0.0393765
-0.00846113
  0.0043098
0.000610894
 0.00656554
 -0.0289128
-0.00517456
-0.00332907
 0.00179477
  0.0123399
  0.0384253
  0.0321389
  0.0103952
 0.00946931
  0.0164101
-0.00867234
  0.0282239
  0.0490509
 -0.0022689
 0.00466385
  0.0118808
-0.00109853
 0.0136038
 0.0401487
-0.0268118
0.00320242
0.00483313
 0.0025461
0.000248183
 -0.0286987
 -0.0117741
-0.00618915
 0.00173295
  0.0142083
  0.0177129
 0.00402942
  0.0231946
-0.00743269
  0.0262829
-0.00486356
  0.0296638
   0.114119
0.000158793
-0.00167042
  0.0121994
   -0.02688
  0.0234368
  0.0147045
 -0.0199117
-0.00285062
 0.00680284
 0.00386157
  0.0186904
 -0.0175629
0.000544166
 0.00633107
 0.00815222
 0.00585865
  0.0117725
   0.028957
  0.0260948
 -0.0141723
  0.0127575
-0.00621982
 0.0110788
-0.0128742
0.00536319
-0.0130113
 0.0132814
 0.0212664
   0.024057
 -0.0060517
-0.00290261
-0.00300353
 0.00972868
-0.00777721
  0.0207031
0.000251156
   0.015597
-0.00380292
  0.0162619
  0.0133425
  0.021376
-0.0102546
 0.0421194
 0.0068506
 0.0229341
 0.0101513
  0.0104767
  0.0454215
  0.0135119
 0.00209147
  0.0147478
0.000214924
  0.0123566
-0.00914915
 -0.0369237
-0.00136086
0.000555168
  0.0167885
  0.0048486
  0.0586592
 -0.0644807
-0.00516378
-0.00675545
 -0.0122522
  0.0236377
-0.00359329
 -0.0124666
 0.00030254
  0.0131983
 0.00992218
  0.0123516
  0.0186839
  0.0196102
-0.00363763
  0.0104521
  0.0148569
   0.0199416
  0.00341151
  0.00204963
-0.000151942
   0.0107518
 -0.00147217
   0.034145
  0.0241835
  0.0436817
 0.00639305
  0.0283219
-0.00907885
  0.0227922
  0.0282221
-0.00133995
 0.00908915
 0.00692875
  0.0146843
 -0.00345894
  -0.0209041
   0.0284079
 -0.00382645
  0.00861675
-0.000949998
   0.0301513
  -0.0317031
  0.00783351
-0.000316121
   0.0244977
  0.00933251
  0.0297508
  0.0779139
  0.0137448
-0.00205288
  0.0107014
 -0.0175536
  0.0239748
-0.00595843
  -0.014991
-0.00817984
  0.0184662
 0.00226734
  0.0247999
-0.00842417
  0.0117754
-0.00183142
  0.0251433
 0.00224426
  0.0200408
-0.00668221
 0.00524671
-0.00991702
  0.0169141
  0.0102617
  0.0196223
 -0.0219004
  0.0281367
 -0.0023515
  0.0241921
0.000232746
  0.0106393
    0.03561
 0.00763575
 0.00373394
 0.00727289
0.000308686
   0.0103683
   0.0275321
  0.00761834
-0.000772652
  0.00886983
   0.0133289
  0.0173097
 -0.0395357
 0.00667167
-0.00448318
  0.0134452
  0.0136567
   0.0102549
-2.34542e-06
  -0.0247107
 -0.00430793
   0.0141395
 -0.00168793
 -0.0206056
 0.00749165
-0.00418283
 -0.0130826
 0.00242555
-0.00535341
  -0.010109
  0.0340302
 -0.0322426
-0.00957369
-0.00531667
 0.00979279
0.00851116
 0.0181433
 0.0151097
0.00364183
 0.0155587
0.00582199
   0.0130643
   0.0145383
  -0.0274572
 -0.00527688
-0.000664911
   0.0121582
  0.0177722
 -0.0059249
 0.00502792
-0.00747233
  0.0123512
 -0.0042421
-0.00511613
  0.0500691
 -0.0273617
0.000817841
  0.0167227
0.000828825
 -0.0181179
  0.0162401
  0.0453526
-0.00728776
  0.0140562
 0.00225275
   0.018223
  0.0283525
  -0.011703
-0.00485121
 0.00432771
0.000989378
  0.0465772
  0.0048605
  0.0339066
-0.00124403
  0.0283733
 -0.0118043
  0.0294801
  0.0239334
 -0.0155054
-0.00784441
 0.00921505
-0.00678161
   0.0307778
    0.011141
   0.0336034
-0.000160319
   0.0258353
  0.00864947
  0.0141304
 0.00115209
 0.00763149
-0.00807333
  0.0156194
 0.00117091
  0.0140564
 -0.0167542
  0.0260829
-0.00812652
 0.00650772
 0.00373084
  0.0262234
  0.0382465
 -0.0381105
-0.00649192
 0.00111043
  0.0122889
  0.0201221
-0.00596141
 0.00422147
 0.00186151
  0.0151293
 0.00751162
  0.0446542
 -0.0143233
    -0.0366
 0.00782443
0.000164943
 0.00201907
  0.0223656
  0.0121042
  0.0782563
-0.00150542
  0.0258032
 0.00493695
0.00948051
-0.0144167
 0.0152671
-0.0072773
 0.0144229
 0.0120887
  0.00338802
  0.00364901
   0.0246031
 -0.00178778
   0.0102641
-1.04806e-05
   0.014161
  0.0275096
 -0.0385438
-0.00694425
 0.00420962
-0.00223942
  0.0156359
 -0.0506929
 -0.0058438
-0.00506586
  0.0088642
  0.0169332
  0.0403703
  0.0136026
-0.00264206
 0.00700313
 0.00104304
 -0.0155787
 0.00391934
   0.010381
  0.0148396
-0.00301509
  0.0141971
 0.00440751
 0.00474606
 -0.0306751
-0.00305667
 -0.0103887
 0.00806457
  0.0108239
  0.0270343
  0.0352017
 -0.0229222
-0.00351229
  0.0141321
-0.00727605
   0.0251421
-0.000703946
   0.0165938
-0.000585809
   0.0204584
  0.00971715
   0.0335955
   0.0151169
  -0.0459083
-0.000870186
  0.00583627
 -0.00766917
-0.00568617
 -0.0027722
 0.00862813
-0.00973437
  0.0186546
  -0.012875
 0.00319668
  0.0227157
 -0.0349325
 0.00711375
0.000937714
  0.0029493
  0.0235846
  0.0147747
-0.00524702
-0.00214143
  0.0180408
  0.0102617
-0.00969038
 -0.0133314
 0.00847657
 -0.0162783
 0.00494408
-0.00181704
  0.0307944
  0.0727835
  0.0134356
-0.00757844
  0.0097354
  -0.024161
 0.0512448
  0.038621
 0.0069557
0.00143847
 0.0182691
-0.0099932
 0.00535977
 0.00415835
-0.00409451
 0.00220812
 0.00198455
   0.014937
  0.0226651
 0.00903671
  0.0110269
-0.00919654
  0.0196507
-0.00162991
   0.0194344
   0.0423005
 0.000914467
-0.000213087
   0.0220393
 -0.00561513
  0.0225726
  0.0008676
0.000897106
-0.00352847
  0.0189032
 0.00263211
 0.00419026
  0.0180172
 0.00166499
-0.00716577
  0.0239839
 0.00417739
  0.0185635
 -0.0192518
 -0.0199791
-0.00884056
 0.00310038
-0.00603525
  0.0342241
  0.0130626
 0.00869594
 -0.0021857
  0.0122371
-0.00700449
   0.011656
  0.0387893
  0.0052326
 -0.0126821
  0.0158695
-0.00510683
  0.0111745
 -0.0130954
-0.00474734
-0.00595466
  0.0061112
  0.0147344
  0.0506195
  0.0234186
 0.00100033
 0.00430216
  0.0179989
-0.00955447
  0.0292127
 0.00890974
  0.0301769
0.000453869
   0.023055
 0.00730254
 0.0269484
 0.0279772
 0.0128584
0.00346551
 0.0198321
0.00347782
  0.0361291
 -0.0220439
  0.0156652
-0.00193667
  0.0252326
0.000493065
  0.0419336
  0.0336954
  0.0193546
-0.00577392
  0.0155986
 0.00208531
  0.0266793
-0.00783238
  0.0151688
0.000747453
 0.00836805
 0.00605256
  0.0045659
-0.00267985
 -0.0411905
-0.00666361
  0.0050072
  0.0132791
  -0.012776
 -0.0445648
 -0.0209999
-0.00771095
 0.00278521
  0.0115636
  0.0273858
-0.00177202
  0.0330554
-0.00242804
  0.0177207
0.000369792
 0.0129298
 0.0155082
  0.020362
-0.0101614
 0.0138626
0.00506349
 0.0321542
-0.0242897
 -0.015531
-0.0103068
0.00903016
0.00922438
-3.39944e-06
  0.00879845
  -0.0164873
   -0.010599
    0.030942
 2.59019e-05
  0.0208011
-0.00992919
  0.0140407
-0.00483437
 0.00236481
 0.00862755
 0.00766023
  0.0849598
  0.0409942
-0.00777689
  0.0287819
 -0.0172758
  0.0171318
-0.00205936
  0.0032839
 0.00192627
 0.00896406
   0.009793
   0.0200588
  -0.0242595
 -0.00511896
-0.000357639
   0.0119846
   0.0141934
 -0.0228193
 -0.0101436
 -0.0191151
  -0.014537
 0.00760068
-0.00326199
 0.00282592
 -0.0401068
 0.00246991
-0.00874964
 0.00858142
   0.019323
-0.00546323
  0.0417948
 -0.0420533
-0.00345674
 0.00319991
 0.00964084
 0.0120236
 0.0107166
-0.0221011
0.00123442
0.00261013
 0.0021021
  0.0153706
  0.0149839
-0.00629694
 0.00157953
  0.0210795
 0.00476399
 0.0463204
 0.0315231
-0.0234587
-0.0063785
0.00583788
-0.0127928
    0.01427
  0.0467848
  0.0169523
-0.00416438
  0.0174323
 0.00911252
  0.0360529
  -0.012395
  0.0440247
-0.00255698
  0.0193077
  0.0126561
 0.00716923
  0.0494573
  0.0179026
 -0.0100699
0.000421421
-0.00257478
  0.0521415
  0.0341651
 0.00330898
0.000694373
 0.00862436
 -0.0170702
  0.0288233
  0.0273627
 -0.0209576
-0.00196692
 0.00776654
-0.00830406
0.00499691
 0.0410092
-0.0044867
-0.0102312
 0.0111596
0.00263082
   0.0202145
  0.00168101
 -0.00360374
 -0.00374186
  0.00718395
-0.000416567
   0.0035364
   0.0217138
-0.000334711
  0.00477781
  0.00927715
  0.00649339
   0.0261307
 -0.00516289
   0.0274132
  0.00104872
   0.0145388
-0.000306026
 0.0209796
 0.0701572
-0.0164072
-0.0135043
 0.0147208
-0.0085146
  0.0192958
 -0.0398477
-0.00681615
-0.00424253
 0.00432407
  0.0098651
  0.0199239
  0.0208042
 -0.0121298
-0.00589547
   0.008573
-0.00661801
   0.0189506
-0.000967629
  0.00666977
 -0.00181269
   0.0191575
   0.0119268
 0.0216795
-0.0125141
-0.0157933
0.00495243
  0.018126
 0.0186995
  0.0247056
  0.0462857
     0.0332
-0.00298324
  0.0128839
-0.00425349
  0.0195652
  -0.012339
  0.0317045
 0.00559967
 0.00856945
-0.00498569
  0.0204154
-0.00671333
  0.0467539
-0.00147108
   0.022889
  0.0173859
  0.0341153
  0.0233979
 -0.0110012
 0.00774779
 0.00974162
-0.00645367
 0.00756441
-0.00689322
-0.00944935
-0.00860337
  0.0103285
-0.00881436
 0.00714624
  -0.013425
-0.00373311
-0.00273824
  0.0048857
 0.00514832
    0.037251
   0.0456269
-0.000559215
  0.00335515
   0.0104233
  -0.0124177
  0.0330939
0.000416765
 0.00289764
 0.00343585
  0.0124566
-0.00326722
  0.0225252
-0.00852247
 0.00819592
-0.00221659
 0.00191888
-0.00762468
0.000427644
  0.0352857
 0.00875184
 0.00267801
   0.012968
-0.00514839
  0.0191692
 -0.0110275
-0.00683959
 0.00099077
  0.0120208
  0.0194218
 0.0255371
-0.0027728
0.00770832
-0.0042888
 0.0232508
  0.015876
    0.017532
   0.0410042
-0.000203208
 -0.00464541
   0.0108201
  0.00141302
 0.0197342
0.00336137
0.00402137
-0.0103218
 0.0177671
-0.0104596
  0.0342413
  0.0127157
-0.00116473
-0.00303605
 0.00277012
  0.0048543
   0.016494
  0.0089385
  0.0231711
-0.00833329
  0.0179303
 -0.0121474
   0.0179866
   0.0401927
   0.0444288
 0.000698593
   0.0179114
-0.000327343
  0.0126888
 -0.0189072
   0.012908
0.000153203
  0.0126088
 0.00994594
  0.0215192
 0.00444835
0.000787981
-0.00988203
 0.00930296
-0.00397087
   0.025082
 -0.0013855
 -0.0236089
-0.00271308
  0.0123582
 0.00960598
 0.00613635
 0.00988406
-0.00629338
 0.00245314
 0.00635202
 0.00798644
  0.0267027
  0.0104788
 -0.0123489
 0.00549017
  0.0143598
-0.00556239
  0.0303726
 0.00275203
    0.02085
-0.00389924
 0.00984554
 0.00129077
  0.0224153
 0.00978146
 -0.0313304
-0.00572988
  0.0117339
-0.00237482
  0.0065441
   0.017077
   0.013915
-0.00355064
  0.0160132
 0.00624725
  0.0131381
-0.00318057
  0.0341295
-0.00597394
  0.0161031
-0.00748118
 0.00835529
  0.0724026
-0.00367629
-0.00237173
 0.00677927
-0.00280015
-0.00496261
  0.0204785
 -0.0281894
 -0.0148467
 0.00552841
  0.0145736
  0.0163162
  0.0279386
 -0.0338229
-0.00525515
  0.0160482
 0.00932741
 0.00796302
   0.046506
 0.00677897
-0.00955777
  0.0153477
 0.00219697
 0.0233086
 0.0433307
  -0.03243
0.00550587
0.00536288
0.00237798
  0.0428721
  0.0104189
-0.00508853
-0.00802334
  0.0100128
 -0.0132776
-0.00511628
  0.0117055
-0.00297412
 -0.0194401
 0.00398163
 0.00818685
 0.0337806
-0.0221963
 0.0142127
-0.0075039
0.00600749
-0.0115784
 0.0399595
 0.0254583
 0.0126003
0.00849885
0.00909091
0.00343449
   0.0291826
  0.00762708
  -0.0279648
-0.000704704
  0.00236797
  0.00574474
  0.0170632
 -0.0291861
  0.0136787
-0.00261243
  0.0182907
  0.0108101
-0.00855236
-0.00863645
  0.0144856
 -0.0141778
 0.00912341
  0.0119367
 0.0229192
-0.0358341
 0.0402421
0.00254568
 0.0235186
 0.0109925
  0.0474266
-0.00868142
  0.0234037
-0.00241998
  0.0140882
 -0.0121318
  0.0252302
  0.0242718
-0.00326731
 -0.0121826
    0.01149
-0.00797504
 0.00131404
-0.00516023
  0.0189972
-0.00102043
  0.0131643
 0.00883909
0.00260252
 0.0425147
0.00667793
-0.0112373
 0.0109672
0.00107651
 0.0244023
-0.0166218
 0.0361124
-0.0115446
 0.0215125
0.00933919
 0.0225849
 0.0274083
0.00576716
  -0.01031
 0.0230611
 -0.012179
  0.0206954
 0.00812602
 -0.0357299
-0.00541972
 0.00410444
 0.00279548
 0.00606786
0.000984822
 -0.0109611
-0.00180931
  0.0182626
  0.0104952
  0.0549233
  0.0044541
  0.0104911
 0.00382709
  0.0152753
-0.00535552
  0.0399592
  0.0154049
   0.015465
-0.00148038
  0.0156235
-0.00315925
 0.00190033
  0.0185052
 -0.0128827
-0.00341571
0.000129606
 0.00141934
0.000739601
  0.0328017
  0.0043392
-0.00766919
 0.00817709
 0.00543585
   0.0101848
  0.00153529
   0.0223565
-0.000371239
   0.0217409
  0.00446016
  0.0161107
   0.065547
 0.00928183
-0.00288558
 0.00970745
 -0.0107768
  0.0140505
   0.019609
 -0.0162489
-0.00520351
  0.0061835
 0.00720088
  0.00798442
   -0.017872
  -0.0129914
  -0.0111137
   0.0150421
-0.000956157
    0.01275
  -0.038973
-0.00250758
-0.00903263
 0.00139601
 0.00160177
 0.00852137
  0.0625154
 -0.0317077
  0.0011221
 0.00084771
0.000824639
  0.0190892
  0.0149864
 -0.0199651
-0.00981282
 0.00651227
 0.00101037
  0.0235011
  0.0231557
 -0.0141225
-0.00987609
  0.0130356
 0.00443519
 0.0384516
 0.0309046
 -0.031083
0.00377106
  0.011122
 -0.015206
  0.0120513
  0.0108812
  0.0191687
-0.00705737
  0.0250519
 0.00291915
  0.0166774
0.000711349
  0.0300213
 0.00282495
  0.0265496
0.000684375
  0.0351449
   0.035631
  0.0236163
-0.00660455
   0.001566
 -0.0139499
 0.00485186
-0.00307037
 -0.0078578
0.000408182
 0.00306983
 0.00476276
 0.0117663
-0.0352984
-0.0244794
-0.0160235
0.00456079
 0.0148495
-0.00957313
  0.0318829
  -0.024621
 -0.0111982
 0.00243909
 0.00382806
 0.00552151
 0.00283206
   0.012307
-0.00694987
  0.0124444
 0.00366258
   0.0343358
     0.03251
   0.0106542
  0.00988078
   0.0216296
-3.58619e-05
  0.0129965
 -0.0033659
 -0.0291004
-0.00641744
  0.0045202
  0.0116045
 0.00890111
 -0.0485709
  0.0130363
-0.00610824
    0.00996
 0.00508141
  0.0191982
  0.0152294
0.000463922
-0.00809195
 0.00830679
  0.0182024
   0.0085428
   -0.027949
   0.0371552
-0.000883111
  0.00849222
  0.00776936
  0.0248761
  0.0253902
-0.00335486
 -0.0131495
 0.00322481
 -0.0133361
0.00864128
-0.0197582
-0.0037839
-0.0013474
0.00525415
 0.0128686
  0.0192559
-0.00276844
 0.00113937
-0.00443659
   0.011599
  0.0197898
 0.00678715
  0.0335426
  0.0175185
 -0.0081089
  0.0108408
-0.00173196
  0.0190177
  0.0252264
 0.00361639
-0.00580303
  0.0162182
-0.00937984
 0.00894938
  0.0598266
  -0.029808
-0.00593419
 0.00055804
-0.00707387
   0.0082076
  -0.0178635
  -0.0148738
-0.000864964
  0.00792428
   0.0125911
-0.000556432
   0.0487254
  -0.0120283
  0.00681555
  0.00448535
 -0.00845693
 0.00639444
-0.00988505
-0.00904233
-0.00259675
 0.00998085
  0.0130111
-0.00213672
  0.0178819
 -0.0297581
-0.00281263
 0.00170477
-0.00926302
 0.00364421
-0.00642544
 -0.0110806
 0.00202604
 0.00845818
  0.0133918
   0.0186132
   0.0363847
   -0.021479
-0.000712496
  0.00960208
 0.000160234
 0.00555689
  0.0119872
 0.00262228
-0.00367546
 0.00926222
 0.00662974
  0.0302466
  0.0230009
  0.0460782
 0.00301714
  0.0256739
2.04564e-05
  0.0347514
 0.00141923
 -0.0106544
4.51659e-05
 0.00655283
-0.00985082
 0.0120504
-0.0531714
 0.0377719
-0.0104938
 0.0139521
 0.0270832
 0.0160484
 0.0740413
 0.0105225
-0.0118189
0.00516666
-0.0102922
  0.0145288
-0.00112972
 -0.0237599
-0.00827305
  0.0125299
  -0.003058
 0.0308352
-0.0283087
-0.0404779
-0.0157791
 0.0231539
-0.0055972
-0.00274168
  0.0375419
 -0.0536982
  -0.011641
-0.00651522
-0.00140453
  0.0170075
 -0.0291125
-0.00304778
0.000107896
  0.0106542
  0.0113972
  0.0177868
   0.077881
 0.00975825
  0.0105029
 0.00699383
-0.00746683
 0.00604533
  0.0102375
  0.0115135
8.43887e-05
 0.00648539
 0.00691238
  0.0181067
 -0.0149832
0.000968474
 0.00343467
  0.0151081
  0.0231129
  0.0164654
-0.00866041
  0.0399709
 -0.0114629
  0.0226205
  0.0183165
  0.0346724
 0.00197946
   0.046222
-0.00950741
  0.0241775
-0.00789285
   0.00843
0.00656589
0.00327158
-0.0204346
0.00752683
0.00270046
  0.0321406
-0.00502801
-0.00158026
-0.00118107
 0.00776482
 0.00620667
 0.0134668
 0.0398464
-0.0203649
-0.0113402
 0.0129319
-0.0018905
-0.00559332
 -0.0110024
  0.0500123
-0.00405478
  0.0186035
 0.00251645
   0.0211627
   0.0426224
  -0.0305648
 -0.00170441
-0.000354932
  -0.0114712
0.00364977
 0.0101552
 -0.032132
-0.0113585
 0.0135425
0.00240717
 0.00903471
  0.0048769
 -0.0247355
-0.00524785
 0.00578343
-0.00895182
  0.0150102
  0.0336249
 -0.0104346
   -0.00633
  0.0111028
0.000573571
  0.0205416
 -0.0169899
  0.0273251
-0.00377734
  0.0243083
 0.00953725
  0.0187728
   0.026935
-0.00934096
 0.00270627
  0.0030395
 0.00831734
  0.0176254
-0.00645722
 -0.0292272
  -0.013396
-0.00250973
  0.0180216
  0.0203882
 -0.0167039
 0.00597936
-0.00081014
  0.0147282
 0.00102342
-0.00259356
  0.0106627
 0.00127676
-0.00682684
-0.00130727
-0.00531172
   0.027976
  0.0315647
 0.00925736
 -0.0017015
  0.0103846
-0.00959148
  0.0225778
  0.0290591
  0.0239769
 0.00187336
  0.0222859
-0.00259413
   0.035095
 0.00834595
  0.0116316
-0.00846042
 0.00872086
 -0.0163615
  0.0247071
  0.0265179
 -0.0130999
  -0.010384
 0.00269518
-0.00196055
   0.016946
 0.00681537
 -0.0143206
-0.00676739
 0.00721951
   0.013456
0.00194797
0.00891595
 0.0347256
-0.0164808
 0.0196531
0.00184923
  0.0149604
  0.0620743
 -0.0284421
 0.00203274
  0.0150259
-0.00032337
 0.00153448
 -0.0526371
  0.0188617
-0.00992244
  0.0100957
   0.021962
  0.0291027
  0.0526503
-0.00563615
  -0.015148
  0.0107907
 0.00222233
  0.0416255
 0.00799775
  0.0230455
-0.00261178
  0.0153804
-0.00219318
  0.0296581
  0.0244853
 -0.0120395
 0.00271211
  0.0133469
-0.00722408
   0.0142428
   0.0282974
-0.000404526
 -0.00542717
    0.014971
  0.00486981
  0.0250131
  0.0086827
  0.0290515
-0.00592349
  0.0263636
 0.00716581
  0.0351619
   0.026544
-0.00315067
-0.00801587
  0.0110386
-0.00112575
  0.0068139
-0.00331508
 -0.0190399
-0.00620114
  0.0054515
 0.00811073
  0.0240365
  0.0305018
 -0.0106432
-0.00509728
  0.0170759
-0.00137624
-0.00134436
 -0.0408665
  0.0102787
 -0.0180777
 0.00740188
  0.0234728
  0.0228839
  0.0179532
 0.00586697
-0.00129164
  0.0156628
 0.00343209
  0.0323943
  0.0307242
 0.00592206
 0.00284026
 0.00846165
-0.00635513
  0.0270263
-0.00354155
 -0.0532988
 -0.0180941
0.000397528
 -0.0107158
-0.00302153
  0.0025928
 -0.0356394
 -0.0128814
 0.00219383
 0.00281336
  0.0128517
 -0.0197511
  0.0184684
-0.00386262
  0.0184394
   0.012576
  0.0152156
  0.0778671
0.000263564
-0.00759534
 0.00963381
 -0.0298922
  0.0343919
-0.00649722
-0.00298537
-0.00471718
 0.00393502
-0.00202405
0.00689847
0.00508459
-0.0131365
-0.0122605
0.00770672
 0.0154627
 0.00397925
-0.00817012
  0.0245527
-0.00715532
  0.0157623
  0.0172743
  0.0130599
  0.0253589
  0.0527684
-0.00200304
  0.0250521
 -0.0124564
  0.0216189
 0.00425259
  0.0198108
 -0.0127233
  0.0179106
7.13706e-06
  0.0202202
   0.010898
 0.00141886
-0.00867988
  0.0170459
  0.0159662
 0.00947487
-0.00594034
 -0.0179625
 -0.0097647
  0.0146705
  0.0121713
  0.0316676
 0.00621824
-0.00245479
0.000828279
 0.00473822
0.000822043
  0.0108462
  0.0521358
 -0.0110615
-0.00570823
  0.0142682
-0.00615052
 0.00281071
 -0.0120252
 0.00100297
0.000417985
 0.00483991
  0.0129055
  0.0264908
  0.0287219
-0.00526871
-0.00420242
  0.0134952
-0.00754693
0.00851396
 0.0346324
  0.018295
-0.0100845
 0.0126322
  -0.01807
  0.0149402
-0.00244484
-0.00120129
-0.00544175
 0.00360084
  0.0121812
  0.0202704
-0.00768657
-0.00412095
-2.2737e-05
 0.00325243
 -0.0144901
 0.00644197
  0.0173353
  0.0193793
-0.00361864
  0.0107315
 0.00108932
0.000312486
  0.0340033
   0.004273
 -0.0144231
 0.00656411
 0.00484717
  0.0270278
 -0.0196647
5.79919e-05
-0.00647401
  0.0068725
-0.00359276
  0.0355948
  0.0334665
-0.00750594
-0.00844788
 0.00588532
 -0.0042479
  0.0144954
  0.0274209
-0.00924433
-0.00194615
  0.0113063
  0.0101958
0.00747045
 -0.013739
-0.0190877
0.00674996
 0.0114327
 0.0130966
 0.00957504
 -0.0143926
  0.0154072
-0.00314855
   0.015302
  0.0166399
  0.0166187
  0.0273414
 0.00406707
-0.00341555
  0.0190021
 0.00772103
   0.026052
 0.00414789
-0.00888854
0.000772827
  0.0174287
  0.0110452
  0.0302934
  0.0114106
 -0.0148279
-0.00724967
  0.0130887
-0.00995725
   0.01045
0.00753519
0.00668452
-0.0134047
 0.0081319
 0.0022334
 0.00238707
 0.00739867
  0.0104337
-0.00804824
 0.00523829
  0.0148271
  0.0182678
  0.0190896
 -0.0119624
-0.00767817
  0.0106777
 0.00324597
  0.0114229
   0.020817
-0.00120657
 -0.0140934
 0.00284816
 -0.0196636
 0.0172479
 0.0232743
0.00566099
-0.0102027
 0.0109915
-0.0134631
 0.00347563
 0.00288281
 0.00109194
-0.00171056
 0.00694462
-0.00309809
 0.00509501
  0.0131184
  -0.011965
-0.00703328
-0.00272535
 0.00420227
 0.00266146
  0.0151859
 0.00485032
-0.00757994
 0.00804794
 0.00240579
 0.0221401
 0.0120762
0.00019347
-0.0013938
 0.0157044
0.00640129
  0.0357817
 0.00648581
0.000818275
0.000281864
  0.0131201
-0.00106553
0.00909664
 0.0054278
0.00359098
-0.0054582
 0.0108784
 0.0123959
  0.0103882
 0.00913688
  0.0023199
0.000425996
 0.00924798
-0.00299919
 0.0225696
 0.0105742
0.00468911
0.00186393
 0.0146035
0.00914171
0.000232366
 0.00801737
0.000146765
0.000557975
-0.00273962
-0.00382535
  0.0038339
  0.0013938
  0.0056833
-0.00332074
 0.00860205
 0.00663195
0.00496405
 0.0055763
0.00802585
-0.0038188
 0.0108152
0.00703484
 0.0137656
  0.012564
0.00479147
-0.0025627
 0.0161254
0.00732702
  0.0312391
  0.0165386
 0.00204626
-0.00443249
 0.00287806
-0.00887975
   0.0207554
   0.0178407
-0.000702062
 -0.00615676
   0.0178045
   0.0105791
 0.0227502
0.00999081
0.00366474
0.00335895
 0.0143185
 0.0140455
   0.015175
 0.00535884
 -0.0069691
-0.00507731
 0.00658612
-0.00940536
 0.00485387
 0.00580488
 0.00120094
-0.00246097
 0.00391472
0.000181237
 0.00632319
  0.0083296
-0.00215717
-0.00256249
 0.00360429
-0.00296538
  0.0122514
 0.00905138
-0.00089705
 -0.0111996
 0.00999261
  0.0113119
   0.044679
  0.0126359
-0.00145147
0.000474075
  0.0107327
-0.00522011
   0.0237807
  0.00436339
-7.29311e-05
 -0.00459973
   0.0111254
  0.00781631
  0.0278892
  0.0138551
 0.00343285
-0.00231236
  0.0131638
 0.00366921
  0.0134424
  0.0131467
 0.00339907
-0.00711951
  0.0106801
-0.00447846
  0.0285784
  0.0193381
 0.00322493
-0.00462548
   0.010108
 -0.0126292
  0.0170974
  0.0153198
 0.00336315
-0.00560182
 0.00972999
-0.00742982
   0.039141
  0.0184654
 0.00623984
-0.00409487
  0.0190413
 -0.0224272
   0.0238348
   0.0130627
 -0.00140575
-0.000596407
  0.00502057
  -0.0170342
 0.00839146
 0.00865844
 0.00255977
-0.00400831
  0.0105959
  0.0108293
  0.0268125
 0.00957721
-0.00663992
-0.00247918
  0.0190659
 0.00624996
   0.0126394
   0.0071308
-9.38692e-05
  -0.0114563
   0.0108299
 -0.00151484
  0.0281857
  0.0124284
 0.00346434
-0.00182736
 0.00509495
 0.00871709
 0.00829679
 0.00811574
-0.00105109
 -0.0106039
 0.00760212
 0.00207929
 0.00867413
  0.0161335
 0.00150894
-0.00698324
   0.010594
 0.00515161
 0.00160454
 0.00119518
-0.00317307
 -0.0102718
  0.0010357
  0.0136745
 0.00614783
 0.00843944
 0.00585237
 -0.0115777
0.000928108
  0.0126129
 0.00373811
  0.0107069
 0.00596591
-0.00627426
 0.00891422
 0.00915752
  0.0174566
  0.0135194
 0.00454487
   -0.01235
  0.0207624
0.000657232
  0.0170426
 0.00665649
 0.00214334
-0.00379992
 0.00838213
-0.00107767
 0.00689052
 0.00592034
-0.00661627
6.67302e-05
-0.00203355
0.000558475
   0.0256598
   0.0135605
 -0.00118438
  -0.0106551
   0.0117839
-0.000730973
  0.0105404
 0.00717071
-0.00107631
 -0.0104977
0.000858432
 0.00486762
  0.0317636
  0.0149237
-0.00101194
-0.00173195
  0.0097157
 0.00601198
  0.0253596
 0.00641597
-0.00686137
-0.00313306
 0.00964267
0.000445175
  0.0313523
   0.016193
-0.00128259
-0.00459476
 0.00931093
-0.00834717
  0.0338641
  0.0140405
    -0.0034
-0.00555367
 0.00104253
 0.00428209
  0.0201321
   0.011458
 0.00243028
-0.00525179
  0.0144888
 0.00864633
  0.0130722
 0.00635853
 0.00556905
-0.00244925
  0.0157253
-0.00135768
  0.0244228
  0.0105131
 0.00101804
-0.00511056
  0.0129375
-0.00187254
 0.00992968
  0.0109115
 0.00579606
-0.00470875
  0.0135577
 0.00299031
   0.0161118
   0.0113586
-0.000700919
 -0.00238237
   0.0146681
   0.0152648
  0.0251216
  0.0160067
-0.00129062
-0.00626804
 0.00484146
  -0.011346
-0.00156737
 0.00628535
7.67265e-05
 -0.0053937
-0.00141892
-0.00310427
 0.00374659
 0.00993484
-0.00740061
 -0.0105397
  0.0012138
  0.0146256
 0.00983029
  0.0112756
-0.00302646
 -0.0039276
 0.00922422
  0.0077193
  0.0125352
 0.00858739
-0.00218754
-0.00180902
  0.0119648
-0.00217188
   0.0403602
    0.012202
-0.000672515
  -0.0085374
  0.00671859
  -0.0193029
  0.0119383
 0.00188642
 0.00557404
-0.00429523
 0.00575188
  0.0072251
  0.0296858
  0.0149222
  0.0023863
-0.00297567
 0.00964893
 0.00791124
 0.00515487
 0.00491103
 0.00914033
-0.00255865
    0.01168
 0.00731975
  0.0060151
 0.00995704
 0.00582196
-0.00400564
  0.0109928
 0.00292498
   0.021656
  0.0146071
  0.0025556
0.000269119
  0.0211498
 0.00746254
0.00134156
 0.0116713
0.00138662
-0.0083411
0.00497302
0.00171395
  0.0306077
  0.0195685
-0.00238737
-0.00498427
  0.0168068
 -0.0143193
  0.0271561
  0.0172107
 0.00451794
-0.00380398
   0.025612
-0.00454393
  0.0260816
  0.0123341
 0.00132859
-0.00975892
  0.0209448
  0.0137658
  0.0117774
  0.0117581
-0.00308415
-0.00430629
  0.0105499
 0.00545991
 0.00794321
  0.0106074
 0.00148728
-0.00391276
  0.0100214
 0.00990575
  0.0253499
 0.00668056
 0.00120372
-0.00495657
   0.012765
  0.0137625
 0.00214589
 0.00802268
-0.00749444
-0.00486301
 -0.0108577
  0.0103596
  0.0213309
  0.0149316
 0.00785387
-0.00975517
  0.0217374
-0.00204401
 -0.00174188
  0.00775541
 -0.00192179
-0.000612507
  0.00247833
  0.00322729
   0.0196482
     0.01453
  0.00580662
  0.00475798
   0.0145172
-6.04303e-06
0.00864038
0.00780457
0.00813143
-0.0031117
 0.0135831
 0.0110436
  0.0224006
  0.0108559
0.000198593
-0.00361351
  0.0192216
  0.0094123
 0.00892915
  0.0147258
 0.00136366
-0.00660691
 0.00269753
 0.00103318
   0.0174901
   0.0143436
-0.000539616
 -0.00399881
    0.015443
   0.0209254
  0.0382741
  0.0123471
0.000639095
 -0.0104117
 0.00930688
  -0.010405
0.00928544
 0.0046351
 0.0046012
-0.0024673
0.00413929
0.00792145
   0.031032
  0.0173408
0.000942466
-0.00747711
 0.00970759
-0.00899343
0.00613942
0.00811525
0.00454445
-0.0178717
 0.0153378
0.00414392
  0.0150408
 0.00698878
 0.00141342
-0.00224867
  0.0145798
  0.0147893
  0.0231765
  0.0156517
-0.00113009
-0.00762091
  0.0111222
-0.00433055
0.00659367
0.00747052
0.00524021
0.00193708
0.00904307
-0.0257341
   0.013005
  0.0148889
-0.00742503
-0.00961508
  0.0082477
   0.011222
  0.0160289
  0.0112337
 0.00139252
-0.00667362
  0.0148635
  0.0106739
  0.0235012
  0.0151326
0.000313334
  -0.003929
  0.0203729
 0.00985137
 0.00994162
  0.0107733
-0.00216419
-0.00461606
   0.018043
-0.00557082
  0.0207893
  0.0184109
 0.00263854
0.000278079
   0.021062
 0.00557691
  0.00833701
  0.00809674
-0.000871816
  -0.0104962
  0.00742781
   0.0112457
  0.0232383
  0.0157858
-0.00331199
-0.00338314
  0.0110144
 -0.0043217
   0.0265836
   0.0110781
-0.000959734
  0.00383209
   0.0110452
  0.00722058
  0.0117369
  0.0021355
-0.00124461
-0.00786031
 0.00169918
 0.00277898
  0.0124343
 0.00897434
 0.00338098
-0.00361412
  0.0142865
-0.00256845
  0.0248729
 0.00906734
  0.0056553
-0.00266507
  0.0155529
 0.00783059
  0.0177662
  0.0127684
 0.00359163
-0.00409341
   0.009846
 0.00756659
  0.0337358
  0.0149276
 0.00774455
-0.00602757
  0.0105315
 0.00125733
  0.0072732
     0.0129
 0.00794947
 -0.0108883
  0.0159408
-0.00279449
   0.0172989
   0.0144144
-0.000980391
  -0.0091903
   0.0187284
 0.000415581
 0.00608044
  0.0107882
0.000462976
 0.00910485
 0.00308648
 0.00703697
  0.0108428
  0.0065346
0.000174895
-0.00512852
 0.00258921
 0.00970927
0.00949389
0.00304441
0.00133405
-0.0137729
 0.0158965
 0.0184885
  0.0281052
   0.012186
-0.00459355
-0.00492433
 0.00482123
-0.00219445
  0.0045932
  0.0064842
0.000180073
-0.00858781
 0.00581362
 0.00688441
  0.0262981
  0.0190462
-0.00120725
 -0.0177811
  0.0114032
 -0.0054562
  0.0291639
 0.00821649
3.66648e-06
-0.00113241
 0.00781328
  0.0087569
  0.0342434
  0.0125485
 0.00301871
 -0.0035606
 0.00515547
-0.00896779
  0.0197668
  0.0122724
 0.00677107
-0.00972025
 0.00349452
 0.00544113
  0.0362795
  0.0124694
 0.00194385
-0.00736438
 0.00904562
-0.00391375
   0.0324328
    0.020855
   0.0022036
-0.000692553
  0.00498206
 -0.00846883
  0.0197145
  0.0133772
 0.00363672
-0.00620387
  0.0187791
  0.0100644
 0.0110065
 0.0145327
 0.0047072
-0.0116946
 0.0126028
0.00380928
   0.030713
  0.0185509
 0.00321926
 -0.0112258
  0.0139078
-0.00726062
  0.0295357
  0.0152305
-0.00456524
-0.00259344
  0.0067254
-0.00572867
  0.0189239
  0.0159802
 0.00113596
 -0.0115862
  0.0166479
-0.00486813
   0.03093
 0.0176645
 0.0064591
-0.0084168
0.00822547
-0.0117671
  0.0255413
   0.014278
-0.00234322
-0.00791289
  0.0119614
-0.00562887
  0.0278405
  0.0136461
-0.00229405
-0.00732273
  0.0215609
-0.00252129
  0.0148788
  0.0154428
 0.00445041
 -0.0116402
  0.0115391
-0.00767066
   0.0305686
   0.0201216
 -0.00329295
-0.000294771
  0.00902858
 -0.00564087
   0.0288941
    0.017462
-0.000167296
 -0.00749255
   0.0037139
  -0.0093993
  0.00859553
  0.00681475
-0.000914833
  -0.0118506
  0.00713919
   0.0118831
   0.0103613
  0.00781741
-4.36138e-07
  -0.0128597
  0.00494732
  0.00233993
  0.0263724
  0.0195994
 0.00231399
 -0.0112388
  0.0144837
-0.00128842
 0.00666048
  0.0164291
0.000275205
8.43533e-05
  0.0105727
-0.00668148
  0.017758
 0.0129781
0.00155589
-0.0055892
 0.0163039
 0.0169433
  0.0308298
 0.00929367
 0.00307661
-0.00908408
  0.0173146
-0.00282713
 0.00487304
  0.0053564
-0.00222387
-0.00581315
 0.00559117
-0.00163655
