-1.49029
 1.82378
0.466257
-1.07677
 1.18114
 1.20522
0.380683
-1.49029
 1.82378
0.466257
-1.07677
 1.18114
 1.20522
0.380684
-1.49029
 1.82378
0.466257
-1.07677
 1.18114
 1.20522
0.380685
-1.49029
 1.82378
0.466257
-1.07677
 1.18114
 1.20522
0.380684
-1.49029
 1.82377
0.466251
-1.07677
 1.18115
 1.20522
0.380683
-1.49029
 1.82376
 0.46623
-1.07679
 1.18118
 1.20523
0.380679
 -1.4903
 1.82373
0.466148
-1.07682
 1.18123
 1.20524
0.380656
 -1.4903
 1.82367
0.466013
-1.07691
 1.18134
  1.2053
0.380593
-1.49031
 1.82357
0.465792
-1.07703
 1.18155
 1.20541
0.380478
-1.49032
 1.82346
0.465455
-1.07726
 1.18187
 1.20564
0.380327
-1.49035
 1.82329
 0.46501
-1.07751
 1.18228
 1.20606
0.380135
-1.49036
 1.82308
0.464473
-1.07781
 1.18277
 1.20663
0.379852
-1.49042
 1.82279
0.463834
-1.07814
 1.18333
 1.20725
0.379468
-1.49044
 1.82252
0.463099
-1.07858
 1.18395
 1.20787
 0.37904
 -1.4905
 1.82222
0.462226
-1.07902
 1.18464
 1.20859
0.378561
-1.49052
 1.82184
0.461358
-1.07949
 1.18535
 1.20937
0.378078
-1.49061
 1.82139
0.460419
-1.07991
 1.18609
 1.21012
0.377622
-1.49065
 1.82105
0.459411
-1.08051
 1.18685
 1.21086
0.377153
-1.49071
  1.8207
0.458375
-1.08108
 1.18761
  1.2116
0.376691
-1.49076
 1.82023
0.457446
-1.08156
 1.18832
 1.21232
0.376242
-1.49088
 1.81978
0.456552
  -1.082
   1.189
 1.21298
0.375854
-1.49094
 1.81948
0.455702
-1.08249
 1.18958
 1.21356
0.375534
-1.49107
 1.81922
0.454872
-1.08294
 1.19009
 1.21409
0.375252
-1.49118
 1.81883
0.454217
-1.08316
 1.19054
 1.21454
0.374993
-1.49135
  1.8185
0.453548
-1.08338
 1.19095
 1.21494
0.374756
-1.49143
 1.81824
0.452877
-1.08367
 1.19136
  1.2153
0.374517
-1.49153
 1.81796
 0.45221
 -1.0839
 1.19178
 1.21571
0.374288
 -1.4916
 1.81762
0.451623
-1.08413
 1.19216
 1.21616
0.374073
-1.49173
 1.81725
0.450975
-1.08427
 1.19252
 1.21658
 0.37386
 -1.4918
 1.81704
0.450359
-1.08459
 1.19287
 1.21695
0.373646
-1.49189
 1.81682
0.449754
-1.08483
 1.19324
 1.21732
0.373419
-1.49198
 1.81646
0.449224
-1.08491
 1.19364
 1.21775
0.373164
 -1.4921
 1.81612
0.448644
-1.08501
 1.19406
  1.2182
0.372906
-1.49206
 1.81599
0.448103
-1.08529
 1.19444
 1.21861
0.372653
-1.49212
 1.81576
0.447516
 -1.0854
 1.19484
   1.219
0.372392
-1.49221
 1.81547
0.446926
 -1.0855
 1.19523
  1.2194
 0.37215
-1.49222
 1.81522
0.446389
-1.08565
 1.19562
 1.21984
0.371918
-1.49225
 1.81497
 0.44586
-1.08589
 1.19603
 1.22034
 0.37169
-1.49224
 1.81482
0.445265
-1.08627
 1.19645
 1.22078
0.371454
-1.49228
 1.81463
0.444634
-1.08659
 1.19686
 1.22119
0.371181
 -1.4923
 1.81436
0.444072
-1.08682
 1.19727
 1.22162
0.370884
-1.49232
 1.81415
0.443476
-1.08704
 1.19768
 1.22212
0.370593
-1.49228
 1.81396
0.442923
-1.08737
 1.19807
 1.22259
0.370322
-1.49235
 1.81368
  0.4423
-1.08755
 1.19848
 1.22302
0.370061
-1.49238
 1.81352
0.441642
 -1.0879
 1.19884
 1.22344
0.369812
-1.49237
 1.81335
 0.44105
-1.08825
 1.19923
 1.22392
 0.36956
-1.49241
 1.81315
0.440445
-1.08858
  1.1996
 1.22441
0.369306
-1.49242
 1.81295
0.439899
-1.08887
     1.2
 1.22485
0.369041
-1.49251
 1.81268
0.439319
-1.08911
 1.20042
 1.22528
0.368759
 -1.4925
 1.81244
0.438796
-1.08946
 1.20083
 1.22571
 0.36848
-1.49257
 1.81228
0.438174
-1.08979
 1.20124
 1.22617
0.368238
-1.49267
 1.81209
0.437573
-1.09008
 1.20163
 1.22663
0.367996
-1.49271
 1.81189
0.437096
-1.09033
 1.20204
 1.22705
0.367751
-1.49276
 1.81174
0.436592
-1.09066
 1.20242
 1.22748
0.367508
-1.49277
 1.81154
0.436101
-1.09091
 1.20282
 1.22793
0.367252
-1.49289
 1.81131
0.435485
-1.09103
 1.20321
 1.22839
0.366995
-1.49298
  1.8111
0.434883
-1.09129
 1.20359
 1.22885
0.366735
-1.49304
 1.81095
0.434272
-1.09155
 1.20401
 1.22925
0.366466
-1.49314
 1.81076
 0.43365
-1.09177
 1.20443
 1.22968
 0.36624
-1.49319
 1.81055
  0.4331
-1.09203
 1.20485
 1.23014
0.366026
-1.49333
 1.81031
0.432443
-1.09219
 1.20524
 1.23057
0.365798
-1.49346
 1.81007
0.431763
-1.09238
 1.20563
 1.23098
0.365567
-1.49348
  1.8099
0.431118
-1.09274
 1.20602
  1.2314
0.365321
-1.49356
 1.80965
 0.43047
-1.09299
 1.20641
 1.23184
0.365076
-1.49359
 1.80936
0.429834
-1.09326
 1.20679
 1.23228
0.364822
-1.49369
  1.8091
0.429117
-1.09357
  1.2072
  1.2327
0.364572
-1.49379
 1.80889
 0.42842
-1.09391
 1.20759
  1.2331
0.364331
-1.49382
 1.80866
0.427848
-1.09424
 1.20798
 1.23355
0.364101
-1.49388
  1.8084
 0.42727
-1.09453
 1.20839
 1.23404
0.363887
-1.49387
 1.80816
0.426746
-1.09481
 1.20877
 1.23449
0.363651
-1.49395
 1.80792
0.426138
 -1.0951
 1.20916
 1.23491
0.363399
-1.49404
 1.80766
0.425542
-1.09529
 1.20954
 1.23535
0.363148
-1.49402
 1.80744
 0.42502
-1.09559
 1.20992
 1.23582
0.362891
-1.49403
 1.80723
0.424478
-1.09589
 1.21032
 1.23628
0.362639
 -1.4941
 1.80699
0.423895
-1.09607
 1.21073
 1.23668
0.362403
-1.49406
 1.80681
0.423354
-1.09637
 1.21112
 1.23709
0.362164
-1.49412
 1.80655
 0.42277
-1.09651
 1.21151
 1.23756
0.361936
-1.49417
 1.80634
 0.42218
-1.09666
  1.2119
 1.23801
0.361716
-1.49415
 1.80615
0.421662
-1.09686
 1.21229
 1.23843
0.361475
-1.49419
 1.80594
0.421099
-1.09702
 1.21268
 1.23884
0.361223
-1.49415
 1.80577
0.420598
-1.09725
 1.21306
 1.23924
0.360967
 -1.4942
 1.80555
0.420025
-1.09739
 1.21345
 1.23971
0.360718
-1.49422
 1.80537
0.419471
-1.09762
 1.21381
 1.24016
0.360485
-1.49419
 1.80516
0.418968
-1.09785
 1.21421
 1.24056
0.360267
-1.49423
 1.80496
0.418403
-1.09808
  1.2146
 1.24095
0.360043
-1.49426
 1.80479
0.417811
-1.09836
 1.21499
 1.24139
0.359807
-1.49422
 1.80461
0.417298
-1.09865
 1.21536
 1.24184
0.359582
-1.49426
 1.80443
0.416712
-1.09894
 1.21572
 1.24225
0.359338
-1.49432
 1.80422
0.416082
-1.09916
  1.2161
 1.24265
0.359084
-1.49429
 1.80404
0.415516
-1.09952
 1.21647
 1.24307
0.358837
-1.49429
 1.80385
0.414927
 -1.0998
 1.21684
  1.2435
  0.3586
-1.49435
 1.80367
0.414292
-1.10011
  1.2172
 1.24398
0.358395
-1.49433
 1.80349
 0.41371
 -1.1004
 1.21758
 1.24443
0.358193
-1.49439
 1.80333
 0.41309
-1.10069
 1.21795
 1.24481
0.357988
-1.49449
 1.80314
 0.41251
-1.10093
 1.21831
 1.24519
0.357769
-1.49449
   1.803
0.411977
 -1.1013
 1.21868
 1.24563
0.357544
-1.49453
 1.80283
0.411436
 -1.1016
 1.21904
  1.2461
0.357325
-1.49464
 1.80264
0.410884
 -1.1018
  1.2194
 1.24652
0.357087
-1.49467
 1.80248
0.410377
-1.10213
 1.21976
 1.24689
0.356853
-1.49475
 1.80229
0.409821
-1.10234
 1.22014
 1.24731
0.356624
-1.49482
 1.80213
0.409265
-1.10259
 1.22049
 1.24777
0.356413
-1.49491
 1.80199
0.408716
-1.10285
 1.22087
 1.24821
 0.35621
-1.49489
  1.8019
0.408223
-1.10324
 1.22123
  1.2486
0.356004
-1.49494
 1.80162
0.407717
-1.10332
 1.22161
 1.24904
0.355789
-1.49499
  1.8014
 0.40712
 -1.1035
 1.22196
 1.24951
0.355553
-1.49495
 1.80122
0.406533
 -1.1038
 1.22232
 1.24995
0.355325
-1.49498
 1.80098
0.405924
-1.10395
  1.2227
 1.25036
0.355098
  -1.495
 1.80075
0.405309
-1.10419
 1.22305
 1.25077
0.354864
-1.49497
 1.80051
0.404779
 -1.1044
 1.22342
 1.25121
0.354641
-1.49495
 1.80035
0.404208
-1.10469
 1.22378
 1.25166
0.354438
-1.49501
 1.80013
0.403598
-1.10488
 1.22413
 1.25208
0.354241
 -1.4951
 1.79982
0.403048
-1.10495
 1.22449
  1.2525
0.354043
-1.49509
 1.79959
0.402606
-1.10522
 1.22484
 1.25295
0.353838
-1.49508
 1.79946
0.402129
-1.10556
 1.22519
 1.25338
0.353614
-1.49516
 1.79922
0.401616
-1.10577
 1.22554
  1.2538
0.353378
-1.49517
 1.79906
0.401126
-1.10613
 1.22587
 1.25421
0.353146
-1.49518
 1.79891
0.400612
-1.10645
 1.22623
 1.25462
0.352921
-1.49525
 1.79875
0.400043
-1.10666
 1.22657
 1.25504
0.352695
 -1.4953
 1.79853
0.399508
-1.10679
  1.2269
 1.25549
0.352492
-1.49528
 1.79838
0.399028
-1.10702
 1.22724
 1.25589
0.352291
 -1.4953
 1.79825
0.398512
-1.10721
 1.22757
 1.25623
0.352091
-1.49535
 1.79819
 0.39791
-1.10748
  1.2279
 1.25657
0.351893
-1.49535
 1.79814
0.397348
-1.10773
 1.22824
 1.25695
0.351685
-1.49541
 1.79797
0.396808
-1.10781
  1.2286
  1.2574
0.351462
-1.49549
 1.79784
0.396232
-1.10796
 1.22893
 1.25781
0.351227
-1.49556
 1.79778
0.395644
-1.10823
 1.22927
 1.25817
0.351001
-1.49557
 1.79772
0.395112
-1.10858
 1.22962
 1.25851
 0.35079
-1.49563
  1.7976
0.394558
-1.10881
 1.22997
  1.2589
 0.35059
-1.49574
 1.79739
0.393965
-1.10896
  1.2303
 1.25938
0.350389
 -1.4958
 1.79722
0.393412
-1.10919
 1.23061
 1.25982
  0.3502
 -1.4958
 1.79713
0.392903
-1.10959
 1.23093
 1.26019
0.350005
-1.49585
 1.79699
 0.39237
 -1.1099
 1.23127
 1.26056
0.349809
-1.49595
 1.79676
0.391831
-1.11017
 1.23158
 1.26098
0.349601
-1.49602
 1.79656
0.391309
-1.11047
 1.23192
 1.26144
 0.34939
-1.49601
 1.79646
0.390813
-1.11092
 1.23227
 1.26185
0.349159
-1.49605
 1.79629
0.390308
 -1.1113
 1.23261
 1.26223
0.348931
-1.49617
   1.796
0.389779
-1.11139
 1.23294
 1.26262
0.348731
-1.49623
  1.7958
0.389273
-1.11161
 1.23326
 1.26304
0.348548
-1.49621
 1.79573
0.388799
-1.11191
  1.2336
 1.26348
0.348355
-1.49623
 1.79556
0.388309
-1.11204
 1.23391
  1.2639
0.348163
-1.49627
 1.79544
0.387783
-1.11224
 1.23422
 1.26429
0.347969
-1.49632
 1.79532
0.387255
-1.11246
 1.23454
 1.26466
0.347767
-1.49639
 1.79517
0.386732
-1.11259
 1.23487
 1.26505
0.347563
-1.49638
 1.79496
0.386288
-1.11271
 1.23521
 1.26549
0.347354
 -1.4964
 1.79479
0.385793
-1.11286
 1.23555
  1.2659
0.347141
-1.49647
 1.79465
0.385239
-1.11305
 1.23589
 1.26622
0.346922
-1.49653
 1.79443
0.384723
 -1.1132
 1.23624
 1.26655
0.346721
-1.49651
  1.7943
 0.38425
-1.11344
 1.23655
 1.26692
0.346537
-1.49653
 1.79421
0.383738
-1.11369
 1.23686
 1.26732
0.346355
-1.49658
   1.794
0.383234
-1.11382
 1.23716
 1.26773
0.346164
-1.49666
 1.79379
0.382721
-1.11392
 1.23746
 1.26809
 0.34597
-1.49672
 1.79359
0.382229
-1.11405
 1.23776
 1.26846
0.345764
-1.49672
 1.79347
0.381743
-1.11438
 1.23805
  1.2688
0.345553
-1.49675
  1.7933
0.381247
-1.11467
 1.23838
 1.26917
0.345344
-1.49687
 1.79304
0.380733
-1.11478
  1.2387
 1.26956
 0.34514
-1.49695
 1.79285
 0.38022
-1.11498
 1.23901
 1.26995
 0.34493
-1.49696
 1.79277
0.379744
 -1.1153
 1.23932
  1.2703
0.344727
  -1.497
 1.79264
0.379256
-1.11553
 1.23963
 1.27071
0.344538
-1.49707
 1.79254
0.378729
-1.11574
 1.23993
 1.27112
 0.34437
-1.49715
 1.79235
0.378239
-1.11586
 1.24023
 1.27152
0.344196
-1.49724
 1.79224
 0.37773
-1.11605
 1.24052
  1.2719
0.344005
-1.49724
 1.79217
0.377247
-1.11639
  1.2408
 1.27229
  0.3438
-1.49726
 1.79203
0.376787
-1.11665
 1.24109
 1.27267
0.343594
-1.49731
 1.79194
0.376277
-1.11694
 1.24138
 1.27307
0.343389
-1.49738
 1.79174
0.375795
-1.11716
 1.24168
 1.27349
0.343185
-1.49747
 1.79159
0.375297
-1.11742
 1.24198
 1.27387
0.342986
-1.49747
 1.79141
0.374894
-1.11766
 1.24231
 1.27424
0.342821
-1.49748
 1.79128
 0.37446
-1.11798
 1.24261
 1.27463
0.342657
-1.49752
  1.7911
0.374001
-1.11819
 1.24291
 1.27505
0.342491
-1.49752
 1.79098
0.373558
-1.11844
 1.24321
 1.27543
0.342337
-1.49756
 1.79075
0.373133
-1.11854
 1.24351
 1.27577
0.342184
-1.49764
 1.79058
0.372676
-1.11869
 1.24381
  1.2761
0.342025
-1.49762
  1.7904
0.372293
-1.11885
 1.24409
 1.27645
0.341844
-1.49763
 1.79023
0.371871
-1.11905
 1.24435
 1.27681
0.341657
-1.49766
 1.79005
0.371398
-1.11916
 1.24464
 1.27721
0.341467
-1.49769
 1.78992
0.370867
-1.11939
 1.24491
 1.27756
0.341271
-1.49774
 1.78968
0.370381
 -1.1194
 1.24521
 1.27788
0.341087
-1.49772
 1.78954
0.369957
-1.11956
  1.2455
 1.27818
0.340917
-1.49774
 1.78935
0.369534
-1.11968
 1.24579
 1.27852
 0.34076
-1.49777
 1.78927
0.369008
-1.11984
 1.24606
 1.27891
0.340599
 -1.4978
 1.78912
0.368513
-1.11995
 1.24633
 1.27931
 0.34043
-1.49785
 1.78899
0.368002
-1.12006
 1.24661
 1.27964
0.340258
-1.49791
 1.78884
0.367499
 -1.1201
  1.2469
 1.27995
0.340092
-1.49788
 1.78884
0.367051
-1.12039
 1.24715
 1.28026
0.339925
-1.49791
  1.7887
0.366605
-1.12046
 1.24743
 1.28062
0.339743
-1.49799
 1.78859
0.366112
-1.12057
  1.2477
 1.28102
0.339556
-1.49802
 1.78854
0.365608
-1.12081
 1.24798
 1.28138
0.339364
-1.49805
  1.7884
0.365155
-1.12097
 1.24826
 1.28171
0.339176
-1.49812
 1.78831
0.364652
-1.12114
 1.24851
 1.28201
0.338996
-1.49817
 1.78818
0.364168
-1.12136
 1.24879
 1.28235
0.338835
-1.49816
 1.78814
 0.36374
-1.12165
 1.24906
 1.28271
0.338679
-1.49819
 1.78793
0.363376
 -1.1218
 1.24934
 1.28311
0.338528
-1.49823
 1.78774
0.362928
-1.12201
 1.24962
 1.28347
0.338368
-1.49822
 1.78771
0.362472
-1.12237
 1.24988
 1.28377
0.338198
-1.49828
 1.78759
0.362004
-1.12259
 1.25013
 1.28407
0.338027
-1.49833
 1.78736
0.361573
-1.12266
 1.25041
  1.2844
0.337857
 -1.4983
 1.78726
0.361211
-1.12288
 1.25067
 1.28476
0.337689
-1.49831
 1.78711
0.360884
-1.12303
 1.25093
 1.28514
0.337508
-1.49836
  1.7869
0.360505
-1.12311
 1.25121
 1.28549
0.337327
-1.49837
 1.78679
0.360123
-1.12333
 1.25148
  1.2858
0.337151
-1.49838
 1.78667
0.359721
-1.12349
 1.25175
 1.28612
0.336987
-1.49841
 1.78648
0.359323
 -1.1236
 1.25199
 1.28644
0.336853
-1.49847
 1.78635
0.358919
-1.12369
 1.25225
 1.28678
0.336719
-1.49846
 1.78613
 0.35861
-1.12374
  1.2525
 1.28716
 0.33659
-1.49848
 1.78596
0.358274
-1.12389
 1.25274
  1.2875
0.336457
-1.49852
 1.78582
0.357812
-1.12402
 1.25299
 1.28778
 0.33632
-1.49855
 1.78567
0.357366
-1.12413
 1.25322
 1.28809
 0.33617
-1.49857
 1.78548
0.356954
-1.12426
 1.25345
 1.28845
0.336007
-1.49859
 1.78533
0.356524
-1.12437
 1.25367
 1.28879
0.335841
-1.49865
 1.78515
0.356077
-1.12445
 1.25391
 1.28913
0.335687
-1.49872
 1.78497
0.355616
-1.12456
 1.25415
 1.28946
0.335529
-1.49872
 1.78475
0.355253
-1.12468
  1.2544
  1.2898
0.335366
-1.49874
  1.7847
 0.35482
-1.12501
 1.25464
 1.29011
0.335201
 -1.4988
 1.78456
0.354336
-1.12516
 1.25489
 1.29042
 0.33505
-1.49884
 1.78436
 0.35392
-1.12523
 1.25511
 1.29077
0.334912
-1.49886
  1.7842
0.353487
-1.12537
 1.25534
 1.29109
0.334779
-1.49887
 1.78415
0.353016
-1.12558
 1.25557
 1.29136
0.334652
-1.49891
 1.78406
0.352541
-1.12581
  1.2558
 1.29165
0.334527
  -1.499
 1.78393
0.352121
 -1.1259
 1.25605
 1.29198
0.334397
  -1.499
 1.78382
0.351804
-1.12606
 1.25627
 1.29232
0.334265
-1.49901
 1.78373
0.351484
-1.12622
 1.25652
 1.29265
0.334126
-1.49905
 1.78371
0.351078
-1.12643
 1.25675
 1.29297
0.333964
-1.49907
 1.78366
0.350691
-1.12667
 1.25697
 1.29326
0.333799
-1.49909
  1.7835
0.350355
-1.12685
  1.2572
 1.29356
0.333633
 -1.4991
 1.78341
 0.35001
 -1.1271
 1.25743
 1.29383
0.333482
-1.49912
 1.78324
0.349679
-1.12729
 1.25768
 1.29416
0.333328
-1.49914
 1.78308
0.349329
 -1.1275
  1.2579
 1.29449
0.333173
 -1.4992
 1.78301
0.348935
-1.12776
 1.25812
 1.29481
0.333033
-1.49915
 1.78293
0.348628
-1.12807
 1.25835
  1.2951
0.332904
-1.49916
 1.78273
0.348311
-1.12819
  1.2586
 1.29538
0.332775
-1.49917
 1.78259
0.347929
-1.12834
 1.25881
 1.29563
0.332652
-1.49916
 1.78243
0.347557
-1.12842
 1.25903
 1.29589
0.332533
-1.49915
 1.78227
0.347171
-1.12853
 1.25924
  1.2962
0.332407
-1.49915
 1.78206
0.346793
 -1.1286
 1.25948
 1.29651
0.332283
-1.49915
 1.78192
0.346369
-1.12878
 1.25972
 1.29678
0.332149
-1.49915
 1.78179
0.345964
-1.12895
 1.25994
 1.29704
0.332004
-1.49917
 1.78157
0.345566
-1.12899
 1.26017
 1.29729
0.331859
-1.49919
 1.78141
0.345172
-1.12911
 1.26038
 1.29751
0.331704
-1.49916
 1.78123
0.344817
-1.12915
 1.26062
 1.29774
0.331544
-1.49914
 1.78112
0.344443
 -1.1293
 1.26081
 1.29801
0.331397
-1.49917
 1.78097
0.344039
-1.12939
 1.26103
 1.29831
0.331265
-1.49918
 1.78079
0.343668
-1.12944
 1.26125
 1.29864
0.331138
-1.49919
 1.78067
0.343319
-1.12956
 1.26145
 1.29897
0.331015
 -1.4992
 1.78057
0.342979
-1.12968
 1.26164
 1.29924
0.330899
-1.49924
 1.78042
0.342632
-1.12972
 1.26184
 1.29946
0.330776
-1.49926
 1.78033
0.342293
-1.12987
 1.26203
  1.2997
0.330665
-1.49928
 1.78025
0.341952
-1.13002
 1.26222
 1.29998
0.330555
-1.49935
 1.78012
0.341607
-1.13006
 1.26241
 1.30027
 0.33044
-1.49941
 1.78006
0.341252
-1.13023
 1.26259
 1.30059
0.330328
 -1.4994
    1.78
0.340999
-1.13042
 1.26279
  1.3009
0.330207
-1.49944
  1.7799
0.340726
-1.13051
 1.26299
 1.30116
0.330086
-1.49949
 1.77984
0.340416
-1.13067
 1.26318
 1.30139
0.329958
-1.49952
 1.77978
0.340124
-1.13086
  1.2634
 1.30163
0.329831
-1.49957
 1.77968
0.339832
-1.13093
  1.2636
 1.30187
0.329696
-1.49961
 1.77962
0.339545
 -1.1311
 1.26378
 1.30215
 0.32955
-1.49964
 1.77958
0.339258
-1.13128
 1.26397
 1.30244
0.329403
-1.49967
 1.77951
0.338962
-1.13145
 1.26415
 1.30275
0.329267
-1.49972
 1.77943
0.338652
-1.13155
 1.26434
 1.30304
0.329158
-1.49973
 1.77938
0.338336
-1.13173
 1.26452
 1.30328
0.329058
-1.49974
 1.77932
0.337995
-1.13188
  1.2647
 1.30348
0.328959
-1.49978
 1.77926
0.337621
-1.13205
 1.26487
 1.30367
0.328851
-1.49984
 1.77919
0.337262
-1.13221
 1.26503
 1.30388
0.328744
-1.49984
 1.77909
0.336959
-1.13235
 1.26518
 1.30411
0.328638
-1.49983
 1.77902
0.336637
-1.13255
 1.26535
 1.30438
0.328535
-1.49986
 1.77892
0.336276
 -1.1327
 1.26553
 1.30464
0.328429
-1.49984
  1.7789
0.335914
-1.13292
 1.26569
  1.3049
0.328323
-1.49983
 1.77888
0.335561
-1.13316
 1.26585
 1.30513
0.328209
-1.49985
  1.7787
0.335289
-1.13314
 1.26601
 1.30535
0.328092
-1.49984
 1.77859
 0.33502
-1.13324
 1.26619
 1.30556
0.327978
-1.49983
 1.77851
0.334713
-1.13334
 1.26636
 1.30576
0.327859
-1.49983
 1.77839
0.334441
 -1.1334
 1.26653
 1.30599
0.327742
-1.49982
 1.77828
0.334151
-1.13349
 1.26672
 1.30623
0.327627
-1.49982
 1.77816
0.333865
-1.13356
 1.26693
  1.3065
0.327505
 -1.4998
  1.7781
0.333564
-1.13368
 1.26711
 1.30677
 0.32738
-1.49979
 1.77799
0.333275
-1.13376
 1.26729
   1.307
0.327257
-1.49982
 1.77778
0.333016
-1.13368
  1.2675
 1.30723
0.327151
-1.49983
 1.77764
0.332744
-1.13374
 1.26766
 1.30744
0.327057
-1.49979
 1.77758
0.332528
-1.13388
 1.26783
 1.30764
0.326973
-1.49978
 1.77752
0.332284
-1.13403
 1.26799
 1.30786
0.326884
-1.49982
 1.77748
0.332021
-1.13416
 1.26814
 1.30808
0.326793
-1.49983
 1.77734
0.331789
-1.13417
 1.26832
 1.30832
  0.3267
-1.49984
 1.77724
 0.33154
-1.13422
 1.26848
 1.30856
0.326609
-1.49983
 1.77722
0.331278
-1.13437
 1.26862
 1.30879
0.326511
-1.49984
 1.77722
0.330993
-1.13456
 1.26877
 1.30902
0.326412
-1.49984
 1.77722
0.330749
-1.13477
 1.26891
 1.30924
0.326309
-1.49985
 1.77715
0.330516
-1.13484
 1.26907
 1.30944
0.326203
-1.49985
 1.77709
0.330285
-1.13491
 1.26921
 1.30963
 0.32609
-1.49985
 1.77715
0.329986
-1.13512
 1.26935
 1.30981
0.325985
-1.49985
 1.77717
0.329693
 -1.1353
 1.26949
 1.31002
0.325878
-1.49986
 1.77709
0.329413
 -1.1354
 1.26966
 1.31026
0.325768
-1.49986
 1.77704
0.329126
-1.13556
 1.26982
 1.31048
0.325673
-1.49986
 1.77707
0.328808
-1.13579
 1.26998
 1.31068
0.325593
-1.49986
 1.77706
0.328533
-1.13596
 1.27015
 1.31088
0.325521
 -1.4999
 1.77699
0.328273
  -1.136
 1.27033
 1.31108
0.325452
-1.49995
 1.77694
0.328035
  -1.136
 1.27046
 1.31127
0.325378
-1.49992
 1.77699
0.327836
-1.13614
 1.27058
 1.31146
0.325305
 -1.4999
 1.77702
0.327617
-1.13632
 1.27069
 1.31166
0.325231
-1.49995
  1.7769
0.327396
-1.13627
 1.27081
 1.31189
0.325158
-1.49997
 1.77682
 0.32717
-1.13632
 1.27089
 1.31211
 0.32509
-1.49997
 1.77681
 0.32692
-1.13648
   1.271
 1.31229
0.325022
-1.49998
 1.77667
0.326711
 -1.1365
 1.27109
 1.31242
0.324961
-1.49999
 1.77665
0.326485
-1.13663
 1.27119
 1.31254
0.324905
-1.49999
  1.7766
 0.32627
-1.13672
  1.2713
 1.31268
 0.32485
-1.50002
 1.77646
0.326086
-1.13665
  1.2714
 1.31282
0.324793
-1.50002
 1.77638
0.325895
 -1.1367
  1.2715
 1.31296
0.324717
-1.50004
 1.77632
0.325674
-1.13678
 1.27164
 1.31306
0.324618
-1.50005
 1.77623
0.325456
-1.13682
 1.27176
 1.31319
0.324506
-1.50006
 1.77616
0.325231
-1.13689
 1.27187
 1.31339
0.324393
-1.50009
   1.776
0.325028
-1.13683
 1.27202
 1.31363
0.324278
-1.50009
 1.77593
0.324803
-1.13688
 1.27217
 1.31385
0.324161
-1.50009
 1.77597
0.324568
-1.13705
  1.2723
 1.31405
0.324053
-1.50011
 1.77593
0.324363
 -1.1371
 1.27243
 1.31428
0.323944
-1.50013
 1.77591
0.324153
-1.13719
 1.27255
 1.31448
0.323864
-1.50014
 1.77582
0.323978
-1.13719
 1.27269
 1.31469
0.323799
-1.50014
 1.77583
0.323776
-1.13732
 1.27282
 1.31484
0.323745
-1.50015
 1.77583
 0.32355
-1.13742
 1.27297
 1.31493
0.323695
-1.50016
 1.77578
 0.32335
-1.13749
 1.27311
 1.31504
0.323642
 -1.5002
 1.77578
0.323112
-1.13758
 1.27324
 1.31516
0.323588
-1.50024
 1.77574
0.322899
-1.13765
 1.27338
 1.31527
0.323534
-1.50023
 1.77574
0.322753
-1.13776
 1.27351
 1.31537
0.323481
-1.50026
 1.77568
0.322599
-1.13778
 1.27365
  1.3155
0.323427
-1.50029
 1.77569
0.322398
-1.13785
 1.27374
 1.31567
0.323373
-1.50029
 1.77567
0.322236
-1.13792
 1.27383
 1.31586
0.323326
-1.50031
 1.77563
0.322078
-1.13795
  1.2739
 1.31604
0.323281
-1.50032
 1.77548
0.321942
-1.13786
 1.27398
 1.31623
0.323232
-1.50032
 1.77551
0.321774
-1.13795
 1.27404
  1.3164
 0.32318
-1.50033
 1.77546
0.321631
 -1.1379
 1.27412
 1.31657
 0.32313
-1.50033
 1.77535
0.321499
-1.13786
  1.2742
 1.31671
0.323081
-1.50033
 1.77539
 0.32135
  -1.138
 1.27427
 1.31682
0.323027
-1.50035
 1.77524
0.321227
 -1.1379
 1.27436
 1.31695
 0.32297
-1.50036
 1.77509
0.321082
-1.13789
 1.27443
 1.31705
0.322913
-1.50036
 1.77503
0.320881
-1.13805
 1.27451
 1.31715
0.322856
-1.50036
 1.77489
0.320697
-1.13809
  1.2746
 1.31727
0.322789
-1.50037
 1.77479
0.320486
-1.13826
 1.27467
 1.31738
0.322729
-1.50038
 1.77458
0.320307
-1.13828
 1.27478
  1.3175
0.322674
-1.50039
  1.7745
0.320101
-1.13841
 1.27486
 1.31764
0.322619
-1.50038
 1.77441
0.319929
-1.13851
 1.27497
 1.31782
0.322562
-1.50039
 1.77442
0.319729
-1.13863
 1.27505
 1.31798
  0.3225
 -1.5004
 1.77432
0.319588
-1.13865
 1.27513
 1.31817
0.322436
-1.50042
 1.77418
 0.31944
-1.13862
 1.27522
  1.3183
 0.32237
-1.50041
 1.77418
0.319268
-1.13869
  1.2753
 1.31839
  0.3223
-1.50041
 1.77412
0.319114
 -1.1387
 1.27539
  1.3185
0.322225
 -1.5004
 1.77419
0.318946
-1.13878
 1.27544
 1.31857
0.322151
-1.50042
  1.7741
0.318826
-1.13872
 1.27551
 1.31866
0.322081
-1.50041
 1.77407
0.318721
-1.13876
 1.27558
 1.31873
0.322013
-1.50041
  1.7741
0.318569
-1.13883
 1.27568
 1.31879
0.321947
-1.50041
 1.77411
0.318421
-1.13894
 1.27576
 1.31884
 0.32188
 -1.5004
 1.77411
0.318306
  -1.139
 1.27584
 1.31891
0.321817
-1.50041
 1.77408
0.318222
-1.13904
 1.27594
 1.31898
 0.32178
 -1.5004
 1.77402
 0.31814
-1.13906
 1.27601
 1.31905
0.321752
-1.50038
 1.77408
0.318039
-1.13925
 1.27607
 1.31913
0.321729
-1.50037
 1.77406
0.317948
-1.13935
 1.27616
 1.31925
0.321705
-1.50037
 1.77403
0.317874
-1.13947
 1.27624
  1.3194
0.321681
-1.50037
 1.77403
0.317783
-1.13953
  1.2763
 1.31955
0.321658
-1.50036
 1.77402
0.317706
-1.13958
 1.27639
 1.31972
0.321635
-1.50036
 1.77401
 0.31762
-1.13962
 1.27647
 1.31985
 0.32161
-1.50038
 1.77403
0.317506
-1.13968
 1.27653
 1.31997
0.321586
-1.50039
 1.77406
0.317384
 -1.1398
  1.2766
 1.32009
0.321564
-1.50036
 1.77398
0.317361
-1.13977
 1.27668
  1.3202
 0.32154
-1.50034
 1.77405
0.317272
-1.13992
 1.27675
 1.32025
0.321513
-1.50038
 1.77403
0.317137
-1.13993
 1.27684
 1.32028
0.321485
-1.50038
 1.77394
0.317049
-1.13984
 1.27689
 1.32029
0.321458
-1.50038
 1.77388
0.316939
-1.13986
 1.27695
 1.32033
0.321435
-1.50036
 1.77393
0.316808
-1.13991
 1.27698
 1.32036
0.321412
-1.50037
  1.7739
0.316686
-1.13987
 1.27702
 1.32039
0.321391
-1.50037
 1.77381
0.316593
-1.13982
 1.27706
 1.32042
0.321371
-1.50037
 1.77374
0.316486
-1.13982
  1.2771
 1.32046
0.321345
-1.50038
 1.77372
0.316349
-1.13982
 1.27714
 1.32049
0.321312
-1.50038
 1.77372
0.316222
-1.13992
 1.27717
 1.32053
0.321278
-1.50039
 1.77364
0.316153
-1.13993
 1.27721
 1.32062
0.321248
-1.50041
 1.77351
0.316093
-1.13986
 1.27725
 1.32071
0.321222
-1.50042
 1.77339
0.316039
-1.13988
 1.27729
 1.32079
  0.3212
-1.50042
 1.77337
0.315958
-1.14003
 1.27733
 1.32083
0.321178
-1.50042
 1.77333
0.315885
-1.14017
 1.27737
 1.32087
0.321157
-1.50044
 1.77319
0.315857
-1.14021
 1.27741
 1.32095
0.321132
-1.50045
 1.77308
0.315833
 -1.1403
 1.27744
 1.32101
0.321104
-1.50045
 1.77299
0.315798
-1.14038
 1.27749
 1.32107
0.321076
-1.50045
 1.77301
0.315753
-1.14054
 1.27751
 1.32111
0.321048
-1.50046
 1.77295
0.315724
-1.14057
 1.27755
 1.32117
0.321016
-1.50046
 1.77291
0.315701
-1.14061
 1.27758
 1.32125
0.320982
-1.50047
 1.77289
0.315672
-1.14061
  1.2776
 1.32131
 0.32095
-1.50046
  1.7729
0.315644
-1.14062
 1.27764
 1.32137
0.320921
-1.50047
 1.77287
0.315624
-1.14063
 1.27768
 1.32144
0.320893
-1.50048
  1.7728
0.315592
-1.14058
  1.2777
 1.32153
0.320868
-1.50047
 1.77285
0.315528
-1.14068
 1.27772
 1.32161
0.320841
-1.50048
 1.77285
0.315472
-1.14067
 1.27775
 1.32165
0.320817
-1.50048
 1.77283
0.315418
-1.14065
 1.27778
  1.3217
0.320793
-1.50048
 1.77283
0.315381
-1.14065
  1.2778
 1.32172
0.320771
-1.50048
 1.77284
0.315338
-1.14067
 1.27781
 1.32173
0.320751
-1.50048
 1.77283
0.315297
-1.14067
 1.27783
 1.32174
 0.32073
 -1.5005
  1.7728
0.315259
-1.14064
 1.27784
 1.32175
0.320709
-1.50049
 1.77281
0.315227
-1.14068
 1.27786
 1.32175
0.320687
 -1.5005
 1.77277
 0.31519
-1.14065
 1.27788
 1.32175
0.320667
 -1.5005
 1.77273
0.315168
-1.14063
 1.27789
 1.32176
0.320654
 -1.5005
 1.77276
0.315116
-1.14072
 1.27789
 1.32177
0.320652
-1.50051
 1.77276
0.315077
-1.14077
  1.2779
 1.32177
0.320653
-1.50051
 1.77271
0.315064
-1.14078
 1.27791
 1.32177
0.320652
-1.50051
  1.7727
0.315036
-1.14081
 1.27791
 1.32177
0.320652
-1.50051
 1.77269
0.315011
-1.14084
 1.27792
 1.32177
0.320652
-1.50051
 1.77268
0.314992
-1.14087
 1.27792
 1.32177
0.320652
-1.50052
 1.77267
0.314971
 -1.1409
 1.27793
 1.32177
0.320652
-1.50052
 1.77267
0.314976
-1.14093
 1.27793
 1.32177
0.320652
-1.50052
 1.77266
0.314973
-1.14096
 1.27793
 1.32177
0.320652
-1.50052
 1.77265
 0.31498
-1.14097
 1.27793
 1.32177
0.320652
-1.50052
 1.77265
0.314986
-1.14098
 1.27793
 1.32177
0.320652
-1.50052
 1.77265
 0.31499
-1.14097
 1.27793
 1.32177
0.320652
-1.50052
 1.77264
0.314993
-1.14097
 1.27793
 1.32177
0.320652
-1.50052
 1.77264
0.314996
-1.14096
 1.27793
 1.32177
0.320652
-1.50052
 1.77263
0.314999
-1.14095
 1.27793
 1.32177
0.320652
-1.50052
 1.77263
0.315002
-1.14094
 1.27793
 1.32177
0.320652
-1.50052
 1.77262
0.315003
-1.14093
 1.27793
 1.32177
0.320652
-1.50052
 1.77261
0.315003
-1.14091
 1.27793
 1.32177
0.320651
-1.50052
  1.7726
0.315003
-1.14089
 1.27793
 1.32177
0.320651
-1.50052
  1.7726
0.315002
-1.14088
 1.27793
 1.32177
0.320651
-1.50052
 1.77259
0.315002
-1.14086
 1.27793
 1.32177
0.320651
-1.50052
 1.77258
0.315002
-1.14085
 1.27793
 1.32177
0.320651
-1.50052
 1.77258
0.315002
-1.14084
 1.27793
 1.32177
0.320651
-1.50052
 1.77257
0.315002
-1.14083
 1.27793
 1.32177
0.320651
-1.50052
 1.77257
0.315003
-1.14082
 1.27793
 1.32177
0.320651
-1.50052
 1.77256
0.315003
 -1.1408
 1.27793
 1.32177
0.320651
-1.50052
 1.77256
0.315004
-1.14079
 1.27793
 1.32177
0.320651
-1.50052
 1.77256
0.315004
-1.14078
 1.27793
 1.32177
0.320651
-1.50052
 1.77255
0.315004
-1.14077
 1.27793
 1.32177
0.320651
-1.50052
 1.77255
0.315004
-1.14076
 1.27793
 1.32177
0.320651
-1.50052
 1.77254
0.315004
-1.14075
 1.27793
 1.32177
0.320651
-1.50052
 1.77254
0.315004
-1.14074
 1.27793
 1.32177
0.320651
-1.50052
 1.77254
0.315004
-1.14074
 1.27793
 1.32177
0.320651
-1.50052
 1.77253
0.315003
-1.14073
 1.27793
 1.32177
0.320651
-1.50052
 1.77253
0.315004
-1.14073
 1.27793
 1.32177
 0.32065
-1.50052
 1.77252
0.315004
-1.14072
 1.27793
 1.32177
 0.32065
-1.50052
 1.77252
0.315004
-1.14072
 1.27793
 1.32177
 0.32065
-1.50052
 1.77252
0.315004
-1.14072
 1.27793
 1.32177
 0.32065
-1.50052
 1.77252
0.315004
-1.14071
 1.27793
 1.32177
 0.32065
-1.50052
 1.77252
0.315004
 -1.1407
 1.27793
 1.32177
 0.32065
-1.50052
 1.77252
0.315004
 -1.1407
 1.27793
 1.32177
 0.32065
-1.50052
 1.77251
0.315004
 -1.1407
 1.27793
 1.32177
 0.32065
-1.50052
 1.77251
0.315004
 -1.1407
 1.27793
 1.32177
 0.32065
-1.50052
 1.77251
0.315004
-1.14071
 1.27793
 1.32177
 0.32065
-1.50052
 1.77251
0.315004
-1.14071
 1.27793
 1.32177
 0.32065
-1.50052
 1.77251
0.315004
-1.14072
 1.27793
 1.32177
 0.32065
-1.50052
 1.77251
0.315004
-1.14072
 1.27793
 1.32177
 0.32065
-1.50052
 1.77251
0.315004
-1.14072
 1.27793
 1.32177
 0.32065
-1.50052
 1.77251
0.315004
-1.14073
 1.27793
 1.32177
 0.32065
-1.50052
 1.77251
0.315004
-1.14073
 1.27793
 1.32177
 0.32065
-1.50052
 1.77251
0.315004
-1.14073
 1.27793
 1.32177
 0.32065
-1.50052
 1.77251
0.315004
-1.14073
 1.27793
 1.32177
0.320649
-1.50052
 1.77251
0.315004
-1.14073
 1.27793
 1.32177
0.320649
-1.50052
 1.77251
0.315004
-1.14073
 1.27793
 1.32177
0.320649
-1.50052
 1.77251
0.315004
-1.14073
 1.27793
 1.32177
0.320649
-1.50052
 1.77251
0.315004
-1.14073
 1.27793
 1.32177
0.320649
-1.50052
 1.77251
0.315004
-1.14073
 1.27793
 1.32177
0.320649
-1.50052
 1.77251
0.315004
-1.14073
 1.27793
 1.32177
0.320649
-1.50052
 1.77251
0.315004
-1.14073
 1.27793
 1.32177
0.320649
-1.50052
 1.77251
0.315003
-1.14073
 1.27793
 1.32177
0.320649
-1.50052
 1.77251
0.315003
-1.14073
 1.27793
 1.32177
0.320649
-1.50052
 1.77251
0.315003
-1.14073
 1.27793
 1.32177
0.320649
-1.50052
 1.77251
0.315003
-1.14073
 1.27793
 1.32177
0.320648
-1.50052
 1.77251
0.315004
-1.14073
 1.27793
 1.32177
0.320649
-1.50052
 1.77251
0.315004
-1.14073
 1.27793
 1.32177
0.320648
-1.50052
 1.77251
0.315004
-1.14073
 1.27793
 1.32177
0.320648
-1.50052
 1.77251
0.315005
-1.14073
 1.27793
 1.32177
0.320648
-1.50052
 1.77251
0.315005
-1.14073
 1.27793
 1.32177
0.320648
-1.50052
 1.77251
0.315005
-1.14073
 1.27793
 1.32177
0.320648
-1.50052
 1.77251
0.315005
-1.14073
 1.27793
 1.32177
0.320648
-1.50052
 1.77251
0.315005
-1.14073
 1.27793
 1.32177
0.320648
-1.50052
 1.77251
0.315004
-1.14073
 1.27793
 1.32177
0.320648
-1.50052
 1.77251
0.315004
-1.14073
 1.27793
 1.32177
0.320648
-1.50052
 1.77251
0.315004
-1.14073
 1.27793
 1.32177
0.320648
-1.50052
 1.77251
0.315004
-1.14073
 1.27793
 1.32177
0.320648
-1.50052
 1.77251
0.315004
-1.14073
 1.27793
 1.32177
0.320648
-1.50052
 1.77251
0.315004
-1.14073
 1.27793
 1.32177
0.320648
-1.50052
 1.77251
0.315004
-1.14073
 1.27793
 1.32177
0.320648
-1.50052
 1.77251
0.315004
-1.14073
 1.27793
 1.32177
0.320648
-1.50052
 1.77251
0.315005
-1.14073
 1.27793
 1.32177
0.320648
-1.50052
 1.77251
0.315004
-1.14073
 1.27793
 1.32177
0.320648
-1.50052
 1.77251
0.315004
-1.14073
 1.27793
 1.32177
0.320648
-1.50052
 1.77251
0.315004
-1.14073
 1.27793
 1.32177
0.320648
-1.50052
 1.77251
0.315004
-1.14073
 1.27793
 1.32177
0.320648
-1.50052
 1.77251
0.315004
-1.14073
 1.27793
 1.32177
0.320648
-1.50052
 1.77251
0.315004
-1.14073
 1.27793
 1.32177
0.320647
-1.50052
 1.77251
0.315004
-1.14073
 1.27793
 1.32177
0.320648
-1.50052
 1.77251
0.315005
-1.14073
 1.27793
 1.32177
0.320647
-1.50052
 1.77251
0.315005
-1.14073
 1.27793
 1.32177
0.320647
-1.50052
 1.77251
0.315005
-1.14073
 1.27793
 1.32177
0.320647
-1.50052
 1.77251
0.315005
-1.14073
 1.27793
 1.32177
0.320647
-1.50052
 1.77251
0.315005
-1.14073
 1.27793
 1.32177
0.320647
-1.50052
 1.77251
0.315005
-1.14073
 1.27793
 1.32177
0.320647
-1.50052
 1.77251
0.315004
-1.14073
 1.27793
 1.32177
0.320647
-1.50052
 1.77251
0.315004
-1.14073
 1.27793
 1.32177
0.320647
-1.50052
 1.77251
0.315004
-1.14073
 1.27793
 1.32177
0.320647
-1.50052
 1.77251
0.315004
-1.14073
 1.27793
 1.32177
0.320647
-1.50053
 1.77251
0.315004
-1.14073
 1.27793
 1.32177
0.320647
-1.50053
 1.77251
0.315004
-1.14073
 1.27793
 1.32177
0.320647
-1.50053
 1.77251
0.315005
-1.14073
 1.27793
 1.32177
0.320647
-1.50053
 1.77251
0.315005
-1.14073
 1.27793
 1.32177
0.320647
-1.50053
 1.77251
0.315005
-1.14073
 1.27793
 1.32177
0.320647
-1.50053
 1.77251
0.315005
-1.14073
 1.27793
 1.32177
0.320647
-1.50053
 1.77251
0.315005
-1.14073
 1.27793
 1.32177
0.320647
-1.50053
 1.77251
0.315005
-1.14073
 1.27793
 1.32177
0.320647
-1.50053
 1.77251
0.315005
-1.14073
 1.27793
 1.32177
0.320647
-1.50053
 1.77251
0.315005
-1.14073
 1.27793
 1.32177
0.320647
-1.50053
 1.77251
0.315005
-1.14073
 1.27793
 1.32177
0.320647
-1.50053
 1.77251
0.315004
-1.14073
 1.27793
 1.32177
0.320647
-1.50053
 1.77251
0.315005
-1.14073
 1.27793
 1.32177
0.320647
-1.50053
 1.77251
0.315005
-1.14073
 1.27793
 1.32177
0.320647
-1.50053
 1.77251
0.315005
-1.14073
 1.27793
 1.32177
0.320647
-1.50053
 1.77251
0.315005
-1.14073
 1.27793
 1.32177
0.320647
-1.50053
 1.77251
0.315005
-1.14073
 1.27793
 1.32177
0.320646
-1.50053
 1.77251
0.315005
-1.14073
 1.27793
 1.32177
0.320646
-1.50053
 1.77251
0.315005
-1.14073
 1.27793
 1.32177
0.320646
-1.50053
 1.77251
0.315004
-1.14073
 1.27793
 1.32177
0.320646
-1.50053
 1.77251
0.315004
-1.14073
 1.27793
 1.32177
0.320646
-1.50053
 1.77251
0.315004
-1.14073
 1.27793
 1.32177
0.320646
-1.50053
 1.77251
0.315004
-1.14073
 1.27793
 1.32177
0.320646
-1.50053
 1.77251
0.315005
-1.14074
 1.27793
 1.32177
0.320646
-1.50053
 1.77251
0.315005
-1.14073
 1.27793
 1.32177
0.320646
-1.50053
 1.77251
0.315005
-1.14073
 1.27793
 1.32177
0.320646
-1.50053
 1.77251
0.315005
-1.14073
 1.27793
 1.32177
0.320646
-1.50053
 1.77251
0.315005
-1.14073
 1.27793
 1.32177
0.320646
-1.50053
 1.77251
0.315005
-1.14073
 1.27793
 1.32177
0.320646
-1.50053
 1.77251
0.315005
-1.14073
 1.27793
 1.32177
0.320646
-1.50053
 1.77251
0.315005
-1.14073
 1.27793
 1.32177
0.320646
-1.50053
 1.77251
0.315005
-1.14073
 1.27793
 1.32177
0.320646
-1.50053
 1.77251
0.315005
-1.14073
 1.27793
 1.32177
0.320646
-1.50053
 1.77251
0.315005
-1.14073
 1.27793
 1.32177
0.320646
-1.50053
 1.77251
0.315005
-1.14073
 1.27793
 1.32177
0.320646
-1.50053
 1.77251
0.315005
-1.14073
 1.27793
 1.32177
0.320646
-1.50053
 1.77251
0.315005
-1.14073
 1.27793
 1.32177
0.320646
-1.50053
 1.77251
0.315005
-1.14073
 1.27793
 1.32177
0.320646
-1.50053
 1.77251
0.315005
-1.14073
 1.27793
 1.32177
0.320645
-1.50053
 1.77251
0.315005
-1.14073
 1.27793
 1.32177
0.320645
