  -1.70253
   1.76665
0.00682394
  -1.14067
  -1.94216
   1.50062
 -0.184048
  -1.70253
   1.76665
0.00682382
  -1.14067
  -1.94216
   1.50062
 -0.184048
  -1.70253
   1.76665
0.00682376
  -1.14067
  -1.94216
   1.50062
 -0.184048
  -1.70253
   1.76665
0.00682268
  -1.14067
  -1.94216
   1.50062
 -0.184047
  -1.70253
   1.76665
0.00682585
  -1.14068
  -1.94216
   1.50062
 -0.184048
  -1.70253
   1.76665
0.00682436
  -1.14067
  -1.94216
   1.50062
 -0.184048
 -1.70253
  1.76665
0.0068255
 -1.14067
 -1.94216
  1.50062
-0.184048
  -1.70253
   1.76665
0.00682352
  -1.14068
  -1.94216
   1.50062
 -0.184048
  -1.70253
   1.76665
0.00683209
  -1.14069
  -1.94216
   1.50062
 -0.184048
  -1.70253
   1.76664
0.00683472
  -1.14068
  -1.94217
   1.50062
 -0.184048
  -1.70253
   1.76665
0.00683778
  -1.14069
  -1.94217
   1.50063
 -0.184048
  -1.70253
   1.76665
0.00685192
  -1.14069
  -1.94217
   1.50063
 -0.184049
  -1.70253
   1.76665
0.00686654
  -1.14069
  -1.94217
   1.50064
  -0.18405
  -1.70253
   1.76665
0.00689045
  -1.14069
  -1.94217
   1.50065
 -0.184052
  -1.70253
   1.76665
0.00693006
  -1.14069
  -1.94218
   1.50066
 -0.184055
  -1.70254
   1.76665
0.00699052
  -1.14069
   -1.9422
   1.50069
 -0.184071
  -1.70253
   1.76665
0.00707225
  -1.14069
   -1.9422
   1.50072
 -0.184101
 -1.70254
  1.76665
0.0071728
 -1.14069
 -1.94221
   1.5008
-0.184135
  -1.70254
   1.76665
0.00728857
  -1.14069
  -1.94225
    1.5009
 -0.184173
  -1.70254
   1.76665
0.00740062
   -1.1407
   -1.9423
   1.50101
 -0.184225
 -1.70254
  1.76665
0.0075243
  -1.1407
 -1.94236
  1.50113
-0.184281
  -1.70254
   1.76666
0.00765133
  -1.14075
  -1.94242
   1.50125
 -0.184334
  -1.70254
   1.76665
0.00777644
  -1.14078
  -1.94246
   1.50136
 -0.184383
  -1.70254
   1.76663
0.00789952
  -1.14076
  -1.94252
   1.50144
 -0.184426
  -1.70254
   1.76665
0.00801894
  -1.14083
  -1.94259
   1.50149
 -0.184466
  -1.70254
   1.76665
0.00814394
  -1.14083
  -1.94266
   1.50158
 -0.184508
  -1.70254
   1.76665
0.00826426
  -1.14085
  -1.94273
   1.50173
 -0.184552
  -1.70254
   1.76665
0.00838548
  -1.14087
   -1.9428
   1.50188
 -0.184594
  -1.70254
   1.76667
0.00849993
  -1.14094
  -1.94286
   1.50202
 -0.184636
  -1.70254
   1.76665
0.00862079
  -1.14099
  -1.94293
   1.50215
 -0.184676
  -1.70254
   1.76664
0.00873752
  -1.14099
  -1.94299
   1.50228
 -0.184717
  -1.70254
   1.76665
0.00886365
  -1.14106
  -1.94305
   1.50243
 -0.184763
  -1.70254
   1.76665
0.00900165
  -1.14111
  -1.94313
   1.50259
 -0.184797
  -1.70254
   1.76665
0.00915229
  -1.14115
  -1.94318
   1.50276
 -0.184828
  -1.70254
   1.76666
0.00931965
  -1.14123
  -1.94324
   1.50292
 -0.184858
  -1.70254
   1.76665
0.00950157
   -1.1413
  -1.94331
   1.50308
 -0.184891
  -1.70254
   1.76663
0.00968625
  -1.14131
  -1.94336
   1.50322
 -0.184923
  -1.70254
   1.76665
0.00988237
  -1.14138
  -1.94341
   1.50338
 -0.184956
 -1.70254
  1.76662
0.0100708
 -1.14138
 -1.94348
  1.50353
 -0.18499
 -1.70254
  1.76662
0.0102615
 -1.14145
 -1.94355
  1.50366
-0.185024
 -1.70255
  1.76666
0.0104589
 -1.14157
 -1.94361
  1.50378
 -0.18506
 -1.70254
  1.76663
0.0106461
 -1.14158
 -1.94367
   1.5039
-0.185098
 -1.70254
   1.7666
0.0108297
 -1.14159
 -1.94376
   1.5041
 -0.18514
 -1.70254
  1.76663
0.0110259
 -1.14161
 -1.94386
  1.50432
-0.185183
 -1.70254
  1.76663
0.0112342
  -1.1416
 -1.94397
  1.50454
-0.185226
 -1.70254
   1.7666
0.0114463
 -1.14157
 -1.94409
  1.50478
-0.185267
 -1.70254
  1.76662
0.0116829
  -1.1416
  -1.9442
  1.50502
-0.185308
 -1.70255
  1.76663
0.0119366
 -1.14163
 -1.94431
  1.50522
 -0.18535
 -1.70254
  1.76662
0.0121875
 -1.14162
 -1.94443
  1.50543
-0.185392
 -1.70254
  1.76659
0.0124359
 -1.14159
 -1.94454
  1.50564
-0.185433
 -1.70255
   1.7666
0.0126879
 -1.14164
 -1.94465
  1.50582
-0.185471
 -1.70254
  1.76661
0.0129363
 -1.14168
 -1.94476
    1.506
-0.185516
 -1.70254
   1.7666
0.0131817
 -1.14175
 -1.94487
   1.5062
-0.185582
 -1.70254
  1.76655
0.0134265
 -1.14175
 -1.94498
  1.50644
-0.185657
 -1.70254
  1.76656
0.0136859
 -1.14184
 -1.94508
  1.50668
-0.185731
 -1.70254
  1.76656
0.0139528
 -1.14193
 -1.94519
  1.50689
-0.185811
 -1.70257
  1.76653
0.0141946
 -1.14193
  -1.9453
  1.50712
-0.185899
 -1.70261
  1.76654
0.0144555
 -1.14203
  -1.9454
  1.50736
-0.185992
 -1.70258
  1.76655
0.0148026
 -1.14211
 -1.94551
  1.50757
 -0.18608
 -1.70258
  1.76654
 0.015123
 -1.14218
 -1.94564
  1.50782
-0.186175
 -1.70264
  1.76646
0.0153879
 -1.14219
 -1.94576
   1.5081
-0.186274
 -1.70264
   1.7664
0.0156975
 -1.14229
 -1.94587
   1.5084
-0.186375
 -1.70266
  1.76641
0.0160245
 -1.14247
 -1.94597
  1.50869
-0.186473
 -1.70268
  1.76636
0.0163586
 -1.14252
 -1.94608
  1.50899
 -0.18657
 -1.70269
  1.76632
0.0166822
 -1.14259
 -1.94619
  1.50928
 -0.18665
  -1.7027
  1.76631
0.0169972
 -1.14267
 -1.94632
  1.50952
-0.186717
 -1.70271
  1.76626
 0.017312
 -1.14262
 -1.94643
  1.50978
-0.186781
 -1.70272
  1.76625
0.0176287
 -1.14266
 -1.94655
  1.51009
-0.186843
 -1.70273
  1.76623
0.0179472
 -1.14271
 -1.94668
  1.51041
-0.186907
 -1.70274
   1.7662
0.0182722
 -1.14269
  -1.9468
  1.51074
-0.186973
 -1.70275
  1.76618
0.0186121
 -1.14272
 -1.94693
  1.51106
-0.187039
 -1.70276
  1.76615
0.0189422
  -1.1427
 -1.94708
  1.51134
-0.187109
 -1.70277
  1.76615
0.0192742
 -1.14275
 -1.94723
  1.51162
-0.187173
 -1.70278
  1.76613
 0.019594
 -1.14277
  -1.9474
  1.51189
-0.187234
 -1.70279
  1.76609
0.0199238
 -1.14275
 -1.94757
  1.51222
-0.187302
  -1.7028
   1.7661
0.0202635
 -1.14282
 -1.94773
  1.51256
-0.187369
 -1.70281
  1.76611
0.0206153
 -1.14288
  -1.9479
  1.51288
-0.187439
 -1.70282
   1.7661
0.0209607
  -1.1429
 -1.94807
  1.51318
-0.187517
 -1.70283
   1.7661
0.0213191
 -1.14295
 -1.94822
  1.51346
-0.187612
 -1.70284
   1.7661
0.0216826
 -1.14297
 -1.94839
  1.51376
-0.187716
 -1.70288
  1.76613
0.0220446
 -1.14304
 -1.94854
  1.51406
-0.187813
 -1.70294
  1.76613
0.0224059
 -1.14309
  -1.9487
   1.5144
-0.187909
 -1.70291
  1.76613
0.0228884
 -1.14313
 -1.94886
  1.51477
-0.188006
 -1.70293
   1.7661
0.0233628
 -1.14318
 -1.94905
  1.51513
-0.188113
 -1.70297
  1.76608
0.0237909
 -1.14323
 -1.94922
  1.51542
-0.188229
 -1.70298
  1.76615
0.0242531
 -1.14344
 -1.94938
  1.51572
-0.188358
 -1.70299
  1.76614
0.0247115
 -1.14356
 -1.94956
  1.51605
-0.188478
   -1.703
  1.76606
0.0251525
 -1.14357
 -1.94972
  1.51646
-0.188599
   -1.703
  1.76603
0.0255882
 -1.14362
 -1.94987
  1.51689
 -0.18873
 -1.70301
  1.76601
0.0260199
 -1.14363
 -1.95004
  1.51725
-0.188853
 -1.70301
    1.766
0.0264448
 -1.14366
 -1.95022
  1.51757
-0.188971
 -1.70301
  1.76597
 0.026861
 -1.14365
  -1.9504
  1.51793
-0.189087
 -1.70302
  1.76597
0.0272912
 -1.14371
 -1.95056
  1.51838
-0.189189
 -1.70302
  1.76593
0.0277256
 -1.14372
 -1.95072
  1.51884
-0.189286
 -1.70302
  1.76589
0.0281438
 -1.14371
  -1.9509
  1.51924
-0.189374
 -1.70302
  1.76587
0.0285548
 -1.14373
 -1.95109
  1.51959
-0.189467
 -1.70302
  1.76583
0.0289822
 -1.14372
 -1.95128
  1.51994
-0.189567
 -1.70306
  1.76583
0.0294009
 -1.14377
 -1.95146
  1.52035
-0.189675
  -1.7031
  1.76581
0.0298253
 -1.14374
 -1.95163
  1.52077
-0.189785
 -1.70307
  1.76582
 0.030316
 -1.14382
 -1.95179
  1.52119
-0.189903
 -1.70309
  1.76581
0.0307691
 -1.14387
 -1.95197
  1.52155
-0.190012
 -1.70314
  1.76581
0.0311777
  -1.1439
 -1.95215
  1.52192
-0.190117
 -1.70315
  1.76581
0.0316265
 -1.14399
 -1.95234
  1.52234
 -0.19024
 -1.70318
  1.76582
0.0320848
 -1.14402
 -1.95256
  1.52278
-0.190366
  -1.7032
  1.76585
0.0325331
 -1.14413
 -1.95277
  1.52321
-0.190498
 -1.70322
  1.76586
 0.032975
 -1.14422
 -1.95298
  1.52359
-0.190634
 -1.70323
  1.76589
0.0334429
 -1.14434
 -1.95318
  1.52402
-0.190767
 -1.70325
  1.76589
0.0339436
 -1.14442
 -1.95338
   1.5245
-0.190905
 -1.70327
   1.7659
0.0344494
 -1.14452
 -1.95358
  1.52497
-0.191041
 -1.70329
   1.7659
0.0349514
  -1.1446
  -1.9538
  1.52542
-0.191157
  -1.7033
  1.76594
0.0354599
 -1.14471
 -1.95404
  1.52587
-0.191269
 -1.70335
  1.76595
0.0359605
 -1.14473
 -1.95427
  1.52633
-0.191373
 -1.70343
  1.76599
0.0364528
 -1.14482
  -1.9545
   1.5268
-0.191484
 -1.70342
  1.76601
0.0370437
 -1.14487
 -1.95474
  1.52724
-0.191591
 -1.70343
  1.76602
0.0376198
 -1.14488
 -1.95497
   1.5277
-0.191704
 -1.70346
  1.76603
0.0381627
 -1.14495
 -1.95518
  1.52819
-0.191828
 -1.70346
  1.76605
0.0387234
 -1.14494
 -1.95542
  1.52867
-0.191953
 -1.70347
  1.76608
0.0392794
 -1.14501
 -1.95565
  1.52913
-0.192088
 -1.70347
   1.7661
0.0398422
 -1.14502
 -1.95589
  1.52956
-0.192223
 -1.70347
   1.7661
 0.040403
 -1.14508
 -1.95611
  1.53004
-0.192349
 -1.70346
  1.76611
 0.040948
 -1.14508
 -1.95635
  1.53054
-0.192487
 -1.70346
  1.76611
 0.041494
 -1.14511
 -1.95659
  1.53101
-0.192637
 -1.70346
  1.76611
0.0420307
 -1.14512
 -1.95684
  1.53141
 -0.19279
 -1.70348
  1.76612
0.0425472
 -1.14516
 -1.95707
  1.53187
 -0.19294
 -1.70351
  1.76611
0.0430463
 -1.14517
 -1.95731
  1.53237
-0.193086
 -1.70349
   1.7661
0.0436028
 -1.14523
 -1.95755
  1.53283
-0.193217
 -1.70349
  1.76607
0.0441266
 -1.14523
 -1.95777
  1.53324
 -0.19334
 -1.70351
  1.76606
0.0446216
 -1.14527
 -1.95798
  1.53369
-0.193463
 -1.70351
  1.76609
0.0451457
 -1.14532
 -1.95821
  1.53419
-0.193585
 -1.70351
  1.76611
 0.045674
 -1.14537
 -1.95841
  1.53468
-0.193712
 -1.70351
  1.76606
0.0461939
 -1.14534
 -1.95863
  1.53515
-0.193865
 -1.70351
  1.76606
0.0467292
 -1.14539
 -1.95885
  1.53563
 -0.19404
 -1.70351
  1.76605
0.0473009
 -1.14539
 -1.95908
  1.53614
-0.194228
 -1.70355
  1.76608
  0.04785
 -1.14545
  -1.9593
  1.53669
-0.194403
 -1.70359
   1.7661
 0.048391
 -1.14552
 -1.95952
  1.53718
-0.194574
 -1.70356
  1.76609
0.0490337
 -1.14555
 -1.95976
  1.53766
-0.194754
 -1.70357
   1.7661
0.0496736
 -1.14564
 -1.95999
   1.5382
-0.194932
 -1.70362
   1.7661
0.0502433
 -1.14571
 -1.96022
  1.53875
-0.195095
 -1.70364
  1.76612
0.0508442
 -1.14582
 -1.96047
  1.53927
 -0.19524
 -1.70366
  1.76613
0.0514713
 -1.14587
 -1.96072
  1.53977
 -0.19538
 -1.70367
  1.76614
0.0520915
 -1.14597
 -1.96097
  1.54032
-0.195513
 -1.70369
   1.7662
0.0527068
 -1.14607
 -1.96123
  1.54084
-0.195648
 -1.70371
  1.76625
0.0533267
 -1.14618
 -1.96148
  1.54132
-0.195793
-1.70375
 1.76623
0.053926
-1.14612
-1.96174
 1.54184
-0.19594
 -1.70381
  1.76627
0.0545241
 -1.14615
 -1.96201
  1.54241
-0.196098
 -1.70381
  1.76634
0.0551826
 -1.14618
  -1.9623
  1.54291
-0.196278
 -1.70383
  1.76638
0.0558246
 -1.14618
 -1.96258
  1.54341
-0.196458
  -1.7039
  1.76642
0.0564075
  -1.1462
 -1.96285
  1.54397
-0.196632
 -1.70394
  1.76646
0.0570159
 -1.14621
 -1.96315
  1.54453
-0.196802
 -1.70398
  1.76648
0.0576427
 -1.14619
 -1.96346
  1.54507
-0.196975
 -1.70402
  1.76658
0.0582775
 -1.14631
 -1.96376
   1.5456
-0.197129
 -1.70409
  1.76666
0.0588723
 -1.14638
 -1.96406
  1.54614
-0.197263
 -1.70418
   1.7666
0.0594713
 -1.14637
 -1.96433
  1.54671
-0.197404
 -1.70416
   1.7666
0.0601572
 -1.14643
 -1.96459
  1.54725
-0.197545
 -1.70418
  1.76663
0.0607999
 -1.14652
 -1.96485
  1.54781
-0.197682
 -1.70422
  1.76664
0.0613562
 -1.14662
 -1.96509
  1.54839
-0.197827
 -1.70422
  1.76664
 0.061935
 -1.14669
 -1.96533
  1.54894
-0.197975
 -1.70424
  1.76668
0.0625288
 -1.14684
 -1.96556
   1.5495
-0.198137
 -1.70426
  1.76668
0.0631179
 -1.14691
 -1.96581
  1.55008
-0.198305
 -1.70428
  1.76665
0.0637168
  -1.1469
 -1.96605
  1.55066
-0.198486
 -1.70432
  1.76664
0.0643114
 -1.14692
 -1.96629
  1.55121
-0.198669
  -1.7044
  1.76672
0.0649097
 -1.14702
 -1.96656
  1.55179
-0.198832
  -1.7044
  1.76673
0.0656197
 -1.14704
 -1.96684
  1.55239
-0.198988
 -1.70439
  1.76679
0.0663286
 -1.14708
  -1.9671
  1.55291
-0.199142
 -1.70442
  1.76684
0.0669744
  -1.1471
 -1.96737
  1.55343
-0.199295
 -1.70442
  1.76682
0.0676381
 -1.14703
 -1.96766
  1.55401
-0.199443
 -1.70442
  1.76688
0.0683098
 -1.14707
 -1.96793
  1.55458
 -0.19959
 -1.70447
  1.76691
0.0689609
 -1.14706
 -1.96819
  1.55509
-0.199749
 -1.70453
    1.767
0.0696189
 -1.14718
 -1.96843
  1.55562
 -0.19993
 -1.70451
  1.76709
0.0703347
 -1.14731
 -1.96871
   1.5562
 -0.20014
 -1.70453
  1.76709
 0.071036
 -1.14733
 -1.96901
  1.55674
-0.200348
 -1.70456
  1.76712
 0.071683
 -1.14743
 -1.96932
  1.55727
-0.200572
 -1.70457
  1.76717
0.0723313
 -1.14753
 -1.96963
  1.55784
-0.200796
 -1.70459
  1.76728
0.0730029
 -1.14769
 -1.96993
  1.55845
-0.200996
 -1.70461
  1.76736
 0.073673
 -1.14783
 -1.97027
  1.55897
-0.201171
 -1.70466
  1.76732
 0.074295
 -1.14778
 -1.97061
  1.55951
-0.201352
 -1.70475
  1.76736
0.0749415
 -1.14781
 -1.97093
  1.56012
-0.201524
 -1.70476
  1.76745
0.0756729
 -1.14788
 -1.97125
   1.5607
  -0.2017
 -1.70478
  1.76753
0.0763529
 -1.14797
 -1.97152
  1.56124
-0.201876
 -1.70482
  1.76751
0.0769436
 -1.14793
 -1.97176
  1.56183
-0.202063
 -1.70483
  1.76752
0.0775673
 -1.14791
 -1.97202
  1.56247
-0.202246
 -1.70485
   1.7676
0.0781981
 -1.14795
 -1.97228
  1.56306
-0.202422
  -1.7049
  1.76765
0.0787968
 -1.14791
 -1.97255
  1.56366
-0.202595
 -1.70499
  1.76764
0.0794193
 -1.14786
 -1.97282
   1.5643
-0.202773
 -1.70498
  1.76764
0.0801425
 -1.14785
 -1.97311
  1.56488
-0.202946
 -1.70498
  1.76771
0.0808556
 -1.14792
 -1.97339
  1.56546
-0.203099
 -1.70502
  1.76778
0.0815291
 -1.14798
 -1.97369
  1.56608
-0.203246
 -1.70502
  1.76778
0.0822218
 -1.14789
 -1.97399
  1.56672
-0.203395
 -1.70503
  1.76782
0.0829082
 -1.14792
 -1.97426
  1.56735
-0.203555
 -1.70508
  1.76792
0.0835894
   -1.148
 -1.97453
  1.56794
-0.203723
 -1.70517
  1.76794
0.0842832
 -1.14794
 -1.97482
   1.5685
-0.203895
 -1.70515
  1.76802
0.0850254
 -1.14805
 -1.97509
  1.56904
-0.204086
 -1.70516
  1.76812
0.0857399
 -1.14818
 -1.97537
   1.5696
-0.204268
 -1.70519
  1.76819
0.0863882
 -1.14821
 -1.97565
  1.57018
-0.204457
 -1.70518
  1.76819
0.0870338
 -1.14823
 -1.97593
  1.57074
-0.204647
 -1.70518
  1.76822
0.0876765
 -1.14829
 -1.97622
  1.57132
-0.204838
 -1.70523
  1.76827
0.0883064
 -1.14835
 -1.97651
  1.57191
-0.205022
  -1.7053
   1.7683
0.0889525
 -1.14843
 -1.97682
  1.57247
-0.205201
 -1.70528
  1.76838
0.0896428
 -1.14861
 -1.97714
    1.573
-0.205358
  -1.7053
  1.76842
0.0903115
 -1.14867
 -1.97747
  1.57357
-0.205519
 -1.70535
  1.76841
0.0909606
 -1.14873
 -1.97778
  1.57418
-0.205699
 -1.70535
  1.76842
0.0916115
 -1.14881
  -1.9781
  1.57473
-0.205886
 -1.70537
  1.76843
0.0922526
 -1.14889
  -1.9784
   1.5753
-0.206086
 -1.70543
  1.76842
0.0928872
 -1.14897
  -1.9787
  1.57593
-0.206284
 -1.70552
  1.76849
0.0934934
 -1.14912
   -1.979
  1.57652
-0.206486
 -1.70553
   1.7685
0.0941783
 -1.14914
 -1.97932
  1.57711
-0.206684
 -1.70556
  1.76849
0.0948798
  -1.1491
 -1.97962
  1.57777
-0.206876
 -1.70562
  1.76853
0.0955125
 -1.14908
 -1.97992
  1.57839
-0.207057
 -1.70565
  1.76863
0.0961381
 -1.14911
 -1.98022
  1.57894
-0.207241
 -1.70569
  1.76862
0.0967778
 -1.14902
 -1.98054
  1.57954
-0.207415
 -1.70578
  1.76873
0.0974054
 -1.14911
 -1.98083
  1.58018
-0.207584
 -1.70589
  1.76879
0.0980207
 -1.14916
 -1.98112
  1.58075
-0.207758
 -1.70592
  1.76874
 0.098741
 -1.14911
 -1.98143
  1.58135
-0.207956
 -1.70594
  1.76877
 0.099474
 -1.14918
 -1.98172
  1.58196
-0.208154
 -1.70604
  1.76877
 0.100106
 -1.14923
 -1.98203
  1.58255
-0.208358
 -1.70608
  1.76886
 0.100751
 -1.14937
 -1.98232
  1.58311
-0.208561
 -1.70617
  1.76888
 0.101376
 -1.14941
 -1.98261
   1.5837
-0.208756
  -1.7063
   1.7689
 0.101997
 -1.14944
  -1.9829
   1.5843
-0.208935
 -1.70631
  1.76898
 0.102723
 -1.14951
 -1.98319
  1.58487
-0.209104
 -1.70634
  1.76897
 0.103438
 -1.14954
 -1.98348
  1.58545
-0.209281
 -1.70642
  1.76903
 0.104073
 -1.14962
 -1.98377
  1.58604
-0.209464
 -1.70645
  1.76913
  0.10471
 -1.14972
 -1.98405
  1.58662
-0.209646
 -1.70649
  1.76918
 0.105364
 -1.14971
 -1.98435
  1.58721
-0.209824
-1.70657
 1.76927
0.105993
-1.14971
-1.98463
 1.58782
-0.21002
-1.70668
 1.76929
0.106608
-1.14962
-1.98492
  1.5884
-0.21022
 -1.70669
  1.76941
 0.107315
 -1.14967
 -1.98522
  1.58899
-0.210429
 -1.70671
  1.76947
 0.108029
 -1.14968
 -1.98552
   1.5896
-0.210632
 -1.70679
  1.76959
 0.108645
 -1.14978
 -1.98581
  1.59015
-0.210821
 -1.70682
  1.76964
 0.109267
 -1.14978
 -1.98612
   1.5907
-0.210993
  -1.7069
  1.76965
  0.10988
 -1.14976
 -1.98641
   1.5913
-0.211164
 -1.70701
  1.76969
 0.110505
 -1.14972
  -1.9867
  1.59188
-0.211332
 -1.70702
  1.76973
 0.111213
  -1.1497
 -1.98701
   1.5924
-0.211518
 -1.70704
  1.76978
 0.111906
 -1.14975
 -1.98731
  1.59293
-0.211704
 -1.70713
  1.76979
 0.112523
 -1.14964
 -1.98762
  1.59352
-0.211893
 -1.70717
  1.76985
 0.113153
 -1.14968
 -1.98793
  1.59408
-0.212079
-1.70721
 1.76982
0.113772
-1.14953
-1.98825
 1.59459
-0.21228
 -1.70729
  1.76989
 0.114367
 -1.14951
 -1.98854
  1.59516
-0.212483
  -1.7074
  1.76996
 0.114969
 -1.14953
 -1.98884
  1.59572
-0.212681
 -1.70742
  1.76995
 0.115645
 -1.14946
 -1.98913
  1.59623
-0.212863
 -1.70744
  1.76995
  0.11632
  -1.1494
 -1.98942
  1.59678
-0.213029
 -1.70752
  1.76993
 0.116925
 -1.14931
 -1.98971
   1.5974
-0.213193
 -1.70756
  1.76996
 0.117537
 -1.14926
 -1.99001
  1.59796
-0.213358
  -1.7076
  1.76994
 0.118152
 -1.14916
  -1.9903
  1.59847
-0.213529
 -1.70768
  1.77001
  0.11875
 -1.14922
 -1.99059
  1.59903
-0.213718
 -1.70779
  1.76999
 0.119344
 -1.14919
  -1.9909
  1.59962
-0.213921
 -1.70781
  1.76998
 0.120003
 -1.14918
 -1.99121
  1.60014
-0.214105
 -1.70784
  1.76994
  0.12067
 -1.14915
 -1.99151
  1.60067
-0.214297
 -1.70794
  1.76999
 0.121259
 -1.14918
 -1.99179
  1.60122
-0.214492
 -1.70799
  1.76996
 0.121859
 -1.14913
 -1.99207
  1.60179
-0.214684
 -1.70805
     1.77
 0.122454
 -1.14916
 -1.99235
  1.60232
-0.214855
 -1.70815
  1.76995
 0.123038
  -1.1491
 -1.99263
  1.60289
-0.215021
 -1.70826
  1.77003
 0.123642
 -1.14918
  -1.9929
  1.60347
-0.215176
 -1.70827
  1.77001
 0.124341
  -1.1492
 -1.99318
  1.60404
-0.215331
 -1.70828
  1.77004
 0.125048
 -1.14925
 -1.99344
  1.60457
-0.215495
 -1.70833
  1.77003
   0.1257
 -1.14929
 -1.99369
  1.60516
-0.215666
 -1.70831
  1.77011
 0.126385
 -1.14939
 -1.99394
  1.60573
-0.215862
 -1.70831
  1.77012
 0.127074
 -1.14942
 -1.99421
   1.6063
-0.216061
 -1.70831
  1.77023
 0.127762
 -1.14956
 -1.99449
  1.60687
-0.216252
 -1.70832
  1.77026
 0.128456
 -1.14961
 -1.99478
  1.60747
-0.216436
-1.70824
 1.77039
0.129224
-1.14977
-1.99506
 1.60799
-0.21663
 -1.70814
  1.77045
 0.130018
 -1.14987
 -1.99534
  1.60852
-0.216805
 -1.7081
  1.7706
0.130709
-1.15007
-1.99562
 1.60908
-0.21697
-1.70802
 1.77061
0.131414
-1.15011
-1.99592
 1.60961
-0.21713
 -1.70792
  1.77077
 0.132129
 -1.15033
 -1.99616
  1.61004
-0.217285
 -1.70783
  1.77083
 0.132824
 -1.15041
 -1.99643
  1.61056
-0.217447
-1.70778
   1.771
0.133472
-1.15056
-1.99668
  1.6111
-0.21761
-1.70763
 1.77107
0.134232
-1.15064
-1.99696
 1.61159
-0.21779
 -1.70748
  1.77123
 0.134943
 -1.15081
  -1.9972
  1.61203
-0.217976
  -1.7074
   1.7713
 0.135559
 -1.15091
 -1.99745
  1.61253
-0.218178
 -1.70729
  1.77147
 0.136204
 -1.15107
 -1.99773
  1.61305
-0.218364
  -1.7072
  1.77153
 0.136857
 -1.15112
 -1.99801
  1.61355
-0.218536
 -1.70713
  1.77169
 0.137466
 -1.15124
 -1.99828
    1.614
-0.218701
-1.70708
  1.7718
 0.13806
-1.15125
-1.99858
 1.61448
-0.21886
 -1.70695
  1.77197
  0.13875
 -1.15133
 -1.99885
  1.61502
-0.219019
-1.70684
 1.77203
0.139404
-1.15129
-1.99912
 1.61551
-0.21917
 -1.70683
  1.77223
 0.139947
 -1.15139
 -1.99939
  1.61595
-0.219324
 -1.70679
  1.77229
 0.140544
 -1.15136
 -1.99966
  1.61645
-0.219475
-1.70677
 1.77234
0.141141
-1.15132
-1.99991
 1.61702
-0.21963
-1.70675
 1.77248
0.141726
-1.15141
-2.00015
 1.61753
 -0.2198
 -1.70677
  1.77254
 0.142272
 -1.15143
 -2.00039
  1.61801
-0.219964
 -1.70681
  1.77262
   0.1428
 -1.15146
 -2.00065
  1.61852
-0.220145
 -1.70678
  1.77265
 0.143428
  -1.1515
 -2.00092
  1.61904
-0.220334
 -1.70676
  1.77274
 0.144035
 -1.15152
 -2.00118
  1.61952
-0.220515
 -1.70682
  1.77274
 0.144544
 -1.15146
 -2.00145
  1.61999
-0.220666
 -1.70681
  1.77283
 0.145079
 -1.15149
 -2.00173
  1.62049
-0.220811
 -1.70683
  1.77286
 0.145629
 -1.15147
   -2.002
  1.62098
-0.220963
 -1.70684
  1.77292
 0.146156
 -1.15148
 -2.00226
  1.62146
-0.221115
 -1.70689
  1.77291
 0.146655
 -1.15142
 -2.00252
  1.62192
-0.221265
 -1.70697
  1.77298
 0.147148
 -1.15144
 -2.00276
  1.62238
-0.221416
 -1.70697
  1.77299
 0.147749
 -1.15141
 -2.00302
  1.62286
-0.221573
 -1.70698
  1.77306
 0.148325
 -1.15144
 -2.00324
   1.6233
-0.221737
 -1.70705
  1.77304
 0.148811
 -1.15136
 -2.00348
  1.62373
-0.221901
 -1.70709
  1.77313
 0.149302
 -1.15139
 -2.00371
  1.62415
-0.222066
 -1.70712
  1.77311
 0.149826
 -1.15131
 -2.00395
  1.62461
-0.222231
 -1.70716
  1.77319
 0.150315
 -1.15133
 -2.00418
  1.62505
-0.222407
 -1.70724
  1.77318
 0.150776
 -1.15127
 -2.00442
  1.62547
-0.222573
 -1.70733
  1.77326
 0.151227
  -1.1513
 -2.00466
   1.6259
-0.222718
 -1.70734
  1.77326
 0.151791
 -1.15126
 -2.00494
  1.62637
-0.222843
 -1.70736
  1.77331
 0.152338
 -1.15127
 -2.00517
  1.62682
-0.222976
 -1.70743
   1.7733
 0.152784
 -1.15121
 -2.00541
  1.62724
-0.223116
-1.70747
 1.77343
 0.15323
-1.15129
-2.00564
 1.62764
-0.22326
  -1.7075
  1.77344
 0.153716
 -1.15122
 -2.00587
  1.62808
-0.223404
 -1.70753
  1.77343
 0.154203
 -1.15115
 -2.00606
  1.62852
-0.223553
 -1.70755
  1.77346
 0.154665
 -1.15117
 -2.00625
  1.62891
-0.223712
 -1.70761
  1.77347
 0.155099
 -1.15115
 -2.00645
  1.62925
-0.223864
  -1.7077
   1.7735
 0.155524
 -1.15117
 -2.00662
  1.62959
-0.224023
-1.70769
  1.7735
0.156067
-1.15112
-2.00682
 1.62998
-0.22418
 -1.70769
  1.77356
 0.156596
 -1.15118
 -2.00699
   1.6304
-0.224335
 -1.70775
  1.77351
 0.157022
 -1.15102
 -2.00719
  1.63079
-0.224485
 -1.70776
   1.7736
 0.157468
 -1.15105
 -2.00738
  1.63114
-0.224603
 -1.70778
  1.77368
 0.157914
 -1.15107
 -2.00761
  1.63147
-0.224717
 -1.70779
  1.77371
 0.158373
 -1.15099
 -2.00784
  1.63184
-0.224828
  -1.7078
  1.77377
 0.158813
 -1.15098
 -2.00805
  1.63229
-0.224923
 -1.70782
  1.77381
 0.159242
 -1.15089
 -2.00828
  1.63276
-0.225019
-1.70786
 1.77389
0.159647
-1.15089
 -2.0085
 1.63316
-0.22512
-1.70795
 1.77395
0.160034
-1.15085
-2.00871
 1.63351
-0.22524
 -1.70794
  1.77405
 0.160529
 -1.15086
 -2.00893
   1.6339
-0.225362
 -1.70795
   1.7741
 0.161006
  -1.1508
 -2.00914
  1.63432
-0.225494
 -1.70799
  1.77418
 0.161391
 -1.15077
 -2.00935
  1.63472
-0.225633
 -1.70801
  1.77423
 0.161782
 -1.15071
 -2.00955
  1.63509
-0.225769
 -1.70801
  1.77433
 0.162199
 -1.15071
 -2.00975
  1.63541
-0.225907
 -1.70803
  1.77433
 0.162606
 -1.15066
 -2.00994
  1.63573
-0.226049
 -1.70804
  1.77439
 0.163008
 -1.15073
 -2.01015
  1.63609
-0.226179
 -1.70806
  1.77439
 0.163396
 -1.15073
 -2.01034
  1.63649
-0.226309
 -1.70806
  1.77441
 0.163777
 -1.15078
 -2.01053
  1.63687
-0.226434
 -1.70807
  1.77437
 0.164165
 -1.15078
 -2.01073
  1.63717
-0.226543
 -1.70812
  1.77444
 0.164516
 -1.15086
 -2.01093
  1.63742
-0.226654
 -1.70821
  1.77446
 0.164857
 -1.15088
 -2.01113
  1.63771
-0.226769
  -1.7082
  1.77446
 0.165301
 -1.15084
 -2.01133
  1.63802
-0.226881
 -1.70821
  1.77449
  0.16572
 -1.15081
 -2.01147
  1.63835
-0.226992
-1.70826
  1.7745
 0.16606
-1.15076
-2.01164
 1.63869
-0.22709
 -1.70826
  1.77464
 0.166415
  -1.1508
 -2.01182
    1.639
-0.227186
 -1.70828
  1.77466
 0.166781
 -1.15067
 -2.01197
  1.63931
-0.227283
 -1.70829
   1.7748
 0.167136
 -1.15069
 -2.01212
   1.6396
-0.227392
 -1.70829
  1.77491
 0.167478
 -1.15063
 -2.01229
  1.63988
-0.227509
 -1.70831
  1.77497
 0.167819
 -1.15053
 -2.01244
  1.64021
-0.227633
 -1.70831
  1.77506
 0.168153
 -1.15047
 -2.01259
  1.64051
-0.227754
 -1.70833
  1.77513
 0.168482
 -1.15041
 -2.01274
   1.6408
-0.227872
 -1.70832
  1.77529
 0.168818
  -1.1505
 -2.01288
  1.64107
-0.227996
 -1.70839
  1.77541
 0.169107
 -1.15056
 -2.01303
  1.64134
-0.228115
 -1.70846
   1.7754
 0.169407
 -1.15055
 -2.01318
  1.64163
-0.228229
 -1.70846
  1.77544
  0.16977
 -1.15061
 -2.01333
  1.64191
-0.228319
 -1.70846
  1.77554
 0.170131
 -1.15071
 -2.01347
  1.64218
-0.228391
 -1.70853
  1.77559
 0.170391
 -1.15078
 -2.01361
  1.64251
-0.228457
 -1.70853
  1.77569
 0.170689
 -1.15089
 -2.01377
   1.6428
-0.228521
-1.70856
 1.77567
0.170986
-1.15084
-2.01392
 1.64305
-0.22858
 -1.70856
   1.7757
 0.171305
 -1.15087
 -2.01407
  1.64328
-0.228637
 -1.70858
  1.77578
 0.171581
 -1.15092
 -2.01422
  1.64348
-0.228696
 -1.7086
 1.77574
0.171855
-1.15084
-2.01435
 1.64371
-0.22876
-1.70859
 1.77585
0.172122
-1.15094
-2.01447
 1.64395
-0.22883
 -1.70861
  1.77591
 0.172365
 -1.15093
 -2.01463
  1.64419
-0.228905
 -1.70862
  1.77585
 0.172633
 -1.15081
 -2.01475
  1.64444
-0.228994
-1.70862
 1.77588
0.172895
-1.15081
-2.01487
 1.64466
-0.22909
 -1.70862
  1.77595
 0.173155
 -1.15082
 -2.01501
  1.64487
-0.229191
 -1.70863
  1.77588
 0.173437
 -1.15072
 -2.01516
  1.64509
-0.229278
-1.70866
 1.77594
0.173657
-1.15075
-2.01528
  1.6453
-0.22936
  -1.7087
  1.77599
  0.17386
 -1.15076
 -2.01541
  1.64552
-0.229447
 -1.70867
  1.77592
 0.174172
 -1.15066
 -2.01553
  1.64576
-0.229543
 -1.70866
  1.77594
  0.17444
 -1.15067
 -2.01561
    1.646
-0.229635
  -1.7087
    1.776
  0.17463
  -1.1507
 -2.01568
  1.64619
-0.229731
 -1.70871
  1.77605
 0.174845
 -1.15072
 -2.01574
  1.64635
-0.229826
 -1.70873
    1.776
  0.17506
 -1.15063
 -2.01581
  1.64652
-0.229927
-1.70874
 1.77598
0.175281
-1.15058
-2.01587
 1.64668
-0.23001
 -1.70876
  1.77604
 0.175476
 -1.15065
 -2.01594
  1.64681
-0.230069
 -1.70877
  1.77604
 0.175681
 -1.15067
 -2.01602
  1.64692
-0.230118
-1.70879
 1.77598
0.175875
-1.15061
-2.01609
 1.64706
-0.23016
  -1.7088
  1.77598
 0.176065
 -1.15059
 -2.01616
  1.64722
-0.230199
  -1.7088
  1.77606
 0.176245
 -1.15061
 -2.01625
  1.64736
-0.230236
 -1.70881
  1.77611
 0.176419
 -1.15057
 -2.01635
  1.64756
-0.230279
 -1.70881
  1.77611
 0.176608
  -1.1505
 -2.01646
  1.64776
-0.230317
 -1.70882
  1.77609
  0.17678
 -1.15039
 -2.01657
  1.64794
-0.230348
 -1.70882
   1.7762
 0.176937
 -1.15043
 -2.01665
  1.64812
-0.230379
 -1.70882
  1.77628
 0.177108
 -1.15041
 -2.01674
  1.64827
-0.230409
 -1.70884
  1.77625
 0.177257
 -1.15031
 -2.01684
  1.64844
-0.230438
 -1.70884
  1.77627
 0.177406
 -1.15026
 -2.01694
  1.64858
-0.230466
 -1.70885
  1.77635
 0.177547
 -1.15024
 -2.01703
  1.64867
-0.230492
 -1.70886
  1.77638
 0.177689
  -1.1502
 -2.01711
  1.64875
-0.230521
 -1.70886
  1.77646
 0.177815
 -1.15021
  -2.0172
  1.64884
-0.230561
 -1.70886
  1.77655
 0.177938
 -1.15018
 -2.01729
  1.64894
-0.230612
 -1.70886
  1.77655
 0.178074
 -1.15008
 -2.01737
  1.64904
-0.230672
 -1.70887
  1.77659
 0.178192
 -1.15004
 -2.01744
  1.64911
-0.230729
 -1.70887
  1.77667
 0.178305
 -1.15006
 -2.01748
  1.64918
-0.230778
-1.70887
 1.77672
0.178415
-1.15006
-2.01753
 1.64929
-0.23082
 -1.7089
 1.77676
0.178483
-1.15007
-2.01754
 1.64942
-0.23086
 -1.70894
  1.77685
 0.178543
 -1.15012
 -2.01756
  1.64955
-0.230901
 -1.70893
  1.77695
 0.178662
 -1.15018
 -2.01759
  1.64966
-0.230943
 -1.70893
  1.77693
 0.178763
 -1.15016
 -2.01762
  1.64979
-0.230989
 -1.70897
  1.77695
 0.178817
 -1.15019
 -2.01764
  1.64992
-0.231034
 -1.70898
  1.77701
 0.178887
  -1.1503
 -2.01767
  1.64997
-0.231077
   -1.709
  1.77701
  0.17896
 -1.15036
 -2.01767
  1.64999
-0.231118
 -1.70902
  1.77703
 0.179031
 -1.15044
  -2.0177
     1.65
-0.231157
 -1.70903
  1.77705
 0.179102
  -1.1505
 -2.01772
  1.65001
-0.231195
 -1.70904
  1.77707
 0.179175
 -1.15053
 -2.01774
  1.65003
-0.231216
-1.70905
 1.77708
0.179246
-1.15054
-2.01775
 1.65005
-0.23122
-1.70906
 1.77708
0.179315
-1.15055
-2.01777
 1.65006
-0.23122
 -1.70907
  1.77714
 0.179369
 -1.15058
  -2.0178
  1.65008
-0.231221
 -1.70909
  1.77722
 0.179408
 -1.15061
 -2.01781
   1.6501
-0.231221
  -1.7091
  1.77717
 0.179453
  -1.1505
 -2.01782
  1.65013
-0.231222
  -1.7091
  1.77716
 0.179488
 -1.15043
 -2.01783
  1.65014
-0.231223
 -1.70912
  1.77717
 0.179499
 -1.15043
 -2.01784
  1.65014
-0.231223
 -1.70912
  1.77716
 0.179515
 -1.15041
 -2.01785
  1.65014
-0.231224
 -1.70913
  1.77716
 0.179516
 -1.15043
 -2.01785
  1.65017
-0.231224
 -1.70914
  1.77715
  0.17951
 -1.15043
 -2.01786
   1.6502
-0.231225
 -1.70914
  1.77715
 0.179509
 -1.15041
 -2.01787
  1.65021
-0.231225
 -1.70915
  1.77715
 0.179502
 -1.15039
 -2.01787
  1.65022
-0.231225
 -1.70916
  1.77714
 0.179493
 -1.15036
 -2.01788
  1.65023
-0.231225
 -1.70917
  1.77714
 0.179482
 -1.15035
 -2.01788
  1.65024
-0.231225
 -1.70918
  1.77714
 0.179471
 -1.15033
 -2.01789
  1.65025
-0.231226
 -1.70919
  1.77714
 0.179464
 -1.15031
 -2.01789
  1.65025
-0.231226
  -1.7092
  1.77713
 0.179458
 -1.15029
  -2.0179
  1.65026
-0.231226
 -1.70921
  1.77713
 0.179453
 -1.15027
  -2.0179
  1.65026
-0.231226
 -1.70922
  1.77714
  0.17945
 -1.15026
  -2.0179
  1.65026
-0.231227
 -1.70922
  1.77714
 0.179448
 -1.15025
 -2.01791
  1.65026
-0.231227
 -1.70922
  1.77714
 0.179447
 -1.15024
 -2.01791
  1.65027
-0.231227
 -1.70922
  1.77714
 0.179446
 -1.15023
 -2.01791
  1.65027
-0.231227
 -1.70922
  1.77713
 0.179445
 -1.15022
 -2.01792
  1.65027
-0.231227
 -1.70922
  1.77713
 0.179446
 -1.15021
 -2.01792
  1.65027
-0.231227
 -1.70921
  1.77713
 0.179446
 -1.15019
 -2.01792
  1.65027
-0.231228
 -1.70921
  1.77713
 0.179446
 -1.15018
 -2.01793
  1.65028
-0.231228
  -1.7092
  1.77713
 0.179445
 -1.15018
 -2.01793
  1.65028
-0.231228
  -1.7092
  1.77713
 0.179445
 -1.15017
 -2.01794
  1.65028
-0.231228
  -1.7092
  1.77713
 0.179445
 -1.15016
 -2.01794
  1.65028
-0.231229
 -1.70919
  1.77713
 0.179446
 -1.15015
 -2.01794
  1.65028
-0.231229
 -1.70919
  1.77713
 0.179446
 -1.15016
 -2.01795
  1.65028
-0.231229
 -1.70919
  1.77713
 0.179446
 -1.15016
 -2.01795
  1.65028
-0.231229
 -1.70919
  1.77713
 0.179446
 -1.15017
 -2.01795
  1.65028
-0.231229
 -1.70919
  1.77713
 0.179447
 -1.15017
 -2.01796
  1.65028
-0.231229
-1.70918
 1.77713
0.179447
-1.15017
-2.01796
 1.65028
-0.23123
-1.70918
 1.77713
0.179446
-1.15017
-2.01796
 1.65028
-0.23123
-1.70918
 1.77713
0.179446
-1.15017
-2.01796
 1.65028
-0.23123
-1.70918
 1.77713
0.179445
-1.15018
-2.01797
 1.65028
-0.23123
-1.70918
 1.77713
0.179444
-1.15018
-2.01797
 1.65028
-0.23123
-1.70918
 1.77713
0.179442
-1.15018
-2.01797
 1.65028
-0.23123
 -1.70918
  1.77713
  0.17944
 -1.15018
 -2.01797
  1.65028
-0.231231
 -1.70918
  1.77713
  0.17944
 -1.15018
 -2.01798
  1.65028
-0.231231
 -1.70918
  1.77713
  0.17944
 -1.15018
 -2.01798
  1.65028
-0.231231
 -1.70918
  1.77713
  0.17944
 -1.15018
 -2.01798
  1.65029
-0.231231
 -1.70918
  1.77713
 0.179441
 -1.15018
 -2.01798
  1.65029
-0.231231
 -1.70918
  1.77713
 0.179441
 -1.15018
 -2.01798
  1.65029
-0.231231
 -1.70918
  1.77713
 0.179441
 -1.15018
 -2.01798
  1.65029
-0.231232
 -1.70918
  1.77713
 0.179441
 -1.15018
 -2.01799
  1.65029
-0.231232
 -1.70918
  1.77713
 0.179441
 -1.15018
 -2.01799
  1.65029
-0.231232
 -1.70918
  1.77713
  0.17944
 -1.15018
 -2.01799
  1.65029
-0.231232
 -1.70918
  1.77713
  0.17944
 -1.15018
 -2.01799
  1.65029
-0.231232
 -1.70918
  1.77713
  0.17944
 -1.15018
 -2.01799
  1.65029
-0.231232
 -1.70918
  1.77713
  0.17944
 -1.15018
 -2.01799
  1.65029
-0.231232
 -1.70918
  1.77713
  0.17944
 -1.15018
   -2.018
  1.65029
-0.231233
 -1.70918
  1.77713
  0.17944
 -1.15018
   -2.018
  1.65029
-0.231233
 -1.70918
  1.77713
 0.179441
 -1.15018
   -2.018
  1.65029
-0.231233
 -1.70918
  1.77713
 0.179441
 -1.15018
   -2.018
  1.65029
-0.231233
 -1.70918
  1.77713
 0.179441
 -1.15018
   -2.018
  1.65029
-0.231233
 -1.70918
  1.77713
  0.17944
 -1.15018
   -2.018
  1.65029
-0.231233
 -1.70918
  1.77713
  0.17944
 -1.15018
   -2.018
  1.65029
-0.231233
 -1.70918
  1.77713
  0.17944
 -1.15018
   -2.018
  1.65029
-0.231234
 -1.70918
  1.77713
 0.179439
 -1.15018
   -2.018
  1.65029
-0.231234
 -1.70918
  1.77713
 0.179439
 -1.15018
   -2.018
  1.65029
-0.231234
 -1.70918
  1.77713
 0.179439
 -1.15018
   -2.018
  1.65029
-0.231234
 -1.70918
  1.77713
  0.17944
 -1.15018
   -2.018
  1.65029
-0.231234
 -1.70918
  1.77713
  0.17944
 -1.15018
   -2.018
  1.65029
-0.231234
 -1.70918
  1.77713
  0.17944
 -1.15018
   -2.018
  1.65029
-0.231234
 -1.70918
  1.77713
  0.17944
 -1.15018
   -2.018
  1.65029
-0.231235
 -1.70918
  1.77713
  0.17944
 -1.15018
   -2.018
  1.65029
-0.231235
 -1.70918
  1.77713
  0.17944
 -1.15018
   -2.018
  1.65029
-0.231235
 -1.70918
  1.77713
  0.17944
 -1.15018
   -2.018
  1.65029
-0.231235
 -1.70918
  1.77713
  0.17944
 -1.15018
   -2.018
  1.65029
-0.231235
 -1.70918
  1.77713
  0.17944
 -1.15018
   -2.018
  1.65029
-0.231235
 -1.70918
  1.77713
  0.17944
 -1.15018
   -2.018
  1.65029
-0.231235
 -1.70918
  1.77713
  0.17944
 -1.15018
   -2.018
  1.65029
-0.231236
 -1.70918
  1.77713
  0.17944
 -1.15018
   -2.018
  1.65029
-0.231236
 -1.70918
  1.77713
  0.17944
 -1.15018
   -2.018
  1.65029
-0.231236
 -1.70918
  1.77713
  0.17944
 -1.15018
   -2.018
  1.65029
-0.231236
 -1.70918
  1.77713
 0.179439
 -1.15018
   -2.018
  1.65029
-0.231236
 -1.70918
  1.77713
 0.179439
 -1.15018
   -2.018
  1.65029
-0.231236
 -1.70918
  1.77713
 0.179439
 -1.15018
   -2.018
  1.65029
-0.231236
 -1.70918
  1.77713
  0.17944
 -1.15018
   -2.018
  1.65029
-0.231237
 -1.70918
  1.77713
  0.17944
 -1.15018
   -2.018
  1.65029
-0.231237
 -1.70918
  1.77713
  0.17944
 -1.15018
   -2.018
  1.65029
-0.231237
 -1.70918
  1.77713
  0.17944
 -1.15018
   -2.018
  1.65029
-0.231237
 -1.70918
  1.77713
  0.17944
 -1.15018
   -2.018
  1.65029
-0.231237
 -1.70918
  1.77713
  0.17944
 -1.15018
   -2.018
  1.65029
-0.231237
 -1.70918
  1.77713
  0.17944
 -1.15018
   -2.018
  1.65029
-0.231237
 -1.70918
  1.77713
  0.17944
 -1.15018
   -2.018
  1.65029
-0.231237
 -1.70918
  1.77713
  0.17944
 -1.15018
   -2.018
  1.65029
-0.231237
 -1.70918
  1.77713
  0.17944
 -1.15018
   -2.018
  1.65029
-0.231237
 -1.70918
  1.77713
  0.17944
 -1.15018
   -2.018
  1.65029
-0.231238
 -1.70918
  1.77713
  0.17944
 -1.15018
   -2.018
  1.65029
-0.231238
 -1.70918
  1.77713
  0.17944
 -1.15018
   -2.018
  1.65029
-0.231238
 -1.70918
  1.77713
  0.17944
 -1.15018
   -2.018
  1.65029
-0.231238
 -1.70918
  1.77713
  0.17944
 -1.15018
   -2.018
  1.65029
-0.231238
 -1.70918
  1.77713
  0.17944
 -1.15018
   -2.018
  1.65029
-0.231238
 -1.70918
  1.77713
  0.17944
 -1.15018
   -2.018
  1.65029
-0.231238
 -1.70918
  1.77713
  0.17944
 -1.15018
   -2.018
  1.65029
-0.231238
 -1.70918
  1.77713
  0.17944
 -1.15018
   -2.018
  1.65029
-0.231238
 -1.70918
  1.77713
  0.17944
 -1.15018
   -2.018
  1.65029
-0.231238
 -1.70918
  1.77713
  0.17944
 -1.15018
   -2.018
  1.65029
-0.231239
 -1.70918
  1.77713
 0.179439
 -1.15018
   -2.018
  1.65029
-0.231239
 -1.70918
  1.77713
  0.17944
 -1.15018
   -2.018
  1.65029
-0.231239
 -1.70918
  1.77713
  0.17944
 -1.15018
   -2.018
  1.65029
-0.231239
 -1.70918
  1.77713
  0.17944
 -1.15018
   -2.018
  1.65029
-0.231239
 -1.70918
  1.77713
  0.17944
 -1.15018
   -2.018
  1.65029
-0.231239
 -1.70918
  1.77713
  0.17944
 -1.15018
   -2.018
  1.65029
-0.231239
 -1.70918
  1.77713
  0.17944
 -1.15018
   -2.018
  1.65029
-0.231239
 -1.70918
  1.77713
  0.17944
 -1.15018
   -2.018
  1.65029
-0.231239
 -1.70918
  1.77713
  0.17944
 -1.15018
   -2.018
  1.65029
-0.231239
-1.70918
 1.77713
 0.17944
-1.15018
  -2.018
 1.65029
-0.23124
-1.70918
 1.77713
 0.17944
-1.15018
  -2.018
 1.65029
-0.23124
-1.70918
 1.77713
 0.17944
-1.15018
  -2.018
 1.65029
-0.23124
-1.70918
 1.77713
 0.17944
-1.15018
  -2.018
 1.65029
-0.23124
-1.70918
 1.77713
 0.17944
-1.15018
  -2.018
 1.65029
-0.23124
-1.70918
 1.77713
 0.17944
-1.15018
  -2.018
 1.65029
-0.23124
-1.70918
 1.77713
 0.17944
-1.15018
  -2.018
 1.65029
-0.23124
-1.70918
 1.77713
 0.17944
-1.15018
  -2.018
 1.65029
-0.23124
-1.70918
 1.77713
 0.17944
-1.15018
  -2.018
 1.65029
-0.23124
-1.70918
 1.77713
 0.17944
-1.15018
  -2.018
 1.65029
-0.23124
-1.70918
 1.77713
 0.17944
-1.15018
  -2.018
 1.65029
-0.23124
-1.70918
 1.77713
 0.17944
-1.15018
  -2.018
 1.65029
-0.23124
-1.70918
 1.77713
 0.17944
-1.15018
  -2.018
 1.65029
-0.23124
 -1.70918
  1.77713
  0.17944
 -1.15018
   -2.018
  1.65029
-0.231241
 -1.70918
  1.77713
  0.17944
 -1.15018
   -2.018
  1.65029
-0.231241
 -1.70918
  1.77713
  0.17944
 -1.15018
   -2.018
  1.65029
-0.231241
 -1.70918
  1.77713
  0.17944
 -1.15018
   -2.018
  1.65029
-0.231241
 -1.70918
  1.77713
  0.17944
 -1.15018
   -2.018
  1.65029
-0.231241
 -1.70918
  1.77713
  0.17944
 -1.15018
   -2.018
  1.65029
-0.231241
 -1.70918
  1.77713
  0.17944
 -1.15018
   -2.018
  1.65029
-0.231241
 -1.70918
  1.77713
  0.17944
 -1.15018
   -2.018
  1.65029
-0.231241
 -1.70918
  1.77713
  0.17944
 -1.15018
   -2.018
  1.65029
-0.231242
 -1.70918
  1.77713
  0.17944
 -1.15018
   -2.018
  1.65029
-0.231242
 -1.70918
  1.77713
  0.17944
 -1.15018
   -2.018
  1.65029
-0.231242
 -1.70918
  1.77713
  0.17944
 -1.15018
   -2.018
  1.65029
-0.231242
 -1.70918
  1.77713
  0.17944
 -1.15018
   -2.018
  1.65029
-0.231242
 -1.70918
  1.77713
  0.17944
 -1.15018
   -2.018
  1.65029
-0.231242
 -1.70918
  1.77713
  0.17944
 -1.15018
   -2.018
  1.65029
-0.231242
 -1.70918
  1.77713
  0.17944
 -1.15018
   -2.018
  1.65029
-0.231242
 -1.70918
  1.77713
  0.17944
 -1.15018
   -2.018
  1.65029
-0.231242
 -1.70918
  1.77713
  0.17944
 -1.15018
   -2.018
  1.65029
-0.231242
 -1.70918
  1.77713
  0.17944
 -1.15018
   -2.018
  1.65029
-0.231242
 -1.70918
  1.77713
  0.17944
 -1.15018
   -2.018
  1.65029
-0.231242
 -1.70918
  1.77713
  0.17944
 -1.15018
   -2.018
  1.65029
-0.231243
 -1.70918
  1.77713
  0.17944
 -1.15018
   -2.018
  1.65029
-0.231243
 -1.70918
  1.77713
  0.17944
 -1.15018
   -2.018
  1.65029
-0.231243
 -1.70918
  1.77713
  0.17944
 -1.15018
   -2.018
  1.65029
-0.231243
 -1.70918
  1.77713
  0.17944
 -1.15018
   -2.018
  1.65029
-0.231243
 -1.70918
  1.77713
  0.17944
 -1.15018
   -2.018
  1.65029
-0.231243
 -1.70918
  1.77713
  0.17944
 -1.15018
   -2.018
  1.65029
-0.231243
 -1.70918
  1.77713
  0.17944
 -1.15018
   -2.018
  1.65029
-0.231243
 -1.70918
  1.77713
  0.17944
 -1.15018
   -2.018
  1.65029
-0.231243
 -1.70918
  1.77713
  0.17944
 -1.15018
   -2.018
  1.65029
-0.231243
 -1.70918
  1.77713
  0.17944
 -1.15018
   -2.018
  1.65029
-0.231243
 -1.70918
  1.77713
  0.17944
 -1.15018
   -2.018
  1.65029
-0.231243
 -1.70918
  1.77713
  0.17944
 -1.15018
   -2.018
  1.65029
-0.231243
 -1.70918
  1.77713
 0.179439
 -1.15018
   -2.018
  1.65029
-0.231243
 -1.70918
  1.77713
  0.17944
 -1.15018
   -2.018
  1.65029
-0.231243
 -1.70918
  1.77713
 0.179439
 -1.15018
   -2.018
  1.65029
-0.231243
 -1.70918
  1.77713
  0.17944
 -1.15018
   -2.018
  1.65029
-0.231243
 -1.70918
  1.77713
  0.17944
 -1.15018
   -2.018
  1.65029
-0.231244
 -1.70918
  1.77713
  0.17944
 -1.15018
   -2.018
  1.65029
-0.231244
 -1.70918
  1.77713
  0.17944
 -1.15018
   -2.018
  1.65029
-0.231244
 -1.70918
  1.77713
  0.17944
 -1.15018
   -2.018
  1.65029
-0.231244
 -1.70918
  1.77713
  0.17944
 -1.15018
   -2.018
  1.65029
-0.231244
 -1.70918
  1.77713
  0.17944
 -1.15018
   -2.018
  1.65029
-0.231244
 -1.70918
  1.77713
  0.17944
 -1.15018
   -2.018
  1.65029
-0.231244
 -1.70918
  1.77713
  0.17944
 -1.15018
   -2.018
   1.6503
-0.231244
 -1.70918
  1.77713
  0.17944
 -1.15018
   -2.018
  1.65029
-0.231244
 -1.70918
  1.77713
  0.17944
 -1.15018
   -2.018
   1.6503
-0.231244
 -1.70918
  1.77713
  0.17944
 -1.15018
   -2.018
   1.6503
-0.231244
 -1.70918
  1.77713
  0.17944
 -1.15018
   -2.018
   1.6503
-0.231244
 -1.70918
  1.77713
  0.17944
 -1.15018
   -2.018
   1.6503
-0.231244
 -1.70918
  1.77713
  0.17944
 -1.15018
   -2.018
   1.6503
-0.231244
 -1.70918
  1.77713
  0.17944
 -1.15018
   -2.018
   1.6503
-0.231244
 -1.70918
  1.77713
  0.17944
 -1.15018
   -2.018
   1.6503
-0.231244
 -1.70918
  1.77713
  0.17944
 -1.15018
   -2.018
   1.6503
-0.231244
 -1.70918
  1.77713
  0.17944
 -1.15018
   -2.018
   1.6503
-0.231244
 -1.70918
  1.77713
  0.17944
 -1.15018
   -2.018
   1.6503
-0.231244
 -1.70918
  1.77713
  0.17944
 -1.15018
   -2.018
   1.6503
-0.231244
 -1.70918
  1.77713
  0.17944
 -1.15018
   -2.018
   1.6503
-0.231244
 -1.70918
  1.77713
  0.17944
 -1.15018
   -2.018
   1.6503
-0.231244
 -1.70918
  1.77713
  0.17944
 -1.15018
   -2.018
   1.6503
-0.231245
 -1.70918
  1.77713
  0.17944
 -1.15018
   -2.018
   1.6503
-0.231245
 -1.70918
  1.77713
  0.17944
 -1.15018
   -2.018
   1.6503
-0.231245
 -1.70918
  1.77713
  0.17944
 -1.15018
   -2.018
   1.6503
-0.231245
 -1.70918
  1.77713
  0.17944
 -1.15018
   -2.018
   1.6503
-0.231245
 -1.70918
  1.77713
  0.17944
 -1.15018
   -2.018
   1.6503
-0.231245
 -1.70918
  1.77713
  0.17944
 -1.15018
   -2.018
   1.6503
-0.231245
 -1.70918
  1.77713
  0.17944
 -1.15018
   -2.018
   1.6503
-0.231245
 -1.70918
  1.77713
  0.17944
 -1.15018
   -2.018
   1.6503
-0.231245
 -1.70918
  1.77713
  0.17944
 -1.15018
   -2.018
   1.6503
-0.231245
 -1.70918
  1.77713
  0.17944
 -1.15018
   -2.018
   1.6503
-0.231245
 -1.70918
  1.77713
  0.17944
 -1.15018
   -2.018
   1.6503
-0.231245
 -1.70918
  1.77713
  0.17944
 -1.15018
   -2.018
   1.6503
-0.231245
 -1.70918
  1.77713
  0.17944
 -1.15018
   -2.018
   1.6503
-0.231245
 -1.70918
  1.77713
  0.17944
 -1.15018
   -2.018
   1.6503
-0.231245
 -1.70918
  1.77713
  0.17944
 -1.15018
   -2.018
   1.6503
-0.231245
 -1.70918
  1.77713
  0.17944
 -1.15018
   -2.018
   1.6503
-0.231245
 -1.70918
  1.77713
  0.17944
 -1.15018
   -2.018
   1.6503
-0.231245
 -1.70918
  1.77713
  0.17944
 -1.15018
   -2.018
   1.6503
-0.231245
 -1.70918
  1.77713
  0.17944
 -1.15018
   -2.018
   1.6503
-0.231245
 -1.70918
  1.77713
  0.17944
 -1.15018
   -2.018
   1.6503
-0.231245
 -1.70918
  1.77713
  0.17944
 -1.15018
   -2.018
   1.6503
-0.231245
 -1.70918
  1.77713
  0.17944
 -1.15018
   -2.018
   1.6503
-0.231245
 -1.70918
  1.77713
  0.17944
 -1.15018
   -2.018
   1.6503
-0.231246
 -1.70918
  1.77713
  0.17944
 -1.15018
   -2.018
   1.6503
-0.231246
 -1.70918
  1.77713
  0.17944
 -1.15018
   -2.018
   1.6503
-0.231246
 -1.70918
  1.77713
  0.17944
 -1.15018
   -2.018
   1.6503
-0.231246
 -1.70918
  1.77713
  0.17944
 -1.15018
   -2.018
   1.6503
-0.231246
 -1.70918
  1.77713
  0.17944
 -1.15018
   -2.018
   1.6503
-0.231246
 -1.70918
  1.77713
  0.17944
 -1.15018
   -2.018
   1.6503
-0.231246
 -1.70918
  1.77713
  0.17944
 -1.15018
   -2.018
   1.6503
-0.231246
 -1.70918
  1.77713
  0.17944
 -1.15018
   -2.018
   1.6503
-0.231246
 -1.70918
  1.77713
  0.17944
 -1.15018
   -2.018
   1.6503
-0.231246
 -1.70918
  1.77713
  0.17944
 -1.15018
   -2.018
   1.6503
-0.231246
 -1.70918
  1.77713
  0.17944
 -1.15018
   -2.018
   1.6503
-0.231246
 -1.70918
  1.77713
  0.17944
 -1.15018
   -2.018
   1.6503
-0.231246
 -1.70918
  1.77713
  0.17944
 -1.15018
   -2.018
   1.6503
-0.231246
 -1.70918
  1.77713
  0.17944
 -1.15018
   -2.018
   1.6503
-0.231246
 -1.70918
  1.77713
  0.17944
 -1.15018
   -2.018
   1.6503
-0.231246
 -1.70918
  1.77713
  0.17944
 -1.15018
   -2.018
   1.6503
-0.231246
 -1.70918
  1.77713
  0.17944
 -1.15018
   -2.018
   1.6503
-0.231246
 -1.70918
  1.77713
  0.17944
 -1.15018
   -2.018
   1.6503
-0.231246
 -1.70918
  1.77713
  0.17944
 -1.15018
   -2.018
   1.6503
-0.231246
 -1.70918
  1.77713
  0.17944
 -1.15018
   -2.018
   1.6503
-0.231246
 -1.70918
  1.77713
  0.17944
 -1.15018
   -2.018
   1.6503
-0.231246
 -1.70918
  1.77713
  0.17944
 -1.15018
   -2.018
   1.6503
-0.231246
 -1.70918
  1.77713
  0.17944
 -1.15018
   -2.018
   1.6503
-0.231246
 -1.70918
  1.77713
  0.17944
 -1.15018
   -2.018
   1.6503
-0.231246
 -1.70918
  1.77713
  0.17944
 -1.15018
   -2.018
   1.6503
-0.231246
 -1.70918
  1.77713
  0.17944
 -1.15018
   -2.018
   1.6503
-0.231246
 -1.70918
  1.77713
  0.17944
 -1.15018
   -2.018
   1.6503
-0.231247
 -1.70918
  1.77713
  0.17944
 -1.15018
   -2.018
   1.6503
-0.231247
 -1.70918
  1.77713
  0.17944
 -1.15018
   -2.018
   1.6503
-0.231247
 -1.70918
  1.77713
  0.17944
 -1.15018
   -2.018
   1.6503
-0.231247
 -1.70918
  1.77713
  0.17944
 -1.15018
   -2.018
   1.6503
-0.231247
 -1.70918
  1.77713
  0.17944
 -1.15018
   -2.018
   1.6503
-0.231247
 -1.70918
  1.77713
  0.17944
 -1.15018
   -2.018
   1.6503
-0.231247
 -1.70918
  1.77713
  0.17944
 -1.15018
   -2.018
   1.6503
-0.231247
 -1.70918
  1.77713
  0.17944
 -1.15018
   -2.018
   1.6503
-0.231247
 -1.70918
  1.77713
  0.17944
 -1.15018
   -2.018
   1.6503
-0.231247
 -1.70918
  1.77713
  0.17944
 -1.15018
   -2.018
   1.6503
-0.231247
 -1.70918
  1.77713
  0.17944
 -1.15018
   -2.018
   1.6503
-0.231247
 -1.70918
  1.77713
  0.17944
 -1.15018
   -2.018
   1.6503
-0.231247
 -1.70918
  1.77713
  0.17944
 -1.15018
   -2.018
   1.6503
-0.231247
 -1.70918
  1.77713
  0.17944
 -1.15018
   -2.018
   1.6503
-0.231247
 -1.70918
  1.77713
  0.17944
 -1.15018
   -2.018
   1.6503
-0.231247
 -1.70918
  1.77713
  0.17944
 -1.15018
   -2.018
   1.6503
-0.231247
 -1.70918
  1.77713
  0.17944
 -1.15018
   -2.018
   1.6503
-0.231247
 -1.70918
  1.77713
  0.17944
 -1.15018
   -2.018
   1.6503
-0.231247
 -1.70918
  1.77713
  0.17944
 -1.15018
   -2.018
   1.6503
-0.231247
 -1.70918
  1.77713
  0.17944
 -1.15018
   -2.018
   1.6503
-0.231247
 -1.70918
  1.77713
  0.17944
 -1.15018
   -2.018
   1.6503
-0.231247
 -1.70918
  1.77713
  0.17944
 -1.15018
   -2.018
   1.6503
-0.231247
 -1.70918
  1.77713
  0.17944
 -1.15018
   -2.018
   1.6503
-0.231247
 -1.70918
  1.77713
  0.17944
 -1.15018
   -2.018
   1.6503
-0.231247
 -1.70918
  1.77713
  0.17944
 -1.15018
   -2.018
   1.6503
-0.231247
 -1.70918
  1.77713
 0.179439
 -1.15018
   -2.018
   1.6503
-0.231247
 -1.70918
  1.77713
  0.17944
 -1.15018
   -2.018
   1.6503
-0.231247
 -1.70918
  1.77713
  0.17944
 -1.15018
   -2.018
   1.6503
-0.231247
 -1.70918
  1.77713
  0.17944
 -1.15018
   -2.018
   1.6503
-0.231247
 -1.70918
  1.77713
  0.17944
 -1.15018
   -2.018
   1.6503
-0.231247
 -1.70918
  1.77713
  0.17944
 -1.15018
   -2.018
   1.6503
-0.231247
 -1.70918
  1.77713
  0.17944
 -1.15018
   -2.018
   1.6503
-0.231247
 -1.70918
  1.77713
  0.17944
 -1.15018
   -2.018
   1.6503
-0.231247
 -1.70918
  1.77713
  0.17944
 -1.15018
   -2.018
   1.6503
-0.231247
 -1.70918
  1.77713
  0.17944
 -1.15018
   -2.018
   1.6503
-0.231247
 -1.70918
  1.77713
  0.17944
 -1.15018
   -2.018
   1.6503
-0.231247
 -1.70918
  1.77713
  0.17944
 -1.15018
   -2.018
   1.6503
-0.231248
 -1.70918
  1.77713
 0.179439
 -1.15018
   -2.018
   1.6503
-0.231247
 -1.70918
  1.77713
  0.17944
 -1.15018
   -2.018
   1.6503
-0.231248
 -1.70918
  1.77713
  0.17944
 -1.15018
   -2.018
   1.6503
-0.231247
 -1.70918
  1.77713
  0.17944
 -1.15018
   -2.018
   1.6503
-0.231248
 -1.70918
  1.77713
  0.17944
 -1.15018
   -2.018
   1.6503
-0.231248
 -1.70918
  1.77713
  0.17944
 -1.15018
   -2.018
   1.6503
-0.231248
 -1.70918
  1.77713
  0.17944
 -1.15018
   -2.018
   1.6503
-0.231248
 -1.70918
  1.77713
  0.17944
 -1.15018
   -2.018
   1.6503
-0.231248
 -1.70918
  1.77713
  0.17944
 -1.15018
   -2.018
   1.6503
-0.231248
 -1.70918
  1.77713
  0.17944
 -1.15018
   -2.018
   1.6503
-0.231248
 -1.70918
  1.77713
  0.17944
 -1.15018
   -2.018
   1.6503
-0.231248
 -1.70918
  1.77713
 0.179439
 -1.15018
   -2.018
   1.6503
-0.231248
 -1.70918
  1.77713
  0.17944
 -1.15018
   -2.018
   1.6503
-0.231248
 -1.70918
  1.77713
 0.179439
 -1.15018
   -2.018
   1.6503
-0.231248
 -1.70918
  1.77713
  0.17944
 -1.15018
   -2.018
   1.6503
-0.231248
 -1.70918
  1.77713
  0.17944
 -1.15018
   -2.018
   1.6503
-0.231248
 -1.70918
  1.77713
  0.17944
 -1.15018
   -2.018
   1.6503
-0.231248
 -1.70918
  1.77713
  0.17944
 -1.15018
   -2.018
   1.6503
-0.231248
 -1.70918
  1.77713
  0.17944
 -1.15018
   -2.018
   1.6503
-0.231248
 -1.70918
  1.77713
  0.17944
 -1.15018
   -2.018
   1.6503
-0.231248
 -1.70918
  1.77713
  0.17944
 -1.15018
   -2.018
   1.6503
-0.231248
 -1.70918
  1.77713
  0.17944
 -1.15018
   -2.018
   1.6503
-0.231248
 -1.70918
  1.77713
  0.17944
 -1.15018
   -2.018
   1.6503
-0.231248
 -1.70918
  1.77713
  0.17944
 -1.15018
   -2.018
   1.6503
-0.231248
 -1.70918
  1.77713
  0.17944
 -1.15018
   -2.018
   1.6503
-0.231248
 -1.70918
  1.77713
  0.17944
 -1.15018
   -2.018
   1.6503
-0.231248
 -1.70918
  1.77713
  0.17944
 -1.15018
   -2.018
   1.6503
-0.231248
 -1.70918
  1.77713
 0.179439
 -1.15018
   -2.018
   1.6503
-0.231248
 -1.70918
  1.77713
  0.17944
 -1.15018
   -2.018
   1.6503
-0.231248
 -1.70918
  1.77713
  0.17944
 -1.15018
   -2.018
   1.6503
-0.231248
 -1.70918
  1.77713
  0.17944
 -1.15018
   -2.018
   1.6503
-0.231248
 -1.70918
  1.77713
  0.17944
 -1.15018
   -2.018
   1.6503
-0.231248
 -1.70918
  1.77713
  0.17944
 -1.15018
   -2.018
   1.6503
-0.231248
 -1.70918
  1.77713
  0.17944
 -1.15018
   -2.018
   1.6503
-0.231248
 -1.70918
  1.77713
  0.17944
 -1.15018
   -2.018
   1.6503
-0.231248
 -1.70918
  1.77713
  0.17944
 -1.15018
   -2.018
   1.6503
-0.231248
 -1.70918
  1.77713
  0.17944
 -1.15018
   -2.018
   1.6503
-0.231248
 -1.70918
  1.77713
  0.17944
 -1.15018
   -2.018
   1.6503
-0.231248
 -1.70918
  1.77713
  0.17944
 -1.15018
   -2.018
   1.6503
-0.231248
 -1.70918
  1.77713
  0.17944
 -1.15018
   -2.018
   1.6503
-0.231248
 -1.70918
  1.77713
 0.179439
 -1.15018
   -2.018
   1.6503
-0.231249
 -1.70918
  1.77713
  0.17944
 -1.15018
   -2.018
   1.6503
-0.231249
 -1.70918
  1.77713
  0.17944
 -1.15018
   -2.018
   1.6503
-0.231249
 -1.70918
  1.77713
  0.17944
 -1.15018
   -2.018
   1.6503
-0.231249
 -1.70918
  1.77713
  0.17944
 -1.15018
   -2.018
   1.6503
-0.231249
 -1.70918
  1.77713
  0.17944
 -1.15018
   -2.018
   1.6503
-0.231249
 -1.70918
  1.77713
  0.17944
 -1.15018
   -2.018
   1.6503
-0.231249
 -1.70918
  1.77713
  0.17944
 -1.15018
   -2.018
   1.6503
-0.231249
 -1.70918
  1.77713
  0.17944
 -1.15018
   -2.018
   1.6503
-0.231249
 -1.70918
  1.77713
  0.17944
 -1.15018
   -2.018
   1.6503
-0.231249
 -1.70918
  1.77713
  0.17944
 -1.15018
   -2.018
   1.6503
-0.231249
 -1.70918
  1.77713
  0.17944
 -1.15018
   -2.018
   1.6503
-0.231249
 -1.70918
  1.77713
  0.17944
 -1.15018
   -2.018
   1.6503
-0.231249
 -1.70918
  1.77713
  0.17944
 -1.15018
   -2.018
   1.6503
-0.231249
 -1.70918
  1.77713
  0.17944
 -1.15018
   -2.018
   1.6503
-0.231249
 -1.70918
  1.77713
  0.17944
 -1.15018
   -2.018
   1.6503
-0.231249
 -1.70918
  1.77713
  0.17944
 -1.15018
   -2.018
   1.6503
-0.231249
 -1.70918
  1.77713
  0.17944
 -1.15018
   -2.018
   1.6503
-0.231249
 -1.70918
  1.77713
  0.17944
 -1.15018
   -2.018
   1.6503
-0.231249
 -1.70918
  1.77713
  0.17944
 -1.15018
   -2.018
   1.6503
-0.231249
 -1.70918
  1.77713
  0.17944
 -1.15018
   -2.018
   1.6503
-0.231249
 -1.70918
  1.77713
  0.17944
 -1.15018
   -2.018
   1.6503
-0.231249
 -1.70918
  1.77713
  0.17944
 -1.15018
   -2.018
   1.6503
-0.231249
 -1.70918
  1.77713
  0.17944
 -1.15018
   -2.018
   1.6503
-0.231249
 -1.70918
  1.77713
  0.17944
 -1.15018
   -2.018
   1.6503
-0.231249
 -1.70918
  1.77713
  0.17944
 -1.15018
   -2.018
   1.6503
-0.231249
 -1.70918
  1.77713
  0.17944
 -1.15018
   -2.018
   1.6503
-0.231249
 -1.70918
  1.77713
  0.17944
 -1.15018
   -2.018
   1.6503
-0.231249
 -1.70918
  1.77713
 0.179439
 -1.15018
   -2.018
   1.6503
-0.231249
 -1.70918
  1.77713
  0.17944
 -1.15018
   -2.018
   1.6503
-0.231249
 -1.70918
  1.77713
  0.17944
 -1.15018
   -2.018
   1.6503
-0.231249
 -1.70918
  1.77713
  0.17944
 -1.15018
   -2.018
   1.6503
-0.231249
 -1.70918
  1.77713
  0.17944
 -1.15018
   -2.018
   1.6503
-0.231249
 -1.70918
  1.77713
  0.17944
 -1.15018
   -2.018
   1.6503
-0.231249
 -1.70918
  1.77713
  0.17944
 -1.15018
   -2.018
   1.6503
-0.231249
 -1.70918
  1.77713
  0.17944
 -1.15018
   -2.018
   1.6503
-0.231249
 -1.70918
  1.77713
  0.17944
 -1.15018
   -2.018
   1.6503
-0.231249
 -1.70918
  1.77713
  0.17944
 -1.15018
   -2.018
   1.6503
-0.231249
-1.70918
 1.77713
 0.17944
-1.15018
  -2.018
  1.6503
-0.23125
 -1.70918
  1.77713
  0.17944
 -1.15018
   -2.018
   1.6503
-0.231249
 -1.70918
  1.77713
  0.17944
 -1.15018
   -2.018
   1.6503
-0.231249
 -1.70918
  1.77713
  0.17944
 -1.15018
   -2.018
   1.6503
-0.231249
-1.70918
 1.77713
 0.17944
-1.15018
  -2.018
  1.6503
-0.23125
 -1.70918
  1.77713
  0.17944
 -1.15018
   -2.018
   1.6503
-0.231249
-1.70918
 1.77713
 0.17944
-1.15018
  -2.018
  1.6503
-0.23125
 -1.70918
  1.77713
  0.17944
 -1.15018
   -2.018
   1.6503
-0.231249
-1.70918
 1.77713
 0.17944
-1.15018
  -2.018
  1.6503
-0.23125
-1.70918
 1.77713
 0.17944
-1.15018
  -2.018
  1.6503
-0.23125
-1.70918
 1.77713
 0.17944
-1.15018
  -2.018
  1.6503
-0.23125
-1.70918
 1.77713
 0.17944
-1.15018
  -2.018
  1.6503
-0.23125
-1.70918
 1.77713
 0.17944
-1.15018
  -2.018
  1.6503
-0.23125
-1.70918
 1.77713
 0.17944
-1.15018
  -2.018
  1.6503
-0.23125
-1.70918
 1.77713
 0.17944
-1.15018
  -2.018
  1.6503
-0.23125
-1.70918
 1.77713
 0.17944
-1.15018
  -2.018
  1.6503
-0.23125
-1.70918
 1.77713
 0.17944
-1.15018
  -2.018
  1.6503
-0.23125
-1.70918
 1.77713
0.179439
-1.15018
  -2.018
  1.6503
-0.23125
-1.70918
 1.77713
 0.17944
-1.15018
  -2.018
  1.6503
-0.23125
-1.70918
 1.77713
 0.17944
-1.15018
  -2.018
  1.6503
-0.23125
-1.70918
 1.77713
 0.17944
-1.15018
  -2.018
  1.6503
-0.23125
-1.70918
 1.77713
 0.17944
-1.15018
  -2.018
  1.6503
-0.23125
-1.70918
 1.77713
 0.17944
-1.15018
  -2.018
  1.6503
-0.23125
-1.70918
 1.77713
0.179439
-1.15018
  -2.018
  1.6503
-0.23125
-1.70918
 1.77713
 0.17944
-1.15018
  -2.018
  1.6503
-0.23125
-1.70918
 1.77713
 0.17944
-1.15018
  -2.018
  1.6503
-0.23125
-1.70918
 1.77713
 0.17944
-1.15018
  -2.018
  1.6503
-0.23125
-1.70918
 1.77713
 0.17944
-1.15018
  -2.018
  1.6503
-0.23125
-1.70918
 1.77713
 0.17944
-1.15018
  -2.018
  1.6503
-0.23125
-1.70918
 1.77713
 0.17944
-1.15018
  -2.018
  1.6503
-0.23125
-1.70918
 1.77713
 0.17944
-1.15018
  -2.018
  1.6503
-0.23125
-1.70918
 1.77713
 0.17944
-1.15018
  -2.018
  1.6503
-0.23125
-1.70918
 1.77713
 0.17944
-1.15018
  -2.018
  1.6503
-0.23125
-1.70918
 1.77713
 0.17944
-1.15018
  -2.018
  1.6503
-0.23125
-1.70918
 1.77713
0.179439
-1.15018
  -2.018
  1.6503
-0.23125
-1.70918
 1.77713
 0.17944
-1.15018
  -2.018
  1.6503
-0.23125
-1.70918
 1.77713
 0.17944
-1.15018
  -2.018
  1.6503
-0.23125
-1.70918
 1.77713
 0.17944
-1.15018
  -2.018
  1.6503
-0.23125
-1.70918
 1.77713
 0.17944
-1.15018
  -2.018
  1.6503
-0.23125
-1.70918
 1.77713
 0.17944
-1.15018
  -2.018
  1.6503
-0.23125
-1.70918
 1.77713
 0.17944
-1.15018
  -2.018
  1.6503
-0.23125
-1.70918
 1.77713
 0.17944
-1.15018
  -2.018
  1.6503
-0.23125
-1.70918
 1.77713
 0.17944
-1.15018
  -2.018
  1.6503
-0.23125
 -1.70918
  1.77713
  0.17944
 -1.15018
   -2.018
   1.6503
-0.231251
-1.70918
 1.77713
 0.17944
-1.15018
  -2.018
  1.6503
-0.23125
 -1.70918
  1.77713
  0.17944
 -1.15018
   -2.018
   1.6503
-0.231251
 -1.70918
  1.77713
 0.179439
 -1.15018
   -2.018
   1.6503
-0.231251
 -1.70918
  1.77713
  0.17944
 -1.15018
   -2.018
   1.6503
-0.231251
 -1.70918
  1.77713
  0.17944
 -1.15018
   -2.018
   1.6503
-0.231251
 -1.70918
  1.77713
  0.17944
 -1.15018
   -2.018
   1.6503
-0.231251
 -1.70918
  1.77713
  0.17944
 -1.15018
   -2.018
   1.6503
-0.231251
 -1.70918
  1.77713
  0.17944
 -1.15018
   -2.018
   1.6503
-0.231251
 -1.70918
  1.77713
  0.17944
 -1.15018
   -2.018
   1.6503
-0.231251
 -1.70918
  1.77713
 0.179439
 -1.15018
   -2.018
   1.6503
-0.231251
 -1.70918
  1.77713
  0.17944
 -1.15018
   -2.018
   1.6503
-0.231251
 -1.70918
  1.77713
  0.17944
 -1.15018
   -2.018
   1.6503
-0.231251
 -1.70918
  1.77713
  0.17944
 -1.15018
   -2.018
   1.6503
-0.231251
 -1.70918
  1.77713
  0.17944
 -1.15018
   -2.018
   1.6503
-0.231251
 -1.70918
  1.77713
  0.17944
 -1.15018
   -2.018
   1.6503
-0.231251
 -1.70918
  1.77713
  0.17944
 -1.15018
   -2.018
   1.6503
-0.231251
 -1.70918
  1.77713
  0.17944
 -1.15018
   -2.018
   1.6503
-0.231251
 -1.70918
  1.77713
 0.179436
 -1.15018
   -2.018
  1.65029
-0.231251
 -1.70918
  1.77713
 0.179435
 -1.15018
   -2.018
  1.65029
-0.231251
 -1.70918
  1.77713
 0.179429
 -1.15018
   -2.018
  1.65029
-0.231251
-1.70918
 1.77713
 0.17942
-1.15018
  -2.018
 1.65029
-0.23125
-1.70918
 1.77713
 0.17941
-1.15018
  -2.018
 1.65029
-0.23125
 -1.70918
  1.77709
 0.179398
 -1.15015
   -2.018
  1.65029
-0.231249
 -1.70918
  1.77706
 0.179368
 -1.15013
   -2.018
  1.65027
-0.231245
 -1.70918
   1.7771
 0.179314
 -1.15023
 -2.01799
  1.65025
-0.231238
 -1.70918
   1.7771
 0.179259
 -1.15028
 -2.01798
  1.65024
-0.231226
 -1.70918
  1.77704
 0.179194
 -1.15029
 -2.01797
  1.65023
-0.231209
 -1.70918
  1.77703
 0.179117
 -1.15033
 -2.01796
  1.65021
-0.231194
 -1.70917
  1.77702
 0.179046
 -1.15035
 -2.01795
  1.65018
-0.231187
 -1.70918
  1.77702
 0.178961
 -1.15037
 -2.01792
  1.65011
-0.231182
 -1.70917
  1.77702
 0.178875
 -1.15039
 -2.01788
  1.65001
-0.231175
 -1.70917
  1.77701
 0.178784
 -1.15041
 -2.01783
  1.64989
-0.231157
 -1.70917
  1.77701
 0.178696
 -1.15041
 -2.01775
   1.6498
-0.231108
 -1.70917
  1.77701
 0.178603
 -1.15042
 -2.01767
  1.64969
-0.231037
 -1.70914
  1.77695
  0.17853
 -1.15038
 -2.01759
  1.64955
-0.230966
 -1.70912
  1.77688
 0.178441
 -1.15035
  -2.0175
  1.64942
-0.230892
 -1.70914
  1.77689
 0.178267
 -1.15038
 -2.01742
  1.64927
-0.230817
 -1.70914
  1.77688
  0.17811
  -1.1504
 -2.01735
  1.64911
-0.230745
 -1.70909
  1.77681
 0.178009
 -1.15034
 -2.01728
  1.64894
-0.230681
 -1.70908
  1.77678
 0.177879
 -1.15032
 -2.01721
  1.64877
-0.230625
 -1.70906
  1.77675
 0.177759
 -1.15028
 -2.01713
  1.64865
-0.230572
 -1.70904
  1.77668
 0.177638
 -1.15021
 -2.01706
  1.64857
-0.230523
 -1.70903
  1.77661
 0.177513
 -1.15017
 -2.01699
  1.64851
-0.230484
-1.70902
 1.77662
0.177377
-1.15021
 -2.0169
 1.64843
-0.23045
   -1.709
  1.77659
 0.177246
 -1.15019
 -2.01682
  1.64833
-0.230419
 -1.70899
  1.77651
 0.177104
 -1.15015
 -2.01676
  1.64825
-0.230386
 -1.70897
  1.77643
 0.176967
 -1.15011
 -2.01668
  1.64817
-0.230356
 -1.70895
  1.77635
 0.176811
 -1.15007
 -2.01659
  1.64809
-0.230322
 -1.70893
  1.77635
 0.176633
 -1.15016
 -2.01652
  1.64798
-0.230287
 -1.70892
  1.77631
 0.176433
 -1.15022
 -2.01645
  1.64784
-0.230258
  -1.7089
  1.77624
 0.176231
 -1.15026
 -2.01637
  1.64768
-0.230227
-1.70888
 1.77615
0.176043
-1.15029
-2.01629
 1.64751
-0.23019
 -1.70888
  1.77603
 0.175843
 -1.15028
  -2.0162
  1.64731
-0.230156
 -1.70886
  1.77607
  0.17565
 -1.15044
  -2.0161
  1.64708
-0.230121
 -1.70885
  1.77606
 0.175458
 -1.15052
 -2.01601
  1.64686
-0.230078
 -1.70884
  1.77598
 0.175269
 -1.15053
 -2.01593
  1.64664
-0.230007
 -1.70883
  1.77594
 0.175069
 -1.15059
 -2.01583
  1.64642
-0.229914
 -1.70882
  1.77598
 0.174843
 -1.15071
 -2.01573
   1.6462
-0.229822
 -1.70881
  1.77597
 0.174606
 -1.15078
 -2.01564
  1.64601
-0.229735
 -1.70881
  1.77591
 0.174359
 -1.15073
 -2.01555
  1.64585
-0.229641
  -1.7088
  1.77589
  0.17411
 -1.15072
 -2.01547
  1.64567
-0.229544
 -1.70879
  1.77595
 0.173865
 -1.15079
 -2.01539
  1.64545
-0.229445
 -1.70876
  1.77598
 0.173644
  -1.1508
 -2.01531
  1.64524
-0.229344
 -1.70869
   1.7759
 0.173416
 -1.15073
 -2.01521
  1.64505
-0.229235
 -1.70871
  1.77594
 0.173105
 -1.15076
 -2.01504
  1.64483
-0.229138
  -1.7087
  1.77592
 0.172816
 -1.15069
  -2.0149
   1.6446
-0.229064
 -1.70866
  1.77586
 0.172562
 -1.15061
 -2.01476
  1.64439
-0.228994
 -1.70866
  1.77577
 0.172283
 -1.15052
  -2.0146
  1.64418
-0.228917
 -1.70865
  1.77579
 0.171992
 -1.15054
 -2.01443
  1.64394
-0.228846
 -1.70864
  1.77577
 0.171704
 -1.15051
 -2.01429
  1.64372
-0.228777
 -1.70864
  1.77565
 0.171426
  -1.1504
 -2.01414
   1.6435
-0.228702
 -1.70863
  1.77566
 0.171151
 -1.15041
 -2.01398
  1.64326
-0.228624
 -1.70863
  1.77556
 0.170876
 -1.15031
 -2.01386
  1.64301
-0.228539
 -1.70863
   1.7754
 0.170583
 -1.15021
 -2.01372
  1.64275
-0.228459
 -1.70862
  1.77535
 0.170278
 -1.15028
 -2.01356
  1.64248
-0.228386
 -1.70863
  1.77522
 0.169976
 -1.15026
 -2.01342
  1.64224
-0.228311
-1.70862
 1.77516
0.169667
-1.15037
-2.01325
 1.64201
-0.22824
 -1.70863
  1.77501
 0.169367
 -1.15035
 -2.01311
  1.64178
-0.228168
 -1.70863
  1.77487
 0.169081
 -1.15032
 -2.01294
  1.64151
-0.228099
  -1.7086
  1.77488
   0.1688
 -1.15042
 -2.01279
  1.64118
-0.228032
 -1.70857
  1.77481
 0.168511
 -1.15041
 -2.01264
  1.64084
-0.227955
  -1.7086
  1.77467
 0.168104
 -1.15032
 -2.01248
  1.64056
-0.227848
  -1.7086
  1.77463
  0.16768
 -1.15033
 -2.01233
  1.64028
-0.227718
 -1.70856
  1.77454
 0.167301
  -1.1503
 -2.01219
  1.63999
-0.227579
 -1.70857
  1.77458
 0.166882
  -1.1504
 -2.01202
  1.63968
-0.227445
 -1.70856
  1.77451
 0.166493
 -1.15038
 -2.01189
  1.63937
-0.227304
 -1.70857
  1.77443
 0.166086
 -1.15032
 -2.01175
  1.63903
-0.227156
 -1.70857
  1.77443
 0.165683
 -1.15035
 -2.01158
  1.63867
-0.227002
 -1.70856
  1.77438
 0.165291
 -1.15032
 -2.01143
  1.63835
-0.226863
 -1.70856
  1.77447
 0.164895
 -1.15048
 -2.01127
  1.63805
-0.226754
 -1.70857
  1.77442
  0.16452
 -1.15051
 -2.01111
  1.63777
-0.226661
 -1.70857
  1.77431
 0.164143
 -1.15044
 -2.01093
  1.63745
-0.226561
-1.70853
 1.77434
0.163787
-1.15056
-2.01074
 1.63708
-0.22646
 -1.70851
  1.77431
 0.163429
 -1.15057
 -2.01058
  1.63671
-0.226355
 -1.70854
  1.77435
 0.162974
 -1.15066
 -2.01041
  1.63638
-0.226261
 -1.70856
  1.77427
 0.162539
 -1.15063
 -2.01025
  1.63611
-0.226164
 -1.70852
  1.77431
 0.162169
  -1.1507
 -2.01006
  1.63581
-0.226067
 -1.70853
  1.77428
 0.161775
  -1.1507
 -2.00987
  1.63548
-0.225964
 -1.70853
  1.77433
 0.161353
  -1.1508
 -2.00964
  1.63509
-0.225866
 -1.70853
  1.77428
 0.160931
 -1.15077
 -2.00942
  1.63472
-0.225762
 -1.70853
  1.77426
 0.160522
 -1.15079
  -2.0092
  1.63437
-0.225655
 -1.70853
  1.77429
 0.160099
 -1.15086
 -2.00899
  1.63404
-0.225536
 -1.70853
  1.77424
 0.159689
 -1.15087
 -2.00878
  1.63372
-0.225413
 -1.70849
  1.77427
 0.159278
 -1.15095
 -2.00856
  1.63334
-0.225267
 -1.70842
  1.77419
 0.158879
 -1.15093
 -2.00836
  1.63292
-0.225106
 -1.70843
   1.7742
 0.158372
 -1.15097
 -2.00814
  1.63253
-0.224939
 -1.70843
  1.77413
 0.157885
 -1.15091
 -2.00794
   1.6322
-0.224767
 -1.70837
  1.77414
 0.157474
 -1.15095
 -2.00773
  1.63186
-0.224622
 -1.70836
  1.77405
 0.157029
 -1.15089
 -2.00752
  1.63147
-0.224483
 -1.70835
  1.77404
 0.156558
 -1.15092
  -2.0073
  1.63101
-0.224349
 -1.70834
  1.77393
 0.156098
 -1.15085
 -2.00709
  1.63056
-0.224219
 -1.70832
  1.77391
 0.155651
 -1.15083
 -2.00686
  1.63016
-0.224086
 -1.70832
  1.77379
 0.155191
 -1.15074
 -2.00663
  1.62979
-0.223951
 -1.70826
  1.77378
 0.154744
 -1.15077
 -2.00641
  1.62937
-0.223817
 -1.70818
  1.77366
   0.1543
 -1.15071
  -2.0062
  1.62894
-0.223674
 -1.70819
  1.77357
 0.153757
 -1.15068
 -2.00598
  1.62852
-0.223529
 -1.70819
  1.77344
 0.153226
 -1.15065
 -2.00576
  1.62814
-0.223385
 -1.70814
  1.77335
 0.152765
 -1.15069
 -2.00554
  1.62774
-0.223229
 -1.70814
   1.7732
  0.15227
 -1.15066
 -2.00533
  1.62731
-0.223072
 -1.70814
  1.77312
 0.151761
 -1.15074
 -2.00512
  1.62688
-0.222907
-1.70813
 1.77297
0.151266
 -1.1507
-2.00491
 1.62647
-0.22274
 -1.70813
  1.77293
 0.150756
 -1.15075
 -2.00468
  1.62607
-0.222578
 -1.70813
   1.7728
 0.150237
  -1.1507
 -2.00448
  1.62566
-0.222438
-1.70809
 1.77278
0.149735
-1.15073
-2.00425
 1.62522
-0.22231
 -1.70801
  1.77267
  0.14927
 -1.15067
 -2.00402
  1.62476
-0.222181
 -1.70803
  1.77265
 0.148685
 -1.15068
 -2.00376
   1.6243
-0.222042
 -1.70802
  1.77255
 0.148111
 -1.15061
 -2.00351
  1.62386
-0.221901
 -1.70797
  1.77254
 0.147606
 -1.15066
 -2.00327
  1.62338
-0.221751
 -1.70796
  1.77246
 0.147094
 -1.15061
 -2.00304
  1.62291
-0.221591
 -1.70794
  1.77247
 0.146566
 -1.15066
 -2.00279
  1.62245
-0.221437
 -1.70794
   1.7724
 0.146024
 -1.15062
 -2.00256
  1.62201
-0.221272
 -1.70789
  1.77242
  0.14551
 -1.15067
 -2.00232
  1.62151
-0.221109
 -1.70782
  1.77236
 0.145001
 -1.15063
  -2.0021
  1.62102
-0.220937
-1.70783
 1.77239
 0.14439
-1.15067
-2.00184
 1.62057
-0.22077
 -1.70784
  1.77233
 0.143779
 -1.15063
  -2.0016
  1.62011
-0.220605
-1.70779
 1.77236
0.143245
-1.15069
-2.00135
 1.61961
-0.22044
 -1.70778
   1.7723
 0.142709
 -1.15065
 -2.00109
  1.61912
-0.220303
 -1.70777
  1.77233
 0.142154
 -1.15071
 -2.00081
  1.61864
-0.220168
 -1.70777
  1.77222
 0.141599
 -1.15064
 -2.00054
  1.61818
-0.220023
 -1.70773
   1.7722
 0.141064
 -1.15065
 -2.00024
  1.61767
-0.219866
 -1.70766
  1.77222
 0.140527
 -1.15069
 -1.99997
  1.61713
-0.219696
 -1.70768
   1.7722
 0.139896
 -1.15066
 -1.99967
  1.61667
-0.219525
 -1.70768
   1.7722
 0.139259
 -1.15064
 -1.99939
  1.61624
-0.219341
 -1.70764
  1.77216
 0.138699
 -1.15057
 -1.99914
  1.61577
-0.219157
 -1.70763
  1.77217
 0.138134
 -1.15059
 -1.99886
  1.61522
-0.218969
 -1.70763
  1.77213
 0.137558
 -1.15051
 -1.99861
  1.61471
-0.218792
 -1.70763
  1.77214
 0.136966
 -1.15054
 -1.99836
  1.61425
-0.218622
 -1.70759
  1.77206
  0.13641
 -1.15048
  -1.9981
  1.61376
-0.218454
  -1.7075
  1.77204
 0.135864
 -1.15053
 -1.99784
  1.61321
-0.218289
 -1.70753
  1.77193
 0.135197
 -1.15049
 -1.99758
   1.6127
-0.218134
 -1.70754
  1.77187
 0.134528
 -1.15055
 -1.99729
   1.6122
-0.217989
 -1.70749
  1.77176
 0.133972
 -1.15053
 -1.99701
  1.61169
-0.217834
 -1.70749
   1.7717
 0.133377
 -1.15061
 -1.99671
  1.61116
-0.217663
 -1.70748
  1.77158
  0.13276
 -1.15057
 -1.99643
  1.61066
-0.217489
 -1.70745
  1.77151
 0.132181
 -1.15062
 -1.99614
  1.61019
-0.217298
 -1.70738
  1.77139
 0.131626
 -1.15056
 -1.99588
   1.6097
-0.217103
  -1.7074
  1.77135
 0.130937
 -1.15058
 -1.99561
  1.60917
-0.216909
 -1.70741
   1.7712
 0.130252
 -1.15046
 -1.99535
  1.60867
-0.216728
 -1.70737
  1.77117
 0.129661
 -1.15042
 -1.99508
  1.60818
-0.216558
 -1.70736
   1.7711
 0.129073
 -1.15037
 -1.99483
  1.60766
-0.216398
 -1.70736
  1.77107
 0.128425
 -1.15033
 -1.99458
  1.60706
-0.216236
 -1.70732
  1.77096
 0.127828
 -1.15024
 -1.99432
  1.60651
-0.216063
 -1.70725
  1.77095
 0.127248
 -1.15025
 -1.99403
  1.60597
-0.215902
 -1.70727
  1.77081
 0.126556
 -1.15012
 -1.99374
  1.60541
-0.215735
 -1.70727
   1.7708
 0.125851
 -1.15014
 -1.99345
  1.60483
-0.215566
 -1.70723
   1.7708
  0.12524
  -1.1502
 -1.99319
  1.60425
-0.215369
 -1.70723
   1.7707
 0.124618
 -1.15013
  -1.9929
   1.6037
-0.215168
 -1.70723
  1.77067
 0.123969
 -1.15011
 -1.99261
  1.60314
-0.214963
 -1.70719
  1.77057
 0.123346
 -1.15001
 -1.99234
  1.60258
-0.214776
 -1.70713
  1.77065
 0.122737
 -1.15011
 -1.99206
    1.602
-0.214595
 -1.70718
  1.77058
 0.122003
    -1.15
 -1.99179
  1.60143
-0.214432
 -1.70716
  1.77048
 0.121313
 -1.14989
 -1.99153
   1.6009
-0.214271
 -1.70716
  1.77047
 0.120663
  -1.1499
 -1.99126
  1.60035
-0.214101
 -1.70717
   1.7704
 0.120004
 -1.14984
 -1.99099
  1.59976
-0.213922
 -1.70718
  1.77038
 0.119309
 -1.14982
  -1.9907
  1.59917
-0.213745
 -1.70714
  1.77028
 0.118666
 -1.14972
 -1.99043
  1.59862
-0.213579
  -1.7071
  1.77031
 0.118033
 -1.14975
 -1.99011
  1.59806
-0.213395
 -1.70714
   1.7702
 0.117282
  -1.1496
 -1.98981
  1.59748
-0.213198
 -1.70717
  1.77019
 0.116548
  -1.1496
 -1.98946
  1.59697
-0.212999
 -1.70715
  1.77008
 0.115947
 -1.14954
 -1.98915
  1.59647
-0.212808
 -1.70715
  1.77007
 0.115317
 -1.14958
 -1.98881
   1.5959
-0.212626
 -1.70714
  1.76995
 0.114704
 -1.14952
 -1.98852
  1.59535
-0.212462
 -1.70707
  1.76994
 0.114158
 -1.14957
 -1.98823
  1.59478
-0.212298
 -1.70696
   1.7699
 0.113631
  -1.1496
 -1.98792
  1.59424
-0.212133
-1.70692
 1.76991
0.112983
-1.14964
 -1.9876
 1.59368
-0.21196
 -1.70687
  1.76983
 0.112356
 -1.14964
 -1.98729
  1.59311
-0.211769
 -1.70674
  1.76983
 0.111816
 -1.14972
 -1.98699
  1.59257
-0.211584
 -1.70664
  1.76975
  0.11125
 -1.14969
 -1.98669
  1.59202
-0.211398
-1.70654
 1.76987
0.110658
-1.14987
-1.98637
 1.59143
-0.21121
-1.70639
 1.76982
0.110108
 -1.1499
-1.98609
 1.59088
-0.21101
  -1.7062
  1.76978
 0.109568
 -1.14997
  -1.9858
  1.59034
-0.210821
 -1.70609
  1.76979
 0.108943
 -1.15006
 -1.98551
  1.58974
-0.210637
 -1.70595
  1.76979
 0.108325
 -1.15007
 -1.98522
  1.58916
-0.210472
-1.70578
 1.76985
0.107769
-1.15023
-1.98493
 1.58859
-0.21031
 -1.70566
  1.76981
 0.107171
 -1.15016
 -1.98464
  1.58801
-0.210147
 -1.70551
  1.76989
 0.106578
 -1.15026
 -1.98433
  1.58738
-0.209969
 -1.70534
  1.76982
 0.105996
 -1.15019
 -1.98405
   1.5868
-0.209755
 -1.70528
  1.76978
 0.105309
 -1.15011
 -1.98374
  1.58625
-0.209529
-1.70523
 1.76988
0.104603
-1.15023
-1.98344
 1.58563
-0.20931
 -1.70514
  1.76983
 0.103977
 -1.15015
 -1.98316
  1.58502
-0.209091
  -1.7051
  1.76982
  0.10332
 -1.15013
 -1.98284
  1.58442
-0.208868
 -1.70506
  1.76975
 0.102654
 -1.15001
 -1.98256
  1.58381
-0.208652
   -1.705
  1.76984
 0.101994
 -1.15009
 -1.98226
   1.5832
-0.208462
 -1.70492
  1.76975
 0.101373
 -1.14994
 -1.98198
  1.58264
-0.208275
 -1.70493
  1.76963
  0.10064
 -1.14979
 -1.98166
  1.58205
-0.208095
 -1.70492
  1.76966
0.0998992
 -1.14981
 -1.98136
  1.58143
-0.207903
 -1.70487
  1.76967
0.0992629
 -1.14983
 -1.98106
  1.58084
-0.207713
 -1.70486
  1.76954
0.0986191
 -1.14968
 -1.98077
  1.58023
-0.207512
  -1.7048
  1.76949
0.0979673
 -1.14962
 -1.98047
  1.57962
-0.207313
 -1.70471
  1.76944
0.0973304
 -1.14962
 -1.98018
  1.57902
-0.207143
 -1.70473
  1.76947
0.0966073
 -1.14965
 -1.97987
  1.57843
-0.206991
 -1.70472
  1.76938
0.0958745
 -1.14956
 -1.97958
  1.57787
-0.206832
 -1.70466
  1.76927
0.0952123
 -1.14944
  -1.9793
  1.57735
-0.206675
 -1.70464
  1.76934
0.0945724
 -1.14952
   -1.979
  1.57681
-0.206525
 -1.70463
  1.76927
0.0939214
 -1.14943
 -1.97871
  1.57625
-0.206377
 -1.70456
  1.76915
0.0932721
 -1.14928
 -1.97841
  1.57567
-0.206226
 -1.70447
  1.76923
0.0926496
 -1.14939
  -1.9781
   1.5751
-0.206071
 -1.70448
  1.76916
0.0919343
 -1.14929
  -1.9778
  1.57456
-0.205887
 -1.70448
  1.76903
0.0911916
 -1.14914
  -1.9775
  1.57396
-0.205689
 -1.70443
  1.76911
0.0905331
 -1.14927
  -1.9772
  1.57335
-0.205464
 -1.70443
  1.76907
 0.089878
 -1.14922
 -1.97692
   1.5728
-0.205231
 -1.70443
  1.76894
0.0891907
  -1.1491
 -1.97662
  1.57224
-0.205007
 -1.70443
   1.7689
0.0885012
 -1.14912
 -1.97632
  1.57159
-0.204807
 -1.70439
  1.76891
 0.087864
 -1.14915
 -1.97601
  1.57097
-0.204624
 -1.70444
  1.76885
0.0871471
 -1.14911
  -1.9757
  1.57038
-0.204433
 -1.70444
  1.76885
 0.086444
  -1.1491
  -1.9754
  1.56975
-0.204245
 -1.70443
  1.76878
0.0857902
 -1.14905
  -1.9751
  1.56916
-0.204054
 -1.70444
  1.76867
0.0851225
 -1.14891
  -1.9748
   1.5686
-0.203863
 -1.70444
  1.76869
0.0844491
 -1.14892
  -1.9745
  1.56801
-0.203666
 -1.70442
  1.76871
0.0838066
 -1.14895
 -1.97421
  1.56742
-0.203466
 -1.70438
  1.76859
0.0831655
 -1.14881
 -1.97393
  1.56686
-0.203272
 -1.70443
  1.76863
0.0824125
 -1.14885
 -1.97364
  1.56628
-0.203093
 -1.70448
  1.76857
0.0816723
 -1.14873
 -1.97341
  1.56567
-0.202934
 -1.70446
   1.7685
0.0810222
 -1.14861
 -1.97314
  1.56508
-0.202793
 -1.70447
  1.76846
0.0803424
 -1.14857
 -1.97286
  1.56449
-0.202659
 -1.70448
  1.76847
0.0796572
 -1.14857
 -1.97258
  1.56389
 -0.20252
 -1.70445
  1.76845
0.0790074
 -1.14852
 -1.97229
  1.56332
-0.202371
 -1.70441
  1.76837
0.0783608
 -1.14844
   -1.972
  1.56274
-0.202218
 -1.70445
  1.76825
0.0776122
 -1.14829
  -1.9717
  1.56211
-0.202056
 -1.70448
  1.76831
0.0769017
 -1.14836
  -1.9714
   1.5615
-0.201891
 -1.70444
  1.76826
0.0762646
 -1.14828
 -1.97115
  1.56093
-0.201706
 -1.70445
  1.76813
0.0755901
 -1.14814
 -1.97088
  1.56034
-0.201499
 -1.70445
  1.76807
0.0749317
 -1.14812
 -1.97061
  1.55972
 -0.20129
 -1.70442
  1.76807
0.0742956
 -1.14811
 -1.97034
  1.55914
-0.201084
 -1.70438
  1.76804
0.0736549
 -1.14806
 -1.97006
  1.55857
 -0.20088
 -1.70442
  1.76793
0.0729222
 -1.14797
 -1.96978
  1.55802
  -0.2007
 -1.70443
   1.7678
0.0721978
 -1.14783
 -1.96951
   1.5575
-0.200536
  -1.7044
  1.76784
0.0715503
 -1.14789
 -1.96923
  1.55699
-0.200373
 -1.70441
  1.76781
0.0709041
 -1.14783
 -1.96894
  1.55642
-0.200199
  -1.7044
  1.76776
0.0702537
 -1.14781
 -1.96863
  1.55588
-0.200008
  -1.7044
  1.76764
0.0695807
 -1.14767
 -1.96834
  1.55537
-0.199817
 -1.70437
  1.76752
0.0689633
 -1.14753
 -1.96806
  1.55483
-0.199615
 -1.70431
  1.76752
0.0683621
  -1.1476
  -1.9678
  1.55421
-0.199417
 -1.70433
  1.76748
0.0676335
 -1.14756
 -1.96752
  1.55361
-0.199227
 -1.70434
  1.76741
0.0669182
 -1.14755
 -1.96724
  1.55309
-0.199073
 -1.70431
  1.76729
0.0663035
 -1.14744
 -1.96697
  1.55248
-0.198924
  -1.7043
  1.76721
0.0656662
 -1.14729
 -1.96671
  1.55187
-0.198773
 -1.70431
  1.76722
0.0650109
 -1.14734
 -1.96645
   1.5513
-0.198626
 -1.70431
  1.76717
0.0643683
 -1.14727
 -1.96618
  1.55074
-0.198487
 -1.70427
  1.76709
 0.063759
 -1.14722
 -1.96589
  1.55016
-0.198357
 -1.70421
  1.76702
0.0631427
 -1.14715
 -1.96562
  1.54961
-0.198216
 -1.70424
  1.76695
0.0624361
 -1.14706
 -1.96531
  1.54907
-0.198056
 -1.70425
  1.76684
0.0617508
 -1.14689
 -1.96502
   1.5485
-0.197893
 -1.70422
   1.7669
0.0611514
 -1.14689
 -1.96473
  1.54793
-0.197715
 -1.70424
  1.76687
0.0605199
 -1.14675
 -1.96447
  1.54739
-0.197537
 -1.70423
  1.76686
0.0599043
  -1.1466
 -1.96419
  1.54686
-0.197356
 -1.70423
  1.76687
0.0592957
 -1.14649
 -1.96393
  1.54629
-0.197186
 -1.70421
  1.76687
0.0586902
 -1.14634
 -1.96369
  1.54573
-0.197022
 -1.70418
  1.76683
0.0580978
 -1.14623
 -1.96343
  1.54518
 -0.19687
 -1.70422
  1.76679
0.0574157
 -1.14609
 -1.96318
  1.54463
-0.196726
 -1.70422
  1.76684
0.0567488
 -1.14617
  -1.9629
   1.5441
-0.196574
 -1.70417
  1.76683
 0.056146
 -1.14614
 -1.96264
  1.54356
-0.196423
 -1.70415
   1.7668
0.0555276
 -1.14614
 -1.96236
  1.54306
-0.196279
 -1.70412
  1.76678
0.0549153
 -1.14612
 -1.96209
  1.54255
-0.196128
 -1.70411
  1.76679
0.0542932
 -1.14615
 -1.96181
  1.54206
-0.195977
  -1.7041
  1.76678
0.0536842
 -1.14611
 -1.96154
  1.54157
-0.195802
 -1.70405
  1.76679
0.0531231
 -1.14617
 -1.96127
  1.54108
-0.195621
 -1.70399
  1.76672
0.0525506
  -1.1461
 -1.96102
  1.54055
-0.195439
   -1.704
  1.76669
0.0518771
  -1.1461
 -1.96075
  1.54005
-0.195259
 -1.70399
  1.76675
0.0512398
 -1.14619
 -1.96049
  1.53954
 -0.19509
 -1.70394
  1.76674
0.0506574
 -1.14616
 -1.96025
  1.53902
-0.194935
 -1.70392
   1.7667
0.0500258
 -1.14614
    -1.96
  1.53851
-0.194799
 -1.70389
  1.76667
 0.049407
 -1.14608
 -1.95975
  1.53802
-0.194662
 -1.70388
  1.76668
0.0488092
 -1.14607
 -1.95951
  1.53755
-0.194523
 -1.70386
  1.76667
0.0481997
 -1.14599
 -1.95929
  1.53704
-0.194377
  -1.7038
  1.76667
0.0476085
 -1.14598
 -1.95904
  1.53651
-0.194224
 -1.70374
  1.76665
0.0470114
  -1.1459
 -1.95882
    1.536
-0.194079
 -1.70375
  1.76666
 0.046374
 -1.14588
 -1.95857
  1.53555
-0.193939
 -1.70373
  1.76664
  0.04576
  -1.1458
 -1.95834
  1.53504
-0.193787
 -1.70369
  1.76664
0.0452335
 -1.14579
  -1.9581
   1.5345
-0.193625
 -1.70368
  1.76662
0.0446982
  -1.1457
 -1.95788
  1.53401
-0.193456
 -1.70367
  1.76657
0.0441755
 -1.14565
 -1.95765
  1.53356
-0.193295
 -1.70366
  1.76651
0.0436521
 -1.14551
 -1.95742
  1.53305
-0.193142
 -1.70365
  1.76656
0.0431209
 -1.14553
 -1.95719
  1.53251
-0.193002
 -1.70364
  1.76654
0.0425907
 -1.14544
 -1.95698
    1.532
-0.192885
 -1.70363
  1.76651
0.0420775
 -1.14536
 -1.95674
  1.53157
-0.192769
 -1.70358
  1.76649
0.0415791
 -1.14525
 -1.95653
   1.5311
-0.192657
  -1.7035
  1.76649
0.0410664
 -1.14521
 -1.95631
  1.53059
-0.192538
 -1.70351
  1.76645
0.0404858
 -1.14508
 -1.95608
  1.53011
-0.192416
 -1.70349
  1.76642
0.0399535
 -1.14498
 -1.95585
  1.52969
-0.192281
 -1.70345
  1.76642
0.0394627
 -1.14494
 -1.95563
  1.52924
-0.192133
 -1.70344
  1.76639
0.0389366
 -1.14485
 -1.95541
  1.52874
-0.191999
 -1.70342
  1.76637
0.0384123
  -1.1448
 -1.95519
  1.52829
-0.191866
 -1.70341
  1.76634
0.0378925
  -1.1447
 -1.95496
  1.52787
-0.191724
 -1.70339
  1.76633
0.0373859
 -1.14468
 -1.95472
  1.52744
-0.191581
 -1.70338
   1.7663
0.0368646
  -1.1446
 -1.95451
  1.52698
-0.191429
 -1.70337
  1.76628
0.0363482
 -1.14462
  -1.9543
  1.52652
-0.191289
 -1.70332
  1.76625
0.0358588
 -1.14458
 -1.95409
  1.52606
-0.191153
 -1.70323
  1.76623
0.0353734
  -1.1446
 -1.95388
  1.52562
-0.191027
 -1.70324
  1.76619
 0.034788
 -1.14458
 -1.95366
  1.52515
-0.190914
 -1.70325
   1.7662
0.0342295
  -1.1446
 -1.95345
  1.52471
-0.190806
 -1.70323
  1.76618
0.0337318
 -1.14458
 -1.95325
  1.52427
-0.190701
 -1.70324
  1.76619
0.0332247
  -1.1446
 -1.95303
  1.52382
-0.190594
 -1.70324
  1.76618
0.0327043
 -1.14454
  -1.9528
  1.52336
-0.190489
 -1.70324
  1.76621
0.0321888
 -1.14458
 -1.95259
  1.52292
-0.190372
 -1.70324
  1.76619
0.0317098
  -1.1445
  -1.9524
  1.52247
 -0.19025
 -1.70324
  1.76621
0.0312568
 -1.14445
  -1.9522
  1.52206
-0.190129
 -1.70325
  1.76624
0.0308037
 -1.14445
 -1.95203
  1.52162
-0.189996
 -1.70326
  1.76625
0.0303533
 -1.14436
 -1.95185
  1.52119
 -0.18986
 -1.70326
  1.76627
 0.029909
 -1.14434
 -1.95165
  1.52081
-0.189738
 -1.70326
  1.76627
0.0294769
 -1.14425
 -1.95146
  1.52048
-0.189611
 -1.70323
   1.7663
0.0290782
 -1.14422
 -1.95127
  1.52015
-0.189483
 -1.70321
  1.76631
0.0286629
 -1.14413
  -1.9511
  1.51978
-0.189355
 -1.70324
  1.76633
0.0281835
  -1.1441
 -1.95092
  1.51939
-0.189225
 -1.70323
  1.76633
0.0277327
 -1.14399
 -1.95075
  1.51898
-0.189111
 -1.70321
  1.76636
0.0273344
 -1.14399
 -1.95058
  1.51862
-0.189018
 -1.70321
  1.76635
0.0269123
 -1.14388
 -1.95041
  1.51831
-0.188934
 -1.70321
  1.76637
0.0264867
 -1.14379
 -1.95022
  1.51799
-0.188849
 -1.70321
  1.76639
0.0260533
 -1.14373
 -1.95003
  1.51758
 -0.18877
 -1.70321
   1.7664
0.0256235
 -1.14362
 -1.94986
  1.51714
-0.188687
 -1.70321
  1.76641
0.0252017
 -1.14355
 -1.94969
  1.51675
-0.188608
 -1.70321
  1.76641
0.0247881
 -1.14345
 -1.94951
  1.51638
-0.188525
 -1.70321
  1.76643
0.0243775
 -1.14342
 -1.94932
  1.51605
-0.188433
 -1.70321
  1.76642
0.0239605
  -1.1433
 -1.94916
  1.51568
 -0.18834
 -1.70321
  1.76647
0.0235364
 -1.14327
   -1.949
  1.51528
-0.188248
 -1.70321
  1.76652
0.0231245
 -1.14329
 -1.94883
  1.51489
-0.188155
 -1.70321
  1.76647
0.0227099
  -1.1432
 -1.94867
  1.51454
-0.188051
 -1.70321
  1.76648
0.0223054
 -1.14322
  -1.9485
  1.51425
-0.187943
 -1.70321
  1.76648
0.0219053
 -1.14321
 -1.94833
  1.51394
-0.187824
 -1.70319
  1.76649
0.0215131
 -1.14322
 -1.94817
  1.51357
-0.187709
-1.70315
  1.7665
0.021122
-1.14323
-1.94801
 1.51319
 -0.1876
 -1.70318
  1.76651
0.0206792
  -1.1432
 -1.94786
  1.51283
-0.187506
 -1.70318
  1.76651
0.0202985
 -1.14321
 -1.94769
  1.51252
-0.187418
 -1.70313
  1.76649
0.0200029
 -1.14316
 -1.94754
  1.51223
-0.187328
 -1.70313
  1.76651
0.0196812
 -1.14312
 -1.94739
  1.51197
 -0.18724
 -1.70312
  1.76652
0.0193494
 -1.14312
 -1.94726
  1.51168
-0.187154
 -1.70311
  1.76651
0.0190196
 -1.14303
 -1.94711
  1.51135
-0.187072
  -1.7031
  1.76651
0.0187012
 -1.14302
 -1.94696
  1.51103
-0.186996
 -1.70308
  1.76649
0.0183924
 -1.14293
 -1.94683
  1.51072
-0.186925
 -1.70306
  1.76651
0.0180883
 -1.14286
 -1.94669
  1.51045
-0.186854
 -1.70304
  1.76652
0.0177848
 -1.14284
 -1.94655
  1.51017
-0.186779
 -1.70301
   1.7665
0.0174724
 -1.14274
 -1.94644
  1.50988
-0.186706
 -1.70298
   1.7665
0.0171557
 -1.14264
 -1.94631
   1.5096
-0.186638
 -1.70295
  1.76652
 0.016849
  -1.1426
 -1.94617
   1.5093
-0.186569
 -1.70292
  1.76651
0.0165494
 -1.14249
 -1.94606
  1.50901
-0.186493
  -1.7029
  1.76651
0.0162533
 -1.14237
 -1.94595
  1.50873
-0.186422
 -1.70288
  1.76653
0.0159654
 -1.14234
 -1.94582
  1.50848
 -0.18635
 -1.70286
  1.76654
0.0156797
 -1.14227
 -1.94569
  1.50825
-0.186271
 -1.70285
  1.76655
0.0153852
  -1.1422
 -1.94557
  1.50799
-0.186194
 -1.70284
  1.76653
0.0150882
 -1.14212
 -1.94547
  1.50773
-0.186117
 -1.70284
  1.76651
0.0148048
 -1.14202
 -1.94536
  1.50748
-0.186037
 -1.70284
  1.76653
0.0145396
 -1.14197
 -1.94524
   1.5072
-0.185954
 -1.70284
  1.76656
0.0142851
 -1.14199
 -1.94511
  1.50694
 -0.18587
 -1.70283
  1.76655
0.0140432
 -1.14194
 -1.94498
  1.50672
-0.185781
 -1.70279
  1.76654
0.0138243
 -1.14189
 -1.94485
   1.5065
-0.185685
 -1.70272
  1.76658
0.0136203
 -1.14193
 -1.94474
  1.50629
-0.185596
 -1.70273
  1.76658
0.0133072
 -1.14189
 -1.94462
  1.50609
-0.185519
 -1.70272
  1.76658
0.0129999
 -1.14187
 -1.94452
  1.50586
-0.185457
 -1.70268
   1.7666
0.0127809
 -1.14185
 -1.94443
   1.5056
  -0.1854
 -1.70267
  1.76665
0.0125572
 -1.14188
 -1.94433
  1.50537
-0.185346
 -1.70266
  1.76667
0.0123396
 -1.14184
 -1.94425
  1.50516
-0.185295
 -1.70266
  1.76668
0.0121231
 -1.14182
 -1.94417
  1.50498
-0.185246
 -1.70265
  1.76674
0.0119088
 -1.14185
 -1.94409
  1.50481
-0.185199
 -1.70265
  1.76675
0.0116917
 -1.14183
   -1.944
  1.50466
-0.185152
 -1.70265
  1.76676
0.0114691
  -1.1418
 -1.94393
   1.5045
-0.185108
 -1.70265
   1.7668
0.0112408
  -1.1418
 -1.94387
  1.50433
-0.185063
 -1.70265
  1.76685
0.0110291
 -1.14183
 -1.94378
  1.50416
-0.185018
 -1.70265
  1.76685
0.0108238
 -1.14179
  -1.9437
  1.50398
-0.184969
 -1.70265
  1.76685
 0.010616
 -1.14175
 -1.94361
  1.50378
-0.184919
 -1.70265
  1.76695
0.0104276
  -1.1418
 -1.94353
  1.50357
-0.184876
 -1.70265
  1.76702
0.0102511
 -1.14178
 -1.94347
  1.50338
-0.184837
 -1.70265
  1.76696
0.0100578
 -1.14163
 -1.94339
  1.50325
-0.184794
  -1.70266
     1.767
0.00987656
  -1.14162
   -1.9433
   1.50311
 -0.184753
 -1.70266
  1.76697
0.0097125
 -1.14156
 -1.94324
  1.50295
-0.184712
  -1.70267
   1.76697
0.00954484
  -1.14151
  -1.94317
    1.5028
 -0.184671
 -1.70268
  1.76698
0.0093758
 -1.14152
 -1.94309
  1.50267
-0.184629
  -1.70268
   1.76695
0.00921072
  -1.14145
  -1.94303
   1.50253
 -0.184585
  -1.70269
   1.76695
0.00904425
  -1.14142
  -1.94298
   1.50239
 -0.184542
  -1.7027
  1.76694
0.0088902
 -1.14138
 -1.94292
  1.50223
  -0.1845
  -1.7027
  1.76691
0.0087335
 -1.14132
 -1.94287
   1.5021
-0.184455
   -1.7027
   1.76689
0.00857933
  -1.14126
   -1.9428
     1.502
 -0.184411
  -1.70271
    1.7669
0.00843534
  -1.14126
  -1.94274
    1.5019
 -0.184368
  -1.70271
   1.76687
0.00828404
  -1.14119
  -1.94269
   1.50178
 -0.184331
  -1.70271
   1.76686
0.00814843
  -1.14116
  -1.94263
   1.50168
 -0.184307
  -1.70271
   1.76686
0.00801811
  -1.14113
  -1.94258
   1.50157
  -0.18429
  -1.70271
   1.76686
0.00789724
  -1.14109
  -1.94252
   1.50147
 -0.184273
  -1.70271
   1.76685
0.00777321
  -1.14103
  -1.94249
   1.50139
 -0.184257
  -1.70271
   1.76686
0.00765684
  -1.14099
  -1.94245
   1.50134
 -0.184242
  -1.70271
   1.76687
0.00755072
  -1.14099
   -1.9424
   1.50129
 -0.184224
 -1.70271
  1.76685
0.0074431
 -1.14093
 -1.94238
  1.50124
-0.184206
  -1.70271
   1.76685
0.00734076
  -1.14092
  -1.94235
    1.5012
 -0.184186
  -1.70271
   1.76684
0.00726214
  -1.14088
  -1.94232
   1.50117
 -0.184164
  -1.70272
   1.76684
0.00719701
  -1.14085
  -1.94231
   1.50115
 -0.184143
  -1.70272
   1.76684
0.00713571
  -1.14083
  -1.94228
   1.50112
 -0.184122
 -1.70272
  1.76684
0.0070934
 -1.14081
 -1.94225
  1.50109
-0.184098
  -1.70273
   1.76683
0.00705344
  -1.14081
  -1.94224
   1.50105
 -0.184075
  -1.70273
   1.76683
0.00701694
  -1.14081
  -1.94223
   1.50099
 -0.184052
  -1.70273
   1.76683
0.00698129
  -1.14081
  -1.94222
   1.50093
 -0.184036
  -1.70273
   1.76683
0.00694714
  -1.14082
  -1.94219
   1.50088
 -0.184031
  -1.70273
   1.76682
0.00691885
   -1.1408
  -1.94217
   1.50084
 -0.184031
  -1.70273
   1.76683
0.00688602
  -1.14079
  -1.94215
   1.50078
  -0.18403
  -1.70273
   1.76684
0.00685803
  -1.14082
  -1.94214
   1.50073
 -0.184028
  -1.70273
   1.76682
0.00682813
   -1.1408
  -1.94213
   1.50069
 -0.184027
  -1.70273
   1.76682
0.00679895
  -1.14081
  -1.94212
   1.50066
 -0.184026
  -1.70273
   1.76682
0.00677121
  -1.14081
  -1.94211
   1.50064
 -0.184026
  -1.70273
   1.76682
0.00675461
  -1.14081
   -1.9421
   1.50063
 -0.184024
  -1.70273
   1.76682
0.00675371
  -1.14081
   -1.9421
   1.50062
 -0.184023
  -1.70273
   1.76682
0.00676162
  -1.14081
  -1.94209
   1.50061
 -0.184022
  -1.70273
   1.76682
0.00677612
  -1.14081
  -1.94209
    1.5006
 -0.184022
  -1.70273
   1.76682
0.00679332
  -1.14081
   -1.9421
    1.5006
 -0.184021
 -1.70273
  1.76682
0.0068068
 -1.14081
  -1.9421
  1.50059
-0.184021
  -1.70273
   1.76682
0.00681848
  -1.14081
   -1.9421
   1.50059
  -0.18402
  -1.70273
   1.76682
0.00682927
  -1.14081
   -1.9421
    1.5006
 -0.184019
  -1.70273
   1.76682
0.00683568
  -1.14081
   -1.9421
    1.5006
 -0.184018
  -1.70273
   1.76682
0.00683712
  -1.14081
   -1.9421
    1.5006
 -0.184018
  -1.70273
   1.76682
0.00683712
  -1.14081
   -1.9421
    1.5006
 -0.184017
  -1.70273
   1.76682
0.00683652
  -1.14081
   -1.9421
    1.5006
 -0.184017
  -1.70273
   1.76682
0.00683604
  -1.14081
   -1.9421
    1.5006
 -0.184016
  -1.70273
   1.76682
0.00683628
  -1.14081
   -1.9421
    1.5006
 -0.184016
 -1.70273
  1.76682
0.0068364
 -1.14081
  -1.9421
   1.5006
-0.184015
  -1.70273
   1.76682
0.00683664
  -1.14081
   -1.9421
    1.5006
 -0.184015
  -1.70273
   1.76682
0.00683688
  -1.14081
   -1.9421
    1.5006
 -0.184014
  -1.70273
   1.76682
0.00683736
  -1.14081
   -1.9421
    1.5006
 -0.184014
 -1.70273
  1.76682
0.0068376
 -1.14081
  -1.9421
   1.5006
-0.184013
 -1.70273
  1.76682
0.0068376
 -1.14081
  -1.9421
   1.5006
-0.184013
  -1.70273
   1.76682
0.00683772
  -1.14081
   -1.9421
    1.5006
 -0.184012
  -1.70273
   1.76682
0.00683814
  -1.14081
   -1.9421
    1.5006
 -0.184012
  -1.70273
   1.76682
0.00683862
  -1.14081
   -1.9421
    1.5006
 -0.184011
  -1.70273
   1.76682
0.00683904
  -1.14081
   -1.9421
    1.5006
 -0.184011
 -1.70273
  1.76682
0.0068394
 -1.14081
  -1.9421
   1.5006
 -0.18401
  -1.70273
   1.76682
0.00683934
  -1.14081
   -1.9421
    1.5006
  -0.18401
  -1.70273
   1.76682
0.00683922
  -1.14081
   -1.9421
    1.5006
  -0.18401
  -1.70273
   1.76682
0.00683862
  -1.14081
   -1.9421
    1.5006
 -0.184009
  -1.70273
   1.76682
0.00683808
  -1.14081
   -1.9421
    1.5006
 -0.184009
 -1.70273
  1.76682
0.0068379
 -1.14081
  -1.9421
   1.5006
-0.184008
  -1.70273
   1.76682
0.00683772
  -1.14081
   -1.9421
    1.5006
 -0.184008
 -1.70273
  1.76682
0.0068379
 -1.14081
  -1.9421
   1.5006
-0.184008
 -1.70273
  1.76682
0.0068382
 -1.14081
  -1.9421
   1.5006
-0.184008
  -1.70273
   1.76682
0.00683934
  -1.14081
   -1.9421
    1.5006
 -0.184007
 -1.70273
  1.76682
0.0068406
 -1.14081
  -1.9421
   1.5006
-0.184007
  -1.70273
   1.76682
0.00684173
  -1.14081
   -1.9421
    1.5006
 -0.184007
  -1.70273
   1.76682
0.00684275
  -1.14081
   -1.9421
    1.5006
 -0.184006
  -1.70273
   1.76682
0.00684365
  -1.14081
   -1.9421
    1.5006
 -0.184006
  -1.70273
   1.76682
0.00684401
  -1.14081
   -1.9421
    1.5006
 -0.184005
  -1.70273
   1.76682
0.00684371
  -1.14081
   -1.9421
    1.5006
 -0.184005
  -1.70273
   1.76682
0.00684317
  -1.14081
   -1.9421
    1.5006
 -0.184005
  -1.70273
   1.76682
0.00684293
  -1.14081
   -1.9421
    1.5006
 -0.184004
  -1.70273
   1.76682
0.00684275
  -1.14081
   -1.9421
    1.5006
 -0.184004
  -1.70273
   1.76682
0.00684275
  -1.14081
   -1.9421
    1.5006
 -0.184004
  -1.70273
   1.76682
0.00684281
  -1.14081
   -1.9421
    1.5006
 -0.184003
  -1.70273
   1.76682
0.00684299
  -1.14081
   -1.9421
    1.5006
 -0.184003
  -1.70273
   1.76682
0.00684329
  -1.14081
   -1.9421
    1.5006
 -0.184003
  -1.70273
   1.76682
0.00684353
  -1.14081
   -1.9421
    1.5006
 -0.184002
  -1.70273
   1.76682
0.00684395
  -1.14081
   -1.9421
    1.5006
 -0.184002
  -1.70273
   1.76682
0.00684377
  -1.14081
   -1.9421
    1.5006
 -0.184002
  -1.70273
   1.76682
0.00684377
  -1.14081
   -1.9421
    1.5006
 -0.184001
  -1.70273
   1.76682
0.00684359
  -1.14081
   -1.9421
    1.5006
 -0.184001
  -1.70273
   1.76682
0.00684323
  -1.14081
   -1.9421
    1.5006
 -0.184001
  -1.70273
   1.76682
0.00684317
  -1.14081
   -1.9421
    1.5006
 -0.184001
  -1.70273
   1.76682
0.00684317
  -1.14081
   -1.9421
    1.5006
    -0.184
  -1.70273
   1.76682
0.00684317
  -1.14081
   -1.9421
    1.5006
    -0.184
  -1.70273
   1.76682
0.00684335
  -1.14081
   -1.9421
    1.5006
    -0.184
  -1.70273
   1.76682
0.00684335
  -1.14081
   -1.9421
    1.5006
 -0.183999
  -1.70273
   1.76682
0.00684377
  -1.14081
   -1.9421
    1.5006
 -0.183999
  -1.70273
   1.76682
0.00684389
  -1.14081
   -1.9421
    1.5006
 -0.183999
  -1.70273
   1.76682
0.00684377
  -1.14081
   -1.9421
    1.5006
 -0.183999
  -1.70273
   1.76682
0.00684377
  -1.14081
   -1.9421
    1.5006
 -0.183998
  -1.70273
   1.76682
0.00684365
  -1.14081
   -1.9421
    1.5006
 -0.183998
  -1.70273
   1.76682
0.00684365
  -1.14081
   -1.9421
    1.5006
 -0.183998
  -1.70273
   1.76682
0.00684365
  -1.14081
   -1.9421
    1.5006
 -0.183997
  -1.70273
   1.76682
0.00684359
  -1.14081
   -1.9421
    1.5006
 -0.183997
  -1.70273
   1.76682
0.00684365
  -1.14081
   -1.9421
    1.5006
 -0.183997
  -1.70273
   1.76682
0.00684359
  -1.14081
   -1.9421
    1.5006
 -0.183997
  -1.70273
   1.76682
0.00684353
  -1.14081
   -1.9421
    1.5006
 -0.183997
  -1.70273
   1.76682
0.00684341
  -1.14081
   -1.9421
    1.5006
 -0.183997
  -1.70273
   1.76682
0.00684335
  -1.14081
   -1.9421
    1.5006
 -0.183997
  -1.70273
   1.76682
0.00684329
  -1.14081
   -1.9421
    1.5006
 -0.183997
  -1.70273
   1.76682
0.00684329
  -1.14081
   -1.9421
    1.5006
 -0.183997
  -1.70273
   1.76682
0.00684323
  -1.14081
   -1.9421
    1.5006
 -0.183997
  -1.70273
   1.76682
0.00684365
  -1.14081
   -1.9421
    1.5006
 -0.183997
  -1.70273
   1.76682
0.00684377
  -1.14081
   -1.9421
    1.5006
 -0.183997
  -1.70273
   1.76682
0.00684395
  -1.14081
   -1.9421
    1.5006
 -0.183997
  -1.70273
   1.76682
0.00684395
  -1.14081
   -1.9421
    1.5006
 -0.183997
  -1.70273
   1.76682
0.00684407
  -1.14081
   -1.9421
    1.5006
 -0.183997
  -1.70273
   1.76682
0.00684401
  -1.14081
   -1.9421
    1.5006
 -0.183997
  -1.70273
   1.76682
0.00684377
  -1.14081
   -1.9421
    1.5006
 -0.183997
  -1.70273
   1.76682
0.00684353
  -1.14081
   -1.9421
    1.5006
 -0.183997
  -1.70273
   1.76682
0.00684311
  -1.14081
   -1.9421
    1.5006
 -0.183997
  -1.70273
   1.76682
0.00684299
  -1.14081
   -1.9421
    1.5006
 -0.183997
  -1.70273
   1.76682
0.00684317
  -1.14081
   -1.9421
    1.5006
 -0.183997
  -1.70273
   1.76682
0.00684317
  -1.14081
   -1.9421
    1.5006
 -0.183997
  -1.70273
   1.76682
0.00684335
  -1.14081
   -1.9421
    1.5006
 -0.183997
  -1.70273
   1.76682
0.00684353
  -1.14081
   -1.9421
    1.5006
 -0.183997
  -1.70273
   1.76682
0.00684365
  -1.14081
   -1.9421
    1.5006
 -0.183997
  -1.70273
   1.76682
0.00684365
  -1.14081
   -1.9421
    1.5006
 -0.183997
  -1.70273
   1.76682
0.00684365
  -1.14081
   -1.9421
    1.5006
 -0.183997
  -1.70273
   1.76682
0.00684359
  -1.14081
   -1.9421
    1.5006
 -0.183997
  -1.70273
   1.76682
0.00684365
  -1.14081
   -1.9421
    1.5006
 -0.183997
  -1.70273
   1.76682
0.00684365
  -1.14081
   -1.9421
    1.5006
 -0.183997
  -1.70273
   1.76682
0.00684353
  -1.14081
   -1.9421
    1.5006
 -0.183997
  -1.70273
   1.76682
0.00684359
  -1.14081
   -1.9421
    1.5006
 -0.183997
  -1.70273
   1.76682
0.00684371
  -1.14081
   -1.9421
    1.5006
 -0.183997
  -1.70273
   1.76682
0.00684353
  -1.14081
   -1.9421
    1.5006
 -0.183997
  -1.70273
   1.76682
0.00684359
  -1.14081
   -1.9421
    1.5006
 -0.183997
  -1.70273
   1.76682
0.00684365
  -1.14081
   -1.9421
    1.5006
 -0.183997
  -1.70273
   1.76682
0.00684353
  -1.14081
   -1.9421
    1.5006
 -0.183997
  -1.70273
   1.76682
0.00684359
  -1.14081
   -1.9421
    1.5006
 -0.183997
  -1.70273
   1.76682
0.00684353
  -1.14081
   -1.9421
    1.5006
 -0.183997
  -1.70273
   1.76682
0.00684365
  -1.14081
   -1.9421
    1.5006
 -0.183997
  -1.70273
   1.76682
0.00684353
  -1.14081
   -1.9421
    1.5006
 -0.183997
  -1.70273
   1.76682
0.00684377
  -1.14081
   -1.9421
    1.5006
 -0.183997
  -1.70273
   1.76682
0.00684365
  -1.14081
   -1.9421
    1.5006
 -0.183997
  -1.70273
   1.76682
0.00684371
  -1.14081
   -1.9421
    1.5006
 -0.183997
  -1.70273
   1.76682
0.00684353
  -1.14081
   -1.9421
    1.5006
 -0.183997
  -1.70273
   1.76682
0.00684335
  -1.14081
   -1.9421
    1.5006
 -0.183997
  -1.70273
   1.76682
0.00684329
  -1.14081
   -1.9421
    1.5006
 -0.183997
  -1.70273
   1.76682
0.00684335
  -1.14081
   -1.9421
    1.5006
 -0.183997
  -1.70273
   1.76682
0.00684329
  -1.14081
   -1.9421
    1.5006
 -0.183997
  -1.70273
   1.76682
0.00684353
  -1.14081
   -1.9421
    1.5006
 -0.183997
  -1.70273
   1.76682
0.00684353
  -1.14081
   -1.9421
    1.5006
 -0.183997
  -1.70273
   1.76682
0.00684377
  -1.14081
   -1.9421
    1.5006
 -0.183997
  -1.70273
   1.76682
0.00684389
  -1.14081
   -1.9421
    1.5006
 -0.183997
  -1.70273
   1.76682
0.00684407
  -1.14081
   -1.9421
    1.5006
 -0.183997
  -1.70273
   1.76682
0.00684401
  -1.14081
   -1.9421
    1.5006
 -0.183997
  -1.70273
   1.76682
0.00684401
  -1.14081
   -1.9421
    1.5006
 -0.183997
  -1.70273
   1.76682
0.00684395
  -1.14081
   -1.9421
    1.5006
 -0.183997
  -1.70273
   1.76682
0.00684371
  -1.14081
   -1.9421
    1.5006
 -0.183997
  -1.70273
   1.76682
0.00684353
  -1.14081
   -1.9421
    1.5006
 -0.183997
  -1.70273
   1.76682
0.00684353
  -1.14081
   -1.9421
    1.5006
 -0.183997
  -1.70273
   1.76682
0.00684353
  -1.14081
   -1.9421
    1.5006
 -0.183997
  -1.70273
   1.76682
0.00684353
  -1.14081
   -1.9421
    1.5006
 -0.183997
  -1.70273
   1.76682
0.00684353
  -1.14081
   -1.9421
    1.5006
 -0.183997
  -1.70273
   1.76682
0.00684359
  -1.14081
   -1.9421
    1.5006
 -0.183997
  -1.70273
   1.76682
0.00684371
  -1.14081
   -1.9421
    1.5006
 -0.183997
  -1.70273
   1.76682
0.00684377
  -1.14081
   -1.9421
    1.5006
 -0.183997
  -1.70273
   1.76682
0.00684395
  -1.14081
   -1.9421
    1.5006
 -0.183997
  -1.70273
   1.76682
0.00684389
  -1.14081
   -1.9421
    1.5006
 -0.183997
  -1.70273
   1.76682
0.00684395
  -1.14081
   -1.9421
    1.5006
 -0.183997
  -1.70273
   1.76682
0.00684371
  -1.14081
   -1.9421
    1.5006
 -0.183997
  -1.70273
   1.76682
0.00684371
  -1.14081
   -1.9421
    1.5006
 -0.183997
  -1.70273
   1.76682
0.00684365
  -1.14081
   -1.9421
    1.5006
 -0.183997
  -1.70273
   1.76682
0.00684353
  -1.14081
   -1.9421
    1.5006
 -0.183997
  -1.70273
   1.76682
0.00684365
  -1.14081
   -1.9421
    1.5006
 -0.183997
  -1.70273
   1.76682
0.00684359
  -1.14081
   -1.9421
    1.5006
 -0.183997
  -1.70273
   1.76682
0.00684365
  -1.14081
   -1.9421
    1.5006
 -0.183997
  -1.70273
   1.76682
0.00684377
  -1.14081
   -1.9421
    1.5006
 -0.183997
  -1.70273
   1.76682
0.00684371
  -1.14081
   -1.9421
    1.5006
 -0.183997
  -1.70273
   1.76682
0.00684371
  -1.14081
   -1.9421
    1.5006
 -0.183997
  -1.70273
   1.76682
0.00684371
  -1.14081
   -1.9421
    1.5006
 -0.183997
  -1.70273
   1.76682
0.00684377
  -1.14081
   -1.9421
    1.5006
 -0.183997
  -1.70273
   1.76682
0.00684371
  -1.14081
   -1.9421
    1.5006
 -0.183997
  -1.70273
   1.76682
0.00684365
  -1.14081
   -1.9421
    1.5006
 -0.183997
  -1.70273
   1.76682
0.00684365
  -1.14081
   -1.9421
    1.5006
 -0.183997
  -1.70273
   1.76682
0.00684365
  -1.14081
   -1.9421
    1.5006
 -0.183997
  -1.70273
   1.76682
0.00684353
  -1.14081
   -1.9421
    1.5006
 -0.183997
  -1.70273
   1.76682
0.00684353
  -1.14081
   -1.9421
    1.5006
 -0.183997
  -1.70273
   1.76682
0.00684353
  -1.14081
   -1.9421
    1.5006
 -0.183997
  -1.70273
   1.76682
0.00684353
  -1.14081
   -1.9421
    1.5006
 -0.183997
  -1.70273
   1.76682
0.00684371
  -1.14081
   -1.9421
    1.5006
 -0.183997
  -1.70273
   1.76682
0.00684365
  -1.14081
   -1.9421
    1.5006
 -0.183997
  -1.70273
   1.76682
0.00684371
  -1.14081
   -1.9421
    1.5006
 -0.183997
  -1.70273
   1.76682
0.00684389
  -1.14081
   -1.9421
    1.5006
 -0.183997
  -1.70273
   1.76682
0.00684395
  -1.14081
   -1.9421
    1.5006
 -0.183997
  -1.70273
   1.76682
0.00684389
  -1.14081
   -1.9421
    1.5006
 -0.183997
  -1.70273
   1.76682
0.00684377
  -1.14081
   -1.9421
    1.5006
 -0.183997
  -1.70273
   1.76682
0.00684377
  -1.14081
   -1.9421
    1.5006
 -0.183997
  -1.70273
   1.76682
0.00684353
  -1.14081
   -1.9421
    1.5006
 -0.183997
  -1.70273
   1.76682
0.00684353
  -1.14081
   -1.9421
    1.5006
 -0.183997
  -1.70273
   1.76682
0.00684353
  -1.14081
   -1.9421
    1.5006
 -0.183997
  -1.70273
   1.76682
0.00684353
  -1.14081
   -1.9421
    1.5006
 -0.183997
  -1.70273
   1.76682
0.00684359
  -1.14081
   -1.9421
    1.5006
 -0.183997
  -1.70273
   1.76682
0.00684353
  -1.14081
   -1.9421
    1.5006
 -0.183997
  -1.70273
   1.76682
0.00684377
  -1.14081
   -1.9421
    1.5006
 -0.183997
  -1.70273
   1.76682
0.00684365
  -1.14081
   -1.9421
    1.5006
 -0.183997
  -1.70273
   1.76682
0.00684371
  -1.14081
   -1.9421
    1.5006
 -0.183997
  -1.70273
   1.76682
0.00684377
  -1.14081
   -1.9421
    1.5006
 -0.183997
  -1.70273
   1.76682
0.00684377
  -1.14081
   -1.9421
    1.5006
 -0.183997
  -1.70273
   1.76682
0.00684365
  -1.14081
   -1.9421
    1.5006
 -0.183997
  -1.70273
   1.76682
0.00684371
  -1.14081
   -1.9421
    1.5006
 -0.183997
  -1.70273
   1.76682
0.00684371
  -1.14081
   -1.9421
    1.5006
 -0.183997
