  0.11464
-0.929395
-0.626754
 0.178244
-0.533563
 -1.21889
 0.124933
-0.921623
-0.658095
 0.181917
-0.516905
 -1.20623
 0.130701
-0.918892
 -0.62574
 0.173113
-0.514744
 -1.20518
 0.106371
-0.930188
-0.643512
 0.175369
-0.519333
 -1.22018
 0.118493
-0.921136
-0.644607
 0.170601
-0.518359
  -1.2059
 0.135232
-0.920482
-0.627858
 0.173491
-0.510619
 -1.20191
  0.11576
-0.926517
-0.653498
 0.181474
-0.526103
 -1.20963
 0.124238
-0.918331
-0.632503
 0.173273
-0.519744
 -1.20818
 0.115917
-0.926671
-0.635714
 0.173837
-0.520705
 -1.21547
 0.121378
-0.923261
-0.634606
 0.178809
-0.523882
  -1.2076
  0.12028
-0.912701
-0.659364
 0.163259
-0.510577
 -1.20623
  0.10892
 -0.94012
-0.628888
 0.169305
-0.519947
 -1.23505
   0.1095
-0.925453
-0.656063
 0.187281
-0.519853
 -1.21994
 0.115905
-0.935623
-0.651153
 0.173758
-0.518389
 -1.22345
 0.086544
-0.925594
-0.651559
 0.176284
-0.519816
 -1.22209
0.0976315
-0.937346
-0.671286
  0.18247
-0.514735
 -1.22567
 0.080229
-0.942295
-0.645219
 0.175181
-0.521032
 -1.21792
0.0605447
-0.946419
-0.634018
 0.170069
-0.516999
 -1.21835
0.0592933
-0.914439
  -0.6109
 0.172112
-0.517466
 -1.22526
0.0725718
-0.902075
-0.625568
 0.174584
-0.527204
 -1.21304
 0.106585
-0.932538
 -0.67019
 0.173572
-0.497883
 -1.21159
0.0714798
-0.963785
-0.611344
 0.177463
-0.521286
 -1.22209
 0.092882
-0.944662
-0.661858
  0.16945
-0.525524
 -1.20824
0.0974396
 -0.91854
-0.629363
 0.172715
-0.514634
  -1.2034
0.0899418
-0.930659
-0.630369
 0.166346
-0.522524
 -1.21935
0.0745021
-0.961224
-0.655901
 0.171755
-0.509364
 -1.20341
0.0855253
-0.905227
-0.647728
 0.163998
-0.522028
 -1.20377
0.0704733
-0.977833
 -0.64665
    0.172
-0.510838
 -1.21573
0.0788586
-0.925684
-0.627523
 0.179217
-0.515659
 -1.22082
0.0647872
-0.963397
-0.651575
 0.172071
-0.510302
 -1.21041
 0.083653
-0.906477
-0.667669
 0.168619
 -0.50373
  -1.1923
 0.077974
-0.957099
-0.637308
 0.177694
-0.502504
 -1.21009
0.0681987
-0.908915
-0.633117
 0.177233
-0.501084
 -1.19133
0.0598045
-0.968485
-0.647214
 0.176334
-0.511816
 -1.22612
0.0431155
-0.902342
-0.662422
 0.165352
-0.505701
 -1.20407
0.0466855
-0.956521
-0.626047
 0.177378
-0.516685
 -1.20617
0.0321822
-0.964892
-0.629002
 0.177615
-0.509304
 -1.19927
0.0327379
-0.927891
-0.661206
 0.165623
-0.515594
 -1.19148
0.0423874
-0.957732
-0.654828
 0.167011
-0.499682
 -1.20514
0.0133425
 -0.94727
-0.611663
 0.166499
-0.511201
 -1.20331
0.0191892
 -0.95611
-0.666067
  0.17237
-0.499733
 -1.19879
0.00345724
 -0.923143
 -0.604654
  0.171282
  -0.51306
  -1.19354
0.0267147
-0.936359
-0.645242
 0.162705
-0.504935
 -1.19133
0.000243591
   -0.97191
  -0.635124
   0.156581
  -0.500914
   -1.19853
-0.00584595
  -0.978862
  -0.625164
   0.169161
  -0.500011
   -1.20625
0.0123684
-0.944451
-0.641851
 0.163608
-0.501247
 -1.20284
-0.00369829
  -0.963775
  -0.664405
   0.171342
    -0.4925
   -1.19065
-0.0179457
 -0.989226
 -0.643834
   0.17207
 -0.507578
  -1.21061
-0.0342711
 -0.983372
 -0.634489
  0.156884
  -0.50881
  -1.18575
-0.0283417
 -0.947006
 -0.638442
  0.169036
 -0.496529
  -1.19955
-0.041295
-0.961105
-0.630504
 0.170407
-0.490728
 -1.21671
-0.051749
-0.960114
-0.635221
 0.180914
-0.497111
  -1.2237
-0.0541518
 -0.996435
 -0.648616
  0.154235
 -0.500951
   -1.1913
-0.066403
-0.961574
-0.643291
 0.166448
-0.493168
 -1.19471
-0.0784827
  -1.02084
 -0.637128
  0.178375
   -0.5047
  -1.21168
-0.115131
 -1.00615
-0.619741
 0.174111
-0.508274
 -1.19912
-0.130682
-0.985783
-0.630219
 0.172995
-0.506706
 -1.18268
 -0.10368
-0.942763
-0.613879
 0.169799
-0.488592
 -1.17889
-0.123652
 -1.02989
-0.601188
 0.170576
-0.506382
  -1.2012
-0.157481
 -1.04624
-0.645253
 0.166134
-0.501566
 -1.19802
-0.183303
-0.948186
-0.638776
 0.169889
-0.493967
  -1.1934
 -0.14384
 -1.05038
-0.630619
  0.16361
-0.488573
 -1.19599
-0.155246
-0.954391
-0.656328
 0.167883
-0.504044
 -1.19376
 -0.14415
 -1.02489
-0.661631
 0.172148
-0.496632
 -1.19129
-0.163153
-0.996573
-0.627043
 0.162917
-0.485349
 -1.19642
-0.154543
 -1.04986
-0.658811
 0.165811
-0.481392
  -1.2047
-0.162984
-0.990825
-0.640264
  0.15682
-0.499162
 -1.18335
-0.171513
  -1.0231
-0.652858
 0.166212
-0.488427
 -1.19935
-0.164431
-0.976046
-0.648546
 0.162376
-0.481103
  -1.1855
-0.202566
 -1.05659
-0.646223
  0.16499
-0.480345
 -1.20728
 -0.20054
 -1.02211
-0.621149
 0.167219
-0.498492
 -1.18286
-0.207312
 -1.03655
-0.611715
  0.16258
 -0.48648
 -1.19192
-0.193467
 -1.05132
-0.614611
 0.157152
-0.483057
 -1.20041
-0.215617
 -1.00344
-0.616338
 0.155812
-0.488084
 -1.20262
-0.204108
 -1.04274
-0.630144
 0.156399
-0.476917
   -1.183
-0.226312
 -1.02709
-0.604044
 0.161301
 -0.49824
 -1.19199
-0.223106
 -1.02336
-0.606142
 0.160146
-0.482023
 -1.17511
-0.220418
 -1.03531
-0.622411
 0.162003
-0.493352
 -1.17737
-0.209963
 -1.04535
-0.647855
 0.157724
-0.480069
 -1.18471
-0.228906
 -1.06023
  -0.6241
 0.158555
-0.490032
 -1.19269
-0.248501
 -1.00439
-0.609231
 0.167157
-0.485456
 -1.17682
-0.257205
  -1.0564
-0.638504
  0.14871
-0.474515
 -1.17822
-0.256693
 -1.01537
-0.656949
 0.169557
-0.488238
 -1.18285
-0.261223
 -1.07199
 -0.60898
 0.159727
-0.487093
 -1.17928
-0.268909
  -1.0254
-0.618105
 0.149227
-0.484373
 -1.16539
-0.282492
 -1.03792
-0.625473
 0.150878
-0.482608
  -1.1647
-0.307155
 -1.04513
-0.621185
 0.166199
-0.478615
 -1.17471
-0.279037
 -1.02733
-0.656085
  0.15453
-0.471401
 -1.17031
-0.278436
 -1.08706
-0.631063
 0.163111
-0.485184
  -1.1991
-0.337075
  -1.0741
-0.588125
 0.155681
-0.476703
 -1.18888
-0.336318
 -1.04271
 -0.59476
 0.165322
  -0.4749
 -1.17864
-0.308134
 -1.00053
-0.635842
 0.153721
  -0.4735
 -1.16233
-0.334275
 -1.10307
 -0.59661
 0.166376
-0.494634
 -1.16493
-0.357683
 -1.04239
-0.630117
 0.169652
-0.486229
 -1.16895
-0.342539
 -1.07096
-0.623379
 0.160659
 -0.48064
 -1.16858
-0.347859
 -1.11608
 -0.59481
 0.157583
-0.475458
 -1.16096
-0.347918
 -1.06106
-0.681627
 0.156338
-0.479479
 -1.17155
-0.420619
 -1.06676
-0.631991
 0.151481
-0.468776
 -1.15257
-0.432809
   -1.149
-0.572536
 0.157257
-0.478641
 -1.17175
-0.453496
 -1.05917
-0.649066
 0.162648
-0.462502
 -1.15127
-0.439351
 -1.10743
-0.626013
 0.165068
 -0.46937
  -1.1512
-0.453241
 -1.15142
-0.606884
 0.159697
-0.470598
 -1.16649
-0.457138
  -1.1024
-0.609436
 0.157318
-0.478744
 -1.15415
-0.467844
 -1.07458
-0.604912
 0.164904
-0.475198
 -1.15403
-0.486103
 -1.15276
 -0.58977
 0.153314
-0.477875
 -1.15469
-0.497121
 -1.14343
-0.626785
 0.151648
-0.465784
 -1.14743
-0.541454
 -1.10543
-0.614762
 0.155895
 -0.46347
 -1.14127
-0.535837
 -1.18642
-0.595315
 0.156246
-0.453903
  -1.1423
-0.582418
 -1.13234
-0.619402
 0.159746
-0.449288
 -1.12416
-0.620828
 -1.11315
-0.639019
 0.150213
-0.457418
 -1.13211
-0.600265
 -1.15986
-0.596717
 0.163098
-0.463878
 -1.15623
-0.613462
 -1.16936
-0.648304
 0.148577
-0.454456
  -1.1337
-0.640649
 -1.14342
-0.629702
 0.135845
-0.448674
 -1.11037
-0.685465
 -1.21091
-0.578837
 0.144824
-0.461651
 -1.13431
-0.695249
 -1.19053
 -0.64078
  0.14627
 -0.44238
 -1.12553
-0.722003
 -1.18148
-0.613282
 0.145653
-0.440829
 -1.12885
-0.730768
 -1.22864
-0.588244
 0.157236
-0.453498
 -1.12786
 -0.75467
 -1.22465
-0.606399
 0.156751
-0.435955
 -1.13427
-0.740563
 -1.21726
 -0.63698
 0.146274
-0.419452
 -1.09468
-0.786285
 -1.19839
-0.603467
 0.146879
-0.445099
  -1.1157
-0.817105
 -1.25614
-0.565925
 0.155349
-0.444374
 -1.12049
 -0.83831
 -1.26744
-0.620916
   0.1375
-0.444168
 -1.11332
-0.862585
 -1.18245
-0.591633
 0.146876
-0.438851
 -1.10469
-0.845822
 -1.29269
 -0.57392
 0.148404
-0.439888
 -1.09707
-0.857251
 -1.23153
-0.612753
 0.145593
-0.442131
 -1.09473
-0.893547
  -1.2582
-0.559259
  0.15176
-0.445492
 -1.08511
-0.940335
 -1.30695
-0.622401
 0.150144
-0.430562
 -1.08338
-0.993724
 -1.26909
-0.631004
 0.131282
-0.428645
 -1.05667
 -1.00016
 -1.25353
-0.540792
 0.150602
 -0.44842
 -1.08048
 -1.03772
 -1.33242
-0.599499
 0.141807
-0.434351
 -1.07821
 -1.06961
  -1.3023
-0.593497
 0.153981
-0.423221
 -1.05418
 -1.09316
 -1.34213
-0.598993
 0.149869
-0.425729
   -1.065
 -1.10577
 -1.34353
-0.622662
 0.144121
 -0.44419
 -1.06921
 -1.11892
 -1.32984
-0.589541
 0.153148
 -0.43694
 -1.05422
 -1.12973
   -1.312
 -0.61088
 0.142119
-0.418851
 -1.07854
 -1.21721
 -1.40248
-0.594125
 0.147161
-0.416217
 -1.04731
 -1.21439
 -1.29806
-0.637777
 0.135327
-0.396034
  -1.0499
  -1.2285
 -1.35088
-0.634754
 0.139103
-0.420255
 -1.05605
  -1.3297
 -1.41849
-0.608141
 0.137348
 -0.40342
 -1.05255
  -1.3137
 -1.34569
-0.559298
 0.139917
-0.400173
 -1.04622
 -1.33138
 -1.40254
-0.586228
 0.137856
-0.397141
 -1.04869
 -1.37082
 -1.42589
-0.567727
 0.140533
-0.382299
 -1.05409
 -1.35719
 -1.38294
-0.607808
 0.136386
-0.397645
 -1.04198
 -1.44954
   -1.511
-0.547708
 0.136994
-0.393942
 -1.04611
 -1.51455
 -1.38903
-0.550054
  0.13334
 -0.38708
 -1.04587
 -1.54033
 -1.44691
-0.600426
 0.127972
-0.350831
  -1.0637
 -1.59925
 -1.52119
-0.589222
 0.122774
-0.379712
 -1.03816
 -1.65513
 -1.50098
-0.538753
  0.13234
-0.372258
 -1.02302
 -1.74201
 -1.52766
 -0.55599
  0.12818
-0.361031
 -1.03148
 -1.81168
 -1.52514
 -0.59437
 0.125497
-0.354924
-0.999482
 -1.82071
 -1.51105
-0.554259
 0.127178
 -0.32571
-0.985908
 -1.91297
 -1.61143
 -0.59909
 0.120544
-0.333469
 -1.00305
  -2.0141
 -1.60273
-0.560087
 0.122443
-0.329074
-0.984743
 -2.02875
 -1.56766
 -0.53272
 0.119188
-0.323856
-0.956901
 -2.15881
 -1.65846
 -0.57291
 0.103373
-0.331016
-0.951545
 -2.25947
  -1.6325
-0.532367
 0.112904
-0.312649
 -0.96491
 -2.30076
 -1.70395
-0.530012
0.0931058
-0.324669
-0.949398
 -2.43989
 -1.75352
-0.547291
 0.101734
-0.306497
-0.939736
 -2.49589
 -1.72616
-0.520348
 0.100443
-0.293902
-0.942861
 -2.58646
 -1.78948
-0.543762
 0.101199
 -0.28767
-0.919495
 -2.61212
 -1.75738
-0.504775
 0.118752
-0.292388
-0.924126
 -2.72144
 -1.77329
-0.571539
 0.102654
-0.287993
-0.905803
  -2.9081
 -1.91327
-0.514525
0.0999728
-0.254634
-0.909757
 -3.00558
 -1.87843
-0.500972
 0.102479
-0.256152
-0.884977
 -3.09279
 -1.93953
-0.522089
0.0918109
-0.252275
-0.893012
  -3.2428
 -1.91581
-0.471355
0.0998022
-0.234652
-0.876858
 -3.33442
 -2.02857
-0.538117
0.0981235
-0.230005
-0.864592
 -3.51803
 -2.04724
-0.477964
0.0844816
-0.224858
-0.843558
 -3.66527
 -2.07966
-0.479566
0.0935789
-0.209912
 -0.83499
 -3.80169
 -2.13292
 -0.48413
0.0919112
-0.215065
-0.820313
 -3.83048
 -2.08115
-0.437902
0.0784646
-0.193911
 -0.82133
 -4.10059
 -2.27385
 -0.44287
0.0840281
 -0.17548
-0.797224
 -4.28714
  -2.2838
-0.462893
0.0682204
-0.152921
-0.797779
  -4.4157
 -2.29085
-0.441158
0.0703698
  -0.1432
-0.762213
 -4.61235
 -2.41219
-0.460268
0.0657047
-0.120181
-0.735869
 -4.78104
 -2.38286
-0.448925
0.0618375
-0.105464
-0.712583
  -4.94062
  -2.44109
 -0.426587
 0.0622509
-0.0909643
  -0.69976
 -5.24076
 -2.63025
  -0.4253
0.0544865
-0.074941
-0.698188
  -5.46906
  -2.56029
 -0.389307
 0.0387838
-0.0611667
 -0.650031
   -5.5755
  -2.68391
 -0.397034
 0.0510758
-0.0369989
 -0.633801
  -5.85544
  -2.71772
 -0.372614
 0.0293698
-0.0257959
 -0.634327
   -5.96112
   -2.73347
  -0.342541
  0.0269004
-0.00762196
  -0.624799
 -6.37382
 -2.93006
-0.349144
0.0149647
0.0223811
-0.581682
 -6.39696
 -2.84178
-0.332993
0.0285916
0.0122653
-0.568107
 -6.79714
 -3.05484
-0.345144
0.0090646
0.0601698
-0.554788
 -6.94277
 -3.00518
 -0.27563
0.0225197
 0.075993
-0.530431
 -7.14411
  -3.1531
-0.330063
0.0046091
0.0991193
-0.525506
   -7.3874
  -3.20712
 -0.282662
0.00881523
  0.117025
 -0.477411
 -7.58034
 -3.22417
-0.298974
0.0028302
 0.135256
-0.471599
   -7.96961
    -3.3527
  -0.273152
-0.00841336
   0.171866
  -0.426624
  -8.16735
  -3.35706
  -0.25219
-0.0107205
   0.20079
 -0.394134
    -8.354
  -3.49554
 -0.271646
-0.0221439
  0.215213
 -0.386065
   -8.6728
  -3.56098
 -0.187113
-0.0161312
  0.223874
 -0.347837
  -8.67501
  -3.56906
  -0.32569
-0.0331769
  0.263007
 -0.347788
  -9.16832
  -3.67446
 -0.233473
-0.0267228
  0.277528
 -0.296611
  -9.34416
  -3.74056
 -0.169265
-0.0232816
  0.288711
 -0.283628
  -9.53935
   -3.7975
 -0.261669
-0.0367342
   0.28999
 -0.271211
   -9.5776
  -3.81529
 -0.158248
-0.0387533
  0.267968
 -0.264439
  -9.67108
  -3.87878
 -0.236761
-0.0422357
  0.286326
 -0.242906
  -10.0256
  -3.93709
 -0.218619
-0.0443967
  0.298731
 -0.209341
  -10.0462
  -3.91892
 -0.171548
-0.0509344
  0.286226
 -0.223747
  -10.2575
  -4.03406
 -0.233625
-0.0429765
  0.276387
 -0.198537
  -10.1191
  -3.92718
 -0.202381
-0.0299262
  0.253977
  -0.21432
  -10.1314
  -3.95713
 -0.226211
-0.0433298
  0.243438
 -0.223264
  -10.2793
   -3.9988
 -0.280971
-0.0385423
   0.24125
 -0.231333
  -10.2839
  -3.94208
 -0.250992
-0.0235728
  0.227205
  -0.25825
  -10.3513
  -3.99875
 -0.258821
-0.0241916
  0.217299
 -0.230228
  -9.97189
  -3.84073
 -0.305685
-0.0173248
  0.154125
  -0.28797
  -9.89284
  -3.87294
 -0.374708
-0.0252107
  0.150599
 -0.322442
   -9.87613
   -3.80883
  -0.320997
-0.00315808
    0.10897
  -0.337138
  -9.83022
  -3.76284
 -0.356725
-0.0141016
 0.0705399
 -0.331364
   -9.6028
  -3.66753
 -0.391205
0.00926461
 0.0272458
 -0.367565
   -9.17234
   -3.58394
  -0.474514
  0.0223529
-0.00269751
  -0.430729
  -9.18285
  -3.62381
 -0.420882
 0.0213913
-0.0384998
 -0.456795
   -8.9834
  -3.46461
 -0.445067
 0.0376007
-0.0907561
 -0.427665
 -8.80294
 -3.42498
-0.497585
0.0500443
-0.132829
-0.453226
 -8.58029
 -3.34814
-0.470368
0.0633128
-0.130673
-0.507008
 -8.31114
 -3.30594
-0.608267
0.0546082
-0.167642
-0.525899
 -8.12687
 -3.25798
-0.534374
0.0773302
-0.226058
-0.545516
 -8.02647
 -3.13406
-0.573688
0.0845971
-0.247774
-0.562719
 -7.91722
 -3.14994
-0.597697
0.0819682
-0.281319
-0.605375
 -7.64065
 -3.01389
-0.555001
0.0871871
-0.276929
-0.608904
 -7.46998
 -3.04745
-0.654591
0.0945646
-0.307908
-0.656318
 -7.20279
 -2.95285
-0.657922
 0.113443
-0.356491
-0.650719
 -7.15062
 -2.90412
 -0.66602
0.0960009
-0.349379
 -0.64962
 -7.00443
 -2.90195
-0.727707
 0.103211
-0.359044
-0.691563
 -6.78307
 -2.76745
-0.662789
 0.115111
-0.390255
-0.716863
 -6.67629
 -2.75412
-0.660685
 0.122011
-0.406698
-0.720387
 -6.47579
 -2.73529
-0.686609
 0.127876
-0.403786
-0.749992
 -6.45745
  -2.6578
-0.694078
 0.121895
-0.434465
-0.757855
 -6.27014
 -2.64353
-0.725974
 0.132504
 -0.42451
-0.774076
 -6.12455
   -2.551
-0.715509
 0.140749
 -0.44182
-0.763879
 -5.98273
  -2.5628
-0.717576
 0.134236
-0.448751
-0.819941
 -5.83991
 -2.53143
-0.763108
 0.120467
-0.443509
-0.803705
 -5.69941
  -2.4666
-0.711208
 0.131862
-0.472459
-0.830732
 -5.59478
 -2.43778
-0.756531
  0.13502
 -0.47421
-0.840643
 -5.47833
 -2.39523
 -0.75996
 0.144561
-0.474149
-0.861752
 -5.28989
 -2.36072
-0.753153
 0.142605
-0.482534
 -0.87259
 -5.16584
 -2.29368
-0.776845
 0.137692
-0.486282
-0.859086
 -5.02837
  -2.2694
-0.749907
 0.143946
-0.502357
-0.894721
 -4.93954
 -2.31114
-0.785119
 0.147287
-0.491122
 -0.91166
 -4.83306
 -2.15773
-0.729674
 0.153527
-0.515439
-0.928165
 -4.71187
 -2.16463
-0.763108
 0.148112
-0.508545
-0.925879
 -4.62436
 -2.14091
-0.758497
 0.149949
-0.527138
 -0.94768
 -4.45321
 -2.11128
-0.779848
 0.165827
-0.521459
-0.960113
 -4.37112
 -2.11582
-0.750738
 0.162381
-0.531515
-0.971012
  -4.2769
 -1.99209
 -0.75507
 0.158118
-0.526818
  -0.9655
 -4.24709
   -2.048
-0.810761
 0.169779
 -0.54033
-0.986979
 -4.10629
 -2.02754
-0.727206
 0.164903
-0.551361
-0.975295
 -4.02495
 -1.93744
 -0.76074
 0.165527
-0.556185
-0.998262
 -3.90852
 -2.01592
-0.768163
 0.163372
 -0.52915
 -1.02193
 -3.88193
 -1.89489
 -0.75682
 0.163542
-0.547758
 -1.00069
 -3.80296
 -1.88684
-0.740668
 0.158249
-0.548429
 -1.00723
 -3.67086
 -1.86867
-0.768008
 0.158817
-0.534751
  -1.0408
 -3.58078
 -1.84856
-0.779532
 0.153425
-0.545163
  -1.0478
 -3.44358
 -1.86769
-0.764153
 0.145482
-0.546362
 -1.05085
 -3.36887
 -1.76415
-0.775459
  0.16883
-0.534503
 -1.04105
 -3.31437
 -1.76787
 -0.77881
 0.159439
-0.548234
 -1.05307
 -3.22828
 -1.75443
-0.779839
 0.164892
-0.544893
 -1.06398
 -3.16283
 -1.70826
-0.776582
 0.168556
-0.545061
 -1.05267
 -3.08354
 -1.71753
-0.730155
 0.166744
-0.557222
 -1.05235
 -3.01702
 -1.68709
-0.789638
 0.162797
-0.554851
 -1.08407
  -2.8811
 -1.63788
-0.724826
 0.166029
-0.550334
 -1.06246
 -2.83765
 -1.67156
-0.726161
 0.171677
-0.560547
 -1.09205
  -2.7643
 -1.66003
-0.769241
 0.166346
-0.559784
 -1.11125
 -2.68442
 -1.60615
-0.796523
 0.169216
-0.555071
  -1.1079
 -2.62454
 -1.59498
-0.734845
 0.166765
-0.564783
 -1.09215
 -2.54947
  -1.5794
-0.734143
 0.168942
-0.553197
 -1.08963
 -2.45672
 -1.52082
-0.775134
 0.162104
-0.567952
 -1.10938
 -2.41231
 -1.58177
-0.723863
 0.165915
-0.570114
 -1.12289
 -2.40381
 -1.49748
-0.744979
 0.164472
-0.553137
 -1.12073
 -2.35681
 -1.51889
   -0.748
 0.178615
-0.556104
 -1.12459
  -2.2645
 -1.48989
-0.732894
  0.17559
-0.568541
 -1.12909
 -2.20153
 -1.44371
-0.752924
 0.167569
-0.553382
 -1.11889
 -2.19154
 -1.54311
 -0.75028
 0.176167
-0.558075
 -1.14588
  -2.1228
 -1.47709
-0.761386
  0.17712
-0.563963
 -1.14299
 -2.07942
 -1.44815
  -0.6939
 0.180168
-0.572292
  -1.1289
 -2.02285
 -1.45467
-0.768543
 0.164354
-0.534492
 -1.13814
 -2.04213
 -1.42437
-0.750954
 0.174819
 -0.54243
 -1.13616
 -2.00157
  -1.4423
-0.664589
 0.178085
-0.564012
 -1.14418
 -1.93337
 -1.40249
-0.735107
 0.173869
-0.552803
 -1.14397
 -1.88184
  -1.4443
-0.739389
 0.174091
-0.557611
 -1.15316
 -1.85474
 -1.36901
-0.741635
 0.166204
-0.547454
 -1.13526
 -1.87858
 -1.39864
-0.731734
 0.170409
-0.562543
 -1.13947
 -1.86412
 -1.47381
-0.711703
 0.170405
-0.546971
 -1.14606
 -1.92357
 -1.34979
-0.745293
  0.17024
-0.555994
 -1.13416
 -1.94005
 -1.40832
-0.729109
 0.173845
-0.540948
 -1.15403
 -1.92391
  -1.4605
-0.773992
 0.172801
-0.538071
 -1.15962
 -1.96321
 -1.37337
-0.731129
 0.176181
-0.554321
  -1.1391
 -1.96006
 -1.39502
-0.742807
   0.1774
-0.540221
 -1.13813
 -1.98971
 -1.41857
-0.742176
 0.170687
-0.544751
 -1.15466
 -1.95968
  -1.3869
-0.706044
 0.179193
-0.553042
  -1.1451
 -1.98484
 -1.46614
-0.770241
 0.175219
-0.531505
  -1.1604
  -2.0056
 -1.44777
-0.736302
 0.173477
-0.560486
 -1.15016
 -2.01855
 -1.40174
-0.726542
 0.177599
-0.543179
 -1.13518
 -2.04126
 -1.41377
-0.766142
 0.172182
-0.549448
 -1.14489
 -2.03703
 -1.48168
-0.752381
  0.17957
-0.551008
 -1.14566
 -2.10011
 -1.44283
 -0.72157
 0.174496
-0.569151
 -1.15097
 -2.08173
 -1.40059
-0.746967
 0.174866
 -0.55872
 -1.12553
 -2.10373
  -1.4909
 -0.76268
 0.171034
-0.560455
 -1.13889
 -2.10327
 -1.42203
-0.723558
 0.178368
-0.561924
 -1.12722
 -2.13713
 -1.48856
-0.720365
 0.168052
-0.568056
 -1.14744
 -2.17891
 -1.47121
-0.777045
 0.178062
-0.551403
 -1.14795
 -2.16874
 -1.50516
-0.765377
 0.173461
-0.563024
 -1.13987
 -2.20598
 -1.43574
-0.717004
 0.166864
-0.568594
 -1.11697
 -2.22699
 -1.50327
-0.734303
 0.172657
-0.581338
 -1.15383
 -2.23555
 -1.48738
-0.787097
 0.172621
-0.562519
  -1.1409
 -2.24279
 -1.54091
-0.754153
 0.180591
-0.568096
 -1.15516
 -2.25344
 -1.43758
-0.757252
 0.181094
-0.565242
 -1.12858
 -2.27173
 -1.50693
-0.725439
 0.171273
-0.553823
 -1.11289
  -2.3337
 -1.50989
-0.775779
 0.176562
-0.557396
 -1.12474
 -2.34281
 -1.50688
-0.755378
  0.16883
-0.562724
 -1.12087
 -2.36823
 -1.53627
-0.699574
 0.179506
-0.591945
 -1.11996
 -2.39809
 -1.52303
-0.821507
 0.162479
-0.569538
 -1.11812
  -2.4127
 -1.52851
-0.775484
 0.167238
-0.569209
 -1.11232
 -2.43938
 -1.51904
-0.741188
 0.173101
-0.577509
 -1.11554
 -2.44713
 -1.52193
-0.746523
 0.170406
-0.576724
 -1.11343
 -2.47835
 -1.55834
-0.790748
  0.16631
-0.568023
 -1.11084
 -2.46797
 -1.56676
-0.772235
  0.16133
-0.567996
 -1.10088
 -2.54004
 -1.55845
-0.767082
 0.180057
-0.585179
 -1.10424
 -2.57265
 -1.56789
-0.734422
 0.174335
-0.584951
 -1.09977
 -2.58346
 -1.58536
-0.783043
  0.17255
-0.570503
 -1.10675
 -2.59541
 -1.58593
-0.748141
 0.174601
-0.587108
 -1.09765
 -2.63175
 -1.59696
-0.718562
 0.172772
 -0.57856
 -1.08448
 -2.67602
 -1.56262
-0.779008
 0.173753
-0.578518
 -1.10116
 -2.66435
  -1.6464
-0.783427
 0.168795
-0.574581
 -1.10251
 -2.73204
  -1.5885
-0.790699
 0.168904
-0.573569
 -1.10167
 -2.76208
 -1.60829
 -0.76227
 0.170982
-0.580563
 -1.08594
 -2.79092
  -1.5913
-0.752737
 0.172077
-0.578191
 -1.08899
  -2.7978
 -1.65815
-0.784087
 0.181842
  -0.5889
 -1.10581
  -2.8364
 -1.64243
-0.746732
 0.173045
-0.576531
  -1.0942
 -2.85675
 -1.63925
-0.813631
 0.168356
  -0.5657
 -1.10304
 -2.89524
 -1.63226
-0.769986
 0.169449
-0.571214
 -1.09278
 -2.94778
 -1.67096
 -0.76331
 0.175409
-0.571828
  -1.0914
 -2.97902
 -1.63752
-0.783539
 0.167284
-0.568266
  -1.0804
 -2.98033
 -1.70091
-0.777656
 0.162889
-0.555762
 -1.08766
 -3.03413
 -1.69348
-0.788542
 0.167909
-0.563088
 -1.06784
 -3.06817
 -1.68978
-0.788636
 0.168179
-0.561232
 -1.07591
 -3.12926
 -1.71142
-0.790581
 0.158847
-0.545413
  -1.0908
 -3.14816
 -1.71298
 -0.83861
 0.158869
-0.553755
 -1.06813
 -3.19631
 -1.74197
-0.784206
 0.167042
-0.569891
 -1.06927
 -3.19296
 -1.74875
-0.788969
 0.161569
-0.571253
 -1.07242
 -3.25658
 -1.76705
-0.780473
  0.17377
-0.568367
 -1.07189
 -3.27082
 -1.75335
-0.825614
 0.171738
 -0.57017
 -1.05891
 -3.31788
 -1.72854
-0.793255
  0.16941
-0.583761
 -1.07049
 -3.36072
 -1.80709
-0.738092
 0.163398
 -0.58841
 -1.06122
 -3.40059
 -1.81776
-0.829918
 0.172294
-0.579648
 -1.04524
 -3.43361
 -1.79987
-0.782506
 0.165357
-0.600787
 -1.04864
 -3.44267
 -1.72602
-0.763294
 0.177751
-0.583837
 -1.01257
 -3.49306
  -1.8194
 -0.77902
 0.172168
-0.593987
 -1.05351
  -3.5184
 -1.85174
-0.778852
 0.173135
-0.593195
 -1.03134
 -3.54246
 -1.83329
-0.843958
 0.168799
-0.583914
 -1.03721
 -3.57739
 -1.85832
-0.817107
 0.177807
 -0.58461
 -1.03478
 -3.66229
 -1.85849
-0.803689
 0.174841
 -0.59967
  -1.0275
 -3.69763
 -1.80579
-0.777643
 0.168435
-0.603269
 -1.01857
 -3.73405
 -1.87437
-0.830064
 0.161034
-0.614016
 -1.01542
 -3.76973
 -1.86874
-0.794764
 0.175353
 -0.60312
 -1.01786
 -3.79294
 -1.93809
-0.835261
 0.179397
-0.604659
 -1.01526
 -3.85677
 -1.90398
-0.801802
 0.170989
-0.596577
-0.991794
 -3.94147
 -1.89668
-0.787746
 0.160132
-0.609263
-0.994901
 -3.99816
 -1.94562
-0.800059
 0.166205
-0.608323
 -1.00121
 -3.99363
 -1.95485
-0.782614
 0.168091
-0.605595
-0.977264
 -4.05537
 -1.96833
-0.837901
 0.164223
-0.605441
-0.979979
  -4.0937
 -1.99534
-0.811104
 0.172459
-0.614056
-0.998404
 -4.18032
 -1.98643
-0.793995
 0.175767
-0.613518
-0.982741
  -4.1844
 -1.98792
-0.815251
 0.166504
-0.595605
-0.975515
  -4.2245
 -2.07072
-0.833484
 0.172989
-0.584764
-0.990361
 -4.26443
 -2.01759
-0.830732
 0.165522
-0.591873
-0.972201
 -4.31029
 -2.05164
-0.851497
 0.168987
-0.586649
-0.979394
   -4.379
   -2.014
-0.820384
 0.177136
-0.604951
-0.964078
 -4.38623
 -2.06261
-0.834882
 0.176623
-0.599503
-0.964769
  -4.4037
 -2.04268
-0.809513
  0.15935
-0.600589
-0.950474
 -4.44597
  -2.0401
-0.830947
 0.159371
-0.593124
-0.938916
 -4.53479
 -2.07389
 -0.81781
  0.16795
-0.596167
-0.947275
  -4.5806
 -2.09652
-0.794207
 0.176942
-0.607283
-0.964963
 -4.57437
 -2.13607
-0.861585
 0.158393
-0.582005
-0.967575
 -4.65143
 -2.12251
-0.811213
 0.162723
-0.591077
-0.954819
 -4.67825
 -2.10469
-0.783191
 0.160409
-0.605085
-0.942263
  -4.7412
 -2.14092
-0.872865
  0.15125
-0.567348
-0.939104
 -4.73787
 -2.15065
-0.819208
 0.172482
-0.596587
-0.950612
 -4.80719
 -2.18249
-0.846923
 0.169779
-0.580147
-0.951949
 -4.79859
 -2.15948
-0.845218
 0.162954
-0.576891
-0.923941
  -4.8657
 -2.18876
-0.826572
  0.17091
-0.592147
-0.934799
 -4.86226
 -2.17027
-0.847196
 0.163408
-0.582875
-0.923488
  -4.8731
 -2.20425
-0.864475
 0.159768
-0.582021
-0.932443
 -4.93676
 -2.19526
-0.817033
 0.157036
-0.587097
 -0.93006
 -4.94607
 -2.17449
-0.845775
 0.163215
-0.579282
-0.929422
 -4.94777
 -2.20094
-0.812333
  0.15697
 -0.59731
-0.926563
 -4.95061
 -2.19909
-0.836414
 0.153334
-0.579429
-0.922151
 -4.95531
 -2.23104
-0.850954
 0.162571
-0.585247
-0.935313
 -4.93212
 -2.20733
-0.858573
 0.161318
-0.588268
-0.940033
 -4.92452
 -2.20297
-0.831237
  0.17048
-0.605379
-0.914377
 -4.96105
 -2.18731
-0.810897
 0.171252
-0.602019
-0.924665
 -4.93735
 -2.21114
-0.846387
  0.16667
 -0.60386
-0.911288
 -4.95394
 -2.20911
-0.820657
 0.174802
-0.609856
-0.923274
 -4.96965
  -2.2161
-0.855334
 0.164202
-0.601232
 -0.90707
 -4.97496
 -2.22688
-0.824928
 0.162131
-0.601502
-0.910929
 -4.98882
 -2.22964
-0.836089
 0.169989
-0.608215
-0.928139
 -4.98495
 -2.20386
-0.831857
 0.157801
-0.594482
-0.903605
 -4.98899
 -2.22939
 -0.82532
 0.167175
-0.609215
-0.908059
 -5.02578
 -2.22445
-0.851208
 0.164821
-0.604679
-0.911705
  -5.0209
 -2.22594
-0.828921
 0.170007
 -0.61177
-0.918584
 -5.01941
 -2.21597
-0.839268
 0.164408
-0.605746
-0.918381
  -5.0015
 -2.22106
-0.841352
 0.171716
-0.607663
-0.913544
 -5.00794
 -2.22136
-0.845721
 0.157886
 -0.59666
-0.910812
 -5.01967
 -2.22397
-0.851636
 0.161342
-0.597621
-0.926378
  -4.9981
 -2.21818
-0.842934
 0.165919
-0.601918
-0.919657
 -5.00766
 -2.21388
-0.845263
 0.155015
 -0.59686
-0.914284
 -4.99828
 -2.22675
-0.839423
 0.154832
-0.603339
-0.919178
   -5.017
 -2.22421
-0.835635
  0.16774
-0.590824
-0.932585
 -4.99477
 -2.21476
-0.837645
 0.158917
-0.591057
-0.903133
 -4.98273
 -2.20457
-0.841461
 0.159354
-0.588046
-0.901996
 -5.01063
 -2.22577
-0.842043
 0.167204
-0.599023
-0.908205
 -5.02716
  -2.2254
-0.835527
 0.166999
-0.597274
-0.911121
 -5.04767
 -2.22727
-0.840812
 0.158796
-0.589623
-0.898125
 -5.03431
 -2.22185
-0.837949
 0.163394
-0.593044
-0.906384
  -5.0523
 -2.22591
-0.843099
 0.154002
-0.592342
-0.892146
 -5.04818
 -2.22441
-0.836801
 0.160987
-0.587294
-0.899384
 -5.07888
 -2.24324
-0.847551
 0.161872
-0.580239
 -0.90657
 -5.08635
 -2.24644
-0.843179
 0.164286
-0.595563
-0.911448
 -5.07674
 -2.24359
-0.849118
 0.160613
-0.587059
-0.918132
 -5.08147
 -2.24036
-0.832191
 0.162365
-0.588938
-0.894023
 -5.08831
 -2.23822
-0.836929
 0.157187
-0.584249
-0.899025
 -5.08983
 -2.24022
-0.839368
 0.161941
-0.591625
-0.906264
 -5.05828
 -2.23364
-0.839826
 0.157508
-0.583189
-0.914066
 -5.05545
 -2.22806
-0.834472
 0.157858
-0.591358
-0.911787
 -5.05156
 -2.22703
-0.836822
 0.155038
-0.580068
-0.912066
  -5.0797
 -2.23811
-0.836789
 0.165782
-0.585895
-0.922928
 -5.04828
 -2.23098
-0.838141
 0.164914
-0.579774
-0.918857
 -5.04721
  -2.2199
-0.835725
 0.151983
-0.585062
-0.893084
 -5.06115
 -2.22936
-0.836881
 0.164068
-0.580308
-0.902901
 -5.06669
 -2.23236
-0.831002
  0.15974
-0.579762
-0.892527
 -5.11066
 -2.24801
-0.839811
 0.159565
-0.591096
-0.914408
 -5.09023
  -2.2379
-0.836787
 0.159491
-0.581739
-0.908025
 -5.10974
 -2.24338
-0.835503
 0.153704
-0.585274
-0.910519
 -5.10105
 -2.24554
-0.841962
 0.152574
-0.580416
-0.900913
 -5.11543
 -2.24579
-0.838628
 0.157785
-0.594498
-0.899006
 -5.11375
 -2.24333
-0.838074
 0.161543
-0.593364
-0.918779
 -5.12694
 -2.24922
-0.842242
 0.155355
 -0.57761
 -0.91347
 -5.10686
 -2.24525
-0.835756
 0.166813
-0.580497
-0.909658
 -5.12797
 -2.25276
-0.838798
 0.164641
-0.586196
-0.908014
 -5.11293
 -2.24675
-0.835509
 0.158916
-0.582244
-0.900414
 -5.12428
  -2.2506
-0.843788
 0.162954
 -0.57406
-0.925977
 -5.10854
 -2.24841
-0.835501
 0.152369
-0.585217
-0.903872
 -5.11132
 -2.25289
-0.833448
 0.159448
-0.579335
 -0.91517
 -5.10233
  -2.2394
-0.834997
 0.152386
-0.580817
-0.914353
 -5.10718
 -2.24389
-0.833841
 0.164348
-0.582359
-0.913627
 -5.07306
  -2.2321
-0.832818
 0.152742
-0.585383
 -0.90286
 -5.07519
  -2.2401
-0.833832
 0.156006
-0.586737
 -0.91083
 -5.07964
 -2.23873
-0.836085
 0.160221
-0.591372
-0.907086
 -5.07948
 -2.23996
-0.838292
 0.151781
-0.580199
-0.910264
 -5.07885
 -2.23273
 -0.83176
   0.1638
-0.583092
 -0.89807
  -5.1029
 -2.24505
-0.837145
 0.160216
-0.582947
-0.912172
 -5.09642
 -2.23763
-0.838621
 0.161525
-0.589109
-0.916029
 -5.14554
 -2.24851
 -0.84279
 0.162262
-0.580341
 -0.91776
 -5.13057
  -2.2508
-0.839297
 0.159664
-0.589165
-0.918136
 -5.11249
 -2.24922
-0.831234
 0.149475
-0.591015
-0.908402
 -5.12785
 -2.25353
-0.840469
 0.157811
-0.587836
-0.926593
 -5.11213
 -2.24238
 -0.83363
 0.145734
-0.581399
-0.903189
 -5.13722
 -2.24954
-0.839175
 0.151635
-0.578862
-0.910279
 -5.11833
 -2.24979
-0.840359
 0.163287
-0.587334
-0.909951
 -5.09385
 -2.23891
-0.837428
  0.17029
-0.589884
-0.907818
 -5.08841
 -2.23683
-0.838339
 0.158726
-0.583794
 -0.89847
 -5.09803
 -2.23963
-0.830629
 0.158543
 -0.59488
-0.910115
 -5.08498
 -2.24197
 -0.83946
 0.161293
-0.577171
-0.906054
 -5.06775
 -2.23618
-0.835246
  0.15851
-0.580122
-0.910067
 -5.10153
 -2.23381
 -0.83549
 0.153427
-0.579485
-0.918765
 -5.09279
 -2.23538
-0.838723
 0.163107
-0.590015
-0.913085
 -5.09084
 -2.24427
-0.838507
 0.152636
-0.588572
-0.924383
 -5.08422
 -2.23733
-0.842888
 0.156231
-0.579564
-0.903691
 -5.10839
  -2.2476
-0.834959
 0.163272
-0.583314
-0.912839
   -5.082
 -2.23787
-0.838365
 0.154899
-0.580654
-0.902114
 -5.12795
 -2.25235
-0.834725
  0.16319
-0.580622
-0.908302
 -5.12113
 -2.24712
-0.837316
 0.158177
 -0.59617
-0.921955
 -5.10665
  -2.2464
-0.833749
 0.161673
-0.582718
-0.905693
 -5.10453
 -2.23796
-0.834168
 0.162885
-0.588232
-0.910944
 -5.09935
 -2.25058
-0.832344
 0.166563
-0.585639
-0.897013
 -5.12946
 -2.25408
 -0.83275
 0.167366
-0.586491
-0.922579
  -5.1235
 -2.24564
-0.840687
 0.159481
-0.583251
-0.916718
 -5.11529
 -2.24554
-0.837396
 0.156123
-0.588504
-0.922187
 -5.10612
 -2.23981
 -0.83634
 0.165747
-0.587687
-0.909237
 -5.09672
 -2.24403
-0.836032
 0.169621
-0.580721
-0.898841
 -5.08688
 -2.24308
 -0.83623
 0.156156
-0.585803
-0.915363
 -5.07591
 -2.23642
-0.838666
 0.163762
-0.582665
-0.908957
  -5.0754
 -2.23948
-0.837281
 0.152513
-0.577695
-0.906098
 -5.07573
 -2.23734
-0.831941
 0.157999
  -0.5834
-0.912026
 -5.08797
 -2.23847
-0.834972
 0.158069
-0.581448
-0.897275
 -5.08177
 -2.24565
-0.831838
 0.169794
-0.589936
-0.917274
 -5.10358
 -2.24989
-0.834068
 0.168126
-0.592386
-0.925651
 -5.09371
 -2.23924
-0.829785
 0.169224
-0.598284
-0.914969
 -5.12073
 -2.24831
-0.844068
 0.159588
 -0.57205
-0.920825
 -5.11081
 -2.24628
-0.846435
 0.167264
-0.586662
-0.922656
  -5.0995
 -2.24155
-0.837555
 0.163155
  -0.5838
-0.917775
 -5.10401
 -2.23979
-0.835181
  0.16588
-0.582625
-0.905147
 -5.10334
 -2.24372
-0.835021
 0.153711
-0.585717
-0.911504
 -5.12545
 -2.24615
 -0.83832
 0.161956
-0.593057
 -0.90961
 -5.10255
 -2.24576
-0.836339
 0.168552
 -0.59382
-0.919083
 -5.10233
 -2.24782
-0.839318
 0.159228
-0.590054
-0.908564
 -5.10483
 -2.24531
-0.832872
    0.161
-0.586413
-0.914474
 -5.09728
  -2.2432
-0.838403
 0.156493
-0.591448
-0.911573
 -5.08611
   -2.238
-0.834922
 0.153665
-0.581114
-0.894986
 -5.07925
 -2.23106
-0.835452
 0.164488
 -0.58557
-0.903841
 -5.06643
 -2.22446
-0.836709
 0.159141
-0.576765
 -0.90022
 -5.07602
 -2.23555
-0.845782
 0.169502
-0.582456
-0.924219
 -5.10691
 -2.24581
-0.840722
 0.162177
-0.595962
-0.918255
 -5.10406
 -2.24068
-0.836292
 0.155936
-0.588806
-0.912111
 -5.09736
 -2.24092
-0.833121
 0.174113
-0.593991
 -0.91303
 -5.08417
 -2.23725
-0.838581
 0.158522
 -0.58948
-0.908108
 -5.11266
   -2.248
-0.833699
 0.154703
-0.588633
 -0.90779
 -5.11312
 -2.24522
-0.831675
 0.160709
-0.584288
-0.909026
 -5.10862
 -2.24689
-0.833655
 0.162062
-0.583795
-0.898778
 -5.09904
 -2.24393
-0.837134
 0.158575
-0.576233
-0.900901
  -5.1207
 -2.24841
-0.839473
 0.164731
-0.593139
-0.913451
 -5.10272
 -2.24616
-0.834954
 0.154095
-0.581433
-0.910593
   -5.084
 -2.23749
-0.841118
 0.164242
-0.595472
 -0.92164
 -5.07968
 -2.23913
-0.832641
 0.152877
-0.590468
-0.896034
 -5.06664
  -2.2328
-0.843184
 0.152914
-0.568132
-0.906342
 -5.09312
 -2.24223
-0.840686
 0.168644
 -0.58844
 -0.90475
 -5.10757
 -2.24303
-0.840914
  0.15706
-0.581142
-0.922014
 -5.06851
 -2.23333
-0.840787
 0.160378
-0.580696
-0.896869
 -5.08719
 -2.24079
-0.833011
 0.162672
-0.577608
-0.910177
 -5.07629
 -2.23589
-0.837366
 0.155401
-0.589198
-0.901586
 -5.09097
   -2.243
-0.838374
 0.164017
-0.593378
-0.905287
 -5.06829
 -2.23327
-0.828768
 0.161833
 -0.58267
 -0.90892
 -5.09517
 -2.24306
 -0.83502
 0.156822
-0.587445
-0.907512
 -5.09424
 -2.23821
-0.838544
 0.157948
-0.580153
-0.905445
  -5.1109
 -2.24717
-0.836926
 0.154605
-0.593584
-0.900364
 -5.09237
 -2.23706
-0.837491
 0.161324
-0.582577
-0.905098
 -5.10374
  -2.2421
-0.836336
 0.156468
-0.596918
-0.917086
 -5.09545
 -2.24096
 -0.83411
 0.164072
-0.582222
 -0.90906
 -5.09018
 -2.23781
-0.839658
 0.157509
-0.572821
-0.903657
 -5.12247
 -2.24952
-0.840587
 0.165399
-0.589705
-0.913835
 -5.10596
 -2.24123
-0.838349
 0.160174
-0.587686
-0.900623
 -5.10195
 -2.24037
-0.840699
 0.164225
-0.586961
-0.902891
 -5.08133
 -2.23211
-0.834085
 0.152293
-0.582193
-0.897381
 -5.09559
 -2.24038
-0.830799
 0.165863
-0.595726
-0.910733
 -5.08489
 -2.24224
-0.842055
 0.162989
-0.584169
-0.919549
 -5.07175
 -2.23634
 -0.83194
 0.162269
 -0.58347
-0.905157
  -5.0768
  -2.2333
-0.835381
 0.159254
-0.593661
-0.907144
 -5.06849
 -2.23334
-0.840889
 0.160373
-0.580827
-0.901451
 -5.09738
 -2.24264
-0.841789
 0.157962
-0.585296
 -0.90906
  -5.0705
 -2.23285
-0.835539
 0.162972
-0.580521
-0.910469
 -5.08742
  -2.2396
-0.830872
 0.167068
 -0.58992
-0.911547
 -5.10023
 -2.23844
-0.836491
  0.16654
-0.591585
-0.911425
 -5.10782
  -2.2498
-0.840568
 0.167774
-0.583385
-0.911343
 -5.09824
 -2.24644
-0.835087
 0.166021
-0.583829
-0.911177
 -5.09771
 -2.24121
-0.835189
 0.157754
-0.596969
-0.912853
 -5.09592
 -2.23976
-0.833988
 0.157356
-0.583797
-0.903787
 -5.12079
 -2.24757
-0.838538
 0.165633
-0.585471
-0.917981
 -5.12132
 -2.24627
 -0.83819
 0.157986
-0.582884
-0.901364
 -5.09183
 -2.23947
-0.843223
 0.163643
-0.591722
-0.917091
 -5.09788
 -2.24038
-0.836157
 0.157535
-0.583948
-0.901428
 -5.07768
 -2.23801
 -0.83645
 0.157041
-0.578721
-0.912039
 -5.08691
 -2.24294
-0.836225
 0.154281
-0.578002
-0.911003
 -5.08918
 -2.24149
-0.833085
 0.160887
-0.587758
-0.916752
 -5.08757
 -2.23899
-0.834557
 0.162567
-0.577638
 -0.92755
 -5.08579
 -2.23837
  -0.8319
 0.158385
-0.577838
-0.906961
 -5.06693
 -2.23106
-0.834263
 0.155069
-0.571924
-0.901258
 -5.09565
 -2.24028
-0.832927
 0.162839
-0.582968
-0.904166
 -5.07911
 -2.23093
-0.833494
 0.168719
-0.585881
-0.913071
 -5.08374
 -2.23883
-0.835152
 0.156917
-0.583234
-0.904734
 -5.06764
 -2.23591
-0.830963
 0.162964
-0.581227
-0.910161
 -5.09938
 -2.24277
 -0.83721
 0.156842
-0.580828
-0.902427
 -5.10856
 -2.23898
-0.836236
 0.157522
-0.582803
-0.901856
 -5.09642
 -2.24553
 -0.83635
 0.166097
-0.590234
-0.917527
 -5.09779
 -2.24108
-0.839557
 0.152639
-0.575485
-0.906479
 -5.09715
 -2.24267
 -0.83398
 0.162147
-0.579847
-0.905165
 -5.10355
 -2.24115
-0.833209
 0.171593
-0.594815
 -0.91695
 -5.08012
 -2.22843
-0.833015
 0.154355
-0.584868
-0.891182
 -5.08057
 -2.23411
-0.839901
 0.162957
-0.572843
-0.905347
 -5.09437
 -2.24553
-0.830693
 0.165415
-0.599868
-0.915415
 -5.10641
 -2.24699
-0.832908
 0.163115
-0.583157
-0.915199
 -5.08094
  -2.2336
-0.836312
 0.156677
-0.588103
-0.897782
  -5.0694
 -2.23709
-0.832105
 0.164575
-0.581692
-0.912724
 -5.09009
 -2.23828
-0.842006
 0.162042
-0.591125
-0.909946
 -5.07577
 -2.23683
-0.837463
 0.163335
-0.574914
-0.900356
 -5.09838
 -2.24632
-0.830732
 0.158318
 -0.58823
-0.920326
 -5.08762
 -2.23974
-0.830652
 0.159944
-0.595575
-0.904488
 -5.08597
 -2.23827
-0.835443
 0.156475
-0.593335
-0.919857
 -5.09312
 -2.23388
 -0.83221
 0.161978
-0.597785
-0.914696
 -5.09068
 -2.23565
-0.841984
 0.163825
-0.586467
-0.901951
 -5.09839
 -2.23831
-0.833065
 0.152841
-0.583077
-0.912059
 -5.08813
 -2.23691
-0.838827
 0.168706
-0.589832
-0.912067
  -5.0937
 -2.24065
-0.836154
 0.155439
-0.581707
-0.902124
 -5.10499
 -2.24529
-0.840569
 0.161834
-0.594353
-0.906839
 -5.10751
 -2.24328
-0.832927
 0.155067
-0.585247
-0.913239
 -5.08415
 -2.23658
-0.831849
 0.159387
 -0.57605
-0.899511
 -5.09478
 -2.24373
-0.836296
 0.167099
-0.588445
-0.910077
 -5.08723
 -2.24109
  -0.8353
 0.160328
-0.585355
-0.914471
  -5.0829
 -2.23367
-0.844252
 0.161207
-0.576399
-0.899903
 -5.08139
 -2.24046
-0.836224
 0.154283
-0.590134
-0.907733
  -5.0734
 -2.23008
-0.832081
 0.156944
 -0.58493
-0.901965
 -5.07813
 -2.23624
-0.835248
 0.160012
-0.590588
-0.903903
  -5.0774
 -2.23188
-0.832924
 0.146808
-0.589505
-0.897505
 -5.07594
 -2.23612
 -0.83417
 0.163233
-0.580751
-0.902252
 -5.08035
 -2.23511
 -0.83331
 0.158131
-0.577606
-0.915177
 -5.08834
  -2.2448
-0.834054
 0.165359
-0.594032
-0.913528
 -5.08742
 -2.23997
-0.829442
 0.161653
 -0.57915
-0.896147
 -5.09287
 -2.24384
-0.837215
 0.158006
-0.580445
-0.903705
 -5.09117
 -2.24231
-0.839542
 0.160691
-0.585528
-0.905169
 -5.08776
 -2.23902
-0.842074
 0.164353
-0.589216
 -0.91293
 -5.08635
 -2.24564
-0.833703
 0.155564
-0.594759
-0.902654
  -5.0967
 -2.24492
-0.837031
 0.164696
-0.589395
-0.894274
 -5.09707
 -2.24332
-0.835019
 0.158407
-0.576079
 -0.90326
 -5.06614
 -2.23294
-0.831088
 0.171256
-0.585913
-0.906491
 -5.08342
 -2.24013
-0.835296
 0.155548
-0.583809
-0.914515
 -5.07011
 -2.23516
-0.841071
 0.159371
-0.582744
-0.913483
  -5.0848
 -2.23357
 -0.83338
 0.161589
-0.579534
-0.913865
 -5.09351
 -2.24091
-0.836448
 0.163248
-0.596424
-0.915463
 -5.07504
 -2.23142
-0.835534
 0.163344
-0.587225
-0.906717
 -5.07837
 -2.23562
-0.836605
 0.152616
-0.584144
-0.917496
 -5.08528
 -2.23272
-0.837597
 0.156381
-0.586526
-0.903729
 -5.07649
 -2.23416
-0.830786
 0.160455
-0.587152
-0.898913
 -5.07024
 -2.23477
-0.834217
 0.154981
-0.582903
-0.906771
 -5.08382
 -2.23017
-0.838806
 0.153091
-0.573253
-0.903147
 -5.07914
 -2.23172
-0.838962
 0.158653
-0.573336
-0.911295
 -5.08748
 -2.23163
-0.835244
 0.160472
-0.579544
-0.891906
 -5.08527
 -2.24065
-0.837652
  0.15881
-0.579315
-0.919177
 -5.09809
 -2.23891
-0.832047
 0.159269
-0.586147
-0.914616
 -5.07443
 -2.23426
-0.829691
 0.157479
-0.587132
-0.901548
 -5.07861
 -2.23498
-0.835177
 0.152345
-0.588395
-0.901033
 -5.10983
  -2.2419
-0.834089
 0.159404
-0.584953
-0.909988
   -5.083
 -2.24131
-0.835165
 0.162287
 -0.58184
-0.906039
 -5.10177
  -2.2406
-0.845595
 0.167854
-0.584355
  -0.9212
 -5.07163
 -2.23713
-0.835407
 0.158324
-0.578903
-0.912389
 -5.08417
 -2.23712
-0.838657
 0.156639
 -0.58181
 -0.90833
 -5.08331
 -2.23929
-0.832143
 0.167571
-0.586616
-0.916521
 -5.08745
 -2.23998
-0.835528
  0.16357
-0.592971
-0.922798
 -5.06947
 -2.22914
-0.834497
 0.155053
 -0.57768
-0.909003
 -5.07293
 -2.23175
-0.828749
 0.156271
-0.582716
-0.905354
 -5.08747
 -2.24009
-0.841825
 0.165165
-0.580459
-0.900057
 -5.05748
 -2.22608
-0.832456
 0.168002
 -0.57948
-0.906756
 -5.07949
 -2.23051
-0.836728
  0.15806
-0.582759
-0.910448
 -5.07818
 -2.23625
-0.835444
 0.155007
-0.588093
-0.915434
 -5.10063
  -2.2456
-0.830598
 0.161012
-0.592763
-0.910394
 -5.10983
 -2.24203
-0.833987
 0.161306
-0.592489
-0.905182
 -5.09116
 -2.24243
 -0.84178
 0.160496
-0.584468
 -0.90514
 -5.07992
 -2.23668
-0.835655
 0.163451
-0.587548
-0.922341
 -5.08487
 -2.23423
-0.831767
 0.155925
-0.584977
  -0.8934
 -5.07873
 -2.24108
-0.836256
 0.173728
-0.587692
-0.899297
 -5.06605
 -2.22582
   -0.839
  0.16164
-0.575005
-0.900844
 -5.09232
 -2.23657
-0.838823
 0.169864
-0.588173
-0.909191
 -5.06831
  -2.2346
-0.840791
 0.154036
-0.578249
-0.899851
 -5.08104
 -2.24028
-0.838671
 0.168365
-0.577367
-0.908075
 -5.07795
 -2.22869
-0.834252
 0.156174
-0.586676
-0.896005
 -5.07774
 -2.23779
-0.839751
 0.163249
-0.591672
-0.906679
 -5.06436
  -2.2333
-0.836243
 0.157744
-0.576541
 -0.89086
 -5.07358
 -2.23776
-0.835244
 0.160599
-0.587651
-0.905253
 -5.09564
 -2.24041
-0.835183
 0.162649
-0.581907
-0.904137
  -5.0919
 -2.23885
-0.836425
 0.160463
-0.579303
-0.908458
 -5.08217
 -2.23665
-0.838906
 0.156253
-0.580861
-0.919826
 -5.07208
 -2.23541
-0.838806
 0.158048
-0.577349
-0.911403
 -5.07844
  -2.2343
-0.838679
 0.165936
-0.579216
-0.898631
 -5.08543
 -2.23976
-0.842145
 0.166666
-0.587308
-0.915914
 -5.08628
 -2.24395
-0.831745
 0.171395
-0.583798
-0.902437
 -5.09146
 -2.24003
-0.829888
 0.167508
-0.597382
-0.917917
 -5.11247
 -2.23943
-0.837748
 0.160841
 -0.58469
-0.919802
 -5.09776
 -2.24013
-0.831871
 0.161968
-0.585188
-0.906104
  -5.0736
 -2.23762
-0.835262
 0.158705
-0.579983
-0.905475
  -5.0832
 -2.23191
-0.831074
 0.161584
-0.591382
-0.908364
 -5.07482
 -2.24081
-0.835483
 0.162267
-0.589005
 -0.92252
 -5.09168
 -2.23881
-0.832035
 0.172727
-0.594736
-0.908143
 -5.08249
 -2.23512
-0.834325
 0.158019
-0.582404
-0.910102
 -5.07089
 -2.24031
-0.834142
 0.157996
-0.583479
-0.911559
  -5.0723
 -2.23429
-0.839024
 0.161288
-0.584965
 -0.91973
 -5.09594
 -2.23955
-0.835646
 0.159669
-0.599736
-0.930496
 -5.08095
 -2.23347
-0.836351
 0.154787
-0.580435
-0.898004
 -5.07062
 -2.23277
-0.833126
 0.159148
-0.582325
-0.901296
 -5.09023
 -2.23619
-0.826717
 0.168806
-0.597479
-0.918732
 -5.07637
 -2.23418
-0.835545
 0.161248
-0.572851
-0.910683
  -5.1034
 -2.24286
-0.829624
 0.157862
-0.591599
-0.913466
 -5.07916
 -2.23179
-0.836498
  0.16171
-0.585567
-0.899534
 -5.07694
 -2.23296
-0.833088
 0.151635
-0.580263
   -0.903
 -5.08157
 -2.23869
-0.827431
 0.160472
-0.593048
-0.907269
  -5.0798
  -2.2459
-0.835254
 0.160507
-0.581135
-0.920038
 -5.09314
 -2.24179
-0.834437
 0.162328
-0.581715
-0.925756
 -5.07813
  -2.2356
-0.838807
 0.164563
-0.579792
-0.908413
 -5.07217
 -2.23494
-0.839866
 0.162552
-0.583692
-0.906293
 -5.07694
  -2.2332
 -0.83521
 0.153341
-0.586738
-0.898166
 -5.09592
 -2.24033
-0.840912
 0.154606
-0.589687
 -0.91719
 -5.07188
 -2.23528
-0.839044
 0.165176
-0.571692
-0.918462
 -5.08624
 -2.23636
-0.836727
 0.164484
-0.590819
-0.918973
 -5.08162
 -2.24694
-0.833898
 0.162335
-0.582265
-0.908882
 -5.07166
 -2.23665
-0.838619
 0.165739
-0.579147
-0.900525
  -5.0871
 -2.24164
-0.833934
 0.161793
-0.585141
-0.901065
 -5.07463
  -2.2331
-0.830055
 0.159762
-0.591111
-0.916859
 -5.07865
 -2.24203
-0.829393
 0.163931
-0.589303
-0.897747
 -5.08815
 -2.24515
-0.828499
 0.167194
-0.596331
-0.913926
 -5.08931
 -2.24087
-0.834013
 0.163518
 -0.58617
  -0.9027
 -5.07274
 -2.23242
 -0.84216
 0.164132
-0.578106
-0.902853
 -5.07626
 -2.23509
-0.836545
 0.161294
-0.584417
-0.908333
  -5.0723
 -2.23447
-0.841199
 0.162043
-0.587673
-0.917298
 -5.06864
 -2.23217
-0.831052
 0.158964
-0.582304
-0.908239
 -5.08412
 -2.23672
-0.831852
 0.161285
-0.583715
-0.899288
 -5.06188
 -2.23403
 -0.83662
 0.164076
-0.574016
-0.907629
 -5.08489
 -2.23309
-0.836782
 0.163999
-0.577282
-0.913532
  -5.0703
 -2.23301
-0.833638
 0.170985
-0.596297
-0.923836
 -5.08708
 -2.23269
-0.841299
 0.167226
 -0.58386
-0.914887
 -5.09558
 -2.24027
-0.833278
 0.161873
-0.579592
-0.920315
 -5.07089
 -2.23167
-0.837685
 0.159166
-0.576125
-0.903025
 -5.08245
 -2.23486
-0.840064
 0.166159
-0.585881
-0.914137
 -5.08367
 -2.23857
-0.843342
  0.16296
-0.578247
-0.918127
 -5.08683
 -2.24259
-0.837526
 0.164713
-0.591264
-0.914873
 -5.06276
  -2.2305
-0.839029
 0.165803
-0.580825
-0.910074
 -5.08741
 -2.23967
-0.833191
  0.16593
 -0.58509
-0.913921
 -5.08234
 -2.23525
-0.832205
 0.166038
-0.597918
-0.914305
 -5.09056
 -2.24458
-0.837201
 0.160326
-0.578404
-0.902107
 -5.06884
 -2.23159
-0.844373
 0.164148
 -0.57826
-0.900501
 -5.06705
 -2.22996
-0.836838
 0.161211
-0.573701
-0.911995
 -5.06754
 -2.23652
-0.829829
 0.160368
-0.582416
-0.910466
  -5.0777
 -2.23723
-0.831129
 0.162119
-0.588636
-0.920764
 -5.07635
 -2.23449
-0.837708
 0.163898
-0.583225
 -0.90803
 -5.07732
 -2.23089
-0.837842
 0.161778
-0.592103
-0.910467
 -5.08721
 -2.24025
-0.832166
 0.167362
-0.585402
-0.918844
 -5.07372
 -2.23717
-0.834262
 0.160293
-0.592558
-0.911703
 -5.08213
 -2.23676
 -0.84086
 0.161072
-0.582165
-0.903685
 -5.06229
 -2.23249
-0.829713
 0.162946
-0.581396
-0.895494
 -5.06551
 -2.22842
-0.836932
    0.156
-0.581994
-0.917996
 -5.07043
 -2.23368
-0.838693
 0.160001
-0.579328
-0.901551
 -5.06905
 -2.23854
-0.832242
 0.165101
-0.589933
-0.922283
 -5.09263
 -2.23639
-0.834104
 0.157196
-0.589289
-0.902375
 -5.06811
 -2.23437
-0.836472
 0.163456
-0.582247
-0.902161
 -5.08704
  -2.2419
-0.838658
  0.16138
-0.583416
-0.914755
 -5.06911
 -2.23926
-0.835322
 0.156185
-0.582085
-0.913551
 -5.07661
 -2.23365
-0.836343
 0.160781
-0.576041
-0.894192
 -5.07516
 -2.23115
-0.833251
 0.156664
-0.577727
-0.904753
 -5.06454
 -2.23196
 -0.83685
 0.157169
-0.569348
-0.917961
 -5.07874
 -2.24093
-0.834448
 0.167954
 -0.58275
-0.922425
 -5.08106
 -2.23221
-0.834479
 0.162259
-0.588231
-0.910979
 -5.08273
 -2.24129
-0.833294
 0.172443
 -0.58894
-0.919667
 -5.07992
 -2.23658
-0.833434
 0.163648
-0.588606
-0.922371
 -5.06012
 -2.23303
-0.837659
 0.163221
-0.576259
-0.902634
 -5.06883
 -2.23086
-0.831152
 0.164366
-0.580981
 -0.90766
 -5.07808
 -2.23604
-0.833323
 0.158297
-0.584374
-0.917903
 -5.07781
 -2.23675
-0.832099
  0.16663
-0.594849
-0.911072
 -5.06746
 -2.23629
-0.833416
 0.170592
-0.594752
-0.918889
 -5.06806
 -2.22611
-0.832339
 0.159498
-0.584434
-0.905325
 -5.06613
 -2.23364
-0.834503
 0.161371
 -0.57469
 -0.91391
  -5.0883
 -2.23701
-0.838755
 0.160627
-0.591848
-0.911994
 -5.07439
 -2.23377
-0.833317
 0.163916
-0.584132
-0.910418
 -5.07962
 -2.23801
-0.837527
 0.165968
-0.585265
-0.904636
 -5.07662
 -2.23398
-0.838776
 0.158416
-0.584053
-0.907652
 -5.07525
 -2.23055
-0.834414
 0.159266
-0.576536
-0.904448
 -5.07935
 -2.23875
-0.840911
 0.171057
-0.582317
-0.904956
 -5.06296
 -2.22982
-0.837829
 0.164567
-0.581571
-0.905179
 -5.07503
 -2.23178
-0.842229
  0.16276
-0.584044
-0.906632
 -5.09341
 -2.24081
-0.838893
 0.164246
 -0.58305
-0.922679
 -5.08728
 -2.23247
-0.836714
 0.158591
-0.584098
-0.912691
 -5.06832
 -2.23377
-0.835582
  0.15815
-0.584529
 -0.91556
 -5.07385
 -2.23636
-0.835404
 0.160058
  -0.5798
-0.909442
 -5.06085
 -2.23072
-0.842173
 0.156513
-0.571766
-0.903673
 -5.08506
 -2.24101
-0.842145
  0.16935
 -0.58661
-0.916568
 -5.06463
 -2.23149
-0.835576
  0.16377
-0.584287
-0.908076
 -5.07488
  -2.2405
-0.830816
 0.161732
-0.586961
-0.911234
 -5.06034
 -2.23226
-0.832262
 0.159257
-0.584428
-0.913688
 -5.08407
 -2.23721
-0.840942
 0.160488
-0.579739
-0.908338
 -5.08371
 -2.23833
-0.838709
 0.163366
-0.580102
 -0.90902
 -5.06934
  -2.2292
 -0.83468
 0.160034
-0.580699
-0.915802
 -5.07172
 -2.22855
-0.836578
  0.15755
-0.581153
-0.899041
 -5.07006
 -2.23557
-0.837479
 0.156039
-0.580832
-0.902472
 -5.09116
 -2.24209
-0.837437
 0.158989
 -0.57905
-0.910003
 -5.06575
 -2.23627
  -0.8466
 0.157184
-0.573605
-0.912255
 -5.07644
 -2.23442
-0.835434
 0.160052
-0.585294
-0.908021
 -5.06331
 -2.22947
-0.841168
  0.15484
-0.582481
-0.909319
 -5.08591
 -2.24691
-0.836315
 0.156133
 -0.58586
-0.921832
 -5.08783
 -2.23853
-0.835156
 0.163073
-0.584332
-0.899492
 -5.07492
 -2.23182
-0.830021
  0.16113
-0.590664
-0.911662
 -5.08607
 -2.23661
-0.833452
 0.163275
-0.580624
-0.921969
 -5.05976
 -2.22625
-0.835828
 0.158644
-0.581731
-0.913147
  -5.0751
 -2.24003
 -0.83398
  0.16011
-0.585456
-0.901699
 -5.08365
 -2.23836
-0.838977
 0.163346
-0.580497
-0.922768
 -5.08023
 -2.23575
-0.842216
 0.164239
-0.583791
-0.912474
 -5.07297
 -2.23989
-0.838799
 0.165261
-0.589177
-0.917534
 -5.07844
 -2.23466
-0.833069
 0.158735
-0.579767
-0.901359
 -5.08881
 -2.24298
-0.835148
 0.165291
-0.593404
-0.907988
 -5.07625
 -2.23499
-0.834318
 0.161492
-0.585475
-0.908363
 -5.06298
 -2.22987
-0.840021
 0.163428
-0.576612
-0.902971
 -5.06987
 -2.23669
-0.843339
 0.154714
-0.587037
-0.920797
 -5.07572
 -2.23671
-0.833161
  0.16467
-0.581061
-0.907177
  -5.0737
 -2.23654
-0.835562
 0.166932
-0.590488
-0.916018
 -5.09614
 -2.23876
-0.838713
 0.158318
-0.581624
 -0.91228
 -5.06545
 -2.22812
-0.834679
 0.158351
-0.574244
-0.913703
 -5.06207
 -2.23362
-0.837996
 0.159518
-0.579137
-0.923178
 -5.09968
 -2.24076
-0.836548
 0.160035
-0.577005
-0.917686
 -5.07248
  -2.2327
-0.832391
 0.168229
-0.590586
-0.916833
 -5.07543
 -2.23076
-0.834215
 0.153084
 -0.58609
 -0.89957
 -5.06034
 -2.23226
 -0.83226
 0.159257
-0.584427
-0.913688
  -5.0674
 -2.23775
-0.841809
 0.160654
-0.575845
-0.896886
 -5.07918
 -2.23917
-0.835652
 0.168819
-0.586153
-0.923648
 -5.06426
 -2.23314
-0.832239
 0.158103
-0.579315
 -0.91383
 -5.07403
 -2.23599
-0.838695
 0.159374
-0.582327
 -0.90667
 -5.08336
 -2.24032
-0.839632
 0.159217
-0.580416
-0.905329
 -5.09565
 -2.24011
-0.826534
 0.160315
-0.591446
-0.920143
 -5.08457
 -2.23469
-0.841313
 0.163185
-0.579506
-0.920854
 -5.06725
 -2.22988
-0.832146
 0.154477
-0.581475
-0.904994
 -5.06143
 -2.22771
-0.833278
 0.160024
-0.575245
-0.897973
 -5.07451
 -2.23479
 -0.83623
 0.154754
-0.592496
-0.896622
 -5.07333
 -2.23854
-0.836575
 0.162774
-0.590933
 -0.91691
 -5.06919
 -2.22951
-0.828928
 0.161879
-0.582736
-0.907035
 -5.06243
 -2.23166
-0.838899
  0.16755
-0.576097
-0.903966
 -5.08448
 -2.23507
-0.833363
 0.163072
-0.591412
-0.916439
 -5.06991
 -2.23545
-0.835567
 0.160256
-0.581276
-0.916285
 -5.06672
 -2.23975
-0.838863
 0.168722
-0.592381
-0.920377
 -5.06056
 -2.23157
-0.843232
 0.164638
-0.581311
-0.901398
 -5.04132
 -2.22471
-0.830016
 0.165359
-0.582246
-0.901136
 -5.05186
 -2.23277
-0.830003
 0.160206
-0.584018
-0.921917
 -5.03008
 -2.22848
 -0.82763
 0.160916
-0.577675
 -0.91136
 -5.00541
 -2.21089
-0.835015
 0.160911
-0.580227
-0.919253
 -4.99229
 -2.22393
-0.836347
  0.14851
-0.582738
-0.910594
 -4.99889
 -2.21251
-0.826772
  0.15789
-0.592761
-0.916083
 -4.98134
 -2.22503
-0.837433
  0.16696
-0.595381
-0.923292
  -4.9365
 -2.17998
-0.839668
 0.161631
-0.596639
-0.911852
 -4.90266
 -2.18987
-0.820675
 0.160299
-0.585527
 -0.92413
 -4.89591
 -2.21678
-0.832901
 0.174564
-0.595609
-0.938775
  -4.8623
 -2.15683
-0.803911
 0.170622
-0.581742
-0.923747
 -4.81752
 -2.17299
-0.832225
 0.165508
-0.585381
-0.927912
 -4.79014
 -2.15775
-0.836748
 0.164079
 -0.58886
-0.948891
 -4.73901
  -2.1648
-0.860702
 0.163998
-0.567321
 -0.93474
 -4.73142
 -2.15344
-0.869538
 0.165263
-0.574086
-0.973156
 -4.69737
 -2.13015
-0.813043
 0.154476
-0.586547
-0.943857
 -4.64126
 -2.09462
 -0.80672
 0.170268
-0.577119
 -0.94165
 -4.59436
  -2.1206
  -0.8444
 0.165001
-0.579917
-0.957142
  -4.5537
 -2.12634
-0.854069
 0.171213
-0.579812
-0.966385
 -4.55866
 -2.10522
-0.827184
 0.164478
-0.595307
-0.947861
 -4.52722
 -2.06168
-0.799074
 0.168792
-0.603305
-0.953185
 -4.48187
 -2.06201
-0.816925
 0.160982
-0.586956
-0.974255
 -4.43015
  -2.0889
 -0.83937
 0.160929
-0.588813
-0.975456
 -4.40965
 -2.01673
-0.813718
 0.166651
-0.595199
-0.968359
 -4.39632
 -2.03567
 -0.79262
 0.167706
-0.591439
-0.984666
 -4.35945
 -2.03568
 -0.83053
 0.167606
-0.584524
-0.984684
 -4.30838
 -2.03832
-0.768242
 0.165255
-0.598564
-0.976514
 -4.24751
 -2.02306
-0.904612
 0.160462
-0.570472
-0.983665
 -4.21288
 -2.02454
-0.817461
 0.169322
-0.597508
-0.992115
 -4.15908
 -2.00798
-0.839208
 0.170245
-0.593442
-0.996443
 -4.12735
 -1.96151
-0.860291
 0.162401
-0.598583
-0.988371
 -4.04454
 -1.98359
-0.810381
 0.168194
-0.589641
-0.988494
 -4.01447
 -1.92106
-0.835602
 0.176178
-0.613114
-0.992615
 -3.96223
 -1.96336
-0.773907
 0.164884
-0.608826
 -1.01291
 -3.87849
 -1.89344
-0.854906
 0.175056
-0.599407
  -1.0063
 -3.82703
 -1.89947
-0.798471
 0.164977
-0.628871
 -1.01237
 -3.77518
 -1.88993
-0.791246
 0.172236
-0.636208
  -1.0232
 -3.76319
 -1.89696
-0.811938
 0.179771
-0.624786
 -1.02017
   -3.671
 -1.87424
-0.788111
 0.179508
-0.625691
 -1.02615
 -3.63729
 -1.84487
-0.825099
 0.179729
-0.621939
 -1.03253
 -3.59412
 -1.85061
-0.772034
 0.170178
 -0.63414
 -1.02211
 -3.55167
 -1.76117
-0.787828
 0.163221
-0.622143
 -1.01476
 -3.51066
 -1.79485
-0.809788
 0.168442
-0.626568
 -1.01087
 -3.48592
 -1.83222
-0.741665
 0.168513
-0.625582
  -1.0466
 -3.43406
 -1.80252
-0.831106
 0.171386
-0.615213
 -1.04118
 -3.39145
 -1.81361
 -0.81789
 0.180778
-0.600914
 -1.04588
 -3.36892
 -1.80356
-0.809401
 0.180979
-0.605217
 -1.04415
 -3.35289
 -1.79198
-0.782631
 0.169994
-0.617647
 -1.04875
  -3.3172
 -1.74856
-0.769739
  0.17582
-0.607408
 -1.06838
 -3.29321
 -1.75619
-0.810687
 0.166466
-0.590061
 -1.06625
  -3.2768
 -1.73374
-0.732946
 0.169067
-0.610973
 -1.05902
 -3.24802
 -1.77776
-0.808122
 0.175824
-0.590366
 -1.06825
 -3.21582
 -1.70499
-0.811988
 0.176742
-0.587344
 -1.06772
 -3.19271
  -1.7479
-0.772979
 0.163837
-0.587628
 -1.08579
 -3.10631
 -1.69544
 -0.82365
 0.169753
-0.557288
 -1.05841
 -3.09298
 -1.68207
-0.814437
 0.165329
-0.577949
 -1.08549
 -3.07438
 -1.73334
-0.806118
 0.155389
-0.573713
 -1.08928
 -3.05799
 -1.69456
-0.773958
 0.165135
-0.573153
 -1.10254
 -2.98583
 -1.67147
-0.855623
 0.172864
-0.568649
 -1.09581
 -2.98068
 -1.67838
-0.748633
 0.168914
-0.560021
 -1.10588
 -2.97706
 -1.62812
-0.815334
 0.171352
-0.574676
 -1.09708
 -2.89289
 -1.62714
 -0.70608
 0.177455
-0.563348
 -1.09474
 -2.84983
 -1.65746
 -0.79024
 0.169264
-0.583029
 -1.10615
 -2.79624
  -1.6495
-0.814754
 0.160723
-0.568137
 -1.09176
 -2.77325
 -1.63698
-0.766791
 0.181827
-0.575176
 -1.10256
 -2.77583
  -1.6006
-0.760548
 0.179153
 -0.58925
 -1.11266
  -2.7128
 -1.56074
-0.753939
 0.177176
-0.566655
  -1.1072
 -2.67635
 -1.62958
-0.797862
 0.166485
-0.566883
 -1.11121
 -2.64559
 -1.60225
-0.790775
  0.16774
-0.570689
 -1.10222
 -2.60256
 -1.58896
-0.756968
 0.178119
-0.575752
 -1.11426
 -2.60545
  -1.5363
-0.768436
 0.168381
-0.588322
 -1.10654
  -2.5656
 -1.55202
-0.713513
 0.172057
-0.590382
 -1.11468
 -2.50987
 -1.54547
-0.781951
 0.176596
-0.578636
 -1.13085
 -2.46203
 -1.57519
-0.816996
 0.169676
-0.574043
 -1.12096
 -2.44421
    -1.55
-0.762756
 0.180344
-0.568761
 -1.13972
-2.47492
-1.52815
-0.78905
 0.17586
-0.59077
-1.13275
 -2.42795
 -1.49041
-0.776722
 0.175316
-0.589481
 -1.11669
 -2.38781
 -1.51345
-0.819131
 0.171361
 -0.58966
 -1.12044
 -2.34474
 -1.54158
-0.748682
 0.184213
-0.596032
 -1.11701
 -2.34535
 -1.49473
-0.713596
 0.176779
-0.594446
 -1.11769
 -2.28483
 -1.50704
-0.754436
 0.177271
 -0.59152
 -1.11463
 -2.25056
 -1.49238
-0.722736
 0.185829
-0.606306
 -1.14034
 -2.25904
 -1.50917
-0.709553
  0.17674
-0.609947
 -1.13169
 -2.24285
 -1.48978
-0.720673
 0.180848
-0.586224
 -1.12272
 -2.20443
 -1.46546
-0.788152
 0.167695
-0.587835
 -1.11898
  -2.1945
 -1.46701
-0.723818
  0.18726
-0.589079
 -1.12682
 -2.17882
  -1.4651
-0.751834
 0.181968
-0.577602
  -1.1245
 -2.16133
 -1.46161
-0.757643
 0.169286
-0.573792
 -1.12711
 -2.10427
 -1.44992
-0.788367
 0.178591
-0.573946
 -1.13359
 -2.11153
 -1.46902
-0.757994
 0.177505
-0.560201
 -1.14164
 -2.08129
 -1.41381
-0.739845
 0.175095
  -0.5797
 -1.12894
  -2.0162
  -1.4015
-0.777307
 0.178034
-0.560536
 -1.14333
 -1.99118
 -1.51263
-0.752135
 0.180243
-0.571922
 -1.14418
 -2.03018
 -1.37826
-0.765969
 0.167749
-0.571032
 -1.13811
 -2.02105
 -1.43777
-0.713959
 0.178579
-0.562856
 -1.14954
 -2.00734
 -1.39425
-0.762205
 0.175617
-0.553862
 -1.14909
 -1.96806
 -1.47997
-0.763458
 0.179092
-0.563739
 -1.14746
 -1.96698
 -1.35534
-0.745565
 0.173011
-0.567823
 -1.14297
 -1.95869
 -1.42301
 -0.74533
 0.184511
-0.566914
  -1.1389
 -1.92104
 -1.43446
-0.781195
 0.176978
-0.548603
 -1.17477
 -1.92256
  -1.3827
-0.723436
 0.176635
-0.559707
 -1.14397
 -1.90711
 -1.37956
 -0.76303
 0.179761
-0.569907
 -1.16466
 -1.89818
 -1.41491
-0.716751
 0.175553
-0.575017
 -1.14787
 -1.83952
 -1.38367
-0.735737
 0.173332
 -0.54808
 -1.15381
 -1.82031
 -1.40464
-0.754753
 0.174309
 -0.56778
 -1.13883
 -1.83505
 -1.38432
-0.719074
 0.176788
-0.581148
 -1.15199
 -1.83405
 -1.39628
-0.727795
  0.17963
-0.556798
 -1.15808
 -1.79281
 -1.36225
-0.730685
 0.175204
-0.561052
 -1.14434
 -1.79141
 -1.40189
-0.722754
 0.177869
-0.572237
 -1.15617
 -1.80582
 -1.37694
-0.739184
 0.179707
-0.569918
 -1.13742
 -1.78151
 -1.34102
-0.751857
 0.173423
-0.569854
 -1.15023
 -1.73544
 -1.39431
-0.753071
 0.171963
-0.544667
  -1.1538
  -1.7267
 -1.38429
-0.707034
 0.179715
-0.559191
 -1.15915
 -1.73857
 -1.31066
-0.723225
 0.176128
-0.572123
 -1.15876
 -1.73943
 -1.36825
-0.735519
 0.164583
-0.551083
 -1.15577
 -1.70353
 -1.36119
-0.719887
  0.17442
-0.555804
 -1.14358
 -1.69629
 -1.34923
-0.733646
 0.171073
 -0.54739
 -1.13846
 -1.75061
  -1.3721
-0.728699
 0.179206
-0.562759
 -1.14475
 -1.79159
 -1.35801
-0.741476
 0.168075
-0.551961
 -1.13308
 -1.79212
 -1.35441
-0.726351
 0.174179
-0.550501
 -1.15068
 -1.84102
 -1.41876
-0.748553
 0.176764
-0.545989
 -1.15328
 -1.88305
 -1.44186
-0.754682
 0.180848
-0.556465
 -1.15614
 -1.92257
 -1.38074
-0.722033
 0.171825
-0.561747
 -1.14749
 -1.94969
 -1.44836
-0.739754
 0.175925
-0.536589
 -1.14148
 -1.98198
 -1.45268
-0.754126
 0.178333
 -0.54658
 -1.13632
 -2.05524
 -1.42542
-0.764743
 0.173003
-0.551653
 -1.13013
 -2.13939
 -1.49535
-0.755889
  0.18011
-0.541529
 -1.13531
 -2.20067
 -1.48306
-0.769889
 0.172914
 -0.53915
 -1.13327
 -2.24669
 -1.44345
-0.687396
 0.170012
-0.549931
 -1.11354
 -2.32152
 -1.51553
-0.788862
 0.171673
-0.540839
 -1.12396
 -2.34456
 -1.52136
-0.743683
  0.16881
-0.543332
 -1.11476
 -2.37114
 -1.52248
-0.725484
 0.160757
-0.527013
 -1.09998
 -2.45138
 -1.51817
-0.771893
 0.167474
-0.552037
 -1.11485
 -2.48957
 -1.59055
-0.759575
 0.165169
-0.543951
 -1.12442
 -2.52762
 -1.56991
-0.738693
 0.165102
-0.548577
  -1.1136
 -2.59429
 -1.62782
-0.738882
 0.166441
-0.534118
 -1.11726
  -2.7234
 -1.62571
-0.745537
 0.167601
-0.547153
 -1.10707
 -2.79947
 -1.61159
-0.758721
  0.17262
-0.534784
 -1.08206
 -2.90551
 -1.73033
-0.739699
   0.1634
 -0.54872
 -1.07734
 -3.01611
 -1.69254
-0.760449
 0.167435
-0.534416
  -1.0804
  -3.0916
 -1.72554
-0.796798
 0.161335
-0.530095
 -1.05292
 -3.14175
 -1.71419
-0.746259
 0.151659
-0.532117
 -1.03291
 -3.23681
 -1.76617
 -0.77171
 0.163449
-0.525931
 -1.06084
 -3.35454
 -1.81182
-0.801572
 0.157942
-0.514238
 -1.04418
 -3.45612
 -1.78204
-0.716431
 0.158113
-0.531016
  -1.0132
 -3.61293
 -1.84541
-0.736836
 0.157166
-0.536057
 -1.03433
 -3.70963
 -1.90303
-0.795266
 0.154838
-0.523826
-0.991921
 -3.76849
 -1.89604
-0.728368
 0.152577
-0.510871
-0.988152
 -3.92332
 -2.01103
-0.756662
 0.158662
-0.530145
-0.993829
 -4.04202
 -1.94998
-0.774163
 0.152216
-0.513273
  -0.9648
 -4.13845
  -2.0201
-0.742678
 0.155943
 -0.50283
-0.967691
  -4.2515
 -2.08689
-0.807566
   0.1518
-0.493468
 -0.97083
 -4.31687
 -2.05503
-0.771725
  0.15041
-0.502833
 -0.95896
 -4.39624
 -2.09434
-0.753153
 0.153741
-0.503102
-0.948376
 -4.48124
 -2.16411
-0.775665
 0.152665
-0.490474
-0.926621
 -4.59224
 -2.13275
-0.754468
 0.146938
-0.487845
-0.925361
  -4.6719
 -2.18082
-0.765721
 0.151627
-0.477609
 -0.89937
   -4.806
  -2.2439
-0.753333
 0.143809
-0.500673
-0.894549
   -4.925
 -2.19815
-0.764642
 0.141206
-0.487703
-0.859001
 -5.03048
 -2.34291
-0.739029
 0.145475
-0.475859
 -0.85886
 -5.14899
 -2.29929
-0.743379
 0.141537
 -0.47123
-0.849747
 -5.26866
 -2.37286
-0.785372
 0.129242
-0.459961
-0.854341
 -5.37147
 -2.40704
-0.725769
 0.137527
-0.469657
-0.815252
 -5.42451
 -2.40371
-0.785446
 0.136681
-0.430704
-0.819353
 -5.47182
 -2.44527
-0.733332
 0.148005
-0.453156
-0.810175
 -5.53332
 -2.47556
  -0.7409
 0.133092
-0.448193
-0.805405
 -5.62262
 -2.45932
-0.770782
 0.126651
-0.443828
 -0.79725
 -5.73405
  -2.5003
-0.723762
 0.132401
-0.418901
-0.788511
  -5.8513
 -2.52094
-0.730129
 0.137862
-0.438015
-0.776367
 -5.90345
 -2.56409
-0.764344
 0.134019
-0.428594
-0.765829
 -5.96452
 -2.54153
-0.711737
 0.122742
-0.417884
-0.751384
 -6.02447
 -2.65374
-0.723513
 0.126611
-0.422977
-0.759256
 -6.07032
 -2.55283
-0.766015
   0.1179
-0.414365
-0.732252
 -6.14228
 -2.62874
-0.715961
 0.118386
-0.407338
-0.752981
 -6.18009
 -2.64454
-0.738685
 0.121331
-0.405392
-0.731603
 -6.20957
 -2.62212
-0.672154
 0.118921
-0.395462
-0.733165
 -6.25903
 -2.75572
-0.741947
 0.114303
-0.388971
 -0.74029
 -6.29178
 -2.63722
-0.720474
 0.102322
-0.382565
-0.721402
 -6.34544
 -2.72213
-0.714083
 0.115775
-0.382372
-0.697684
 -6.43198
 -2.73218
-0.729238
 0.114019
-0.370421
 -0.72135
 -6.40714
 -2.68729
-0.664632
 0.111372
-0.376247
-0.692867
   -9.04354
   -3.77427
  -0.781058
  0.0222402
-0.00239656
 -0.0852749
 -7.39385
 -3.09214
-0.710147
0.0799999
-0.260737
-0.498867
 -6.51578
 -2.78657
-0.511657
0.0857811
-0.250405
-0.596827
  -7.34265
   -2.9922
  -0.57298
 0.0410023
-0.0626379
 -0.607811
  -8.06499
  -3.21525
 -0.496041
 0.0399825
-0.0686245
 -0.523127
 -8.59855
 -3.41135
-0.527966
0.0481488
-0.137753
-0.467278
 -6.56744
 -2.79109
-0.581121
0.0741256
-0.208356
-0.617869
  -7.87639
  -3.22352
 -0.474093
 0.0390307
-0.0462527
 -0.503065
  -8.78086
  -3.51106
 -0.480315
 0.0197415
0.00617655
 -0.419767
 -7.37718
 -3.02017
-0.528707
0.0622829
-0.147577
 -0.55853
  -8.48826
  -3.47135
 -0.348805
0.00226207
 0.0583252
 -0.412587
  -8.39612
  -3.30044
 -0.462932
 0.0396007
-0.0199541
 -0.458427
   -8.4529
  -3.40404
 -0.527658
 0.0246464
-0.0254723
 -0.498462
  -8.29167
  -3.30227
 -0.438051
 0.0410029
-0.0586885
 -0.514938
  -8.96788
   -3.5069
 -0.461031
 0.0145244
-0.0140598
 -0.452971
   -8.6482
  -3.41023
 -0.376849
 0.0214487
0.00344073
 -0.464707
 -8.41903
 -3.35904
-0.439048
0.0259008
0.0255681
-0.440077
  -8.40072
  -3.53411
 -0.378607
0.00303806
 0.0669847
 -0.453008
 -8.45126
 -3.37415
-0.338316
0.0110884
 0.078662
-0.404949
  -8.76472
  -3.49161
 -0.364175
0.00589507
  0.145563
 -0.380195
   -8.59215
   -3.58864
  -0.359434
-0.00393766
   0.168843
  -0.385101
   -8.70859
   -3.51347
  -0.257619
-0.00587281
   0.140628
  -0.379762
   -8.35979
   -3.43526
   -0.34273
-0.00397859
   0.131252
  -0.420702
   -8.02087
   -3.21041
  -0.351175
-0.00106983
   0.106953
  -0.430014
   -8.17674
   -3.42202
  -0.375349
-0.00255829
   0.119119
  -0.477194
   -8.16903
   -3.36497
  -0.317228
-0.00326778
   0.142737
   -0.44646
  -7.85658
  -3.23666
 -0.322564
-0.0137356
  0.142831
 -0.452864
   -7.30688
   -3.20263
  -0.302813
-0.00205421
   0.101154
  -0.524052
  -7.50252
  -3.13763
 -0.312305
0.00986403
   0.13216
 -0.487196
  -7.30414
  -3.12063
 -0.346413
0.00386329
  0.114437
  -0.52514
 -6.98724
 -3.04791
-0.279344
0.0089707
 0.101913
-0.541018
 -6.66045
 -2.91428
-0.392028
0.0178843
0.0793481
-0.590362
 -6.23667
 -2.84586
-0.334377
0.0381175
0.0185606
-0.627495
 -6.50003
 -2.84662
-0.367832
0.0154723
0.0731838
-0.608145
 -5.85727
 -2.66057
-0.406302
0.0327774
 0.018706
-0.695881
 -6.10394
 -2.77347
-0.300271
0.0402647
0.0184338
-0.658711
 -5.34573
 -2.54974
-0.428142
0.0340064
-0.023876
-0.724525
   -5.37097
   -2.55321
  -0.383173
   0.027854
-0.00169019
  -0.742404
  -5.38544
  -2.51172
 -0.432048
 0.0447046
-0.0104233
 -0.718307
  -5.10743
  -2.45069
 -0.388477
 0.0505703
-0.0602408
  -0.78031
  -5.01323
  -2.42135
 -0.432276
 0.0560317
-0.0648498
 -0.788562
 -4.47511
  -2.3097
-0.475819
0.0681903
-0.111955
-0.823307
   -4.6929
  -2.33779
 -0.385137
 0.0659458
-0.0952053
 -0.813857
 -4.09133
 -2.10908
-0.535445
0.0757098
-0.135359
-0.837235
 -4.31564
 -2.30592
-0.425768
0.0673869
-0.136659
-0.830366
 -3.87751
 -1.98797
-0.486153
0.0837901
-0.182124
-0.864008
 -3.73782
 -2.13415
-0.455563
0.0823798
 -0.17405
-0.884288
 -3.72752
 -2.04968
-0.481658
 0.091265
-0.187129
-0.880793
 -3.47499
 -1.99691
-0.490932
0.0946187
-0.199264
-0.910312
 -3.43389
 -2.02235
-0.527875
0.0959227
-0.192727
-0.920621
 -3.16074
 -1.85632
 -0.47158
  0.10442
-0.237883
-0.934294
 -3.10402
 -1.85628
-0.567382
0.0943098
-0.244256
 -0.94914
 -2.89849
 -1.84427
-0.475072
 0.101311
-0.247391
-0.945389
 -2.68804
 -1.71721
  -0.5459
 0.102597
 -0.27659
-0.963418
 -2.67169
 -1.80965
-0.560006
 0.104222
-0.268661
-0.964549
 -2.39469
 -1.59281
-0.545158
 0.121312
 -0.31148
-0.987101
 -2.46731
 -1.69571
-0.577121
  0.11503
-0.283593
-0.982118
  -2.3116
 -1.63464
-0.527094
 0.118546
 -0.29944
 -1.00865
 -2.20049
 -1.63254
 -0.57197
 0.129469
-0.310268
 -1.02947
 -2.07986
 -1.59142
-0.552113
 0.126064
 -0.32866
  -1.0113
 -1.93604
 -1.46751
-0.560649
 0.131821
-0.335316
 -1.02023
 -1.97703
 -1.60663
-0.604938
 0.137816
-0.334535
 -1.02507
 -1.82948
 -1.47904
-0.562815
 0.130662
-0.346912
 -1.04212
 -1.80357
 -1.48396
-0.559203
 0.127654
-0.361234
 -1.04948
 -1.63402
 -1.45619
-0.543027
 0.133682
-0.377019
 -1.04325
 -1.61949
 -1.39037
-0.578831
 0.130169
-0.379817
 -1.05345
 -1.54565
 -1.46301
 -0.60084
  0.14844
-0.376356
 -1.06291
 -1.50374
 -1.42189
-0.577968
 0.142521
-0.389594
  -1.0747
 -1.44879
 -1.33281
-0.576708
 0.137008
-0.381761
 -1.08126
 -1.32978
 -1.38771
-0.594474
 0.154709
-0.405143
 -1.09159
 -1.30671
 -1.37186
-0.573525
 0.146311
-0.400251
 -1.09054
 -1.27732
 -1.32299
-0.587704
 0.145821
-0.400659
 -1.08887
 -1.22741
 -1.34121
-0.599032
 0.147971
 -0.39528
 -1.07993
 -1.16676
 -1.25816
-0.577244
 0.150044
-0.421151
 -1.08756
 -1.17967
 -1.38291
-0.554157
 0.143855
-0.428415
 -1.09485
 -1.16475
 -1.27942
-0.676966
 0.145046
-0.405891
 -1.08596
 -1.07833
 -1.27947
-0.546356
 0.152136
-0.436622
 -1.09993
 -1.04755
 -1.29854
-0.639482
 0.160904
 -0.41895
  -1.1194
-0.990397
 -1.30405
-0.632306
 0.153806
-0.430541
 -1.10129
-0.972969
 -1.21218
-0.583949
 0.151042
-0.428785
 -1.08158
-0.925135
 -1.24075
-0.631728
 0.153934
-0.428503
 -1.09095
-0.921362
 -1.23044
-0.617752
 0.148771
-0.433723
 -1.10772
-0.897728
 -1.25057
-0.622192
 0.151199
-0.450914
 -1.13518
-0.829202
 -1.21534
-0.614177
 0.170338
-0.444766
 -1.11836
-0.821239
 -1.18747
-0.571503
 0.163059
-0.451304
 -1.11983
 -0.78753
 -1.22907
-0.662366
 0.148781
-0.431854
 -1.12058
-0.742005
 -1.19338
-0.650237
 0.165002
-0.453189
 -1.13424
-0.735771
 -1.19777
-0.549698
 0.152629
-0.449859
 -1.13125
-0.775974
 -1.17892
-0.591923
 0.157936
-0.456442
 -1.13352
-0.720016
 -1.11984
-0.597835
 0.163041
-0.460489
 -1.11425
-0.678144
 -1.15541
 -0.57901
 0.157199
-0.472525
   -1.141
-0.643284
 -1.19755
 -0.59979
 0.154692
-0.468756
 -1.14999
-0.630105
  -1.1262
-0.651068
 0.160659
-0.461245
  -1.1385
-0.618376
 -1.16466
-0.650124
 0.166722
-0.457196
 -1.15126
 -0.59392
 -1.15346
-0.609899
 0.160095
-0.460453
  -1.1304
-0.569919
 -1.09128
-0.624229
 0.160704
-0.454763
 -1.13334
-0.583255
 -1.18042
-0.600033
 0.161133
-0.490173
 -1.15042
-0.574065
 -1.15106
-0.648017
 0.166603
 -0.46748
 -1.14293
-0.546352
 -1.07683
-0.607124
 0.161113
-0.479008
 -1.15004
-0.516135
 -1.11452
-0.564341
 0.156142
-0.489607
 -1.15254
 -0.52538
 -1.15764
-0.655648
 0.150394
-0.477005
 -1.16703
-0.474735
 -1.09728
-0.592013
 0.163529
-0.468862
 -1.15335
-0.486726
 -1.10704
-0.592352
 0.166448
-0.473974
 -1.17932
-0.482612
  -1.1014
-0.637785
  0.16729
-0.483031
 -1.15149
-0.453275
 -1.08351
-0.596399
 0.165146
-0.483272
 -1.16728
 -0.42216
  -1.0936
-0.639442
 0.171262
-0.476943
  -1.1621
 -0.40283
 -1.08976
-0.659707
 0.156577
-0.469121
 -1.16414
-0.380086
 -1.08776
-0.622869
 0.158725
-0.467102
 -1.15433
-0.346322
 -1.06625
-0.652589
 0.160365
-0.463435
 -1.15599
-0.368118
 -1.06065
-0.631632
 0.164245
-0.478689
 -1.15142
-0.358013
 -1.10238
-0.642766
 0.163397
-0.479858
  -1.1669
-0.342144
 -1.02341
-0.647337
 0.163971
-0.473462
 -1.14337
-0.356962
 -1.06442
-0.625042
 0.155973
-0.493594
 -1.16584
-0.353172
 -1.10442
-0.619012
 0.160088
-0.480743
 -1.15141
-0.301324
  -0.9879
-0.658466
 0.160789
 -0.48203
 -1.14215
-0.300166
 -1.07685
-0.667015
 0.165878
-0.482956
 -1.17632
-0.312652
 -1.09037
-0.613188
 0.166638
-0.495199
 -1.17456
-0.246896
-0.985349
-0.618809
  0.17738
-0.478255
  -1.1543
-0.216224
 -1.06104
-0.614089
 0.165516
-0.496721
 -1.18358
-0.334303
 -1.09528
 -0.60584
 0.155573
-0.483469
 -1.15894
-0.220034
 -1.02134
-0.655456
 0.165848
-0.481998
 -1.17425
-0.213682
 -1.05351
-0.605259
 0.171256
-0.509345
 -1.17801
-0.198646
 -1.04078
-0.628869
 0.159741
-0.496385
 -1.16619
-0.168959
 -1.01088
-0.671174
 0.168845
-0.486446
 -1.16525
-0.201433
 -1.01868
  -0.5933
 0.166419
-0.500689
 -1.18945
-0.230373
  -1.0204
-0.605182
 0.161713
-0.494216
 -1.17041
 -0.19568
 -1.00471
 -0.67621
 0.166046
-0.502327
 -1.18592
-0.167051
 -1.03537
-0.651401
 0.168913
 -0.48957
 -1.16879
-0.208913
  -1.0063
-0.612459
  0.16978
-0.505461
 -1.17472
-0.201589
-0.968428
-0.605722
 0.170068
  -0.5032
 -1.16066
-0.166953
 -1.02507
-0.603894
 0.164508
 -0.48884
 -1.16896
 -0.11684
 -1.04676
-0.666588
 0.168634
-0.502779
 -1.17412
-0.111878
-0.948679
-0.658791
 0.164968
-0.509761
 -1.17483
-0.126193
 -1.02288
-0.609484
 0.163823
-0.496013
 -1.18344
-0.134067
-0.993566
-0.683042
 0.169818
-0.488212
  -1.1811
-0.0968202
  -1.01052
  -0.68333
  0.169279
  -0.48953
  -1.17951
-0.120821
 -1.02057
-0.631913
 0.166151
-0.509375
 -1.19489
-0.122355
-0.988338
-0.626136
 0.169946
 -0.50818
 -1.17777
-0.101125
-0.956136
-0.639464
 0.177151
-0.498085
 -1.16947
 -0.09518
  -1.0483
-0.631752
   0.1744
-0.508999
 -1.17655
-0.0796269
 -0.933088
 -0.619417
  0.173711
 -0.513088
  -1.18933
-0.0778853
 -0.990515
 -0.589411
  0.162776
 -0.511474
  -1.19055
-0.0804345
 -0.998083
 -0.617909
  0.165585
 -0.506569
   -1.1741
-0.063803
-0.957771
-0.653974
 0.160673
-0.502718
 -1.17835
-0.0419518
 -0.951362
  -0.63879
  0.177049
 -0.503418
  -1.17881
-0.0281706
 -0.942312
 -0.654557
  0.164935
  -0.51246
   -1.1796
-0.0366599
 -0.988359
 -0.612631
  0.178281
 -0.518311
  -1.22058
-0.0202325
 -0.956733
 -0.673336
  0.180111
 -0.508162
  -1.18421
0.0255491
-0.957552
-0.680254
 0.175975
-0.496175
 -1.20154
  0.02118
-0.970845
-0.623068
 0.175307
-0.505309
 -1.21004
0.0450673
-0.926301
 -0.64096
 0.168763
-0.508574
 -1.18876
0.0530155
-0.949833
-0.638055
 0.174937
-0.522238
 -1.19354
0.0676882
-0.910164
-0.664016
 0.166536
-0.517836
 -1.20519
0.0885086
-0.944156
-0.671772
 0.174412
-0.510027
 -1.20507
0.0809058
-0.920883
-0.654736
  0.17363
-0.508995
 -1.20345
0.0676512
-0.934228
-0.636282
  0.17634
-0.531639
 -1.19685
0.0759803
-0.899933
-0.629937
 0.172687
-0.514591
 -1.20802
0.0908318
-0.911094
-0.656198
 0.174423
-0.508451
 -1.20459
0.0772778
-0.982285
-0.638228
 0.175842
-0.530444
 -1.21803
0.0822927
-0.875236
-0.638469
 0.176206
-0.506282
 -1.19935
0.0778663
-0.966038
-0.614339
 0.183174
-0.534484
 -1.21855
0.0579617
-0.910125
-0.624022
   0.1811
-0.512478
 -1.20642
 0.112099
-0.972638
-0.659927
 0.177132
-0.519662
 -1.22603
  0.08526
 -0.91211
-0.622828
 0.175374
-0.521015
 -1.21261
 0.083162
-0.962391
-0.615552
  0.17425
-0.515722
 -1.21582
 0.117018
-0.899113
-0.654105
 0.181742
-0.516664
 -1.18591
 0.113938
-0.904519
-0.656451
 0.174973
-0.540826
 -1.20769
 0.113561
-0.918149
-0.630226
 0.172007
-0.519879
 -1.20467
0.0962618
-0.909809
-0.713291
 0.177621
-0.508297
 -1.21293
 0.122767
-0.940011
 -0.65619
 0.172917
-0.514789
 -1.19878
 0.109223
-0.858331
  -0.6379
 0.171785
 -0.50785
  -1.1947
 0.121736
-0.943719
-0.645146
 0.174158
-0.521385
  -1.2077
 0.117533
-0.876636
 -0.65968
 0.173868
 -0.52564
 -1.20243
 0.137546
-0.897139
-0.637057
 0.178398
-0.525609
  -1.2225
 0.133481
-0.947888
 -0.62935
 0.177735
 -0.52104
 -1.20504
  0.13115
-0.913655
-0.663025
 0.186563
  -0.5244
 -1.20744
 0.152332
-0.933102
-0.640824
 0.167157
-0.519699
 -1.20205
 0.169751
-0.928261
-0.658676
 0.174438
-0.508711
 -1.19209
 0.144251
-0.907966
-0.635012
 0.173955
-0.519447
 -1.19884
 0.147633
-0.946554
-0.622713
 0.172796
-0.516031
 -1.20893
 0.115081
-0.890502
-0.632496
  0.17655
-0.533624
   -1.203
 0.124236
-0.877167
-0.630691
 0.172259
-0.523783
 -1.20063
 0.155879
-0.920953
-0.622468
 0.173673
-0.515541
  -1.2049
 0.131238
-0.906948
-0.652815
  0.17283
-0.523144
 -1.19347
 0.127894
-0.933607
-0.646871
 0.185201
-0.521276
 -1.21737
 0.138502
-0.918528
 -0.63247
 0.167328
-0.515148
 -1.20114
 0.134002
 -0.88547
 -0.67489
 0.169564
-0.525197
 -1.20082
 0.122295
-0.912154
-0.647299
 0.170124
-0.517447
 -1.20677
 0.126723
-0.946679
-0.647236
 0.179138
-0.524219
 -1.20487
 0.128618
-0.878849
-0.647272
  0.16919
-0.509443
 -1.19918
 0.149432
-0.912999
 -0.65275
 0.176214
-0.515305
   -1.201
 0.140065
-0.926214
-0.662449
 0.175414
-0.526805
 -1.20968
 0.162649
 -0.90667
-0.638523
 0.174078
-0.509341
 -1.20066
 0.147306
-0.919842
-0.633645
 0.175515
-0.519306
 -1.20485
  0.16626
-0.905711
-0.673096
 0.173231
-0.502017
 -1.20126
 0.154171
-0.940235
-0.653906
  0.17928
-0.525906
 -1.19549
 0.156353
-0.923254
-0.637873
  0.17509
-0.523612
 -1.20027
 0.132801
-0.878973
-0.648586
 0.171439
-0.530386
 -1.21264
 0.152699
-0.917947
-0.649159
 0.171049
-0.512554
 -1.19941
 0.140374
-0.909231
-0.664246
 0.187423
 -0.51282
 -1.20679
 0.126084
-0.910465
-0.651989
 0.183018
-0.530072
  -1.2171
 0.123112
-0.913695
-0.615123
 0.179525
-0.531378
 -1.21798
 0.110947
-0.866382
-0.637653
 0.168258
 -0.52917
 -1.20474
 0.136974
-0.930013
-0.629644
 0.173176
-0.533947
 -1.20556
 0.143754
 -0.93344
-0.662186
 0.173715
 -0.52219
 -1.22264
 0.139577
-0.941104
 -0.65167
 0.175532
-0.517905
 -1.20815
 0.143046
-0.902116
  -0.6322
 0.185301
-0.515072
  -1.2168
 0.140283
-0.910672
-0.661676
 0.175044
-0.521191
 -1.20488
 0.149761
 -0.90633
-0.642667
 0.170653
-0.512433
 -1.19616
 0.140945
-0.953069
-0.631587
  0.18337
-0.523102
 -1.22403
 0.131385
-0.889621
-0.629049
 0.173439
 -0.52943
 -1.20699
 0.147568
-0.906014
-0.664122
 0.174206
-0.506671
   -1.204
  0.15687
-0.891643
-0.640192
 0.177916
-0.514137
 -1.20635
 0.127906
-0.893426
-0.635366
 0.160978
-0.523522
 -1.19904
 0.141514
-0.921095
-0.631327
 0.177885
 -0.51183
 -1.20507
 0.149943
-0.906999
-0.666354
  0.17044
-0.513275
 -1.20669
 0.136863
-0.902691
-0.646543
 0.181308
-0.528995
 -1.20822
  0.14796
-0.906259
-0.644024
 0.170944
-0.517422
 -1.20486
 0.137143
-0.912364
-0.642978
 0.174985
-0.521359
  -1.2178
 0.163129
-0.917386
-0.645906
 0.172614
-0.519553
 -1.20936
 0.141996
-0.924235
 -0.64576
 0.174427
-0.530209
 -1.21424
 0.128241
-0.925691
 -0.63709
 0.182479
-0.522112
 -1.22324
 0.145126
-0.919632
-0.640333
 0.173651
-0.522371
 -1.21304
 0.148891
-0.918397
-0.638013
  0.16715
-0.514123
 -1.20874
 0.142695
-0.918312
-0.645588
 0.175674
  -0.5118
  -1.1916
 0.134407
-0.918655
-0.649274
 0.171847
-0.513115
 -1.21116
  0.11897
-0.914342
-0.645049
  0.17797
-0.519588
  -1.2119
 0.122619
 -0.90535
-0.645026
 0.164768
-0.518802
 -1.20127
 0.131709
-0.907646
-0.644006
 0.173676
-0.515653
 -1.20591
 0.130032
-0.909395
-0.641703
 0.173826
-0.522142
 -1.20641
 0.146807
-0.910823
 -0.64817
 0.170747
-0.516422
 -1.19975
 0.140076
-0.916965
-0.644579
 0.171912
-0.514912
 -1.19748
  0.14213
-0.916853
-0.639109
 0.169313
-0.517151
 -1.20476
 0.134364
-0.918924
-0.639214
 0.170783
-0.522516
 -1.21377
  0.12413
-0.935596
-0.639907
 0.179314
-0.520905
 -1.21807
 0.140463
-0.918698
-0.636918
 0.170375
-0.527684
 -1.21203
 0.138336
-0.918436
-0.640183
 0.169285
-0.511201
  -1.2052
 0.130537
-0.921129
-0.638903
 0.164131
-0.518534
 -1.20532
 0.130141
-0.918404
-0.644863
  0.18095
-0.528104
 -1.21253
 0.144515
-0.910857
-0.639003
 0.161777
-0.516198
  -1.1931
 0.117859
-0.920161
-0.646926
 0.168397
-0.522136
 -1.21198
 0.116726
-0.914876
-0.657609
 0.174645
-0.512163
 -1.22981
 0.144139
-0.909454
-0.647159
 0.162047
-0.516791
 -1.20798
 0.126722
 -0.91332
-0.648447
 0.175126
-0.521445
 -1.21667
 0.138192
-0.909621
-0.647206
 0.172618
-0.518188
 -1.20503
 0.142022
-0.916865
-0.649237
 0.172939
-0.519539
  -1.2087
 0.144796
-0.919084
-0.641359
 0.175933
-0.521164
 -1.20815
 0.137328
-0.922664
-0.643541
 0.177795
-0.533313
 -1.21295
 0.129548
-0.924624
-0.635529
 0.172502
-0.523456
 -1.20685
 0.135799
-0.923918
-0.641375
 0.180298
-0.514767
 -1.21415
 0.136924
-0.920416
-0.640221
 0.180258
-0.526128
 -1.20771
 0.143999
-0.916023
-0.642611
   0.1732
-0.521504
 -1.21111
 0.121395
-0.916336
-0.632594
 0.171156
-0.517809
 -1.21155
 0.127894
-0.917439
-0.642771
 0.177017
-0.523657
 -1.21895
 0.145685
-0.906331
-0.647277
 0.168553
-0.513772
 -1.20452
 0.126028
-0.909834
-0.642804
  0.17716
-0.523532
 -1.20601
  0.12376
-0.916725
-0.650703
 0.183335
-0.512802
  -1.2181
 0.144722
-0.910449
-0.642613
 0.170356
-0.520773
 -1.20174
 0.118941
-0.923136
-0.648063
 0.173341
-0.512119
 -1.21379
 0.148651
 -0.91729
-0.650579
 0.176961
-0.518141
 -1.21882
 0.134843
-0.920229
 -0.64126
 0.173499
-0.520461
 -1.20521
 0.129654
 -0.92367
-0.644602
 0.181443
-0.516781
 -1.20616
 0.132074
-0.926106
-0.638815
 0.167135
-0.517676
 -1.20784
 0.135152
-0.920855
-0.642421
 0.178827
-0.518544
 -1.20555
 0.122809
-0.921771
-0.636762
 0.172553
-0.527164
 -1.20678
 0.124845
-0.920945
-0.642793
  0.17936
-0.525876
 -1.22471
 0.124133
-0.918328
-0.644961
 0.174957
-0.513529
 -1.21686
 0.144023
-0.907058
-0.641532
 0.170052
-0.513203
 -1.19582
 0.122944
-0.914219
-0.646066
 0.172397
-0.525877
 -1.21199
  0.11382
-0.910982
-0.646225
 0.167396
-0.516565
 -1.21431
 0.143054
-0.911382
-0.641636
 0.170375
 -0.51472
 -1.20912
 0.146096
-0.915899
-0.641371
 0.163613
 -0.51076
 -1.20715
 0.136714
-0.911051
-0.644948
 0.169295
-0.509275
 -1.20594
 0.131132
-0.922341
-0.646912
 0.173005
 -0.52894
  -1.2143
 0.143666
-0.913875
-0.641403
 0.171703
-0.514083
 -1.20122
 0.130514
-0.918973
-0.633571
 0.174999
-0.526874
 -1.20888
 0.133018
-0.920161
-0.640612
  0.18265
 -0.52879
 -1.22533
 0.141909
-0.915067
-0.642541
 0.173308
-0.514543
 -1.20379
 0.129827
-0.917173
-0.642596
 0.171697
-0.535737
 -1.21401
 0.146354
-0.908139
-0.648358
 0.171714
-0.508244
 -1.20329
 0.119142
-0.915432
-0.640294
 0.173031
-0.522826
 -1.20336
 0.123735
-0.917823
-0.641367
 0.168683
-0.528837
 -1.20932
 0.137207
-0.912841
-0.637158
 0.173777
-0.528401
 -1.21115
 0.112865
-0.923553
-0.652617
 0.174514
-0.509796
 -1.21768
 0.138549
-0.909962
-0.643836
   0.1736
-0.515467
  -1.2032
 0.136015
-0.917123
-0.638919
 0.167969
-0.521474
  -1.1971
 0.124155
-0.918331
-0.640614
 0.178183
-0.527339
 -1.22348
 0.130964
-0.921263
-0.641313
 0.174242
-0.523142
 -1.20971
 0.130883
-0.920398
 -0.63583
 0.178399
-0.529012
 -1.21168
 0.139506
-0.929951
-0.645607
 0.182051
-0.514553
 -1.21258
 0.131634
-0.923737
-0.639068
 0.176724
-0.527707
  -1.2132
 0.138683
-0.918689
-0.642578
 0.176302
-0.520733
 -1.21175
 0.135137
 -0.92081
-0.642557
 0.177808
-0.514918
 -1.21253
 0.136075
-0.907569
-0.639338
 0.180174
-0.513123
 -1.19296
 0.139516
-0.913126
 -0.64512
  0.18019
-0.513422
 -1.21397
 0.135316
-0.913517
-0.654162
 0.179373
-0.520357
 -1.22208
 0.115101
-0.916299
-0.650514
 0.170557
-0.517453
 -1.21439
 0.122858
-0.921859
-0.649355
 0.180044
-0.527697
  -1.2199
 0.124075
-0.918587
-0.634695
 0.170035
-0.523649
 -1.21028
 0.134763
  -0.9116
-0.642728
 0.171743
-0.519348
 -1.20801
 0.140415
-0.918086
 -0.63786
 0.169218
-0.527205
 -1.20251
  0.14274
-0.918043
-0.639231
 0.176232
-0.515524
 -1.21001
 0.135177
 -0.92102
-0.642578
 0.180688
-0.526472
  -1.2145
 0.150891
-0.909941
-0.640444
 0.166238
 -0.51071
   -1.205
 0.148353
-0.915986
-0.640121
 0.174642
-0.514975
 -1.19593
 0.133952
-0.915495
-0.636154
 0.180753
-0.521868
 -1.21689
 0.128858
-0.921231
-0.642543
 0.173167
-0.524435
 -1.21621
 0.114784
-0.923508
 -0.64262
 0.167136
-0.527752
 -1.22693
 0.132976
-0.920921
-0.645696
 0.177509
 -0.51854
 -1.20285
 0.126169
 -0.91805
-0.644944
 0.182414
-0.526503
 -1.21421
 0.140787
-0.910859
-0.643741
 0.173789
 -0.52211
 -1.20135
  0.13972
-0.914896
-0.641274
 0.172412
-0.516526
 -1.19656
 0.133048
-0.913288
 -0.64482
  0.16768
-0.508269
  -1.2043
 0.137725
-0.922757
-0.640195
 0.179919
-0.518018
 -1.20918
 0.121422
-0.924711
 -0.64917
 0.174822
-0.517996
 -1.21683
 0.130245
-0.918377
-0.636744
 0.171401
-0.517745
 -1.19955
 0.147827
-0.913405
-0.638119
  0.17851
-0.519418
 -1.20149
 0.110507
-0.922428
-0.639343
 0.172239
-0.530905
 -1.22598
 0.121015
-0.914224
-0.639376
 0.175436
-0.521602
    -1.21
 0.126804
-0.921009
-0.643748
 0.174213
-0.516914
 -1.21837
  0.13892
-0.911311
-0.646057
 0.176076
-0.513707
 -1.20382
 0.125687
-0.917256
-0.641477
 0.167335
-0.523862
 -1.21405
  0.12185
-0.917606
-0.650603
 0.184597
-0.534233
 -1.21749
 0.115862
-0.918358
-0.635973
 0.169714
-0.504382
 -1.21442
 0.122365
-0.920099
-0.638083
 0.174328
-0.534602
 -1.21478
 0.132933
-0.921148
-0.637676
 0.170517
-0.519925
 -1.19645
 0.145153
-0.920297
 -0.64123
 0.169867
-0.518556
 -1.20653
 0.131779
-0.923795
-0.643489
 0.183441
-0.519525
 -1.20644
 0.115273
-0.924293
 -0.63576
 0.178505
-0.527798
 -1.21398
  0.11901
-0.923055
 -0.64368
 0.175711
-0.522019
 -1.21821
 0.126359
-0.927346
-0.644677
 0.180399
-0.524126
 -1.21867
 0.143585
-0.921578
-0.644639
  0.18032
-0.519671
 -1.20673
 0.130454
-0.919172
-0.640172
 0.172436
-0.515929
 -1.20442
 0.132334
-0.917552
-0.642591
 0.183217
-0.518949
 -1.20595
 0.141067
-0.912608
-0.640304
  0.16503
-0.521947
 -1.20467
 0.139105
-0.912407
-0.641505
 0.171079
-0.517167
 -1.20446
 0.115639
-0.918144
-0.645092
  0.17391
-0.531872
 -1.22654
 0.128829
-0.920353
-0.639207
 0.180206
-0.524204
 -1.21141
 0.139351
  -0.9218
-0.645614
 0.171748
-0.507627
 -1.20212
 0.138268
-0.917311
-0.642504
 0.171698
 -0.51366
 -1.20672
  0.13666
-0.918881
-0.637843
 0.176124
-0.519925
 -1.19812
 0.125164
-0.922293
-0.644918
 0.181787
-0.524006
 -1.22075
 0.123169
-0.930805
-0.646789
  0.18439
 -0.51642
 -1.21549
 0.133459
-0.922659
 -0.64239
 0.177787
 -0.52022
 -1.20842
 0.141403
-0.921392
-0.643286
 0.179465
-0.521517
 -1.19492
 0.126816
-0.920698
-0.634822
 0.176937
-0.528811
 -1.21827
 0.121508
-0.924446
-0.644761
  0.17926
 -0.51909
 -1.21692
 0.134183
-0.917078
-0.642515
 0.178806
-0.518636
 -1.20367
 0.144284
-0.907663
-0.640492
 0.176435
-0.516268
 -1.19838
 0.133065
-0.913326
-0.640244
 0.171928
-0.525584
 -1.19935
 0.128033
-0.917413
-0.642781
 0.177234
 -0.52361
 -1.21894
 0.137243
-0.913032
-0.645996
 0.174131
-0.511472
  -1.2045
 0.127283
-0.915274
-0.636722
 0.169697
-0.527716
 -1.19509
 0.128787
-0.921473
-0.642427
 0.172013
 -0.53689
 -1.21356
 0.145144
-0.919304
-0.638089
 0.174976
-0.510914
 -1.21111
 0.134357
-0.919032
-0.641119
 0.166779
-0.522079
 -1.19994
 0.132543
-0.919303
-0.636918
 0.171581
-0.524761
 -1.21145
 0.128424
-0.919731
-0.640153
 0.168771
-0.518292
 -1.20664
 0.143772
-0.914683
-0.642587
 0.169815
-0.518262
 -1.20827
 0.141123
-0.912582
-0.644784
 0.165786
-0.507252
 -1.20267
 0.131029
 -0.92057
-0.642476
 0.184916
-0.519774
 -1.20489
 0.126578
-0.919791
-0.639402
 0.179812
-0.534161
 -1.22197
 0.126427
-0.919628
-0.636911
 0.175022
-0.532101
 -1.21061
 0.119133
-0.923349
-0.640173
 0.175437
-0.515343
 -1.20963
 0.122626
-0.920349
-0.647095
 0.184682
  -0.5234
 -1.21257
 0.136258
-0.917409
-0.645958
 0.175427
-0.516631
 -1.21083
 0.148772
-0.910184
-0.645987
  0.16573
-0.513526
 -1.20445
 0.137559
-0.914231
-0.641566
 0.175091
-0.521692
 -1.20955
 0.141624
-0.913871
-0.642622
 0.175587
-0.518132
 -1.20535
 0.129506
-0.923098
-0.643697
 0.181124
-0.521823
  -1.2172
  0.13031
-0.918882
-0.641258
 0.174841
-0.531074
 -1.20365
 0.129729
-0.923693
 -0.64043
 0.184682
-0.530843
 -1.22194
 0.118784
-0.922362
-0.642388
 0.174478
-0.522652
 -1.20874
 0.121263
-0.915103
 -0.64293
 0.177426
-0.523805
 -1.22163
 0.116154
-0.919683
-0.641672
 0.176313
-0.524614
 -1.22319
 0.124768
-0.920201
 -0.64853
 0.180728
-0.502466
  -1.2272
 0.128035
-0.917103
-0.650672
  0.18327
-0.518207
 -1.21857
 0.126909
-0.920831
-0.637045
 0.181737
-0.530494
 -1.21588
 0.109795
-0.927815
-0.636679
 0.175473
-0.532023
 -1.21247
  0.12199
-0.926314
-0.645512
 0.183197
-0.516999
 -1.19955
 0.131912
-0.916914
-0.639288
 0.170053
-0.524217
 -1.21474
 0.137083
-0.921214
-0.648051
 0.169232
-0.508865
 -1.21286
 0.117252
-0.923909
-0.638137
 0.177923
-0.525651
 -1.22087
 0.144126
-0.915957
-0.644773
 0.171336
-0.512603
  -1.2067
 0.135136
-0.920939
 -0.64245
 0.179731
-0.522457
 -1.20773
 0.132428
-0.918156
-0.641428
 0.180618
 -0.52015
 -1.20626
 0.132495
-0.918163
-0.653991
 0.187205
-0.516774
 -1.21718
 0.137897
 -0.91614
-0.642454
 0.169981
-0.518134
 -1.20368
  0.13972
-0.914898
-0.641272
  0.17241
-0.516528
 -1.19656
 0.113669
-0.926136
-0.637833
 0.181365
 -0.52712
 -1.20769
 0.134552
-0.918187
-0.642617
 0.179559
-0.510393
 -1.20911
 0.127957
-0.917359
-0.644755
 0.175123
-0.514515
 -1.20537
 0.123886
-0.917384
-0.637016
 0.175228
-0.521252
 -1.20966
 0.130382
-0.927263
-0.639995
 0.172739
-0.517124
 -1.21044
 0.126576
-0.927593
-0.637058
 0.182429
-0.527729
 -1.22827
 0.121095
-0.923081
-0.642357
 0.176787
-0.520607
 -1.20714
 0.120705
-0.922369
-0.638834
 0.167675
-0.524472
 -1.20221
 0.133741
-0.916415
-0.641455
 0.163519
-0.515185
 -1.21263
 0.124905
-0.921735
-0.643797
 0.177466
-0.529807
 -1.22259
 0.128504
-0.920008
-0.642633
  0.17048
-0.525271
 -1.22014
  0.12779
-0.917292
-0.640243
 0.168406
-0.522576
 -1.20755
 0.130647
 -0.91917
-0.650628
 0.185179
-0.520372
 -1.21977
  0.12228
-0.919868
-0.650537
 0.173034
-0.516806
 -1.22151
