-1.49028
 1.82379
0.466223
-1.07692
 1.18116
  1.2052
0.380663
-1.49028
 1.82379
0.466223
-1.07692
 1.18116
  1.2052
0.380663
-1.49028
 1.82378
0.466223
-1.07692
 1.18116
  1.2052
0.380663
-1.49028
 1.82378
0.466223
-1.07692
 1.18116
  1.2052
0.380661
-1.49028
 1.82377
0.466215
-1.07692
 1.18116
  1.2052
0.380654
-1.49029
 1.82375
0.466188
-1.07692
 1.18118
 1.20521
0.380638
 -1.4903
 1.82371
0.466116
-1.07695
 1.18124
 1.20523
0.380601
 -1.4903
 1.82366
0.465987
-1.07703
 1.18138
 1.20529
0.380529
-1.49032
 1.82355
0.465762
-1.07714
 1.18161
 1.20548
0.380385
-1.49033
 1.82345
0.465422
-1.07735
 1.18193
 1.20581
0.380159
-1.49036
 1.82327
0.464971
 -1.0776
 1.18235
 1.20628
0.379882
-1.49037
 1.82305
0.464425
 -1.0779
 1.18284
 1.20684
0.379538
-1.49042
 1.82274
 0.46379
-1.07822
  1.1834
 1.20743
0.379153
-1.49044
 1.82247
0.463053
-1.07866
 1.18401
 1.20804
0.378724
-1.49049
 1.82217
0.462177
-1.07911
  1.1847
 1.20876
0.378275
 -1.4905
 1.82178
0.461313
-1.07957
  1.1854
 1.20951
0.377844
-1.49057
 1.82134
 0.46038
-1.07998
 1.18613
 1.21024
0.377418
-1.49059
 1.82101
0.459386
-1.08057
 1.18687
 1.21096
0.376987
-1.49065
 1.82067
0.458375
-1.08112
  1.1876
 1.21165
 0.37656
-1.49069
 1.82022
0.457489
-1.08158
 1.18826
 1.21232
0.376158
-1.49079
 1.81979
0.456651
-1.08201
 1.18889
 1.21292
0.375826
-1.49087
 1.81949
0.455818
-1.08248
 1.18945
 1.21346
0.375555
-1.49097
 1.81926
0.455002
-1.08293
 1.18996
 1.21401
0.375289
-1.49108
 1.81887
0.454339
-1.08314
 1.19042
 1.21451
0.375026
-1.49124
 1.81853
 0.45367
-1.08337
 1.19082
 1.21491
0.374787
-1.49132
 1.81827
0.452994
-1.08366
 1.19123
 1.21526
0.374543
-1.49144
 1.81798
0.452322
-1.08389
 1.19165
 1.21566
0.374303
-1.49152
 1.81764
 0.45174
-1.08412
 1.19203
 1.21611
0.374085
-1.49164
 1.81728
0.451118
-1.08429
 1.19239
 1.21654
0.373872
-1.49172
 1.81707
0.450494
 -1.0846
 1.19274
 1.21692
 0.37366
-1.49182
 1.81684
0.449876
-1.08482
  1.1931
  1.2173
0.373435
-1.49193
 1.81647
0.449341
-1.08489
 1.19351
 1.21773
0.373183
-1.49205
 1.81614
0.448771
-1.08499
 1.19394
 1.21818
0.372925
-1.49201
   1.816
 0.44823
-1.08524
 1.19434
  1.2186
0.372671
-1.49209
 1.81579
0.447629
-1.08533
 1.19474
   1.219
0.372409
-1.49217
 1.81549
 0.44705
-1.08541
 1.19514
  1.2194
0.372166
-1.49218
 1.81525
0.446514
-1.08555
 1.19554
 1.21984
0.371934
-1.49221
   1.815
0.445981
-1.08578
 1.19595
 1.22034
0.371704
 -1.4922
 1.81485
0.445399
-1.08615
 1.19636
 1.22076
0.371456
-1.49223
 1.81465
0.444805
-1.08648
 1.19676
 1.22115
0.371167
-1.49226
 1.81438
0.444238
-1.08671
 1.19717
 1.22158
0.370862
-1.49229
 1.81417
0.443656
-1.08693
 1.19758
 1.22209
0.370568
-1.49225
 1.81398
0.443123
-1.08726
 1.19798
 1.22258
0.370295
 -1.4923
 1.81371
0.442524
-1.08747
 1.19841
   1.223
0.370031
-1.49233
 1.81354
0.441896
-1.08783
 1.19879
 1.22343
0.369779
-1.49232
 1.81337
0.441331
 -1.0882
 1.19919
 1.22392
0.369523
-1.49234
 1.81317
0.440753
-1.08853
 1.19957
 1.22441
0.369262
-1.49233
 1.81297
0.440198
-1.08883
 1.19998
 1.22486
0.368997
-1.49241
 1.81271
0.439591
-1.08908
 1.20042
 1.22529
0.368714
-1.49237
 1.81247
 0.43905
-1.08944
 1.20083
 1.22573
0.368448
-1.49243
 1.81231
 0.43836
-1.08977
 1.20126
  1.2262
0.368233
-1.49252
  1.8121
0.437659
-1.09007
 1.20166
 1.22666
0.368011
-1.49253
 1.81188
0.437048
-1.09034
 1.20207
 1.22708
0.367786
-1.49255
 1.81172
0.436395
-1.09068
 1.20247
 1.22751
0.367555
-1.49254
 1.81151
0.435757
-1.09093
 1.20287
 1.22796
0.367313
-1.49265
 1.81126
0.435057
-1.09106
 1.20326
 1.22842
0.367071
-1.49272
 1.81104
 0.43442
-1.09134
 1.20366
 1.22887
 0.36682
-1.49275
 1.81089
0.433804
-1.09161
 1.20408
 1.22927
0.366555
-1.49282
  1.8107
0.433205
-1.09184
 1.20451
  1.2297
0.366312
-1.49284
 1.81049
0.432668
-1.09211
 1.20492
 1.23016
0.366087
-1.49296
 1.81027
0.432033
-1.09229
 1.20532
 1.23059
0.365856
-1.49312
 1.81004
0.431405
-1.09248
 1.20572
   1.231
0.365616
-1.49321
 1.80987
0.430873
-1.09279
  1.2061
 1.23142
0.365366
-1.49334
 1.80964
0.430348
-1.09299
  1.2065
 1.23186
0.365115
-1.49344
 1.80937
0.429864
-1.09319
 1.20689
 1.23231
0.364857
 -1.4936
 1.80913
0.429288
-1.09343
 1.20731
 1.23274
0.364601
-1.49372
 1.80893
0.428705
-1.09374
  1.2077
 1.23314
0.364352
-1.49377
 1.80871
  0.4282
-1.09404
 1.20808
 1.23359
0.364116
-1.49385
 1.80844
0.427662
-1.09433
 1.20845
 1.23407
0.363899
-1.49386
 1.80819
0.427131
-1.09461
 1.20882
 1.23452
0.363661
-1.49396
 1.80794
0.426502
-1.09489
 1.20919
 1.23493
0.363406
-1.49406
 1.80766
0.425902
-1.09511
 1.20955
 1.23537
0.363153
-1.49404
 1.80743
 0.42534
-1.09543
 1.20991
 1.23583
0.362894
-1.49404
 1.80721
0.424745
-1.09575
 1.21029
 1.23629
0.362641
-1.49409
 1.80696
0.424137
-1.09595
 1.21068
 1.23671
0.362404
-1.49404
 1.80678
0.423563
-1.09627
 1.21106
 1.23711
0.362164
 -1.4941
 1.80653
0.422932
-1.09642
 1.21144
 1.23758
0.361933
-1.49416
 1.80634
0.422319
-1.09661
 1.21181
 1.23803
0.361712
-1.49413
 1.80617
 0.42176
-1.09686
 1.21219
 1.23845
 0.36147
-1.49416
 1.80598
0.421167
-1.09707
 1.21257
 1.23886
0.361218
-1.49412
 1.80581
0.420594
-1.09732
 1.21294
 1.23925
0.360963
-1.49416
  1.8056
0.419958
-1.09749
  1.2133
 1.23972
0.360713
-1.49415
 1.80543
0.419368
-1.09775
 1.21365
 1.24017
 0.36048
-1.49411
 1.80523
0.418848
-1.09799
 1.21404
 1.24057
0.360263
-1.49412
 1.80504
0.418287
-1.09825
 1.21442
 1.24097
0.360039
-1.49416
 1.80486
0.417695
-1.09852
 1.21481
 1.24141
0.359803
-1.49413
 1.80469
0.417178
 -1.0988
 1.21519
 1.24186
0.359579
-1.49418
  1.8045
0.416604
-1.09908
 1.21556
 1.24227
0.359333
-1.49426
 1.80431
0.416032
-1.09935
 1.21594
 1.24267
0.359079
-1.49427
 1.80413
0.415511
-1.09972
 1.21632
 1.24308
0.358834
-1.49434
 1.80393
0.414941
-1.10002
 1.21671
 1.24352
0.358599
-1.49442
 1.80374
0.414353
-1.10033
 1.21709
   1.244
0.358396
-1.49444
 1.80356
0.413808
-1.10063
 1.21749
 1.24445
0.358197
-1.49453
 1.80337
 0.41321
-1.10093
 1.21787
 1.24483
0.357997
-1.49461
 1.80316
0.412648
 -1.1011
 1.21826
 1.24521
 0.35778
-1.49458
 1.80301
0.412107
-1.10143
 1.21865
 1.24567
0.357559
-1.49461
 1.80283
0.411521
-1.10168
 1.21904
 1.24614
0.357344
-1.49466
  1.8026
0.410941
-1.10183
 1.21941
 1.24654
0.357112
-1.49462
 1.80241
0.410412
-1.10215
  1.2198
 1.24692
0.356879
-1.49464
  1.8022
 0.40983
-1.10236
  1.2202
 1.24733
0.356653
-1.49467
 1.80198
0.409244
-1.10258
 1.22054
 1.24779
0.356446
 -1.4947
  1.8018
0.408674
-1.10281
 1.22092
 1.24822
0.356247
-1.49467
 1.80163
0.408157
-1.10316
 1.22128
 1.24861
0.356047
-1.49469
 1.80136
0.407629
-1.10326
 1.22166
 1.24903
0.355837
-1.49474
 1.80118
0.407045
-1.10348
 1.22199
  1.2495
0.355607
-1.49474
 1.80105
0.406499
-1.10377
 1.22232
 1.24996
0.355375
-1.49481
 1.80086
0.405931
-1.10391
 1.22269
 1.25039
0.355154
-1.49487
 1.80069
0.405361
-1.10411
 1.22303
 1.25082
0.354926
-1.49487
 1.80052
 0.40486
-1.10429
 1.22338
 1.25127
0.354699
-1.49486
 1.80043
0.404308
-1.10455
 1.22372
 1.25173
0.354496
-1.49493
 1.80028
0.403713
-1.10472
 1.22405
 1.25215
  0.3543
-1.49505
 1.80003
0.403161
-1.10478
 1.22441
 1.25258
0.354109
-1.49507
 1.79987
 0.40266
-1.10504
 1.22475
 1.25302
0.353893
-1.49509
 1.79974
0.402113
-1.10541
  1.2251
 1.25343
0.353645
-1.49519
 1.79952
0.401534
-1.10557
 1.22545
 1.25379
0.353376
-1.49523
 1.79936
0.400973
-1.10594
 1.22579
 1.25417
0.353116
-1.49528
 1.79921
0.400413
-1.10628
 1.22615
 1.25454
0.352864
-1.49539
 1.79903
0.399841
-1.10653
  1.2265
 1.25492
0.352621
 -1.4955
 1.79881
 0.39931
-1.10678
 1.22685
 1.25533
0.352398
-1.49551
 1.79863
0.398803
-1.10712
  1.2272
 1.25575
0.352183
-1.49553
 1.79845
0.398266
-1.10739
 1.22755
 1.25613
0.351967
-1.49558
 1.79833
0.397678
-1.10773
 1.22789
 1.25649
0.351755
-1.49556
  1.7982
0.397132
-1.10808
 1.22824
 1.25686
0.351523
 -1.4956
 1.79795
0.396603
-1.10817
 1.22861
 1.25732
0.351287
-1.49564
 1.79778
0.396038
-1.10836
 1.22894
 1.25781
0.351074
-1.49568
 1.79771
0.395459
-1.10864
 1.22929
  1.2582
0.350894
-1.49564
 1.79763
0.394972
-1.10896
 1.22964
 1.25857
0.350722
-1.49564
  1.7975
0.394492
-1.10918
    1.23
 1.25899
 0.35055
-1.49569
 1.79729
0.393969
-1.10931
 1.23034
 1.25947
0.350375
 -1.4957
 1.79713
0.393472
-1.10948
 1.23066
 1.25991
0.350205
-1.49566
 1.79703
0.393001
-1.10974
 1.23097
 1.26028
0.350029
-1.49567
 1.79687
0.392497
 -1.1099
  1.2313
 1.26066
0.349848
-1.49574
 1.79665
0.391986
-1.11001
 1.23162
  1.2611
0.349647
-1.49579
 1.79646
0.391492
-1.11016
 1.23195
 1.26156
0.349428
-1.49576
 1.79636
0.391025
-1.11054
 1.23229
 1.26196
0.349188
-1.49575
 1.79618
0.390549
-1.11089
 1.23263
 1.26232
0.348949
-1.49586
 1.79589
0.390024
-1.11107
 1.23296
 1.26272
0.348737
-1.49594
 1.79567
0.389499
 -1.1114
 1.23328
 1.26313
0.348544
-1.49591
 1.79555
0.389028
-1.11177
  1.2336
 1.26358
0.348342
-1.49593
 1.79532
0.388566
-1.11199
  1.2339
 1.26401
0.348141
-1.49597
 1.79516
0.388027
-1.11225
  1.2342
 1.26437
0.347939
-1.49601
 1.79504
0.387468
-1.11251
 1.23452
  1.2647
0.347726
 -1.4961
 1.79491
0.386893
-1.11269
 1.23484
 1.26508
0.347516
 -1.4961
 1.79474
0.386452
-1.11289
 1.23516
 1.26551
0.347299
-1.49613
  1.7946
0.385987
 -1.1131
  1.2355
  1.2659
0.347078
-1.49622
 1.79452
0.385407
-1.11332
 1.23584
  1.2662
0.346854
-1.49634
 1.79437
 0.38484
-1.11347
 1.23618
 1.26652
0.346656
-1.49634
  1.7943
0.384332
-1.11375
 1.23649
 1.26687
0.346465
-1.49635
 1.79424
0.383786
-1.11405
  1.2368
 1.26726
0.346274
-1.49642
 1.79406
0.383244
-1.11418
 1.23711
 1.26767
0.346076
 -1.4965
 1.79388
0.382685
-1.11428
 1.23741
 1.26805
0.345877
-1.49659
 1.79368
0.382148
-1.11444
  1.2377
 1.26843
0.345661
-1.49662
 1.79357
0.381639
-1.11471
 1.23801
 1.26878
0.345449
-1.49665
 1.79344
0.381159
-1.11494
 1.23834
 1.26918
0.345242
-1.49677
 1.79318
0.380666
-1.11504
 1.23866
  1.2696
0.345059
-1.49686
 1.79298
0.380172
-1.11522
 1.23899
 1.26998
0.344877
-1.49687
 1.79283
0.379725
-1.11547
 1.23931
 1.27035
0.344709
-1.49693
 1.79263
0.379265
-1.11567
 1.23962
 1.27077
0.344545
  -1.497
 1.79245
0.378761
-1.11585
 1.23993
 1.27118
0.344401
-1.49709
 1.79217
0.378296
-1.11593
 1.24024
 1.27159
0.344254
-1.49717
 1.79197
0.377822
-1.11609
 1.24053
 1.27197
0.344082
-1.49716
 1.79188
0.377373
-1.11639
 1.24082
 1.27238
  0.3439
-1.49718
  1.7917
 0.37692
-1.11659
 1.24113
  1.2728
0.343705
-1.49722
 1.79157
0.376429
-1.11679
 1.24143
  1.2732
0.343511
-1.49727
 1.79134
0.375965
-1.11692
 1.24175
 1.27359
0.343309
-1.49733
 1.79119
0.375485
-1.11712
 1.24206
 1.27394
0.343118
-1.49732
 1.79101
0.375055
-1.11733
 1.24238
 1.27428
0.342931
-1.49733
 1.79093
0.374583
-1.11766
 1.24267
 1.27464
0.342752
-1.49737
 1.79079
0.374077
-1.11791
 1.24295
 1.27503
0.342567
-1.49739
 1.79071
0.373591
 -1.1182
 1.24321
  1.2754
0.342394
-1.49743
 1.79052
0.373114
-1.11837
 1.24349
 1.27576
 0.34223
-1.49749
 1.79042
0.372608
-1.11857
 1.24376
 1.27609
0.342064
-1.49748
 1.79028
0.372168
-1.11879
 1.24401
 1.27644
0.341879
 -1.4975
 1.79022
0.371692
-1.11902
 1.24425
  1.2768
0.341683
-1.49753
 1.79011
0.371206
-1.11914
 1.24452
 1.27721
0.341488
-1.49757
 1.79005
0.370696
-1.11939
 1.24479
 1.27757
 0.34129
-1.49763
 1.78988
0.370232
-1.11943
 1.24507
 1.27789
0.341102
-1.49763
 1.78975
0.369804
 -1.1196
 1.24535
  1.2782
0.340929
-1.49765
 1.78962
0.369355
-1.11977
 1.24564
 1.27854
0.340769
-1.49769
 1.78952
0.368853
-1.11996
 1.24591
 1.27894
0.340606
-1.49773
 1.78934
0.368384
-1.12009
 1.24618
 1.27934
0.340438
-1.49781
 1.78918
0.367893
-1.12018
 1.24645
 1.27968
0.340263
-1.49786
   1.789
0.367432
-1.12034
 1.24673
 1.27999
0.340095
-1.49784
  1.7889
0.367005
-1.12066
 1.24699
  1.2803
0.339927
 -1.4979
 1.78865
0.366555
-1.12074
 1.24725
 1.28066
0.339742
-1.49795
 1.78843
0.366079
 -1.1209
 1.24752
 1.28106
0.339552
-1.49797
 1.78826
0.365601
-1.12108
 1.24782
 1.28142
0.339358
-1.49799
 1.78805
0.365184
-1.12117
 1.24811
 1.28174
0.339166
-1.49804
 1.78793
0.364729
-1.12131
 1.24839
 1.28203
0.338984
-1.49808
 1.78776
0.364313
-1.12146
 1.24869
 1.28238
0.338821
-1.49808
 1.78771
0.363932
-1.12169
 1.24897
 1.28273
0.338663
 -1.4981
 1.78752
0.363573
-1.12179
 1.24927
 1.28315
0.338512
-1.49814
 1.78736
0.363155
 -1.1219
 1.24957
 1.28352
0.338352
-1.49814
 1.78736
0.362746
-1.12222
 1.24984
 1.28382
0.338183
-1.49819
 1.78724
0.362327
-1.12237
 1.25011
 1.28412
0.338014
-1.49824
 1.78713
0.361919
-1.12254
  1.2504
 1.28446
0.337844
-1.49822
 1.78713
0.361546
-1.12285
 1.25068
 1.28482
0.337676
-1.49822
 1.78703
0.361204
-1.12306
 1.25094
  1.2852
0.337495
-1.49826
  1.7869
0.360785
-1.12319
 1.25123
 1.28553
0.337314
-1.49826
 1.78689
0.360347
-1.12346
  1.2515
 1.28583
0.337139
-1.49826
  1.7868
0.359912
 -1.1236
 1.25176
 1.28614
0.336991
-1.49828
  1.7867
 0.35947
-1.12377
 1.25199
 1.28645
0.336867
-1.49831
 1.78667
0.358994
-1.12397
 1.25222
 1.28678
0.336745
 -1.4983
 1.78651
0.358641
-1.12408
 1.25247
 1.28715
0.336624
-1.49828
 1.78636
0.358289
-1.12426
 1.25271
 1.28748
0.336498
-1.49831
 1.78629
0.357819
-1.12444
 1.25296
 1.28775
0.336371
-1.49831
 1.78611
0.357388
-1.12452
  1.2532
 1.28806
 0.33623
 -1.4983
 1.78595
0.356983
-1.12467
 1.25344
  1.2884
0.336073
 -1.4983
 1.78586
0.356555
-1.12482
 1.25367
 1.28873
0.335907
-1.49833
 1.78567
0.356137
-1.12487
 1.25393
 1.28908
0.335751
-1.49838
 1.78549
0.355717
-1.12498
 1.25418
 1.28941
0.335604
-1.49836
 1.78527
0.355392
 -1.1251
 1.25444
 1.28974
0.335446
-1.49833
 1.78521
0.354998
-1.12535
 1.25468
 1.29004
0.335284
-1.49837
 1.78505
0.354546
-1.12546
 1.25494
 1.29037
0.335125
-1.49839
  1.7848
0.354178
-1.12553
 1.25517
  1.2907
0.334985
-1.49839
 1.78461
0.353803
-1.12566
 1.25541
 1.29102
0.334853
-1.49838
 1.78452
0.353366
-1.12585
 1.25565
 1.29131
0.334722
-1.49842
 1.78439
0.352911
-1.12602
 1.25589
 1.29163
0.334596
 -1.4985
 1.78416
0.352498
 -1.1261
 1.25615
 1.29199
 0.33445
-1.49848
 1.78397
0.352197
-1.12623
 1.25638
 1.29233
0.334284
-1.49847
  1.7838
0.351894
-1.12637
 1.25663
 1.29268
0.334112
 -1.4985
  1.7837
0.351462
-1.12656
 1.25687
 1.29302
0.333921
-1.49851
 1.78355
0.351047
-1.12672
 1.25709
 1.29331
0.333731
-1.49851
 1.78332
0.350679
-1.12682
 1.25732
 1.29357
0.333548
-1.49852
 1.78315
0.350297
-1.12697
 1.25753
 1.29382
0.333378
-1.49852
 1.78293
 0.34993
-1.12708
 1.25777
  1.2941
0.333207
-1.49856
 1.78274
 0.34956
-1.12722
 1.25797
 1.29441
0.333067
-1.49864
 1.78266
0.349116
-1.12743
 1.25817
 1.29471
0.332953
-1.49862
 1.78256
0.348786
-1.12764
 1.25837
 1.29501
0.332844
-1.49864
 1.78237
0.348477
-1.12775
 1.25859
  1.2953
0.332736
 -1.4987
 1.78224
0.348108
-1.12788
 1.25879
 1.29555
0.332627
-1.49872
 1.78211
0.347755
  -1.128
 1.25898
 1.29581
0.332524
-1.49872
 1.78199
0.347405
-1.12814
 1.25917
  1.2961
0.332408
-1.49874
 1.78183
0.347052
-1.12828
 1.25938
 1.29642
0.332294
-1.49875
 1.78177
0.346644
 -1.1285
  1.2596
  1.2967
0.332171
-1.49876
 1.78172
0.346256
-1.12873
 1.25981
   1.297
0.332036
-1.49881
 1.78163
0.345891
-1.12888
 1.26002
 1.29728
0.331901
-1.49887
 1.78159
0.345523
-1.12909
 1.26022
 1.29752
0.331752
-1.49887
 1.78153
0.345234
-1.12921
 1.26044
 1.29778
0.331594
-1.49887
 1.78151
 0.34493
-1.12944
 1.26064
 1.29805
0.331444
-1.49891
 1.78145
0.344557
-1.12958
 1.26088
 1.29834
0.331312
-1.49893
 1.78135
0.344181
-1.12968
 1.26111
 1.29866
0.331183
-1.49893
  1.7813
0.343815
-1.12988
 1.26131
 1.29897
0.331061
-1.49894
 1.78126
0.343459
-1.13009
 1.26151
 1.29923
0.330946
-1.49896
 1.78115
  0.3431
-1.13018
 1.26171
 1.29945
0.330824
-1.49896
 1.78109
0.342744
-1.13038
  1.2619
  1.2997
0.330714
-1.49896
 1.78102
0.342388
-1.13054
  1.2621
 1.29997
0.330606
-1.49901
 1.78088
0.342021
-1.13058
 1.26229
 1.30024
0.330496
-1.49908
  1.7808
 0.34165
-1.13073
 1.26248
 1.30055
0.330384
-1.49906
 1.78071
0.341389
-1.13091
 1.26268
 1.30085
0.330269
-1.49908
 1.78056
0.341111
-1.13096
 1.26288
 1.30111
0.330135
-1.49913
 1.78044
 0.34076
 -1.1311
 1.26308
 1.30133
 0.32999
-1.49914
 1.78033
0.340422
-1.13124
 1.26329
 1.30156
0.329846
-1.49917
 1.78017
0.340083
-1.13128
 1.26349
 1.30179
0.329696
-1.49918
 1.78006
0.339748
-1.13142
 1.26368
 1.30206
0.329539
-1.49918
 1.77995
0.339428
-1.13155
  1.2639
 1.30235
0.329383
 -1.4992
 1.77984
0.339113
 -1.1317
  1.2641
 1.30266
 0.32924
-1.49922
 1.77968
0.338805
-1.13176
 1.26431
 1.30295
0.329127
-1.49923
 1.77956
0.338496
 -1.1319
  1.2645
 1.30322
 0.32902
-1.49924
 1.77944
 0.33817
-1.13199
  1.2647
 1.30344
0.328912
-1.49928
 1.77933
0.337819
-1.13211
 1.26489
 1.30367
0.328799
-1.49934
  1.7792
0.337474
-1.13222
 1.26507
 1.30389
0.328685
-1.49935
 1.77905
0.337226
 -1.1323
 1.26523
 1.30415
0.328574
-1.49936
 1.77894
0.336962
-1.13247
 1.26542
 1.30443
0.328462
 -1.4994
 1.77881
0.336648
-1.13258
 1.26561
 1.30471
0.328351
-1.49941
 1.77874
0.336321
-1.13277
 1.26578
 1.30498
0.328236
-1.49942
 1.77864
0.335994
-1.13293
 1.26596
 1.30521
0.328115
-1.49945
 1.77841
0.335723
-1.13296
 1.26613
 1.30542
0.327996
-1.49946
 1.77827
0.335437
-1.13313
 1.26632
 1.30563
0.327876
-1.49947
 1.77822
0.335121
-1.13333
 1.26651
 1.30585
0.327756
-1.49947
 1.77812
0.334852
-1.13349
 1.26669
  1.3061
0.327646
-1.49948
 1.77804
0.334577
-1.13364
 1.26689
 1.30635
0.327551
-1.49949
 1.77795
0.334292
-1.13376
 1.26708
  1.3066
0.327454
-1.49949
 1.77794
 0.33398
-1.13395
 1.26724
 1.30685
0.327355
-1.49949
 1.77793
0.333673
-1.13414
 1.26738
 1.30709
 0.32726
-1.49956
 1.77779
0.333385
 -1.1341
 1.26755
  1.3073
0.327176
-1.49965
 1.77772
 0.33308
-1.13418
 1.26769
 1.30751
0.327097
-1.49966
 1.77773
 0.33285
-1.13427
 1.26783
 1.30771
0.327027
-1.49967
 1.77776
0.332601
-1.13437
 1.26797
 1.30793
0.326959
-1.49973
 1.77778
0.332308
-1.13442
  1.2681
 1.30815
0.326884
-1.49976
 1.77771
0.332057
 -1.1344
 1.26826
 1.30839
0.326803
-1.49978
 1.77767
0.331782
-1.13442
  1.2684
 1.30862
0.326724
 -1.4998
 1.77767
0.331493
-1.13452
 1.26853
 1.30883
0.326644
-1.49982
 1.77768
0.331184
-1.13467
 1.26867
 1.30905
0.326546
-1.49984
 1.77767
 0.33092
-1.13483
 1.26881
 1.30926
0.326436
-1.49987
  1.7776
0.330692
-1.13486
 1.26895
 1.30945
0.326322
 -1.4999
 1.77756
0.330468
-1.13492
 1.26908
 1.30963
0.326207
-1.49991
  1.7776
0.330194
-1.13511
 1.26922
 1.30981
0.326088
-1.49993
 1.77761
0.329937
-1.13526
 1.26936
 1.31001
0.325975
-1.49996
 1.77752
0.329692
-1.13534
 1.26951
 1.31024
0.325863
-1.49997
 1.77745
0.329441
-1.13546
 1.26967
 1.31046
0.325747
-1.49997
 1.77748
0.329129
 -1.1357
 1.26983
 1.31065
0.325639
-1.49996
 1.77747
0.328851
-1.13587
    1.27
 1.31085
0.325528
-1.49999
 1.77738
0.328582
-1.13592
 1.27018
 1.31104
0.325424
-1.50004
 1.77727
 0.32833
-1.13597
 1.27034
 1.31123
0.325322
    -1.5
  1.7773
0.328123
-1.13612
  1.2705
 1.31141
0.325246
-1.49999
 1.77733
0.327901
-1.13632
 1.27067
 1.31162
0.325176
-1.50002
 1.77721
 0.32768
-1.13627
 1.27082
 1.31185
0.325114
-1.50002
 1.77711
0.327474
 -1.1363
 1.27096
 1.31209
0.325051
-1.50001
  1.7771
0.327216
-1.13643
  1.2711
 1.31229
0.324985
-1.50001
 1.77697
0.326995
-1.13647
 1.27122
 1.31245
0.324928
-1.50001
 1.77693
0.326764
 -1.1366
 1.27133
  1.3126
0.324876
-1.50002
 1.77687
0.326537
-1.13668
 1.27146
 1.31275
0.324823
-1.50002
 1.77671
0.326354
-1.13662
 1.27156
  1.3129
0.324772
-1.50001
 1.77663
0.326158
-1.13666
 1.27167
 1.31303
0.324714
-1.50001
  1.7766
0.325921
-1.13668
  1.2718
 1.31312
0.324631
-1.50001
 1.77652
0.325698
-1.13672
 1.27189
 1.31325
0.324529
-1.50001
 1.77649
0.325464
-1.13675
 1.27199
 1.31344
0.324423
-1.50002
 1.77632
 0.32526
-1.13666
 1.27211
 1.31367
0.324313
-1.50001
 1.77621
0.325046
-1.13667
 1.27223
 1.31386
0.324201
    -1.5
 1.77617
0.324808
-1.13684
 1.27233
 1.31405
0.324095
    -1.5
 1.77604
0.324597
 -1.1369
 1.27244
 1.31426
0.323987
-1.50001
 1.77592
0.324377
-1.13702
 1.27254
 1.31446
0.323886
-1.50001
 1.77573
0.324203
-1.13703
 1.27265
 1.31466
0.323797
    -1.5
 1.77569
0.324008
-1.13718
 1.27276
 1.31481
0.323732
    -1.5
 1.77565
0.323792
-1.13731
 1.27291
 1.31494
 0.32368
-1.50001
 1.77552
0.323631
-1.13737
 1.27305
  1.3151
0.323629
-1.50003
 1.77546
0.323419
-1.13749
 1.27318
 1.31524
0.323576
-1.50004
 1.77538
  0.3232
-1.13762
 1.27332
 1.31539
0.323526
-1.50002
 1.77535
0.323049
-1.13777
 1.27345
 1.31554
0.323473
-1.50002
 1.77525
0.322905
-1.13779
  1.2736
 1.31574
0.323422
-1.50003
 1.77526
0.322683
-1.13788
 1.27372
 1.31593
0.323369
-1.50001
 1.77524
0.322495
-1.13796
 1.27383
 1.31609
0.323325
-1.50001
 1.77525
0.322298
-1.13806
 1.27392
  1.3162
0.323283
    -1.5
 1.77513
0.322141
-1.13801
 1.27402
 1.31633
0.323236
-1.49999
 1.77518
0.321948
 -1.1382
 1.27408
 1.31643
0.323185
-1.49997
 1.77518
0.321758
-1.13829
 1.27417
 1.31653
0.323134
-1.49997
 1.77515
  0.3216
-1.13829
 1.27424
 1.31663
0.323083
-1.49994
  1.7752
 0.32142
-1.13847
 1.27431
 1.31671
0.323031
-1.49995
 1.77513
0.321278
-1.13839
  1.2744
 1.31681
0.322976
-1.49994
 1.77512
 0.32113
-1.13836
 1.27447
 1.31691
0.322916
-1.49992
 1.77517
0.320937
 -1.1385
 1.27455
   1.317
0.322848
-1.49991
 1.77514
0.320773
-1.13851
 1.27464
 1.31714
0.322782
-1.49989
 1.77517
0.320586
-1.13865
  1.2747
 1.31728
0.322727
 -1.4999
 1.77505
0.320446
 -1.1386
  1.2748
 1.31742
0.322676
-1.49989
 1.77505
0.320266
-1.13867
 1.27487
 1.31757
0.322623
-1.49988
 1.77501
0.320122
 -1.1387
 1.27497
 1.31775
0.322571
-1.49988
 1.77506
0.319937
-1.13879
 1.27505
 1.31792
0.322514
-1.49988
 1.77498
0.319809
-1.13882
 1.27512
 1.31811
0.322454
-1.49988
 1.77486
0.319695
-1.13879
 1.27521
 1.31827
0.322388
-1.49989
 1.77484
0.319545
-1.13889
 1.27529
 1.31839
 0.32232
-1.49989
 1.77475
0.319408
-1.13888
 1.27539
 1.31851
0.322248
-1.49989
 1.77477
0.319257
-1.13905
 1.27545
 1.31859
0.322176
 -1.4999
 1.77465
0.319145
-1.13901
 1.27553
 1.31868
0.322105
 -1.4999
 1.77455
0.319035
-1.13905
  1.2756
 1.31876
0.322037
-1.49991
 1.77449
0.318886
-1.13907
  1.2757
 1.31882
0.321974
-1.49991
  1.7744
0.318749
-1.13909
 1.27577
 1.31888
 0.32191
-1.49992
 1.77439
0.318605
-1.13915
 1.27584
 1.31894
0.321842
-1.49992
 1.77431
0.318489
-1.13914
 1.27593
 1.31901
0.321781
-1.49994
 1.77421
0.318383
-1.13912
   1.276
 1.31909
0.321739
-1.49994
  1.7742
0.318246
-1.13918
 1.27607
 1.31918
0.321716
-1.49996
 1.77411
0.318124
-1.13915
 1.27616
  1.3193
0.321696
-1.49998
 1.77401
0.318025
-1.13916
 1.27622
 1.31944
0.321674
-1.49999
   1.774
0.317896
-1.13922
 1.27628
 1.31958
0.321653
    -1.5
 1.77391
0.317791
-1.13926
 1.27637
 1.31973
0.321629
-1.50003
 1.77382
0.317696
-1.13929
 1.27644
 1.31986
0.321604
-1.50009
 1.77381
0.317551
-1.13938
 1.27651
 1.31999
0.321579
-1.50018
 1.77375
0.317394
-1.13944
 1.27658
 1.32012
0.321555
-1.50019
 1.77364
0.317325
-1.13943
 1.27665
 1.32022
0.321532
 -1.5002
  1.7737
0.317198
-1.13962
 1.27673
 1.32028
 0.32151
-1.50025
 1.77365
 0.31705
-1.13969
 1.27681
 1.32031
0.321486
-1.50028
 1.77354
0.316932
 -1.1397
 1.27688
 1.32032
0.321462
 -1.5003
 1.77348
0.316791
-1.13983
 1.27695
 1.32035
 0.32144
-1.50031
 1.77352
0.316639
-1.14002
 1.27699
 1.32037
0.321417
-1.50034
  1.7735
0.316507
-1.14008
 1.27704
 1.32039
0.321393
-1.50035
 1.77343
0.316435
 -1.1401
 1.27708
 1.32042
0.321372
-1.50036
  1.7734
 0.31637
-1.14013
 1.27712
 1.32046
0.321343
-1.50038
 1.77343
0.316279
-1.14016
 1.27716
 1.32049
0.321309
-1.50039
 1.77348
0.316193
 -1.1403
  1.2772
 1.32054
0.321277
 -1.5004
 1.77347
0.316154
-1.14034
 1.27723
 1.32064
0.321244
-1.50044
 1.77343
0.316113
-1.14026
 1.27726
 1.32073
0.321219
-1.50045
 1.77344
0.316077
-1.14025
  1.2773
 1.32082
0.321198
-1.50045
 1.77351
0.316021
-1.14034
 1.27734
 1.32086
0.321177
-1.50047
 1.77353
0.315967
-1.14039
 1.27738
  1.3209
0.321157
 -1.5005
 1.77345
0.315937
-1.14031
 1.27741
 1.32096
0.321136
-1.50051
 1.77341
0.315903
-1.14031
 1.27743
 1.32103
0.321115
-1.50052
 1.77337
0.315857
-1.14032
 1.27748
 1.32108
0.321088
-1.50052
 1.77341
0.315796
-1.14037
 1.27749
 1.32112
0.321057
-1.50053
 1.77338
0.315758
-1.14034
 1.27753
 1.32118
0.321024
-1.50053
 1.77334
0.315731
-1.14037
 1.27756
 1.32127
0.320989
-1.50053
 1.77333
0.315699
-1.14037
 1.27759
 1.32133
0.320954
-1.50053
 1.77332
0.315669
-1.14041
 1.27762
  1.3214
0.320922
-1.50053
 1.77324
0.315649
-1.14043
 1.27766
 1.32148
0.320893
-1.50055
 1.77309
0.315621
-1.14039
 1.27769
 1.32159
0.320865
-1.50053
 1.77307
0.315556
-1.14055
  1.2777
 1.32165
0.320836
-1.50052
 1.77301
0.315499
-1.14065
 1.27773
 1.32167
0.320811
-1.50052
 1.77292
0.315454
-1.14072
 1.27776
  1.3217
0.320785
-1.50052
 1.77284
0.315432
 -1.1408
 1.27778
 1.32172
0.320757
-1.50051
 1.77279
0.315405
-1.14089
 1.27779
 1.32173
0.320734
 -1.5005
 1.77275
0.315377
-1.14096
 1.27781
 1.32174
0.320713
 -1.5005
 1.77267
0.315357
-1.14094
 1.27783
 1.32175
0.320692
-1.50049
 1.77265
0.315343
-1.14099
 1.27784
 1.32175
 0.32067
-1.50049
 1.77259
0.315315
-1.14096
 1.27788
 1.32175
0.320657
-1.50048
  1.7725
 0.31531
-1.14092
 1.27788
 1.32177
0.320656
-1.50047
 1.77255
0.315263
  -1.141
 1.27789
 1.32177
0.320657
-1.50047
 1.77255
0.315213
-1.14102
  1.2779
 1.32178
0.320658
-1.50047
 1.77251
0.315193
-1.14097
 1.27791
 1.32179
0.320658
-1.50047
 1.77251
0.315158
-1.14095
 1.27792
 1.32179
0.320658
-1.50046
 1.77251
0.315127
-1.14091
 1.27793
 1.32179
0.320658
-1.50046
 1.77252
0.315102
-1.14088
 1.27793
 1.32179
0.320658
-1.50046
 1.77253
 0.31507
-1.14086
 1.27793
 1.32179
0.320658
-1.50045
 1.77253
0.315052
-1.14084
 1.27793
 1.32179
0.320658
-1.50045
 1.77254
0.315024
-1.14082
 1.27793
 1.32179
0.320658
-1.50045
 1.77256
0.315001
 -1.1408
 1.27792
 1.32179
0.320658
-1.50045
 1.77257
0.314981
-1.14079
 1.27792
 1.32179
0.320658
-1.50045
 1.77259
0.314965
-1.14077
 1.27792
  1.3218
0.320658
-1.50045
  1.7726
0.314961
-1.14075
 1.27791
  1.3218
0.320658
-1.50045
 1.77262
0.314963
-1.14073
 1.27791
  1.3218
0.320658
-1.50045
 1.77263
 0.31497
-1.14071
 1.27791
  1.3218
0.320658
-1.50045
 1.77265
0.314977
-1.14069
 1.27791
  1.3218
0.320658
-1.50045
 1.77266
0.314984
-1.14067
 1.27791
  1.3218
0.320658
-1.50045
 1.77268
0.314991
-1.14067
 1.27791
  1.3218
0.320658
-1.50045
 1.77269
0.314998
-1.14066
 1.27791
  1.3218
0.320658
-1.50045
  1.7727
0.315003
-1.14067
 1.27791
  1.3218
0.320658
-1.50045
 1.77271
0.315006
-1.14068
 1.27791
  1.3218
0.320658
-1.50045
 1.77272
 0.31501
-1.14068
 1.27791
  1.3218
0.320658
-1.50045
 1.77273
0.315013
 -1.1407
 1.27791
  1.3218
0.320658
-1.50045
 1.77274
0.315016
-1.14071
 1.27791
  1.3218
0.320658
-1.50045
 1.77275
0.315018
-1.14072
 1.27791
  1.3218
0.320658
-1.50045
 1.77276
 0.31502
-1.14073
 1.27791
  1.3218
0.320658
-1.50045
 1.77277
0.315022
-1.14074
 1.27791
  1.3218
0.320658
-1.50045
 1.77278
0.315023
-1.14074
 1.27791
  1.3218
0.320658
-1.50045
 1.77279
0.315024
-1.14074
 1.27791
  1.3218
0.320658
-1.50045
  1.7728
0.315025
-1.14074
 1.27791
  1.3218
0.320658
-1.50045
  1.7728
0.315027
-1.14074
 1.27791
  1.3218
0.320658
-1.50045
 1.77281
0.315028
-1.14074
 1.27791
  1.3218
0.320658
-1.50045
 1.77282
0.315031
-1.14074
 1.27791
  1.3218
0.320657
-1.50045
 1.77282
0.315033
-1.14074
 1.27791
  1.3218
0.320658
-1.50045
 1.77283
0.315034
-1.14074
 1.27791
  1.3218
0.320657
-1.50045
 1.77283
0.315035
-1.14074
 1.27791
  1.3218
0.320657
-1.50045
 1.77283
0.315035
-1.14074
 1.27791
  1.3218
0.320658
-1.50045
 1.77284
0.315035
-1.14074
 1.27791
 1.32181
0.320658
-1.50045
 1.77284
0.315034
-1.14074
 1.27791
 1.32181
0.320658
-1.50045
 1.77284
0.315034
-1.14074
 1.27791
 1.32181
0.320658
-1.50045
 1.77284
0.315033
-1.14074
 1.27791
 1.32181
0.320658
-1.50045
 1.77283
0.315033
-1.14074
 1.27791
 1.32181
0.320658
-1.50045
 1.77283
0.315033
-1.14074
 1.27791
 1.32181
0.320658
-1.50045
 1.77283
0.315034
-1.14074
 1.27791
 1.32181
0.320658
-1.50045
 1.77283
0.315034
-1.14074
 1.27791
 1.32181
0.320658
-1.50045
 1.77283
0.315034
-1.14074
 1.27791
 1.32181
0.320658
-1.50045
 1.77283
0.315034
-1.14074
 1.27791
 1.32181
0.320658
-1.50045
 1.77283
0.315035
-1.14074
 1.27791
 1.32181
0.320657
-1.50045
 1.77283
0.315035
-1.14074
 1.27791
 1.32181
0.320658
-1.50045
 1.77283
0.315035
-1.14074
 1.27791
 1.32181
0.320657
-1.50045
 1.77283
0.315035
-1.14074
 1.27791
 1.32181
0.320657
-1.50045
 1.77283
0.315035
-1.14074
 1.27791
 1.32181
0.320657
-1.50045
 1.77283
0.315035
-1.14074
 1.27791
 1.32181
0.320658
-1.50045
 1.77283
0.315035
-1.14074
 1.27791
 1.32181
0.320657
-1.50045
 1.77283
0.315035
-1.14074
 1.27791
 1.32181
0.320657
-1.50045
 1.77283
0.315035
-1.14074
 1.27791
 1.32181
0.320657
-1.50045
 1.77283
0.315035
-1.14074
 1.27791
 1.32181
0.320657
-1.50045
 1.77283
0.315036
-1.14074
 1.27791
 1.32181
0.320657
-1.50045
 1.77283
0.315036
-1.14074
 1.27791
 1.32181
0.320658
-1.50045
 1.77282
0.315036
-1.14074
 1.27791
 1.32181
0.320657
-1.50045
 1.77283
0.315035
-1.14074
 1.27791
 1.32181
0.320658
-1.50045
 1.77283
0.315035
-1.14074
 1.27791
 1.32181
0.320657
-1.50045
 1.77283
0.315035
-1.14074
 1.27791
 1.32181
0.320658
-1.50045
 1.77283
0.315035
-1.14074
 1.27791
 1.32181
0.320657
-1.50045
 1.77283
0.315035
-1.14074
 1.27791
 1.32181
0.320658
-1.50045
 1.77283
0.315035
-1.14074
 1.27791
 1.32181
0.320657
-1.50045
 1.77283
0.315035
-1.14074
 1.27791
 1.32181
0.320657
-1.50045
 1.77283
0.315035
-1.14074
 1.27791
 1.32181
0.320657
-1.50045
 1.77282
0.315035
-1.14074
 1.27791
 1.32181
0.320657
-1.50045
 1.77282
0.315035
-1.14074
 1.27791
 1.32181
0.320658
-1.50045
 1.77282
0.315035
-1.14074
 1.27791
 1.32181
0.320658
-1.50045
 1.77282
0.315035
-1.14074
 1.27791
 1.32181
0.320658
-1.50045
 1.77283
0.315035
-1.14074
 1.27791
 1.32181
0.320657
-1.50045
 1.77283
0.315034
-1.14074
 1.27791
 1.32181
0.320657
-1.50045
 1.77283
0.315034
-1.14074
 1.27791
 1.32181
0.320657
-1.50045
 1.77283
0.315035
-1.14074
 1.27791
 1.32181
0.320658
-1.50045
 1.77283
0.315035
-1.14074
 1.27791
 1.32181
0.320657
-1.50045
 1.77283
0.315035
-1.14074
 1.27791
 1.32181
0.320657
-1.50045
 1.77282
0.315035
-1.14074
 1.27791
 1.32181
0.320657
-1.50045
 1.77282
0.315036
-1.14074
 1.27791
 1.32181
0.320657
-1.50045
 1.77282
0.315036
-1.14074
 1.27791
 1.32181
0.320657
-1.50045
 1.77282
0.315036
-1.14074
 1.27791
 1.32182
0.320657
-1.50045
 1.77282
0.315036
-1.14074
 1.27791
 1.32182
0.320657
-1.50045
 1.77282
0.315036
-1.14074
 1.27791
 1.32182
0.320657
-1.50045
 1.77282
0.315036
-1.14074
 1.27791
 1.32182
0.320657
-1.50045
 1.77283
0.315035
-1.14074
 1.27791
 1.32182
0.320657
-1.50045
 1.77283
0.315035
-1.14074
 1.27791
 1.32182
0.320657
-1.50045
 1.77283
0.315035
-1.14074
 1.27791
 1.32182
0.320657
-1.50045
 1.77283
0.315035
-1.14074
 1.27791
 1.32182
0.320657
-1.50045
 1.77282
0.315034
-1.14074
 1.27791
 1.32182
0.320657
-1.50045
 1.77282
0.315035
-1.14074
 1.27791
 1.32182
0.320657
-1.50045
 1.77282
0.315035
-1.14074
 1.27791
 1.32182
0.320657
-1.50045
 1.77282
0.315035
-1.14074
 1.27791
 1.32182
0.320657
-1.50045
 1.77282
0.315035
-1.14074
 1.27791
 1.32182
0.320657
-1.50045
 1.77282
0.315036
-1.14074
 1.27791
 1.32182
0.320657
-1.50045
 1.77282
0.315036
-1.14074
 1.27791
 1.32182
0.320657
-1.50045
 1.77282
0.315036
-1.14074
 1.27791
 1.32182
0.320657
-1.50045
 1.77283
0.315035
-1.14074
 1.27791
 1.32182
0.320657
-1.50045
 1.77283
0.315035
-1.14074
 1.27791
 1.32182
0.320657
-1.50045
 1.77283
0.315035
-1.14074
 1.27791
 1.32182
0.320657
-1.50045
 1.77282
0.315035
-1.14074
 1.27791
 1.32182
0.320657
-1.50045
 1.77282
0.315035
-1.14074
 1.27791
 1.32182
0.320657
-1.50045
 1.77282
0.315035
-1.14074
 1.27791
 1.32182
0.320657
-1.50045
 1.77282
0.315035
-1.14074
 1.27791
 1.32182
0.320657
-1.50045
 1.77282
0.315036
-1.14074
 1.27791
 1.32182
0.320657
-1.50045
 1.77282
0.315036
-1.14074
 1.27791
 1.32182
0.320657
-1.50045
 1.77282
0.315035
-1.14074
 1.27791
 1.32182
0.320657
-1.50045
 1.77282
0.315035
-1.14074
 1.27791
 1.32182
0.320657
-1.50045
 1.77282
0.315035
-1.14074
 1.27791
 1.32182
0.320657
-1.50045
 1.77282
0.315035
-1.14074
 1.27791
 1.32182
0.320657
-1.50045
 1.77283
0.315035
-1.14074
 1.27791
 1.32182
0.320657
-1.50045
 1.77282
0.315035
-1.14074
 1.27791
 1.32182
0.320657
-1.50045
 1.77282
0.315034
-1.14074
 1.27791
 1.32182
0.320657
-1.50045
 1.77282
0.315034
-1.14074
 1.27791
 1.32182
0.320657
-1.50045
 1.77282
0.315035
-1.14074
 1.27791
 1.32182
0.320657
-1.50045
 1.77282
0.315035
-1.14074
 1.27791
 1.32182
0.320657
-1.50045
 1.77282
0.315035
-1.14074
 1.27791
 1.32182
0.320657
-1.50045
 1.77282
0.315035
-1.14074
 1.27791
 1.32182
0.320657
-1.50045
 1.77282
0.315035
-1.14074
 1.27791
 1.32182
0.320657
-1.50045
 1.77282
0.315035
-1.14074
 1.27791
 1.32182
0.320657
-1.50045
 1.77282
0.315035
-1.14074
 1.27791
 1.32182
0.320657
-1.50045
 1.77282
0.315035
-1.14074
 1.27791
 1.32182
0.320657
-1.50045
 1.77282
0.315035
-1.14074
 1.27791
 1.32182
0.320657
-1.50045
 1.77282
0.315035
-1.14074
 1.27791
 1.32182
0.320657
-1.50045
 1.77282
0.315035
-1.14074
 1.27791
 1.32182
0.320657
-1.50045
 1.77282
0.315035
-1.14074
 1.27791
 1.32182
0.320657
-1.50045
 1.77282
0.315035
-1.14074
 1.27791
 1.32182
0.320657
-1.50045
 1.77282
0.315035
-1.14074
 1.27791
 1.32182
0.320657
-1.50045
 1.77282
0.315035
-1.14074
 1.27791
 1.32182
0.320657
-1.50045
 1.77282
0.315035
-1.14074
 1.27791
 1.32182
0.320657
-1.50045
 1.77282
0.315035
-1.14074
 1.27791
 1.32182
0.320657
-1.50045
 1.77282
0.315035
-1.14074
 1.27791
 1.32182
0.320657
-1.50045
 1.77282
0.315035
-1.14074
 1.27791
 1.32182
0.320657
-1.50045
 1.77282
0.315035
-1.14074
 1.27791
 1.32182
0.320657
-1.50045
 1.77282
0.315034
-1.14074
 1.27791
 1.32182
0.320657
-1.50045
 1.77282
0.315034
-1.14074
 1.27791
 1.32182
0.320657
-1.50045
 1.77282
0.315034
-1.14074
 1.27791
 1.32182
0.320657
-1.50045
 1.77282
0.315034
-1.14074
 1.27791
 1.32182
0.320657
-1.50045
 1.77282
0.315034
-1.14074
 1.27791
 1.32182
0.320657
-1.50045
 1.77282
0.315034
-1.14074
 1.27791
 1.32182
0.320657
-1.50045
 1.77282
0.315035
-1.14074
 1.27791
 1.32182
0.320657
-1.50045
 1.77282
0.315035
-1.14074
 1.27791
 1.32182
0.320657
-1.50045
 1.77282
0.315035
-1.14074
 1.27791
 1.32182
0.320657
-1.50045
 1.77282
0.315035
-1.14074
 1.27791
 1.32182
0.320657
-1.50045
 1.77282
0.315035
-1.14074
 1.27791
 1.32182
0.320657
-1.50045
 1.77282
0.315035
-1.14074
 1.27791
 1.32182
0.320657
-1.50045
 1.77282
0.315035
-1.14074
 1.27791
 1.32182
0.320657
-1.50045
 1.77282
0.315035
-1.14074
 1.27791
 1.32182
0.320657
-1.50045
 1.77282
0.315035
-1.14074
 1.27791
 1.32182
0.320657
-1.50045
 1.77282
0.315035
-1.14074
 1.27791
 1.32182
0.320657
-1.50045
 1.77282
0.315035
-1.14074
 1.27791
 1.32182
0.320657
-1.50045
 1.77282
0.315035
-1.14074
 1.27791
 1.32182
0.320657
-1.50045
 1.77282
0.315035
-1.14074
 1.27791
 1.32183
0.320657
-1.50045
 1.77282
0.315035
-1.14074
 1.27791
 1.32183
0.320657
-1.50045
 1.77282
0.315035
-1.14074
 1.27791
 1.32183
0.320657
-1.50045
 1.77282
0.315035
-1.14074
 1.27791
 1.32183
0.320657
-1.50045
 1.77282
0.315035
-1.14074
 1.27791
 1.32183
0.320657
-1.50045
 1.77282
0.315035
-1.14074
 1.27791
 1.32183
0.320657
-1.50045
 1.77282
0.315035
-1.14074
 1.27791
 1.32183
0.320657
-1.50045
 1.77282
0.315034
-1.14074
 1.27791
 1.32183
0.320657
-1.50045
 1.77282
0.315034
-1.14074
 1.27791
 1.32183
0.320657
-1.50045
 1.77282
0.315034
-1.14074
 1.27791
 1.32183
0.320657
-1.50045
 1.77282
0.315034
-1.14074
 1.27791
 1.32183
0.320657
-1.50045
 1.77282
0.315034
-1.14074
 1.27791
 1.32183
0.320657
-1.50045
 1.77282
0.315034
-1.14074
 1.27791
 1.32183
0.320657
-1.50045
 1.77282
0.315034
-1.14074
 1.27791
 1.32183
0.320657
-1.50045
 1.77282
0.315034
-1.14074
 1.27791
 1.32183
0.320657
-1.50045
 1.77282
0.315034
-1.14074
 1.27791
 1.32183
0.320657
-1.50045
 1.77282
0.315034
-1.14074
 1.27791
 1.32183
0.320657
-1.50045
 1.77282
0.315035
-1.14074
 1.27791
 1.32183
0.320657
-1.50045
 1.77282
0.315034
-1.14074
 1.27791
 1.32183
0.320657
-1.50045
 1.77282
0.315035
-1.14074
 1.27791
 1.32183
0.320657
-1.50045
 1.77282
0.315035
-1.14074
 1.27791
 1.32183
0.320657
-1.50045
 1.77282
0.315035
-1.14074
 1.27791
 1.32183
0.320657
-1.50045
 1.77282
0.315035
-1.14074
 1.27791
 1.32183
0.320657
-1.50045
 1.77282
0.315035
-1.14074
 1.27791
 1.32183
0.320657
-1.50045
 1.77282
0.315035
-1.14074
 1.27791
 1.32183
0.320657
-1.50045
 1.77282
0.315035
-1.14074
 1.27791
 1.32183
0.320657
-1.50045
 1.77282
0.315035
-1.14074
 1.27791
 1.32183
0.320657
-1.50045
 1.77282
0.315035
-1.14074
 1.27791
 1.32183
0.320657
-1.50045
 1.77282
0.315035
-1.14074
 1.27791
 1.32183
0.320657
-1.50045
 1.77282
0.315035
-1.14074
 1.27791
 1.32183
0.320657
-1.50045
 1.77282
0.315035
-1.14074
 1.27791
 1.32183
0.320657
-1.50045
 1.77282
0.315035
-1.14074
 1.27791
 1.32183
0.320657
-1.50045
 1.77282
0.315035
-1.14074
 1.27791
 1.32183
0.320657
-1.50045
 1.77282
0.315034
-1.14074
 1.27791
 1.32183
0.320657
-1.50045
 1.77282
0.315034
-1.14074
 1.27791
 1.32183
0.320657
-1.50045
 1.77282
0.315034
-1.14074
 1.27791
 1.32183
0.320657
-1.50045
 1.77282
0.315034
-1.14074
 1.27791
 1.32183
0.320657
-1.50045
 1.77282
0.315034
-1.14074
 1.27791
 1.32183
0.320657
-1.50045
 1.77282
0.315034
-1.14074
 1.27791
 1.32183
0.320657
-1.50045
 1.77282
0.315035
-1.14074
 1.27791
 1.32183
0.320657
-1.50045
 1.77282
0.315034
-1.14074
 1.27791
 1.32183
0.320657
-1.50045
 1.77282
0.315034
-1.14074
 1.27791
 1.32183
0.320657
-1.50045
 1.77282
0.315034
-1.14074
 1.27791
 1.32183
0.320657
-1.50045
 1.77282
0.315034
-1.14074
 1.27791
 1.32183
0.320657
-1.50045
 1.77282
0.315035
-1.14074
 1.27791
 1.32183
0.320657
-1.50045
 1.77282
0.315035
-1.14074
 1.27791
 1.32183
0.320657
-1.50045
 1.77282
0.315035
-1.14074
 1.27791
 1.32183
0.320657
-1.50045
 1.77282
0.315034
-1.14074
 1.27791
 1.32183
0.320657
-1.50045
 1.77282
0.315035
-1.14074
 1.27791
 1.32183
0.320657
-1.50045
 1.77282
0.315034
-1.14074
 1.27791
 1.32183
0.320657
-1.50045
 1.77282
0.315035
-1.14074
 1.27791
 1.32183
0.320657
-1.50045
 1.77282
0.315034
-1.14074
 1.27791
 1.32183
0.320657
-1.50045
 1.77282
0.315034
-1.14074
 1.27791
 1.32183
0.320657
-1.50045
 1.77282
0.315034
-1.14074
 1.27791
 1.32183
0.320657
-1.50045
 1.77282
0.315034
-1.14074
 1.27791
 1.32183
0.320657
-1.50045
 1.77282
0.315034
-1.14074
 1.27791
 1.32183
0.320657
-1.50045
 1.77282
0.315034
-1.14074
 1.27791
 1.32183
0.320657
-1.50045
 1.77282
0.315034
-1.14074
 1.27791
 1.32183
0.320657
-1.50045
 1.77282
0.315034
-1.14074
 1.27791
 1.32183
0.320657
-1.50045
 1.77282
0.315035
-1.14074
 1.27791
 1.32183
0.320657
-1.50045
 1.77282
0.315034
-1.14074
 1.27791
 1.32183
0.320657
-1.50045
 1.77282
0.315034
-1.14074
 1.27791
 1.32183
0.320657
-1.50045
 1.77282
0.315034
-1.14074
 1.27791
 1.32184
0.320657
-1.50045
 1.77282
0.315035
-1.14074
 1.27791
 1.32184
0.320657
-1.50045
 1.77282
0.315035
-1.14074
 1.27791
 1.32184
0.320657
-1.50045
 1.77282
0.315034
-1.14074
 1.27791
 1.32184
0.320657
-1.50045
 1.77282
0.315035
-1.14074
 1.27791
 1.32184
0.320657
-1.50045
 1.77282
0.315034
-1.14074
 1.27791
 1.32184
0.320657
-1.50045
 1.77282
0.315034
-1.14074
 1.27791
 1.32184
0.320657
-1.50045
 1.77282
0.315034
-1.14074
 1.27791
 1.32184
0.320657
-1.50045
 1.77282
0.315034
-1.14074
 1.27791
 1.32184
0.320657
-1.50045
 1.77282
0.315034
-1.14074
 1.27791
 1.32184
0.320657
-1.50045
 1.77282
0.315034
-1.14074
 1.27791
 1.32184
0.320657
-1.50045
 1.77282
0.315034
-1.14074
 1.27791
 1.32184
0.320657
-1.50045
 1.77282
0.315034
-1.14074
 1.27791
 1.32184
0.320657
-1.50045
 1.77282
0.315034
-1.14074
 1.27791
 1.32184
0.320657
-1.50045
 1.77282
0.315034
-1.14074
 1.27791
 1.32184
0.320657
-1.50045
 1.77282
0.315034
-1.14074
 1.27791
 1.32184
0.320657
-1.50045
 1.77282
0.315034
-1.14074
 1.27791
 1.32184
0.320657
-1.50045
 1.77282
0.315034
-1.14074
 1.27791
 1.32184
0.320657
-1.50045
 1.77282
0.315034
-1.14074
 1.27791
 1.32184
0.320657
-1.50045
 1.77282
0.315034
-1.14074
 1.27791
 1.32184
0.320657
-1.50045
 1.77282
0.315034
-1.14074
 1.27791
 1.32184
0.320657
-1.50045
 1.77282
0.315034
-1.14074
 1.27791
 1.32184
0.320657
-1.50045
 1.77282
0.315034
-1.14074
 1.27791
 1.32184
0.320657
-1.50045
 1.77282
0.315034
-1.14074
 1.27791
 1.32184
0.320657
-1.50045
 1.77282
0.315034
-1.14074
 1.27791
 1.32184
0.320657
-1.50045
 1.77282
0.315034
-1.14074
 1.27791
 1.32184
0.320657
-1.50045
 1.77282
0.315034
-1.14074
 1.27791
 1.32184
0.320657
-1.50045
 1.77282
0.315034
-1.14074
 1.27791
 1.32184
0.320657
-1.49028
 1.82377
0.466185
-1.07681
 1.18119
  1.2052
0.380578
-1.49028
 1.82377
0.466185
-1.07681
 1.18119
  1.2052
0.380578
-1.49028
 1.82377
0.466185
-1.07681
 1.18119
  1.2052
0.380578
-1.49028
 1.82377
0.466185
-1.07681
  1.1812
  1.2052
0.380577
-1.49029
 1.82376
0.466177
-1.07681
  1.1812
 1.20521
0.380572
 -1.4903
 1.82374
0.466152
-1.07681
 1.18121
 1.20521
0.380556
-1.49032
 1.82372
0.466098
-1.07684
 1.18125
 1.20523
0.380523
-1.49032
 1.82369
0.465994
-1.07693
 1.18136
 1.20529
0.380467
-1.49033
  1.8236
0.465796
-1.07703
 1.18157
 1.20544
0.380377
-1.49034
 1.82352
0.465479
-1.07723
 1.18187
 1.20574
0.380212
-1.49037
 1.82337
0.465046
-1.07745
 1.18227
 1.20618
0.379958
-1.49039
 1.82318
 0.46451
-1.07774
 1.18274
 1.20673
0.379619
-1.49043
 1.82291
0.463875
-1.07806
 1.18329
 1.20732
0.379223
-1.49045
 1.82267
0.463142
 -1.0785
 1.18388
 1.20792
0.378789
-1.49051
  1.8224
0.462275
-1.07894
 1.18457
 1.20862
0.378324
-1.49053
 1.82204
0.461405
 -1.0794
 1.18527
 1.20939
 0.37788
 -1.4906
 1.82162
0.460463
-1.07982
   1.186
 1.21012
0.377445
-1.49063
  1.8213
0.459457
-1.08041
 1.18675
 1.21085
0.377004
-1.49069
 1.82097
0.458423
-1.08098
  1.1875
 1.21157
0.376564
-1.49073
 1.82053
0.457499
-1.08142
 1.18819
 1.21226
0.376146
-1.49083
  1.8201
0.456613
-1.08185
 1.18884
  1.2129
0.375809
-1.49089
 1.81982
0.455769
-1.08234
 1.18943
 1.21345
0.375533
  -1.491
 1.81958
0.454948
-1.08279
 1.18998
   1.214
 0.37526
 -1.4911
 1.81919
0.454294
  -1.083
 1.19045
  1.2145
0.374995
-1.49126
 1.81884
0.453627
-1.08324
 1.19086
 1.21491
0.374748
-1.49134
 1.81863
0.452957
-1.08355
 1.19127
 1.21527
0.374498
-1.49145
  1.8184
0.452294
-1.08381
 1.19169
 1.21568
 0.37426
-1.49154
 1.81808
 0.45173
-1.08403
 1.19207
 1.21613
0.374038
-1.49167
 1.81773
0.451136
-1.08417
 1.19244
 1.21656
0.373815
-1.49175
 1.81753
0.450536
-1.08449
 1.19278
 1.21694
0.373584
-1.49186
  1.8173
0.449925
-1.08475
 1.19315
 1.21731
0.373343
-1.49192
 1.81692
0.449387
-1.08485
 1.19355
 1.21775
0.373072
-1.49202
 1.81659
0.448806
-1.08498
 1.19397
  1.2182
0.372805
-1.49197
 1.81637
0.448243
-1.08525
 1.19435
  1.2186
0.372547
-1.49204
 1.81607
0.447617
-1.08537
 1.19475
 1.21899
0.372281
 -1.4921
 1.81573
0.447011
 -1.0855
 1.19514
 1.21939
0.372038
-1.49211
 1.81542
0.446453
 -1.0857
 1.19552
 1.21984
0.371805
-1.49213
 1.81514
 0.44592
-1.08595
 1.19592
 1.22035
0.371567
-1.49213
 1.81495
0.445349
-1.08631
 1.19633
 1.22078
0.371316
-1.49217
  1.8147
0.444748
 -1.0866
 1.19672
 1.22117
0.371052
 -1.4922
 1.81439
0.444208
 -1.0868
 1.19713
 1.22161
0.370772
-1.49225
 1.81413
0.443641
-1.08698
 1.19753
 1.22212
0.370508
-1.49221
 1.81391
0.443123
-1.08729
 1.19793
 1.22261
0.370262
-1.49228
 1.81361
0.442542
-1.08748
 1.19835
 1.22304
 0.37002
-1.49233
 1.81344
0.441915
-1.08781
 1.19873
 1.22347
0.369786
-1.49234
 1.81328
0.441349
-1.08816
 1.19912
 1.22395
0.369548
-1.49237
 1.81308
0.440772
-1.08849
  1.1995
 1.22444
0.369303
-1.49238
  1.8129
0.440228
-1.08879
  1.1999
 1.22489
 0.36905
-1.49248
 1.81265
0.439629
-1.08902
 1.20034
 1.22532
 0.36878
-1.49248
 1.81243
0.439102
-1.08939
 1.20076
 1.22577
0.368508
-1.49255
 1.81229
0.438431
-1.08976
  1.2012
 1.22623
0.368273
-1.49262
 1.81211
0.437744
-1.09011
 1.20162
 1.22669
0.368036
-1.49265
 1.81191
0.437141
-1.09043
 1.20204
 1.22712
0.367801
-1.49269
 1.81176
0.436497
-1.09079
 1.20244
 1.22755
0.367558
 -1.4927
 1.81156
0.435881
-1.09107
 1.20285
 1.22801
0.367307
-1.49281
 1.81134
0.435204
-1.09122
 1.20325
 1.22847
0.367057
-1.49287
 1.81115
0.434573
-1.09151
 1.20365
 1.22893
0.366799
-1.49293
 1.81102
0.433922
-1.09182
 1.20409
 1.22933
0.366527
-1.49301
 1.81085
0.433278
-1.09207
 1.20452
 1.22975
0.366284
-1.49301
 1.81066
0.432748
 -1.0924
 1.20493
 1.23022
0.366055
-1.49312
 1.81044
0.432133
-1.09262
 1.20534
 1.23064
0.365816
-1.49323
 1.81021
0.431487
-1.09279
 1.20573
 1.23104
0.365573
-1.49327
 1.81006
0.430915
-1.09312
  1.2061
 1.23146
0.365318
-1.49336
 1.80983
0.430338
-1.09331
 1.20649
  1.2319
0.365063
-1.49337
 1.80957
0.429836
-1.09351
 1.20688
 1.23234
0.364802
-1.49345
 1.80932
0.429258
-1.09375
 1.20728
 1.23277
0.364546
-1.49354
 1.80913
0.428635
-1.09403
 1.20767
 1.23317
0.364299
-1.49355
 1.80891
0.428089
-1.09429
 1.20805
 1.23363
0.364066
-1.49361
 1.80864
0.427514
-1.09451
 1.20843
 1.23411
0.363841
-1.49359
 1.80839
0.426972
-1.09474
 1.20881
 1.23457
  0.3636
-1.49362
 1.80816
0.426368
  -1.095
 1.20919
 1.23499
0.363342
-1.49366
 1.80786
0.425782
-1.09516
 1.20955
 1.23543
0.363084
-1.49361
 1.80763
 0.42523
-1.09541
 1.20992
  1.2359
0.362828
-1.49364
 1.80742
0.424634
-1.09566
 1.21031
 1.23635
0.362586
-1.49366
 1.80719
0.424058
-1.09585
  1.2107
 1.23677
0.362367
-1.49362
 1.80698
0.423522
-1.09613
 1.21109
 1.23719
0.362138
-1.49367
 1.80673
0.422916
-1.09628
 1.21147
 1.23766
0.361921
-1.49368
 1.80651
0.422322
 -1.0965
 1.21185
 1.23811
 0.36171
-1.49367
  1.8063
0.421772
-1.09683
 1.21223
  1.2385
0.361477
-1.49373
 1.80607
 0.42119
-1.09712
 1.21261
 1.23888
0.361232
-1.49369
 1.80584
0.420648
-1.09748
 1.21298
 1.23927
0.360984
-1.49376
 1.80559
0.420037
-1.09774
 1.21336
 1.23972
0.360742
-1.49382
 1.80538
0.419446
-1.09806
  1.2137
 1.24016
0.360511
-1.49379
 1.80515
0.418913
-1.09833
 1.21409
 1.24054
  0.3603
-1.49383
 1.80493
0.418333
-1.09857
 1.21448
 1.24094
 0.36008
-1.49389
 1.80476
0.417733
-1.09883
 1.21486
 1.24136
0.359849
-1.49384
 1.80457
0.417198
-1.09908
 1.21522
  1.2418
0.359628
-1.49389
  1.8044
0.416601
-1.09934
 1.21558
 1.24221
0.359389
-1.49397
 1.80419
0.416012
-1.09953
 1.21594
 1.24261
0.359139
-1.49395
 1.80402
0.415476
-1.09979
 1.21631
 1.24302
 0.35889
  -1.494
 1.80382
 0.41489
-1.09997
 1.21669
 1.24348
0.358644
-1.49407
 1.80366
0.414285
-1.10017
 1.21705
 1.24395
0.358422
-1.49405
 1.80351
0.413733
-1.10038
 1.21745
  1.2444
0.358204
-1.49411
 1.80335
 0.41314
 -1.1006
 1.21783
 1.24479
0.357988
-1.49423
 1.80314
0.412567
-1.10071
 1.21821
 1.24517
0.357758
-1.49425
   1.803
0.412018
  -1.101
 1.21859
 1.24562
0.357526
-1.49432
 1.80283
 0.41144
-1.10126
 1.21898
  1.2461
0.357302
-1.49443
 1.80261
 0.41087
-1.10144
 1.21934
 1.24653
 0.35706
-1.49445
 1.80241
0.410339
 -1.1018
 1.21973
 1.24692
0.356819
-1.49453
  1.8022
0.409746
-1.10205
 1.22012
 1.24733
0.356589
-1.49458
 1.80199
0.409152
-1.10232
 1.22048
 1.24778
0.356378
-1.49467
 1.80181
0.408564
 -1.1026
 1.22087
 1.24822
0.356173
-1.49465
 1.80165
0.408049
-1.10299
 1.22124
  1.2486
 0.35596
-1.49467
 1.80139
0.407569
-1.10323
 1.22162
 1.24903
0.355739
 -1.4947
 1.80122
0.407022
 -1.1036
 1.22198
 1.24948
0.355498
-1.49467
 1.80108
0.406516
-1.10396
 1.22232
 1.24992
 0.35527
-1.49472
 1.80089
0.405987
-1.10417
 1.22269
 1.25035
0.355037
-1.49474
 1.80074
0.405457
-1.10443
 1.22304
 1.25076
0.354801
 -1.4947
 1.80058
0.405001
-1.10462
  1.2234
 1.25118
0.354584
-1.49467
 1.80049
0.404489
-1.10494
 1.22374
 1.25164
0.354383
-1.49473
 1.80037
0.403889
-1.10519
 1.22409
 1.25207
0.354189
-1.49482
  1.8001
0.403328
-1.10526
 1.22445
  1.2525
0.353991
 -1.4948
 1.79991
0.402858
 -1.1055
  1.2248
 1.25296
0.353788
-1.49479
 1.79976
0.402317
-1.10575
 1.22515
  1.2534
0.353561
-1.49487
 1.79954
0.401705
-1.10583
  1.2255
 1.25381
 0.35333
-1.49484
 1.79937
0.401132
-1.10605
 1.22584
  1.2542
0.353105
-1.49485
  1.7992
0.400552
-1.10623
 1.22621
 1.25459
0.352882
 -1.4949
 1.79901
0.399946
-1.10634
 1.22656
 1.25499
0.352663
-1.49496
 1.79877
0.399392
-1.10641
  1.2269
 1.25542
0.352463
-1.49494
 1.79857
0.398872
-1.10663
 1.22726
 1.25584
0.352266
-1.49495
 1.79836
0.398328
-1.10681
 1.22761
 1.25623
0.352069
  -1.495
 1.79821
0.397734
 -1.1071
 1.22796
 1.25661
0.351873
-1.49498
 1.79807
0.397179
-1.10744
  1.2283
 1.25701
0.351661
-1.49504
 1.79777
0.396635
-1.10753
 1.22867
 1.25748
0.351438
-1.49513
 1.79755
0.396058
-1.10773
 1.22898
 1.25793
0.351202
-1.49523
 1.79745
0.395476
-1.10805
 1.22931
 1.25829
0.350981
-1.49526
 1.79736
0.394971
-1.10844
 1.22963
 1.25864
0.350773
-1.49533
 1.79724
0.394464
-1.10875
 1.22996
 1.25905
0.350576
-1.49548
 1.79705
0.393909
-1.10895
 1.23028
 1.25951
0.350377
-1.49559
  1.7969
0.393387
-1.10921
 1.23058
 1.25992
 0.35019
-1.49561
 1.79687
0.392902
-1.10964
 1.23089
 1.26026
0.349996
-1.49567
 1.79678
0.392388
-1.10996
 1.23122
 1.26062
0.349799
-1.49579
 1.79663
0.391872
-1.11022
 1.23153
 1.26105
0.349591
-1.49589
 1.79651
0.391376
-1.11052
 1.23186
  1.2615
0.349381
-1.49587
 1.79649
0.390901
-1.11097
  1.2322
 1.26189
0.349153
-1.49586
 1.79641
0.390412
-1.11135
 1.23253
 1.26226
0.348924
-1.49592
 1.79616
0.389885
-1.11142
 1.23286
 1.26263
0.348727
-1.49595
 1.79598
0.389369
-1.11165
 1.23318
 1.26303
0.348544
 -1.4959
 1.79586
0.388883
-1.11198
  1.2335
 1.26345
0.348351
 -1.4959
 1.79566
0.388389
 -1.1122
 1.23381
 1.26386
0.348158
-1.49592
 1.79552
0.387856
 -1.1125
 1.23411
 1.26426
0.347963
-1.49595
 1.79538
0.387326
-1.11279
 1.23442
 1.26462
0.347757
-1.49599
 1.79522
0.386808
-1.11297
 1.23475
 1.26501
0.347551
-1.49595
 1.79498
0.386379
 -1.1131
 1.23508
 1.26545
 0.34734
-1.49595
 1.79476
0.385899
-1.11323
 1.23543
 1.26585
0.347123
-1.49601
 1.79459
0.385328
 -1.1134
 1.23578
 1.26619
0.346902
-1.49609
 1.79435
0.384787
-1.11352
 1.23613
 1.26653
0.346699
-1.49605
 1.79419
0.384296
-1.11379
 1.23644
  1.2669
0.346512
-1.49605
 1.79403
0.383765
-1.11407
 1.23677
 1.26731
0.346326
 -1.4961
 1.79379
0.383234
 -1.1142
 1.23708
 1.26772
 0.34613
-1.49617
 1.79357
0.382679
-1.11431
 1.23739
 1.26809
0.345935
-1.49626
 1.79333
0.382146
-1.11447
 1.23769
 1.26845
0.345725
-1.49626
 1.79326
0.381645
-1.11473
   1.238
 1.26878
0.345515
-1.49629
 1.79315
0.381172
-1.11495
 1.23833
 1.26917
0.345303
-1.49642
 1.79291
0.380682
-1.11503
 1.23866
 1.26957
0.345096
-1.49654
 1.79274
0.380188
-1.11521
 1.23899
 1.26994
0.344883
-1.49656
 1.79268
0.379735
-1.11552
 1.23932
  1.2703
0.344682
 -1.4966
 1.79253
0.379272
-1.11578
 1.23964
 1.27074
0.344497
 -1.4967
 1.79244
0.378763
-1.11602
 1.23995
 1.27115
0.344335
-1.49679
 1.79225
0.378285
-1.11613
 1.24026
 1.27153
 0.34416
-1.49688
 1.79212
0.377802
-1.11631
 1.24054
  1.2719
0.343971
 -1.4969
 1.79208
0.377351
-1.11658
 1.24083
 1.27229
0.343766
-1.49695
 1.79197
0.376894
-1.11679
 1.24111
 1.27269
0.343562
-1.49702
 1.79189
0.376394
  -1.117
  1.2414
 1.27308
0.343356
 -1.4971
  1.7917
0.375922
-1.11714
  1.2417
 1.27349
0.343169
 -1.4972
 1.79156
0.375434
-1.11734
 1.24201
 1.27387
 0.34299
 -1.4972
 1.79141
0.375001
-1.11756
 1.24233
 1.27424
0.342833
 -1.4972
 1.79131
0.374521
-1.11785
 1.24263
 1.27462
0.342672
-1.49723
 1.79113
0.374015
-1.11801
 1.24293
 1.27504
0.342504
-1.49722
 1.79103
0.373526
 -1.1182
 1.24322
 1.27542
0.342348
-1.49726
 1.79081
0.373057
-1.11827
 1.24352
 1.27577
0.342196
-1.49733
 1.79064
0.372566
 -1.1184
 1.24381
 1.27611
0.342038
-1.49731
 1.79045
0.372143
-1.11857
 1.24409
 1.27647
0.341859
-1.49734
  1.7903
0.371678
-1.11881
 1.24434
 1.27683
0.341673
-1.49737
  1.7901
0.371199
-1.11899
 1.24462
 1.27723
0.341485
-1.49741
 1.78996
0.370693
-1.11924
 1.24489
 1.27758
0.341293
-1.49748
 1.78972
0.370229
-1.11934
 1.24517
 1.27791
0.341112
-1.49747
 1.78956
0.369803
-1.11955
 1.24546
 1.27822
0.340943
-1.49749
 1.78939
0.369361
-1.11973
 1.24575
 1.27857
0.340787
-1.49753
 1.78929
0.368868
-1.11993
 1.24601
 1.27897
0.340628
-1.49756
 1.78913
0.368407
-1.12008
 1.24627
 1.27938
0.340467
-1.49764
 1.78898
0.367925
 -1.1202
 1.24655
 1.27972
0.340297
-1.49768
 1.78886
0.367476
 -1.1204
 1.24683
 1.28005
0.340129
-1.49763
 1.78882
0.367059
-1.12074
 1.24708
 1.28038
0.339968
-1.49768
 1.78863
0.366616
-1.12081
 1.24734
 1.28076
0.339785
 -1.4977
 1.78849
0.366147
-1.12094
  1.2476
 1.28117
  0.3396
 -1.4977
 1.78839
0.365669
-1.12109
 1.24788
 1.28151
0.339407
-1.49771
 1.78825
0.365229
-1.12118
 1.24815
 1.28179
0.339218
-1.49774
 1.78816
0.364747
-1.12132
 1.24839
 1.28207
0.339031
-1.49777
 1.78801
0.364292
-1.12148
 1.24867
  1.2824
0.338865
-1.49776
 1.78796
0.363856
-1.12174
 1.24893
 1.28275
 0.33871
-1.49779
 1.78773
0.363481
-1.12186
  1.2492
 1.28316
0.338559
-1.49786
 1.78751
0.363048
-1.12202
 1.24949
 1.28352
0.338403
-1.49787
 1.78741
0.362623
-1.12237
 1.24974
 1.28381
0.338234
-1.49795
 1.78719
0.362193
-1.12251
    1.25
  1.2841
0.338068
-1.49803
 1.78696
0.361773
-1.12261
 1.25026
 1.28445
  0.3379
-1.49802
  1.7869
0.361378
-1.12283
 1.25052
 1.28481
0.337737
-1.49804
 1.78677
0.361008
-1.12293
 1.25078
 1.28519
0.337563
 -1.4981
 1.78662
0.360595
-1.12296
 1.25107
 1.28553
0.337383
-1.49812
 1.78655
0.360184
 -1.1231
 1.25134
 1.28583
0.337205
-1.49814
 1.78642
0.359762
-1.12318
  1.2516
 1.28615
0.337034
-1.49818
 1.78628
0.359341
-1.12329
 1.25186
 1.28647
0.336883
-1.49824
  1.7862
0.358878
-1.12344
 1.25211
 1.28681
0.336741
-1.49825
 1.78605
0.358501
-1.12354
 1.25238
 1.28718
0.336603
-1.49827
 1.78595
 0.35809
-1.12375
 1.25264
 1.28753
0.336462
-1.49832
 1.78589
0.357591
-1.12396
  1.2529
 1.28781
0.336316
-1.49835
 1.78574
0.357134
-1.12407
 1.25316
 1.28812
0.336159
-1.49836
 1.78563
0.356686
-1.12429
 1.25341
 1.28847
0.335986
-1.49838
 1.78557
0.356225
-1.12451
 1.25366
 1.28881
0.335817
-1.49844
 1.78545
0.355765
-1.12466
 1.25393
 1.28915
0.335657
-1.49852
  1.7853
0.355331
-1.12484
 1.25419
 1.28948
0.335492
-1.49851
 1.78511
0.355006
-1.12501
 1.25446
 1.28981
0.335325
-1.49851
 1.78505
0.354644
-1.12537
 1.25471
 1.29012
0.335158
-1.49855
 1.78491
0.354255
-1.12557
 1.25498
 1.29042
0.335009
-1.49856
 1.78467
0.353926
-1.12568
  1.2552
 1.29076
0.334872
-1.49856
 1.78449
0.353584
-1.12585
 1.25541
 1.29109
0.334735
-1.49855
 1.78436
0.353211
-1.12607
 1.25564
 1.29138
 0.33461
-1.49858
 1.78421
0.352832
-1.12628
 1.25587
 1.29168
0.334482
-1.49861
 1.78397
0.352488
-1.12635
 1.25611
 1.29205
0.334346
-1.49858
 1.78377
0.352233
 -1.1265
 1.25633
 1.29242
0.334211
-1.49858
 1.78357
0.351963
-1.12663
 1.25657
 1.29275
0.334064
-1.49859
 1.78348
0.351561
-1.12681
  1.2568
 1.29301
0.333897
 -1.4986
 1.78337
0.351166
  -1.127
 1.25702
 1.29326
0.333732
 -1.4986
  1.7832
0.350807
-1.12704
 1.25725
 1.29351
0.333571
 -1.4986
 1.78309
0.350418
-1.12717
 1.25748
 1.29375
0.333424
 -1.4986
 1.78293
 0.35004
-1.12722
 1.25774
 1.29401
0.333271
-1.49863
 1.78278
 0.34966
-1.12732
 1.25796
  1.2943
0.333121
-1.49866
 1.78273
0.349193
 -1.1275
 1.25817
 1.29459
0.332984
-1.49863
 1.78265
0.348823
-1.12771
 1.25838
  1.2949
0.332857
-1.49864
 1.78252
 0.34846
-1.12783
  1.2586
 1.29519
0.332731
-1.49866
 1.78243
0.348045
-1.12796
  1.2588
 1.29546
0.332608
-1.49867
 1.78234
0.347669
-1.12806
   1.259
 1.29574
0.332491
-1.49866
 1.78224
0.347298
-1.12819
  1.2592
 1.29607
 0.33236
-1.49867
  1.7821
0.346924
 -1.1283
 1.25941
 1.29641
0.332233
-1.49867
 1.78204
  0.3465
-1.12852
 1.25964
 1.29673
0.332096
-1.49867
 1.78196
0.346104
-1.12874
 1.25985
 1.29703
0.331948
-1.49872
 1.78179
0.345734
-1.12889
 1.26007
 1.29733
0.331796
-1.49878
  1.7817
0.345352
-1.12911
 1.26028
 1.29758
0.331635
-1.49878
 1.78156
0.345043
-1.12927
  1.2605
 1.29786
0.331478
-1.49876
 1.78148
 0.34473
-1.12951
 1.26071
 1.29815
0.331335
 -1.4988
 1.78138
0.344361
-1.12967
 1.26095
 1.29846
0.331201
-1.49881
 1.78124
0.344004
-1.12976
 1.26118
 1.29878
0.331073
-1.49881
 1.78115
0.343661
-1.12993
 1.26139
 1.29909
0.330952
-1.49881
 1.78108
0.343326
-1.13011
 1.26159
 1.29933
 0.33083
-1.49882
 1.78095
0.342981
-1.13019
 1.26179
 1.29952
0.330715
-1.49881
 1.78087
 0.34264
-1.13038
 1.26199
 1.29975
0.330605
-1.49881
 1.78079
0.342293
-1.13053
 1.26219
 1.30001
0.330492
-1.49885
 1.78065
0.341931
-1.13056
 1.26238
 1.30027
0.330379
-1.49892
 1.78056
0.341562
-1.13071
 1.26257
 1.30057
0.330268
-1.49889
 1.78048
0.341298
-1.13087
 1.26277
 1.30086
0.330147
-1.49891
 1.78034
0.341013
-1.13093
 1.26298
 1.30111
0.330022
-1.49896
 1.78024
0.340659
-1.13107
 1.26318
 1.30133
0.329898
-1.49896
 1.78014
0.340317
 -1.1312
  1.2634
 1.30155
0.329769
-1.49898
    1.78
0.339982
-1.13125
 1.26361
 1.30179
0.329627
-1.49899
 1.77989
0.339651
-1.13137
 1.26378
 1.30207
0.329482
-1.49898
 1.77978
0.339335
-1.13149
 1.26397
 1.30236
0.329342
-1.49899
 1.77966
0.339027
 -1.1316
 1.26415
 1.30267
0.329221
-1.49901
 1.77952
 0.33872
-1.13166
 1.26433
 1.30297
0.329131
-1.49901
 1.77942
0.338413
 -1.1318
  1.2645
 1.30324
0.329043
-1.49902
 1.77931
0.338092
-1.13192
 1.26468
 1.30346
0.328954
-1.49906
  1.7792
0.337751
-1.13206
 1.26485
 1.30369
0.328855
-1.49912
 1.77908
0.337413
 -1.1322
   1.265
 1.30392
0.328756
-1.49913
 1.77893
0.337172
-1.13231
 1.26515
 1.30418
0.328654
-1.49913
 1.77884
0.336915
 -1.1325
 1.26532
 1.30447
0.328559
-1.49917
 1.77873
0.336608
-1.13265
  1.2655
 1.30475
0.328457
-1.49918
 1.77869
0.336288
-1.13287
 1.26567
 1.30501
0.328355
-1.49919
 1.77862
0.335971
-1.13306
 1.26582
 1.30524
0.328246
-1.49921
 1.77843
0.335707
-1.13306
 1.26598
 1.30543
0.328133
-1.49921
 1.77832
0.335424
-1.13319
 1.26615
 1.30564
0.328019
-1.49921
  1.7783
0.335112
 -1.1333
 1.26633
 1.30585
0.327903
-1.49921
 1.77824
0.334844
-1.13338
 1.26651
 1.30609
0.327789
-1.49921
  1.7782
0.334567
-1.13346
 1.26671
 1.30633
0.327672
-1.49922
 1.77814
0.334279
-1.13354
 1.26692
 1.30658
0.327555
-1.49921
 1.77813
0.333966
-1.13367
  1.2671
 1.30682
0.327432
-1.49921
 1.77809
0.333657
-1.13377
 1.26728
 1.30705
0.327307
-1.49927
 1.77795
0.333369
-1.13373
 1.26749
 1.30726
  0.3272
-1.49934
 1.77787
0.333065
-1.13384
 1.26766
 1.30746
0.327099
-1.49932
 1.77787
0.332845
-1.13401
 1.26783
 1.30765
0.327012
-1.49932
 1.77786
 0.33261
 -1.1342
 1.26799
 1.30787
0.326928
-1.49936
 1.77784
0.332324
-1.13438
 1.26814
 1.30808
0.326839
-1.49938
 1.77775
0.332077
-1.13444
 1.26832
 1.30831
0.326747
 -1.4994
  1.7777
0.331809
-1.13454
 1.26847
 1.30854
0.326658
 -1.4994
 1.77769
0.331533
 -1.1347
 1.26862
 1.30877
0.326566
-1.49941
  1.7777
0.331232
-1.13488
 1.26878
 1.30899
0.326465
-1.49941
  1.7777
0.330965
-1.13506
 1.26892
  1.3092
0.326367
-1.49943
  1.7776
0.330725
-1.13515
 1.26907
 1.30941
0.326266
-1.49943
 1.77753
0.330486
-1.13527
 1.26921
 1.30958
0.326157
-1.49943
 1.77754
0.330197
-1.13547
 1.26936
 1.30976
0.326052
-1.49943
 1.77753
0.329924
-1.13563
 1.26951
 1.30997
0.325949
-1.49945
 1.77743
0.329669
-1.13568
 1.26967
 1.31019
0.325844
-1.49945
 1.77734
0.329425
-1.13575
 1.26983
 1.31041
0.325737
-1.49945
 1.77737
0.329132
-1.13594
    1.27
  1.3106
0.325635
-1.49945
 1.77734
0.328883
-1.13608
 1.27017
  1.3108
0.325531
 -1.4995
 1.77722
0.328644
-1.13609
 1.27034
 1.31101
0.325433
-1.49958
 1.77708
0.328414
 -1.1361
 1.27047
  1.3112
0.325333
-1.49956
 1.77705
0.328224
-1.13626
 1.27058
 1.31139
0.325246
-1.49955
 1.77702
0.328013
-1.13646
  1.2707
 1.31159
0.325167
 -1.4996
 1.77686
0.327787
-1.13644
 1.27081
 1.31182
0.325093
-1.49962
 1.77675
0.327555
 -1.1365
  1.2709
 1.31205
0.325023
-1.49963
  1.7767
0.327276
-1.13663
 1.27102
 1.31226
0.324952
-1.49963
 1.77656
0.327052
-1.13665
 1.27112
 1.31245
0.324894
-1.49964
 1.77651
0.326811
-1.13677
 1.27123
 1.31261
 0.32484
-1.49965
 1.77641
 0.32657
-1.13686
 1.27134
 1.31277
0.324782
-1.49967
 1.77626
 0.32638
-1.13682
 1.27144
 1.31294
0.324721
-1.49967
 1.77619
0.326183
-1.13688
 1.27154
 1.31308
0.324655
-1.49968
 1.77617
0.325952
-1.13696
 1.27167
 1.31317
 0.32458
-1.49969
 1.77612
0.325738
-1.13701
 1.27179
 1.31331
0.324502
 -1.4997
  1.7761
0.325511
-1.13711
  1.2719
 1.31349
0.324416
-1.49972
 1.77596
 0.32531
-1.13704
 1.27204
  1.3137
0.324327
-1.49973
 1.77589
0.325094
-1.13706
 1.27217
 1.31389
0.324236
-1.49973
 1.77595
0.324854
-1.13714
  1.2723
 1.31408
0.324142
-1.49974
 1.77592
0.324647
-1.13712
 1.27242
 1.31429
0.324052
-1.49975
 1.77591
0.324441
-1.13711
 1.27254
 1.31448
0.323961
-1.49975
 1.77585
0.324284
-1.13705
 1.27267
 1.31467
0.323872
-1.49975
 1.77591
0.324083
-1.13719
 1.27279
 1.31481
0.323781
-1.49977
  1.7759
0.323861
 -1.1373
 1.27295
 1.31495
0.323699
-1.49978
 1.77581
0.323693
-1.13733
 1.27309
  1.3151
0.323616
-1.49983
 1.77578
0.323467
-1.13743
 1.27322
 1.31525
0.323536
-1.49987
 1.77572
 0.32323
-1.13755
 1.27335
 1.31539
0.323459
-1.49986
 1.77567
0.323072
-1.13768
 1.27349
 1.31553
0.323397
-1.49987
 1.77558
 0.32292
-1.13776
 1.27363
 1.31572
0.323351
-1.49991
 1.77551
0.322696
-1.13787
 1.27374
 1.31591
0.323308
-1.49992
 1.77544
0.322511
-1.13799
 1.27382
  1.3161
0.323265
-1.49994
 1.77536
0.322315
-1.13809
 1.27391
 1.31624
 0.32322
-1.49995
 1.77521
0.322159
-1.13807
   1.274
 1.31636
 0.32317
-1.49995
  1.7752
0.321966
-1.13826
 1.27406
 1.31646
0.323118
-1.49997
 1.77512
0.321791
-1.13833
 1.27414
 1.31656
0.323068
-1.49999
 1.77501
0.321645
-1.13832
 1.27421
 1.31664
0.323016
-1.49999
 1.77498
0.321472
-1.13849
 1.27428
 1.31671
0.322962
-1.50001
 1.77482
0.321331
-1.13842
 1.27438
 1.31681
0.322911
-1.50002
 1.77469
0.321188
 -1.1384
 1.27444
  1.3169
0.322861
-1.50002
  1.7747
   0.321
-1.13852
 1.27452
   1.317
0.322811
-1.50002
 1.77464
0.320835
-1.13853
  1.2746
 1.31714
0.322766
-1.50004
 1.77466
0.320655
-1.13866
 1.27467
 1.31728
0.322725
-1.50005
 1.77453
0.320531
-1.13857
 1.27479
 1.31743
0.322686
-1.50006
 1.77452
0.320372
-1.13858
 1.27489
 1.31758
0.322638
-1.50005
  1.7745
 0.32023
-1.13859
   1.275
 1.31778
0.322574
-1.50006
 1.77457
0.320045
-1.13863
 1.27508
 1.31795
0.322494
-1.50007
 1.77454
0.319921
-1.13859
 1.27516
 1.31816
 0.32241
-1.50008
 1.77453
0.319802
-1.13857
 1.27526
 1.31831
0.322324
-1.50009
 1.77456
0.319648
-1.13866
 1.27535
 1.31842
0.322234
-1.50009
 1.77456
0.319513
-1.13864
 1.27544
 1.31852
0.322146
-1.50008
 1.77465
0.319352
-1.13883
 1.27551
  1.3186
0.322062
-1.50008
 1.77458
0.319229
-1.13888
 1.27559
 1.31868
0.321993
-1.50008
 1.77453
0.319116
-1.13899
 1.27568
 1.31876
0.321946
-1.50007
 1.77453
0.318956
-1.13913
 1.27577
 1.31882
0.321908
-1.50007
 1.77449
0.318801
-1.13926
 1.27585
 1.31888
0.321878
-1.50007
 1.77452
 0.31865
 -1.1394
 1.27593
 1.31894
0.321851
-1.50007
 1.77446
0.318531
-1.13946
 1.27602
 1.31901
0.321823
-1.50006
 1.77441
0.318419
-1.13948
  1.2761
 1.31909
0.321793
-1.50006
 1.77448
0.318275
-1.13966
 1.27616
 1.31918
0.321763
-1.50006
  1.7744
0.318155
-1.13965
 1.27625
  1.3193
0.321732
-1.50006
 1.77433
0.318057
-1.13968
 1.27632
 1.31945
  0.3217
-1.50005
 1.77435
0.317925
-1.13973
 1.27639
 1.31959
0.321672
-1.50005
  1.7743
0.317817
-1.13975
 1.27646
 1.31974
0.321644
-1.50006
 1.77423
0.317727
-1.13973
 1.27653
 1.31986
0.321612
-1.50007
 1.77423
0.317596
-1.13978
 1.27658
 1.31999
0.321583
-1.50009
 1.77418
0.317448
 -1.1398
 1.27664
 1.32012
0.321556
-1.50006
 1.77407
0.317432
-1.13973
 1.27669
 1.32022
 0.32153
-1.50005
 1.77413
0.317357
-1.13982
 1.27674
 1.32026
0.321505
-1.50007
 1.77406
0.317245
-1.13977
  1.2768
 1.32029
0.321479
-1.50007
 1.77395
0.317192
-1.13967
 1.27685
 1.32031
0.321452
-1.50006
 1.77388
 0.31711
-1.13969
  1.2769
 1.32034
0.321428
-1.50004
 1.77391
0.316984
-1.13983
 1.27694
 1.32037
0.321404
-1.50004
 1.77384
 0.31686
-1.13986
   1.277
 1.32039
0.321379
-1.50003
 1.77372
0.316788
-1.13991
 1.27704
 1.32043
0.321358
-1.50003
 1.77362
0.316712
-1.13997
 1.27709
 1.32047
0.321337
-1.50002
 1.77357
0.316595
-1.14003
 1.27714
  1.3205
0.321316
-1.49999
 1.77352
0.316482
-1.14017
 1.27719
 1.32055
0.321287
-1.49998
 1.77343
0.316415
-1.14022
 1.27722
 1.32064
0.321249
-1.49998
 1.77329
 0.31634
-1.14018
 1.27726
 1.32074
0.321219
-1.49996
  1.7732
0.316267
-1.14024
 1.27731
 1.32081
0.321194
-1.49993
 1.77324
0.316172
-1.14036
 1.27735
 1.32085
 0.32117
-1.49992
 1.77321
0.316085
-1.14044
 1.27739
 1.32091
0.321146
-1.49992
 1.77314
0.316022
-1.14036
 1.27743
 1.32098
0.321122
-1.49992
  1.7731
0.315949
-1.14035
 1.27745
 1.32105
0.321099
-1.49991
 1.77306
0.315872
-1.14034
 1.27748
  1.3211
0.321074
-1.49989
 1.77309
0.315786
-1.14038
 1.27749
 1.32113
0.321047
-1.49989
 1.77306
0.315718
-1.14034
 1.27752
  1.3212
0.321017
-1.49989
 1.77305
 0.31565
-1.14037
 1.27755
 1.32127
0.320986
-1.49989
 1.77306
0.315582
-1.14036
 1.27757
 1.32133
0.320955
-1.49989
 1.77307
0.315521
-1.14039
 1.27759
 1.32138
0.320927
 -1.4999
 1.77303
0.315474
-1.14042
 1.27763
 1.32146
0.320902
-1.49992
 1.77298
0.315415
-1.14039
 1.27764
 1.32155
0.320878
-1.49991
 1.77302
0.315346
-1.14055
 1.27765
 1.32163
0.320852
-1.49992
 1.77301
0.315301
-1.14062
 1.27769
 1.32167
0.320828
-1.49994
 1.77297
0.315257
-1.14065
 1.27772
 1.32172
0.320805
-1.49995
 1.77296
0.315223
-1.14071
 1.27773
 1.32174
0.320781
-1.49995
 1.77296
0.315181
-1.14079
 1.27774
 1.32175
0.320759
-1.49996
 1.77294
0.315152
-1.14085
 1.27775
 1.32176
0.320736
-1.49999
 1.77291
0.315141
-1.14086
 1.27776
 1.32176
0.320715
    -1.5
 1.77291
0.315138
-1.14094
 1.27778
 1.32177
0.320698
-1.50002
 1.77287
0.315128
-1.14095
 1.27782
 1.32177
0.320679
-1.50004
 1.77282
0.315128
-1.14099
 1.27783
 1.32179
0.320661
-1.50005
 1.77284
  0.3151
-1.14108
 1.27784
  1.3218
0.320648
-1.50006
 1.77283
0.315086
-1.14114
 1.27785
  1.3218
0.320645
-1.50008
 1.77278
0.315093
-1.14112
 1.27786
 1.32181
0.320646
-1.50009
 1.77276
0.315086
-1.14113
 1.27786
 1.32181
0.320647
 -1.5001
 1.77274
0.315085
-1.14111
 1.27788
 1.32181
0.320646
-1.50011
 1.77273
0.315086
 -1.1411
 1.27788
 1.32182
0.320647
-1.50013
 1.77271
 0.31508
-1.14109
 1.27789
 1.32182
0.320647
-1.50013
  1.7727
0.315085
-1.14109
 1.27789
 1.32182
0.320647
-1.50014
 1.77268
0.315079
-1.14108
  1.2779
 1.32182
0.320647
-1.50015
 1.77267
0.315078
-1.14106
  1.2779
 1.32182
0.320646
-1.50016
 1.77266
0.315077
-1.14104
 1.27791
 1.32182
0.320646
-1.50017
 1.77265
0.315076
-1.14101
 1.27791
 1.32183
0.320647
-1.50017
 1.77264
0.315076
-1.14099
 1.27792
 1.32183
0.320647
-1.50018
 1.77263
0.315076
-1.14097
 1.27791
 1.32183
0.320646
-1.50019
 1.77262
0.315076
-1.14095
 1.27791
 1.32183
0.320646
-1.50019
 1.77261
0.315076
-1.14093
 1.27791
 1.32183
0.320646
 -1.5002
  1.7726
0.315076
-1.14091
 1.27791
 1.32183
0.320647
-1.50021
 1.77258
0.315075
 -1.1409
 1.27791
 1.32183
0.320647
-1.50021
 1.77257
0.315075
-1.14088
 1.27791
 1.32183
0.320647
-1.50022
 1.77256
0.315074
-1.14087
 1.27791
 1.32184
0.320646
-1.50022
 1.77256
0.315073
-1.14085
 1.27791
 1.32184
0.320646
-1.50022
 1.77256
0.315072
-1.14083
 1.27791
 1.32184
0.320646
-1.50023
 1.77256
0.315072
-1.14081
 1.27791
 1.32184
0.320646
-1.50023
 1.77256
0.315071
 -1.1408
 1.27791
 1.32184
0.320646
-1.50023
 1.77256
0.315071
-1.14078
 1.27791
 1.32184
0.320646
-1.50024
 1.77256
 0.31507
-1.14077
 1.27791
 1.32184
0.320646
-1.50024
 1.77257
 0.31507
-1.14076
 1.27791
 1.32184
0.320646
-1.50024
 1.77257
 0.31507
-1.14076
 1.27791
 1.32184
0.320646
-1.50024
 1.77258
0.315071
-1.14076
 1.27791
 1.32184
0.320646
-1.50025
 1.77258
 0.31507
-1.14077
 1.27791
 1.32185
0.320646
-1.50025
 1.77258
 0.31507
-1.14078
 1.27791
 1.32185
0.320646
-1.50025
 1.77258
 0.31507
-1.14079
 1.27791
 1.32185
0.320646
-1.50025
 1.77258
 0.31507
-1.14079
 1.27791
 1.32185
0.320646
-1.50025
 1.77258
0.315069
 -1.1408
 1.27791
 1.32185
0.320646
-1.50025
 1.77258
0.315068
 -1.1408
 1.27791
 1.32185
0.320646
-1.50026
 1.77258
0.315067
 -1.1408
 1.27791
 1.32185
0.320646
-1.50026
 1.77258
0.315067
 -1.1408
 1.27791
 1.32185
0.320646
-1.50026
 1.77258
0.315066
-1.14081
 1.27791
 1.32185
0.320646
-1.50026
 1.77258
0.315066
-1.14081
 1.27791
 1.32186
0.320646
-1.50026
 1.77258
0.315067
-1.14081
 1.27791
 1.32186
0.320646
-1.50026
 1.77258
0.315067
-1.14081
 1.27791
 1.32186
0.320646
-1.50026
 1.77258
0.315066
-1.14081
 1.27791
 1.32186
0.320646
-1.50026
 1.77258
0.315066
-1.14081
 1.27791
 1.32186
0.320646
-1.50027
 1.77258
0.315066
-1.14081
 1.27791
 1.32187
0.320646
-1.50027
 1.77258
0.315065
-1.14082
 1.27791
 1.32187
0.320646
-1.50027
 1.77258
0.315065
-1.14082
 1.27791
 1.32187
0.320646
-1.50027
 1.77259
0.315064
-1.14082
 1.27791
 1.32187
0.320646
-1.50027
 1.77259
0.315063
-1.14082
 1.27791
 1.32187
0.320646
-1.50027
 1.77259
0.315062
-1.14082
 1.27791
 1.32187
0.320646
-1.50027
 1.77259
0.315062
-1.14082
 1.27791
 1.32187
0.320646
-1.50027
 1.77259
0.315062
-1.14082
 1.27791
 1.32187
0.320646
-1.50027
 1.77259
0.315062
-1.14082
 1.27791
 1.32187
0.320646
-1.50027
 1.77258
0.315062
-1.14082
 1.27791
 1.32187
0.320646
-1.50027
 1.77258
0.315062
-1.14082
 1.27791
 1.32187
0.320646
-1.50027
 1.77259
0.315062
-1.14082
 1.27791
 1.32187
0.320646
-1.50028
 1.77259
0.315062
-1.14082
 1.27791
 1.32187
0.320646
-1.50028
 1.77259
0.315061
-1.14082
 1.27791
 1.32187
0.320646
-1.50028
 1.77259
0.315061
-1.14082
 1.27791
 1.32187
0.320646
-1.50028
 1.77259
 0.31506
-1.14082
 1.27791
 1.32187
0.320646
-1.50028
 1.77259
0.315059
-1.14082
 1.27791
 1.32187
0.320646
-1.50028
 1.77259
0.315059
-1.14082
 1.27791
 1.32187
0.320646
-1.50028
 1.77259
0.315058
-1.14082
 1.27791
 1.32187
0.320646
-1.50028
 1.77259
0.315058
-1.14082
 1.27791
 1.32187
0.320646
-1.50028
 1.77259
0.315058
-1.14082
 1.27791
 1.32187
0.320646
-1.50028
 1.77259
0.315058
-1.14082
 1.27791
 1.32187
0.320646
-1.50028
 1.77259
0.315058
-1.14082
 1.27791
 1.32187
0.320646
-1.50028
 1.77259
0.315058
-1.14082
 1.27791
 1.32187
0.320646
-1.50028
 1.77259
0.315058
-1.14083
 1.27791
 1.32187
0.320646
-1.50028
 1.77259
0.315058
-1.14083
 1.27791
 1.32187
0.320646
-1.50028
 1.77259
0.315057
-1.14083
 1.27791
 1.32187
0.320646
-1.50028
 1.77259
0.315057
-1.14083
 1.27791
 1.32187
0.320646
-1.50028
 1.77259
0.315056
-1.14083
 1.27791
 1.32187
0.320646
-1.50028
 1.77259
0.315056
-1.14083
 1.27791
 1.32187
0.320646
-1.50028
 1.77259
0.315056
-1.14083
 1.27791
 1.32187
0.320646
-1.50028
 1.77259
0.315056
-1.14083
 1.27791
 1.32187
0.320646
-1.50028
 1.77259
0.315056
-1.14083
 1.27791
 1.32187
0.320646
-1.50028
 1.77259
0.315056
-1.14083
 1.27791
 1.32187
0.320646
-1.50028
 1.77259
0.315056
-1.14083
 1.27791
 1.32187
0.320646
-1.50028
 1.77259
0.315055
-1.14083
 1.27791
 1.32187
0.320646
-1.50028
 1.77259
0.315055
-1.14083
 1.27791
 1.32187
0.320646
-1.50028
 1.77259
0.315055
-1.14083
 1.27791
 1.32187
0.320646
-1.50028
 1.77259
0.315054
-1.14083
 1.27791
 1.32187
0.320646
-1.50028
 1.77259
0.315054
-1.14083
 1.27791
 1.32187
0.320646
-1.50028
 1.77259
0.315054
-1.14083
 1.27791
 1.32187
0.320646
-1.50028
 1.77259
0.315053
-1.14083
 1.27791
 1.32187
0.320646
-1.50028
 1.77259
0.315053
-1.14083
 1.27791
 1.32187
0.320646
-1.50028
 1.77259
0.315053
-1.14083
 1.27791
 1.32187
0.320646
-1.50028
 1.77259
0.315053
-1.14083
 1.27791
 1.32187
0.320646
-1.50028
 1.77259
0.315053
-1.14083
 1.27791
 1.32187
0.320646
-1.50028
 1.77259
0.315053
-1.14083
 1.27791
 1.32187
0.320646
-1.50028
 1.77259
0.315053
-1.14083
 1.27791
 1.32187
0.320646
-1.50028
 1.77259
0.315052
-1.14083
 1.27791
 1.32187
0.320646
-1.50028
 1.77259
0.315052
-1.14083
 1.27791
 1.32187
0.320646
-1.50028
 1.77259
0.315051
-1.14083
 1.27791
 1.32187
0.320646
-1.50028
 1.77259
0.315051
-1.14083
 1.27791
 1.32187
0.320646
-1.50028
 1.77259
 0.31505
-1.14083
 1.27791
 1.32187
0.320646
-1.50028
 1.77259
 0.31505
-1.14083
 1.27791
 1.32187
0.320646
-1.50028
 1.77259
 0.31505
-1.14083
 1.27791
 1.32187
0.320646
-1.50028
 1.77259
 0.31505
-1.14083
 1.27791
 1.32187
0.320646
-1.50028
 1.77259
 0.31505
-1.14083
 1.27791
 1.32187
0.320646
-1.50028
 1.77259
 0.31505
-1.14083
 1.27791
 1.32187
0.320646
-1.50028
 1.77259
0.315049
-1.14083
 1.27791
 1.32187
0.320646
-1.50028
 1.77259
0.315049
-1.14083
 1.27791
 1.32187
0.320646
-1.50028
 1.77259
0.315049
-1.14083
 1.27791
 1.32187
0.320646
-1.50028
 1.77259
0.315049
-1.14083
 1.27791
 1.32187
0.320646
-1.50028
 1.77259
0.315049
-1.14083
 1.27791
 1.32187
0.320646
-1.50028
 1.77259
0.315049
-1.14083
 1.27791
 1.32187
0.320646
-1.50028
 1.77259
0.315048
-1.14083
 1.27791
 1.32187
0.320646
-1.50028
 1.77259
0.315048
-1.14083
 1.27791
 1.32187
0.320646
-1.50028
 1.77259
0.315048
-1.14083
 1.27791
 1.32187
0.320646
-1.50028
 1.77259
0.315048
-1.14083
 1.27791
 1.32187
0.320645
-1.50028
 1.77259
0.315047
-1.14083
 1.27791
 1.32187
0.320646
-1.50028
 1.77259
0.315047
-1.14083
 1.27791
 1.32187
0.320645
-1.50028
 1.77259
0.315047
-1.14083
 1.27791
 1.32187
0.320646
-1.50028
 1.77259
0.315047
-1.14083
 1.27791
 1.32187
0.320646
-1.50028
 1.77259
0.315047
-1.14083
 1.27791
 1.32187
0.320646
-1.50028
 1.77259
0.315046
-1.14083
 1.27791
 1.32187
0.320646
-1.50028
 1.77259
0.315046
-1.14083
 1.27791
 1.32187
0.320646
-1.50028
 1.77259
0.315045
-1.14083
 1.27791
 1.32187
0.320646
-1.50028
 1.77259
0.315045
-1.14083
 1.27791
 1.32187
0.320646
-1.50028
 1.77259
0.315044
-1.14083
 1.27791
 1.32187
0.320646
-1.50028
 1.77259
0.315044
-1.14083
 1.27791
 1.32187
0.320646
-1.50028
 1.77259
0.315044
-1.14083
 1.27791
 1.32187
0.320645
-1.50028
 1.77259
0.315044
-1.14083
 1.27791
 1.32187
0.320645
-1.50028
 1.77259
0.315044
-1.14083
 1.27791
 1.32187
0.320646
-1.50028
 1.77259
0.315044
-1.14083
 1.27791
 1.32187
0.320645
-1.50028
 1.77259
0.315044
-1.14083
 1.27791
 1.32187
0.320645
-1.50028
 1.77259
0.315044
-1.14083
 1.27791
 1.32187
0.320646
-1.50028
 1.77259
0.315043
-1.14083
 1.27791
 1.32187
0.320646
-1.50028
 1.77259
0.315043
-1.14083
 1.27791
 1.32187
0.320646
-1.50028
 1.77259
0.315043
-1.14083
 1.27791
 1.32187
0.320646
-1.50028
 1.77259
0.315043
-1.14083
 1.27791
 1.32187
0.320645
-1.50028
 1.77259
0.315042
-1.14083
 1.27791
 1.32187
0.320645
-1.50028
 1.77259
0.315042
-1.14083
 1.27791
 1.32187
0.320645
-1.50028
 1.77259
0.315042
-1.14083
 1.27791
 1.32187
0.320645
-1.50028
 1.77259
0.315041
-1.14083
 1.27791
 1.32187
0.320645
-1.50028
 1.77259
0.315041
-1.14083
 1.27791
 1.32187
0.320646
-1.50028
 1.77259
0.315041
-1.14083
 1.27791
 1.32187
0.320646
-1.50028
 1.77259
0.315041
-1.14083
 1.27791
 1.32187
0.320646
-1.50028
 1.77259
0.315041
-1.14083
 1.27791
 1.32187
0.320645
-1.50028
 1.77259
 0.31504
-1.14083
 1.27791
 1.32187
0.320645
-1.50028
 1.77259
 0.31504
-1.14083
 1.27791
 1.32187
0.320645
-1.50028
 1.77259
 0.31504
-1.14083
 1.27791
 1.32187
0.320645
-1.50028
 1.77259
 0.31504
-1.14083
 1.27791
 1.32187
0.320645
-1.50028
 1.77259
0.315039
-1.14083
 1.27791
 1.32187
0.320645
-1.50028
 1.77259
0.315039
-1.14083
 1.27791
 1.32187
0.320645
-1.50028
 1.77259
0.315039
-1.14083
 1.27791
 1.32187
0.320645
-1.50028
 1.77259
0.315039
-1.14083
 1.27791
 1.32187
0.320645
-1.50028
 1.77259
0.315038
-1.14083
 1.27791
 1.32187
0.320646
-1.50028
 1.77259
0.315038
-1.14083
 1.27791
 1.32187
0.320645
-1.50028
 1.77259
0.315038
-1.14083
 1.27791
 1.32187
0.320645
-1.50028
 1.77259
0.315038
-1.14083
 1.27791
 1.32187
0.320645
-1.50028
 1.77259
0.315038
-1.14083
 1.27791
 1.32187
0.320645
-1.50028
 1.77259
0.315038
-1.14083
 1.27791
 1.32187
0.320645
-1.50028
 1.77259
0.315037
-1.14083
 1.27791
 1.32187
0.320645
-1.50028
 1.77259
0.315037
-1.14083
 1.27791
 1.32187
0.320645
-1.50028
 1.77259
0.315037
-1.14083
 1.27791
 1.32187
0.320645
-1.50028
 1.77259
0.315037
-1.14083
 1.27791
 1.32187
0.320645
-1.50028
 1.77259
0.315037
-1.14083
 1.27791
 1.32187
0.320645
-1.50028
 1.77259
0.315036
-1.14083
 1.27791
 1.32187
0.320645
-1.50028
 1.77259
0.315036
-1.14083
 1.27791
 1.32187
0.320645
-1.50028
 1.77259
0.315036
-1.14083
 1.27791
 1.32187
0.320645
-1.50028
 1.77259
0.315036
-1.14083
 1.27791
 1.32187
0.320645
-1.50028
 1.77259
0.315036
-1.14083
 1.27791
 1.32187
0.320645
-1.50028
 1.77259
0.315036
-1.14083
 1.27791
 1.32187
0.320645
-1.50028
 1.77259
0.315035
-1.14083
 1.27791
 1.32187
0.320645
-1.50028
 1.77259
0.315035
-1.14083
 1.27791
 1.32187
0.320645
-1.50028
 1.77259
0.315035
-1.14083
 1.27791
 1.32187
0.320645
-1.50028
 1.77259
0.315034
-1.14083
 1.27791
 1.32187
0.320645
-1.50028
 1.77259
0.315034
-1.14083
 1.27791
 1.32187
0.320645
-1.50028
 1.77259
0.315034
-1.14083
 1.27791
 1.32187
0.320645
-1.50028
 1.77259
0.315034
-1.14083
 1.27791
 1.32187
0.320645
-1.50028
 1.77259
0.315034
-1.14083
 1.27791
 1.32187
0.320645
-1.50028
 1.77259
0.315033
-1.14083
 1.27791
 1.32187
0.320645
-1.50028
 1.77259
0.315033
-1.14083
 1.27791
 1.32187
0.320645
-1.50028
 1.77259
0.315033
-1.14083
 1.27791
 1.32187
0.320645
-1.50028
 1.77259
0.315033
-1.14083
 1.27791
 1.32187
0.320645
-1.50028
 1.77259
0.315033
-1.14083
 1.27791
 1.32187
0.320645
-1.50028
 1.77259
0.315033
-1.14083
 1.27791
 1.32187
0.320645
-1.50028
 1.77259
0.315032
-1.14083
 1.27791
 1.32187
0.320645
-1.50028
 1.77259
0.315032
-1.14083
 1.27791
 1.32187
0.320645
-1.50028
 1.77259
0.315032
-1.14083
 1.27791
 1.32187
0.320645
-1.50028
 1.77259
0.315032
-1.14083
 1.27791
 1.32187
0.320645
-1.50028
 1.77259
0.315032
-1.14083
 1.27791
 1.32187
0.320645
-1.50028
 1.77259
0.315031
-1.14083
 1.27791
 1.32187
0.320645
-1.50028
 1.77259
0.315031
-1.14083
 1.27791
 1.32187
0.320645
-1.50028
 1.77259
0.315031
-1.14083
 1.27791
 1.32187
0.320645
-1.50028
 1.77259
0.315031
-1.14083
 1.27791
 1.32187
0.320645
-1.50028
 1.77259
0.315031
-1.14083
 1.27791
 1.32187
0.320645
-1.50028
 1.77259
0.315031
-1.14083
 1.27791
 1.32187
0.320645
-1.50028
 1.77259
0.315031
-1.14083
 1.27791
 1.32187
0.320645
-1.50028
 1.77259
 0.31503
-1.14083
 1.27791
 1.32187
0.320645
-1.50028
 1.77259
 0.31503
-1.14083
 1.27791
 1.32187
0.320645
-1.50028
 1.77259
 0.31503
-1.14083
 1.27791
 1.32187
0.320645
-1.50028
 1.77259
0.315029
-1.14083
 1.27791
 1.32187
0.320645
-1.50028
 1.77259
0.315029
-1.14083
 1.27791
 1.32187
0.320645
-1.50028
 1.77259
0.315029
-1.14083
 1.27791
 1.32187
0.320645
-1.50028
 1.77259
0.315029
-1.14083
 1.27791
 1.32187
0.320645
-1.50028
 1.77259
0.315029
-1.14083
 1.27791
 1.32187
0.320645
-1.50028
 1.77259
0.315029
-1.14083
 1.27791
 1.32187
0.320645
-1.50028
 1.77259
0.315029
-1.14083
 1.27791
 1.32187
0.320645
-1.50028
 1.77259
0.315029
-1.14083
 1.27791
 1.32187
0.320645
-1.50028
 1.77259
0.315029
-1.14083
 1.27791
 1.32187
0.320645
-1.50028
 1.77259
0.315028
-1.14083
 1.27791
 1.32187
0.320645
-1.50028
 1.77259
0.315028
-1.14083
 1.27791
 1.32187
0.320645
-1.50028
 1.77259
0.315028
-1.14083
 1.27791
 1.32187
0.320645
-1.50028
 1.77259
0.315028
-1.14083
 1.27791
 1.32187
0.320645
-1.50028
 1.77259
0.315028
-1.14083
 1.27791
 1.32187
0.320645
-1.50028
 1.77259
0.315027
-1.14083
 1.27791
 1.32187
0.320645
-1.50028
 1.77259
0.315027
-1.14083
 1.27791
 1.32187
0.320645
-1.50028
 1.77259
0.315027
-1.14083
 1.27791
 1.32187
0.320645
-1.50028
 1.77259
0.315027
-1.14083
 1.27791
 1.32187
0.320645
-1.50028
 1.77259
0.315027
-1.14083
 1.27791
 1.32187
0.320645
-1.50028
 1.77259
0.315027
-1.14083
 1.27791
 1.32187
0.320645
-1.50028
 1.77259
0.315027
-1.14083
 1.27791
 1.32187
0.320645
-1.50028
 1.77259
0.315027
-1.14083
 1.27791
 1.32187
0.320645
-1.50028
 1.77259
0.315027
-1.14083
 1.27791
 1.32187
0.320645
-1.50028
 1.77259
0.315026
-1.14083
 1.27791
 1.32187
0.320645
-1.50028
 1.77259
0.315026
-1.14083
 1.27791
 1.32187
0.320645
-1.50028
 1.77259
0.315026
-1.14083
 1.27791
 1.32187
0.320645
-1.50028
 1.77259
0.315026
-1.14083
 1.27791
 1.32187
0.320645
-1.50028
 1.77259
0.315026
-1.14083
 1.27791
 1.32187
0.320645
-1.50028
 1.77259
0.315026
-1.14083
 1.27791
 1.32187
0.320645
-1.50028
 1.77259
0.315026
-1.14083
 1.27791
 1.32187
0.320645
-1.50028
 1.77259
0.315026
-1.14083
 1.27791
 1.32187
0.320645
-1.50028
 1.77259
0.315026
-1.14083
 1.27791
 1.32187
0.320645
-1.50028
 1.77259
0.315026
-1.14083
 1.27791
 1.32187
0.320645
-1.50028
 1.77259
0.315026
-1.14083
 1.27791
 1.32187
0.320645
-1.50028
 1.77259
0.315025
-1.14083
 1.27791
 1.32187
0.320645
-1.50028
 1.77259
0.315025
-1.14083
 1.27791
 1.32187
0.320645
-1.50028
 1.77259
0.315025
-1.14083
 1.27791
 1.32187
0.320645
-1.50028
 1.77259
0.315025
-1.14083
 1.27791
 1.32187
0.320645
-1.50028
 1.77259
0.315025
-1.14083
 1.27791
 1.32187
0.320645
-1.50028
 1.77259
0.315025
-1.14083
 1.27791
 1.32187
0.320645
-1.50028
 1.77259
0.315025
-1.14083
 1.27791
 1.32187
0.320645
-1.50028
 1.77259
0.315025
-1.14083
 1.27791
 1.32187
0.320645
-1.50028
 1.77259
0.315024
-1.14083
 1.27791
 1.32187
0.320645
-1.50028
 1.77259
0.315024
-1.14083
 1.27791
 1.32187
0.320645
-1.50028
 1.77259
0.315024
-1.14083
 1.27791
 1.32187
0.320645
-1.50028
 1.77259
0.315024
-1.14083
 1.27791
 1.32187
0.320645
-1.50028
 1.77259
0.315024
-1.14083
 1.27791
 1.32187
0.320645
-1.50028
 1.77259
0.315024
-1.14083
 1.27791
 1.32187
0.320645
-1.50028
 1.77259
0.315024
-1.14083
 1.27791
 1.32187
0.320645
-1.50028
 1.77259
0.315024
-1.14083
 1.27791
 1.32187
0.320645
-1.50028
 1.77259
0.315023
-1.14083
 1.27791
 1.32187
0.320645
-1.50028
 1.77259
0.315023
-1.14083
 1.27791
 1.32187
0.320645
-1.50028
 1.77259
0.315023
-1.14083
 1.27791
 1.32187
0.320645
-1.50028
 1.77259
0.315023
-1.14083
 1.27791
 1.32187
0.320645
-1.50028
 1.77259
0.315023
-1.14083
 1.27791
 1.32187
0.320645
-1.50028
 1.77259
0.315023
-1.14083
 1.27791
 1.32187
0.320645
-1.50028
 1.77259
0.315023
-1.14083
 1.27791
 1.32187
0.320645
-1.50028
 1.77259
0.315023
-1.14083
 1.27791
 1.32187
0.320645
-1.50028
 1.77259
0.315022
-1.14083
 1.27791
 1.32187
0.320645
-1.50028
 1.77259
0.315022
-1.14083
 1.27791
 1.32187
0.320645
-1.50028
 1.77259
0.315022
-1.14083
 1.27791
 1.32187
0.320645
-1.50028
 1.77259
0.315022
-1.14083
 1.27791
 1.32187
0.320645
-1.50028
 1.77259
0.315022
-1.14083
 1.27791
 1.32187
0.320645
-1.50028
 1.77259
0.315022
-1.14083
 1.27791
 1.32187
0.320645
-1.50028
 1.77259
0.315022
-1.14083
 1.27791
 1.32187
0.320645
-1.50028
 1.77259
0.315022
-1.14083
 1.27791
 1.32187
0.320645
-1.50028
 1.77259
0.315022
-1.14083
 1.27791
 1.32187
0.320645
-1.50028
 1.77259
0.315022
-1.14083
 1.27791
 1.32187
0.320645
-1.50028
 1.77259
0.315022
-1.14083
 1.27791
 1.32187
0.320645
-1.50028
 1.77259
0.315021
-1.14083
 1.27791
 1.32187
0.320645
-1.50028
 1.77259
0.315021
-1.14083
 1.27791
 1.32187
0.320645
-1.50028
 1.77259
0.315021
-1.14083
 1.27791
 1.32187
0.320645
-1.50028
 1.77259
0.315021
-1.14083
 1.27791
 1.32187
0.320645
-1.50028
 1.77259
0.315021
-1.14083
 1.27791
 1.32187
0.320645
-1.50028
 1.77259
0.315021
-1.14083
 1.27791
 1.32187
0.320645
-1.50028
 1.77259
0.315021
-1.14083
 1.27791
 1.32187
0.320645
-1.50028
 1.77259
0.315021
-1.14083
 1.27791
 1.32187
0.320645
-1.50028
 1.77259
0.315021
-1.14083
 1.27791
 1.32187
0.320645
-1.50028
 1.77259
 0.31502
-1.14083
 1.27791
 1.32187
0.320645
-1.50028
 1.77259
0.315021
-1.14083
 1.27791
 1.32187
0.320645
-1.50028
 1.77259
 0.31502
-1.14083
 1.27791
 1.32187
0.320645
-1.50028
 1.77259
 0.31502
-1.14083
 1.27791
 1.32187
0.320645
-1.50028
 1.77259
 0.31502
-1.14083
 1.27791
 1.32187
0.320645
-1.50028
 1.77259
 0.31502
-1.14083
 1.27791
 1.32187
0.320645
-1.50028
 1.77259
 0.31502
-1.14083
 1.27791
 1.32187
0.320645
-1.50028
 1.77259
 0.31502
-1.14083
 1.27791
 1.32187
0.320645
-1.50028
 1.77259
 0.31502
-1.14083
 1.27791
 1.32187
0.320645
-1.50028
 1.77259
 0.31502
-1.14083
 1.27791
 1.32187
0.320645
-1.50028
 1.77259
 0.31502
-1.14083
 1.27791
 1.32187
0.320645
-1.50028
 1.77259
 0.31502
-1.14083
 1.27791
 1.32187
0.320645
-1.50028
 1.77259
 0.31502
-1.14083
 1.27791
 1.32187
0.320645
-1.50028
 1.77259
0.315019
-1.14083
 1.27791
 1.32187
0.320645
-1.50028
 1.77259
0.315019
-1.14083
 1.27791
 1.32187
0.320645
-1.50028
 1.77259
0.315019
-1.14083
 1.27791
 1.32187
0.320645
-1.50028
 1.77259
0.315019
-1.14083
 1.27791
 1.32187
0.320645
-1.50028
 1.77259
0.315019
-1.14083
 1.27791
 1.32187
0.320645
