-0.0312884
 -0.961731
 -0.617701
   0.15675
 -0.502812
   -1.2149
-0.0474681
 -0.972314
 -0.647171
  0.173749
 -0.507337
  -1.19322
-0.0476362
 -0.962589
 -0.626424
  0.169956
 -0.517966
  -1.20086
-0.0425024
 -0.966326
 -0.636617
  0.171716
 -0.501799
  -1.21245
-0.0360101
 -0.959553
 -0.641199
  0.168138
 -0.499122
  -1.20761
-0.0350715
 -0.962483
 -0.625645
  0.168533
 -0.502828
  -1.21668
-0.036432
-0.965522
-0.627538
 0.169084
-0.498435
 -1.20424
-0.0383431
 -0.959197
 -0.637357
  0.162498
 -0.498878
  -1.18445
-0.0414835
 -0.961753
 -0.630052
   0.17294
   -0.5076
  -1.21057
-0.0462985
 -0.968608
 -0.638366
  0.164971
 -0.496453
  -1.19481
-0.047099
-0.964776
-0.628375
 0.165328
-0.493144
 -1.18902
-0.061614
-0.972675
-0.632963
 0.169039
-0.489109
 -1.20693
-0.0468707
 -0.965763
 -0.642069
  0.172008
 -0.501665
  -1.20674
-0.0789061
 -0.979813
 -0.640433
  0.160554
 -0.503956
  -1.21175
-0.0819216
 -0.982797
 -0.621333
  0.168821
 -0.509476
  -1.20223
-0.0860926
 -0.958284
 -0.626248
  0.157765
  -0.49255
  -1.17921
-0.0925801
 -0.981562
 -0.613607
  0.160939
 -0.505996
  -1.20326
-0.093643
-0.970677
 -0.64596
 0.156456
-0.489438
 -1.18088
-0.102721
-0.974045
-0.629556
 0.164962
-0.490745
 -1.20056
-0.104361
 -0.99101
-0.601037
 0.171521
-0.502162
 -1.19571
-0.0934156
 -0.971839
 -0.656082
  0.157843
 -0.488128
  -1.18329
-0.0956082
 -0.985511
 -0.618978
  0.163125
 -0.484371
  -1.18932
-0.123361
 -1.00012
-0.627581
 0.163078
-0.508614
 -1.19838
-0.103668
 -1.00339
-0.626415
 0.167193
-0.487218
 -1.19629
-0.121027
-0.966057
-0.635764
 0.176328
-0.487985
 -1.19921
-0.102699
 -1.01543
-0.630467
 0.175994
-0.487637
 -1.19268
-0.127021
-0.994739
-0.636533
 0.161147
-0.505848
 -1.18826
-0.135719
-0.974239
-0.619722
 0.168237
-0.496132
 -1.19505
-0.131897
 -1.00839
-0.626986
 0.154252
-0.484246
 -1.18164
-0.132038
-0.974473
-0.626878
 0.152959
-0.496951
 -1.17444
-0.129035
-0.992313
 -0.61442
 0.171227
-0.491281
 -1.18637
-0.173956
 -1.00352
-0.601876
 0.160621
-0.491025
 -1.19382
-0.143818
-0.991503
-0.634586
 0.168763
-0.471237
 -1.18388
-0.128598
-0.987236
-0.645708
 0.163844
-0.480524
 -1.18267
-0.135911
 -1.01474
-0.614632
 0.166848
-0.483004
 -1.18251
-0.168864
 -0.99915
-0.613399
 0.163411
-0.501521
 -1.20509
-0.168432
 -1.00151
-0.627554
   0.1632
-0.481661
 -1.19017
-0.170472
-0.995338
-0.659874
 0.162798
-0.482304
 -1.18514
-0.144531
  -1.0232
-0.607549
 0.154409
-0.480243
 -1.19272
-0.187227
 -0.99139
-0.603639
 0.164919
-0.484705
  -1.2005
-0.174884
-0.974944
-0.610372
 0.157856
-0.467857
  -1.1739
-0.163525
 -1.02225
-0.625498
 0.159087
-0.482277
  -1.1822
-0.173934
 -1.00484
-0.628686
 0.158334
-0.478262
 -1.19348
-0.171796
-0.998646
-0.664332
 0.162185
-0.489531
 -1.18381
-0.174673
 -1.01679
-0.611697
 0.168033
-0.478539
 -1.19985
-0.171128
  -1.0497
-0.614826
 0.154636
 -0.48139
 -1.20158
-0.178079
-0.973382
-0.654868
 0.151373
-0.481554
 -1.17203
-0.184832
 -1.00845
-0.589424
  0.16213
-0.468133
 -1.18945
-0.192592
 -1.02121
-0.621335
  0.15817
-0.476108
  -1.1947
-0.196119
-0.990771
-0.643524
 0.164284
-0.486673
 -1.18761
 -0.20951
 -1.05316
-0.613418
 0.158261
 -0.47451
 -1.19202
-0.204023
-0.982733
-0.624642
  0.16409
-0.475867
 -1.17744
-0.223102
 -1.05541
-0.593426
 0.161816
-0.473129
 -1.20173
-0.204115
 -1.02719
-0.657702
  0.15717
-0.478765
 -1.19615
-0.219969
 -1.03099
  -0.6628
 0.157314
-0.482883
 -1.18859
-0.235883
 -1.03895
 -0.60005
 0.153788
-0.473539
 -1.18056
 -0.25492
 -1.03295
-0.551862
 0.174007
-0.489262
 -1.19377
-0.240822
-0.996371
-0.655157
 0.152689
-0.468793
 -1.17339
-0.260412
 -1.05327
-0.543073
 0.172992
-0.491308
 -1.18695
-0.280298
 -1.01262
-0.637869
 0.148927
-0.473815
 -1.17024
-0.290976
 -1.02698
-0.618571
 0.151682
-0.479661
 -1.17652
-0.240044
 -1.02127
-0.583151
 0.155034
-0.474129
 -1.17755
-0.235087
 -0.98589
-0.652643
  0.15129
-0.469856
 -1.18549
-0.251968
  -1.0679
-0.639755
 0.161615
 -0.47401
 -1.18793
-0.245011
 -1.02027
-0.616688
 0.144894
-0.463045
 -1.17965
-0.251279
 -1.04658
-0.649423
 0.151238
-0.460745
 -1.18947
-0.277462
 -1.05694
 -0.62434
  0.15364
-0.458496
 -1.17889
-0.292473
 -1.03109
-0.642974
  0.15033
   -0.465
 -1.17292
 -0.31209
 -1.06727
-0.618431
 0.157185
-0.452749
 -1.18461
-0.332526
 -1.06154
 -0.63667
 0.149945
-0.454945
 -1.20129
 -0.33905
 -1.04903
-0.574587
 0.152127
-0.476031
 -1.19505
-0.365157
  -1.0678
-0.555982
 0.159255
-0.474308
  -1.1835
-0.354272
 -1.07954
-0.575379
  0.15545
-0.463391
 -1.17807
-0.362012
 -1.04935
-0.598654
 0.153917
-0.465713
  -1.1686
-0.369539
 -1.06853
-0.595908
 0.160979
-0.464788
 -1.17683
 -0.37409
 -1.05947
-0.603043
 0.152367
-0.469637
 -1.18525
-0.374745
  -1.0827
-0.598391
 0.145371
-0.463572
  -1.1644
-0.385785
  -1.1057
-0.644972
 0.162666
-0.462958
 -1.18053
-0.380157
 -1.03565
-0.624889
 0.146801
-0.444479
 -1.16863
-0.415754
 -1.04945
-0.613483
 0.161735
 -0.45591
 -1.17338
-0.430688
 -1.12617
-0.635817
 0.151608
-0.448349
 -1.15142
-0.441759
 -1.07101
 -0.61126
  0.14928
-0.442522
 -1.15805
-0.448226
 -1.14552
-0.595118
 0.153131
-0.446025
 -1.16069
-0.484367
  -1.0501
-0.616571
  0.14891
-0.454342
 -1.16763
-0.510007
 -1.12938
-0.592793
 0.155025
-0.442549
 -1.18038
-0.496751
 -1.10846
-0.596365
 0.154213
 -0.45751
 -1.16217
-0.492739
 -1.13437
-0.611828
  0.15192
-0.445999
 -1.15134
-0.551695
 -1.10396
-0.585234
  0.14989
-0.447373
 -1.15677
-0.549326
 -1.12817
-0.550769
 0.159961
-0.450911
 -1.14947
-0.552924
 -1.14193
-0.604714
 0.151155
-0.425434
 -1.13969
-0.603954
 -1.15312
-0.585395
 0.148542
-0.434805
 -1.14637
-0.584898
 -1.12033
-0.580816
 0.150727
-0.423823
 -1.13401
-0.662736
 -1.19326
-0.575885
  0.13581
-0.428804
  -1.1337
-0.696917
 -1.16376
-0.594908
 0.139406
-0.409707
 -1.13385
-0.681435
 -1.16194
-0.634064
 0.138025
-0.425047
 -1.14808
 -0.71885
 -1.19967
-0.572532
 0.151397
-0.428394
 -1.13259
-0.763049
 -1.15372
-0.552968
 0.147471
-0.422553
   -1.121
-0.754827
 -1.23113
-0.563402
 0.136865
-0.406598
 -1.12374
-0.783054
 -1.21573
 -0.54658
  0.14863
-0.413651
  -1.1369
-0.811954
 -1.23611
-0.598191
  0.14683
-0.413488
  -1.1287
-0.844174
 -1.22988
 -0.55668
 0.139214
-0.395025
 -1.10201
-0.880064
   -1.221
-0.594631
 0.140949
-0.393977
 -1.08925
-0.903373
 -1.21264
-0.603832
 0.123585
-0.395979
 -1.09348
-0.953224
 -1.27623
-0.563922
 0.137971
-0.388115
 -1.09685
 -1.01032
 -1.26324
-0.569929
 0.133221
-0.374149
 -1.09332
 -1.02262
 -1.28917
-0.581312
 0.137405
-0.370548
 -1.09655
 -1.07648
 -1.32434
-0.582168
 0.126174
-0.375981
 -1.09482
 -1.08844
 -1.32352
 -0.55438
 0.136326
-0.366986
 -1.09258
 -1.17785
 -1.33044
-0.532349
 0.133481
-0.364722
 -1.05897
 -1.22447
 -1.35278
-0.543584
  0.12891
-0.357187
 -1.05887
 -1.25932
 -1.41364
 -0.52116
 0.117288
-0.348479
 -1.06404
 -1.35697
  -1.4137
-0.518514
 0.105957
-0.343579
 -1.03673
 -1.45755
 -1.41619
-0.525132
  0.12546
-0.329649
 -1.02384
 -1.53368
 -1.44523
 -0.53485
 0.122434
-0.330192
 -1.00943
 -1.61724
 -1.50742
-0.482285
 0.118986
-0.305779
-0.995709
 -1.71366
 -1.50514
  -0.5357
  0.12649
-0.296092
-0.978307
 -1.81985
 -1.57206
-0.521929
0.0998773
 -0.26972
-0.975697
 -2.00559
  -1.6475
-0.447607
 0.105412
 -0.26648
-0.949552
 -2.10301
  -1.6489
-0.463926
0.0948221
-0.239793
-0.924996
  -2.2611
 -1.71353
 -0.43321
0.0867027
-0.214093
-0.888663
 -2.23786
 -1.75852
-0.439365
0.0900098
-0.228563
-0.904697
 -2.13005
  -1.6093
-0.522857
 0.101339
-0.233737
-0.902618
 -2.29693
 -1.78938
-0.477364
0.0919565
-0.207425
 -0.90386
 -2.30126
 -1.70188
-0.424891
0.0898193
 -0.23568
-0.905633
 -2.38566
 -1.74697
-0.453347
 0.100625
-0.231598
-0.910596
 -2.38258
 -1.73678
-0.473123
0.0872016
-0.232955
-0.891226
 -2.37337
 -1.78051
-0.456338
 0.102029
 -0.23699
-0.902073
 -2.46428
 -1.74683
-0.418494
0.0924708
-0.246014
-0.897936
  -2.5088
 -1.76972
-0.468875
0.0978573
-0.211172
-0.901926
 -2.48759
 -1.80059
-0.497287
0.0895939
-0.228805
-0.914304
 -2.59071
 -1.78424
-0.468905
0.0913235
-0.227852
-0.896138
 -2.65447
 -1.80338
-0.459568
0.0829766
-0.222441
-0.896022
 -2.80459
 -1.85766
 -0.42829
0.0884616
-0.224309
-0.873206
 -2.78836
 -1.81474
-0.437548
0.0882005
-0.236309
-0.865633
 -2.86097
 -1.89383
-0.489071
0.0798512
 -0.20467
-0.869338
 -2.84125
 -1.84529
-0.458753
0.0891497
-0.232433
-0.888622
 -2.93369
 -1.92377
-0.456434
0.0920025
-0.197923
-0.892969
 -2.95354
 -1.91067
-0.445517
0.0933723
-0.214541
 -0.88918
   -3.064
 -1.87562
-0.460198
0.0814998
 -0.19393
-0.868948
  -3.1746
 -1.98358
-0.466439
0.0810466
-0.199805
-0.875833
 -3.19733
 -1.93376
-0.471145
0.0784296
-0.199132
-0.865726
 -3.35082
       -2
-0.446588
0.0747762
-0.191882
-0.857185
 -3.44072
 -2.06314
-0.435917
 0.081892
-0.181288
-0.851859
 -3.45845
 -1.95865
-0.441944
0.0753646
-0.194816
-0.818533
 -3.55687
 -2.07951
-0.385215
0.0710304
-0.194153
-0.836737
 -3.60522
 -2.11582
-0.500905
0.0693249
-0.173959
-0.858375
 -3.74642
  -2.0509
-0.435231
0.0797422
-0.168456
-0.817596
 -3.84519
 -2.11356
-0.423692
0.0748141
-0.166746
 -0.81528
 -3.90615
 -2.17417
-0.483936
0.0609717
-0.171299
-0.828224
 -3.96373
 -2.13755
-0.420943
0.0706532
-0.165236
-0.801246
 -4.01909
 -2.19956
-0.421381
0.0671954
-0.161608
-0.819209
 -4.12949
 -2.19722
-0.433643
0.0769236
-0.153326
-0.816314
 -4.20811
 -2.17648
-0.501344
0.0636749
-0.136302
  -0.8171
 -4.28066
 -2.31113
-0.486772
0.0737797
-0.143124
-0.798586
 -4.38359
 -2.23465
-0.430731
0.0700127
-0.143618
-0.811206
 -4.49962
 -2.26942
-0.450459
0.0805647
  -0.1464
-0.780499
 -4.61634
 -2.35239
-0.444717
0.0640443
-0.134989
 -0.78321
 -4.61332
 -2.32774
-0.396042
 0.079343
-0.163101
-0.785141
  -4.6689
 -2.38437
-0.451927
0.0625019
-0.133899
-0.796278
 -4.79016
 -2.36333
-0.461959
0.0725753
-0.160051
-0.777518
 -4.91887
 -2.36164
-0.444337
0.0658063
-0.138033
-0.761084
 -5.00823
 -2.43612
-0.421587
  0.06699
-0.139955
-0.765888
 -4.99859
 -2.40307
-0.495789
0.0626472
-0.122054
-0.771059
 -5.04036
 -2.45294
-0.474433
0.0583111
 -0.13007
 -0.76517
 -5.14552
 -2.42571
-0.407684
0.0604491
-0.124941
-0.771607
 -5.30145
 -2.51238
-0.469537
 0.062409
-0.128816
-0.744005
 -5.24453
 -2.46576
-0.497399
0.0705623
-0.131178
-0.750281
  -5.3509
 -2.46996
-0.433308
0.0610813
 -0.14669
-0.737927
 -5.48824
 -2.55436
-0.500681
0.0738233
-0.121795
 -0.74448
 -5.55645
 -2.51173
-0.440991
0.0573535
 -0.14335
-0.748775
 -5.63282
 -2.59021
-0.458812
0.0716067
-0.153064
-0.726967
 -5.65843
 -2.59635
-0.491893
0.0802386
-0.152616
-0.736239
 -5.78332
 -2.57633
 -0.45682
0.0651555
-0.157984
-0.736892
 -5.84784
 -2.61672
-0.427568
0.0644115
-0.167334
-0.728853
 -5.90119
 -2.62024
-0.467593
0.0679281
-0.154485
-0.743068
 -5.86208
 -2.59453
 -0.46864
0.0603774
-0.163837
 -0.75594
 -5.92706
 -2.67814
-0.482839
0.0583927
-0.156124
-0.741092
 -6.04255
  -2.5922
-0.467257
0.0765053
-0.162978
 -0.73841
 -6.13794
 -2.69851
-0.515828
0.0550593
-0.149793
-0.730978
 -6.23599
 -2.68382
-0.469058
 0.070577
-0.155926
-0.726436
 -6.20885
 -2.67915
-0.511691
0.0591725
-0.143611
-0.748633
 -6.25889
 -2.73687
-0.499345
0.0676082
-0.154929
-0.749501
 -6.34084
 -2.68866
-0.499838
0.0717633
-0.146627
-0.745216
  -6.4164
 -2.72156
-0.532328
0.0638922
-0.153605
-0.735867
 -6.43106
 -2.72565
-0.431651
0.0516032
-0.159838
-0.723131
 -6.42526
  -2.6953
 -0.55043
0.0621296
-0.155239
-0.719223
 -6.45072
 -2.78134
 -0.47051
0.0745162
 -0.17517
-0.737327
 -6.51683
 -2.71466
-0.477732
0.0697242
-0.173527
-0.750992
   -6.575
 -2.76258
-0.577137
0.0605158
-0.157459
-0.743143
 -6.61771
 -2.77669
-0.482018
0.0730863
-0.167827
-0.742886
 -6.59635
 -2.71606
-0.558462
0.0687057
-0.174661
-0.754063
 -6.62146
 -2.75465
-0.501023
0.0731389
-0.178921
-0.767756
 -6.64117
 -2.75138
-0.507816
0.0690407
-0.176337
 -0.75013
 -6.66276
 -2.74436
-0.608001
0.0689406
-0.168303
-0.757187
 -6.72616
 -2.74307
 -0.51922
 0.066314
-0.179179
-0.771852
 -6.79233
 -2.80266
-0.512281
0.0662721
-0.176767
 -0.77176
 -6.79512
 -2.75737
-0.510865
0.0662117
-0.194596
-0.765749
 -6.77487
 -2.72336
-0.569737
0.0777434
-0.185623
 -0.76778
 -6.77588
 -2.87693
-0.474845
0.0719569
-0.204628
-0.800448
 -6.74254
 -2.70096
-0.527117
0.0689596
-0.194044
-0.781505
  -6.7802
 -2.75434
-0.614995
0.0700356
-0.177866
-0.809174
 -6.80969
 -2.76793
-0.437969
0.0804191
-0.195968
-0.800615
 -6.79777
 -2.73058
-0.566751
0.0669962
-0.175511
-0.805889
 -6.74088
 -2.75276
-0.569274
0.0579471
-0.173816
-0.825462
 -6.68779
 -2.70806
 -0.60251
0.0567338
-0.166697
-0.843607
 -6.71385
 -2.74439
-0.607506
0.0723817
-0.178466
-0.838617
 -6.70024
  -2.6866
-0.549998
0.0710008
-0.188631
-0.848246
 -6.68818
 -2.71909
-0.572195
0.0837785
  -0.1865
-0.859129
 -6.60714
  -2.7123
-0.566353
0.0766701
-0.184306
-0.847706
 -6.64018
 -2.67178
-0.599812
 0.073134
-0.186184
-0.838973
 -6.69885
 -2.66589
-0.540972
0.0759331
-0.209721
-0.847735
 -6.60943
 -2.62479
-0.562127
0.0876394
-0.213347
 -0.85157
 -6.52001
  -2.6541
 -0.59468
0.0752059
-0.209549
-0.883271
 -6.43583
 -2.61764
-0.616876
0.0824908
-0.218123
 -0.89995
 -6.41147
 -2.61266
 -0.56812
0.0932989
 -0.23544
-0.900401
 -6.38972
 -2.60898
-0.580884
0.0911723
-0.239382
-0.907189
 -6.33451
 -2.52378
 -0.61218
0.0837522
 -0.25988
-0.896585
 -6.28371
 -2.62757
-0.563495
0.0916483
-0.260219
-0.912391
 -6.18784
 -2.47983
 -0.60504
0.0801392
-0.275986
 -0.92972
 -6.13453
 -2.54814
-0.648798
0.0873467
-0.280763
-0.928711
 -6.08058
 -2.46873
-0.604115
0.0922264
-0.289683
-0.916073
  -5.9932
 -2.43476
-0.608912
 0.105976
-0.291704
-0.930714
 -5.91535
 -2.50861
-0.598197
 0.098592
-0.316629
-0.960132
 -5.86773
 -2.42391
-0.626743
 0.104164
 -0.30845
-0.954747
 -5.81074
 -2.44342
-0.603506
  0.11361
 -0.31439
-0.955513
 -5.75474
 -2.39431
-0.631826
 0.114747
-0.333812
-0.941327
 -5.65144
 -2.32468
-0.646983
 0.117286
-0.327077
-0.963913
 -5.56414
 -2.40207
 -0.63935
 0.124239
-0.340624
-0.978076
 -5.51015
 -2.29562
-0.676395
0.0974128
-0.329575
-0.985747
 -5.40755
 -2.34067
 -0.65824
 0.112031
 -0.33631
-0.978515
 -5.30229
 -2.27588
-0.627042
 0.127665
-0.353663
 -1.01694
 -5.21835
 -2.18932
 -0.65738
 0.122036
-0.366336
-0.984249
 -5.14017
 -2.22125
-0.678357
 0.122607
-0.357337
 -1.02135
 -4.99247
 -2.18763
-0.626825
 0.121258
-0.374238
 -1.01614
 -4.88964
 -2.14376
-0.668062
 0.118112
-0.375333
 -1.04219
 -4.71945
 -2.08373
 -0.66035
 0.126581
-0.366837
 -1.04891
 -4.62246
 -2.08311
-0.669453
 0.125432
-0.383418
 -1.06361
 -4.52229
 -2.05349
-0.687575
 0.116674
 -0.39195
 -1.07172
 -4.40144
 -1.96097
-0.698105
 0.132739
-0.389945
 -1.07671
  -4.2428
 -2.02296
-0.665013
 0.139391
-0.396327
 -1.10987
 -4.13873
 -1.92442
-0.679278
 0.133034
-0.411349
 -1.10002
 -4.02654
 -1.92566
-0.684997
 0.137593
-0.418564
 -1.12021
 -3.93145
 -1.88956
-0.685688
 0.142242
-0.419312
 -1.13047
 -3.81981
 -1.83868
-0.700777
 0.135997
-0.421914
 -1.11433
 -3.73251
 -1.86405
-0.692574
 0.139999
-0.419318
 -1.13932
 -3.62946
 -1.75829
-0.654963
 0.138221
-0.447318
 -1.13519
  -3.4907
 -1.76762
-0.697166
 0.144186
-0.435244
 -1.15177
 -3.36593
 -1.77701
-0.676298
 0.150451
-0.446585
 -1.13952
 -3.34037
 -1.69418
-0.673232
 0.145262
-0.448572
 -1.15894
 -3.24889
 -1.68092
-0.720648
 0.140418
-0.444802
 -1.16106
  -3.1515
 -1.69679
-0.670338
 0.139285
-0.466848
  -1.1407
 -3.05307
 -1.61629
-0.722674
 0.154957
-0.456657
 -1.16268
 -2.99573
 -1.65634
-0.703942
 0.145834
 -0.44987
 -1.15046
 -2.89618
 -1.64406
-0.637807
 0.160767
-0.477322
 -1.17064
  -2.8027
  -1.5471
-0.722512
 0.149962
-0.453627
 -1.16695
  -2.7374
  -1.6025
-0.727329
 0.158304
-0.468898
 -1.17443
 -2.67545
 -1.53939
-0.659028
 0.153155
 -0.47602
 -1.16957
 -2.60234
 -1.54295
-0.695462
 0.165585
-0.483242
 -1.16383
 -2.51346
 -1.53554
-0.718139
 0.152941
-0.480293
 -1.18349
 -2.41379
 -1.46584
-0.670121
 0.162056
-0.500678
 -1.17842
 -2.38829
 -1.52791
-0.676894
  0.16683
-0.486231
 -1.19002
 -2.36755
 -1.47098
-0.707892
 0.149351
-0.479367
 -1.19413
 -2.29485
 -1.46472
-0.762634
 0.159767
-0.465418
  -1.1972
 -2.23949
 -1.46568
-0.638303
 0.158908
-0.482112
 -1.18298
 -2.26625
 -1.44595
-0.720351
 0.152428
-0.490799
  -1.1887
 -2.20334
 -1.46439
-0.706319
 0.165871
-0.495507
 -1.19616
 -2.15574
 -1.40304
-0.676288
 0.164921
-0.497142
 -1.21146
 -2.03692
 -1.42361
 -0.66378
 0.159483
-0.499641
 -1.19218
  -2.0135
  -1.4364
-0.716169
  0.16144
-0.491987
 -1.20739
 -1.95775
 -1.35669
-0.677905
 0.162233
-0.501729
  -1.2083
 -1.90262
 -1.36154
-0.667398
 0.160731
-0.491044
 -1.20199
 -1.88684
 -1.40242
-0.699289
 0.162443
-0.488746
 -1.19833
 -1.86537
 -1.36221
-0.674241
 0.157531
-0.504206
 -1.20595
  -1.8588
 -1.32056
-0.674303
 0.164377
-0.492511
 -1.17869
 -1.85521
 -1.39787
-0.712941
  0.16096
-0.497504
 -1.21511
 -1.88659
 -1.33049
-0.745073
  0.15619
-0.495222
 -1.18969
 -1.90863
 -1.38287
-0.723963
 0.154476
-0.487408
  -1.2199
 -1.91714
 -1.37307
-0.693434
 0.150448
-0.490784
 -1.19063
 -1.92909
 -1.36738
-0.702702
 0.150693
-0.502053
 -1.20629
 -1.92612
 -1.34513
-0.717625
 0.166138
 -0.49373
 -1.18203
 -1.94254
 -1.41379
-0.707623
 0.165712
-0.501851
 -1.20322
 -1.94441
 -1.36954
-0.657861
  0.16565
-0.502617
 -1.19661
  -1.9754
 -1.38888
-0.672608
  0.16172
-0.510929
 -1.20318
 -1.97418
 -1.40328
-0.714944
 0.171164
-0.509497
 -1.22145
 -2.02697
 -1.38822
-0.662828
 0.168417
 -0.50409
 -1.19755
 -2.03851
  -1.3495
-0.631451
 0.152356
-0.505922
 -1.17985
 -2.06245
 -1.42623
-0.725913
  0.15572
 -0.49965
 -1.21233
 -2.09971
 -1.37546
-0.699246
 0.143322
-0.501848
  -1.1902
 -2.09675
  -1.4362
-0.672886
 0.159759
-0.511741
 -1.19036
 -2.11307
  -1.4054
-0.708676
 0.154931
-0.510699
 -1.19514
 -2.11668
 -1.39454
-0.668271
 0.178193
-0.494732
 -1.20874
 -2.12435
 -1.45441
-0.739337
 0.159138
-0.499047
 -1.19962
 -2.16791
 -1.43519
-0.716027
  0.15437
 -0.47831
 -1.20604
-2.18165
-1.40155
-0.67689
0.169046
-0.49541
 -1.1949
 -2.15624
 -1.40644
-0.712143
 0.159686
-0.479519
 -1.19426
 -2.18467
  -1.4685
-0.722303
 0.171132
-0.485503
  -1.2008
 -2.24452
 -1.46908
-0.661794
  0.14741
-0.499992
 -1.19232
 -2.25764
 -1.38428
-0.728064
 0.149929
-0.497443
 -1.17521
 -2.26802
 -1.45986
-0.729107
 0.162829
-0.489751
 -1.20266
 -2.26501
  -1.4447
-0.681492
 0.158571
-0.490023
 -1.18948
 -2.28174
 -1.44737
-0.725677
 0.157271
-0.495572
 -1.18619
 -2.34102
 -1.46607
-0.711149
 0.162014
-0.503419
 -1.19535
 -2.35982
 -1.51344
-0.672051
 0.163283
-0.479311
 -1.18174
  -2.3802
 -1.40462
-0.693478
 0.168938
-0.489078
 -1.17277
 -2.41617
 -1.49026
-0.719256
 0.150265
-0.486045
 -1.18872
 -2.44619
 -1.53717
-0.737257
  0.15704
 -0.48948
 -1.20822
 -2.48219
 -1.49056
-0.722391
 0.144038
-0.470212
  -1.2021
  -2.4905
 -1.50743
-0.721373
 0.151483
 -0.47584
 -1.19046
 -2.54948
 -1.47598
-0.699335
 0.156379
-0.481626
 -1.19958
 -2.55242
  -1.5926
-0.700542
 0.153512
-0.471627
 -1.19209
 -2.54813
 -1.48401
-0.709198
 0.141303
-0.470447
 -1.16206
-2.59257
-1.51229
-0.68117
0.160394
-0.48834
-1.16407
 -2.67492
 -1.56528
-0.666316
 0.150971
-0.482119
  -1.1733
 -2.67165
 -1.53199
-0.745751
 0.148697
-0.494554
 -1.18992
 -2.72258
 -1.54089
-0.687087
  0.15713
-0.495668
 -1.18448
   -2.767
  -1.5785
-0.661301
 0.158195
-0.497603
 -1.19134
 -2.76045
 -1.55205
-0.754098
 0.144071
-0.482744
 -1.17056
 -2.78888
 -1.57832
-0.729417
 0.154032
-0.481851
 -1.16482
 -2.85085
 -1.60384
-0.705301
 0.153307
-0.497868
 -1.17256
 -2.90674
  -1.6014
-0.663141
 0.151423
-0.483172
 -1.16553
 -2.94209
 -1.58749
-0.732468
 0.151656
-0.478139
 -1.15347
 -2.97475
 -1.63217
-0.727697
  0.14912
-0.475885
 -1.16852
 -3.02302
 -1.62074
-0.704414
 0.143835
-0.486661
 -1.15384
 -3.05018
 -1.60411
-0.740576
 0.150275
-0.483431
 -1.15704
 -3.08594
 -1.64268
-0.701295
 0.150041
-0.482887
 -1.16848
   -3.143
 -1.70722
-0.717197
 0.150186
-0.479817
  -1.1798
  -3.1965
 -1.64187
-0.733918
 0.141735
-0.485387
 -1.16472
 -3.28529
 -1.70159
 -0.72062
 0.145466
-0.467615
 -1.16064
 -3.32914
 -1.69817
-0.678169
 0.151395
-0.491589
 -1.14847
-3.34949
-1.72803
 -0.7496
0.159081
-0.47115
-1.15448
 -3.41932
 -1.73874
-0.729068
 0.155762
-0.480971
 -1.14522
 -3.48519
 -1.68649
-0.686326
 0.155067
-0.471624
 -1.13648
 -3.55386
 -1.76385
-0.685656
 0.140467
-0.473064
 -1.14612
 -3.62573
 -1.79364
-0.727246
 0.146807
-0.474086
 -1.15609
 -3.66669
 -1.77916
-0.728105
  0.14843
-0.481762
 -1.13033
 -3.71962
 -1.81602
 -0.70425
 0.142865
-0.461048
 -1.12504
 -3.79756
 -1.82777
-0.712981
 0.143285
 -0.45318
 -1.12808
 -3.87065
 -1.83354
-0.703921
 0.143011
-0.462594
 -1.12917
 -3.91237
 -1.87464
-0.689958
 0.143225
-0.464773
 -1.11662
 -3.93934
 -1.85441
-0.759173
 0.123522
-0.449855
 -1.10528
 -4.05018
 -1.89041
-0.736811
 0.138844
-0.450878
  -1.1264
 -4.15534
 -1.88332
-0.709225
 0.133149
-0.466121
  -1.1187
 -4.19883
 -1.92454
-0.683688
  0.13336
-0.463701
 -1.11614
 -4.24653
 -1.89421
-0.748762
 0.130459
-0.451146
 -1.09102
 -4.28252
 -1.97572
-0.751522
 0.142364
 -0.43563
 -1.10253
 -4.35432
 -2.01185
-0.731849
 0.140727
-0.444886
 -1.09346
 -4.44936
 -1.90261
-0.748049
 0.137131
-0.444046
 -1.07643
 -4.52355
 -1.98844
-0.727382
 0.154199
-0.447824
 -1.06991
 -4.57853
 -2.04769
-0.769893
 0.137586
-0.449977
 -1.09086
 -4.65636
 -2.06586
 -0.70713
 0.128263
-0.456044
 -1.07516
 -4.70442
 -2.05574
-0.733241
 0.138133
-0.447243
 -1.06824
 -4.75803
   -2.058
-0.738117
 0.133948
-0.453159
 -1.06469
 -4.83036
 -2.08953
-0.678514
 0.142029
-0.454888
 -1.04673
 -4.85807
 -2.09146
-0.749531
 0.128594
-0.453601
 -1.05872
 -4.95009
 -2.11222
-0.739433
 0.140986
-0.454304
 -1.05583
 -5.01335
 -2.14127
  -0.7262
 0.138139
-0.454529
 -1.06495
 -5.08446
 -2.13912
-0.732686
 0.134852
 -0.45031
 -1.05995
 -5.10172
 -2.20173
-0.672223
 0.142383
-0.472218
 -1.04845
 -5.17012
 -2.13915
-0.760492
 0.128623
-0.453213
 -1.04137
 -5.21181
 -2.17942
-0.721261
 0.127862
-0.443505
 -1.03042
 -5.27043
 -2.23518
-0.696295
 0.140435
-0.448535
  -1.0119
 -5.38491
 -2.19223
-0.740303
 0.140754
-0.445389
 -1.01058
 -5.42074
 -2.27527
-0.708509
  0.12324
-0.441688
  -1.0174
 -5.47157
 -2.20473
-0.779949
 0.133602
-0.425241
 -1.00498
 -5.53753
 -2.31511
-0.722709
 0.121894
-0.416471
 -1.04092
 -5.57834
 -2.25291
-0.801348
  0.13257
-0.418471
 -1.02101
 -5.62779
 -2.29421
-0.740155
 0.131258
-0.425305
 -1.01019
 -5.73118
 -2.28805
-0.742017
 0.119991
-0.437794
-0.996814
 -5.76366
 -2.32459
-0.739205
 0.124131
-0.426612
-0.980839
  -5.8306
 -2.33125
-0.737329
 0.119904
-0.436907
-0.971122
 -5.84761
 -2.34472
-0.733022
 0.130904
-0.433987
-0.989493
 -5.93278
 -2.35829
 -0.70924
 0.139043
-0.425342
-0.987418
 -5.98831
 -2.42933
-0.689714
 0.120946
-0.456659
 -1.00468
 -6.03688
 -2.35928
-0.758794
  0.13198
-0.431335
-0.981727
 -6.15986
 -2.43959
-0.697962
 0.121208
 -0.43772
 -0.98964
 -6.20332
 -2.47253
-0.679772
 0.128054
-0.432454
-0.973691
 -6.27878
 -2.43927
 -0.75422
 0.121039
-0.422856
-0.966147
 -6.31435
 -2.50628
-0.751438
 0.116908
-0.395169
 -0.96702
 -6.39356
 -2.47133
-0.776795
 0.122982
-0.409756
-0.969213
 -6.48722
 -2.57138
-0.740051
 0.108828
 -0.40779
-0.977256
 -6.54087
 -2.52074
-0.756511
 0.118453
-0.411026
-0.964636
 -6.60099
 -2.52722
-0.726083
  0.11334
-0.386436
-0.944964
 -6.66842
 -2.55774
-0.743524
 0.118606
-0.392325
-0.950096
 -6.68822
   -2.553
-0.735518
 0.117531
-0.392686
-0.943865
   -6.731
  -2.6233
-0.706236
 0.118351
 -0.39856
-0.941111
 -6.78113
 -2.56519
-0.767646
 0.111105
 -0.39255
-0.932275
 -6.82378
 -2.60067
-0.752332
 0.123144
-0.385638
-0.940462
 -6.85532
 -2.60581
-0.698874
 0.120296
-0.404911
 -0.91172
 -6.89289
 -2.66571
 -0.71254
 0.116653
-0.406649
-0.927556
 -6.92428
 -2.61541
-0.733432
 0.105457
-0.396949
-0.906478
 -6.96849
 -2.63545
-0.710509
 0.119231
-0.392401
-0.909911
 -7.02339
 -2.67485
-0.734283
 0.122686
-0.396758
-0.918081
 -7.05521
 -2.67232
-0.726658
  0.11122
 -0.39986
 -0.91572
 -7.09887
 -2.67949
-0.723366
 0.110646
-0.386978
-0.912294
 -7.15434
 -2.70663
-0.712687
 0.107164
-0.384171
 -0.90084
 -7.20226
 -2.67887
-0.714524
 0.118003
-0.406168
-0.906564
 -7.19815
 -2.70464
-0.732348
 0.120762
-0.380521
-0.912179
 -7.19288
 -2.71085
-0.733038
 0.108273
 -0.38837
-0.915336
 -7.20518
 -2.71063
 -0.74691
  0.12055
-0.382888
-0.915581
 -7.22743
 -2.72148
-0.728413
 0.106242
-0.370823
-0.914913
 -7.25951
 -2.70071
-0.739992
  0.10976
  -0.3747
-0.902941
 -7.26504
 -2.72909
 -0.73287
  0.11305
-0.375405
-0.888406
 -7.27555
 -2.73708
-0.743005
 0.115645
-0.378585
-0.913152
  -7.2745
 -2.73295
-0.720285
 0.107847
-0.389846
-0.896075
 -7.28864
 -2.73335
-0.718241
 0.110746
-0.371668
-0.904588
 -7.25198
 -2.73072
 -0.71931
 0.117476
-0.385111
-0.897857
 -7.26841
 -2.72295
-0.726245
 0.114859
-0.371923
-0.892399
 -7.29589
 -2.73785
-0.721314
 0.114796
-0.386492
-0.898078
 -7.31028
 -2.72183
-0.718637
 0.102526
-0.382642
-0.905193
 -7.30724
  -2.7243
-0.713251
 0.115284
 -0.38914
-0.913616
 -7.29571
 -2.72977
-0.732183
 0.114402
-0.373018
-0.919366
 -7.28116
 -2.72237
-0.734129
 0.111086
-0.377318
-0.889791
 -7.32504
 -2.72812
-0.722045
 0.118281
-0.391955
-0.903473
 -7.36471
 -2.74422
-0.731589
 0.114708
-0.371591
-0.902004
 -7.36861
 -2.75471
-0.733485
  0.10423
-0.368811
-0.904108
 -7.38255
 -2.74858
-0.731451
 0.100266
-0.362881
-0.895347
 -7.39437
 -2.74967
-0.724897
 0.108752
-0.355906
-0.890526
 -7.41457
 -2.76883
-0.723175
 0.111302
-0.363573
 -0.88771
 -7.42867
    -2.77
-0.713579
 0.109793
-0.375025
 -0.90501
 -7.45194
 -2.76906
-0.715677
0.0986456
-0.367129
-0.890539
 -7.45913
 -2.78139
 -0.72363
 0.106851
-0.364178
-0.908893
 -7.47374
 -2.78095
-0.721252
 0.108759
-0.369989
-0.893116
 -7.48506
  -2.7773
-0.728167
 0.104947
-0.358373
-0.892428
 -7.47693
 -2.76809
-0.737697
 0.112102
-0.370203
-0.899556
 -7.45416
 -2.76807
-0.722237
0.0966702
-0.358674
-0.910358
 -7.46933
 -2.77373
-0.726243
 0.108844
-0.375938
-0.889699
 -7.52286
 -2.79178
-0.718955
 0.107037
-0.368978
-0.887933
 -7.53255
 -2.79449
-0.718971
 0.110787
-0.383088
-0.889789
 -7.54494
 -2.80291
-0.725678
 0.107852
-0.357614
-0.899757
 -7.53218
 -2.79565
 -0.72138
 0.109499
-0.365979
-0.890884
 -7.53236
 -2.79544
-0.716955
 0.100862
-0.366347
-0.893273
 -7.52019
 -2.78526
-0.725218
 0.107091
-0.351389
-0.887807
 -7.51094
 -2.78115
-0.724232
  0.10606
-0.365737
-0.886473
 -7.50514
 -2.78664
-0.714335
 0.114759
-0.374075
-0.899135
 -7.50713
 -2.78816
-0.724211
  0.10467
-0.360616
-0.894987
 -7.51105
 -2.78921
-0.724075
  0.10637
-0.366795
-0.887917
 -7.49759
 -2.78424
 -0.72208
 0.109385
-0.357515
-0.885366
  -7.5126
 -2.78262
-0.719929
 0.104531
-0.365585
-0.887228
 -7.53532
 -2.79043
-0.725847
 0.110828
-0.353882
-0.911286
 -7.54713
 -2.79449
-0.722985
0.0969505
-0.353835
-0.891297
 -7.55752
 -2.80246
-0.724827
 0.103791
-0.350584
-0.880082
 -7.56389
 -2.80107
-0.714218
 0.106422
-0.368505
-0.903801
 -7.52188
 -2.78656
-0.714557
 0.104023
-0.363198
 -0.89297
 -7.50326
 -2.78722
-0.722354
 0.102012
-0.367752
-0.894845
 -7.52147
 -2.78858
-0.715807
0.0998566
-0.363911
-0.903027
-7.51568
-2.78566
-0.71622
0.107231
-0.35418
-0.91189
 -7.50266
 -2.78065
-0.719111
 0.104158
-0.359142
-0.880913
 -7.52201
 -2.78585
-0.726102
  0.10844
-0.356834
-0.901421
 -7.53669
 -2.79384
-0.718081
 0.103409
-0.364831
-0.908139
 -7.54776
 -2.79143
-0.722558
 0.100329
-0.362126
-0.903278
 -7.53628
  -2.7865
-0.721444
 0.113219
-0.363016
-0.886325
 -7.55756
 -2.80161
 -0.72013
 0.102929
-0.354363
-0.907329
 -7.56866
 -2.79863
-0.726038
 0.102433
-0.350873
-0.915911
 -7.57778
 -2.80386
-0.717572
  0.10363
-0.360499
-0.892159
 -7.57391
 -2.80265
 -0.72108
 0.109083
-0.371161
-0.896032
 -7.55674
 -2.80463
-0.714343
 0.108953
-0.367436
-0.897194
 -7.54243
 -2.79574
-0.716804
 0.104103
-0.360687
-0.892552
 -7.53906
 -2.79319
-0.720193
 0.100942
-0.365254
-0.891383
 -7.55269
  -2.7968
-0.714358
0.0975418
-0.361968
 -0.88504
 -7.52485
 -2.79122
-0.714826
 0.102867
-0.357982
-0.895013
 -7.52653
 -2.78486
-0.722973
 0.101435
 -0.36301
-0.900369
 -7.52366
 -2.78674
-0.710844
 0.107899
-0.362119
-0.906893
 -7.50616
 -2.78316
-0.721988
 0.104294
-0.365366
-0.901932
 -7.51427
 -2.79223
-0.722674
 0.103005
-0.347085
-0.894429
 -7.49844
 -2.77993
-0.714091
 0.109319
-0.357982
 -0.88602
 -7.51316
 -2.77958
-0.726576
 0.107614
-0.354183
-0.895052
 -7.54171
 -2.78971
-0.718434
 0.109631
-0.365829
-0.896434
  -7.5763
  -2.8014
-0.717088
0.0983823
 -0.35749
-0.909682
 -7.55117
 -2.79338
-0.718465
 0.108219
-0.365067
-0.903947
 -7.53535
 -2.79059
-0.718306
 0.103921
-0.354756
-0.891147
 -7.52842
 -2.79371
-0.721417
 0.104785
-0.352481
-0.884162
 -7.56027
 -2.79843
-0.722558
 0.113173
  -0.3598
-0.889184
 -7.59084
 -2.80093
-0.716973
 0.103177
-0.357483
-0.896318
 -7.55744
 -2.79341
 -0.71796
  0.10884
-0.360036
-0.873652
 -7.54486
 -2.79336
-0.714949
 0.109562
-0.353637
-0.889284
 -7.56138
 -2.80241
-0.718125
 0.107958
-0.356674
-0.898151
 -7.58505
 -2.79977
-0.719236
 0.100678
  -0.3651
-0.896032
 -7.54818
 -2.79717
-0.719387
  0.10719
-0.354835
-0.894961
 -7.56861
 -2.80734
 -0.72475
 0.106128
-0.359367
-0.903717
 -7.54435
 -2.79644
-0.723943
 0.102011
-0.351307
-0.899534
 -7.57319
 -2.79577
-0.716155
 0.113589
-0.355195
-0.891559
 -7.53205
 -2.78625
-0.715425
 0.109847
-0.356533
-0.896507
 -7.51098
 -2.78818
 -0.72187
 0.111603
-0.358959
 -0.88796
 -7.52359
 -2.78782
-0.718635
 0.105503
-0.362558
-0.895516
 -7.53477
 -2.79285
-0.724017
 0.109368
-0.358725
-0.891827
 -7.54177
 -2.79007
-0.725372
 0.105017
-0.363793
-0.900896
 -7.54953
 -2.79265
-0.726205
 0.101815
-0.361097
-0.892071
 -7.54705
 -2.79241
-0.710739
 0.112638
-0.360685
-0.893149
 -7.55797
  -2.7901
-0.720069
 0.111286
-0.347729
-0.906829
 -7.55605
 -2.79876
-0.722849
 0.112031
-0.361591
-0.896641
 -7.57148
 -2.80379
 -0.72045
 0.106941
-0.362762
-0.899553
 -7.57289
 -2.79798
-0.719473
 0.106148
-0.359492
-0.894563
 -7.57507
  -2.7977
-0.714021
 0.102561
-0.368882
-0.903277
 -7.57276
 -2.79906
-0.715119
0.0961352
-0.360453
-0.906731
 -7.57573
 -2.80356
-0.722869
 0.102896
-0.357558
-0.908185
  -7.5506
 -2.79627
-0.717259
 0.100099
-0.355044
-0.894372
 -7.55051
 -2.79605
-0.712808
 0.105485
-0.359918
-0.892057
 -7.55223
 -2.78955
-0.720873
 0.102163
-0.357144
-0.893061
  -7.5608
 -2.79753
-0.717244
0.0942724
 -0.35944
-0.898172
 -7.56065
 -2.79637
 -0.71755
 0.115585
-0.370551
-0.901826
 -7.52519
 -2.78893
-0.724422
 0.111977
-0.347316
 -0.89615
 -7.52525
 -2.78906
-0.722173
 0.110972
-0.360953
-0.898087
 -7.53739
 -2.79097
-0.716257
 0.100479
-0.358031
-0.888804
 -7.55488
 -2.79596
-0.717235
0.0972158
-0.354393
 -0.89146
  -7.5653
 -2.79464
-0.717666
 0.107163
-0.359301
 -0.90548
  -7.5714
 -2.80343
 -0.71852
 0.108335
-0.351514
-0.906836
 -7.56205
 -2.79952
-0.721978
  0.11095
-0.362738
-0.905483
  -7.5692
 -2.80488
-0.719432
 0.098826
-0.347726
-0.903265
 -7.54215
 -2.79663
-0.727417
 0.106762
-0.346877
-0.893022
 -7.53965
 -2.78898
 -0.71902
 0.111437
-0.356074
-0.903613
 -7.55076
 -2.79588
-0.720724
0.0994171
-0.357703
-0.896179
 -7.55131
 -2.79344
-0.723061
 0.101939
-0.356016
-0.894918
 -7.55756
 -2.80104
-0.723991
 0.110407
-0.354571
-0.895465
 -7.52345
 -2.78859
-0.726499
 0.103344
-0.346798
-0.889215
 -7.54198
 -2.79762
-0.718689
 0.099032
-0.357758
-0.909598
 -7.52224
 -2.78445
-0.716604
 0.106181
-0.353841
-0.887708
 -7.54815
 -2.79749
-0.724083
  0.10872
-0.360382
-0.894673
  -7.5651
 -2.79698
-0.722684
 0.100505
-0.365629
-0.883136
 -7.55928
 -2.79408
-0.723256
 0.107866
-0.356172
-0.901162
 -7.55629
  -2.7976
-0.715006
 0.110462
-0.361478
-0.885067
 -7.56541
 -2.79471
-0.719888
 0.101989
-0.355352
-0.903237
 -7.56745
 -2.79416
-0.722134
 0.114456
-0.364599
-0.897698
 -7.55347
 -2.79376
-0.720737
 0.092534
-0.352641
-0.892769
 -7.56884
  -2.7974
-0.718433
 0.105926
-0.353085
-0.888224
 -7.55556
 -2.79297
-0.718715
 0.100388
-0.361522
 -0.89882
 -7.56686
 -2.79727
-0.722943
 0.107058
-0.357423
-0.890271
 -7.55736
 -2.79338
-0.718667
 0.108852
-0.360576
-0.891978
 -7.53415
  -2.7864
-0.719042
 0.110502
-0.364304
-0.898155
    -7.52
 -2.78457
-0.717881
 0.111099
-0.350744
-0.890388
 -7.56142
 -2.79359
-0.717726
 0.106442
-0.356613
-0.900977
 -7.55097
 -2.80257
-0.720669
 0.109172
-0.356444
-0.897073
  -7.5508
 -2.79484
-0.715162
 0.106672
 -0.35841
-0.886829
 -7.52543
 -2.78845
-0.725759
 0.107451
-0.352183
-0.902528
  -7.5201
 -2.78488
-0.718009
 0.105847
-0.364604
-0.901424
 -7.52778
 -2.78635
-0.721604
 0.117804
-0.365712
-0.910165
 -7.54527
 -2.79229
-0.717634
  0.10362
 -0.35832
-0.895321
 -7.55753
 -2.80074
-0.719867
 0.109847
-0.353198
 -0.90709
 -7.55072
 -2.79581
-0.718729
 0.100564
-0.362802
-0.902963
 -7.55617
 -2.79037
-0.718605
  0.10313
-0.360489
-0.883838
 -7.56365
 -2.80126
-0.714359
 0.104161
-0.353575
-0.913776
 -7.55006
 -2.79751
-0.717806
 0.107772
-0.357647
-0.910981
 -7.55362
 -2.79233
-0.716525
 0.100225
-0.361239
-0.896596
  -7.5579
 -2.80029
-0.720407
 0.106301
-0.360881
-0.878987
 -7.56168
 -2.79309
-0.720764
 0.104837
-0.354831
-0.882278
 -7.56604
 -2.80056
-0.720495
 0.102503
-0.338911
-0.881302
  -7.5453
 -2.79296
-0.718563
0.0958458
-0.355428
-0.888801
 -7.54545
 -2.79219
-0.715409
0.0947871
-0.357636
-0.897681
 -7.51289
 -2.77986
-0.726062
 0.111258
-0.345685
-0.895653
 -7.54338
 -2.79186
-0.719617
  0.10308
 -0.35551
-0.879295
 -7.54843
 -2.79593
-0.722142
 0.108387
-0.353599
-0.898894
 -7.52678
 -2.79184
-0.719859
 0.102915
-0.357063
-0.892621
 -7.53584
  -2.7879
-0.719225
 0.105723
-0.350767
-0.906062
 -7.54198
 -2.79712
 -0.72222
 0.106448
-0.358265
-0.906894
  -7.5227
  -2.7915
-0.721012
 0.103419
-0.353631
-0.893016
 -7.53723
 -2.79045
-0.720258
 0.111918
 -0.35807
-0.904464
 -7.56013
 -2.79988
-0.715283
0.0958128
-0.360256
-0.904048
 -7.55209
 -2.78937
-0.716872
 0.108507
-0.366193
-0.902083
 -7.55545
 -2.79345
-0.719695
0.0997672
-0.352574
-0.885613
 -7.55701
 -2.80338
-0.719555
 0.109052
-0.361088
-0.894343
 -7.54509
 -2.79271
-0.714371
 0.105265
-0.359563
-0.895687
 -7.54186
 -2.78892
-0.720303
 0.106344
-0.358252
-0.905482
 -7.57137
 -2.79481
 -0.72241
 0.110463
-0.348194
-0.905061
 -7.57058
 -2.79827
-0.715393
 0.106987
-0.352043
-0.897829
 -7.54507
 -2.80094
-0.718829
 0.108255
-0.354013
-0.908678
  -7.5505
 -2.79578
-0.721369
 0.107499
 -0.35623
-0.914577
 -7.54241
  -2.7952
-0.710913
 0.103817
-0.360089
-0.895038
 -7.55236
 -2.78867
-0.713459
 0.104372
-0.372908
-0.899355
 -7.54622
  -2.7888
-0.724348
  0.10309
-0.354941
-0.884184
 -7.53524
 -2.78957
-0.715738
 0.115051
-0.353798
-0.895547
 -7.53713
  -2.7924
-0.720823
0.0987611
-0.356095
-0.884778
 -7.55993
 -2.79246
-0.720884
0.0935427
-0.344213
-0.887173
 -7.54276
 -2.79357
 -0.71436
 0.109481
-0.365189
-0.893859
 -7.52992
 -2.78684
-0.721618
 0.109157
 -0.36518
-0.910163
 -7.52737
 -2.78989
-0.718642
0.0990073
-0.358368
 -0.88249
 -7.54296
 -2.79369
-0.716461
 0.100256
-0.362251
-0.891582
 -7.54978
 -2.79026
-0.713264
  0.10465
-0.350665
 -0.88753
 -7.54001
 -2.78916
 -0.72317
0.0980244
-0.352549
-0.882937
 -7.53993
 -2.78752
-0.717082
 0.113019
-0.356825
-0.903019
 -7.51328
  -2.7783
 -0.71933
 0.110129
-0.353192
-0.888093
 -7.53578
 -2.78765
-0.726957
 0.117743
-0.351638
-0.891769
 -7.54841
  -2.7965
-0.718831
 0.102894
-0.360764
-0.901363
 -7.54766
 -2.79892
-0.718966
 0.107305
-0.355741
-0.909657
 -7.54164
 -2.79044
-0.724445
 0.105569
-0.359807
-0.889888
 -7.54085
 -2.78427
-0.717931
 0.108386
-0.348817
 -0.88331
 -7.55357
 -2.79223
-0.716525
 0.104293
 -0.35996
-0.887465
 -7.55834
 -2.79752
-0.719055
 0.107291
-0.354598
-0.910087
 -7.53051
  -2.7835
-0.720567
 0.118732
-0.363138
-0.899526
  -7.5241
 -2.78502
-0.721337
 0.109279
-0.348161
-0.887757
 -7.57317
 -2.80529
-0.720869
 0.103144
-0.352996
-0.905049
 -7.55595
 -2.79009
-0.716859
 0.110465
-0.356036
-0.895507
 -7.54336
 -2.79159
-0.723502
 0.108315
-0.365371
-0.899236
 -7.52961
 -2.78755
-0.717149
 0.108453
-0.351136
-0.906749
  -7.5372
 -2.78339
-0.715605
0.0976142
 -0.35802
 -0.88308
 -7.57139
 -2.79524
-0.716689
 0.105178
-0.356148
-0.898393
 -7.55742
 -2.80198
-0.717252
 0.106587
-0.362575
-0.884551
 -7.55339
 -2.80095
-0.717518
 0.109878
-0.359281
-0.893834
 -7.53523
 -2.79084
-0.725688
 0.108386
 -0.35447
-0.893267
 -7.53565
 -2.78873
-0.720305
 0.109833
-0.361189
-0.899153
  -7.5348
 -2.79205
-0.723677
 0.112199
-0.359006
-0.905289
 -7.52615
 -2.78537
 -0.71908
  0.10486
-0.347676
-0.887821
 -7.52044
 -2.78409
-0.719163
0.0975536
-0.353735
-0.894514
 -7.54412
 -2.78841
 -0.71658
 0.103817
-0.353057
 -0.88018
 -7.55444
 -2.79757
-0.722218
 0.102371
-0.363424
 -0.90316
 -7.53601
 -2.78799
-0.718852
 0.103622
-0.358771
 -0.88288
 -7.54386
 -2.78971
-0.714564
0.0995397
-0.359749
-0.896711
 -7.54263
 -2.79416
-0.715792
 0.104778
-0.358064
-0.908111
 -7.56138
  -2.8024
-0.718584
 0.109921
 -0.36421
-0.893328
 -7.56017
 -2.79906
-0.714224
  0.10268
-0.358845
-0.894641
 -7.55433
 -2.79784
-0.718636
 0.102131
-0.356592
-0.890012
 -7.54712
 -2.79288
-0.720093
 0.108807
-0.361366
-0.895168
 -7.55771
 -2.79191
-0.716836
 0.105437
-0.358708
-0.898335
 -7.55864
 -2.79675
 -0.71331
 0.104313
-0.366002
-0.900396
  -7.5431
 -2.79308
-0.727866
 0.106577
-0.363432
-0.895213
 -7.53656
 -2.79447
-0.724302
 0.103449
-0.357366
-0.887888
 -7.54556
 -2.79029
 -0.71487
 0.109876
-0.367012
-0.907968
 -7.56334
 -2.79446
-0.724718
 0.107193
-0.358686
-0.905315
 -7.54211
 -2.79685
-0.720039
 0.100732
-0.352537
-0.902529
 -7.52393
 -2.78659
-0.721458
 0.102673
-0.362337
-0.899408
 -7.54405
 -2.79713
-0.715614
 0.101491
-0.356001
-0.904834
 -7.55743
 -2.79394
-0.717819
0.0972396
-0.360165
-0.899191
 -7.54959
 -2.79173
-0.727742
  0.10663
-0.350964
-0.882861
  -7.5552
 -2.79391
-0.712208
 0.105593
-0.371542
-0.894737
 -7.55252
 -2.79632
-0.725744
 0.105612
-0.347386
-0.903252
 -7.52207
 -2.78455
-0.719512
  0.11099
-0.356086
-0.903632
 -7.54049
 -2.78633
-0.717018
 0.102271
-0.359409
-0.897709
 -7.55048
 -2.78744
-0.716856
 0.108586
-0.360366
-0.887873
 -7.55127
  -2.7939
-0.717816
0.0976153
-0.368147
-0.899585
 -7.54483
   -2.794
-0.714348
 0.104881
-0.363512
-0.889311
 -7.54672
 -2.79517
 -0.72797
 0.103109
-0.355005
-0.902966
 -7.55385
 -2.79062
-0.714615
 0.103008
-0.349411
-0.894093
 -7.54178
 -2.79676
-0.718149
 0.114941
-0.358504
  -0.9116
 -7.53533
  -2.7898
-0.720298
 0.110634
-0.352693
-0.895452
 -7.54972
 -2.79155
 -0.72121
 0.100071
-0.360336
-0.894211
 -7.56004
 -2.79956
-0.721032
  0.10898
-0.366225
-0.896539
 -7.56739
 -2.79581
-0.721128
0.0946136
-0.353811
-0.898961
 -7.55275
 -2.78703
-0.721491
 0.106819
-0.364325
-0.896172
 -7.55403
 -2.79025
-0.715591
 0.104422
-0.360526
-0.886533
 -7.55452
 -2.79559
-0.716065
 0.108604
-0.349342
-0.916907
 -7.55784
 -2.80037
-0.723153
 0.106115
-0.360234
-0.892701
 -7.55815
 -2.79939
-0.717919
0.0943105
-0.354362
-0.913337
 -7.54565
 -2.79037
-0.717162
 0.104694
-0.363198
-0.910309
 -7.54349
  -2.7911
-0.716817
 0.102986
-0.361761
-0.894928
 -7.55078
 -2.79634
-0.719861
0.0918711
-0.356014
-0.894261
  -7.5407
 -2.78586
-0.720312
 0.100646
-0.358033
-0.892757
 -7.54891
 -2.79464
-0.720421
0.0978211
-0.357923
 -0.91652
 -7.53769
 -2.79038
-0.719946
0.0939041
-0.353908
-0.886215
  -7.5478
 -2.79096
-0.721168
0.0987617
-0.355091
-0.889785
 -7.56356
 -2.80287
-0.720713
0.0991826
-0.354815
-0.888948
 -7.52798
 -2.78594
-0.721569
 0.109078
-0.347088
 -0.89466
 -7.53762
  -2.7895
 -0.71245
 0.104162
-0.367782
-0.897168
 -7.52895
 -2.79005
-0.714964
 0.111881
-0.359481
-0.907813
 -7.53051
 -2.78546
-0.723501
0.0994439
-0.353586
-0.884585
  -7.5518
 -2.79099
 -0.72599
 0.105437
-0.358509
 -0.90499
 -7.56359
 -2.79308
-0.714648
 0.103908
-0.352101
-0.898584
 -7.53227
 -2.78576
-0.723728
 0.105994
-0.345379
-0.891721
 -7.53486
 -2.79227
-0.720278
 0.101976
-0.346801
 -0.90146
 -7.54855
 -2.79519
 -0.71121
 0.103458
-0.352246
-0.899221
 -7.55718
 -2.79344
-0.711245
 0.109965
-0.360178
  -0.8948
  -7.5515
 -2.79243
-0.717877
 0.101131
-0.359022
-0.894653
 -7.55516
 -2.79468
 -0.71994
0.0984261
-0.353028
-0.890807
  -7.5635
 -2.80226
-0.722193
 0.105809
-0.353019
-0.902427
 -7.52813
 -2.78546
-0.722812
 0.108577
-0.350944
-0.901078
 -7.51448
 -2.78275
-0.723857
   0.1001
-0.346843
-0.896909
 -7.53664
 -2.78533
-0.724906
 0.107341
-0.367817
-0.896943
 -7.53196
 -2.78706
-0.723854
 0.104623
-0.345964
-0.901502
 -7.56235
 -2.78949
 -0.71136
 0.109002
-0.367397
-0.894355
  -7.5444
 -2.79572
-0.723553
 0.106766
-0.358984
  -0.9036
 -7.53545
 -2.78982
-0.720101
 0.106607
-0.353432
 -0.88625
  -7.5414
  -2.7911
-0.728296
 0.104712
-0.350749
-0.908729
  -7.5568
 -2.79644
-0.715392
 0.100673
 -0.36824
-0.891092
 -7.53601
 -2.78773
-0.716819
 0.101926
-0.352301
-0.887718
 -7.53621
 -2.78661
-0.717125
 0.105164
 -0.36006
-0.900619
 -7.54893
 -2.79376
-0.714757
  0.10696
-0.366294
-0.906941
 -7.53767
 -2.78857
-0.719406
 0.113955
-0.366305
  -0.9033
 -7.54402
 -2.79716
-0.717678
 0.105361
-0.353526
-0.891094
  -7.5306
  -2.7835
-0.720648
 0.114704
-0.364152
-0.899486
 -7.50978
 -2.78481
-0.720302
 0.104228
-0.352543
-0.889235
 -7.52503
 -2.79012
 -0.72467
 0.106632
-0.348514
-0.892138
 -7.53784
 -2.78761
-0.720473
 0.111827
-0.345744
-0.896699
 -7.55215
 -2.79743
-0.723559
 0.108496
 -0.34775
-0.903931
 -7.54364
 -2.79009
-0.723832
 0.106837
-0.353764
-0.905837
 -7.52266
 -2.78242
-0.716095
 0.106326
-0.354684
-0.895935
 -7.53444
 -2.79366
-0.720437
 0.106544
-0.354043
-0.911048
 -7.55002
 -2.79825
-0.721098
 0.104826
 -0.35632
-0.897476
 -7.53113
 -2.78966
-0.713771
 0.108171
-0.350002
-0.903222
 -7.53706
 -2.79211
-0.726917
 0.106911
-0.359851
-0.897967
 -7.54897
 -2.79309
-0.718119
 0.111519
-0.355231
-0.902294
  -7.5378
 -2.78864
-0.723792
  0.10668
-0.353629
-0.901262
 -7.53564
 -2.78854
-0.715989
 0.111181
-0.367212
-0.901382
 -7.53703
 -2.79002
-0.716263
 0.119464
-0.354543
-0.911576
 -7.55209
 -2.78918
 -0.71719
  0.10663
-0.358667
-0.906891
 -7.53521
 -2.79105
-0.718041
 0.101385
-0.356224
-0.900604
 -7.54159
 -2.78938
-0.719436
 0.111848
-0.357427
-0.905854
 -7.52756
 -2.78917
-0.717695
0.0977833
 -0.35925
-0.882174
 -7.52871
 -2.79177
-0.723644
  0.10975
-0.355287
-0.899154
  -7.5239
 -2.78667
 -0.71351
0.0987823
-0.358771
 -0.89086
 -7.54719
 -2.79267
-0.718088
 0.103063
-0.356041
-0.904553
 -7.54715
 -2.79263
-0.718321
 0.102101
-0.352548
-0.916125
 -7.55053
 -2.78678
-0.718288
  0.11023
-0.355681
-0.899139
 -7.53575
  -2.7885
-0.718237
 0.104098
 -0.35573
-0.903955
 -7.53981
 -2.78908
-0.721634
 0.103196
-0.357179
-0.908086
 -7.53269
 -2.78441
-0.719359
   0.1006
-0.353241
-0.897845
 -7.53159
 -2.78953
-0.716817
0.0972619
-0.363088
-0.895525
 -7.54105
 -2.78364
-0.714938
  0.10519
-0.359841
-0.896503
 -7.53887
 -2.79296
-0.725717
 0.105883
-0.349674
-0.894029
 -7.54335
 -2.79117
-0.721243
 0.109739
-0.353584
-0.888188
 -7.53868
 -2.79353
-0.712397
 0.100703
-0.353727
-0.901765
 -7.51623
 -2.78353
-0.718457
 0.101343
 -0.34686
-0.906543
 -7.52341
 -2.78028
 -0.71854
0.0986009
-0.364101
-0.908081
  -7.5444
 -2.79573
 -0.72122
 0.108863
-0.367574
-0.898814
 -7.54542
  -2.7908
-0.715971
 0.109237
-0.358332
-0.903928
 -7.52099
 -2.78175
 -0.72382
  0.09989
-0.350989
-0.893225
 -7.52637
 -2.78456
-0.721919
 0.105747
-0.363461
-0.914172
 -7.51347
 -2.78669
 -0.72364
  0.10696
-0.357062
-0.891612
 -7.52612
 -2.78602
-0.715816
 0.100312
-0.358742
-0.892466
 -7.52694
 -2.78973
-0.717021
 0.117267
-0.363462
-0.896177
 -7.52719
 -2.78975
-0.721232
 0.105012
 -0.34776
-0.887344
 -7.52882
 -2.79192
-0.725733
 0.105517
-0.355102
-0.894507
 -7.53015
  -2.7851
-0.715027
 0.115178
-0.366767
-0.900498
 -7.53074
 -2.78263
-0.721845
 0.113515
-0.347627
-0.899643
  -7.5336
 -2.78881
-0.719306
 0.106869
-0.361175
-0.901786
 -7.53456
   -2.792
-0.713762
 0.117531
-0.358516
-0.903599
 -7.54544
 -2.79096
-0.720388
   0.1079
-0.352312
-0.901696
 -7.55303
 -2.79483
-0.719199
0.0954279
-0.353554
-0.911772
 -7.53439
 -2.78705
-0.722397
0.0925832
-0.354713
-0.891758
 -7.53651
 -2.79359
-0.711433
 0.101763
-0.352834
 -0.90902
   -7.508
 -2.78398
-0.719444
 0.102343
-0.368962
-0.904504
 -7.52052
 -2.79183
-0.722433
 0.107155
-0.363116
-0.897603
 -7.53481
 -2.79166
-0.719425
   0.1107
-0.353595
-0.910156
 -7.52968
 -2.78793
-0.719326
 0.108025
-0.366287
-0.901639
 -7.52945
  -2.7883
-0.720516
 0.109519
-0.349065
-0.902449
 -7.53325
 -2.79055
-0.718104
 0.101012
-0.355014
-0.902937
 -7.53079
 -2.79163
-0.720407
 0.110959
-0.366372
-0.905471
 -7.54519
  -2.7929
-0.717068
0.0969849
-0.361072
-0.913911
  -7.5336
 -2.78945
-0.718096
 0.100226
-0.363377
-0.902054
 -7.51739
 -2.78744
-0.721391
    0.106
-0.353009
-0.891788
 -7.54858
 -2.79474
-0.712541
 0.107944
-0.358991
-0.907852
 -7.54383
 -2.79742
-0.717964
 0.113176
-0.368255
-0.904417
  -7.5283
 -2.78527
-0.716073
 0.102027
-0.360044
-0.903264
 -7.50447
  -2.7814
-0.716965
 0.101287
-0.358944
-0.885898
 -7.49689
 -2.77796
-0.712851
 0.102491
-0.359812
-0.896844
 -7.52274
  -2.7907
-0.718164
 0.107372
-0.358735
-0.904105
 -7.54812
 -2.79769
-0.719067
 0.100596
-0.357451
-0.908964
 -7.51849
 -2.78267
-0.724123
  0.10907
-0.359912
-0.907357
 -7.52145
 -2.77984
 -0.71855
0.0991784
-0.366657
-0.908008
 -7.50907
 -2.77785
-0.718577
 0.115827
-0.353849
-0.895308
 -7.53443
 -2.78497
-0.719467
 0.110946
-0.360231
-0.899938
 -7.51625
 -2.79199
-0.722518
 0.108147
  -0.3561
-0.900744
 -7.53206
  -2.7951
-0.719049
 0.108165
-0.360589
-0.900359
 -7.52726
 -2.78951
-0.722677
  0.10734
-0.363453
-0.904873
  -7.5441
  -2.7879
-0.718321
 0.107345
-0.356446
-0.904963
 -7.53764
 -2.78064
-0.724203
 0.107317
-0.356592
-0.906582
 -7.52366
 -2.78721
-0.722677
 0.107966
-0.360449
-0.899757
 -7.50539
 -2.77778
-0.721582
0.0999789
-0.353127
-0.886364
 -7.51556
 -2.78555
-0.717265
 0.113304
-0.360531
 -0.90253
 -7.53933
 -2.79105
 -0.72045
 0.105172
-0.365342
-0.908812
 -7.53665
 -2.78556
 -0.72356
 0.100014
-0.349504
-0.886366
 -7.52789
 -2.78589
-0.715128
  0.11344
-0.366006
-0.908029
  -7.5243
 -2.78393
-0.724051
 0.111385
-0.351098
-0.903033
 -7.53443
 -2.78601
-0.717253
0.0938557
-0.349575
-0.910097
 -7.51578
 -2.78556
-0.714711
 0.106379
-0.367106
-0.890914
 -7.50399
  -2.7829
-0.721497
 0.108564
-0.359019
-0.888708
 -7.52403
 -2.78503
-0.721824
  0.10927
-0.348706
-0.906083
 -7.52351
  -2.7869
 -0.71859
 0.111432
-0.358199
-0.916002
 -7.53243
 -2.78537
-0.722952
 0.103526
-0.359377
-0.911646
 -7.52945
 -2.77971
-0.717524
 0.111955
-0.365397
-0.904847
 -7.50965
 -2.78544
-0.716985
 0.103711
-0.362597
-0.893917
 -7.51115
 -2.78648
-0.722839
 0.113258
-0.342717
-0.901577
  -7.5182
 -2.77556
-0.724119
 0.103635
-0.343413
-0.893248
  -7.5234
 -2.78747
-0.719395
 0.111747
-0.353013
-0.900392
 -7.52653
  -2.7929
-0.715895
0.0979089
-0.361054
-0.911581
 -7.51145
 -2.78629
-0.721586
 0.109618
-0.368615
  -0.9005
 -7.51633
 -2.78257
-0.718653
 0.111474
-0.364904
-0.912262
 -7.52538
  -2.7886
-0.718033
 0.105482
 -0.35629
-0.893744
 -7.51144
 -2.78555
-0.727151
 0.116132
-0.347678
 -0.89151
 -7.52364
 -2.78658
-0.723977
 0.114604
-0.358382
-0.904071
 -7.51402
 -2.78419
-0.726025
  0.10853
-0.351608
-0.892759
 -7.51381
 -2.78547
-0.711532
0.0976508
-0.361763
-0.902937
 -7.51783
 -2.78526
-0.721772
 0.113436
-0.372022
-0.906018
 -7.52532
 -2.78864
-0.715968
 0.107562
-0.365287
-0.902706
 -7.52214
 -2.78529
-0.718331
 0.101255
-0.363201
-0.906037
 -7.52303
 -2.78942
-0.718125
 0.108737
-0.358285
-0.898905
 -7.53547
 -2.78973
-0.713571
 0.105983
-0.369461
-0.897406
 -7.50465
  -2.7802
 -0.71929
 0.106491
 -0.35656
-0.885291
 -7.50246
 -2.78922
-0.719269
 0.106939
-0.364811
-0.903195
 -7.52687
 -2.78141
-0.715369
 0.110256
-0.353433
-0.911113
 -7.51724
 -2.77945
-0.721804
 0.106636
-0.355971
-0.897107
 -7.52465
 -2.78329
-0.720655
 0.103199
-0.358957
-0.904851
 -7.51772
 -2.78617
-0.719294
 0.104452
-0.358802
-0.897921
 -7.51248
 -2.79029
-0.717099
  0.10939
-0.368245
-0.907098
 -7.51931
 -2.77843
-0.717744
  0.11278
-0.358518
 -0.91258
  -7.5307
 -2.78307
-0.714026
 0.109349
-0.360809
-0.904346
 -7.50009
 -2.78147
-0.717238
 0.105364
-0.347287
-0.896066
 -7.51665
 -2.78144
-0.723035
 0.111502
-0.358434
-0.904831
 -7.53091
 -2.79048
-0.714958
 0.111305
-0.356926
-0.907887
 -7.54214
 -2.78911
-0.720261
0.0961428
-0.368819
-0.900555
 -7.50498
 -2.77909
-0.724035
 0.101502
-0.347877
 -0.89856
 -7.50899
 -2.77907
-0.724247
 0.111423
-0.364711
-0.906602
 -7.51139
 -2.77805
-0.721709
 0.107431
-0.359603
-0.890128
  -7.5013
 -2.77745
 -0.72273
 0.100483
-0.349695
-0.886759
 -7.53277
 -2.79211
-0.722585
  0.10924
-0.358855
-0.903341
 -7.52586
 -2.78628
 -0.71834
 0.111029
  -0.3675
-0.903621
 -7.49793
 -2.77466
-0.721647
0.0977113
-0.356381
-0.885646
 -7.51156
 -2.78509
-0.716251
 0.109003
-0.355539
-0.909906
 -7.50606
 -2.78279
-0.722936
 0.105581
-0.352921
-0.904596
 -7.49886
 -2.78735
-0.721572
 0.105229
 -0.36956
-0.902365
 -7.47994
 -2.78034
-0.726214
 0.103588
-0.370523
-0.905575
  -7.4548
 -2.76268
-0.715673
  0.11212
 -0.36337
-0.910297
 -7.42646
 -2.75093
-0.702369
 0.111566
-0.365764
-0.901866
 -7.38409
 -2.74687
-0.722467
 0.116301
-0.358089
-0.897268
 -7.32097
 -2.71814
-0.733307
 0.108117
-0.366268
-0.903994
 -7.26055
 -2.74405
-0.714777
 0.110982
-0.374313
-0.912304
 -7.21057
  -2.6839
-0.710014
  0.11456
-0.372929
-0.913341
 -7.17424
 -2.70581
-0.697321
 0.104232
-0.376518
-0.921473
 -7.09737
 -2.65631
-0.740766
 0.109991
-0.358122
-0.928576
 -7.02971
 -2.67091
-0.726919
 0.100874
-0.364229
-0.927838
 -6.97502
 -2.63057
-0.736693
  0.11662
-0.376714
-0.951144
 -6.89749
 -2.64418
-0.761646
 0.115824
-0.366789
-0.949537
   -6.863
 -2.59581
-0.712039
 0.110128
-0.377514
-0.954089
 -6.79172
 -2.56613
-0.743379
 0.120593
-0.389681
-0.951037
 -6.68331
 -2.56818
-0.728459
 0.117737
-0.375101
-0.975256
 -6.65008
 -2.57966
-0.746685
 0.109672
-0.395264
-0.966557
 -6.59336
 -2.54023
  -0.7704
 0.118239
-0.388216
-0.972028
 -6.52757
  -2.5184
 -0.71417
 0.116277
-0.395015
-0.981718
 -6.46721
 -2.48503
-0.700344
 0.118706
-0.413758
 -0.97547
 -6.37751
 -2.49874
-0.742881
 0.121247
-0.422905
-0.984896
 -6.32779
 -2.48693
 -0.69559
 0.124809
-0.419841
-0.994821
 -6.27187
 -2.47376
-0.766551
 0.131751
-0.428129
 -0.97708
 -6.21002
 -2.42961
-0.754492
 0.124636
-0.426512
-0.987313
 -6.11002
 -2.39598
-0.718848
 0.128975
-0.454072
-0.988783
 -6.04758
 -2.41568
-0.742725
 0.124332
 -0.44446
-0.995034
 -5.98793
 -2.37045
-0.733869
 0.126412
-0.443882
-0.985837
 -5.90695
  -2.3701
-0.743316
 0.137824
-0.440026
 -1.00151
 -5.86028
 -2.34742
-0.704251
 0.134042
-0.463793
 -1.00669
  -5.7787
 -2.29114
-0.746493
 0.140315
-0.442195
 -1.01385
  -5.7082
  -2.3183
-0.741362
 0.132433
-0.446778
 -1.01191
 -5.63418
 -2.32482
-0.754916
  0.13441
-0.444884
 -1.04594
 -5.54778
 -2.23602
-0.751579
 0.139163
 -0.44681
 -1.03549
 -5.47765
 -2.26925
-0.733203
 0.134147
-0.458209
 -1.03002
 -5.39781
  -2.1961
-0.728657
 0.133885
-0.456208
 -1.02634
 -5.34918
 -2.20891
-0.739603
 0.138089
-0.459919
 -1.04186
 -5.28123
 -2.21555
-0.743328
 0.138003
-0.454699
 -1.05302
 -5.17544
  -2.1746
-0.765032
 0.135623
-0.454478
  -1.0474
 -5.09631
 -2.13925
-0.729189
  0.13655
-0.448813
 -1.06083
 -5.07804
 -2.13054
-0.745399
 0.132368
-0.461428
 -1.07132
 -4.97115
 -2.10957
-0.750439
 0.138839
-0.452133
 -1.05815
 -4.92295
 -2.07692
-0.727867
 0.133964
-0.453665
 -1.07489
 -4.87816
 -2.12217
-0.702658
 0.144356
-0.456007
 -1.09345
 -4.81403
 -2.06084
 -0.69676
 0.147125
-0.469989
 -1.09277
 -4.74175
 -2.04679
-0.759598
 0.135097
-0.456025
 -1.08017
 -4.66511
  -2.0369
-0.739191
 0.133305
-0.459476
 -1.08779
 -4.59775
 -2.02431
-0.762012
 0.139535
-0.449167
 -1.09346
 -4.56246
 -2.03127
-0.731122
 0.135824
 -0.44739
 -1.10953
 -4.49314
 -1.96268
 -0.68602
 0.148636
-0.449727
 -1.10639
  -4.4196
 -1.97208
 -0.76107
 0.136991
-0.448041
 -1.11284
 -4.35874
  -1.9547
-0.721569
 0.151879
-0.450392
 -1.11392
 -4.29389
 -1.95851
-0.721233
 0.137175
-0.473051
 -1.13628
-4.22759
-1.94253
-0.74941
0.137425
-0.44898
-1.12454
  -4.1697
 -1.87326
-0.751521
 0.149476
-0.459491
 -1.11919
 -4.11606
 -1.90375
-0.687037
 0.148915
-0.476178
 -1.13822
 -4.02359
 -1.84475
-0.747479
  0.14289
-0.467645
 -1.12307
 -3.98073
 -1.86476
-0.708574
 0.147684
-0.473027
 -1.15088
 -3.91977
 -1.82937
-0.777944
 0.142082
-0.471937
 -1.13986
 -3.85014
 -1.87209
-0.687215
 0.147892
-0.465988
 -1.14123
  -3.7471
 -1.78518
-0.710014
 0.154739
-0.476306
 -1.15002
 -3.69854
 -1.81789
-0.755623
 0.146734
-0.483739
 -1.16345
 -3.63965
 -1.74916
-0.694612
 0.150401
-0.478393
 -1.14879
 -3.59103
  -1.7959
-0.698917
 0.150457
 -0.48155
 -1.15305
 -3.51125
 -1.74292
-0.745635
 0.145115
-0.482255
 -1.16938
 -3.44282
 -1.73383
-0.733444
 0.146452
-0.474132
 -1.17866
  -3.3871
 -1.74012
-0.708477
 0.156006
-0.491876
 -1.16372
 -3.34236
 -1.65941
-0.722063
  0.15873
-0.491097
 -1.17651
 -3.28063
   -1.709
-0.709181
 0.150601
-0.488181
 -1.18484
 -3.21333
  -1.6041
-0.744298
 0.154813
-0.493154
 -1.15295
 -3.14877
 -1.68941
-0.714452
 0.157694
-0.490254
 -1.16778
 -3.10275
 -1.65622
-0.699152
 0.154077
-0.488777
 -1.16785
 -3.04534
 -1.59502
 -0.71683
 0.155236
-0.499742
 -1.17441
 -3.01094
 -1.65003
 -0.69178
  0.15535
-0.500034
 -1.19408
  -2.9373
 -1.58599
-0.679277
 0.150197
-0.495205
 -1.17373
 -2.89235
 -1.60153
-0.709073
 0.156646
-0.499843
 -1.19365
 -2.88213
 -1.58218
 -0.68886
  0.15369
-0.485498
 -1.18977
 -2.83562
 -1.56234
-0.735024
 0.161124
-0.492113
 -1.18074
 -2.75782
 -1.59198
-0.704732
 0.153605
-0.484734
 -1.18735
 -2.64756
 -1.51913
-0.769689
 0.167423
-0.489243
    -1.19
  -2.6901
  -1.5711
-0.723614
 0.169974
-0.481098
 -1.19146
 -2.63693
 -1.54245
-0.707006
 0.161075
-0.493714
 -1.19623
 -2.59344
 -1.50136
-0.737208
 0.160524
-0.493625
 -1.18962
 -2.54015
 -1.52349
-0.715277
 0.157767
-0.484371
 -1.19406
 -2.53994
  -1.5148
 -0.70264
 0.159651
-0.493725
 -1.20416
  -2.4886
 -1.50555
-0.725987
 0.163363
-0.494226
 -1.19532
 -2.47064
 -1.50158
-0.675622
 0.154977
-0.508498
 -1.18639
 -2.43563
 -1.45955
-0.728872
 0.160142
-0.493856
 -1.20068
 -2.40006
 -1.45873
-0.704576
  0.17049
-0.496742
 -1.21712
 -2.34926
 -1.52451
-0.715324
 0.163686
-0.494312
 -1.21202
   -2.358
 -1.44582
-0.717044
 0.165045
-0.506353
 -1.20355
 -2.34714
  -1.4298
-0.685253
  0.15678
-0.506999
 -1.20139
 -2.26493
 -1.43716
-0.737204
 0.172955
 -0.50015
 -1.20273
 -2.24448
 -1.52109
 -0.68349
 0.163072
-0.524387
 -1.20053
 -2.21621
 -1.39993
-0.720435
  0.15472
 -0.50437
 -1.20338
 -2.20213
 -1.38847
-0.715387
 0.160732
-0.491163
 -1.21193
 -2.16776
 -1.46139
-0.703898
 0.167242
-0.509022
 -1.22017
  -2.1463
 -1.41581
-0.727327
 0.155524
-0.508121
 -1.19791
  -2.1358
 -1.36376
-0.711106
 0.160446
-0.498228
 -1.19441
 -2.12117
 -1.42287
-0.677556
 0.164585
-0.518692
 -1.19267
 -2.10189
 -1.41048
-0.717401
 0.160682
-0.518651
 -1.21219
 -2.07515
 -1.35706
-0.711246
  0.16965
-0.507766
 -1.20025
 -2.04688
 -1.38622
-0.663312
 0.167106
 -0.51668
 -1.20113
-2.01558
-1.39768
-0.70435
0.168944
-0.51699
-1.21252
 -1.98779
  -1.4171
-0.674437
 0.167186
  -0.5156
 -1.20593
 -1.96933
 -1.34188
-0.728486
 0.160609
-0.498131
 -1.20494
 -1.94371
 -1.40159
-0.663806
 0.164527
-0.510816
 -1.20452
 -1.95897
 -1.37433
-0.715522
 0.169727
-0.507845
 -1.21938
  -1.9334
 -1.34413
-0.724879
 0.166037
 -0.49472
 -1.19219
 -1.93247
  -1.3898
-0.670651
 0.153476
-0.512886
 -1.19532
 -1.93589
 -1.36722
-0.710166
 0.165328
-0.499236
 -1.21723
 -1.87705
 -1.33666
-0.700844
 0.161314
-0.502168
  -1.2011
 -1.88741
 -1.37212
-0.747857
 0.169241
-0.492229
 -1.21419
 -1.85084
   -1.382
-0.658587
 0.171906
 -0.51709
 -1.22043
 -1.83336
 -1.32554
-0.654953
 0.170491
-0.508806
 -1.20366
 -1.78777
 -1.34032
-0.744312
  0.15305
-0.495875
 -1.19989
  -1.7998
 -1.33687
 -0.66571
 0.163735
-0.512547
 -1.21207
 -1.80083
 -1.32682
-0.697123
 0.150487
-0.507175
 -1.20349
 -1.78844
 -1.33433
-0.707125
 0.162668
-0.504081
 -1.20349
 -1.77062
 -1.33974
-0.715806
 0.163397
-0.496525
 -1.20787
 -1.74177
 -1.30286
-0.692496
 0.168178
-0.487319
 -1.19341
 -1.77499
 -1.34659
-0.703446
 0.163516
-0.514333
 -1.20369
  -1.7457
 -1.34607
-0.690371
  0.16366
-0.485533
 -1.21788
 -1.70342
 -1.25494
-0.684081
 0.172072
-0.492262
 -1.19408
 -1.66035
 -1.35865
-0.736015
 0.166925
-0.478803
 -1.20378
 -1.68412
  -1.3714
 -0.71666
 0.163019
-0.503164
 -1.21611
 -1.72209
 -1.28748
-0.639304
 0.159923
-0.497169
 -1.19539
 -1.75303
 -1.32411
-0.706545
 0.172107
 -0.49435
 -1.21667
 -1.77628
 -1.36521
-0.697233
 0.165252
-0.504709
 -1.22396
 -1.80222
 -1.30956
-0.681716
 0.163286
-0.502454
 -1.18898
 -1.83907
 -1.35327
-0.663732
 0.158125
-0.502261
 -1.20828
 -1.80667
 -1.36037
-0.706762
 0.160721
-0.487193
 -1.19521
  -1.8238
 -1.27232
-0.695276
 0.159283
-0.495175
 -1.19356
 -1.84506
 -1.37844
-0.661715
 0.170112
-0.503659
 -1.21686
 -2.02086
 -1.39199
 -0.71118
 0.153743
-0.487337
 -1.20033
 -2.08398
 -1.39534
-0.704574
 0.160559
-0.491031
 -1.19694
 -2.13023
 -1.44459
-0.742232
 0.161432
-0.472421
 -1.21068
 -2.17178
 -1.39078
-0.686671
 0.162149
-0.484766
 -1.19463
 -2.23638
 -1.49348
-0.710406
 0.161744
-0.482242
 -1.18781
 -2.32384
 -1.50787
-0.699131
 0.157652
-0.479921
 -1.18725
 -2.34736
 -1.42514
-0.651136
 0.160219
-0.490024
 -1.19173
 -2.46351
 -1.51823
-0.645684
 0.159796
-0.491433
 -1.19648
 -2.49005
 -1.51375
-0.683438
 0.153386
-0.486278
 -1.17328
 -2.56559
 -1.51555
-0.652119
 0.168539
-0.479771
  -1.1673
 -2.66457
 -1.58685
-0.637129
 0.154426
-0.486895
 -1.15976
 -2.77327
 -1.53588
-0.717991
 0.151731
 -0.47224
 -1.12391
 -2.82285
  -1.6123
-0.708403
 0.146238
-0.456433
 -1.16183
 -2.92927
   -1.617
-0.704036
 0.151341
-0.459852
 -1.15395
 -2.98937
 -1.60762
-0.690128
 0.150107
-0.461545
 -1.15012
 -3.09399
 -1.71624
-0.723233
 0.141033
-0.435229
 -1.14185
 -3.14359
 -1.65472
 -0.67107
 0.136273
-0.436256
   -1.147
  -3.1898
 -1.67049
-0.718464
 0.147279
-0.417969
 -1.14253
 -3.37247
 -1.79036
-0.752752
 0.145589
-0.419182
 -1.15445
 -3.47981
 -1.74617
-0.656793
 0.132997
-0.426385
 -1.12621
 -3.62444
 -1.80869
-0.714054
 0.145062
-0.405319
 -1.13139
 -3.68072
  -1.8337
  -0.7028
 0.134024
-0.412904
  -1.1229
 -3.76194
 -1.83979
-0.673043
 0.129253
-0.406291
 -1.12039
 -3.86993
 -1.91585
-0.669811
 0.129096
 -0.39854
 -1.11385
 -3.95506
 -1.89092
 -0.68563
 0.123461
-0.388076
 -1.08705
 -4.16035
 -1.93968
-0.664411
 0.132713
-0.375658
 -1.06665
  -4.2175
 -2.00349
-0.652736
 0.129939
-0.398805
 -1.07097
 -4.39337
 -1.97267
-0.688796
  0.11989
-0.370062
 -1.03938
 -4.54944
 -2.04538
-0.657823
 0.126105
-0.386428
 -1.03997
 -4.66837
 -2.10932
-0.642616
  0.12794
-0.369733
 -1.02972
 -4.71101
 -2.09962
-0.697293
  0.11578
-0.355933
 -1.01988
 -4.81919
  -2.1382
-0.644146
 0.117742
 -0.36851
 -1.00238
 -4.96427
 -2.15293
-0.613422
 0.120144
-0.359521
-0.984948
 -5.09286
 -2.20009
-0.697616
 0.110061
-0.345535
-0.976078
 -5.20098
 -2.23798
-0.638076
 0.113729
-0.349378
-0.979657
 -5.27356
 -2.28816
-0.618098
 0.112708
-0.344177
-0.972924
 -5.41073
 -2.30714
 -0.67203
 0.102165
-0.331645
-0.958543
 -5.51204
 -2.32145
-0.639748
 0.117987
-0.324176
-0.953116
 -5.60904
 -2.38488
-0.643653
 0.101218
-0.323701
-0.925107
 -5.62876
 -2.32876
-0.641151
 0.103373
-0.315369
-0.931609
 -5.66424
 -2.44659
 -0.64636
 0.113182
-0.289643
-0.925868
 -5.72597
 -2.35418
-0.607021
 0.100272
 -0.31888
-0.920018
 -5.86394
 -2.41724
-0.596746
0.0946247
-0.298011
-0.909531
 -5.94944
  -2.5012
-0.622111
 0.100566
-0.301705
-0.911892
 -5.95813
 -2.38818
-0.625375
 0.103082
-0.283147
-0.865323
  -6.0403
 -2.56253
-0.638151
0.0996126
-0.267836
-0.916314
 -6.06425
 -2.53184
-0.607602
0.0924381
-0.280061
-0.886679
 -6.17953
 -2.50884
-0.612127
 0.092715
-0.262524
-0.869672
 -6.17681
 -2.56322
-0.630535
0.0969976
-0.265016
-0.878098
 -6.22501
 -2.51569
-0.582337
0.0917982
-0.269131
-0.884667
 -6.28853
 -2.58028
-0.609964
0.0840857
 -0.24965
-0.888279
 -6.33735
 -2.58947
-0.539671
0.0819565
-0.248287
-0.849469
 -6.37046
 -2.58561
-0.624133
0.0803012
 -0.24017
-0.852967
 -6.35056
 -2.62474
-0.620262
0.0782672
-0.233855
-0.862456
 -6.43513
   -2.649
-0.581315
0.0856612
-0.228756
-0.838507
 -6.50692
 -2.63569
-0.601751
0.0835992
-0.233336
 -0.83387
 -6.53735
 -2.63495
 -0.53651
0.0856051
-0.227951
-0.813217
 -6.47686
 -2.59604
-0.559597
 0.077736
-0.230482
-0.823622
 -6.45299
 -2.70803
-0.649258
0.0627353
-0.193969
-0.835916
 -6.50066
 -2.63294
-0.567435
 0.081455
-0.206049
 -0.82904
 -6.61345
 -2.70466
 -0.54821
0.0743322
-0.199326
-0.818155
  -6.6145
 -2.63738
-0.504975
0.0851954
-0.203083
-0.800341
 -6.50132
 -2.73153
-0.567516
0.0760655
-0.186896
-0.834093
  -6.4991
 -2.64889
-0.593602
 0.067751
-0.180606
 -0.80588
 -6.52064
 -2.70057
-0.537269
0.0770844
-0.174596
-0.807827
 -6.63579
 -2.67075
-0.532561
 0.065772
-0.192548
-0.800348
 -6.52988
 -2.63718
-0.552778
 0.078985
-0.169225
-0.794596
 -6.45997
 -2.75381
-0.548251
0.0787842
 -0.16283
-0.825519
 -6.47562
 -2.66423
-0.564346
0.0783616
 -0.15945
-0.813154
 -6.54817
 -2.68821
-0.522517
0.0712966
-0.155497
-0.793115
 -6.57866
 -2.73286
-0.513546
 0.068076
-0.145605
-0.806493
 -6.48513
 -2.63807
-0.597034
0.0554433
-0.154164
-0.774982
 -6.47082
 -2.75633
-0.474492
0.0741856
  -0.1508
-0.802205
 -6.36732
 -2.62377
-0.542054
0.0655777
-0.140393
-0.799653
  -6.4641
 -2.64888
-0.470779
0.0646093
-0.161688
 -0.77545
 -6.43163
 -2.75492
-0.482463
0.0778668
-0.139635
-0.792101
  -6.3598
 -2.62518
-0.492003
0.0651273
-0.132919
  -0.7946
 -6.31254
 -2.68487
-0.512854
0.0581762
-0.123259
-0.795154
 -6.30075
 -2.64603
-0.461556
0.0561396
-0.128293
-0.771892
 -6.33601
 -2.65668
-0.515356
0.0506534
-0.107522
-0.777261
  -6.23166
  -2.62467
 -0.497563
 0.0464603
-0.0925194
 -0.762409
  -6.17108
  -2.61055
 -0.531317
 0.0487834
-0.0822911
 -0.777321
  -6.13518
  -2.66232
 -0.518557
 0.0545372
-0.0869574
 -0.808413
 -6.15729
 -2.57819
-0.479168
0.0602157
-0.101952
 -0.78436
  -6.08275
  -2.66521
 -0.502861
 0.0468722
-0.0857401
 -0.791873
 -5.98815
 -2.56704
-0.499168
0.0572816
-0.089099
-0.803173
   -5.9416
  -2.60557
 -0.497815
 0.0539227
-0.0789455
 -0.781154
 -5.94366
 -2.59525
 -0.44883
0.0500785
-0.109252
-0.784407
 -5.92973
 -2.56741
-0.457269
0.0573415
-0.110564
-0.770295
  -5.8115
 -2.60097
-0.468121
0.0702408
-0.104479
 -0.79034
 -5.71321
 -2.51871
-0.436703
0.0715377
-0.125453
-0.771304
 -5.64613
 -2.55818
-0.481224
0.0705898
-0.111611
 -0.78188
 -5.70186
 -2.62774
 -0.45729
0.0509405
-0.107526
-0.765558
 -5.59311
 -2.43731
-0.501936
0.0580959
-0.107986
-0.774043
 -5.49438
 -2.55952
-0.445856
0.0603983
-0.119227
-0.772138
 -5.39232
 -2.41728
-0.451499
0.0603218
-0.121722
-0.772331
  -5.3244
 -2.42568
-0.471624
0.0498753
-0.117986
-0.755789
 -5.32709
 -2.46482
-0.475576
0.0634136
 -0.11899
-0.759729
 -5.19743
  -2.4088
-0.447763
0.0606417
-0.126684
-0.773087
 -5.14945
 -2.43596
-0.461177
 0.063324
-0.122652
 -0.76783
 -5.01424
 -2.36824
-0.422234
0.0674388
-0.136463
-0.758589
 -4.97118
 -2.37828
-0.484028
0.0624967
-0.119605
-0.761031
 -4.91941
 -2.37896
-0.502268
0.0589495
-0.127009
-0.795846
 -4.79816
 -2.35219
-0.415329
0.0749291
-0.139184
-0.776913
 -4.72467
 -2.27506
-0.495094
0.0701668
-0.132775
-0.793492
 -4.64807
 -2.31577
-0.462712
0.0659331
-0.131761
-0.788942
 -4.62615
 -2.32064
-0.479692
0.0741098
-0.119382
 -0.79554
 -4.45322
 -2.30001
-0.474451
0.0686862
-0.152017
-0.809913
 -4.40062
 -2.24161
 -0.42795
0.0638107
-0.168003
-0.818263
 -4.30521
 -2.24302
-0.482612
 0.075019
-0.147448
 -0.81416
 -4.33271
 -2.17757
 -0.40142
 0.067108
-0.151886
-0.793716
 -4.28667
 -2.19029
-0.469505
0.0720609
-0.157137
-0.810083
 -4.14571
  -2.1958
-0.413198
0.0740773
-0.152066
-0.809725
 -4.03881
 -2.12516
-0.413678
0.0661454
 -0.16833
 -0.82318
  -3.9346
 -2.16465
-0.497719
0.0670391
-0.155296
-0.847402
 -3.83656
 -2.08427
-0.362671
0.0651259
-0.151955
-0.817576
 -3.81611
 -2.10728
 -0.37682
0.0851418
 -0.17534
-0.852092
 -3.70184
 -2.12427
 -0.52487
0.0725511
-0.148045
-0.864051
 -3.58504
 -1.98825
-0.470675
0.0754331
-0.158684
-0.860448
 -3.58037
 -2.07944
-0.390956
 0.080687
-0.163733
-0.859734
 -3.53171
 -1.99586
-0.486549
0.0660533
-0.158705
-0.858105
 -3.38185
 -1.95278
-0.434425
0.0739597
-0.167497
-0.860558
 -3.29351
 -1.95388
-0.518075
0.0692358
-0.165901
-0.878432
 -3.26776
 -2.00167
-0.404173
0.0814493
 -0.17148
-0.870918
 -3.19639
 -1.89035
-0.489709
0.0801191
-0.166518
 -0.86874
 -3.08126
 -1.88847
-0.507147
0.0700412
-0.176354
-0.868597
  -3.0093
 -1.88029
-0.425066
0.0894706
-0.181095
-0.898331
 -2.84967
 -1.85732
-0.459225
 0.086292
-0.194105
-0.917985
 -2.85391
 -1.85682
-0.464863
0.0925468
-0.200365
-0.907549
  -2.7229
 -1.72437
-0.467521
0.0820934
-0.204445
-0.899866
 -2.66129
  -1.8478
-0.456407
0.0891608
-0.197638
-0.917429
 -2.66009
 -1.81962
 -0.47798
0.0902552
-0.211211
 -0.91418
 -2.55143
 -1.70414
-0.477372
0.0929095
-0.218494
-0.898059
  -2.5424
 -1.76377
-0.427101
0.0954484
-0.211128
-0.900185
 -2.46608
 -1.77221
-0.458267
0.0939072
-0.216001
-0.931878
 -2.32348
 -1.66341
-0.522595
0.0997026
-0.220382
-0.907973
 -2.34328
 -1.78282
-0.458657
 0.102205
-0.238431
-0.927563
 -2.21516
 -1.57871
-0.479018
   0.1012
-0.233452
-0.910812
 -2.23174
 -1.68881
-0.452829
0.0926558
-0.243979
-0.929158
 -2.18504
 -1.67594
-0.490643
 0.108501
-0.234218
-0.947605
 -2.07446
 -1.58861
-0.517269
0.0980116
-0.248656
-0.929255
 -2.04868
 -1.63158
-0.476746
 0.115077
 -0.26112
-0.947256
 -2.09578
 -1.71721
-0.450604
 0.110275
-0.243254
-0.949423
 -2.04168
 -1.57529
-0.467422
 0.108188
-0.247477
-0.922895
 -1.92127
 -1.54955
-0.441639
 0.115336
-0.281808
-0.945933
 -2.02645
 -1.73102
-0.453782
 0.103427
-0.250381
-0.929208
 -2.00682
 -1.55808
-0.471204
0.0971948
-0.247614
-0.930208
 -1.74561
 -1.55867
-0.470208
 0.104712
-0.300623
-0.968697
  -1.6816
  -1.4751
-0.549793
 0.111458
-0.294163
 -1.00643
 -1.44532
 -1.44027
-0.536405
 0.114146
-0.309501
 -1.01834
 -1.38959
 -1.37812
-0.530415
 0.136951
-0.341131
 -1.04336
 -1.30302
 -1.41091
-0.529932
 0.132494
-0.348954
 -1.04342
 -1.23369
 -1.33817
-0.535939
 0.134776
-0.344027
 -1.04736
 -1.14645
 -1.33229
-0.559773
 0.135438
-0.371168
 -1.06872
 -1.04421
 -1.31758
-0.560634
 0.138916
-0.374308
   -1.099
 -1.01408
 -1.30593
-0.556756
 0.131973
-0.385365
 -1.11302
  -1.0202
  -1.2801
-0.548753
 0.139694
-0.388467
 -1.10522
 -0.91371
 -1.21576
-0.558487
  0.14546
-0.388731
 -1.09185
 -0.84536
 -1.24211
-0.568908
 0.135733
-0.384337
 -1.11189
-0.817768
 -1.21023
-0.570431
 0.146488
-0.408319
 -1.12457
-0.810721
 -1.17173
-0.575176
 0.138157
-0.399076
 -1.12583
-0.786852
 -1.21668
-0.569902
 0.156026
-0.416269
 -1.16084
-0.717304
 -1.20425
  -0.5657
 0.156547
-0.414565
 -1.14991
-0.643935
 -1.12697
-0.625056
  0.14135
-0.407773
 -1.14242
-0.655145
 -1.19688
-0.590825
  0.15263
-0.414058
 -1.16625
-0.646735
 -1.13725
-0.570505
 0.153899
-0.423255
 -1.14945
-0.623504
 -1.11688
-0.613488
 0.146742
-0.438465
  -1.1512
-0.575593
 -1.17435
-0.593819
 0.158397
-0.416075
 -1.15586
-0.544365
 -1.08306
-0.630838
 0.161166
-0.423417
 -1.16967
-0.547768
 -1.14598
-0.600529
 0.145172
-0.435188
 -1.17008
-0.545585
 -1.07741
-0.597345
 0.154257
-0.433232
 -1.15467
-0.473107
 -1.13838
-0.625315
 0.148103
-0.440758
 -1.17834
-0.439251
 -1.06369
-0.608846
 0.152475
-0.436769
 -1.16238
-0.415533
 -1.09165
-0.588102
 0.161044
-0.453272
 -1.18112
-0.414032
 -1.07246
-0.609036
  0.17017
-0.454046
  -1.1872
-0.410757
 -1.10625
-0.639569
 0.149912
-0.448266
 -1.16748
-0.409592
 -1.04119
-0.608507
 0.157058
-0.454367
 -1.17079
-0.412834
 -1.06874
-0.580854
 0.164115
-0.467805
 -1.17514
-0.386391
 -1.04346
-0.618585
 0.156345
-0.458936
 -1.18076
-0.338006
 -1.07307
-0.633888
 0.150073
  -0.4479
 -1.17687
-0.335462
 -1.06526
-0.623288
 0.159001
-0.457103
 -1.18754
-0.342013
 -1.04519
-0.605403
  0.16796
 -0.46658
 -1.19869
-0.299364
 -1.03389
-0.616985
 0.163728
-0.464863
 -1.20704
-0.288561
 -1.07996
-0.638099
 0.157844
-0.460464
 -1.17838
-0.286874
 -1.03512
-0.623391
 0.153784
-0.459682
   -1.202
-0.282385
 -1.04336
-0.596285
 0.163016
 -0.47682
 -1.19582
-0.257961
 -1.03377
-0.605649
 0.158158
-0.476457
 -1.20293
-0.254484
 -1.00624
  -0.6336
 0.160118
-0.465132
 -1.20999
-0.269353
 -1.05575
-0.629189
 0.165439
-0.488848
 -1.19169
-0.244269
 -0.98749
-0.623534
  0.16805
-0.457881
 -1.16886
-0.228269
 -1.03625
-0.632631
 0.173174
-0.485175
 -1.21722
-0.199266
  -1.0283
-0.616642
  0.16662
-0.498002
 -1.19663
 -0.22395
 -1.01186
-0.624058
 0.166944
-0.484541
 -1.19532
 -0.20483
-0.996794
-0.613109
 0.160272
-0.472618
  -1.1824
-0.179372
 -1.00019
-0.617635
 0.149689
-0.473368
 -1.20499
-0.149319
 -1.00459
-0.637402
 0.159714
-0.473659
 -1.19575
-0.191607
 -1.00837
-0.622907
 0.165286
-0.476058
 -1.20003
 -0.17627
 -1.02775
-0.606447
 0.170581
-0.482649
 -1.19096
-0.194236
-0.964676
-0.619969
 0.158342
-0.484052
 -1.19756
-0.151721
 -0.99524
-0.636612
 0.160741
-0.478717
 -1.20233
 -0.15515
-0.964627
-0.631965
 0.161876
-0.495718
 -1.19637
-0.135357
  -1.0275
 -0.61539
  0.16036
-0.486102
 -1.20423
 -0.17632
-0.961209
-0.623611
 0.169804
-0.491807
 -1.20446
-0.149168
 -1.01381
-0.620444
 0.158323
-0.487707
 -1.20508
-0.140175
-0.954387
 -0.59931
 0.173311
-0.477986
 -1.19834
-0.119462
 -1.00831
-0.633875
 0.159043
-0.480101
 -1.19192
-0.127513
-0.983389
-0.617971
 0.157117
-0.490943
  -1.1867
-0.125097
 -0.97728
 -0.64265
 0.157863
 -0.47971
  -1.1764
-0.118637
-0.985384
 -0.64069
 0.174675
-0.502699
 -1.20086
-0.114145
-0.987415
-0.656591
 0.165927
-0.478331
  -1.2162
-0.109591
-0.962586
-0.634982
 0.173732
-0.501414
 -1.20548
-0.104862
  -1.0247
-0.643952
 0.167583
-0.485963
 -1.20992
-0.123833
-0.955387
-0.637282
 0.171706
-0.496597
 -1.18909
-0.0991037
  -1.00315
 -0.602596
  0.171219
 -0.483288
  -1.20994
-0.0963878
  -0.92403
  -0.63388
  0.163713
 -0.486724
  -1.19425
-0.0917611
  -0.95342
 -0.672847
  0.164077
 -0.483578
  -1.19494
-0.119444
 -1.02388
-0.637299
 0.166007
 -0.47921
 -1.21294
-0.101234
-0.904787
-0.652408
 0.163679
-0.478608
 -1.19311
-0.0763196
  -1.01354
 -0.627577
  0.171536
 -0.501492
  -1.21296
-0.0560175
  -0.94669
 -0.678568
  0.166774
 -0.479536
  -1.18675
-0.0715934
  -0.97527
 -0.632956
  0.161935
 -0.509315
   -1.1973
-0.0707368
 -0.991912
 -0.583626
  0.169391
 -0.493417
   -1.2085
-0.0789803
 -0.936319
 -0.645741
  0.172195
  -0.50952
  -1.20275
-0.046715
 -1.00657
 -0.60846
 0.168758
-0.478415
 -1.19673
-0.0479445
 -0.935903
 -0.653236
  0.172613
 -0.484303
  -1.18611
-0.0566752
 -0.984587
 -0.640697
  0.168336
 -0.495736
  -1.21259
-0.054652
-0.973203
-0.601875
  0.18195
-0.508703
 -1.19544
-0.0494757
 -0.947345
 -0.652696
  0.169433
 -0.499897
  -1.18834
-0.058288
-0.952161
-0.615897
 0.167016
-0.505495
  -1.2005
-0.0203024
 -0.936735
  -0.61424
   0.17512
 -0.485201
  -1.19415
-0.0300199
 -0.941783
 -0.642029
  0.165552
 -0.489575
  -1.21411
-0.0158915
 -0.942558
 -0.674001
   0.16557
 -0.504548
  -1.20683
-0.0108181
 -0.976402
 -0.600294
  0.163574
 -0.509653
  -1.20427
-0.0209716
 -0.952532
 -0.642541
  0.174603
 -0.502222
  -1.20133
0.00122022
 -0.949657
 -0.630235
  0.173108
 -0.505683
  -1.19856
0.0098119
-0.958875
-0.623356
 0.168615
-0.489569
 -1.20717
0.00518927
 -0.958534
 -0.636465
  0.169519
 -0.513606
   -1.1934
-0.00595019
  -0.929127
  -0.627932
   0.167889
  -0.503018
    -1.2136
0.0384579
-0.942198
-0.641448
 0.169244
-0.499278
 -1.19227
0.0235487
-0.966391
 -0.64304
 0.168515
-0.511744
 -1.20584
0.0296759
-0.922398
-0.621298
 0.168675
-0.505291
 -1.20134
0.0293721
 -0.92342
-0.656969
 0.168479
-0.512187
 -1.20415
0.0495763
-0.920109
-0.643852
 0.171233
-0.504515
 -1.21061
0.0302571
-0.924318
-0.628103
 0.184471
-0.522487
  -1.2059
0.0286363
-0.970226
 -0.63862
 0.168632
-0.519005
 -1.20836
0.0221489
-0.892861
-0.653816
 0.173321
-0.514303
 -1.20749
0.0351595
-0.944662
-0.621702
 0.169078
-0.512177
 -1.20751
0.0353577
-0.930064
-0.646576
 0.166184
 -0.51461
 -1.19924
 0.059206
 -0.95926
-0.656518
 0.171407
-0.495534
 -1.19288
0.0419861
-0.922947
-0.657198
 0.167959
-0.504636
 -1.21931
0.0508538
-0.974224
 -0.61847
 0.172304
-0.514526
 -1.21855
0.0484069
-0.923303
-0.635617
 0.165426
-0.502883
 -1.20087
 0.067218
 -0.94847
-0.629098
 0.175309
-0.510038
 -1.19665
0.0534247
-0.909135
-0.628495
 0.175161
-0.515785
 -1.20851
0.0588779
-0.924787
 -0.66817
 0.175235
-0.506384
 -1.21461
0.0479354
-0.963847
-0.642032
 0.178538
-0.525877
 -1.20705
0.0462844
-0.923686
-0.641144
 0.170589
-0.512402
 -1.20014
0.0678659
-0.919689
-0.655924
 0.165293
-0.503907
 -1.20953
0.0566437
-0.921601
-0.630446
 0.183453
-0.503938
 -1.21055
0.0699175
-0.909016
-0.647472
 0.180977
-0.493469
 -1.20114
0.0326051
-0.943734
-0.641761
  0.17021
-0.503503
 -1.20823
0.0395413
-0.937204
-0.630827
  0.17286
-0.498824
 -1.20451
0.0557027
-0.928382
-0.662366
 0.176169
-0.498949
 -1.20512
0.0408749
-0.934508
-0.633548
 0.167873
-0.502598
 -1.23056
0.0587307
-0.947381
-0.622439
 0.176054
-0.502424
 -1.19579
0.0511604
-0.927309
-0.652546
 0.167652
-0.517583
 -1.22222
 0.040056
-0.947679
-0.633747
 0.181729
-0.516402
   -1.204
0.0568662
 -0.93203
-0.645754
 0.179957
-0.510646
 -1.21888
0.0505979
-0.931876
-0.628528
 0.174339
-0.511649
 -1.19604
0.0389298
-0.935048
-0.635401
 0.172128
-0.501204
  -1.2099
0.0379526
-0.940074
-0.644107
 0.175514
-0.513435
 -1.20889
0.0540422
-0.938572
-0.643817
  0.17078
-0.507242
  -1.1943
0.0498693
-0.929961
-0.650124
 0.170719
-0.506772
 -1.21467
0.0383173
-0.941721
-0.640756
 0.169832
-0.508503
 -1.21464
0.0464068
-0.932004
-0.645529
 0.179553
-0.513355
 -1.20834
 0.037898
-0.939702
 -0.64189
  0.17187
-0.499202
 -1.20936
0.0353363
-0.938051
-0.636085
 0.168733
 -0.50386
 -1.19695
0.0351741
-0.937616
-0.633025
 0.167481
-0.522673
 -1.21452
0.0528296
-0.932649
-0.643133
 0.177078
-0.498458
 -1.20093
  0.05326
-0.934858
-0.634293
 0.167074
-0.505773
 -1.21595
0.0498777
-0.936938
-0.636554
   0.1755
-0.492955
 -1.21461
0.0335291
-0.946991
-0.632771
 0.169121
-0.500247
 -1.21498
0.0347051
 -0.94353
-0.636047
 0.170793
-0.500668
 -1.20414
0.0541991
-0.938346
-0.642076
  0.17308
-0.500303
 -1.21748
0.0401712
-0.932251
-0.633183
  0.17044
-0.517829
 -1.21049
0.0420191
  -0.9313
-0.638825
 0.171303
-0.509405
 -1.21028
  0.05926
-0.925251
-0.634482
 0.170657
 -0.50342
 -1.20539
0.0559623
-0.920479
-0.642193
 0.175395
-0.503507
  -1.1886
 0.031415
-0.930938
-0.644281
 0.169055
 -0.50992
 -1.20394
0.0358863
-0.939707
-0.640775
 0.177931
-0.511839
  -1.2087
 0.031407
-0.938041
-0.640858
 0.179474
-0.506095
 -1.20761
0.0402072
-0.940727
-0.633954
 0.168149
-0.502571
 -1.20811
0.0236503
-0.949038
-0.635845
 0.173407
-0.504046
 -1.20299
0.0203513
-0.944428
-0.631609
  0.16845
-0.513332
 -1.20949
0.0362417
-0.949437
-0.637063
 0.177565
-0.510571
 -1.20894
0.0462447
-0.939897
-0.645487
 0.171976
-0.500546
 -1.22393
0.0337741
-0.939694
 -0.63387
 0.171997
-0.505567
 -1.19988
0.0558126
-0.936141
-0.632955
 0.175842
-0.506387
 -1.20316
0.0450103
-0.934834
-0.643224
 0.175498
-0.508754
 -1.21207
0.0439266
-0.938973
-0.642889
 0.173926
-0.501972
 -1.20268
0.0387832
-0.935606
-0.637414
 0.168669
 -0.52133
 -1.20693
0.0436396
-0.929376
-0.636439
 0.172502
-0.508548
 -1.19827
0.0314316
-0.938645
-0.637454
 0.174002
-0.513279
 -1.21008
0.0441505
-0.940092
-0.636183
 0.171049
-0.514284
 -1.20771
0.0485476
-0.932381
-0.640724
 0.176326
-0.506419
 -1.19323
0.0531536
-0.934315
-0.635306
 0.170652
-0.508216
 -1.20866
0.0498906
-0.937838
-0.635126
 0.172727
 -0.51025
 -1.20526
0.0422331
-0.940206
-0.641963
 0.177654
-0.511415
 -1.21421
0.0353831
-0.938143
-0.636198
 0.169702
-0.507904
 -1.20371
0.0509502
-0.933387
-0.633299
 0.171614
-0.506666
  -1.2173
0.0456917
 -0.93745
-0.635157
 0.172911
-0.504824
 -1.20479
0.0420005
-0.939167
-0.633991
 0.177022
-0.515212
 -1.20482
0.0389685
-0.935098
-0.645502
 0.180859
-0.506354
 -1.21145
0.0376645
-0.939715
 -0.63923
 0.164982
-0.505702
 -1.19316
0.0297815
-0.940784
-0.644109
 0.172419
-0.511766
 -1.21286
0.0532122
-0.935012
-0.636189
 0.167863
-0.508098
 -1.19977
0.0454858
-0.936703
-0.634007
 0.170713
-0.501812
  -1.2023
0.0446354
-0.940873
-0.644308
 0.181877
-0.499757
 -1.21743
0.0460244
-0.938612
-0.632692
 0.176766
-0.508681
  -1.1939
0.0225474
-0.944298
-0.630523
 0.171641
 -0.50349
 -1.20783
0.0245305
-0.943564
-0.632023
 0.178653
-0.520688
 -1.22533
0.0499868
-0.938431
-0.636291
 0.168005
-0.502867
 -1.21034
0.0293974
-0.946828
-0.632902
 0.172195
-0.506522
 -1.22104
0.0513112
-0.935562
-0.640553
 0.169962
-0.498377
 -1.19305
 0.048354
 -0.93124
-0.633031
 0.173762
-0.502954
 -1.19781
0.0280035
-0.941497
-0.638579
  0.17271
-0.507744
 -1.21574
 0.052009
-0.930534
-0.645151
 0.170383
-0.511145
 -1.19234
0.0312782
-0.937776
-0.636222
 0.174889
-0.505221
 -1.20086
 0.041225
-0.936909
-0.638273
 0.171273
-0.514249
  -1.1943
0.0494176
-0.936379
-0.641001
 0.169155
-0.512956
 -1.22014
0.0354991
 -0.93882
-0.635069
 0.168065
-0.513005
 -1.20619
0.0367102
 -0.94324
-0.636118
 0.173309
-0.511028
 -1.20842
0.0328456
-0.943399
 -0.63535
  0.17896
-0.505147
 -1.22207
0.0442961
-0.940396
 -0.63276
 0.170776
-0.507735
 -1.20372
0.0351483
-0.945221
-0.640595
 0.175963
-0.509547
 -1.21127
 0.048758
-0.941627
-0.640583
 0.173349
-0.500418
 -1.20467
0.0437963
 -0.93073
-0.638433
 0.165957
-0.504814
 -1.19206
0.0386545
-0.943493
-0.634775
 0.168228
-0.519441
 -1.20163
 0.048635
-0.932528
-0.630647
 0.174532
-0.511862
 -1.19365
0.0334144
-0.938861
-0.642827
  0.16756
-0.498283
 -1.20151
0.0411624
-0.935456
-0.636369
 0.180901
-0.513204
 -1.20294
0.0213825
-0.940317
-0.633945
  0.16888
-0.514908
 -1.20749
0.0214699
-0.932537
-0.626332
 0.162537
-0.519238
 -1.20641
0.0289239
-0.945504
-0.642834
 0.172283
-0.505429
 -1.21298
0.0330774
-0.937013
-0.641889
 0.173634
-0.505615
 -1.20497
0.0530609
-0.934195
-0.637237
 0.167589
-0.495216
 -1.19292
0.0379002
-0.939912
-0.629417
 0.168177
-0.514278
 -1.20495
0.0533029
-0.934786
-0.636389
 0.169016
-0.495786
 -1.20701
0.0438754
-0.946911
-0.638276
 0.175596
-0.509198
 -1.21094
0.0455551
-0.937268
-0.640796
 0.172995
-0.510328
 -1.20875
0.0283681
-0.942409
-0.627227
 0.180245
-0.527394
 -1.20692
0.0461677
-0.932134
-0.635126
 0.163744
-0.513974
  -1.1997
 0.029394
-0.938095
-0.632061
 0.175652
-0.509077
 -1.21692
0.0309319
-0.945299
-0.634819
  0.17088
-0.512098
 -1.20413
0.0285404
-0.943634
-0.631754
 0.169639
-0.507666
 -1.21487
0.0333367
-0.938643
-0.633802
 0.167208
-0.514969
 -1.19896
  0.02386
 -0.94111
-0.638424
 0.177908
-0.504799
 -1.20373
0.0435559
-0.938043
-0.634994
 0.165218
-0.508091
 -1.20238
0.0444638
-0.940937
-0.633884
 0.170097
-0.499196
 -1.20425
0.0217559
-0.950059
-0.630323
 0.168509
 -0.51377
 -1.21232
0.0225057
 -0.94477
-0.637279
 0.167962
 -0.50537
 -1.21447
0.0377781
-0.940153
-0.635975
 0.161623
-0.504335
 -1.20047
0.0281891
-0.942007
 -0.63518
 0.175318
-0.512748
  -1.2137
0.0303213
-0.942913
-0.639612
 0.167224
-0.503103
 -1.21678
0.0382916
-0.933182
 -0.63617
 0.167081
-0.497506
 -1.19296
0.0402561
-0.940466
-0.639682
 0.176316
-0.506033
 -1.21213
0.0330559
-0.936838
-0.637291
 0.175003
-0.511367
 -1.19805
0.0194149
-0.941552
-0.639473
 0.158174
-0.499981
 -1.21038
0.0460635
-0.938448
-0.633023
 0.173873
-0.497656
 -1.21027
0.0322398
-0.942334
-0.637216
 0.168019
-0.506454
 -1.20757
0.0533983
-0.934922
 -0.63861
  0.17382
-0.497469
 -1.20461
0.0400105
-0.940176
-0.632637
 0.168852
-0.510865
  -1.1984
0.0376628
-0.946396
-0.637307
 0.179912
-0.508869
 -1.21462
0.0429509
-0.935115
-0.630568
 0.166417
-0.501782
 -1.19685
0.0344009
 -0.94187
-0.639689
 0.175517
-0.502268
 -1.21452
0.0407814
-0.935086
-0.639524
 0.171191
 -0.51389
 -1.19792
0.0414083
-0.937242
-0.632698
 0.173118
-0.516548
 -1.19469
 0.031348
-0.938809
-0.639624
 0.169772
-0.513257
 -1.21001
0.0342342
-0.941871
-0.632793
 0.171887
-0.522682
 -1.20951
0.0483063
-0.939469
-0.632824
 0.175992
-0.511822
 -1.20361
0.0250763
-0.946174
-0.638263
 0.176517
 -0.50505
 -1.20623
0.0406112
-0.942686
-0.632765
 0.165166
   -0.508
  -1.2112
0.0301148
-0.942177
-0.636131
 0.167152
 -0.50868
 -1.20951
  0.04139
-0.937159
-0.634992
 0.170033
-0.504065
 -1.19729
 0.019274
-0.948045
-0.634701
 0.173327
-0.503281
 -1.19979
0.0346047
-0.942906
-0.635277
 0.169554
-0.502096
 -1.22215
0.0324761
-0.942644
-0.629633
 0.171011
-0.513966
 -1.21934
0.0434924
-0.937067
-0.633863
 0.169179
 -0.49524
  -1.1956
0.0380857
-0.939944
-0.631736
 0.176058
-0.511173
 -1.20499
0.0396422
 -0.93858
-0.640584
 0.171246
-0.502407
 -1.19979
0.0354626
-0.937619
-0.635373
  0.17942
-0.518565
 -1.21458
0.0260504
-0.942536
-0.635074
 0.166657
-0.512246
  -1.2137
0.0367345
 -0.93534
-0.636329
 0.170893
-0.518647
 -1.20672
0.0326323
-0.943643
-0.637247
 0.171661
-0.509645
  -1.2104
0.0416575
-0.938115
-0.638583
 0.172984
-0.510178
  -1.2111
0.0462132
-0.931846
-0.645526
 0.167651
-0.500251
 -1.21329
0.0346025
-0.934963
 -0.63495
 0.172157
-0.511662
 -1.19059
0.0231951
-0.947864
-0.633457
 0.168828
-0.514379
 -1.19751
0.0494907
 -0.93628
-0.645165
 0.173975
-0.496715
 -1.19986
0.0421541
-0.939691
-0.637352
 0.174229
-0.497961
 -1.20555
0.0418109
-0.937562
-0.629679
 0.181865
-0.512233
  -1.2067
0.0261629
-0.943285
-0.638055
 0.167715
-0.509779
 -1.19565
0.0368188
-0.943523
-0.632517
 0.173046
-0.504216
 -1.19526
0.0291992
-0.938348
-0.634048
 0.168347
-0.513704
 -1.20983
0.0429727
-0.934713
-0.636321
 0.172652
-0.497572
  -1.2011
0.0227816
-0.937262
-0.634107
 0.171225
-0.513066
 -1.20859
0.0240721
-0.942906
-0.635026
 0.165113
-0.505797
 -1.21159
0.0217157
-0.941295
-0.631635
 0.169849
-0.507475
 -1.20381
0.0353488
-0.938014
-0.633782
  0.16992
 -0.50871
 -1.19456
0.0400499
-0.940134
-0.632866
 0.167883
-0.507366
 -1.20997
 0.039662
-0.939067
-0.634956
 0.165971
-0.510646
  -1.2023
0.0367279
-0.933927
-0.638855
 0.182241
-0.506669
 -1.21098
0.0231263
-0.937613
-0.630769
 0.180946
-0.512121
 -1.20444
0.0293049
 -0.93869
  -0.6304
 0.169042
 -0.51065
 -1.19427
 0.034313
-0.942038
-0.639535
 0.173407
-0.510823
 -1.20968
0.0419309
-0.939525
-0.632623
 0.166561
-0.501866
 -1.19637
0.0364252
-0.933596
-0.633873
 0.172663
-0.502519
 -1.18828
0.0382451
-0.941462
-0.638244
 0.168146
 -0.50155
 -1.20113
0.0316586
-0.939795
-0.632563
 0.174995
-0.522864
  -1.1922
0.0410864
-0.936415
-0.644172
 0.166543
-0.500932
 -1.21027
0.0373966
-0.937403
-0.633944
 0.172619
-0.502713
 -1.19933
0.0371406
-0.936833
-0.635154
 0.166174
-0.499928
 -1.20594
0.0349255
-0.944414
-0.637073
 0.174938
-0.511233
 -1.20181
 0.031175
-0.945904
-0.638127
 0.174047
-0.501346
 -1.20009
0.0427169
-0.934279
-0.635093
 0.170259
-0.510905
 -1.19813
0.0266057
-0.944216
-0.631725
  0.17098
-0.512776
 -1.21472
0.0306332
-0.943827
-0.634935
 0.169358
-0.500361
 -1.20614
0.0285285
-0.943867
-0.633783
 0.171375
-0.514009
 -1.20545
0.0288976
-0.944986
-0.631551
 0.174256
-0.514362
 -1.20613
