  -1.70801
   1.79989
0.00686223
  -1.09538
  -1.94702
   1.49515
 -0.193465
  -1.70801
   1.79989
0.00686223
  -1.09538
  -1.94702
   1.49515
 -0.193465
  -1.70801
   1.79989
0.00686211
  -1.09538
  -1.94702
   1.49515
 -0.193465
  -1.70801
   1.79989
0.00686223
  -1.09538
  -1.94702
   1.49515
 -0.193466
  -1.70801
   1.79989
0.00686223
  -1.09538
  -1.94702
   1.49515
 -0.193465
  -1.70801
   1.79989
0.00686277
  -1.09538
  -1.94702
   1.49515
 -0.193466
  -1.70801
   1.79989
0.00686301
  -1.09538
  -1.94702
   1.49515
 -0.193466
  -1.70801
   1.79989
0.00686408
  -1.09538
  -1.94702
   1.49515
 -0.193466
  -1.70801
   1.79989
0.00686558
  -1.09538
  -1.94702
   1.49515
 -0.193466
 -1.70801
  1.79989
0.0068705
 -1.09538
 -1.94703
  1.49515
-0.193467
  -1.70801
   1.79989
0.00687679
  -1.09538
  -1.94703
   1.49516
 -0.193467
  -1.70801
   1.79989
0.00689195
  -1.09538
  -1.94703
   1.49516
 -0.193469
  -1.70801
   1.79986
0.00691268
  -1.09536
  -1.94704
   1.49517
 -0.193475
  -1.70801
   1.79985
0.00694516
  -1.09536
  -1.94704
   1.49518
 -0.193487
  -1.70801
   1.79988
0.00701155
  -1.09541
  -1.94705
   1.49518
 -0.193511
 -1.70801
  1.79988
0.0071112
 -1.09542
 -1.94708
  1.49521
 -0.19355
  -1.70801
   1.79987
0.00722337
  -1.09544
  -1.94713
   1.49528
 -0.193601
  -1.70801
   1.79987
0.00736401
  -1.09546
  -1.94719
   1.49538
  -0.19366
  -1.70801
   1.79985
0.00751639
  -1.09544
  -1.94727
   1.49552
  -0.19372
  -1.70801
   1.79986
0.00768213
  -1.09548
  -1.94735
   1.49567
  -0.19378
  -1.70802
   1.79987
0.00784433
  -1.09551
  -1.94744
    1.4958
 -0.193839
  -1.70801
   1.79986
0.00801864
  -1.09553
  -1.94752
   1.49592
 -0.193899
 -1.70801
  1.79988
0.0081929
  -1.0956
 -1.94761
  1.49607
 -0.19396
  -1.70801
   1.79988
0.00836703
  -1.09564
  -1.94768
   1.49626
 -0.194027
  -1.70801
   1.79985
0.00853564
  -1.09564
  -1.94778
   1.49646
 -0.194097
  -1.70801
   1.79986
0.00870546
   -1.0957
  -1.94787
   1.49664
 -0.194156
 -1.70801
  1.79986
0.0088721
 -1.09572
 -1.94796
  1.49684
-0.194193
  -1.70801
   1.79987
0.00905216
  -1.09577
  -1.94804
   1.49704
  -0.19422
  -1.70801
   1.79985
0.00922653
  -1.09582
  -1.94814
   1.49721
 -0.194242
  -1.70801
   1.79982
0.00940324
  -1.09582
  -1.94824
   1.49736
 -0.194267
  -1.70801
   1.79983
0.00959589
  -1.09588
  -1.94834
    1.4975
 -0.194295
  -1.70801
   1.79983
0.00979147
  -1.09594
  -1.94844
   1.49761
 -0.194324
  -1.70801
   1.79981
0.00998855
  -1.09598
  -1.94853
   1.49775
 -0.194353
 -1.70801
  1.79978
 0.010184
 -1.09598
 -1.94863
  1.49789
-0.194382
 -1.70801
  1.79979
0.0103997
 -1.09605
 -1.94873
  1.49807
-0.194415
 -1.70801
  1.79979
0.0106301
  -1.0961
 -1.94882
   1.4983
-0.194452
 -1.70801
  1.79978
0.0108699
 -1.09615
 -1.94892
  1.49856
-0.194494
 -1.70801
  1.79971
0.0111242
 -1.09612
 -1.94903
  1.49882
-0.194542
 -1.70801
  1.79969
0.0113935
 -1.09619
 -1.94913
  1.49912
-0.194597
 -1.70801
  1.79972
0.0116917
 -1.09636
 -1.94923
  1.49937
-0.194652
 -1.70801
  1.79968
0.0119954
 -1.09641
 -1.94935
  1.49959
-0.194717
 -1.70801
  1.79964
0.0122952
 -1.09653
 -1.94947
   1.4998
-0.194782
 -1.70801
  1.79961
0.0126066
 -1.09664
 -1.94957
      1.5
-0.194843
 -1.70801
  1.79954
0.0129055
 -1.09663
 -1.94968
  1.50021
-0.194912
 -1.70801
  1.79954
0.0132076
  -1.0967
 -1.94981
  1.50046
-0.194992
 -1.70801
  1.79952
0.0135104
 -1.09677
 -1.94997
  1.50073
 -0.19506
 -1.70801
  1.79947
0.0138264
 -1.09673
 -1.95013
  1.50102
-0.195124
 -1.70801
  1.79948
0.0141543
 -1.09682
 -1.95029
  1.50133
-0.195202
 -1.70801
  1.79945
0.0144789
 -1.09686
 -1.95043
  1.50159
-0.195286
 -1.70801
  1.79942
0.0147986
 -1.09686
 -1.95058
  1.50183
-0.195379
 -1.70801
  1.79941
0.0151176
 -1.09692
 -1.95074
   1.5021
-0.195464
 -1.70801
  1.79938
0.0154377
 -1.09687
 -1.95091
  1.50239
 -0.19555
 -1.70801
  1.79942
0.0157678
 -1.09691
 -1.95108
  1.50273
-0.195635
 -1.70801
  1.79937
0.0161093
 -1.09686
 -1.95126
  1.50307
-0.195723
 -1.70801
  1.79927
0.0164766
  -1.0968
  -1.9514
  1.50341
-0.195816
 -1.70801
  1.79931
0.0168508
 -1.09693
 -1.95152
  1.50369
  -0.1959
 -1.70802
  1.79936
0.0172192
 -1.09711
 -1.95165
  1.50396
-0.195977
 -1.70804
  1.79928
0.0175731
 -1.09711
 -1.95181
   1.5043
 -0.19608
 -1.70807
  1.79928
 0.017933
 -1.09719
 -1.95196
  1.50467
-0.196196
 -1.70805
  1.79929
0.0184197
 -1.09726
 -1.95215
  1.50502
-0.196314
 -1.70806
   1.7993
0.0188966
 -1.09731
 -1.95232
  1.50536
-0.196432
 -1.70812
   1.7993
0.0193249
  -1.0974
 -1.95248
  1.50572
-0.196548
 -1.70814
  1.79931
0.0197818
 -1.09743
 -1.95264
  1.50606
-0.196652
 -1.70816
  1.79932
0.0202473
 -1.09749
 -1.95282
   1.5064
-0.196764
 -1.70818
  1.79933
0.0207223
  -1.0975
   -1.953
  1.50676
-0.196875
  -1.7082
  1.79934
0.0211919
 -1.09752
 -1.95317
  1.50717
-0.196987
 -1.70822
  1.79935
0.0216461
 -1.09753
 -1.95334
  1.50755
-0.197085
 -1.70823
  1.79936
0.0221041
 -1.09755
 -1.95353
  1.50794
-0.197179
 -1.70825
  1.79932
0.0225632
 -1.09751
 -1.95374
  1.50834
-0.197271
 -1.70826
   1.7993
0.0230325
 -1.09752
 -1.95397
  1.50878
-0.197364
 -1.70829
  1.79935
0.0234947
 -1.09761
 -1.95423
  1.50922
-0.197459
  -1.7083
  1.79935
 0.023958
 -1.09772
 -1.95448
  1.50962
-0.197557
 -1.70831
  1.79927
0.0244175
 -1.09777
 -1.95473
  1.51003
-0.197652
 -1.70831
  1.79926
0.0248967
 -1.09787
 -1.95497
  1.51046
-0.197757
 -1.70831
  1.79922
0.0253893
 -1.09796
 -1.95521
  1.51093
-0.197862
 -1.70831
   1.7992
0.0258709
 -1.09807
 -1.95546
  1.51136
-0.197975
 -1.70831
  1.79918
0.0263503
 -1.09816
 -1.95569
  1.51176
  -0.1981
 -1.70831
  1.79917
0.0268372
 -1.09829
 -1.95595
  1.51219
 -0.19823
 -1.70831
  1.79913
0.0273337
 -1.09833
  -1.9562
  1.51268
-0.198374
 -1.70831
  1.79913
 0.027836
 -1.09839
 -1.95644
  1.51315
-0.198521
 -1.70831
  1.79912
0.0283328
 -1.09847
 -1.95669
  1.51357
-0.198664
 -1.70834
  1.79912
0.0288165
  -1.0985
 -1.95694
  1.51397
-0.198797
  -1.7084
   1.7991
 0.029334
 -1.09856
 -1.95719
  1.51447
-0.198919
 -1.70839
  1.79908
0.0299613
 -1.09857
 -1.95746
  1.51498
-0.199037
  -1.7084
  1.79907
0.0305939
 -1.09864
  -1.9577
  1.51547
 -0.19916
 -1.70843
  1.79902
0.0311584
 -1.09862
 -1.95795
  1.51593
-0.199282
 -1.70843
    1.799
0.0317719
 -1.09864
  -1.9582
  1.51645
-0.199417
 -1.70844
  1.79901
 0.032388
 -1.09866
 -1.95846
  1.51699
-0.199566
 -1.70844
  1.79901
0.0329872
 -1.09867
 -1.95871
  1.51749
-0.199731
 -1.70844
  1.79901
0.0335968
  -1.0987
 -1.95896
  1.51798
 -0.19989
 -1.70845
  1.79899
 0.034216
 -1.09869
 -1.95923
   1.5185
-0.200059
 -1.70845
  1.79899
0.0348286
 -1.09871
 -1.95951
  1.51904
 -0.20023
 -1.70846
  1.79904
0.0354343
  -1.0988
 -1.95977
  1.51955
-0.200406
 -1.70846
  1.79898
0.0360532
 -1.09878
 -1.96003
  1.52005
-0.200595
 -1.70847
  1.79891
0.0366664
 -1.09879
  -1.9603
   1.5206
-0.200784
 -1.70848
  1.79898
0.0372821
 -1.09899
 -1.96057
  1.52116
-0.200955
 -1.70848
  1.79899
0.0379051
 -1.09909
 -1.96086
  1.52169
-0.201099
 -1.70852
  1.79898
0.0385066
  -1.0992
 -1.96113
  1.52225
-0.201247
 -1.70859
  1.79901
0.0391118
 -1.09929
 -1.96139
  1.52281
-0.201397
 -1.70858
  1.79904
0.0397952
 -1.09938
 -1.96166
  1.52336
-0.201549
 -1.70859
  1.79903
 0.040472
 -1.09943
 -1.96194
  1.52389
-0.201702
 -1.70862
  1.79902
0.0410784
 -1.09943
 -1.96221
  1.52445
-0.201859
 -1.70863
  1.79907
0.0417109
 -1.09949
 -1.96249
  1.52503
 -0.20203
 -1.70864
  1.79912
0.0423844
 -1.09957
 -1.96282
   1.5256
  -0.2022
 -1.70865
  1.79913
0.0430576
 -1.09957
 -1.96321
  1.52617
-0.202371
 -1.70866
  1.79915
0.0437225
 -1.09959
 -1.96357
  1.52675
-0.202552
 -1.70868
  1.79918
0.0444147
 -1.09964
 -1.96392
  1.52732
-0.202734
 -1.70868
   1.7992
0.0451249
 -1.09966
 -1.96428
  1.52793
 -0.20292
 -1.70868
  1.79923
0.0458305
 -1.09972
 -1.96461
  1.52857
-0.203087
 -1.70873
  1.79921
0.0465112
  -1.0997
 -1.96495
  1.52919
-0.203239
  -1.7088
  1.79923
0.0472012
 -1.09973
 -1.96528
   1.5298
-0.203393
 -1.70878
  1.79926
0.0479815
 -1.09981
 -1.96562
  1.53044
-0.203552
  -1.7088
  1.79924
 0.048756
 -1.09982
 -1.96594
  1.53108
-0.203725
 -1.70884
  1.79923
 0.049495
 -1.09984
 -1.96627
  1.53171
-0.203901
 -1.70885
  1.79924
0.0502458
 -1.09996
 -1.96662
  1.53237
-0.204096
 -1.70887
  1.79921
0.0509987
 -1.09997
 -1.96697
  1.53299
-0.204287
 -1.70888
  1.79921
0.0517646
     -1.1
  -1.9673
  1.53359
-0.204483
 -1.70889
  1.79924
0.0525178
 -1.10012
 -1.96765
  1.53425
-0.204678
 -1.70889
  1.79925
0.0532804
 -1.10017
 -1.96799
   1.5349
-0.204876
 -1.70894
  1.79926
0.0540309
 -1.10025
 -1.96833
  1.53551
-0.205061
 -1.70901
  1.79923
0.0547737
 -1.10028
 -1.96865
  1.53616
-0.205245
 -1.70899
  1.79921
0.0555898
 -1.10025
 -1.96899
  1.53682
-0.205407
 -1.70901
  1.79924
0.0563806
  -1.1003
 -1.96932
  1.53743
-0.205578
 -1.70904
  1.79928
0.0570776
 -1.10037
 -1.96967
  1.53805
-0.205766
 -1.70904
  1.79928
0.0577979
  -1.1004
 -1.97006
  1.53874
-0.205967
 -1.70905
  1.79928
0.0585233
 -1.10042
 -1.97043
  1.53938
-0.206174
 -1.70905
  1.79933
0.0592519
 -1.10054
 -1.97079
  1.54002
-0.206386
 -1.70907
  1.79936
 0.059993
 -1.10061
 -1.97115
  1.54069
-0.206595
  -1.7091
  1.79933
0.0607259
 -1.10061
  -1.9715
  1.54138
-0.206807
 -1.70919
   1.7993
0.0614417
 -1.10059
 -1.97186
   1.5421
-0.207005
 -1.70919
  1.79935
0.0622934
 -1.10069
  -1.9722
  1.54282
-0.207204
 -1.70921
   1.7994
0.0631554
  -1.1008
 -1.97254
   1.5435
-0.207397
 -1.70927
  1.79944
0.0639138
  -1.1009
 -1.97289
  1.54419
-0.207587
 -1.70929
  1.79949
0.0647077
 -1.10098
 -1.97327
   1.5449
-0.207782
 -1.70932
  1.79948
0.0655082
 -1.10098
 -1.97363
  1.54561
   -0.208
 -1.70933
  1.79948
0.0663152
 -1.10097
   -1.974
   1.5463
-0.208217
 -1.70939
  1.79957
0.0671157
 -1.10112
 -1.97437
    1.547
-0.208445
 -1.70949
   1.7996
0.0678998
 -1.10116
 -1.97476
  1.54772
-0.208668
 -1.70948
  1.79969
0.0687977
 -1.10128
 -1.97513
  1.54848
-0.208881
 -1.70948
   1.7997
0.0697087
 -1.10131
  -1.9755
  1.54921
-0.209077
 -1.70953
   1.7997
0.0705203
  -1.1013
 -1.97589
  1.54993
 -0.20928
 -1.70954
  1.79981
0.0713674
 -1.10141
 -1.97629
  1.55066
-0.209491
 -1.70957
  1.79994
0.0722106
 -1.10155
 -1.97669
  1.55135
-0.209702
 -1.70962
  1.79997
0.0730258
 -1.10149
 -1.97708
  1.55212
-0.209919
 -1.70971
  1.80003
0.0738469
 -1.10155
 -1.97749
  1.55288
-0.210152
 -1.70971
  1.80014
0.0747511
  -1.1016
 -1.97791
  1.55356
-0.210397
 -1.70972
  1.80024
 0.075672
 -1.10167
  -1.9783
   1.5543
-0.210637
 -1.70978
  1.80028
0.0765069
 -1.10167
  -1.9787
  1.55506
-0.210868
 -1.70979
  1.80035
0.0773504
  -1.1017
  -1.9791
  1.55579
-0.211083
 -1.70981
   1.8005
 0.078224
 -1.10186
 -1.97951
  1.55652
-0.211291
 -1.70989
  1.80058
0.0790509
 -1.10192
 -1.97994
  1.55722
-0.211512
 -1.70998
  1.80058
0.0798873
 -1.10195
 -1.98034
  1.55797
-0.211743
 -1.70997
  1.80057
0.0808214
 -1.10196
 -1.98076
  1.55872
-0.211977
 -1.70998
  1.80064
 0.081758
 -1.10208
 -1.98117
  1.55942
-0.212214
 -1.71005
  1.80064
0.0826206
 -1.10214
 -1.98158
  1.56017
-0.212462
 -1.71007
  1.80071
0.0834834
 -1.10226
 -1.98198
  1.56093
-0.212708
 -1.71009
  1.80078
0.0843724
 -1.10243
  -1.9824
  1.56165
-0.212933
 -1.71015
  1.80071
0.0852199
 -1.10246
 -1.98284
  1.56241
-0.213148
 -1.71024
  1.80069
0.0860659
 -1.10257
 -1.98325
  1.56317
-0.213362
-1.71024
 1.80072
0.087029
-1.10273
-1.98366
 1.56394
-0.21359
 -1.71025
  1.80072
0.0879828
 -1.10288
 -1.98407
  1.56474
-0.213838
  -1.7103
  1.80073
0.0888589
 -1.10297
 -1.98449
  1.56551
-0.214083
 -1.71031
  1.80067
0.0897464
 -1.10297
 -1.98492
  1.56632
-0.214326
 -1.71037
  1.80069
0.0906288
 -1.10299
 -1.98532
  1.56712
-0.214576
 -1.71045
  1.80077
 0.091516
 -1.10308
 -1.98576
  1.56792
-0.214812
 -1.71045
  1.80076
0.0924792
 -1.10305
 -1.98624
  1.56871
-0.215038
 -1.71045
  1.80084
0.0934583
 -1.10312
 -1.98669
  1.56952
-0.215253
  -1.7105
  1.80082
0.0943447
 -1.10301
 -1.98716
  1.57035
-0.215487
 -1.71052
  1.80092
 0.095263
   -1.103
 -1.98763
  1.57115
-0.215753
 -1.71057
  1.80092
0.0961482
 -1.10292
 -1.98809
  1.57198
-0.216056
 -1.71065
  1.80099
0.0970356
 -1.10293
 -1.98856
  1.57275
-0.216349
 -1.71064
  1.80093
0.0980199
 -1.10281
 -1.98904
   1.5735
 -0.21664
-1.71064
 1.80104
0.098995
-1.10293
-1.98944
 1.57425
-0.21691
 -1.71069
  1.80111
0.0999169
 -1.10295
 -1.98987
  1.57499
-0.217166
 -1.71071
  1.80111
 0.100824
 -1.10295
 -1.99031
  1.57578
-0.217416
 -1.71075
  1.80114
  0.10174
 -1.10295
 -1.99074
  1.57653
-0.217668
 -1.71085
  1.80115
 0.102632
 -1.10297
 -1.99119
  1.57728
-0.217941
 -1.71083
  1.80127
 0.103636
 -1.10307
 -1.99164
  1.57806
-0.218229
-1.71083
 1.80132
0.104639
-1.10312
-1.99208
 1.57885
-0.21849
 -1.71088
  1.80133
 0.105541
 -1.10313
 -1.99252
  1.57967
-0.218722
 -1.71094
   1.8014
 0.106443
 -1.10321
 -1.99296
   1.5805
-0.218955
 -1.71102
  1.80143
 0.107353
 -1.10325
 -1.99339
  1.58129
-0.219177
 -1.71102
  1.80153
 0.108351
 -1.10339
 -1.99382
  1.58209
-0.219401
 -1.71102
  1.80158
 0.109356
 -1.10347
 -1.99425
  1.58289
-0.219631
-1.71107
 1.80167
0.110279
-1.10358
 -1.9947
 1.58369
-0.21988
 -1.71108
  1.80164
 0.111231
 -1.10354
 -1.99517
  1.58451
-0.220139
 -1.71113
  1.80181
 0.112149
 -1.10372
  -1.9956
  1.58528
-0.220411
-1.71122
 1.80186
0.113085
-1.10376
-1.99605
 1.58608
-0.22067
  -1.7112
  1.80186
 0.114104
 -1.10374
 -1.99651
   1.5869
-0.220905
 -1.71121
  1.80202
 0.115111
 -1.10392
 -1.99693
  1.58772
-0.221143
 -1.71125
  1.80207
 0.116044
  -1.1039
 -1.99737
  1.58857
-0.221389
 -1.7113
 1.80213
0.116969
-1.10395
 -1.9978
 1.58945
-0.22165
 -1.71139
   1.8023
 0.117881
 -1.10408
 -1.99827
  1.59028
-0.221939
 -1.71139
  1.80229
 0.118904
   -1.104
 -1.99879
  1.59113
-0.222235
 -1.71139
  1.80235
 0.119916
 -1.10405
 -1.99928
  1.59198
-0.222538
 -1.71144
  1.80253
 0.120848
  -1.1042
 -1.99976
  1.59278
-0.222817
 -1.71145
  1.80266
 0.121807
 -1.10429
 -2.00024
  1.59359
-0.223081
  -1.7115
  1.80271
 0.122738
  -1.1042
  -2.0007
  1.59439
-0.223353
 -1.71157
  1.80292
 0.123675
 -1.10433
 -2.00118
   1.5952
-0.223636
 -1.71156
  1.80304
 0.124701
 -1.10433
  -2.0017
  1.59602
-0.223924
 -1.71156
  1.80312
 0.125731
 -1.10423
 -2.00218
  1.59683
-0.224218
  -1.7116
  1.80335
 0.126659
 -1.10439
 -2.00264
  1.59765
-0.224509
 -1.71164
  1.80349
 0.127587
 -1.10442
 -2.00311
  1.59844
-0.224787
 -1.71172
  1.80355
 0.128521
 -1.10441
 -2.00353
  1.59924
-0.225044
  -1.7117
  1.80356
  0.12954
 -1.10441
 -2.00399
  1.60004
-0.225305
  -1.7117
  1.80372
 0.130566
 -1.10462
 -2.00442
  1.60081
-0.225583
 -1.71173
  1.80383
 0.131509
 -1.10475
 -2.00488
  1.60162
-0.225873
 -1.71177
  1.80383
 0.132451
 -1.10483
 -2.00535
  1.60245
-0.226169
 -1.71184
  1.80383
 0.133379
 -1.10494
 -2.00581
  1.60326
-0.226447
 -1.71181
  1.80387
 0.134417
 -1.10508
 -2.00627
  1.60405
-0.226692
 -1.71182
  1.80393
 0.135435
 -1.10524
 -2.00673
  1.60485
-0.226942
 -1.71185
  1.80392
 0.136399
 -1.10525
  -2.0072
  1.60567
-0.227185
-1.71185
 1.80392
0.137388
-1.10526
-2.00765
 1.60649
-0.22743
 -1.71189
   1.8039
 0.138359
 -1.10523
  -2.0081
  1.60731
-0.227697
 -1.71197
  1.80395
 0.139334
 -1.10526
 -2.00858
  1.60811
-0.227974
 -1.71195
  1.80401
 0.140358
 -1.10535
 -2.00905
  1.60896
-0.228254
 -1.71194
  1.80401
 0.141379
 -1.10531
 -2.00952
  1.60981
-0.228522
 -1.71196
  1.80404
 0.142337
 -1.10529
 -2.00999
  1.61065
-0.228772
 -1.71198
  1.80403
 0.143297
 -1.10522
 -2.01046
  1.61148
-0.229026
 -1.71204
  1.80406
 0.144252
 -1.10515
 -2.01092
  1.61228
-0.229293
 -1.71201
  1.80418
 0.145273
 -1.10518
  -2.0114
  1.61307
-0.229557
 -1.71202
  1.80423
 0.146258
 -1.10508
 -2.01189
  1.61384
-0.229835
 -1.71205
   1.8043
 0.147161
 -1.10501
 -2.01237
  1.61461
-0.230126
-1.71207
 1.80439
0.148083
-1.10496
-2.01284
 1.61538
-0.23041
-1.71211
 1.80448
0.148985
-1.10491
-2.01332
 1.61614
-0.23067
 -1.71209
  1.80457
 0.149937
 -1.10494
  -2.0138
  1.61692
-0.230925
 -1.71209
  1.80465
 0.150863
 -1.10495
 -2.01428
  1.61771
-0.231188
 -1.71213
  1.80469
 0.151756
 -1.10492
 -2.01475
  1.61847
-0.231459
 -1.71214
  1.80471
 0.152677
 -1.10492
 -2.01522
  1.61926
-0.231734
 -1.71219
  1.80486
 0.153568
 -1.10504
 -2.01568
  1.62002
-0.232022
 -1.71225
  1.80497
 0.154482
 -1.10514
 -2.01616
  1.62081
-0.232314
-1.71224
 1.80503
0.155485
-1.10518
-2.01663
 1.62165
-0.23258
 -1.71225
  1.80513
 0.156491
 -1.10523
 -2.01709
  1.62245
-0.232835
  -1.7123
  1.80523
  0.15744
 -1.10526
 -2.01758
  1.62325
-0.233091
 -1.71232
  1.80533
 0.158429
 -1.10529
 -2.01805
  1.62406
-0.233365
 -1.71236
  1.80542
 0.159392
 -1.10533
 -2.01851
  1.62487
-0.233667
 -1.71242
  1.80552
 0.160353
 -1.10538
   -2.019
  1.62569
-0.233959
  -1.7124
  1.80563
 0.161387
 -1.10544
 -2.01948
  1.62651
-0.234258
 -1.71239
  1.80573
 0.162399
 -1.10547
 -2.01995
  1.62732
-0.234533
 -1.71243
  1.80583
 0.163328
  -1.1055
 -2.02043
   1.6281
-0.234796
 -1.71245
  1.80593
 0.164226
 -1.10553
 -2.02091
  1.62889
-0.235054
-1.71251
 1.80602
0.165135
-1.10554
-2.02136
 1.62966
-0.23532
 -1.71247
  1.80612
 0.166124
 -1.10558
 -2.02184
  1.63043
-0.235616
-1.71246
 1.80621
0.167094
 -1.1056
-2.02231
 1.63116
-0.23591
 -1.71248
  1.80631
 0.168004
 -1.10561
 -2.02276
  1.63188
-0.236195
 -1.71247
  1.80641
 0.168919
 -1.10562
 -2.02322
  1.63264
-0.236471
  -1.7125
   1.8065
 0.169821
  -1.1056
 -2.02367
  1.63338
-0.236732
 -1.71254
   1.8066
 0.170696
 -1.10561
 -2.02413
  1.63411
-0.236988
 -1.71251
  1.80671
 0.171677
 -1.10562
 -2.02458
  1.63487
-0.237245
  -1.7125
   1.8068
 0.172632
  -1.1056
 -2.02501
   1.6356
-0.237518
 -1.71254
  1.80691
 0.173504
 -1.10561
 -2.02544
  1.63633
-0.237809
 -1.71253
  1.80699
 0.174392
 -1.10556
 -2.02589
  1.63709
-0.238095
 -1.71258
  1.80711
 0.175247
  -1.1055
 -2.02633
  1.63781
-0.238364
 -1.71265
  1.80724
 0.176109
 -1.10551
 -2.02679
  1.63854
-0.238626
 -1.71264
  1.80735
 0.177038
 -1.10547
 -2.02725
   1.6393
-0.238876
-1.71264
 1.80744
 0.17798
-1.10545
-2.02768
 1.64002
-0.23913
 -1.71268
  1.80755
 0.178844
 -1.10544
 -2.02812
  1.64078
-0.239388
 -1.71269
  1.80765
 0.179711
  -1.1054
 -2.02856
  1.64152
-0.239658
  -1.7127
  1.80775
 0.180592
 -1.10539
 -2.02899
  1.64226
-0.239946
 -1.71275
  1.80787
 0.181434
 -1.10536
 -2.02944
  1.64303
-0.240229
 -1.71284
  1.80802
 0.182261
 -1.10535
  -2.0299
  1.64377
-0.240476
 -1.71282
   1.8081
 0.183202
 -1.10528
 -2.03036
   1.6445
-0.240726
 -1.71283
  1.80816
 0.184125
 -1.10517
 -2.03081
  1.64525
-0.240977
 -1.71289
  1.80833
 0.184955
 -1.10517
 -2.03124
  1.64601
-0.241234
 -1.71289
  1.80845
 0.185798
 -1.10513
 -2.03169
  1.64678
-0.241504
 -1.71292
  1.80855
 0.186641
 -1.10507
 -2.03212
   1.6475
-0.241777
 -1.71297
  1.80867
  0.18746
 -1.10499
 -2.03255
  1.64823
-0.242053
 -1.71304
  1.80883
 0.188274
 -1.10498
   -2.033
  1.64893
-0.242329
 -1.71303
  1.80895
 0.189185
 -1.10492
 -2.03346
  1.64959
-0.242575
-1.71303
 1.80908
0.190076
 -1.1049
-2.03389
 1.65028
-0.24282
 -1.71308
  1.80919
 0.190898
 -1.10482
 -2.03433
  1.65096
-0.243076
  -1.7131
  1.80933
 0.191728
 -1.10475
 -2.03476
  1.65161
-0.243346
 -1.71311
  1.80954
 0.192533
 -1.10477
 -2.03517
   1.6523
-0.243613
 -1.71318
  1.80972
 0.193323
 -1.10471
 -2.03558
  1.65297
-0.243885
 -1.71328
  1.80976
 0.194102
 -1.10455
 -2.03601
  1.65365
-0.244157
 -1.71329
  1.80987
  0.19496
 -1.10448
 -2.03646
  1.65433
-0.244414
  -1.7133
  1.81004
 0.195828
 -1.10447
 -2.03689
  1.65496
-0.244654
 -1.71336
  1.81013
 0.196586
 -1.10438
 -2.03731
   1.6556
-0.244892
 -1.71339
  1.81023
 0.197365
 -1.10434
 -2.03772
  1.65631
-0.245145
 -1.71342
  1.81031
 0.198159
 -1.10426
  -2.0381
  1.65698
-0.245416
 -1.71344
   1.8104
 0.198936
  -1.1042
 -2.03848
   1.6576
-0.245687
-1.71349
 1.81051
0.199706
 -1.1042
-2.03888
 1.65827
-0.24594
  -1.7136
  1.81058
 0.200445
 -1.10414
 -2.03929
  1.65893
-0.246172
  -1.7136
  1.81064
 0.201289
 -1.10411
 -2.03969
  1.65956
-0.246386
 -1.71362
  1.81075
 0.202119
  -1.1041
 -2.04009
   1.6602
-0.246609
 -1.71367
  1.81092
 0.202856
 -1.10409
 -2.04048
  1.66086
-0.246818
 -1.7137
 1.81094
0.203616
-1.10395
-2.04088
  1.6615
-0.24703
 -1.71374
  1.81102
 0.204365
 -1.10387
 -2.04127
  1.66215
-0.247266
 -1.71376
  1.81122
 0.205104
 -1.10396
 -2.04165
  1.66277
-0.247503
-1.71384
 1.81133
0.205811
-1.10395
-2.04205
 1.66339
-0.24775
 -1.71394
  1.81143
 0.206503
 -1.10397
 -2.04241
  1.66404
-0.247991
 -1.71397
  1.81154
 0.207259
   -1.104
 -2.04279
  1.66467
-0.248212
 -1.71399
  1.81171
 0.207989
 -1.10406
 -2.04318
  1.66526
-0.248425
 -1.71405
  1.81183
 0.208682
 -1.10403
 -2.04358
   1.6659
-0.248644
-1.71409
 1.81196
0.209372
  -1.104
-2.04398
 1.66654
-0.24887
 -1.71413
  1.81211
 0.210068
 -1.10396
 -2.04437
  1.66714
-0.249082
 -1.71417
  1.81229
 0.210779
 -1.10397
 -2.04474
  1.66777
-0.249311
  -1.7142
   1.8124
 0.211484
 -1.10389
 -2.04512
  1.66841
-0.249558
 -1.71424
   1.8125
 0.212166
 -1.10382
  -2.0455
  1.66901
-0.249803
 -1.71429
  1.81265
  0.21286
 -1.10385
 -2.04589
  1.66963
-0.250039
 -1.71439
  1.81275
 0.213534
 -1.10376
 -2.04626
  1.67023
-0.250251
 -1.71438
   1.8129
 0.214298
 -1.10374
 -2.04663
  1.67074
-0.250461
 -1.71438
  1.81314
 0.215061
 -1.10379
   -2.047
  1.67123
-0.250667
-1.71442
 1.81319
0.215787
 -1.1036
-2.04737
  1.6718
-0.25089
 -1.71442
  1.81325
 0.216521
 -1.10345
 -2.04774
  1.67236
-0.251111
 -1.71442
  1.81338
 0.217256
 -1.10336
 -2.04811
  1.67282
-0.251325
 -1.71442
  1.81352
 0.217972
  -1.1033
 -2.04848
  1.67333
-0.251552
-1.71443
 1.81361
0.218648
 -1.1032
-2.04885
 1.67391
-0.25178
 -1.71442
  1.81368
 0.219336
 -1.10309
 -2.04921
  1.67445
-0.252003
 -1.71442
  1.81382
  0.21999
 -1.10307
 -2.04955
  1.67496
-0.252204
 -1.71444
  1.81389
   0.2206
 -1.10297
 -2.04987
   1.6755
-0.252395
 -1.71448
  1.81395
 0.221204
 -1.10288
 -2.05019
  1.67609
-0.252582
 -1.71445
  1.81407
  0.22189
 -1.10291
 -2.05052
   1.6766
-0.252774
-1.71447
 1.81412
0.222533
-1.10282
-2.05084
 1.67711
-0.25298
  -1.7145
  1.81418
 0.223108
 -1.10274
 -2.05115
  1.67768
-0.253201
  -1.7145
  1.81429
 0.223715
 -1.10276
 -2.05147
  1.67823
-0.253407
-1.71451
 1.81432
0.224305
-1.10266
-2.05178
 1.67873
-0.25362
-1.71451
 1.81435
0.224881
-1.10257
-2.05207
 1.67923
-0.25383
 -1.71451
  1.81448
 0.225455
 -1.10263
 -2.05237
  1.67975
-0.254031
 -1.71452
   1.8146
  0.22604
  -1.1027
 -2.05269
  1.68027
-0.254214
 -1.71452
   1.8146
 0.226623
 -1.10267
 -2.05299
  1.68074
-0.254388
 -1.71453
  1.81463
 0.227184
 -1.10269
 -2.05328
  1.68121
-0.254553
 -1.71453
   1.8147
  0.22776
 -1.10275
 -2.05357
  1.68173
-0.254726
 -1.71455
  1.81472
 0.228336
 -1.10271
 -2.05388
  1.68225
-0.254902
 -1.71458
  1.81478
 0.228873
 -1.10267
 -2.05417
  1.68271
-0.255104
 -1.71463
  1.81489
 0.229417
 -1.10268
 -2.05447
  1.68315
-0.255309
 -1.71462
  1.81497
 0.230025
 -1.10259
 -2.05479
  1.68357
-0.255507
 -1.71463
  1.81505
 0.230613
 -1.10249
 -2.05509
  1.68401
-0.255694
 -1.71467
  1.81514
 0.231143
 -1.10242
 -2.05539
  1.68441
-0.255888
 -1.71467
  1.81516
 0.231698
  -1.1023
 -2.05568
  1.68484
-0.256052
 -1.71469
  1.81528
  0.23224
 -1.10227
 -2.05594
  1.68526
-0.256194
 -1.71469
   1.8154
 0.232794
 -1.10222
 -2.05623
  1.68574
-0.256337
  -1.7147
   1.8155
  0.23332
 -1.10217
 -2.05651
  1.68617
-0.256477
 -1.71471
  1.81559
 0.233816
 -1.10207
 -2.05678
  1.68653
-0.256612
 -1.71472
  1.81564
 0.234315
 -1.10192
 -2.05705
  1.68693
-0.256756
 -1.71472
  1.81574
 0.234804
 -1.10188
 -2.05735
  1.68735
-0.256906
 -1.71473
  1.81587
 0.235253
 -1.10189
 -2.05764
  1.68775
-0.257069
 -1.71473
  1.81597
 0.235696
 -1.10187
 -2.05792
  1.68812
-0.257236
-1.71474
 1.81605
0.236145
-1.10189
-2.05818
  1.6885
-0.25741
 -1.71474
  1.81607
 0.236605
  -1.1018
 -2.05843
   1.6889
-0.257579
 -1.71476
  1.81611
 0.237055
 -1.10172
 -2.05867
  1.68933
-0.257733
 -1.71477
  1.81624
 0.237488
 -1.10175
 -2.05888
  1.68972
-0.257884
 -1.71478
   1.8164
 0.237914
 -1.10181
 -2.05909
  1.69004
-0.258026
 -1.71483
  1.81636
 0.238334
 -1.10172
 -2.05929
  1.69038
-0.258163
  -1.7149
  1.81633
 0.238764
 -1.10171
 -2.05949
  1.69071
-0.258301
  -1.7149
  1.81642
 0.239238
 -1.10188
  -2.0597
  1.69105
-0.258424
 -1.71492
  1.81644
 0.239692
  -1.1019
 -2.05989
  1.69143
-0.258549
 -1.71497
  1.81637
 0.240096
 -1.10178
 -2.06007
  1.69181
-0.258674
 -1.71497
  1.81639
 0.240523
 -1.10168
 -2.06029
   1.6921
-0.258799
 -1.71498
  1.81654
 0.240944
 -1.10168
 -2.06052
  1.69236
-0.258929
   -1.715
   1.8166
 0.241381
 -1.10156
 -2.06075
  1.69264
-0.259067
 -1.71502
  1.81659
 0.241803
 -1.10137
 -2.06099
  1.69296
-0.259201
 -1.71504
  1.81669
 0.242188
 -1.10132
 -2.06122
  1.69331
-0.259344
 -1.71505
  1.81671
 0.242574
 -1.10121
 -2.06145
  1.69364
-0.259496
 -1.71508
  1.81671
 0.242927
 -1.10106
 -2.06167
  1.69392
-0.259647
  -1.7151
  1.81677
 0.243238
 -1.10104
 -2.06189
  1.69418
-0.259789
 -1.71513
  1.81684
 0.243543
 -1.10096
 -2.06211
  1.69443
-0.259896
 -1.71514
  1.81698
 0.243843
   -1.101
 -2.06229
  1.69472
-0.259985
 -1.71516
  1.81698
 0.244151
 -1.10082
 -2.06249
  1.69504
-0.260074
 -1.71518
  1.81705
 0.244448
 -1.10073
 -2.06265
  1.69537
-0.260171
 -1.71521
  1.81714
 0.244727
 -1.10071
 -2.06282
  1.69567
-0.260264
 -1.71522
  1.81723
 0.245018
 -1.10065
 -2.06298
  1.69592
-0.260358
 -1.71523
  1.81736
 0.245287
 -1.10071
  -2.0631
  1.69616
-0.260449
 -1.71525
  1.81734
 0.245566
 -1.10062
 -2.06326
  1.69638
-0.260543
 -1.71526
  1.81738
 0.245807
 -1.10066
 -2.06339
  1.69662
-0.260637
 -1.71528
  1.81738
 0.246053
 -1.10061
 -2.06353
  1.69687
-0.260732
 -1.71529
  1.81744
 0.246274
 -1.10065
 -2.06367
  1.69713
-0.260833
 -1.71528
  1.81746
 0.246511
 -1.10067
 -2.06382
  1.69737
-0.260934
  -1.7153
  1.81749
 0.246731
 -1.10069
 -2.06397
  1.69757
-0.261029
  -1.7153
  1.81748
 0.246964
 -1.10064
 -2.06412
  1.69775
-0.261125
 -1.7153
 1.81754
0.247201
-1.10063
-2.06427
 1.69792
-0.26122
 -1.71531
  1.81757
 0.247439
 -1.10053
 -2.06444
  1.69804
-0.261318
 -1.7153
 1.81771
0.247671
-1.10056
-2.06458
 1.69815
-0.26141
 -1.71531
  1.81771
 0.247913
 -1.10038
 -2.06472
  1.69829
-0.261491
  -1.7153
  1.81782
 0.248139
 -1.10035
 -2.06483
  1.69847
-0.261559
 -1.71531
  1.81793
 0.248331
 -1.10036
 -2.06495
  1.69867
-0.261613
  -1.7153
  1.81796
 0.248541
 -1.10029
 -2.06506
  1.69886
-0.261664
  -1.7153
    1.818
 0.248734
 -1.10027
 -2.06515
  1.69905
-0.261713
  -1.7153
  1.81799
 0.248926
 -1.10017
 -2.06526
  1.69923
-0.261761
 -1.71528
  1.81808
 0.249112
 -1.10027
 -2.06535
   1.6994
-0.261803
 -1.71528
  1.81813
 0.249276
  -1.1003
 -2.06545
  1.69954
-0.261841
 -1.71528
  1.81822
 0.249435
 -1.10036
 -2.06554
   1.6997
-0.261877
 -1.71528
  1.81818
 0.249614
 -1.10031
 -2.06562
  1.69987
-0.261909
 -1.71531
  1.81818
 0.249758
 -1.10027
 -2.06567
  1.69999
-0.261935
 -1.71534
  1.81823
  0.24987
 -1.10031
 -2.06572
  1.70009
-0.261958
 -1.71531
  1.81819
 0.250072
 -1.10028
  -2.0658
  1.70018
-0.261981
  -1.7153
  1.81819
 0.250244
 -1.10028
 -2.06585
  1.70028
-0.262003
 -1.71532
  1.81822
 0.250334
 -1.10028
 -2.06589
  1.70039
-0.262034
 -1.71531
  1.81827
 0.250432
 -1.10033
 -2.06595
  1.70051
-0.262076
 -1.71531
  1.81821
 0.250557
 -1.10025
 -2.06601
  1.70063
-0.262134
 -1.71531
  1.81821
  0.25066
 -1.10027
 -2.06605
  1.70074
-0.262189
  -1.7153
  1.81824
  0.25075
 -1.10034
  -2.0661
  1.70079
-0.262243
  -1.7153
  1.81823
 0.250839
 -1.10036
 -2.06614
  1.70083
-0.262295
 -1.71529
  1.81824
 0.250926
  -1.1004
 -2.06619
  1.70088
-0.262344
 -1.71528
  1.81828
 0.250999
 -1.10047
 -2.06622
  1.70091
-0.262389
 -1.71527
  1.81837
  0.25106
 -1.10051
 -2.06626
  1.70095
-0.262434
 -1.71527
  1.81836
 0.251132
 -1.10042
 -2.06631
    1.701
-0.262478
 -1.71527
  1.81837
 0.251192
 -1.10035
 -2.06634
  1.70103
-0.262518
 -1.71526
  1.81845
  0.25123
 -1.10034
 -2.06636
  1.70105
-0.262537
 -1.71526
  1.81847
 0.251261
 -1.10031
 -2.06639
  1.70108
-0.262538
 -1.71526
   1.8185
 0.251283
 -1.10029
 -2.06641
  1.70112
-0.262536
 -1.71525
  1.81851
 0.251292
 -1.10027
 -2.06641
  1.70115
-0.262534
-1.71524
 1.81853
0.251298
-1.10024
-2.06641
 1.70116
-0.26253
 -1.71523
  1.81854
 0.251307
 -1.10021
 -2.06641
  1.70118
-0.262527
 -1.71521
  1.81855
 0.251313
 -1.10018
  -2.0664
  1.70118
-0.262527
 -1.71519
  1.81856
 0.251319
 -1.10015
  -2.0664
  1.70118
-0.262527
 -1.71517
  1.81857
 0.251327
 -1.10013
 -2.06639
  1.70117
-0.262527
 -1.71515
  1.81857
 0.251335
 -1.10011
 -2.06639
  1.70117
-0.262527
 -1.71513
  1.81858
 0.251341
 -1.10009
 -2.06639
  1.70117
-0.262527
 -1.71512
  1.81858
 0.251345
 -1.10008
 -2.06639
  1.70117
-0.262527
 -1.71511
  1.81859
 0.251349
 -1.10008
 -2.06639
  1.70117
-0.262526
  -1.7151
  1.81859
 0.251354
 -1.10008
 -2.06639
  1.70117
-0.262526
 -1.71509
   1.8186
 0.251358
 -1.10008
 -2.06639
  1.70117
-0.262526
 -1.71508
  1.81861
 0.251365
 -1.10008
 -2.06639
  1.70117
-0.262526
 -1.71507
  1.81862
 0.251373
 -1.10009
 -2.06639
  1.70117
-0.262526
 -1.71506
  1.81863
 0.251383
  -1.1001
 -2.06639
  1.70117
-0.262526
 -1.71505
  1.81864
 0.251397
 -1.10011
 -2.06639
  1.70117
-0.262526
 -1.71504
  1.81865
 0.251413
 -1.10012
 -2.06639
  1.70117
-0.262526
 -1.71503
  1.81866
  0.25143
 -1.10013
 -2.06639
  1.70117
-0.262526
 -1.71502
  1.81866
 0.251446
 -1.10014
 -2.06639
  1.70117
-0.262526
 -1.71501
  1.81867
 0.251458
 -1.10016
 -2.06639
  1.70117
-0.262526
 -1.71501
  1.81867
 0.251467
 -1.10017
 -2.06639
  1.70117
-0.262526
   -1.715
  1.81867
 0.251473
 -1.10018
 -2.06639
  1.70117
-0.262526
   -1.715
  1.81867
 0.251476
  -1.1002
 -2.06639
  1.70117
-0.262526
   -1.715
  1.81867
 0.251478
 -1.10021
 -2.06639
  1.70117
-0.262526
 -1.71499
  1.81867
 0.251481
 -1.10023
 -2.06639
  1.70117
-0.262526
 -1.71499
  1.81867
 0.251485
 -1.10025
 -2.06639
  1.70117
-0.262526
 -1.71499
  1.81867
 0.251488
 -1.10026
 -2.06638
  1.70117
-0.262526
 -1.71498
  1.81867
 0.251493
 -1.10027
 -2.06638
  1.70117
-0.262526
 -1.71498
  1.81867
 0.251498
 -1.10028
 -2.06638
  1.70117
-0.262526
 -1.71498
  1.81867
 0.251502
 -1.10029
 -2.06638
  1.70117
-0.262526
 -1.71498
  1.81867
 0.251507
  -1.1003
 -2.06638
  1.70117
-0.262526
 -1.71498
  1.81866
 0.251511
 -1.10031
 -2.06638
  1.70117
-0.262526
 -1.71498
  1.81866
 0.251514
 -1.10031
 -2.06638
  1.70117
-0.262526
 -1.71498
  1.81866
 0.251516
 -1.10032
 -2.06638
  1.70117
-0.262526
 -1.71498
  1.81866
 0.251518
 -1.10033
 -2.06638
  1.70117
-0.262526
 -1.71498
  1.81867
  0.25152
 -1.10033
 -2.06638
  1.70117
-0.262526
 -1.71498
  1.81867
 0.251521
 -1.10034
 -2.06638
  1.70117
-0.262526
 -1.71498
  1.81867
 0.251523
 -1.10035
 -2.06638
  1.70117
-0.262526
 -1.71498
  1.81867
 0.251526
 -1.10036
 -2.06638
  1.70117
-0.262526
 -1.71498
  1.81867
 0.251529
 -1.10036
 -2.06638
  1.70117
-0.262526
 -1.71498
  1.81867
 0.251533
 -1.10037
 -2.06638
  1.70117
-0.262526
 -1.71498
  1.81867
 0.251536
 -1.10037
 -2.06638
  1.70117
-0.262526
 -1.71498
  1.81867
 0.251539
 -1.10038
 -2.06638
  1.70117
-0.262526
 -1.71498
  1.81866
  0.25154
 -1.10038
 -2.06638
  1.70117
-0.262526
 -1.71498
  1.81866
 0.251542
 -1.10038
 -2.06638
  1.70117
-0.262526
 -1.71498
  1.81866
 0.251544
 -1.10039
 -2.06638
  1.70117
-0.262526
 -1.71498
  1.81866
 0.251545
 -1.10039
 -2.06638
  1.70117
-0.262526
 -1.71498
  1.81867
 0.251547
 -1.10039
 -2.06638
  1.70117
-0.262526
 -1.71498
  1.81867
 0.251549
  -1.1004
 -2.06638
  1.70117
-0.262526
 -1.71498
  1.81867
  0.25155
  -1.1004
 -2.06638
  1.70117
-0.262526
 -1.71498
  1.81867
 0.251552
 -1.10041
 -2.06638
  1.70117
-0.262526
 -1.71498
  1.81867
 0.251554
 -1.10041
 -2.06638
  1.70117
-0.262526
 -1.71498
  1.81867
 0.251556
 -1.10041
 -2.06638
  1.70117
-0.262526
 -1.71498
  1.81867
 0.251558
 -1.10041
 -2.06638
  1.70117
-0.262526
 -1.71498
  1.81867
  0.25156
 -1.10041
 -2.06638
  1.70117
-0.262526
 -1.71498
  1.81867
 0.251562
 -1.10042
 -2.06638
  1.70117
-0.262526
 -1.71498
  1.81867
 0.251564
 -1.10042
 -2.06638
  1.70117
-0.262526
 -1.71498
  1.81867
 0.251565
 -1.10042
 -2.06638
  1.70117
-0.262526
 -1.71498
  1.81867
 0.251567
 -1.10042
 -2.06638
  1.70117
-0.262526
 -1.71498
  1.81867
 0.251569
 -1.10042
 -2.06638
  1.70117
-0.262526
 -1.71498
  1.81867
  0.25157
 -1.10042
 -2.06638
  1.70117
-0.262526
 -1.71498
  1.81867
 0.251571
 -1.10042
 -2.06638
  1.70117
-0.262526
 -1.71498
  1.81867
 0.251572
 -1.10043
 -2.06638
  1.70117
-0.262526
 -1.71498
  1.81867
 0.251573
 -1.10043
 -2.06638
  1.70117
-0.262526
 -1.71498
  1.81867
 0.251575
 -1.10043
 -2.06638
  1.70117
-0.262526
 -1.71498
  1.81867
 0.251576
 -1.10043
 -2.06638
  1.70117
-0.262526
 -1.71498
  1.81867
 0.251578
 -1.10043
 -2.06638
  1.70117
-0.262526
 -1.71498
  1.81867
  0.25158
 -1.10043
 -2.06638
  1.70117
-0.262526
 -1.71498
  1.81867
 0.251582
 -1.10043
 -2.06638
  1.70117
-0.262526
 -1.71498
  1.81867
 0.251583
 -1.10043
 -2.06638
  1.70117
-0.262526
 -1.71498
  1.81867
 0.251585
 -1.10043
 -2.06638
  1.70117
-0.262526
 -1.71498
  1.81867
 0.251586
 -1.10043
 -2.06638
  1.70117
-0.262526
 -1.71498
  1.81867
 0.251588
 -1.10043
 -2.06638
  1.70117
-0.262526
 -1.71498
  1.81867
 0.251589
 -1.10044
 -2.06638
  1.70117
-0.262526
 -1.71498
  1.81867
  0.25159
 -1.10044
 -2.06638
  1.70117
-0.262526
 -1.71498
  1.81867
 0.251591
 -1.10044
 -2.06638
  1.70117
-0.262526
 -1.71498
  1.81867
 0.251593
 -1.10044
 -2.06638
  1.70117
-0.262526
 -1.71498
  1.81867
 0.251594
 -1.10044
 -2.06638
  1.70117
-0.262526
 -1.71498
  1.81867
 0.251595
 -1.10044
 -2.06638
  1.70117
-0.262526
 -1.71498
  1.81867
 0.251597
 -1.10044
 -2.06638
  1.70117
-0.262526
 -1.71498
  1.81867
 0.251598
 -1.10044
 -2.06638
  1.70117
-0.262526
 -1.71498
  1.81867
 0.251599
 -1.10044
 -2.06638
  1.70117
-0.262526
 -1.71498
  1.81867
   0.2516
 -1.10044
 -2.06638
  1.70117
-0.262526
 -1.71498
  1.81867
 0.251601
 -1.10044
 -2.06638
  1.70117
-0.262526
 -1.71498
  1.81867
 0.251602
 -1.10044
 -2.06638
  1.70117
-0.262526
 -1.71498
  1.81867
 0.251603
 -1.10044
 -2.06638
  1.70117
-0.262526
 -1.71498
  1.81867
 0.251604
 -1.10044
 -2.06638
  1.70117
-0.262526
 -1.71498
  1.81867
 0.251605
 -1.10044
 -2.06638
  1.70117
-0.262526
 -1.71498
  1.81867
 0.251606
 -1.10044
 -2.06638
  1.70117
-0.262526
 -1.71498
  1.81867
 0.251606
 -1.10044
 -2.06638
  1.70117
-0.262526
 -1.71498
  1.81867
 0.251608
 -1.10044
 -2.06638
  1.70117
-0.262526
 -1.71498
  1.81867
 0.251609
 -1.10044
 -2.06638
  1.70117
-0.262526
 -1.71498
  1.81867
  0.25161
 -1.10044
 -2.06638
  1.70117
-0.262526
 -1.71498
  1.81867
 0.251611
 -1.10044
 -2.06638
  1.70117
-0.262526
 -1.71498
  1.81867
 0.251612
 -1.10044
 -2.06638
  1.70117
-0.262526
 -1.71498
  1.81867
 0.251613
 -1.10044
 -2.06638
  1.70117
-0.262526
 -1.71498
  1.81867
 0.251614
 -1.10044
 -2.06638
  1.70117
-0.262526
 -1.71498
  1.81867
 0.251614
 -1.10044
 -2.06638
  1.70117
-0.262526
 -1.71498
  1.81867
 0.251615
 -1.10044
 -2.06638
  1.70117
-0.262526
 -1.71498
  1.81867
 0.251615
 -1.10044
 -2.06638
  1.70117
-0.262526
 -1.71498
  1.81867
 0.251616
 -1.10044
 -2.06638
  1.70117
-0.262526
 -1.71498
  1.81867
 0.251616
 -1.10044
 -2.06638
  1.70117
-0.262526
 -1.71498
  1.81867
 0.251617
 -1.10044
 -2.06638
  1.70117
-0.262526
 -1.71498
  1.81867
 0.251618
 -1.10044
 -2.06638
  1.70117
-0.262526
 -1.71498
  1.81867
 0.251619
 -1.10044
 -2.06638
  1.70117
-0.262526
 -1.71498
  1.81867
  0.25162
 -1.10044
 -2.06638
  1.70117
-0.262526
 -1.71498
  1.81867
 0.251621
 -1.10044
 -2.06638
  1.70117
-0.262526
 -1.71498
  1.81867
 0.251621
 -1.10044
 -2.06638
  1.70117
-0.262526
 -1.71498
  1.81867
 0.251622
 -1.10044
 -2.06638
  1.70117
-0.262526
 -1.71498
  1.81867
 0.251623
 -1.10044
 -2.06638
  1.70117
-0.262526
 -1.71498
  1.81867
 0.251623
 -1.10044
 -2.06638
  1.70117
-0.262526
 -1.71498
  1.81867
 0.251624
 -1.10044
 -2.06638
  1.70117
-0.262526
 -1.71498
  1.81867
 0.251624
 -1.10044
 -2.06638
  1.70117
-0.262526
 -1.71498
  1.81867
 0.251625
 -1.10044
 -2.06638
  1.70117
-0.262526
 -1.71498
  1.81867
 0.251625
 -1.10044
 -2.06638
  1.70117
-0.262526
 -1.71498
  1.81867
 0.251626
 -1.10044
 -2.06638
  1.70117
-0.262526
 -1.71498
  1.81867
 0.251627
 -1.10044
 -2.06638
  1.70117
-0.262526
 -1.71498
  1.81867
 0.251628
 -1.10044
 -2.06638
  1.70117
-0.262526
 -1.71498
  1.81867
 0.251628
 -1.10044
 -2.06638
  1.70117
-0.262526
 -1.71498
  1.81867
 0.251629
 -1.10044
 -2.06638
  1.70117
-0.262526
 -1.71498
  1.81867
  0.25163
 -1.10044
 -2.06638
  1.70117
-0.262526
 -1.71498
  1.81867
  0.25163
 -1.10044
 -2.06638
  1.70117
-0.262526
 -1.71498
  1.81867
  0.25163
 -1.10044
 -2.06638
  1.70117
-0.262526
 -1.71498
  1.81867
 0.251631
 -1.10044
 -2.06638
  1.70117
-0.262526
 -1.71498
  1.81867
 0.251631
 -1.10044
 -2.06638
  1.70117
-0.262526
 -1.71498
  1.81867
 0.251632
 -1.10044
 -2.06638
  1.70117
-0.262526
 -1.71498
  1.81867
 0.251633
 -1.10044
 -2.06638
  1.70117
-0.262526
 -1.71498
  1.81867
 0.251633
 -1.10044
 -2.06638
  1.70117
-0.262526
 -1.71498
  1.81867
 0.251634
 -1.10044
 -2.06638
  1.70117
-0.262526
 -1.71498
  1.81867
 0.251635
 -1.10044
 -2.06638
  1.70117
-0.262526
 -1.71498
  1.81867
 0.251635
 -1.10044
 -2.06638
  1.70117
-0.262526
 -1.71498
  1.81867
 0.251636
 -1.10044
 -2.06638
  1.70117
-0.262526
 -1.71498
  1.81867
 0.251636
 -1.10044
 -2.06638
  1.70117
-0.262526
 -1.71498
  1.81867
 0.251637
 -1.10044
 -2.06638
  1.70117
-0.262526
 -1.71498
  1.81867
 0.251637
 -1.10044
 -2.06638
  1.70117
-0.262526
 -1.71498
  1.81867
 0.251638
 -1.10044
 -2.06638
  1.70117
-0.262526
 -1.71498
  1.81867
 0.251638
 -1.10044
 -2.06638
  1.70117
-0.262526
 -1.71498
  1.81867
 0.251638
 -1.10044
 -2.06638
  1.70117
-0.262526
 -1.71498
  1.81867
 0.251639
 -1.10044
 -2.06638
  1.70117
-0.262526
 -1.71498
  1.81867
  0.25164
 -1.10044
 -2.06638
  1.70117
-0.262526
 -1.71498
  1.81867
  0.25164
 -1.10044
 -2.06638
  1.70117
-0.262526
 -1.71498
  1.81867
 0.251641
 -1.10044
 -2.06638
  1.70117
-0.262526
 -1.71498
  1.81867
 0.251642
 -1.10044
 -2.06638
  1.70117
-0.262526
 -1.71498
  1.81867
 0.251642
 -1.10044
 -2.06638
  1.70117
-0.262526
 -1.71498
  1.81867
 0.251643
 -1.10044
 -2.06638
  1.70117
-0.262526
 -1.71498
  1.81867
 0.251644
 -1.10044
 -2.06638
  1.70117
-0.262526
 -1.71498
  1.81867
 0.251644
 -1.10044
 -2.06638
  1.70117
-0.262526
 -1.71498
  1.81867
 0.251645
 -1.10044
 -2.06638
  1.70117
-0.262526
 -1.71498
  1.81867
 0.251645
 -1.10044
 -2.06638
  1.70117
-0.262526
 -1.71498
  1.81867
 0.251645
 -1.10044
 -2.06638
  1.70117
-0.262526
 -1.71498
  1.81867
 0.251646
 -1.10044
 -2.06638
  1.70117
-0.262526
 -1.71498
  1.81867
 0.251646
 -1.10044
 -2.06638
  1.70117
-0.262526
 -1.71498
  1.81867
 0.251646
 -1.10044
 -2.06638
  1.70117
-0.262526
 -1.71498
  1.81867
 0.251647
 -1.10044
 -2.06638
  1.70117
-0.262526
 -1.71498
  1.81867
 0.251648
 -1.10044
 -2.06638
  1.70117
-0.262526
 -1.71498
  1.81867
 0.251648
 -1.10044
 -2.06638
  1.70117
-0.262526
 -1.71498
  1.81867
 0.251649
 -1.10044
 -2.06638
  1.70117
-0.262526
 -1.71498
  1.81867
 0.251649
 -1.10044
 -2.06638
  1.70117
-0.262526
 -1.71498
  1.81867
 0.251649
 -1.10044
 -2.06638
  1.70117
-0.262526
 -1.71498
  1.81867
  0.25165
 -1.10044
 -2.06638
  1.70117
-0.262526
 -1.71498
  1.81867
  0.25165
 -1.10044
 -2.06638
  1.70117
-0.262526
 -1.71498
  1.81867
  0.25165
 -1.10044
 -2.06638
  1.70117
-0.262526
 -1.71498
  1.81867
 0.251651
 -1.10044
 -2.06638
  1.70117
-0.262526
 -1.71498
  1.81867
 0.251651
 -1.10044
 -2.06638
  1.70117
-0.262526
 -1.71498
  1.81867
 0.251652
 -1.10044
 -2.06638
  1.70117
-0.262526
 -1.71498
  1.81867
 0.251652
 -1.10044
 -2.06638
  1.70117
-0.262526
 -1.71498
  1.81867
 0.251652
 -1.10044
 -2.06638
  1.70117
-0.262526
 -1.71498
  1.81867
 0.251653
 -1.10044
 -2.06638
  1.70117
-0.262526
 -1.71498
  1.81867
 0.251653
 -1.10044
 -2.06638
  1.70117
-0.262526
 -1.71498
  1.81867
 0.251654
 -1.10044
 -2.06638
  1.70117
-0.262526
 -1.71498
  1.81867
 0.251654
 -1.10044
 -2.06638
  1.70117
-0.262526
 -1.71498
  1.81867
 0.251655
 -1.10044
 -2.06638
  1.70117
-0.262526
 -1.71498
  1.81867
 0.251655
 -1.10044
 -2.06638
  1.70117
-0.262526
 -1.71498
  1.81867
 0.251655
 -1.10044
 -2.06638
  1.70117
-0.262526
 -1.71498
  1.81867
 0.251656
 -1.10044
 -2.06638
  1.70117
-0.262526
 -1.71498
  1.81867
 0.251656
 -1.10044
 -2.06638
  1.70117
-0.262526
 -1.71498
  1.81867
 0.251656
 -1.10044
 -2.06638
  1.70117
-0.262526
 -1.71498
  1.81867
 0.251657
 -1.10044
 -2.06638
  1.70117
-0.262526
 -1.71498
  1.81867
 0.251657
 -1.10044
 -2.06638
  1.70117
-0.262526
 -1.71498
  1.81867
 0.251658
 -1.10044
 -2.06638
  1.70117
-0.262526
 -1.71498
  1.81867
 0.251658
 -1.10044
 -2.06638
  1.70117
-0.262526
 -1.71498
  1.81867
 0.251659
 -1.10044
 -2.06638
  1.70117
-0.262526
 -1.71498
  1.81867
 0.251659
 -1.10044
 -2.06638
  1.70117
-0.262526
 -1.71498
  1.81867
 0.251659
 -1.10044
 -2.06638
  1.70117
-0.262526
 -1.71498
  1.81867
  0.25166
 -1.10044
 -2.06638
  1.70117
-0.262526
 -1.71498
  1.81867
  0.25166
 -1.10044
 -2.06638
  1.70117
-0.262526
 -1.71498
  1.81867
  0.25166
 -1.10044
 -2.06638
  1.70117
-0.262526
 -1.71498
  1.81867
 0.251661
 -1.10044
 -2.06638
  1.70117
-0.262526
 -1.71498
  1.81867
 0.251661
 -1.10044
 -2.06638
  1.70117
-0.262526
 -1.71498
  1.81867
 0.251661
 -1.10044
 -2.06638
  1.70117
-0.262526
 -1.71498
  1.81867
 0.251662
 -1.10044
 -2.06638
  1.70117
-0.262526
 -1.71498
  1.81867
 0.251662
 -1.10044
 -2.06638
  1.70117
-0.262526
 -1.71498
  1.81867
 0.251662
 -1.10044
 -2.06638
  1.70117
-0.262526
 -1.71498
  1.81867
 0.251663
 -1.10044
 -2.06638
  1.70117
-0.262526
 -1.71498
  1.81867
 0.251664
 -1.10044
 -2.06638
  1.70117
-0.262526
 -1.71498
  1.81867
 0.251664
 -1.10044
 -2.06638
  1.70117
-0.262526
 -1.71498
  1.81867
 0.251664
 -1.10044
 -2.06638
  1.70117
-0.262526
 -1.71498
  1.81867
 0.251665
 -1.10044
 -2.06638
  1.70117
-0.262526
 -1.71498
  1.81867
 0.251665
 -1.10044
 -2.06638
  1.70117
-0.262526
 -1.71498
  1.81867
 0.251665
 -1.10044
 -2.06638
  1.70117
-0.262526
 -1.71498
  1.81867
 0.251665
 -1.10044
 -2.06638
  1.70117
-0.262526
 -1.71498
  1.81867
 0.251666
 -1.10044
 -2.06638
  1.70117
-0.262526
 -1.71498
  1.81867
 0.251666
 -1.10044
 -2.06638
  1.70117
-0.262526
 -1.71498
  1.81867
 0.251666
 -1.10044
 -2.06638
  1.70117
-0.262526
 -1.71498
  1.81867
 0.251667
 -1.10044
 -2.06638
  1.70117
-0.262526
 -1.71498
  1.81867
 0.251667
 -1.10044
 -2.06638
  1.70117
-0.262526
 -1.71498
  1.81867
 0.251667
 -1.10044
 -2.06638
  1.70117
-0.262526
 -1.71498
  1.81867
 0.251668
 -1.10044
 -2.06638
  1.70117
-0.262526
 -1.71498
  1.81867
 0.251668
 -1.10044
 -2.06638
  1.70117
-0.262526
 -1.71498
  1.81867
 0.251668
 -1.10044
 -2.06638
  1.70117
-0.262526
 -1.71498
  1.81867
 0.251669
 -1.10044
 -2.06638
  1.70117
-0.262526
 -1.71498
  1.81867
 0.251669
 -1.10044
 -2.06638
  1.70117
-0.262526
 -1.71498
  1.81867
 0.251669
 -1.10044
 -2.06638
  1.70117
-0.262526
 -1.71498
  1.81867
  0.25167
 -1.10044
 -2.06638
  1.70117
-0.262526
 -1.71498
  1.81867
  0.25167
 -1.10044
 -2.06638
  1.70117
-0.262526
 -1.71498
  1.81867
  0.25167
 -1.10044
 -2.06638
  1.70117
-0.262526
 -1.71498
  1.81867
 0.251671
 -1.10044
 -2.06638
  1.70117
-0.262526
 -1.71498
  1.81867
 0.251671
 -1.10044
 -2.06638
  1.70117
-0.262526
 -1.71498
  1.81867
 0.251671
 -1.10044
 -2.06638
  1.70117
-0.262526
 -1.71498
  1.81867
 0.251672
 -1.10044
 -2.06638
  1.70117
-0.262526
 -1.71498
  1.81867
 0.251672
 -1.10044
 -2.06638
  1.70117
-0.262526
 -1.71498
  1.81867
 0.251672
 -1.10044
 -2.06638
  1.70117
-0.262526
 -1.71498
  1.81867
 0.251673
 -1.10044
 -2.06638
  1.70117
-0.262526
 -1.71498
  1.81867
 0.251673
 -1.10044
 -2.06638
  1.70117
-0.262526
 -1.71498
  1.81867
 0.251673
 -1.10044
 -2.06638
  1.70117
-0.262526
 -1.71498
  1.81867
 0.251674
 -1.10044
 -2.06638
  1.70117
-0.262526
 -1.71498
  1.81867
 0.251674
 -1.10044
 -2.06638
  1.70117
-0.262526
 -1.71498
  1.81867
 0.251674
 -1.10044
 -2.06638
  1.70117
-0.262526
 -1.71498
  1.81867
 0.251675
 -1.10044
 -2.06638
  1.70117
-0.262526
 -1.71498
  1.81867
 0.251675
 -1.10044
 -2.06638
  1.70117
-0.262526
 -1.71498
  1.81867
 0.251675
 -1.10044
 -2.06638
  1.70117
-0.262526
 -1.71498
  1.81867
 0.251676
 -1.10044
 -2.06638
  1.70117
-0.262526
 -1.71498
  1.81867
 0.251676
 -1.10044
 -2.06638
  1.70117
-0.262526
 -1.71498
  1.81867
 0.251676
 -1.10044
 -2.06638
  1.70117
-0.262526
 -1.71498
  1.81867
 0.251677
 -1.10044
 -2.06638
  1.70117
-0.262526
 -1.71498
  1.81867
 0.251677
 -1.10044
 -2.06638
  1.70117
-0.262526
 -1.71498
  1.81867
 0.251677
 -1.10044
 -2.06638
  1.70117
-0.262526
 -1.71498
  1.81867
 0.251677
 -1.10044
 -2.06638
  1.70117
-0.262526
 -1.71498
  1.81867
 0.251678
 -1.10044
 -2.06638
  1.70117
-0.262526
 -1.71498
  1.81867
 0.251678
 -1.10044
 -2.06638
  1.70117
-0.262526
 -1.71498
  1.81867
 0.251678
 -1.10044
 -2.06638
  1.70117
-0.262526
 -1.71498
  1.81867
 0.251679
 -1.10044
 -2.06638
  1.70117
-0.262526
 -1.71498
  1.81867
 0.251679
 -1.10044
 -2.06638
  1.70117
-0.262526
 -1.71498
  1.81867
 0.251679
 -1.10044
 -2.06638
  1.70117
-0.262526
 -1.71498
  1.81867
 0.251679
 -1.10044
 -2.06638
  1.70117
-0.262526
 -1.71498
  1.81867
 0.251679
 -1.10044
 -2.06638
  1.70117
-0.262526
 -1.71498
  1.81867
 0.251679
 -1.10044
 -2.06638
  1.70117
-0.262526
 -1.71498
  1.81867
 0.251679
 -1.10044
 -2.06638
  1.70117
-0.262526
 -1.71498
  1.81867
 0.251679
 -1.10044
 -2.06638
  1.70117
-0.262526
 -1.71498
  1.81867
 0.251679
 -1.10044
 -2.06638
  1.70117
-0.262526
 -1.71498
  1.81867
 0.251679
 -1.10044
 -2.06638
  1.70117
-0.262526
 -1.71498
  1.81867
 0.251679
 -1.10044
 -2.06638
  1.70117
-0.262526
 -1.71498
  1.81867
 0.251679
 -1.10044
 -2.06638
  1.70117
-0.262526
 -1.71498
  1.81867
 0.251679
 -1.10044
 -2.06638
  1.70117
-0.262526
 -1.71498
  1.81867
 0.251679
 -1.10044
 -2.06638
  1.70117
-0.262526
 -1.71498
  1.81867
 0.251679
 -1.10044
 -2.06638
  1.70117
-0.262526
 -1.71498
  1.81867
 0.251679
 -1.10044
 -2.06638
  1.70117
-0.262526
 -1.71498
  1.81867
 0.251679
 -1.10044
 -2.06638
  1.70117
-0.262526
 -1.71498
  1.81867
 0.251679
 -1.10044
 -2.06638
  1.70117
-0.262526
 -1.71498
  1.81867
 0.251679
 -1.10044
 -2.06638
  1.70117
-0.262526
 -1.71498
  1.81867
 0.251679
 -1.10044
 -2.06638
  1.70117
-0.262526
 -1.71498
  1.81867
 0.251679
 -1.10044
 -2.06638
  1.70117
-0.262526
 -1.71498
  1.81867
 0.251679
 -1.10044
 -2.06638
  1.70117
-0.262526
 -1.71498
  1.81867
 0.251679
 -1.10044
 -2.06638
  1.70117
-0.262526
 -1.71498
  1.81867
 0.251679
 -1.10044
 -2.06638
  1.70117
-0.262526
 -1.71498
  1.81867
 0.251679
 -1.10044
 -2.06638
  1.70117
-0.262526
 -1.71498
  1.81867
 0.251679
 -1.10044
 -2.06638
  1.70117
-0.262526
 -1.71498
  1.81867
 0.251679
 -1.10044
 -2.06638
  1.70117
-0.262526
 -1.71498
  1.81867
 0.251679
 -1.10044
 -2.06638
  1.70117
-0.262526
 -1.71498
  1.81867
 0.251679
 -1.10044
 -2.06638
  1.70117
-0.262526
 -1.71498
  1.81867
 0.251679
 -1.10044
 -2.06638
  1.70117
-0.262526
 -1.71498
  1.81867
 0.251679
 -1.10044
 -2.06638
  1.70117
-0.262526
 -1.71498
  1.81867
 0.251679
 -1.10044
 -2.06638
  1.70117
-0.262526
 -1.71498
  1.81867
 0.251679
 -1.10044
 -2.06638
  1.70117
-0.262526
 -1.71498
  1.81867
 0.251679
 -1.10044
 -2.06638
  1.70117
-0.262526
 -1.71498
  1.81867
 0.251679
 -1.10044
 -2.06638
  1.70117
-0.262526
 -1.71498
  1.81867
 0.251679
 -1.10044
 -2.06638
  1.70117
-0.262526
 -1.71498
  1.81867
 0.251679
 -1.10044
 -2.06638
  1.70117
-0.262526
 -1.71498
  1.81867
 0.251679
 -1.10044
 -2.06638
  1.70117
-0.262526
 -1.71498
  1.81867
 0.251679
 -1.10044
 -2.06638
  1.70117
-0.262526
 -1.71498
  1.81867
 0.251679
 -1.10044
 -2.06638
  1.70117
-0.262526
 -1.71498
  1.81867
 0.251679
 -1.10044
 -2.06638
  1.70117
-0.262526
 -1.71498
  1.81867
 0.251679
 -1.10044
 -2.06638
  1.70117
-0.262526
 -1.71498
  1.81867
 0.251679
 -1.10044
 -2.06638
  1.70117
-0.262526
 -1.71498
  1.81867
 0.251679
 -1.10044
 -2.06638
  1.70117
-0.262526
 -1.71498
  1.81867
 0.251679
 -1.10044
 -2.06638
  1.70117
-0.262526
 -1.71498
  1.81867
 0.251679
 -1.10044
 -2.06638
  1.70117
-0.262526
 -1.71498
  1.81867
 0.251679
 -1.10044
 -2.06638
  1.70117
-0.262526
 -1.71498
  1.81867
 0.251679
 -1.10044
 -2.06638
  1.70117
-0.262526
 -1.71498
  1.81867
 0.251679
 -1.10044
 -2.06638
  1.70117
-0.262526
 -1.71498
  1.81867
 0.251679
 -1.10044
 -2.06638
  1.70117
-0.262526
 -1.71498
  1.81867
 0.251679
 -1.10044
 -2.06638
  1.70117
-0.262526
 -1.71498
  1.81867
 0.251679
 -1.10044
 -2.06638
  1.70117
-0.262526
 -1.71498
  1.81867
 0.251679
 -1.10044
 -2.06638
  1.70117
-0.262526
 -1.71498
  1.81867
 0.251679
 -1.10044
 -2.06638
  1.70117
-0.262526
 -1.71498
  1.81867
 0.251679
 -1.10044
 -2.06638
  1.70117
-0.262526
 -1.71498
  1.81867
 0.251679
 -1.10044
 -2.06638
  1.70117
-0.262526
 -1.71498
  1.81867
 0.251679
 -1.10044
 -2.06638
  1.70117
-0.262526
 -1.71498
  1.81867
 0.251679
 -1.10044
 -2.06638
  1.70117
-0.262526
 -1.71498
  1.81867
 0.251679
 -1.10044
 -2.06638
  1.70117
-0.262526
 -1.71498
  1.81867
 0.251679
 -1.10044
 -2.06638
  1.70117
-0.262526
 -1.71498
  1.81867
 0.251679
 -1.10044
 -2.06638
  1.70117
-0.262526
 -1.71498
  1.81867
 0.251679
 -1.10044
 -2.06638
  1.70117
-0.262526
 -1.71498
  1.81867
 0.251679
 -1.10044
 -2.06638
  1.70117
-0.262526
 -1.71498
  1.81867
 0.251679
 -1.10044
 -2.06638
  1.70117
-0.262526
 -1.71498
  1.81867
 0.251679
 -1.10044
 -2.06638
  1.70117
-0.262526
 -1.71498
  1.81867
 0.251679
 -1.10044
 -2.06638
  1.70117
-0.262526
 -1.71498
  1.81867
 0.251679
 -1.10044
 -2.06638
  1.70117
-0.262526
 -1.71498
  1.81867
 0.251679
 -1.10044
 -2.06638
  1.70117
-0.262526
 -1.71498
  1.81867
 0.251679
 -1.10044
 -2.06638
  1.70117
-0.262526
 -1.71498
  1.81867
 0.251679
 -1.10044
 -2.06638
  1.70117
-0.262526
 -1.71498
  1.81867
 0.251679
 -1.10044
 -2.06638
  1.70117
-0.262526
 -1.71498
  1.81867
 0.251679
 -1.10044
 -2.06638
  1.70117
-0.262526
 -1.71498
  1.81867
 0.251679
 -1.10044
 -2.06638
  1.70117
-0.262526
 -1.71498
  1.81867
 0.251679
 -1.10044
 -2.06638
  1.70117
-0.262526
 -1.71498
  1.81867
 0.251679
 -1.10044
 -2.06638
  1.70117
-0.262526
 -1.71498
  1.81867
 0.251679
 -1.10044
 -2.06638
  1.70117
-0.262526
 -1.71498
  1.81867
 0.251679
 -1.10044
 -2.06638
  1.70117
-0.262526
 -1.71498
  1.81867
 0.251679
 -1.10044
 -2.06638
  1.70117
-0.262526
 -1.71498
  1.81867
 0.251679
 -1.10044
 -2.06638
  1.70117
-0.262526
 -1.71498
  1.81867
 0.251679
 -1.10044
 -2.06638
  1.70117
-0.262526
 -1.71498
  1.81867
 0.251679
 -1.10044
 -2.06638
  1.70117
-0.262526
 -1.71498
  1.81867
 0.251679
 -1.10044
 -2.06638
  1.70117
-0.262526
 -1.71498
  1.81867
 0.251679
 -1.10044
 -2.06638
  1.70117
-0.262526
 -1.71498
  1.81867
 0.251679
 -1.10044
 -2.06638
  1.70117
-0.262526
 -1.71498
  1.81867
 0.251679
 -1.10044
 -2.06638
  1.70117
-0.262526
 -1.71498
  1.81867
 0.251679
 -1.10044
 -2.06638
  1.70117
-0.262526
 -1.71498
  1.81867
 0.251679
 -1.10044
 -2.06638
  1.70117
-0.262526
 -1.71498
  1.81867
 0.251679
 -1.10044
 -2.06638
  1.70117
-0.262526
 -1.71498
  1.81867
 0.251679
 -1.10044
 -2.06638
  1.70117
-0.262526
 -1.71498
  1.81867
 0.251679
 -1.10044
 -2.06638
  1.70117
-0.262526
 -1.71498
  1.81867
 0.251679
 -1.10044
 -2.06638
  1.70117
-0.262526
 -1.71498
  1.81867
 0.251679
 -1.10044
 -2.06638
  1.70117
-0.262526
 -1.71498
  1.81867
 0.251679
 -1.10044
 -2.06638
  1.70117
-0.262526
 -1.71498
  1.81867
 0.251679
 -1.10044
 -2.06638
  1.70117
-0.262526
 -1.71498
  1.81867
 0.251679
 -1.10044
 -2.06638
  1.70117
-0.262526
 -1.71498
  1.81867
 0.251679
 -1.10044
 -2.06638
  1.70117
-0.262526
 -1.71498
  1.81867
 0.251679
 -1.10044
 -2.06638
  1.70117
-0.262526
 -1.71498
  1.81867
 0.251679
 -1.10044
 -2.06638
  1.70117
-0.262526
 -1.71498
  1.81867
 0.251679
 -1.10044
 -2.06638
  1.70117
-0.262526
 -1.71498
  1.81867
 0.251679
 -1.10044
 -2.06638
  1.70117
-0.262526
 -1.71498
  1.81867
 0.251679
 -1.10044
 -2.06638
  1.70117
-0.262526
 -1.71498
  1.81867
 0.251679
 -1.10044
 -2.06638
  1.70117
-0.262526
 -1.71498
  1.81867
 0.251679
 -1.10044
 -2.06638
  1.70117
-0.262526
 -1.71498
  1.81867
 0.251679
 -1.10044
 -2.06638
  1.70117
-0.262526
 -1.71498
  1.81867
 0.251679
 -1.10044
 -2.06638
  1.70117
-0.262526
 -1.71498
  1.81867
 0.251679
 -1.10044
 -2.06638
  1.70117
-0.262526
 -1.71498
  1.81867
 0.251679
 -1.10044
 -2.06638
  1.70117
-0.262526
 -1.71498
  1.81867
 0.251679
 -1.10044
 -2.06638
  1.70117
-0.262526
 -1.71498
  1.81867
 0.251679
 -1.10044
 -2.06638
  1.70117
-0.262526
 -1.71498
  1.81867
 0.251679
 -1.10044
 -2.06638
  1.70117
-0.262526
 -1.71498
  1.81867
 0.251679
 -1.10044
 -2.06638
  1.70117
-0.262526
 -1.71498
  1.81867
 0.251679
 -1.10044
 -2.06638
  1.70117
-0.262526
 -1.71498
  1.81867
 0.251679
 -1.10044
 -2.06638
  1.70117
-0.262526
 -1.71498
  1.81867
 0.251679
 -1.10044
 -2.06638
  1.70117
-0.262526
 -1.71498
  1.81867
 0.251679
 -1.10044
 -2.06638
  1.70117
-0.262526
 -1.71498
  1.81867
 0.251679
 -1.10044
 -2.06638
  1.70117
-0.262526
 -1.71498
  1.81867
 0.251679
 -1.10044
 -2.06638
  1.70117
-0.262526
 -1.71498
  1.81867
 0.251679
 -1.10044
 -2.06638
  1.70117
-0.262526
 -1.71498
  1.81867
 0.251679
 -1.10044
 -2.06638
  1.70117
-0.262526
 -1.71498
  1.81867
 0.251679
 -1.10044
 -2.06638
  1.70117
-0.262526
 -1.71498
  1.81867
 0.251679
 -1.10044
 -2.06638
  1.70117
-0.262526
 -1.71498
  1.81867
 0.251679
 -1.10044
 -2.06638
  1.70117
-0.262526
 -1.71498
  1.81867
 0.251679
 -1.10044
 -2.06638
  1.70117
-0.262526
 -1.71498
  1.81867
 0.251679
 -1.10044
 -2.06638
  1.70117
-0.262526
 -1.71498
  1.81867
 0.251679
 -1.10044
 -2.06638
  1.70117
-0.262526
 -1.71498
  1.81867
 0.251679
 -1.10044
 -2.06638
  1.70117
-0.262526
 -1.71498
  1.81867
 0.251679
 -1.10044
 -2.06638
  1.70117
-0.262526
 -1.71498
  1.81867
 0.251679
 -1.10044
 -2.06638
  1.70117
-0.262526
 -1.71498
  1.81867
 0.251679
 -1.10044
 -2.06638
  1.70117
-0.262526
 -1.71498
  1.81867
 0.251679
 -1.10044
 -2.06638
  1.70117
-0.262526
 -1.71498
  1.81867
 0.251679
 -1.10044
 -2.06638
  1.70117
-0.262526
 -1.71498
  1.81867
 0.251679
 -1.10044
 -2.06638
  1.70117
-0.262526
 -1.71498
  1.81867
 0.251679
 -1.10044
 -2.06638
  1.70117
-0.262526
 -1.71498
  1.81867
 0.251679
 -1.10044
 -2.06638
  1.70117
-0.262526
 -1.71498
  1.81867
 0.251679
 -1.10044
 -2.06638
  1.70117
-0.262526
 -1.71498
  1.81867
 0.251679
 -1.10044
 -2.06638
  1.70117
-0.262526
 -1.71498
  1.81867
 0.251679
 -1.10044
 -2.06638
  1.70117
-0.262526
 -1.71498
  1.81867
 0.251679
 -1.10044
 -2.06638
  1.70117
-0.262526
 -1.71498
  1.81867
 0.251679
 -1.10044
 -2.06638
  1.70117
-0.262526
 -1.71498
  1.81867
 0.251679
 -1.10044
 -2.06638
  1.70117
-0.262526
 -1.71498
  1.81867
 0.251679
 -1.10044
 -2.06638
  1.70117
-0.262526
 -1.71498
  1.81867
 0.251679
 -1.10044
 -2.06638
  1.70117
-0.262526
 -1.71498
  1.81867
 0.251679
 -1.10044
 -2.06638
  1.70117
-0.262526
 -1.71498
  1.81867
 0.251679
 -1.10044
 -2.06638
  1.70117
-0.262526
 -1.71498
  1.81867
 0.251679
 -1.10044
 -2.06638
  1.70117
-0.262526
 -1.71498
  1.81867
 0.251679
 -1.10044
 -2.06638
  1.70117
-0.262526
 -1.71498
  1.81867
 0.251679
 -1.10044
 -2.06638
  1.70117
-0.262526
 -1.71498
  1.81867
 0.251679
 -1.10044
 -2.06638
  1.70117
-0.262526
 -1.71498
  1.81867
 0.251679
 -1.10044
 -2.06638
  1.70117
-0.262526
 -1.71498
  1.81867
 0.251679
 -1.10044
 -2.06638
  1.70117
-0.262526
 -1.71498
  1.81867
 0.251679
 -1.10044
 -2.06638
  1.70117
-0.262526
 -1.71498
  1.81867
 0.251679
 -1.10044
 -2.06638
  1.70117
-0.262526
 -1.71498
  1.81867
 0.251679
 -1.10044
 -2.06638
  1.70117
-0.262526
 -1.71498
  1.81867
 0.251679
 -1.10044
 -2.06638
  1.70117
-0.262526
 -1.71498
  1.81867
 0.251679
 -1.10044
 -2.06638
  1.70117
-0.262526
 -1.71498
  1.81867
 0.251679
 -1.10044
 -2.06638
  1.70117
-0.262526
 -1.71498
  1.81867
 0.251679
 -1.10044
 -2.06638
  1.70117
-0.262526
 -1.71498
  1.81867
 0.251679
 -1.10044
 -2.06638
  1.70117
-0.262526
 -1.71498
  1.81867
 0.251679
 -1.10044
 -2.06638
  1.70117
-0.262526
 -1.71498
  1.81867
 0.251679
 -1.10044
 -2.06638
  1.70117
-0.262526
 -1.71498
  1.81867
 0.251679
 -1.10044
 -2.06638
  1.70117
-0.262526
 -1.71498
  1.81867
 0.251675
 -1.10044
 -2.06638
  1.70117
-0.262526
 -1.71498
  1.81867
 0.251666
 -1.10044
 -2.06638
  1.70115
-0.262522
 -1.71498
  1.81866
 0.251652
 -1.10044
 -2.06638
  1.70113
-0.262513
 -1.71498
  1.81866
 0.251638
 -1.10044
 -2.06638
  1.70114
-0.262506
 -1.71499
  1.81867
 0.251601
 -1.10044
 -2.06638
  1.70113
-0.262492
-1.71498
 1.81867
0.251559
-1.10045
-2.06637
 1.70112
-0.26248
 -1.71498
  1.81866
 0.251508
 -1.10044
 -2.06634
  1.70109
-0.262472
 -1.71499
  1.81863
 0.251439
 -1.10041
 -2.06633
  1.70103
-0.262461
 -1.71498
  1.81861
 0.251372
 -1.10041
 -2.06632
  1.70094
-0.262449
 -1.71498
  1.81866
  0.25127
 -1.10047
 -2.06627
  1.70082
-0.262431
 -1.71499
  1.81867
 0.251155
 -1.10049
 -2.06622
  1.70069
-0.262387
 -1.71498
  1.81861
 0.251048
 -1.10044
 -2.06614
  1.70054
-0.262327
 -1.71498
   1.8186
 0.250935
 -1.10044
 -2.06606
  1.70041
-0.262257
 -1.71499
  1.81854
 0.250825
  -1.1004
 -2.06597
  1.70029
-0.262189
 -1.71499
  1.81846
 0.250705
 -1.10039
 -2.06588
  1.70016
-0.262124
 -1.71498
  1.81851
 0.250572
 -1.10049
 -2.06576
  1.70001
-0.262061
 -1.71498
  1.81849
 0.250451
 -1.10053
 -2.06568
  1.69991
-0.261997
 -1.71499
  1.81837
 0.250332
 -1.10045
  -2.0656
  1.69981
-0.261936
 -1.71496
  1.81831
 0.250241
 -1.10043
 -2.06551
   1.6997
-0.261882
 -1.71492
   1.8182
 0.250143
  -1.1004
 -2.06542
   1.6996
-0.261838
 -1.71494
  1.81821
 0.249926
 -1.10048
 -2.06532
  1.69952
-0.261797
 -1.71492
  1.81817
 0.249719
 -1.10052
 -2.06523
  1.69942
-0.261757
 -1.71489
  1.81802
 0.249584
 -1.10049
 -2.06515
   1.6993
-0.261718
 -1.71489
  1.81798
 0.249401
 -1.10054
 -2.06506
  1.69917
-0.261679
 -1.71488
  1.81785
 0.249222
 -1.10055
 -2.06497
  1.69906
-0.261636
 -1.71488
  1.81773
 0.249033
 -1.10058
 -2.06488
  1.69894
-0.261593
 -1.71488
  1.81771
 0.248799
 -1.10065
 -2.06479
  1.69879
-0.261548
 -1.71486
  1.81766
 0.248582
 -1.10069
  -2.0647
   1.6986
-0.261497
 -1.71486
  1.81754
 0.248366
 -1.10066
 -2.06462
  1.69841
-0.261424
 -1.71485
  1.81752
  0.24814
 -1.10069
 -2.06453
   1.6982
-0.261311
 -1.71485
  1.81745
 0.247916
 -1.10074
 -2.06442
  1.69797
-0.261201
 -1.71484
  1.81749
 0.247675
 -1.10086
 -2.06426
  1.69774
-0.261091
 -1.71484
  1.81738
  0.24744
 -1.10081
 -2.06411
  1.69756
-0.260977
 -1.71484
   1.8173
 0.247196
 -1.10085
 -2.06395
  1.69739
-0.260865
 -1.71482
   1.8173
 0.246934
 -1.10089
 -2.06377
   1.6972
-0.260759
 -1.71482
  1.81725
 0.246656
 -1.10092
  -2.0636
  1.69699
-0.260652
 -1.71481
  1.81729
 0.246358
 -1.10103
 -2.06342
  1.69675
-0.260539
 -1.71481
  1.81722
 0.246074
 -1.10103
 -2.06324
   1.6965
-0.260427
 -1.71481
   1.8172
 0.245777
 -1.10103
 -2.06304
  1.69618
-0.260325
  -1.7148
  1.81714
 0.245487
 -1.10103
 -2.06285
  1.69588
-0.260231
-1.71479
 1.81717
0.245181
-1.10107
-2.06268
 1.69559
-0.26014
 -1.71479
  1.81715
 0.244869
 -1.10108
  -2.0625
  1.69532
-0.260049
 -1.71478
  1.81717
 0.244534
 -1.10113
 -2.06233
  1.69509
-0.259951
 -1.71478
  1.81708
 0.244204
 -1.10105
 -2.06218
  1.69486
-0.259852
 -1.71475
  1.81713
 0.243858
  -1.1012
   -2.062
  1.69458
-0.259757
 -1.71472
  1.81715
 0.243507
 -1.10133
 -2.06183
  1.69425
-0.259676
 -1.71471
  1.81706
 0.243166
  -1.1014
 -2.06167
  1.69392
-0.259601
 -1.71469
  1.81701
 0.242808
  -1.1015
 -2.06149
   1.6936
-0.259521
-1.71467
 1.81689
0.242449
-1.10155
-2.06132
 1.69331
-0.25944
 -1.71465
  1.81691
 0.242066
 -1.10171
 -2.06114
  1.69303
-0.259344
 -1.71462
  1.81694
 0.241671
 -1.10187
 -2.06097
  1.69277
-0.259213
 -1.71459
  1.81682
 0.241301
 -1.10189
 -2.06079
  1.69249
-0.259037
 -1.71457
  1.81671
 0.240908
 -1.10191
 -2.06057
  1.69217
-0.258857
 -1.71454
  1.81675
 0.240511
 -1.10207
 -2.06031
   1.6918
-0.258677
 -1.71454
  1.81664
 0.240109
 -1.10209
 -2.06005
  1.69146
-0.258491
 -1.71452
  1.81653
 0.239691
 -1.10208
 -2.05976
  1.69118
-0.258313
 -1.71451
  1.81652
 0.239247
 -1.10219
 -2.05948
  1.69091
-0.258151
 -1.71449
  1.81638
 0.238833
 -1.10215
 -2.05924
  1.69061
-0.258028
 -1.71444
  1.81632
  0.23843
 -1.10223
 -2.05896
  1.69024
-0.257907
 -1.71436
  1.81623
 0.238009
 -1.10224
 -2.05871
   1.6898
-0.257783
 -1.71437
   1.8162
 0.237483
  -1.1023
 -2.05845
   1.6894
-0.257658
 -1.71436
  1.81607
 0.236976
 -1.10225
  -2.0582
  1.68906
-0.257529
 -1.71429
  1.81595
 0.236564
 -1.10225
 -2.05796
  1.68871
-0.257411
 -1.71428
  1.81591
 0.236097
 -1.10229
 -2.05771
   1.6883
-0.257295
 -1.71425
   1.8159
 0.235614
 -1.10239
 -2.05746
  1.68785
-0.257164
 -1.71424
  1.81578
 0.235137
 -1.10237
 -2.05721
  1.68742
-0.257019
 -1.71424
  1.81565
 0.234654
  -1.1023
 -2.05696
  1.68703
-0.256863
-1.71424
  1.8156
0.234156
-1.10237
-2.05667
 1.68663
 -0.2567
 -1.71422
  1.81557
 0.233659
 -1.10245
 -2.05639
  1.68621
-0.256527
 -1.71424
   1.8155
 0.233121
 -1.10257
 -2.05612
  1.68579
-0.256347
-1.71424
 1.81531
0.232603
-1.10249
-2.05587
 1.68536
-0.25617
 -1.71424
  1.81522
 0.232088
 -1.10253
 -2.05558
  1.68497
-0.256003
 -1.71424
  1.81522
 0.231567
 -1.10263
 -2.05531
  1.68455
-0.255841
 -1.71427
  1.81515
 0.231021
 -1.10258
 -2.05508
  1.68414
-0.255692
 -1.71427
  1.81511
 0.230473
 -1.10263
 -2.05481
  1.68369
-0.255536
 -1.71427
  1.81508
 0.229938
 -1.10267
 -2.05454
  1.68325
-0.255369
 -1.71429
  1.81502
 0.229379
 -1.10265
 -2.05427
  1.68281
-0.255211
 -1.71425
    1.815
  0.22884
 -1.10273
 -2.05399
  1.68233
-0.255023
 -1.71423
  1.81488
 0.228298
 -1.10269
 -2.05371
  1.68184
-0.254809
 -1.71428
  1.81481
 0.227652
 -1.10274
 -2.05341
  1.68136
-0.254573
  -1.7143
  1.81471
 0.227018
 -1.10274
 -2.05313
  1.68089
-0.254335
 -1.71426
  1.81467
 0.226452
 -1.10285
 -2.05283
  1.68037
-0.254103
 -1.71428
  1.81461
 0.225857
 -1.10296
 -2.05254
  1.67984
-0.253887
 -1.71428
  1.81448
 0.225248
 -1.10296
 -2.05224
  1.67935
-0.253691
 -1.71428
   1.8144
 0.224632
 -1.10304
 -2.05191
  1.67885
-0.253501
 -1.71428
  1.81432
 0.224021
 -1.10312
 -2.05159
  1.67831
-0.253306
 -1.71429
  1.81417
 0.223403
 -1.10308
 -2.05128
  1.67778
-0.253101
 -1.71429
  1.81408
 0.222775
 -1.10316
 -2.05094
   1.6773
-0.252908
 -1.71429
  1.81398
 0.222151
 -1.10322
 -2.05058
   1.6768
-0.252712
  -1.7143
  1.81382
 0.221512
 -1.10319
 -2.05025
  1.67625
-0.252498
  -1.7143
  1.81372
 0.220873
 -1.10325
  -2.0499
  1.67569
-0.252278
-1.71427
 1.81363
0.220254
 -1.1033
-2.04954
  1.6752
-0.25208
 -1.71422
  1.81353
 0.219638
 -1.10336
 -2.04919
  1.67469
-0.251901
 -1.71427
  1.81337
 0.218923
 -1.10331
 -2.04883
  1.67412
-0.251734
 -1.71428
  1.81326
 0.218202
 -1.10337
 -2.04847
   1.6736
-0.251565
 -1.71426
  1.81314
 0.217562
 -1.10343
 -2.04813
  1.67309
-0.251394
 -1.71428
  1.81299
 0.216893
  -1.1034
 -2.04778
  1.67253
-0.251211
 -1.71427
  1.81287
 0.216215
 -1.10348
 -2.04742
  1.67196
-0.251008
-1.71428
 1.81276
 0.21551
-1.10356
-2.04706
 1.67142
-0.25081
 -1.71429
  1.81259
 0.214818
 -1.10351
  -2.0467
   1.6709
-0.250597
 -1.71429
  1.81248
 0.214118
 -1.10357
 -2.04635
  1.67033
-0.250354
 -1.71429
  1.81238
 0.213393
 -1.10364
 -2.04598
  1.66975
-0.250108
 -1.71427
  1.81224
 0.212702
 -1.10361
 -2.04562
   1.6692
-0.249875
 -1.71425
  1.81215
 0.212042
 -1.10366
 -2.04527
  1.66863
-0.249665
 -1.71428
  1.81206
 0.211262
 -1.10367
  -2.0449
  1.66799
-0.249454
 -1.71429
  1.81197
 0.210495
 -1.10369
 -2.04452
  1.66736
-0.249237
 -1.71424
  1.81182
 0.209821
 -1.10367
 -2.04416
  1.66676
-0.249005
 -1.71424
  1.81175
 0.209074
 -1.10373
 -2.04379
  1.66613
-0.248761
 -1.71422
  1.81169
 0.208329
 -1.10377
 -2.04343
   1.6655
-0.248519
 -1.71421
  1.81159
 0.207594
 -1.10375
 -2.04304
  1.66491
-0.248273
 -1.71421
  1.81153
 0.206831
 -1.10378
 -2.04263
  1.66431
-0.248033
 -1.71419
  1.81148
 0.206076
 -1.10381
  -2.0422
  1.66368
-0.247802
 -1.71416
  1.81136
 0.205347
 -1.10381
 -2.04177
  1.66306
-0.247584
 -1.71411
  1.81122
 0.204617
  -1.1038
 -2.04135
   1.6624
-0.247372
 -1.71413
  1.81121
 0.203785
 -1.10396
  -2.0409
  1.66176
-0.247143
 -1.71411
  1.81116
 0.202969
 -1.10408
 -2.04048
  1.66114
-0.246913
 -1.71407
  1.81097
 0.202178
  -1.1041
 -2.04007
  1.66049
-0.246655
 -1.71403
  1.81087
 0.201372
 -1.10421
 -2.03965
  1.65983
-0.246393
   -1.714
  1.81079
 0.200562
 -1.10431
 -2.03923
  1.65919
-0.246151
 -1.71398
   1.8107
 0.199752
 -1.10439
  -2.0388
  1.65852
-0.245907
 -1.71396
  1.81054
 0.198944
 -1.10438
  -2.0384
  1.65786
-0.245676
  -1.7139
  1.81046
 0.198153
 -1.10445
 -2.03798
  1.65722
-0.245447
 -1.71384
  1.81039
 0.197358
 -1.10452
 -2.03759
  1.65652
-0.245207
 -1.71384
  1.81029
 0.196504
 -1.10457
 -2.03719
  1.65586
-0.244953
-1.71381
 1.81014
0.195668
-1.10455
-2.03679
 1.65524
-0.24467
 -1.71375
  1.80999
 0.194891
 -1.10455
 -2.03637
  1.65456
-0.244372
 -1.71371
  1.80982
 0.194083
 -1.10457
 -2.03598
  1.65386
-0.244104
-1.71367
 1.80977
0.193247
-1.10471
-2.03557
 1.65322
-0.24385
 -1.71362
  1.80963
 0.192452
 -1.10473
 -2.03516
  1.65255
-0.243595
 -1.71355
  1.80946
 0.191642
 -1.10476
 -2.03472
  1.65185
-0.243337
 -1.71355
  1.80933
 0.190773
 -1.10474
 -2.03428
  1.65119
-0.243073
 -1.71351
  1.80922
 0.189949
 -1.10476
 -2.03386
  1.65049
-0.242799
 -1.71347
  1.80912
 0.189132
  -1.1048
 -2.03345
  1.64979
-0.242519
 -1.71344
  1.80895
  0.18832
 -1.10475
 -2.03303
  1.64914
-0.242233
 -1.71341
  1.80882
 0.187491
 -1.10479
 -2.03263
  1.64844
-0.241974
-1.71339
 1.80869
0.186649
-1.10478
-2.03221
 1.64772
-0.24173
 -1.71332
  1.80857
 0.185848
 -1.10481
 -2.03176
  1.64701
-0.241474
 -1.71322
  1.80843
 0.185013
 -1.10484
 -2.03134
  1.64626
-0.241205
 -1.71324
  1.80822
 0.184081
 -1.10477
 -2.03091
  1.64553
-0.240935
 -1.71323
  1.80804
 0.183165
  -1.1048
 -2.03047
   1.6448
-0.240657
  -1.7132
  1.80798
 0.182279
 -1.10492
 -2.03005
  1.64403
-0.240379
  -1.7132
  1.80788
 0.181393
 -1.10497
 -2.02962
   1.6433
-0.240118
 -1.71317
  1.80775
  0.18051
 -1.10502
 -2.02921
  1.64256
-0.239887
 -1.71309
  1.80764
 0.179618
 -1.10507
 -2.02877
   1.6418
-0.239665
 -1.71312
   1.8075
 0.178674
 -1.10505
 -2.02829
  1.64106
-0.239429
 -1.71312
  1.80742
 0.177746
 -1.10513
 -2.02781
  1.64031
-0.239172
 -1.7131
 1.80733
0.176906
-1.10517
-2.02734
 1.63954
 -0.2389
 -1.71311
  1.80725
 0.176029
 -1.10523
 -2.02688
  1.63877
-0.238627
 -1.71311
  1.80717
 0.175161
 -1.10526
 -2.02643
    1.638
-0.238359
 -1.71309
  1.80711
 0.174302
 -1.10529
 -2.02598
  1.63725
-0.238096
 -1.71306
  1.80705
 0.173434
 -1.10534
 -2.02552
  1.63647
-0.237842
  -1.7131
  1.80698
 0.172515
 -1.10538
 -2.02505
  1.63575
-0.237602
 -1.71311
  1.80687
   0.1716
 -1.10534
 -2.02456
    1.635
-0.237348
 -1.71307
  1.80681
 0.170747
 -1.10538
  -2.0241
  1.63424
-0.237076
 -1.71308
  1.80672
 0.169855
 -1.10535
 -2.02364
  1.63349
-0.236789
 -1.71304
  1.80663
 0.168986
  -1.1053
 -2.02319
  1.63275
-0.236503
 -1.71298
  1.80653
 0.168096
 -1.10528
 -2.02275
  1.63201
-0.236229
   -1.713
   1.8064
 0.167097
 -1.10524
 -2.02228
  1.63128
-0.235972
 -1.71301
  1.80629
 0.166109
 -1.10521
 -2.02183
  1.63054
-0.235709
 -1.71295
  1.80616
 0.165162
 -1.10519
 -2.02136
  1.62979
-0.235454
 -1.71294
  1.80603
 0.164199
 -1.10516
  -2.0209
  1.62906
-0.235192
  -1.7129
   1.8059
 0.163245
 -1.10515
 -2.02046
  1.62832
-0.234904
 -1.71282
  1.80577
   0.1623
 -1.10512
    -2.02
  1.62758
-0.234605
 -1.71284
  1.80565
 0.161275
 -1.10507
 -2.01954
  1.62679
-0.234323
 -1.71285
  1.80553
 0.160239
 -1.10503
 -2.01909
  1.62599
-0.234055
 -1.71282
  1.80542
 0.159297
 -1.10499
 -2.01863
  1.62519
-0.233795
-1.71283
  1.8053
0.158349
-1.10495
-2.01818
 1.62439
-0.23353
  -1.7128
  1.80519
 0.157417
 -1.10494
 -2.01773
  1.62357
-0.233264
 -1.71274
  1.80507
 0.156495
 -1.10492
 -2.01727
  1.62274
-0.232992
 -1.71277
  1.80496
 0.155489
 -1.10489
 -2.01679
  1.62193
-0.232703
 -1.71279
  1.80484
 0.154487
 -1.10488
 -2.01632
   1.6211
-0.232416
 -1.71275
  1.80473
 0.153554
 -1.10487
 -2.01582
  1.62028
-0.232145
 -1.71272
  1.80461
 0.152653
 -1.10486
 -2.01534
  1.61944
-0.231892
 -1.71267
  1.80451
 0.151726
 -1.10486
 -2.01487
  1.61862
-0.231634
  -1.7127
  1.80439
 0.150719
 -1.10485
 -2.01437
  1.61783
-0.231356
  -1.7127
  1.80427
 0.149707
 -1.10483
 -2.01389
  1.61703
-0.231079
 -1.71267
  1.80416
 0.148788
 -1.10484
 -2.01343
  1.61629
-0.230796
 -1.71267
   1.8041
 0.147841
 -1.10487
 -2.01294
  1.61554
-0.230506
-1.71262
 1.80405
0.146914
-1.10491
-2.01246
 1.61473
-0.23023
 -1.71254
   1.8039
 0.146015
 -1.10483
 -2.01199
  1.61395
-0.229979
 -1.71255
  1.80374
  0.14501
 -1.10472
 -2.01151
  1.61312
-0.229728
 -1.71254
   1.8037
 0.144019
 -1.10472
 -2.01101
  1.61229
-0.229454
 -1.71248
  1.80367
 0.143096
 -1.10475
 -2.01053
   1.6115
-0.229148
 -1.71242
  1.80359
 0.142188
 -1.10473
 -2.01006
  1.61069
-0.228844
 -1.71232
   1.8035
 0.141266
 -1.10473
 -2.00957
  1.60992
-0.228539
 -1.71232
  1.80346
 0.140253
 -1.10475
 -2.00909
  1.60913
-0.228241
 -1.71231
  1.80344
 0.139241
 -1.10478
 -2.00864
  1.60834
-0.227965
 -1.71225
  1.80331
  0.13832
  -1.1047
 -2.00819
  1.60759
-0.227693
 -1.71222
  1.80318
 0.137391
 -1.10462
 -2.00774
  1.60679
-0.227416
 -1.71215
  1.80316
 0.136457
 -1.10464
 -2.00729
  1.60602
-0.227129
-1.71205
 1.80319
0.135565
-1.10472
-2.00682
 1.60523
-0.22683
 -1.71205
  1.80316
 0.134542
 -1.10473
 -2.00634
  1.60445
-0.226551
 -1.71203
  1.80304
 0.133537
 -1.10464
 -2.00588
  1.60364
-0.226275
 -1.71198
  1.80293
   0.1326
 -1.10456
 -2.00544
  1.60279
-0.226011
 -1.71192
  1.80291
  0.13169
 -1.10455
 -2.00498
  1.60189
-0.225753
 -1.71182
  1.80293
 0.130783
 -1.10463
 -2.00453
  1.60102
-0.225488
 -1.71183
  1.80291
  0.12974
 -1.10465
 -2.00408
  1.60016
-0.225218
 -1.71181
  1.80279
 0.128743
 -1.10461
  -2.0036
   1.5993
-0.224926
 -1.71174
  1.80266
  0.12782
 -1.10456
 -2.00313
  1.59846
-0.224628
 -1.71168
  1.80269
 0.126913
 -1.10463
 -2.00267
  1.59762
-0.224359
 -1.71157
  1.80272
 0.126002
 -1.10469
  -2.0022
  1.59681
-0.224101
 -1.71156
  1.80259
 0.125005
 -1.10454
 -2.00174
  1.59603
-0.223842
 -1.71154
  1.80249
 0.124004
 -1.10445
  -2.0013
  1.59522
-0.223576
 -1.71147
  1.80252
 0.123081
 -1.10446
 -2.00084
  1.59442
-0.223313
 -1.71144
  1.80257
 0.122161
 -1.10444
 -2.00036
  1.59361
-0.223035
 -1.71138
  1.80245
  0.12123
 -1.10429
  -1.9999
  1.59287
-0.222747
 -1.71127
  1.80235
 0.120315
 -1.10419
 -1.99943
  1.59212
-0.222469
 -1.71127
  1.80241
 0.119297
 -1.10428
 -1.99897
  1.59132
-0.222216
 -1.71127
  1.80232
 0.118296
 -1.10423
 -1.99852
  1.59056
-0.221959
  -1.7112
  1.80232
 0.117369
 -1.10427
 -1.99807
  1.58979
-0.221695
 -1.71113
  1.80232
  0.11645
 -1.10428
 -1.99763
  1.58897
-0.221422
 -1.71103
  1.80227
 0.115559
 -1.10421
 -1.99716
  1.58815
-0.221141
-1.71098
 1.80225
 0.11456
-1.10412
-1.99666
 1.58734
-0.22086
 -1.71095
  1.80228
 0.113563
 -1.10411
 -1.99619
  1.58653
-0.220588
 -1.71086
  1.80227
 0.112649
 -1.10409
 -1.99572
  1.58573
-0.220342
 -1.71082
  1.80227
 0.111716
 -1.10403
 -1.99527
   1.5849
-0.220127
 -1.71074
  1.80213
   0.1108
 -1.10386
 -1.99482
  1.58409
-0.219903
 -1.71066
  1.80214
 0.109907
 -1.10385
 -1.99437
  1.58325
-0.219652
 -1.71067
  1.80215
 0.108958
 -1.10379
  -1.9939
  1.58243
-0.219397
 -1.71065
  1.80212
 0.108024
 -1.10375
 -1.99343
  1.58162
-0.219126
  -1.7106
  1.80205
 0.107153
 -1.10363
 -1.99297
  1.58079
-0.218852
 -1.71057
  1.80188
  0.10626
 -1.10345
 -1.99252
  1.57997
-0.218596
 -1.7105
 1.80186
0.105373
-1.10347
-1.99206
 1.57913
-0.21834
 -1.71051
  1.80181
 0.104368
 -1.10346
 -1.99162
  1.57832
-0.218095
 -1.71048
  1.80168
 0.103377
 -1.10342
 -1.99117
  1.57753
-0.217867
 -1.71044
  1.80158
 0.102424
 -1.10337
 -1.99073
  1.57677
-0.217614
 -1.71043
  1.80141
 0.101449
 -1.10323
 -1.99027
  1.57598
-0.217354
 -1.71039
  1.80134
 0.100494
 -1.10329
 -1.98982
  1.57516
-0.217079
 -1.71033
  1.80118
 0.099537
 -1.10323
 -1.98938
  1.57437
-0.216807
 -1.71035
  1.80109
0.0985241
 -1.10335
 -1.98891
  1.57357
-0.216552
 -1.71033
  1.80089
0.0975282
 -1.10335
 -1.98849
   1.5728
-0.216314
 -1.71029
  1.80087
  0.09663
  -1.1035
 -1.98805
    1.572
-0.216068
 -1.71029
  1.80071
0.0957262
 -1.10342
 -1.98762
  1.57121
-0.215829
 -1.71025
  1.80066
0.0948469
 -1.10342
 -1.98718
  1.57046
-0.215585
  -1.7102
  1.80058
0.0940153
 -1.10334
 -1.98676
   1.5697
-0.215319
 -1.71021
  1.80061
0.0931001
 -1.10331
 -1.98631
  1.56893
-0.215044
 -1.71019
  1.80052
0.0922314
  -1.1032
 -1.98587
  1.56818
-0.214776
 -1.71014
  1.80043
 0.091404
 -1.10303
 -1.98545
  1.56739
-0.214526
 -1.71011
  1.80047
0.0905336
 -1.10306
 -1.98501
  1.56664
-0.214295
 -1.71003
   1.8004
0.0896972
  -1.1029
 -1.98458
   1.5659
-0.214064
 -1.70994
  1.80048
0.0888436
 -1.10286
 -1.98413
  1.56513
-0.213819
 -1.70993
  1.80039
0.0879025
 -1.10262
 -1.98372
  1.56436
-0.213585
 -1.70988
  1.80039
0.0869774
 -1.10248
 -1.98328
   1.5636
-0.213339
 -1.70981
  1.80041
0.0861245
  -1.1024
 -1.98285
  1.56281
-0.213077
 -1.70976
  1.80039
0.0852499
 -1.10234
 -1.98243
  1.56204
-0.212821
 -1.70967
  1.80041
0.0843775
 -1.10233
 -1.98202
  1.56127
-0.212593
 -1.70955
  1.80037
0.0835396
 -1.10227
 -1.98162
   1.5605
-0.212391
 -1.70954
  1.80033
0.0825858
 -1.10221
 -1.98119
  1.55971
-0.212188
 -1.70951
  1.80035
0.0816277
 -1.10221
 -1.98076
  1.55896
-0.211979
 -1.70944
  1.80032
0.0807769
 -1.10221
 -1.98036
  1.55817
-0.211752
 -1.70941
  1.80026
0.0798991
 -1.10213
 -1.97995
  1.55741
-0.211531
 -1.70938
  1.80032
0.0790324
 -1.10227
 -1.97953
  1.55666
-0.211306
 -1.70935
  1.80027
0.0781613
 -1.10227
 -1.97914
  1.55584
-0.211068
 -1.70926
   1.8002
0.0773253
 -1.10226
 -1.97874
   1.5551
-0.210834
 -1.70928
  1.80025
0.0764385
  -1.1024
 -1.97833
  1.55436
-0.210611
 -1.70925
  1.80023
0.0755495
 -1.10242
 -1.97794
  1.55361
-0.210412
 -1.70922
  1.80018
0.0747059
 -1.10238
 -1.97755
  1.55289
-0.210209
 -1.70921
  1.80013
0.0738491
 -1.10228
 -1.97717
  1.55214
-0.210011
  -1.7092
  1.80018
0.0730047
 -1.10235
 -1.97678
  1.55139
-0.209793
 -1.70916
  1.80016
0.0721954
  -1.1023
 -1.97641
  1.55064
-0.209565
 -1.70907
   1.8001
0.0713812
 -1.10223
   -1.976
  1.54994
-0.209335
 -1.70908
  1.80003
0.0704814
 -1.10218
  -1.9756
  1.54929
-0.209106
 -1.70908
  1.80004
0.0695898
 -1.10216
 -1.97521
  1.54863
-0.208878
 -1.70903
  1.80005
0.0687834
 -1.10215
 -1.97481
  1.54793
-0.208656
 -1.70901
  1.79992
0.0679746
 -1.10196
 -1.97443
  1.54727
-0.208453
 -1.70899
  1.79985
0.0671489
  -1.1019
 -1.97407
  1.54659
 -0.20826
 -1.70894
  1.79986
0.0663724
 -1.10192
 -1.97369
  1.54582
-0.208065
 -1.70885
  1.79981
0.0656111
 -1.10183
 -1.97332
  1.54509
-0.207858
 -1.70885
  1.79975
0.0647292
 -1.10175
 -1.97292
  1.54437
-0.207657
 -1.70885
  1.79969
  0.06387
 -1.10168
 -1.97254
  1.54366
-0.207434
 -1.70881
  1.79958
0.0630921
 -1.10148
 -1.97217
  1.54295
 -0.20721
  -1.7088
  1.79958
0.0622995
 -1.10152
 -1.97176
  1.54223
-0.207004
 -1.70879
  1.79952
0.0615139
 -1.10143
 -1.97139
  1.54153
-0.206804
 -1.70879
  1.79946
0.0607198
  -1.1014
 -1.97101
  1.54087
-0.206605
 -1.70875
  1.79941
0.0599568
 -1.10137
 -1.97064
  1.54018
-0.206418
 -1.70868
  1.79929
0.0592172
 -1.10119
  -1.9703
  1.53955
-0.206231
 -1.70871
  1.79924
0.0583627
 -1.10109
 -1.96994
  1.53891
-0.206044
 -1.70871
   1.7993
0.0575372
 -1.10114
 -1.96959
  1.53821
-0.205851
 -1.70868
  1.79926
0.0567938
 -1.10104
 -1.96924
  1.53757
-0.205658
 -1.70867
  1.79925
0.0560237
 -1.10092
 -1.96887
  1.53694
-0.205451
 -1.70867
  1.79926
0.0552694
 -1.10089
 -1.96853
  1.53626
-0.205234
 -1.70867
  1.79924
0.0545225
 -1.10075
  -1.9682
  1.53561
-0.205028
 -1.70868
  1.79926
0.0537643
 -1.10067
 -1.96786
  1.53497
-0.204842
 -1.70864
  1.79921
0.0530488
  -1.1005
 -1.96755
  1.53429
-0.204661
 -1.70859
  1.79923
0.0523313
 -1.10045
 -1.96723
  1.53367
-0.204481
 -1.70863
  1.79927
0.0515244
 -1.10043
 -1.96689
  1.53303
-0.204298
 -1.70865
  1.79926
0.0507435
 -1.10033
 -1.96659
   1.5324
-0.204121
 -1.70861
  1.79925
0.0500289
 -1.10027
 -1.96627
  1.53183
-0.203937
 -1.70862
  1.79927
0.0493136
 -1.10021
 -1.96593
  1.53125
-0.203759
 -1.70862
  1.79924
0.0486091
 -1.10009
 -1.96559
  1.53064
-0.203567
 -1.70862
  1.79926
0.0478939
 -1.10005
 -1.96524
  1.53005
-0.203372
 -1.70862
  1.79927
0.0471937
 -1.10004
  -1.9649
  1.52949
-0.203166
 -1.70863
  1.79924
0.0464987
 -1.09997
 -1.96458
  1.52892
-0.202972
 -1.70863
  1.79925
0.0457981
 -1.09997
 -1.96426
  1.52834
-0.202798
  -1.7086
  1.79925
0.0451277
 -1.09996
 -1.96395
  1.52777
-0.202639
 -1.70856
  1.79922
0.0444821
 -1.09989
 -1.96364
  1.52718
-0.202483
 -1.70858
  1.79924
0.0437481
 -1.09988
 -1.96331
  1.52657
-0.202321
  -1.7086
  1.79925
0.0430144
 -1.09989
   -1.963
  1.52595
-0.202154
 -1.70859
  1.79922
0.0423754
 -1.09982
 -1.96269
  1.52533
 -0.20198
  -1.7086
  1.79924
0.0417294
 -1.09982
 -1.96236
  1.52472
 -0.20181
  -1.7086
  1.79926
0.0410713
 -1.09982
 -1.96203
  1.52414
-0.201636
  -1.7086
  1.79924
0.0404107
 -1.09975
 -1.96171
  1.52354
-0.201457
  -1.7086
  1.79926
0.0397564
 -1.09976
  -1.9614
  1.52293
-0.201275
 -1.70861
  1.79923
0.0390905
 -1.09966
  -1.9611
  1.52234
-0.201104
 -1.70861
  1.79927
0.0384331
 -1.09967
 -1.96078
  1.52178
-0.200934
 -1.70861
  1.79927
0.0378005
 -1.09963
 -1.96052
   1.5212
-0.200772
 -1.70859
  1.79924
0.0371798
 -1.09952
 -1.96029
  1.52068
-0.200634
 -1.70857
  1.79925
0.0365769
 -1.09949
 -1.96003
   1.5202
-0.200502
 -1.70861
  1.79927
0.0359154
 -1.09946
 -1.95975
  1.51973
-0.200363
 -1.70862
  1.79925
0.0352627
 -1.09936
 -1.95949
  1.51918
-0.200216
 -1.70857
  1.79925
0.0346674
 -1.09934
 -1.95924
  1.51867
-0.200055
 -1.70856
  1.79922
0.0340496
 -1.09922
 -1.95898
  1.51822
-0.199898
 -1.70855
  1.79926
0.0334508
  -1.0992
 -1.95871
  1.51776
-0.199728
 -1.70854
  1.79925
0.0328439
 -1.09915
 -1.95846
  1.51725
-0.199556
-1.70853
 1.79921
0.032225
-1.09903
-1.95821
 1.51673
-0.19939
 -1.70852
  1.79923
0.0316408
 -1.09898
 -1.95794
  1.51625
-0.199232
 -1.70851
  1.79924
0.0310814
 -1.09893
 -1.95769
  1.51578
-0.199108
  -1.7085
  1.79922
0.0305047
 -1.09883
 -1.95745
  1.51527
-0.198988
 -1.70848
  1.79922
0.0299437
 -1.09879
  -1.9572
  1.51476
-0.198869
 -1.70847
  1.79919
0.0294017
 -1.09867
 -1.95697
  1.51428
-0.198752
 -1.70845
  1.79922
0.0288753
 -1.09864
 -1.95672
  1.51384
-0.198637
 -1.70844
  1.79922
0.0283359
 -1.09859
 -1.95648
  1.51336
-0.198537
 -1.70843
  1.79918
0.0277933
 -1.09849
 -1.95624
  1.51285
 -0.19844
 -1.70839
  1.79918
0.0272915
 -1.09843
 -1.95601
  1.51239
-0.198339
-1.70834
 1.79917
0.026808
-1.09834
-1.95578
 1.51195
-0.19823
-1.70835
 1.79919
 0.02623
-1.09827
-1.95553
  1.5115
-0.19811
 -1.70834
  1.79915
 0.025654
 -1.09815
  -1.9553
  1.51103
-0.197983
  -1.7083
  1.79918
0.0251703
 -1.09811
 -1.95505
  1.51058
-0.197852
 -1.70828
  1.79917
  0.02468
 -1.09804
 -1.95479
  1.51014
-0.197713
 -1.70827
  1.79915
0.0241867
 -1.09793
 -1.95457
  1.50973
-0.197577
 -1.70826
  1.79916
0.0236992
 -1.09788
 -1.95435
  1.50929
-0.197438
 -1.70826
  1.79913
 0.023216
  -1.0978
 -1.95413
  1.50886
-0.197306
 -1.70825
  1.79917
0.0227453
 -1.09779
  -1.9539
  1.50846
-0.197179
 -1.70824
  1.79917
0.0222796
 -1.09773
 -1.95366
   1.5081
-0.197061
 -1.70824
  1.79912
0.0218127
 -1.09762
 -1.95341
  1.50774
-0.196952
 -1.70823
  1.79911
0.0213436
 -1.09751
 -1.95319
  1.50734
-0.196852
 -1.70822
  1.79918
0.0208919
 -1.09754
 -1.95295
  1.50693
-0.196759
 -1.70822
  1.79919
0.0204486
 -1.09745
 -1.95275
  1.50654
-0.196661
 -1.70821
  1.79922
0.0200121
 -1.09746
 -1.95255
  1.50618
-0.196561
  -1.7082
  1.79923
0.0195697
 -1.09741
  -1.9524
   1.5058
-0.196462
  -1.7082
  1.79926
0.0191225
 -1.09743
 -1.95225
  1.50541
-0.196373
 -1.70819
  1.79927
0.0186816
  -1.0974
  -1.9521
  1.50502
-0.196281
 -1.70818
   1.7993
0.0182607
 -1.09741
 -1.95193
  1.50469
-0.196189
 -1.70818
  1.79931
0.0178401
 -1.09738
 -1.95176
  1.50436
-0.196092
 -1.70817
  1.79935
0.0174194
 -1.09739
  -1.9516
  1.50404
-0.195996
 -1.70817
  1.79935
 0.016988
 -1.09734
 -1.95145
  1.50369
-0.195887
 -1.70816
  1.79938
0.0165786
 -1.09736
 -1.95128
  1.50333
-0.195773
 -1.70816
  1.79942
0.0162057
 -1.09734
 -1.95111
    1.503
-0.195658
 -1.70816
  1.79953
0.0158671
 -1.09739
 -1.95096
  1.50274
-0.195541
 -1.70816
  1.79945
0.0155097
 -1.09722
 -1.95082
   1.5025
-0.195423
 -1.70812
  1.79945
0.0151874
 -1.09709
 -1.95066
  1.50225
-0.195329
 -1.70806
  1.79949
0.0148855
 -1.09712
 -1.95051
  1.50194
-0.195263
 -1.70809
  1.79947
0.0145285
 -1.09703
 -1.95035
  1.50163
-0.195196
 -1.70808
  1.79947
0.0142043
 -1.09705
 -1.95018
  1.50134
-0.195137
 -1.70805
  1.79944
0.0139368
 -1.09698
 -1.95002
  1.50106
-0.195086
 -1.70805
  1.79944
0.0136496
 -1.09692
 -1.94987
  1.50083
-0.195032
 -1.70804
  1.79944
0.0133585
 -1.09688
 -1.94971
  1.50059
-0.194981
 -1.70803
  1.79943
0.0130535
 -1.09677
 -1.94957
  1.50033
-0.194935
 -1.70802
  1.79943
0.0127519
 -1.09675
 -1.94942
  1.50005
-0.194892
 -1.70802
   1.7994
0.0124589
 -1.09663
 -1.94928
  1.49975
 -0.19485
 -1.70801
   1.7994
0.0121735
 -1.09655
 -1.94915
  1.49946
-0.194805
 -1.70801
  1.79942
0.0118948
 -1.09652
 -1.94903
  1.49921
-0.194756
 -1.70801
   1.7994
0.0116179
 -1.09641
  -1.9489
  1.49899
-0.194695
   -1.708
  1.79943
0.0113398
 -1.09636
 -1.94875
  1.49878
-0.194616
 -1.70801
  1.79947
 0.011059
 -1.09635
 -1.94861
  1.49858
-0.194531
   -1.708
  1.79941
0.0107761
 -1.09619
 -1.94851
  1.49838
-0.194448
   -1.708
  1.79938
0.0104941
 -1.09608
 -1.94842
  1.49815
-0.194356
   -1.708
  1.79947
0.0102523
 -1.09615
 -1.94832
  1.49788
 -0.19427
   -1.708
  1.79946
0.0100364
 -1.09613
 -1.94824
  1.49763
-0.194195
    -1.708
   1.79944
0.00982623
  -1.09612
  -1.94816
   1.49745
 -0.194126
  -1.70801
   1.79944
0.00963693
  -1.09612
  -1.94808
    1.4973
 -0.194066
  -1.70801
   1.79948
0.00945675
  -1.09615
  -1.94799
   1.49718
 -0.194005
 -1.70801
  1.79947
0.0092704
 -1.09612
 -1.94792
  1.49707
-0.193943
  -1.70801
   1.79946
0.00908117
   -1.0961
  -1.94785
   1.49696
 -0.193892
  -1.70801
   1.79947
0.00889679
  -1.09611
  -1.94779
   1.49685
 -0.193853
  -1.70801
   1.79952
0.00872326
  -1.09615
  -1.94771
   1.49676
 -0.193825
 -1.70801
  1.79952
0.0085393
 -1.09611
 -1.94763
  1.49666
-0.193799
  -1.70801
   1.79952
0.00835708
  -1.09608
  -1.94757
   1.49654
 -0.193771
  -1.70801
   1.79954
0.00819361
  -1.09604
  -1.94751
   1.49639
 -0.193743
  -1.70801
   1.79959
0.00806161
  -1.09604
  -1.94743
   1.49619
 -0.193713
  -1.70801
    1.7996
0.00794129
  -1.09597
  -1.94736
   1.49602
 -0.193682
  -1.70802
   1.79962
0.00782582
  -1.09594
  -1.94729
   1.49587
 -0.193648
  -1.70801
   1.79963
0.00772228
   -1.0959
  -1.94722
   1.49569
 -0.193613
  -1.70801
   1.79963
0.00761867
  -1.09582
  -1.94716
   1.49553
 -0.193576
  -1.70801
   1.79965
0.00752609
  -1.09573
  -1.94709
   1.49542
 -0.193543
  -1.70801
    1.7997
0.00744142
  -1.09573
  -1.94702
   1.49536
 -0.193513
  -1.70801
   1.79974
0.00735598
  -1.09567
  -1.94698
    1.4953
 -0.193483
  -1.70801
   1.79979
0.00726484
  -1.09567
  -1.94696
   1.49527
 -0.193469
  -1.70801
   1.79977
0.00716998
  -1.09556
  -1.94695
   1.49524
 -0.193466
 -1.70801
   1.7998
0.0070801
 -1.09548
 -1.94692
   1.4952
-0.193462
  -1.70802
   1.79985
0.00699166
  -1.09545
  -1.94692
   1.49515
 -0.193458
  -1.70802
   1.79987
0.00690267
   -1.0954
   -1.9469
   1.49513
 -0.193454
  -1.70801
   1.79989
0.00682741
  -1.09538
  -1.94688
   1.49511
  -0.19345
  -1.70802
    1.7999
0.00678235
  -1.09538
  -1.94687
    1.4951
 -0.193446
  -1.70801
   1.79992
0.00676402
  -1.09538
  -1.94687
   1.49508
 -0.193444
  -1.70801
   1.79993
0.00676258
  -1.09538
  -1.94686
   1.49505
 -0.193442
  -1.70801
   1.79994
0.00676917
  -1.09539
  -1.94686
   1.49503
 -0.193439
  -1.70801
   1.79992
0.00677498
  -1.09535
  -1.94685
   1.49502
 -0.193438
  -1.70801
   1.79993
0.00678163
  -1.09533
  -1.94685
   1.49502
 -0.193436
  -1.70801
   1.79996
0.00678769
  -1.09535
  -1.94684
   1.49501
 -0.193435
  -1.70801
   1.79994
0.00678888
  -1.09532
  -1.94684
   1.49501
 -0.193435
  -1.70801
   1.79995
0.00679032
  -1.09532
  -1.94683
   1.49501
 -0.193434
  -1.70801
   1.79994
0.00679128
  -1.09532
  -1.94683
   1.49501
 -0.193433
  -1.70801
   1.79994
0.00679116
  -1.09532
  -1.94683
   1.49501
 -0.193432
  -1.70801
   1.79994
0.00679074
  -1.09532
  -1.94682
   1.49501
 -0.193431
  -1.70801
   1.79994
0.00679116
  -1.09532
  -1.94682
   1.49501
  -0.19343
  -1.70801
   1.79993
0.00679164
  -1.09532
  -1.94681
     1.495
 -0.193429
  -1.70801
   1.79993
0.00679206
  -1.09532
  -1.94681
     1.495
 -0.193429
  -1.70801
   1.79993
0.00679212
  -1.09532
  -1.94681
     1.495
 -0.193428
  -1.70801
   1.79992
0.00679254
  -1.09532
   -1.9468
     1.495
 -0.193427
  -1.70801
   1.79992
0.00679296
  -1.09532
   -1.9468
     1.495
 -0.193426
  -1.70801
   1.79992
0.00679272
  -1.09532
   -1.9468
     1.495
 -0.193426
  -1.70801
   1.79992
0.00679272
  -1.09532
   -1.9468
     1.495
 -0.193425
  -1.70801
   1.79992
0.00679272
  -1.09532
   -1.9468
     1.495
 -0.193425
  -1.70801
   1.79992
0.00679284
  -1.09532
   -1.9468
     1.495
 -0.193424
  -1.70801
   1.79992
0.00679314
  -1.09532
   -1.9468
     1.495
 -0.193424
  -1.70801
   1.79992
0.00679398
  -1.09532
   -1.9468
     1.495
 -0.193423
  -1.70801
   1.79992
0.00679506
  -1.09532
   -1.9468
     1.495
 -0.193423
  -1.70801
   1.79992
0.00679565
  -1.09532
   -1.9468
     1.495
 -0.193423
  -1.70801
   1.79992
0.00679577
  -1.09532
   -1.9468
     1.495
 -0.193422
  -1.70801
   1.79992
0.00679524
  -1.09532
   -1.9468
     1.495
 -0.193421
  -1.70801
   1.79992
0.00679488
  -1.09532
   -1.9468
     1.495
 -0.193421
  -1.70801
   1.79992
0.00679434
  -1.09532
   -1.9468
     1.495
 -0.193421
  -1.70801
   1.79992
0.00679446
  -1.09532
   -1.9468
     1.495
  -0.19342
  -1.70801
   1.79992
0.00679446
  -1.09532
   -1.9468
     1.495
  -0.19342
  -1.70801
   1.79992
0.00679476
  -1.09532
   -1.9468
     1.495
 -0.193419
  -1.70801
   1.79992
0.00679548
  -1.09532
   -1.9468
     1.495
 -0.193419
  -1.70801
   1.79992
0.00679607
  -1.09532
   -1.9468
     1.495
 -0.193419
  -1.70801
   1.79992
0.00679673
  -1.09532
   -1.9468
     1.495
 -0.193418
  -1.70801
   1.79992
0.00679697
  -1.09532
   -1.9468
     1.495
 -0.193418
  -1.70801
   1.79992
0.00679709
  -1.09532
   -1.9468
     1.495
 -0.193417
  -1.70801
   1.79992
0.00679697
  -1.09532
   -1.9468
     1.495
 -0.193417
  -1.70801
   1.79992
0.00679655
  -1.09532
   -1.9468
     1.495
 -0.193417
  -1.70801
   1.79992
0.00679619
  -1.09532
   -1.9468
     1.495
 -0.193417
  -1.70801
   1.79992
0.00679619
  -1.09532
   -1.9468
     1.495
 -0.193416
  -1.70801
   1.79992
0.00679625
  -1.09532
   -1.9468
     1.495
 -0.193416
  -1.70801
   1.79992
0.00679637
  -1.09532
   -1.9468
     1.495
 -0.193416
  -1.70801
   1.79992
0.00679667
  -1.09532
   -1.9468
     1.495
 -0.193416
  -1.70801
   1.79992
0.00679685
  -1.09532
   -1.9468
     1.495
 -0.193415
  -1.70801
   1.79992
0.00679715
  -1.09532
   -1.9468
     1.495
 -0.193415
  -1.70801
   1.79992
0.00679715
  -1.09532
   -1.9468
     1.495
 -0.193415
  -1.70801
   1.79992
0.00679697
  -1.09532
   -1.9468
     1.495
 -0.193415
  -1.70801
   1.79992
0.00679697
  -1.09532
   -1.9468
     1.495
 -0.193414
  -1.70801
   1.79992
0.00679679
  -1.09532
   -1.9468
     1.495
 -0.193414
  -1.70801
   1.79992
0.00679643
  -1.09532
   -1.9468
     1.495
 -0.193414
  -1.70801
   1.79992
0.00679655
  -1.09532
   -1.9468
     1.495
 -0.193414
  -1.70801
   1.79992
0.00679643
  -1.09532
   -1.9468
     1.495
 -0.193414
  -1.70801
   1.79992
0.00679643
  -1.09532
   -1.9468
     1.495
 -0.193413
  -1.70801
   1.79992
0.00679643
  -1.09532
   -1.9468
     1.495
 -0.193413
  -1.70801
   1.79992
0.00679655
  -1.09532
   -1.9468
     1.495
 -0.193413
  -1.70801
   1.79992
0.00679655
  -1.09532
   -1.9468
     1.495
 -0.193413
  -1.70801
   1.79992
0.00679643
  -1.09532
   -1.9468
     1.495
 -0.193412
  -1.70801
   1.79992
0.00679655
  -1.09532
   -1.9468
     1.495
 -0.193412
  -1.70801
   1.79992
0.00679679
  -1.09532
   -1.9468
     1.495
 -0.193412
  -1.70801
   1.79992
0.00679685
  -1.09532
   -1.9468
     1.495
 -0.193412
  -1.70801
   1.79992
0.00679715
  -1.09532
   -1.9468
     1.495
 -0.193412
  -1.70801
   1.79992
0.00679715
  -1.09532
   -1.9468
     1.495
 -0.193412
  -1.70801
   1.79992
0.00679727
  -1.09532
   -1.9468
     1.495
 -0.193411
  -1.70801
   1.79992
0.00679727
  -1.09532
   -1.9468
     1.495
 -0.193411
  -1.70801
   1.79992
0.00679709
  -1.09532
   -1.9468
     1.495
 -0.193411
  -1.70801
   1.79992
0.00679673
  -1.09532
   -1.9468
     1.495
 -0.193411
  -1.70801
   1.79992
0.00679643
  -1.09532
   -1.9468
     1.495
 -0.193411
  -1.70801
   1.79992
0.00679637
  -1.09532
   -1.9468
     1.495
  -0.19341
  -1.70801
   1.79992
0.00679637
  -1.09532
   -1.9468
     1.495
  -0.19341
  -1.70801
   1.79992
0.00679637
  -1.09532
   -1.9468
     1.495
  -0.19341
  -1.70801
   1.79992
0.00679643
  -1.09532
   -1.9468
     1.495
  -0.19341
  -1.70801
   1.79992
0.00679655
  -1.09532
   -1.9468
     1.495
  -0.19341
  -1.70801
   1.79992
0.00679697
  -1.09532
   -1.9468
     1.495
  -0.19341
  -1.70801
   1.79992
0.00679697
  -1.09532
   -1.9468
     1.495
  -0.19341
  -1.70801
   1.79992
0.00679709
  -1.09532
   -1.9468
     1.495
  -0.19341
  -1.70801
   1.79992
0.00679697
  -1.09532
   -1.9468
     1.495
 -0.193409
  -1.70801
   1.79991
0.00679697
  -1.09532
   -1.9468
     1.495
 -0.193409
  -1.70801
   1.79992
0.00679673
  -1.09532
   -1.9468
     1.495
 -0.193409
  -1.70801
   1.79992
0.00679655
  -1.09532
   -1.9468
     1.495
 -0.193409
  -1.70801
   1.79992
0.00679643
  -1.09532
   -1.9468
     1.495
 -0.193409
  -1.70801
   1.79991
0.00679673
  -1.09532
   -1.9468
   1.49499
 -0.193409
  -1.70801
   1.79992
0.00679673
  -1.09532
   -1.9468
   1.49499
 -0.193409
  -1.70801
   1.79992
0.00679685
  -1.09532
   -1.9468
   1.49499
 -0.193408
  -1.70801
   1.79992
0.00679709
  -1.09532
   -1.9468
   1.49499
 -0.193408
  -1.70801
   1.79991
0.00679697
  -1.09532
   -1.9468
   1.49499
 -0.193408
  -1.70801
   1.79991
0.00679697
  -1.09532
   -1.9468
   1.49499
 -0.193408
  -1.70801
   1.79991
0.00679697
  -1.09532
   -1.9468
   1.49499
 -0.193408
  -1.70801
   1.79991
0.00679697
  -1.09532
   -1.9468
   1.49499
 -0.193408
  -1.70801
   1.79991
0.00679685
  -1.09532
   -1.9468
   1.49499
 -0.193408
  -1.70801
   1.79991
0.00679667
  -1.09532
   -1.9468
   1.49499
 -0.193408
  -1.70801
   1.79991
0.00679667
  -1.09532
   -1.9468
   1.49499
 -0.193408
  -1.70801
   1.79991
0.00679667
  -1.09532
   -1.9468
   1.49499
 -0.193407
  -1.70801
   1.79991
0.00679655
  -1.09532
   -1.9468
   1.49499
 -0.193407
  -1.70801
   1.79991
0.00679667
  -1.09532
   -1.9468
   1.49499
 -0.193407
  -1.70801
   1.79991
0.00679667
  -1.09532
   -1.9468
   1.49499
 -0.193407
  -1.70801
   1.79991
0.00679673
  -1.09532
   -1.9468
   1.49499
 -0.193407
  -1.70801
   1.79991
0.00679673
  -1.09532
   -1.9468
   1.49499
 -0.193407
  -1.70801
   1.79991
0.00679673
  -1.09532
   -1.9468
   1.49499
 -0.193407
  -1.70801
   1.79991
0.00679685
  -1.09532
   -1.9468
   1.49499
 -0.193407
  -1.70801
   1.79991
0.00679685
  -1.09532
   -1.9468
   1.49499
 -0.193407
  -1.70801
   1.79991
0.00679685
  -1.09532
   -1.9468
   1.49499
 -0.193407
  -1.70801
   1.79991
0.00679685
  -1.09532
   -1.9468
   1.49499
 -0.193407
  -1.70801
   1.79991
0.00679685
  -1.09532
   -1.9468
   1.49499
 -0.193407
  -1.70801
   1.79991
0.00679685
  -1.09532
   -1.9468
   1.49499
 -0.193407
  -1.70801
   1.79991
0.00679673
  -1.09532
   -1.9468
   1.49499
 -0.193407
  -1.70801
   1.79991
0.00679673
  -1.09532
   -1.9468
   1.49499
 -0.193406
  -1.70801
   1.79991
0.00679655
  -1.09532
   -1.9468
   1.49499
 -0.193407
  -1.70801
   1.79991
0.00679655
  -1.09532
   -1.9468
   1.49499
 -0.193406
  -1.70801
   1.79991
0.00679655
  -1.09532
   -1.9468
   1.49499
 -0.193406
  -1.70801
   1.79991
0.00679667
  -1.09532
   -1.9468
   1.49499
 -0.193406
  -1.70801
   1.79991
0.00679673
  -1.09532
   -1.9468
   1.49499
 -0.193406
  -1.70801
   1.79991
0.00679685
  -1.09532
   -1.9468
   1.49499
 -0.193406
  -1.70801
   1.79991
0.00679709
  -1.09532
   -1.9468
   1.49499
 -0.193406
  -1.70801
   1.79991
0.00679697
  -1.09532
   -1.9468
   1.49499
 -0.193406
  -1.70801
   1.79991
0.00679697
  -1.09532
   -1.9468
   1.49499
 -0.193406
  -1.70801
   1.79991
0.00679685
  -1.09532
   -1.9468
   1.49499
 -0.193406
  -1.70801
   1.79991
0.00679673
  -1.09532
   -1.9468
   1.49499
 -0.193406
  -1.70801
   1.79991
0.00679667
  -1.09532
   -1.9468
   1.49499
 -0.193406
  -1.70801
   1.79991
0.00679655
  -1.09532
   -1.9468
   1.49499
 -0.193406
  -1.70801
   1.79991
0.00679655
  -1.09532
   -1.9468
   1.49499
 -0.193406
  -1.70801
   1.79991
0.00679667
  -1.09532
   -1.9468
   1.49499
 -0.193405
  -1.70801
   1.79991
0.00679673
  -1.09532
   -1.9468
   1.49499
 -0.193405
  -1.70801
   1.79991
0.00679673
  -1.09532
   -1.9468
   1.49499
 -0.193405
  -1.70801
   1.79991
0.00679673
  -1.09532
   -1.9468
   1.49499
 -0.193405
  -1.70801
   1.79991
0.00679685
  -1.09532
   -1.9468
   1.49499
 -0.193405
  -1.70801
   1.79991
0.00679685
  -1.09532
   -1.9468
   1.49499
 -0.193405
  -1.70801
   1.79991
0.00679679
  -1.09532
   -1.9468
   1.49499
 -0.193405
  -1.70801
   1.79991
0.00679673
  -1.09532
   -1.9468
   1.49499
 -0.193405
  -1.70801
   1.79991
0.00679673
  -1.09532
   -1.9468
   1.49499
 -0.193405
  -1.70801
   1.79991
0.00679667
  -1.09532
   -1.9468
   1.49499
 -0.193405
  -1.70801
   1.79991
0.00679673
  -1.09532
   -1.9468
   1.49499
 -0.193405
  -1.70801
   1.79991
0.00679673
  -1.09532
   -1.9468
   1.49499
 -0.193405
  -1.70801
   1.79991
0.00679673
  -1.09532
   -1.9468
   1.49499
 -0.193405
  -1.70801
   1.79991
0.00679673
  -1.09532
   -1.9468
   1.49499
 -0.193404
  -1.70801
   1.79991
0.00679673
  -1.09532
   -1.9468
   1.49499
 -0.193404
  -1.70801
   1.79991
0.00679673
  -1.09532
   -1.9468
   1.49499
 -0.193404
  -1.70801
   1.79991
0.00679673
  -1.09532
   -1.9468
   1.49499
 -0.193404
  -1.70801
   1.79991
0.00679673
  -1.09532
   -1.9468
   1.49499
 -0.193404
  -1.70801
   1.79991
0.00679673
  -1.09532
   -1.9468
   1.49499
 -0.193404
  -1.70801
   1.79991
0.00679673
  -1.09532
   -1.9468
   1.49499
 -0.193404
  -1.70801
   1.79991
0.00679673
  -1.09532
   -1.9468
   1.49499
 -0.193404
  -1.70801
   1.79991
0.00679673
  -1.09532
   -1.9468
   1.49499
 -0.193404
  -1.70801
   1.79991
0.00679667
  -1.09532
   -1.9468
   1.49499
 -0.193404
  -1.70801
   1.79991
0.00679667
  -1.09532
   -1.9468
   1.49499
 -0.193404
  -1.70801
   1.79991
0.00679673
  -1.09532
   -1.9468
   1.49499
 -0.193404
  -1.70801
   1.79991
0.00679667
  -1.09532
   -1.9468
   1.49499
 -0.193404
  -1.70801
   1.79991
0.00679667
  -1.09532
   -1.9468
   1.49499
 -0.193404
  -1.70801
   1.79991
0.00679667
  -1.09532
   -1.9468
   1.49499
 -0.193404
  -1.70801
   1.79991
0.00679667
  -1.09532
   -1.9468
   1.49499
 -0.193404
  -1.70801
   1.79991
0.00679679
  -1.09532
   -1.9468
   1.49499
 -0.193404
  -1.70801
   1.79991
0.00679685
  -1.09532
   -1.9468
   1.49499
 -0.193404
  -1.70801
   1.79991
0.00679685
  -1.09532
   -1.9468
   1.49499
 -0.193404
  -1.70801
   1.79991
0.00679685
  -1.09532
   -1.9468
   1.49499
 -0.193403
  -1.70801
   1.79991
0.00679685
  -1.09532
   -1.9468
   1.49499
 -0.193403
  -1.70801
   1.79991
0.00679685
  -1.09532
   -1.9468
   1.49499
 -0.193403
  -1.70801
   1.79991
0.00679685
  -1.09532
   -1.9468
   1.49499
 -0.193403
  -1.70801
   1.79991
0.00679673
  -1.09532
   -1.9468
   1.49499
 -0.193403
  -1.70801
   1.79991
0.00679655
  -1.09532
   -1.9468
   1.49499
 -0.193403
  -1.70801
   1.79991
0.00679673
  -1.09532
   -1.9468
   1.49499
 -0.193403
  -1.70801
   1.79991
0.00679679
  -1.09532
   -1.9468
   1.49499
 -0.193403
  -1.70801
   1.79991
0.00679655
  -1.09532
   -1.9468
   1.49499
 -0.193403
  -1.70801
   1.79991
0.00679679
  -1.09532
   -1.9468
   1.49499
 -0.193403
  -1.70801
   1.79991
0.00679673
  -1.09532
   -1.9468
   1.49499
 -0.193403
  -1.70801
   1.79991
0.00679679
  -1.09532
   -1.9468
   1.49499
 -0.193403
  -1.70801
   1.79991
0.00679673
  -1.09532
   -1.9468
   1.49499
 -0.193403
  -1.70801
   1.79991
0.00679679
  -1.09532
   -1.9468
   1.49499
 -0.193403
  -1.70801
   1.79991
0.00679685
  -1.09532
   -1.9468
   1.49499
 -0.193403
  -1.70801
   1.79991
0.00679673
  -1.09532
   -1.9468
   1.49499
 -0.193403
  -1.70801
   1.79991
0.00679673
  -1.09532
   -1.9468
   1.49499
 -0.193403
