     -1.7639
     1.82739
-0.000164723
   -0.928936
    -1.98629
     1.42542
   -0.317471
     -1.7639
     1.82739
-0.000164723
   -0.928935
    -1.98629
     1.42542
   -0.317471
     -1.7639
     1.82739
-0.000164723
   -0.928934
    -1.98629
     1.42542
   -0.317471
     -1.7639
     1.82739
-0.000163105
   -0.928934
     -1.9863
     1.42542
   -0.317471
    -1.76389
     1.82739
-0.000156154
   -0.928937
     -1.9863
     1.42542
   -0.317472
    -1.76389
     1.82739
-0.000128231
   -0.928942
    -1.98631
     1.42543
   -0.317474
    -1.76389
     1.82738
-7.63395e-05
    -0.92895
    -1.98633
     1.42546
   -0.317477
   -1.76389
    1.82738
3.94281e-05
  -0.928966
   -1.98641
    1.42557
  -0.317481
   -1.76388
    1.82737
0.000271083
  -0.928981
   -1.98657
    1.42582
  -0.317492
   -1.76387
    1.82739
0.000628153
  -0.929069
   -1.98682
    1.42622
  -0.317539
 -1.76389
  1.82735
0.0010515
-0.929121
 -1.98713
  1.42673
-0.317643
  -1.76392
   1.82731
0.00156107
   -0.9292
   -1.9875
   1.42731
 -0.317799
  -1.76391
    1.8273
0.00219281
 -0.929386
  -1.98791
   1.42793
 -0.317992
  -1.76392
   1.82724
0.00290797
 -0.929535
  -1.98839
   1.42864
 -0.318193
  -1.76393
   1.82726
0.00371115
  -0.92982
   -1.9889
   1.42939
 -0.318406
   -1.7639
   1.82714
0.00458469
 -0.929961
  -1.98945
   1.43016
 -0.318616
  -1.76386
   1.82705
0.00552569
 -0.930152
  -1.98998
   1.43097
 -0.318805
   -1.7639
   1.82703
0.00640976
 -0.930436
  -1.99051
   1.43172
 -0.318963
  -1.76392
   1.82696
0.00726729
 -0.930675
  -1.99103
   1.43246
 -0.319122
 -1.76388
  1.82696
0.0081763
-0.930997
 -1.99153
  1.43311
-0.319267
 -1.76387
  1.82685
0.0089799
-0.931174
 -1.99201
  1.43373
-0.319403
  -1.76379
   1.82674
0.00975156
  -0.93138
  -1.99244
   1.43429
 -0.319533
 -1.76369
  1.82673
0.0105275
-0.931634
 -1.99283
  1.43476
-0.319658
 -1.76354
  1.82664
0.0112444
-0.931786
 -1.99319
  1.43517
 -0.31977
 -1.76349
  1.82667
  0.01183
-0.932053
 -1.99349
  1.43557
-0.319874
 -1.76345
  1.82655
0.0123893
-0.932088
 -1.99383
  1.43605
-0.319968
 -1.76333
  1.82647
0.0130001
-0.932173
 -1.99413
  1.43652
-0.320067
 -1.76327
  1.82651
0.0135799
-0.932388
 -1.99441
  1.43687
-0.320159
  -1.7632
  1.82646
0.0141352
-0.932493
 -1.99472
  1.43725
-0.320254
 -1.76314
  1.82636
0.0146754
-0.932535
 -1.99501
  1.43767
-0.320356
 -1.76306
  1.82631
0.0152349
-0.932639
  -1.9953
  1.43811
-0.320461
 -1.76297
   1.8262
0.0157939
-0.932672
 -1.99563
  1.43857
 -0.32057
 -1.76299
  1.82623
0.0162729
-0.932818
 -1.99589
  1.43902
-0.320681
   -1.763
  1.82618
 0.016748
-0.932869
 -1.99616
  1.43948
-0.320782
 -1.76298
  1.82607
0.0173031
-0.932867
 -1.99644
     1.44
-0.320868
 -1.76298
  1.82605
0.0178558
-0.933005
 -1.99672
  1.44052
-0.320943
 -1.76298
  1.82592
0.0183959
-0.933043
 -1.99702
  1.44097
-0.321022
 -1.76299
  1.82581
0.0189445
-0.933141
 -1.99728
  1.44141
-0.321104
 -1.76297
  1.82579
0.0195175
-0.933378
 -1.99757
  1.44187
 -0.32119
 -1.76294
  1.82568
0.0200649
-0.933475
 -1.99791
  1.44235
-0.321286
 -1.76297
  1.82556
0.0205607
-0.933579
 -1.99823
  1.44286
-0.321387
 -1.76297
  1.82557
0.0211045
-0.933795
 -1.99857
  1.44332
-0.321488
 -1.76295
  1.82545
0.0216718
-0.933826
 -1.99895
  1.44377
-0.321587
 -1.76294
  1.82534
0.0222148
-0.933887
 -1.99928
  1.44428
-0.321697
-1.76293
 1.82539
0.022776
-0.93413
-1.99961
 1.44475
-0.32182
 -1.76292
  1.82538
0.0233538
-0.934302
 -1.99994
  1.44517
-0.321941
 -1.76291
  1.82529
0.0239303
-0.934358
 -2.00027
  1.44565
-0.322056
 -1.76291
  1.82533
0.0245121
-0.934555
  -2.0006
  1.44614
-0.322172
 -1.76286
   1.8253
0.0251293
-0.934629
 -2.00094
  1.44661
-0.322292
 -1.76281
  1.82528
0.0257455
-0.934718
 -2.00127
  1.44707
-0.322408
 -1.76283
  1.82521
0.0262906
-0.934801
 -2.00161
  1.44752
-0.322519
 -1.76283
  1.82529
0.0268743
-0.935061
 -2.00194
  1.44799
-0.322639
  -1.7628
  1.82533
0.0275006
-0.935273
 -2.00227
  1.44846
 -0.32275
  -1.7628
   1.8253
0.0280866
-0.935408
 -2.00259
  1.44893
-0.322854
 -1.76279
  1.82536
0.0286657
-0.935629
 -2.00291
  1.44941
-0.322953
 -1.76279
  1.82533
0.0292536
-0.935727
 -2.00322
  1.44991
-0.323048
 -1.76279
  1.82534
0.0298479
-0.935893
 -2.00351
  1.45041
-0.323129
 -1.76279
  1.82541
0.0304333
-0.936147
  -2.0038
  1.45087
-0.323214
 -1.76275
  1.82544
0.0310282
-0.936359
  -2.0041
  1.45134
-0.323304
 -1.76266
  1.82536
0.0316289
-0.936396
 -2.00442
  1.45184
-0.323431
 -1.76266
  1.82532
0.0321306
-0.936493
 -2.00474
  1.45231
 -0.32357
 -1.76265
   1.8254
0.0326237
-0.936725
 -2.00506
  1.45271
-0.323717
  -1.7626
  1.82543
0.0331571
-0.936907
 -2.00538
  1.45312
-0.323867
 -1.76258
  1.82533
0.0336733
-0.936926
  -2.0057
  1.45359
-0.324013
 -1.76256
  1.82525
0.0342014
-0.936985
 -2.00601
  1.45406
-0.324159
 -1.76254
   1.8253
0.0347395
-0.937174
 -2.00631
  1.45446
  -0.3243
 -1.76253
  1.82528
0.0352893
 -0.93729
 -2.00664
  1.45484
-0.324424
 -1.76252
  1.82514
0.0358363
-0.937275
 -2.00696
   1.4553
-0.324531
  -1.7625
  1.82501
0.0363981
  -0.9373
 -2.00727
  1.45579
-0.324619
 -1.76246
  1.82502
0.0369933
  -0.9374
 -2.00758
  1.45623
-0.324703
 -1.76241
  1.82498
0.0375943
-0.937471
 -2.00788
  1.45664
-0.324793
 -1.76241
  1.82482
0.0381056
-0.937433
 -2.00819
   1.4571
 -0.32488
  -1.7624
  1.82469
0.0386378
 -0.93748
  -2.0085
  1.45758
-0.324975
 -1.76234
  1.82468
 0.039253
-0.937641
 -2.00881
  1.45805
-0.325069
 -1.76231
  1.82464
 0.039844
-0.937809
 -2.00913
  1.45851
 -0.32516
 -1.76227
  1.82446
0.0404178
-0.937822
 -2.00947
  1.45896
-0.325242
 -1.76223
  1.82431
0.0409957
-0.937885
 -2.00976
  1.45943
-0.325325
  -1.7622
  1.82424
0.0415707
-0.938059
 -2.01006
   1.4599
-0.325411
 -1.76217
  1.82414
0.0421334
-0.938232
 -2.01036
  1.46036
-0.325517
 -1.76215
  1.82396
0.0426947
-0.938307
 -2.01068
  1.46079
-0.325657
 -1.76214
  1.82379
0.0432606
-0.938402
 -2.01097
  1.46123
-0.325812
 -1.76215
  1.82379
0.0438327
-0.938623
 -2.01127
  1.46167
-0.325957
 -1.76212
  1.82376
0.0444164
-0.938782
 -2.01159
  1.46215
-0.326105
 -1.76205
  1.82366
0.0449925
-0.938898
  -2.0119
  1.46261
-0.326253
 -1.76209
  1.82355
0.0455063
-0.938999
 -2.01222
  1.46304
-0.326392
  -1.7621
  1.82342
0.0460462
-0.939127
 -2.01255
   1.4635
-0.326517
 -1.76208
  1.82344
0.0466306
-0.939349
 -2.01286
  1.46394
 -0.32662
 -1.76208
  1.82343
0.0471951
-0.939518
 -2.01316
   1.4644
-0.326712
 -1.76208
  1.82337
0.0477435
 -0.93957
 -2.01347
  1.46481
-0.326795
 -1.76208
  1.82333
0.0482937
-0.939601
 -2.01378
  1.46523
-0.326882
 -1.76208
  1.82328
0.0488577
-0.939662
  -2.0141
  1.46568
-0.326976
 -1.76208
  1.82335
0.0494221
-0.939829
  -2.0144
  1.46612
-0.327074
 -1.76208
  1.82339
0.0499793
-0.939973
  -2.0147
  1.46655
-0.327174
 -1.76208
  1.82335
0.0505293
-0.940026
 -2.01501
  1.46699
-0.327282
 -1.76208
  1.82338
0.0510917
-0.940109
 -2.01532
  1.46742
-0.327391
 -1.76208
  1.82332
0.0516591
-0.940123
 -2.01564
  1.46786
-0.327489
 -1.76208
  1.82331
0.0522093
-0.940261
 -2.01592
  1.46828
-0.327588
 -1.76204
  1.82337
0.0527848
-0.940491
  -2.0162
   1.4687
-0.327703
 -1.76204
  1.82337
0.0533322
-0.940647
 -2.01647
  1.46916
-0.327825
 -1.76208
  1.82336
0.0538212
-0.940758
 -2.01676
  1.46965
-0.327954
 -1.76207
  1.82337
0.0543554
-0.940888
 -2.01706
   1.4701
-0.328086
 -1.76206
  1.82334
0.0548991
-0.940964
 -2.01738
  1.47051
-0.328215
 -1.76207
  1.82334
0.0554372
-0.941029
 -2.01768
  1.47097
-0.328344
 -1.76207
  1.82341
0.0559832
-0.941203
 -2.01797
  1.47143
-0.328467
 -1.76207
  1.82344
0.0565192
-0.941315
 -2.01826
  1.47187
-0.328579
 -1.76207
   1.8234
0.0570512
-0.941323
 -2.01856
   1.4723
-0.328681
 -1.76207
  1.82342
0.0575876
-0.941384
 -2.01885
   1.4727
-0.328777
 -1.76207
  1.82343
0.0581309
-0.941428
 -2.01916
  1.47315
-0.328874
 -1.76207
  1.82339
0.0586691
-0.941428
 -2.01946
  1.47363
-0.328966
 -1.76207
  1.82333
0.0591954
-0.941464
 -2.01976
  1.47403
-0.329059
 -1.76207
  1.82338
0.0597298
-0.941646
 -2.02006
  1.47439
-0.329159
 -1.76207
  1.82338
0.0602726
-0.941793
 -2.02036
  1.47477
-0.329269
 -1.76206
  1.82329
0.0608022
-0.941829
 -2.02066
   1.4752
-0.329382
 -1.76206
  1.82326
0.0613282
-0.941917
 -2.02096
  1.47562
-0.329495
 -1.76206
  1.82321
0.0618607
-0.941991
 -2.02126
  1.47602
-0.329607
 -1.76205
  1.82318
0.0624007
-0.942064
 -2.02154
   1.4764
-0.329723
 -1.76204
  1.82309
0.0629338
-0.942106
 -2.02181
   1.4768
-0.329834
 -1.76199
  1.82298
0.0634791
-0.942165
 -2.02211
  1.47727
-0.329954
  -1.7619
  1.82296
0.0640227
 -0.94238
  -2.0224
  1.47773
-0.330084
  -1.7619
  1.82292
0.0645056
-0.942578
 -2.02269
  1.47813
-0.330212
 -1.76188
  1.82281
0.0650036
-0.942678
 -2.02299
  1.47852
-0.330333
 -1.76184
  1.82274
0.0655499
-0.942811
 -2.02329
  1.47893
-0.330453
 -1.76184
  1.82268
0.0660807
-0.942918
 -2.02359
  1.47938
-0.330565
 -1.76182
  1.82264
0.0666095
-0.943028
 -2.02389
  1.47987
-0.330666
  -1.7618
  1.82259
0.0671345
-0.943125
 -2.02418
  1.48028
-0.330756
 -1.76179
  1.82251
0.0676596
-0.943198
 -2.02447
  1.48065
 -0.33085
 -1.76178
  1.82238
 0.068182
-0.943263
 -2.02477
  1.48107
-0.330942
 -1.76177
  1.82241
0.0687025
-0.943451
 -2.02505
  1.48149
-0.331036
 -1.76176
   1.8224
 0.069225
-0.943584
 -2.02533
  1.48195
-0.331131
 -1.76175
  1.82234
0.0697429
-0.943653
 -2.02562
  1.48237
-0.331233
 -1.76174
  1.82233
0.0702544
-0.943735
 -2.02591
  1.48276
-0.331341
 -1.76173
  1.82232
0.0707785
-0.943823
  -2.0262
  1.48318
-0.331463
 -1.76173
  1.82232
0.0713075
-0.943927
  -2.0265
  1.48361
-0.331595
 -1.76172
  1.82232
0.0718236
-0.944036
  -2.0268
  1.48402
-0.331723
 -1.76172
  1.82233
 0.072332
-0.944147
  -2.0271
  1.48439
-0.331843
 -1.76171
  1.82234
0.0728458
-0.944257
  -2.0274
  1.48478
-0.331957
 -1.76171
  1.82236
0.0733663
-0.944365
 -2.02769
  1.48523
-0.332083
 -1.76171
  1.82237
0.0738794
-0.944455
 -2.02797
  1.48568
-0.332208
 -1.76171
  1.82236
0.0743787
  -0.9445
 -2.02824
  1.48611
-0.332334
 -1.76171
  1.82232
0.0748834
-0.944525
 -2.02849
  1.48651
-0.332459
 -1.76171
   1.8224
0.0754012
-0.944657
 -2.02876
  1.48692
-0.332561
 -1.76171
  1.82243
0.0759152
-0.944721
 -2.02905
  1.48734
-0.332656
 -1.76171
  1.82244
0.0764147
-0.944735
 -2.02935
  1.48776
-0.332751
 -1.76171
  1.82245
0.0769164
-0.944757
 -2.02967
  1.48816
-0.332849
 -1.76171
  1.82247
0.0774312
-0.944776
 -2.02996
  1.48859
-0.332937
 -1.76171
  1.82248
0.0779466
-0.944821
 -2.03024
  1.48904
 -0.33303
 -1.76168
  1.82248
0.0784513
-0.944868
 -2.03055
  1.48947
-0.333123
 -1.76164
  1.82249
0.0789478
-0.944937
 -2.03084
  1.48985
-0.333221
 -1.76166
  1.82251
0.0793553
-0.945005
 -2.03112
  1.49021
-0.333322
 -1.76166
  1.82251
0.0797904
-0.945061
 -2.03139
   1.4906
-0.333431
 -1.76162
  1.82252
0.0802616
-0.945134
 -2.03165
  1.49101
-0.333554
 -1.76162
  1.82253
0.0806967
-0.945221
 -2.03192
  1.49141
-0.333686
 -1.76162
  1.82254
0.0811339
-0.945297
 -2.03221
  1.49177
-0.333817
 -1.76163
  1.82254
0.0815787
-0.945388
 -2.03248
  1.49209
-0.333949
 -1.76163
  1.82254
0.0820435
-0.945465
 -2.03276
  1.49245
-0.334064
 -1.76165
  1.82254
 0.082494
-0.945548
 -2.03306
  1.49286
 -0.33418
 -1.76166
  1.82254
0.0829348
-0.945635
 -2.03336
  1.49327
-0.334303
 -1.76168
  1.82254
 0.083384
-0.945727
 -2.03364
  1.49365
-0.334425
 -1.76169
  1.82254
0.0838524
-0.945809
  -2.0339
  1.49399
-0.334532
 -1.76171
  1.82254
 0.084322
-0.945896
 -2.03418
  1.49435
-0.334636
 -1.76173
  1.82254
0.0847804
-0.945979
 -2.03444
  1.49475
-0.334731
 -1.76175
  1.82254
0.0852417
 -0.94605
 -2.03469
  1.49516
-0.334827
 -1.76177
  1.82254
0.0857046
-0.946129
 -2.03496
  1.49552
-0.334923
 -1.76179
  1.82254
 0.086177
 -0.94621
 -2.03522
  1.49586
-0.335012
 -1.76182
  1.82254
0.0866501
-0.946275
 -2.03547
  1.49621
-0.335099
 -1.76184
  1.82254
0.0871215
 -0.94635
 -2.03572
  1.49659
-0.335195
 -1.76187
  1.82254
0.0875844
-0.946419
   -2.036
  1.49701
-0.335293
  -1.7619
  1.82254
0.0880474
-0.946487
 -2.03627
   1.4974
-0.335396
 -1.76191
  1.82254
0.0885262
-0.946574
 -2.03654
  1.49775
-0.335507
 -1.76194
  1.82253
0.0889983
-0.946636
 -2.03683
  1.49811
-0.335624
 -1.76196
  1.82254
0.0894586
-0.946731
  -2.0371
  1.49848
-0.335748
 -1.76198
  1.82253
0.0899223
-0.946779
 -2.03736
  1.49887
-0.335874
   -1.762
  1.82253
0.0903923
-0.946862
 -2.03762
   1.4993
-0.336007
 -1.76201
  1.82253
0.0908753
-0.946929
 -2.03787
  1.49967
-0.336125
 -1.76202
  1.82253
0.0913345
-0.946984
 -2.03814
      1.5
 -0.33621
 -1.76204
  1.82253
0.0917853
-0.947064
 -2.03839
  1.50034
-0.336286
 -1.76204
  1.82253
0.0922522
-0.947129
 -2.03865
  1.50072
-0.336366
 -1.76205
  1.82252
0.0927231
-0.947185
  -2.0389
  1.50111
-0.336443
 -1.76205
  1.82252
 0.093192
-0.947256
 -2.03915
   1.5015
 -0.33652
 -1.76205
  1.82253
0.0936477
-0.947319
 -2.03942
  1.50184
-0.336598
 -1.76205
  1.82252
0.0940887
-0.947383
 -2.03968
  1.50216
-0.336678
 -1.76205
  1.82253
0.0945421
 -0.94744
 -2.03995
  1.50252
 -0.33676
 -1.76204
  1.82253
0.0950039
-0.947508
 -2.04021
   1.5029
-0.336837
 -1.76204
  1.82252
0.0954542
-0.947568
 -2.04046
  1.50327
-0.336911
 -1.76204
  1.82252
0.0958893
-0.947641
 -2.04071
  1.50362
-0.337004
 -1.76203
  1.82252
0.0963202
-0.947702
 -2.04096
  1.50394
-0.337125
 -1.76202
  1.82252
0.0967591
-0.947776
 -2.04121
  1.50427
-0.337246
 -1.76202
  1.82252
0.0972076
-0.947825
 -2.04146
  1.50463
-0.337367
 -1.76201
  1.82252
0.0976447
-0.947905
  -2.0417
    1.505
-0.337495
   -1.762
  1.82252
0.0980676
-0.947953
 -2.04195
  1.50535
-0.337625
   -1.762
  1.82251
0.0984946
-0.948015
  -2.0422
  1.50569
 -0.33775
 -1.76198
  1.82252
0.0989354
-0.948081
 -2.04245
  1.50602
-0.337882
 -1.76197
  1.82251
0.0993718
-0.948139
  -2.0427
  1.50636
-0.338022
 -1.76196
  1.82251
0.0998009
 -0.94818
 -2.04295
  1.50672
-0.338156
 -1.76195
  1.82251
 0.100222
-0.948258
 -2.04321
  1.50707
-0.338256
 -1.76195
   1.8225
 0.100636
-0.948289
 -2.04347
  1.50741
-0.338333
-1.76194
 1.82251
0.101063
-0.94837
-2.04373
 1.50774
-0.33839
 -1.76194
   1.8225
 0.101494
-0.948404
 -2.04398
   1.5081
-0.338443
 -1.76193
   1.8225
 0.101924
-0.948473
 -2.04423
  1.50848
-0.338504
 -1.76193
   1.8225
 0.102333
-0.948535
 -2.04446
  1.50885
-0.338567
 -1.76191
  1.82249
 0.102753
-0.948575
 -2.04469
  1.50921
-0.338633
 -1.76191
  1.82249
 0.103169
-0.948644
 -2.04492
  1.50955
-0.338705
  -1.7619
  1.82249
 0.103596
-0.948684
 -2.04516
  1.50987
-0.338787
 -1.76191
  1.82249
 0.104004
-0.948734
 -2.04539
  1.51024
 -0.33889
  -1.7619
  1.82253
  0.10442
-0.948843
 -2.04561
  1.51062
-0.339001
  -1.7619
  1.82254
 0.104816
-0.948932
 -2.04584
  1.51097
-0.339117
  -1.7619
  1.82249
 0.105218
-0.948902
 -2.04607
   1.5113
 -0.33923
  -1.7619
  1.82247
 0.105628
-0.948923
 -2.04628
  1.51162
-0.339347
  -1.7619
  1.82251
 0.106047
-0.948996
 -2.04651
  1.51191
-0.339465
  -1.7619
  1.82249
 0.106443
-0.949032
 -2.04675
  1.51224
-0.339581
  -1.7619
  1.82247
 0.106823
-0.949083
 -2.04696
  1.51262
-0.339694
  -1.7619
  1.82246
 0.107216
-0.949156
  -2.0472
  1.51297
-0.339811
 -1.76191
  1.82244
 0.107597
-0.949202
 -2.04743
  1.51324
 -0.33993
  -1.7619
  1.82241
 0.107994
-0.949247
 -2.04764
  1.51346
-0.340043
 -1.76191
  1.82237
 0.108393
-0.949298
 -2.04785
   1.5137
 -0.34016
 -1.76191
  1.82232
 0.108784
-0.949337
 -2.04809
  1.51397
-0.340257
 -1.76191
   1.8223
 0.109159
-0.949404
 -2.04833
  1.51431
-0.340325
 -1.76191
  1.82225
 0.109548
-0.949439
 -2.04856
  1.51466
-0.340388
 -1.76191
  1.82221
 0.109937
-0.949473
 -2.04878
  1.51497
-0.340448
 -1.76191
  1.82218
 0.110338
-0.949525
 -2.04902
  1.51524
  -0.3405
 -1.76191
  1.82219
 0.110721
-0.949603
 -2.04926
  1.51549
-0.340548
 -1.76191
  1.82222
 0.111094
-0.949703
 -2.04947
  1.51576
-0.340598
 -1.76191
  1.82213
  0.11146
 -0.94962
  -2.0497
   1.5161
-0.340654
 -1.76191
  1.82208
 0.111842
-0.949627
 -2.04994
  1.51646
-0.340733
 -1.76192
  1.82211
  0.11222
 -0.94969
 -2.05019
   1.5168
-0.340835
 -1.76192
   1.8221
 0.112603
-0.949717
 -2.05041
  1.51711
 -0.34094
 -1.76193
   1.8221
 0.112967
 -0.94977
 -2.05063
  1.51739
-0.341052
 -1.76193
   1.8221
 0.113317
-0.949818
 -2.05085
  1.51766
-0.341162
 -1.76195
  1.82209
 0.113664
-0.949833
 -2.05105
  1.51795
-0.341272
 -1.76195
   1.8221
 0.114033
-0.949872
 -2.05123
  1.51827
-0.341382
 -1.76197
   1.8221
 0.114405
-0.949905
 -2.05143
  1.51862
-0.341499
 -1.76199
  1.82211
 0.114777
-0.949951
 -2.05163
  1.51897
-0.341605
 -1.76201
  1.82211
 0.115139
-0.949988
 -2.05181
  1.51926
-0.341716
 -1.76203
  1.82217
 0.115482
-0.950082
 -2.05199
  1.51951
-0.341827
 -1.76205
  1.82226
 0.115831
 -0.95018
 -2.05217
  1.51978
-0.341929
 -1.76208
  1.82222
 0.116186
-0.950114
 -2.05236
  1.52008
-0.342015
 -1.76211
  1.82223
 0.116553
-0.950114
 -2.05253
   1.5204
-0.342082
 -1.76214
  1.82231
  0.11692
-0.950197
 -2.05271
  1.52072
-0.342145
 -1.76217
  1.82234
  0.11728
-0.950241
  -2.0529
  1.52102
-0.342216
 -1.76221
  1.82237
 0.117623
-0.950319
 -2.05309
  1.52128
-0.342289
 -1.76223
  1.82241
 0.117982
-0.950405
 -2.05329
  1.52153
-0.342354
 -1.76224
  1.82244
 0.118369
-0.950478
 -2.05349
   1.5218
 -0.34242
 -1.76225
  1.82248
 0.118755
-0.950581
 -2.05369
  1.52208
-0.342483
 -1.76225
  1.82252
 0.119145
-0.950677
 -2.05389
  1.52238
-0.342544
 -1.76225
  1.82254
 0.119536
-0.950767
  -2.0541
  1.52266
 -0.34261
 -1.76224
  1.82264
 0.119916
-0.950933
  -2.0543
  1.52295
-0.342672
  -1.7622
  1.82277
 0.120319
-0.951085
  -2.0545
  1.52322
-0.342722
 -1.76218
  1.82276
 0.120724
-0.951068
 -2.05472
  1.52347
-0.342777
 -1.76213
  1.82279
 0.121139
-0.951135
 -2.05492
  1.52373
-0.342857
 -1.76207
  1.82289
 0.121556
-0.951263
 -2.05513
    1.524
-0.342957
 -1.76201
  1.82296
 0.121956
-0.951388
 -2.05532
  1.52429
-0.343076
 -1.76192
  1.82301
 0.122356
-0.951519
 -2.05551
  1.52458
-0.343192
 -1.76184
  1.82307
 0.122759
-0.951666
  -2.0557
  1.52485
-0.343311
 -1.76174
  1.82314
 0.123178
-0.951808
  -2.0559
  1.52512
-0.343437
 -1.76164
  1.82319
 0.123591
-0.951939
 -2.05608
   1.5254
-0.343552
 -1.76152
  1.82325
 0.124006
-0.952081
 -2.05625
  1.52566
 -0.34366
  -1.7614
  1.82334
 0.124394
-0.952266
 -2.05643
  1.52592
-0.343742
 -1.76127
  1.82343
 0.124785
 -0.95246
 -2.05661
  1.52619
-0.343805
 -1.76115
   1.8234
 0.125177
-0.952466
 -2.05682
  1.52648
-0.343854
 -1.76102
  1.82344
 0.125565
-0.952548
 -2.05702
  1.52673
-0.343909
 -1.76092
   1.8235
  0.12593
-0.952685
 -2.05722
  1.52694
-0.343965
 -1.76081
  1.82351
 0.126293
 -0.95276
 -2.05741
  1.52713
-0.344023
 -1.76072
  1.82353
 0.126626
-0.952866
 -2.05762
  1.52735
-0.344082
 -1.76063
  1.82355
 0.126965
-0.952968
 -2.05784
  1.52759
-0.344143
 -1.76056
  1.82358
 0.127304
-0.953034
 -2.05805
  1.52784
-0.344201
 -1.76049
  1.82361
 0.127642
-0.953091
 -2.05824
   1.5281
-0.344252
 -1.76042
  1.82363
 0.127977
-0.953124
 -2.05843
  1.52836
-0.344305
 -1.76036
  1.82371
   0.1283
-0.953212
 -2.05863
  1.52861
-0.344359
 -1.76031
  1.82382
 0.128606
-0.953297
 -2.05883
  1.52885
 -0.34441
 -1.76027
  1.82381
  0.12891
-0.953227
   -2.059
   1.5291
-0.344465
 -1.76022
  1.82382
 0.129225
-0.953192
 -2.05915
  1.52932
-0.344533
  -1.7602
  1.82392
 0.129527
-0.953258
  -2.0593
  1.52954
-0.344619
 -1.76018
  1.82395
 0.129828
-0.953275
 -2.05944
  1.52981
  -0.3447
 -1.76017
  1.82401
 0.130121
-0.953326
 -2.05957
  1.53009
-0.344778
 -1.76016
  1.82405
 0.130394
-0.953365
 -2.05972
  1.53033
-0.344847
 -1.76017
  1.82409
 0.130652
-0.953398
 -2.05985
  1.53053
-0.344912
 -1.76016
  1.82413
 0.130921
-0.953445
 -2.05999
   1.5307
-0.344977
 -1.76016
  1.82422
 0.131181
-0.953531
 -2.06012
  1.53088
-0.345043
 -1.76016
  1.82433
 0.131453
-0.953638
 -2.06027
  1.53105
-0.345113
 -1.76017
  1.82429
 0.131728
-0.953562
 -2.06044
  1.53122
-0.345191
 -1.76018
  1.82431
  0.13201
-0.953559
  -2.0606
  1.53138
-0.345268
 -1.76019
  1.82437
 0.132273
-0.953604
 -2.06076
  1.53158
-0.345356
  -1.7602
  1.82439
 0.132526
 -0.95363
 -2.06093
  1.53186
-0.345444
 -1.76021
  1.82441
 0.132772
-0.953672
  -2.0611
  1.53215
-0.345524
 -1.76023
  1.82441
 0.133006
  -0.9537
 -2.06126
   1.5324
-0.345605
 -1.76024
  1.82442
 0.133248
-0.953721
 -2.06143
  1.53263
-0.345686
 -1.76026
  1.82443
 0.133507
-0.953748
  -2.0616
  1.53284
-0.345771
 -1.76029
  1.82443
 0.133758
-0.953757
 -2.06177
  1.53302
-0.345848
 -1.76031
  1.82448
 0.134017
-0.953825
 -2.06191
   1.5332
-0.345926
 -1.76033
  1.82454
 0.134281
-0.953884
 -2.06206
  1.53338
-0.346003
 -1.76037
  1.82448
 0.134524
-0.953794
 -2.06221
   1.5336
 -0.34607
 -1.76038
  1.82446
 0.134772
-0.953752
 -2.06236
  1.53384
-0.346133
 -1.76042
  1.82451
 0.134998
-0.953807
  -2.0625
  1.53408
-0.346186
 -1.76045
   1.8245
 0.135227
-0.953807
 -2.06264
  1.53432
-0.346234
 -1.76047
   1.8245
 0.135453
-0.953837
 -2.06278
  1.53452
-0.346282
 -1.76051
  1.82449
 0.135677
-0.953846
 -2.06292
  1.53468
-0.346326
 -1.76055
  1.82449
 0.135908
-0.953852
 -2.06305
  1.53483
-0.346369
 -1.76058
  1.82448
 0.136145
-0.953853
 -2.06318
  1.53496
 -0.34641
 -1.76061
  1.82447
 0.136378
-0.953854
 -2.06331
  1.53509
-0.346449
 -1.76065
   1.8245
 0.136595
-0.953909
 -2.06345
  1.53523
-0.346491
 -1.76068
  1.82454
  0.13681
-0.953959
 -2.06358
  1.53538
-0.346536
  -1.7607
  1.82445
 0.137032
-0.953846
 -2.06373
  1.53559
-0.346584
 -1.76073
  1.82443
 0.137244
-0.953829
 -2.06388
   1.5358
-0.346637
 -1.76075
  1.82447
 0.137455
-0.953871
 -2.06401
  1.53605
-0.346691
 -1.76077
  1.82445
  0.13768
-0.953868
 -2.06417
  1.53631
 -0.34675
 -1.76081
  1.82445
 0.137889
-0.953881
 -2.06433
  1.53653
-0.346806
 -1.76083
  1.82444
 0.138102
-0.953894
 -2.06447
  1.53668
-0.346861
 -1.76086
  1.82443
  0.13832
-0.953876
  -2.0646
  1.53683
 -0.34692
 -1.76088
  1.82442
 0.138534
-0.953886
 -2.06471
  1.53697
-0.346978
  -1.7609
  1.82441
 0.138742
-0.953893
 -2.06484
   1.5371
-0.347028
 -1.76092
  1.82443
 0.138933
-0.953942
 -2.06493
  1.53721
-0.347075
 -1.76093
  1.82448
 0.139133
-0.954018
 -2.06504
  1.53736
-0.347123
 -1.76094
   1.8244
 0.139333
-0.953916
 -2.06515
  1.53755
-0.347176
 -1.76095
  1.82438
 0.139534
-0.953892
 -2.06527
  1.53775
-0.347229
 -1.76096
   1.8244
 0.139733
-0.953908
 -2.06537
  1.53794
-0.347289
 -1.76097
  1.82438
 0.139934
-0.953889
 -2.06547
  1.53815
-0.347352
 -1.76099
  1.82438
 0.140131
-0.953895
 -2.06556
  1.53839
-0.347412
 -1.76101
  1.82438
 0.140324
-0.953893
 -2.06566
  1.53858
-0.347471
 -1.76102
  1.82436
 0.140522
-0.953874
 -2.06575
  1.53869
-0.347535
 -1.76104
  1.82435
 0.140714
-0.953879
 -2.06585
  1.53879
  -0.3476
 -1.76106
  1.82434
 0.140896
-0.953886
 -2.06596
   1.5389
-0.347664
 -1.76107
  1.82433
 0.141079
-0.953907
 -2.06606
  1.53898
-0.347732
 -1.76108
   1.8243
 0.141252
-0.953911
 -2.06616
  1.53909
-0.347797
 -1.76109
  1.82434
 0.141427
-0.953987
 -2.06626
  1.53918
-0.347849
  -1.7611
  1.82436
 0.141598
-0.954071
 -2.06636
  1.53929
-0.347886
 -1.76111
  1.82429
 0.141773
-0.954072
 -2.06647
  1.53943
-0.347915
 -1.76111
  1.82428
 0.141954
-0.954148
 -2.06658
  1.53962
-0.347942
 -1.76113
  1.82432
 0.142125
-0.954267
 -2.06668
  1.53982
-0.347971
-1.76114
 1.82433
0.142299
-0.95435
-2.06679
 1.54003
  -0.348
 -1.76116
  1.82435
 0.142467
-0.954421
  -2.0669
  1.54022
-0.348027
 -1.76117
  1.82437
 0.142636
-0.954477
 -2.06701
   1.5404
-0.348053
 -1.76119
   1.8244
 0.142804
-0.954525
 -2.06712
  1.54056
-0.348079
 -1.76119
  1.82443
 0.142969
-0.954563
 -2.06724
  1.54065
-0.348105
 -1.76121
  1.82446
 0.143119
-0.954591
 -2.06736
  1.54071
-0.348133
-1.76122
 1.82448
0.143264
 -0.9546
-2.06748
 1.54078
-0.34816
 -1.76122
  1.82452
  0.14342
 -0.95463
 -2.06759
  1.54085
-0.348185
 -1.76123
  1.82455
 0.143564
-0.954629
 -2.06769
  1.54091
 -0.34821
 -1.76124
  1.82462
 0.143699
-0.954688
 -2.06778
  1.54097
-0.348233
 -1.76124
  1.82469
 0.143837
-0.954732
 -2.06786
  1.54104
-0.348254
 -1.76125
  1.82468
 0.143985
-0.954644
 -2.06795
  1.54119
-0.348276
 -1.76126
  1.82472
  0.14413
-0.954601
 -2.06803
  1.54138
 -0.34831
 -1.76126
   1.8248
 0.144281
-0.954625
 -2.06811
  1.54155
-0.348352
 -1.76128
  1.82486
 0.144416
-0.954621
 -2.06817
  1.54169
-0.348398
 -1.76128
   1.8249
 0.144566
-0.954625
 -2.06823
  1.54186
-0.348446
 -1.76129
  1.82494
  0.14471
-0.954627
  -2.0683
  1.54203
-0.348495
  -1.7613
  1.82499
 0.144847
-0.954635
 -2.06838
  1.54217
 -0.34854
  -1.7613
  1.82501
 0.144982
-0.954627
 -2.06846
  1.54226
-0.348586
 -1.76131
  1.82504
 0.145105
-0.954659
 -2.06852
  1.54233
-0.348621
 -1.76132
  1.82504
 0.145229
-0.954658
 -2.06859
   1.5424
-0.348658
 -1.76133
  1.82506
 0.145345
-0.954677
 -2.06866
  1.54247
-0.348694
 -1.76134
  1.82507
 0.145457
-0.954696
 -2.06873
  1.54255
 -0.34873
 -1.76134
  1.82507
 0.145572
 -0.95469
 -2.06878
  1.54264
-0.348766
 -1.76135
  1.82507
 0.145684
-0.954705
 -2.06885
  1.54271
-0.348806
 -1.76136
  1.82512
 0.145784
-0.954766
 -2.06891
  1.54277
-0.348847
 -1.76136
  1.82518
 0.145888
-0.954801
 -2.06896
  1.54283
-0.348891
 -1.76137
  1.82512
 0.145994
-0.954713
 -2.06903
  1.54289
 -0.34893
 -1.76137
  1.82509
 0.146102
-0.954669
 -2.06909
  1.54293
-0.348968
 -1.76137
  1.82512
  0.14621
-0.954672
 -2.06913
  1.54296
-0.349011
 -1.76138
  1.82511
 0.146313
-0.954656
  -2.0692
  1.54303
 -0.34905
 -1.76139
  1.82511
 0.146414
 -0.95466
 -2.06925
  1.54315
-0.349088
 -1.76139
  1.82511
 0.146516
-0.954645
  -2.0693
  1.54329
-0.349127
 -1.76141
  1.82511
 0.146609
-0.954632
 -2.06936
  1.54341
-0.349152
 -1.76141
   1.8251
 0.146708
-0.954611
 -2.06941
  1.54353
-0.349166
 -1.76143
  1.82509
 0.146797
-0.954611
 -2.06946
  1.54365
-0.349176
 -1.76143
  1.82508
 0.146897
-0.954607
 -2.06952
  1.54379
-0.349189
 -1.76144
  1.82507
 0.146993
-0.954614
 -2.06957
  1.54391
-0.349201
 -1.76145
  1.82505
 0.147078
-0.954616
 -2.06963
  1.54398
-0.349212
 -1.76146
  1.82505
 0.147163
-0.954637
 -2.06968
  1.54405
-0.349223
 -1.76147
  1.82504
 0.147247
-0.954645
 -2.06973
   1.5441
-0.349234
 -1.76148
  1.82504
 0.147318
-0.954663
 -2.06979
  1.54413
-0.349245
 -1.76148
  1.82503
 0.147386
-0.954683
 -2.06984
  1.54415
-0.349255
 -1.76149
  1.82503
 0.147454
-0.954705
 -2.06989
  1.54417
-0.349264
  -1.7615
  1.82503
 0.147516
-0.954739
 -2.06994
   1.5442
-0.349273
 -1.76151
  1.82503
 0.147577
-0.954768
 -2.06999
  1.54424
-0.349286
 -1.76152
  1.82503
 0.147634
-0.954794
 -2.07002
  1.54426
-0.349297
 -1.76153
  1.82502
 0.147702
-0.954812
 -2.07007
  1.54428
-0.349308
 -1.76155
  1.82503
 0.147756
-0.954844
 -2.07011
   1.5443
-0.349318
 -1.76155
  1.82502
 0.147819
-0.954861
 -2.07015
  1.54431
 -0.34933
 -1.76156
  1.82502
 0.147873
-0.954874
 -2.07019
  1.54435
-0.349344
 -1.76156
  1.82506
 0.147925
-0.954953
 -2.07024
  1.54439
-0.349358
 -1.76158
  1.82506
  0.14797
-0.954982
 -2.07027
  1.54443
-0.349371
 -1.76158
    1.825
 0.148021
-0.954892
 -2.07031
  1.54448
-0.349385
 -1.76159
  1.82501
 0.148071
-0.954881
 -2.07036
  1.54456
-0.349399
  -1.7616
  1.82506
 0.148113
-0.954873
 -2.07039
   1.5446
-0.349414
  -1.7616
  1.82507
 0.148154
-0.954863
 -2.07041
  1.54467
-0.349428
  -1.7616
  1.82507
 0.148196
-0.954844
 -2.07043
  1.54474
-0.349442
 -1.76162
  1.82508
 0.148237
-0.954841
 -2.07046
  1.54478
-0.349457
 -1.76162
  1.82508
 0.148278
-0.954832
 -2.07047
  1.54483
-0.349473
 -1.76163
  1.82508
 0.148318
 -0.95481
 -2.07049
  1.54488
-0.349488
 -1.76163
  1.82509
 0.148359
-0.954808
 -2.07049
  1.54491
-0.349501
 -1.76162
  1.82509
   0.1484
 -0.95479
 -2.07051
  1.54493
-0.349513
-1.76162
 1.82511
0.148429
 -0.9548
-2.07052
 1.54496
-0.34953
 -1.76161
  1.82511
 0.148465
-0.954803
 -2.07052
  1.54499
-0.349544
 -1.76161
  1.82512
 0.148485
-0.954824
 -2.07053
  1.54501
-0.349559
 -1.76161
  1.82512
 0.148502
-0.954836
 -2.07053
  1.54502
-0.349574
 -1.76161
  1.82513
 0.148518
-0.954854
 -2.07053
  1.54502
-0.349588
 -1.76161
  1.82514
 0.148527
-0.954864
 -2.07053
  1.54503
-0.349604
 -1.76161
  1.82514
 0.148535
-0.954871
 -2.07054
  1.54503
-0.349617
 -1.76161
  1.82515
 0.148538
-0.954879
 -2.07054
  1.54504
-0.349632
 -1.76161
  1.82516
 0.148542
-0.954896
 -2.07054
  1.54505
-0.349642
 -1.76161
  1.82516
 0.148543
-0.954897
 -2.07054
  1.54505
 -0.34964
  -1.7616
  1.82516
 0.148549
-0.954908
 -2.07054
  1.54505
-0.349638
 -1.76161
  1.82517
 0.148549
-0.954909
 -2.07054
  1.54505
-0.349634
  -1.7616
  1.82517
 0.148553
-0.954909
 -2.07055
  1.54506
 -0.34963
  -1.7616
  1.82517
 0.148554
-0.954909
 -2.07055
  1.54506
 -0.34963
  -1.7616
  1.82518
 0.148555
-0.954909
 -2.07055
  1.54506
 -0.34963
  -1.7616
  1.82518
 0.148557
-0.954909
 -2.07055
  1.54506
 -0.34963
  -1.7616
  1.82518
 0.148558
 -0.95491
 -2.07055
  1.54506
-0.349629
  -1.7616
  1.82518
 0.148559
 -0.95491
 -2.07055
  1.54506
-0.349629
  -1.7616
  1.82518
  0.14856
 -0.95491
 -2.07055
  1.54506
-0.349629
  -1.7616
  1.82518
  0.14856
 -0.95491
 -2.07055
  1.54506
-0.349629
  -1.7616
  1.82519
 0.148561
 -0.95491
 -2.07056
  1.54506
-0.349629
  -1.7616
  1.82519
 0.148561
 -0.95491
 -2.07056
  1.54507
-0.349629
  -1.7616
  1.82519
 0.148562
 -0.95491
 -2.07056
  1.54507
-0.349629
  -1.7616
  1.82519
 0.148563
 -0.95491
 -2.07056
  1.54507
-0.349629
  -1.7616
  1.82519
 0.148564
 -0.95491
 -2.07056
  1.54507
-0.349629
  -1.7616
  1.82519
 0.148564
-0.954911
 -2.07056
  1.54507
-0.349629
  -1.7616
  1.82519
 0.148564
-0.954911
 -2.07056
  1.54507
-0.349629
  -1.7616
   1.8252
 0.148565
-0.954911
 -2.07056
  1.54507
-0.349629
  -1.7616
   1.8252
 0.148565
-0.954911
 -2.07056
  1.54508
-0.349629
  -1.7616
   1.8252
 0.148565
-0.954911
 -2.07056
  1.54508
-0.349628
  -1.7616
   1.8252
 0.148565
-0.954911
 -2.07057
  1.54508
-0.349628
  -1.7616
   1.8252
 0.148565
-0.954911
 -2.07057
  1.54508
-0.349629
  -1.7616
   1.8252
 0.148565
-0.954911
 -2.07057
  1.54508
-0.349628
  -1.7616
   1.8252
 0.148565
-0.954911
 -2.07057
  1.54508
-0.349628
  -1.7616
   1.8252
 0.148565
-0.954911
 -2.07057
  1.54508
-0.349628
  -1.7616
   1.8252
 0.148565
-0.954911
 -2.07057
  1.54509
-0.349628
  -1.7616
   1.8252
 0.148565
-0.954911
 -2.07057
  1.54509
-0.349628
  -1.7616
   1.8252
 0.148565
-0.954911
 -2.07057
  1.54509
-0.349628
  -1.7616
   1.8252
 0.148565
-0.954911
 -2.07057
  1.54509
-0.349628
  -1.7616
   1.8252
 0.148565
-0.954911
 -2.07057
   1.5451
-0.349628
  -1.7616
   1.8252
 0.148565
-0.954911
 -2.07057
   1.5451
-0.349628
  -1.7616
   1.8252
 0.148565
-0.954911
 -2.07057
   1.5451
-0.349628
  -1.7616
   1.8252
 0.148565
-0.954911
 -2.07057
   1.5451
-0.349628
  -1.7616
   1.8252
 0.148565
-0.954911
 -2.07057
   1.5451
-0.349628
  -1.7616
   1.8252
 0.148565
-0.954911
 -2.07058
  1.54511
-0.349628
  -1.7616
   1.8252
 0.148565
-0.954912
 -2.07058
  1.54511
-0.349628
  -1.7616
   1.8252
 0.148565
-0.954912
 -2.07058
  1.54511
-0.349628
  -1.7616
   1.8252
 0.148565
-0.954912
 -2.07058
  1.54511
-0.349628
  -1.7616
   1.8252
 0.148565
-0.954912
 -2.07058
  1.54511
-0.349628
  -1.7616
   1.8252
 0.148565
-0.954912
 -2.07058
  1.54511
-0.349628
  -1.7616
   1.8252
 0.148565
-0.954912
 -2.07058
  1.54511
-0.349628
  -1.7616
   1.8252
 0.148565
-0.954912
 -2.07058
  1.54512
-0.349628
  -1.7616
  1.82521
 0.148565
-0.954912
 -2.07058
  1.54512
-0.349628
  -1.7616
  1.82521
 0.148565
-0.954912
 -2.07058
  1.54512
-0.349628
  -1.7616
  1.82521
 0.148565
-0.954912
 -2.07058
  1.54512
-0.349628
  -1.7616
  1.82521
 0.148565
-0.954912
 -2.07058
  1.54512
-0.349628
  -1.7616
  1.82521
 0.148565
-0.954912
 -2.07058
  1.54512
-0.349628
  -1.7616
  1.82521
 0.148565
-0.954912
 -2.07058
  1.54512
-0.349628
  -1.7616
  1.82521
 0.148565
-0.954912
 -2.07058
  1.54512
-0.349628
  -1.7616
  1.82521
 0.148565
-0.954912
 -2.07058
  1.54512
-0.349628
  -1.7616
  1.82521
 0.148565
-0.954912
 -2.07058
  1.54512
-0.349628
  -1.7616
  1.82521
 0.148565
-0.954912
 -2.07058
  1.54512
-0.349628
  -1.7616
  1.82521
 0.148565
-0.954912
 -2.07058
  1.54512
-0.349628
  -1.7616
  1.82521
 0.148565
-0.954912
 -2.07059
  1.54513
-0.349628
  -1.7616
  1.82521
 0.148565
-0.954913
 -2.07058
  1.54513
-0.349628
  -1.7616
  1.82521
 0.148565
-0.954913
 -2.07058
  1.54513
-0.349628
  -1.7616
  1.82521
 0.148565
-0.954913
 -2.07058
  1.54513
-0.349628
  -1.7616
  1.82521
 0.148565
-0.954913
 -2.07058
  1.54513
-0.349628
  -1.7616
  1.82521
 0.148565
-0.954913
 -2.07058
  1.54513
-0.349628
  -1.7616
  1.82521
 0.148565
-0.954913
 -2.07058
  1.54513
-0.349628
  -1.7616
  1.82521
 0.148565
-0.954913
 -2.07058
  1.54513
-0.349628
  -1.7616
  1.82521
 0.148565
-0.954913
 -2.07058
  1.54513
-0.349628
  -1.7616
  1.82521
 0.148565
-0.954913
 -2.07058
  1.54513
-0.349628
  -1.7616
  1.82521
 0.148565
-0.954913
 -2.07058
  1.54513
-0.349628
  -1.7616
  1.82521
 0.148565
-0.954913
 -2.07058
  1.54513
-0.349628
  -1.7616
  1.82521
 0.148565
-0.954913
 -2.07058
  1.54513
-0.349628
  -1.7616
  1.82521
 0.148565
-0.954913
 -2.07058
  1.54513
-0.349628
  -1.7616
  1.82521
 0.148565
-0.954913
 -2.07058
  1.54513
-0.349628
  -1.7616
  1.82521
 0.148565
-0.954913
 -2.07058
  1.54513
-0.349628
  -1.7616
  1.82521
 0.148565
-0.954913
 -2.07058
  1.54513
-0.349628
  -1.7616
  1.82521
 0.148565
-0.954913
 -2.07058
  1.54513
-0.349628
  -1.7616
  1.82521
 0.148565
-0.954913
 -2.07058
  1.54513
-0.349628
  -1.7616
  1.82521
 0.148565
-0.954913
 -2.07058
  1.54513
-0.349628
  -1.7616
  1.82521
 0.148565
-0.954913
 -2.07058
  1.54513
-0.349628
  -1.7616
  1.82521
 0.148565
-0.954913
 -2.07059
  1.54513
-0.349628
  -1.7616
  1.82521
 0.148565
-0.954913
 -2.07059
  1.54513
-0.349628
  -1.7616
  1.82521
 0.148565
-0.954914
 -2.07059
  1.54513
-0.349628
  -1.7616
  1.82521
 0.148565
-0.954914
 -2.07058
  1.54513
-0.349628
  -1.7616
  1.82521
 0.148565
-0.954914
 -2.07058
  1.54513
-0.349628
  -1.7616
  1.82521
 0.148565
-0.954914
 -2.07058
  1.54513
-0.349628
  -1.7616
  1.82521
 0.148565
-0.954914
 -2.07058
  1.54513
-0.349628
  -1.7616
  1.82521
 0.148565
-0.954914
 -2.07059
  1.54513
-0.349628
  -1.7616
  1.82521
 0.148565
-0.954914
 -2.07059
  1.54513
-0.349628
  -1.7616
  1.82521
 0.148565
-0.954914
 -2.07058
  1.54513
-0.349628
  -1.7616
  1.82521
 0.148565
-0.954914
 -2.07059
  1.54513
-0.349628
  -1.7616
  1.82521
 0.148565
-0.954914
 -2.07059
  1.54513
-0.349628
  -1.7616
  1.82521
 0.148565
-0.954914
 -2.07059
  1.54513
-0.349628
  -1.7616
  1.82521
 0.148565
-0.954914
 -2.07059
  1.54513
-0.349628
  -1.7616
  1.82521
 0.148565
-0.954914
 -2.07059
  1.54513
-0.349628
  -1.7616
  1.82521
 0.148565
-0.954914
 -2.07059
  1.54513
-0.349628
  -1.7616
  1.82521
 0.148565
-0.954914
 -2.07059
  1.54513
-0.349628
  -1.7616
  1.82521
 0.148565
-0.954914
 -2.07059
  1.54513
-0.349628
  -1.7616
  1.82521
 0.148565
-0.954914
 -2.07059
  1.54513
-0.349628
  -1.7616
  1.82521
 0.148565
-0.954914
 -2.07059
  1.54513
-0.349628
  -1.7616
  1.82521
 0.148565
-0.954914
 -2.07058
  1.54513
-0.349628
  -1.7616
  1.82521
 0.148565
-0.954914
 -2.07059
  1.54513
-0.349628
  -1.7616
  1.82521
 0.148565
-0.954914
 -2.07058
  1.54513
-0.349628
  -1.7616
  1.82521
 0.148565
-0.954914
 -2.07058
  1.54513
-0.349628
  -1.7616
  1.82521
 0.148565
-0.954914
 -2.07058
  1.54513
-0.349628
  -1.7616
  1.82521
 0.148565
-0.954914
 -2.07059
  1.54513
-0.349628
  -1.7616
  1.82521
 0.148565
-0.954914
 -2.07059
  1.54513
-0.349628
  -1.7616
  1.82521
 0.148565
-0.954914
 -2.07059
  1.54513
-0.349628
  -1.7616
  1.82521
 0.148565
-0.954915
 -2.07058
  1.54513
-0.349628
  -1.7616
  1.82521
 0.148565
-0.954914
 -2.07059
  1.54513
-0.349628
  -1.7616
  1.82521
 0.148565
-0.954915
 -2.07058
  1.54513
-0.349628
  -1.7616
  1.82521
 0.148565
-0.954915
 -2.07059
  1.54513
-0.349628
  -1.7616
  1.82521
 0.148565
-0.954915
 -2.07058
  1.54513
-0.349628
  -1.7616
  1.82521
 0.148565
-0.954915
 -2.07059
  1.54513
-0.349628
  -1.7616
  1.82521
 0.148565
-0.954915
 -2.07059
  1.54513
-0.349628
  -1.7616
  1.82521
 0.148565
-0.954915
 -2.07058
  1.54513
-0.349628
  -1.7616
  1.82521
 0.148565
-0.954915
 -2.07059
  1.54513
-0.349628
  -1.7616
  1.82521
 0.148565
-0.954915
 -2.07058
  1.54513
-0.349628
  -1.7616
  1.82521
 0.148565
-0.954915
 -2.07059
  1.54513
-0.349628
  -1.7616
  1.82521
 0.148565
-0.954915
 -2.07059
  1.54513
-0.349628
  -1.7616
  1.82521
 0.148565
-0.954915
 -2.07058
  1.54513
-0.349628
  -1.7616
  1.82521
 0.148565
-0.954915
 -2.07058
  1.54513
-0.349628
  -1.7616
  1.82521
 0.148565
-0.954915
 -2.07058
  1.54513
-0.349628
  -1.7616
  1.82521
 0.148565
-0.954915
 -2.07058
  1.54513
-0.349628
  -1.7616
  1.82521
 0.148565
-0.954915
 -2.07058
  1.54513
-0.349628
  -1.7616
  1.82521
 0.148565
-0.954915
 -2.07058
  1.54513
-0.349628
  -1.7616
  1.82521
 0.148565
-0.954915
 -2.07058
  1.54513
-0.349628
  -1.7616
  1.82521
 0.148565
-0.954915
 -2.07058
  1.54513
-0.349628
  -1.7616
  1.82521
 0.148565
-0.954915
 -2.07058
  1.54513
-0.349628
  -1.7616
  1.82521
 0.148565
-0.954915
 -2.07058
  1.54513
-0.349628
  -1.7616
  1.82521
 0.148565
-0.954915
 -2.07058
  1.54513
-0.349628
  -1.7616
  1.82521
 0.148565
-0.954916
 -2.07058
  1.54513
-0.349628
  -1.7616
  1.82521
 0.148565
-0.954916
 -2.07058
  1.54513
-0.349628
  -1.7616
  1.82521
 0.148565
-0.954916
 -2.07058
  1.54513
-0.349628
  -1.7616
  1.82521
 0.148565
-0.954916
 -2.07058
  1.54513
-0.349628
  -1.7616
  1.82521
 0.148565
-0.954916
 -2.07059
  1.54513
-0.349628
  -1.7616
  1.82521
 0.148565
-0.954916
 -2.07059
  1.54513
-0.349628
  -1.7616
  1.82521
 0.148565
-0.954916
 -2.07058
  1.54513
-0.349628
  -1.7616
  1.82521
 0.148565
-0.954916
 -2.07058
  1.54513
-0.349628
  -1.7616
  1.82522
 0.148565
-0.954916
 -2.07058
  1.54513
-0.349628
  -1.7616
  1.82522
 0.148565
-0.954916
 -2.07059
  1.54513
-0.349628
  -1.7616
  1.82522
 0.148565
-0.954916
 -2.07059
  1.54513
-0.349628
  -1.7616
  1.82522
 0.148565
-0.954916
 -2.07058
  1.54513
-0.349628
  -1.7616
  1.82522
 0.148565
-0.954916
 -2.07058
  1.54513
-0.349628
  -1.7616
  1.82522
 0.148565
-0.954916
 -2.07058
  1.54513
-0.349628
  -1.7616
  1.82522
 0.148565
-0.954916
 -2.07058
  1.54513
-0.349628
  -1.7616
  1.82522
 0.148565
-0.954916
 -2.07058
  1.54513
-0.349628
  -1.7616
  1.82522
 0.148565
-0.954916
 -2.07058
  1.54513
-0.349628
  -1.7616
  1.82522
 0.148565
-0.954916
 -2.07058
  1.54513
-0.349628
  -1.7616
  1.82522
 0.148565
-0.954916
 -2.07058
  1.54513
-0.349628
  -1.7616
  1.82522
 0.148565
-0.954916
 -2.07058
  1.54513
-0.349628
  -1.7616
  1.82522
 0.148565
-0.954916
 -2.07058
  1.54513
-0.349628
  -1.7616
  1.82522
 0.148565
-0.954916
 -2.07059
  1.54513
-0.349628
  -1.7616
  1.82522
 0.148565
-0.954916
 -2.07058
  1.54513
-0.349628
  -1.7616
  1.82522
 0.148565
-0.954916
 -2.07058
  1.54513
-0.349628
  -1.7616
  1.82522
 0.148565
-0.954916
 -2.07058
  1.54513
-0.349628
  -1.7616
  1.82522
 0.148565
-0.954916
 -2.07058
  1.54513
-0.349628
  -1.7616
  1.82522
 0.148565
-0.954916
 -2.07058
  1.54513
-0.349628
  -1.7616
  1.82522
 0.148565
-0.954916
 -2.07059
  1.54513
-0.349628
  -1.7616
  1.82522
 0.148565
-0.954916
 -2.07059
  1.54513
-0.349628
  -1.7616
  1.82522
 0.148565
-0.954916
 -2.07058
  1.54513
-0.349628
  -1.7616
  1.82522
 0.148565
-0.954916
 -2.07058
  1.54513
-0.349628
  -1.7616
  1.82522
 0.148565
-0.954916
 -2.07058
  1.54513
-0.349628
  -1.7616
  1.82522
 0.148565
-0.954917
 -2.07058
  1.54513
-0.349628
  -1.7616
  1.82522
 0.148565
-0.954917
 -2.07058
  1.54513
-0.349628
  -1.7616
  1.82522
 0.148565
-0.954917
 -2.07058
  1.54513
-0.349628
  -1.7616
  1.82522
 0.148565
-0.954917
 -2.07058
  1.54513
-0.349628
  -1.7616
  1.82522
 0.148565
-0.954917
 -2.07058
  1.54513
-0.349628
  -1.7616
  1.82522
 0.148565
-0.954917
 -2.07059
  1.54513
-0.349628
  -1.7616
  1.82522
 0.148565
-0.954917
 -2.07058
  1.54513
-0.349628
  -1.7616
  1.82522
 0.148565
-0.954917
 -2.07059
  1.54513
-0.349628
  -1.7616
  1.82522
 0.148565
-0.954917
 -2.07059
  1.54513
-0.349628
  -1.7616
  1.82522
 0.148565
-0.954917
 -2.07059
  1.54513
-0.349628
  -1.7616
  1.82522
 0.148565
-0.954917
 -2.07058
  1.54513
-0.349628
  -1.7616
  1.82522
 0.148565
-0.954917
 -2.07058
  1.54513
-0.349628
  -1.7616
  1.82522
 0.148565
-0.954917
 -2.07059
  1.54513
-0.349628
  -1.7616
  1.82522
 0.148565
-0.954917
 -2.07058
  1.54513
-0.349628
  -1.7616
  1.82522
 0.148565
-0.954917
 -2.07059
  1.54513
-0.349628
  -1.7616
  1.82522
 0.148565
-0.954917
 -2.07059
  1.54513
-0.349628
  -1.7616
  1.82522
 0.148565
-0.954917
 -2.07059
  1.54513
-0.349628
  -1.7616
  1.82522
 0.148565
-0.954917
 -2.07059
  1.54513
-0.349628
  -1.7616
  1.82522
 0.148565
-0.954917
 -2.07059
  1.54513
-0.349628
  -1.7616
  1.82522
 0.148565
-0.954917
 -2.07059
  1.54513
-0.349628
  -1.7616
  1.82522
 0.148565
-0.954917
 -2.07059
  1.54513
-0.349628
  -1.7616
  1.82522
 0.148565
-0.954917
 -2.07058
  1.54513
-0.349628
  -1.7616
  1.82522
 0.148565
-0.954917
 -2.07058
  1.54513
-0.349628
  -1.7616
  1.82522
 0.148565
-0.954917
 -2.07058
  1.54513
-0.349628
  -1.7616
  1.82522
 0.148565
-0.954917
 -2.07059
  1.54513
-0.349628
  -1.7616
  1.82522
 0.148565
-0.954917
 -2.07058
  1.54513
-0.349628
  -1.7616
  1.82522
 0.148565
-0.954917
 -2.07058
  1.54513
-0.349628
  -1.7616
  1.82522
 0.148565
-0.954917
 -2.07058
  1.54513
-0.349628
  -1.7616
  1.82522
 0.148565
-0.954917
 -2.07058
  1.54513
-0.349628
  -1.7616
  1.82522
 0.148565
-0.954917
 -2.07058
  1.54513
-0.349628
  -1.7616
  1.82522
 0.148565
-0.954917
 -2.07058
  1.54513
-0.349628
  -1.7616
  1.82522
 0.148565
-0.954918
 -2.07058
  1.54513
-0.349628
  -1.7616
  1.82522
 0.148565
-0.954917
 -2.07058
  1.54513
-0.349628
  -1.7616
  1.82522
 0.148565
-0.954918
 -2.07058
  1.54513
-0.349628
  -1.7616
  1.82522
 0.148565
-0.954918
 -2.07058
  1.54513
-0.349628
  -1.7616
  1.82522
 0.148565
-0.954918
 -2.07058
  1.54513
-0.349628
  -1.7616
  1.82522
 0.148565
-0.954918
 -2.07058
  1.54513
-0.349628
  -1.7616
  1.82522
 0.148565
-0.954918
 -2.07058
  1.54513
-0.349628
  -1.7616
  1.82522
 0.148565
-0.954918
 -2.07058
  1.54513
-0.349628
  -1.7616
  1.82522
 0.148565
-0.954918
 -2.07058
  1.54513
-0.349628
  -1.7616
  1.82522
 0.148565
-0.954918
 -2.07058
  1.54513
-0.349628
  -1.7616
  1.82522
 0.148565
-0.954918
 -2.07058
  1.54513
-0.349628
  -1.7616
  1.82522
 0.148565
-0.954918
 -2.07058
  1.54513
-0.349628
  -1.7616
  1.82522
 0.148565
-0.954918
 -2.07058
  1.54513
-0.349628
  -1.7616
  1.82522
 0.148565
-0.954918
 -2.07058
  1.54513
-0.349628
  -1.7616
  1.82522
 0.148565
-0.954918
 -2.07058
  1.54513
-0.349628
  -1.7616
  1.82522
 0.148565
-0.954918
 -2.07058
  1.54513
-0.349628
  -1.7616
  1.82522
 0.148565
-0.954918
 -2.07058
  1.54513
-0.349628
  -1.7616
  1.82522
 0.148565
-0.954918
 -2.07058
  1.54513
-0.349628
  -1.7616
  1.82522
 0.148565
-0.954918
 -2.07058
  1.54513
-0.349628
  -1.7616
  1.82522
 0.148565
-0.954918
 -2.07058
  1.54513
-0.349628
  -1.7616
  1.82522
 0.148565
-0.954918
 -2.07058
  1.54513
-0.349628
  -1.7616
  1.82522
 0.148565
-0.954918
 -2.07058
  1.54513
-0.349628
  -1.7616
  1.82522
 0.148565
-0.954918
 -2.07058
  1.54513
-0.349628
  -1.7616
  1.82522
 0.148565
-0.954918
 -2.07058
  1.54513
-0.349628
  -1.7616
  1.82522
 0.148565
-0.954918
 -2.07058
  1.54513
-0.349628
  -1.7616
  1.82522
 0.148565
-0.954918
 -2.07058
  1.54513
-0.349628
  -1.7616
  1.82522
 0.148565
-0.954918
 -2.07058
  1.54513
-0.349628
  -1.7616
  1.82522
 0.148565
-0.954918
 -2.07058
  1.54513
-0.349628
  -1.7616
  1.82522
 0.148565
-0.954918
 -2.07058
  1.54513
-0.349628
  -1.7616
  1.82522
 0.148565
-0.954918
 -2.07058
  1.54513
-0.349628
  -1.7616
  1.82522
 0.148565
-0.954918
 -2.07058
  1.54513
-0.349628
  -1.7616
  1.82522
 0.148565
-0.954918
 -2.07058
  1.54513
-0.349628
  -1.7616
  1.82522
 0.148565
-0.954918
 -2.07058
  1.54513
-0.349628
  -1.7616
  1.82522
 0.148565
-0.954918
 -2.07058
  1.54513
-0.349628
  -1.7616
  1.82522
 0.148565
-0.954918
 -2.07058
  1.54513
-0.349628
  -1.7616
  1.82522
 0.148565
-0.954918
 -2.07058
  1.54513
-0.349628
  -1.7616
  1.82522
 0.148565
-0.954918
 -2.07058
  1.54513
-0.349628
  -1.7616
  1.82522
 0.148565
-0.954918
 -2.07058
  1.54513
-0.349628
  -1.7616
  1.82522
 0.148565
-0.954918
 -2.07058
  1.54513
-0.349628
  -1.7616
  1.82522
 0.148565
-0.954918
 -2.07058
  1.54513
-0.349627
  -1.7616
  1.82522
 0.148565
-0.954918
 -2.07058
  1.54513
-0.349628
  -1.7616
  1.82522
 0.148565
-0.954918
 -2.07058
  1.54513
-0.349628
  -1.7616
  1.82522
 0.148565
-0.954918
 -2.07058
  1.54513
-0.349628
  -1.7616
  1.82522
 0.148565
-0.954918
 -2.07058
  1.54513
-0.349628
  -1.7616
  1.82522
 0.148565
-0.954918
 -2.07058
  1.54513
-0.349628
  -1.7616
  1.82522
 0.148565
-0.954918
 -2.07058
  1.54513
-0.349628
  -1.7616
  1.82522
 0.148565
-0.954918
 -2.07058
  1.54513
-0.349628
  -1.7616
  1.82522
 0.148565
-0.954919
 -2.07058
  1.54513
-0.349628
  -1.7616
  1.82522
 0.148565
-0.954919
 -2.07058
  1.54513
-0.349628
  -1.7616
  1.82522
 0.148565
-0.954919
 -2.07058
  1.54513
-0.349628
  -1.7616
  1.82522
 0.148565
-0.954919
 -2.07058
  1.54513
-0.349628
  -1.7616
  1.82522
 0.148565
-0.954919
 -2.07058
  1.54513
-0.349628
  -1.7616
  1.82522
 0.148565
-0.954919
 -2.07059
  1.54513
-0.349628
  -1.7616
  1.82522
 0.148565
-0.954919
 -2.07059
  1.54513
-0.349628
  -1.7616
  1.82522
 0.148565
-0.954919
 -2.07058
  1.54513
-0.349628
  -1.7616
  1.82522
 0.148565
-0.954919
 -2.07058
  1.54513
-0.349628
  -1.7616
  1.82522
 0.148565
-0.954919
 -2.07058
  1.54513
-0.349628
  -1.7616
  1.82522
 0.148565
-0.954919
 -2.07059
  1.54513
-0.349628
  -1.7616
  1.82522
 0.148565
-0.954919
 -2.07058
  1.54513
-0.349628
  -1.7616
  1.82522
 0.148565
-0.954919
 -2.07058
  1.54513
-0.349628
  -1.7616
  1.82522
 0.148565
-0.954919
 -2.07058
  1.54513
-0.349627
  -1.7616
  1.82522
 0.148565
-0.954919
 -2.07058
  1.54513
-0.349628
  -1.7616
  1.82522
 0.148565
-0.954919
 -2.07059
  1.54513
-0.349628
  -1.7616
  1.82522
 0.148565
-0.954919
 -2.07058
  1.54513
-0.349628
  -1.7616
  1.82522
 0.148565
-0.954919
 -2.07059
  1.54513
-0.349628
  -1.7616
  1.82522
 0.148565
-0.954919
 -2.07058
  1.54513
-0.349628
  -1.7616
  1.82522
 0.148565
-0.954919
 -2.07058
  1.54513
-0.349628
  -1.7616
  1.82522
 0.148565
-0.954919
 -2.07059
  1.54513
-0.349628
  -1.7616
  1.82522
 0.148565
-0.954919
 -2.07058
  1.54513
-0.349628
  -1.7616
  1.82522
 0.148565
-0.954919
 -2.07058
  1.54513
-0.349628
  -1.7616
  1.82522
 0.148565
-0.954919
 -2.07058
  1.54513
-0.349628
  -1.7616
  1.82522
 0.148565
-0.954919
 -2.07058
  1.54513
-0.349627
  -1.7616
  1.82522
 0.148565
-0.954919
 -2.07058
  1.54513
-0.349628
  -1.7616
  1.82522
 0.148565
-0.954919
 -2.07059
  1.54513
-0.349628
  -1.7616
  1.82522
 0.148565
-0.954919
 -2.07059
  1.54513
-0.349628
  -1.7616
  1.82522
 0.148565
-0.954919
 -2.07059
  1.54513
-0.349628
  -1.7616
  1.82522
 0.148565
-0.954919
 -2.07058
  1.54513
-0.349628
  -1.7616
  1.82522
 0.148565
-0.954919
 -2.07058
  1.54513
-0.349628
  -1.7616
  1.82522
 0.148565
-0.954919
 -2.07059
  1.54513
-0.349628
  -1.7616
  1.82522
 0.148565
-0.954919
 -2.07058
  1.54513
-0.349628
  -1.7616
  1.82522
 0.148565
-0.954919
 -2.07058
  1.54513
-0.349628
  -1.7616
  1.82522
 0.148565
-0.954919
 -2.07058
  1.54513
-0.349628
  -1.7616
  1.82522
 0.148565
-0.954919
 -2.07058
  1.54513
-0.349628
  -1.7616
  1.82522
 0.148565
-0.954919
 -2.07058
  1.54513
-0.349627
  -1.7616
  1.82522
 0.148565
-0.954919
 -2.07058
  1.54513
-0.349628
  -1.7616
  1.82522
 0.148565
-0.954919
 -2.07059
  1.54513
-0.349628
  -1.7616
  1.82522
 0.148565
-0.954919
 -2.07059
  1.54513
-0.349628
  -1.7616
  1.82522
 0.148565
-0.954919
 -2.07058
  1.54513
-0.349628
  -1.7616
  1.82522
 0.148565
-0.954919
 -2.07058
  1.54513
-0.349628
  -1.7616
  1.82522
 0.148565
-0.954919
 -2.07058
  1.54513
-0.349628
  -1.7616
  1.82522
 0.148565
-0.954919
 -2.07059
  1.54513
-0.349628
  -1.7616
  1.82522
 0.148565
-0.954919
 -2.07059
  1.54513
-0.349628
  -1.7616
  1.82522
 0.148565
-0.954919
 -2.07058
  1.54513
-0.349628
  -1.7616
  1.82522
 0.148565
-0.954919
 -2.07058
  1.54513
-0.349628
  -1.7616
  1.82522
 0.148565
-0.954919
 -2.07058
  1.54513
-0.349628
  -1.7616
  1.82522
 0.148565
-0.954919
 -2.07059
  1.54513
-0.349628
  -1.7616
  1.82522
 0.148565
 -0.95492
 -2.07058
  1.54513
-0.349628
  -1.7616
  1.82522
 0.148565
 -0.95492
 -2.07059
  1.54513
-0.349628
  -1.7616
  1.82522
 0.148565
-0.954919
 -2.07059
  1.54513
-0.349628
  -1.7616
  1.82522
 0.148565
-0.954919
 -2.07059
  1.54513
-0.349628
  -1.7616
  1.82522
 0.148565
 -0.95492
 -2.07059
  1.54513
-0.349628
  -1.7616
  1.82522
 0.148565
 -0.95492
 -2.07059
  1.54513
-0.349628
  -1.7616
  1.82522
 0.148565
-0.954919
 -2.07059
  1.54513
-0.349628
  -1.7616
  1.82522
 0.148565
 -0.95492
 -2.07059
  1.54513
-0.349628
  -1.7616
  1.82522
 0.148565
 -0.95492
 -2.07058
  1.54513
-0.349628
  -1.7616
  1.82522
 0.148565
 -0.95492
 -2.07058
  1.54513
-0.349628
  -1.7616
  1.82522
 0.148565
 -0.95492
 -2.07059
  1.54513
-0.349628
  -1.7616
  1.82522
 0.148565
 -0.95492
 -2.07058
  1.54513
-0.349628
  -1.7616
  1.82522
 0.148565
 -0.95492
 -2.07059
  1.54513
-0.349628
  -1.7616
  1.82522
 0.148565
 -0.95492
 -2.07059
  1.54513
-0.349628
  -1.7616
  1.82522
 0.148565
 -0.95492
 -2.07058
  1.54513
-0.349628
  -1.7616
  1.82522
 0.148565
 -0.95492
 -2.07058
  1.54513
-0.349627
  -1.7616
  1.82522
 0.148565
 -0.95492
 -2.07058
  1.54513
-0.349628
  -1.7616
  1.82522
 0.148565
 -0.95492
 -2.07059
  1.54513
-0.349628
  -1.7616
  1.82522
 0.148565
 -0.95492
 -2.07058
  1.54513
-0.349628
  -1.7616
  1.82522
 0.148565
 -0.95492
 -2.07059
  1.54513
-0.349628
  -1.7616
  1.82522
 0.148565
 -0.95492
 -2.07059
  1.54513
-0.349628
  -1.7616
  1.82522
 0.148565
 -0.95492
 -2.07058
  1.54513
-0.349628
  -1.7616
  1.82522
 0.148565
 -0.95492
 -2.07058
  1.54513
-0.349628
  -1.7616
  1.82522
 0.148565
 -0.95492
 -2.07059
  1.54513
-0.349628
  -1.7616
  1.82522
 0.148565
 -0.95492
 -2.07059
  1.54513
-0.349628
  -1.7616
  1.82522
 0.148565
 -0.95492
 -2.07059
  1.54513
-0.349628
  -1.7616
  1.82522
 0.148565
 -0.95492
 -2.07059
  1.54513
-0.349628
  -1.7616
  1.82522
 0.148565
 -0.95492
 -2.07059
  1.54513
-0.349628
  -1.7616
  1.82522
 0.148565
 -0.95492
 -2.07059
  1.54513
-0.349628
  -1.7616
  1.82522
 0.148565
 -0.95492
 -2.07058
  1.54513
-0.349628
  -1.7616
  1.82522
 0.148565
 -0.95492
 -2.07059
  1.54513
-0.349628
  -1.7616
  1.82522
 0.148565
 -0.95492
 -2.07059
  1.54513
-0.349628
  -1.7616
  1.82522
 0.148565
 -0.95492
 -2.07059
  1.54513
-0.349628
  -1.7616
  1.82522
 0.148565
 -0.95492
 -2.07059
  1.54513
-0.349628
  -1.7616
  1.82522
 0.148565
 -0.95492
 -2.07059
  1.54513
-0.349628
  -1.7616
  1.82522
 0.148565
 -0.95492
 -2.07059
  1.54513
-0.349628
  -1.7616
  1.82522
 0.148565
 -0.95492
 -2.07059
  1.54513
-0.349628
  -1.7616
  1.82522
 0.148565
 -0.95492
 -2.07058
  1.54513
-0.349628
  -1.7616
  1.82522
 0.148565
 -0.95492
 -2.07058
  1.54513
-0.349628
  -1.7616
  1.82522
 0.148565
 -0.95492
 -2.07058
  1.54513
-0.349628
  -1.7616
  1.82522
 0.148565
 -0.95492
 -2.07058
  1.54513
-0.349628
  -1.7616
  1.82522
 0.148565
 -0.95492
 -2.07058
  1.54513
-0.349628
  -1.7616
  1.82522
 0.148565
 -0.95492
 -2.07058
  1.54513
-0.349628
  -1.7616
  1.82522
 0.148565
 -0.95492
 -2.07058
  1.54513
-0.349628
  -1.7616
  1.82522
 0.148565
 -0.95492
 -2.07058
  1.54513
-0.349628
  -1.7616
  1.82522
 0.148565
 -0.95492
 -2.07058
  1.54513
-0.349628
  -1.7616
  1.82522
 0.148565
 -0.95492
 -2.07058
  1.54513
-0.349628
  -1.7616
  1.82522
 0.148565
 -0.95492
 -2.07058
  1.54513
-0.349628
  -1.7616
  1.82522
 0.148565
 -0.95492
 -2.07059
  1.54513
-0.349628
  -1.7616
  1.82522
 0.148565
 -0.95492
 -2.07058
  1.54513
-0.349628
  -1.7616
  1.82522
 0.148565
 -0.95492
 -2.07058
  1.54513
-0.349628
  -1.7616
  1.82522
 0.148565
 -0.95492
 -2.07058
  1.54513
-0.349628
  -1.7616
  1.82522
 0.148565
 -0.95492
 -2.07058
  1.54513
-0.349627
  -1.7616
  1.82522
 0.148565
 -0.95492
 -2.07058
  1.54513
-0.349628
  -1.7616
  1.82522
 0.148565
 -0.95492
 -2.07058
  1.54513
-0.349628
  -1.7616
  1.82522
 0.148565
-0.954921
 -2.07058
  1.54513
-0.349628
  -1.7616
  1.82522
 0.148565
-0.954921
 -2.07058
  1.54513
-0.349628
  -1.7616
  1.82522
 0.148565
-0.954921
 -2.07058
  1.54513
-0.349627
  -1.7616
  1.82522
 0.148565
-0.954921
 -2.07058
  1.54513
-0.349628
  -1.7616
  1.82522
 0.148565
-0.954921
 -2.07058
  1.54513
-0.349628
  -1.7616
  1.82522
 0.148565
-0.954921
 -2.07058
  1.54513
-0.349628
  -1.7616
  1.82522
 0.148565
-0.954921
 -2.07058
  1.54513
-0.349628
  -1.7616
  1.82522
 0.148565
-0.954921
 -2.07058
  1.54513
-0.349628
  -1.7616
  1.82522
 0.148565
-0.954921
 -2.07058
  1.54513
-0.349628
  -1.7616
  1.82522
 0.148565
-0.954921
 -2.07058
  1.54513
-0.349628
  -1.7616
  1.82522
 0.148565
-0.954921
 -2.07058
  1.54513
-0.349628
  -1.7616
  1.82522
 0.148565
-0.954921
 -2.07058
  1.54513
-0.349628
  -1.7616
  1.82522
 0.148565
-0.954921
 -2.07058
  1.54513
-0.349628
  -1.7616
  1.82522
 0.148565
-0.954921
 -2.07058
  1.54513
-0.349628
  -1.7616
  1.82522
 0.148565
-0.954921
 -2.07058
  1.54513
-0.349628
  -1.7616
  1.82522
 0.148565
-0.954921
 -2.07058
  1.54513
-0.349627
  -1.7616
  1.82522
 0.148565
-0.954921
 -2.07058
  1.54513
-0.349628
  -1.7616
  1.82522
 0.148565
-0.954921
 -2.07058
  1.54513
-0.349628
  -1.7616
  1.82522
 0.148565
-0.954921
 -2.07058
  1.54513
-0.349628
  -1.7616
  1.82522
 0.148565
-0.954921
 -2.07058
  1.54513
-0.349628
  -1.7616
  1.82522
 0.148565
-0.954921
 -2.07058
  1.54513
-0.349628
  -1.7616
  1.82522
 0.148565
-0.954921
 -2.07058
  1.54513
-0.349628
  -1.7616
  1.82522
 0.148565
-0.954921
 -2.07058
  1.54513
-0.349628
  -1.7616
  1.82522
 0.148565
-0.954921
 -2.07058
  1.54513
-0.349628
  -1.7616
  1.82522
 0.148565
-0.954921
 -2.07058
  1.54513
-0.349628
  -1.7616
  1.82522
 0.148565
-0.954921
 -2.07058
  1.54513
-0.349628
  -1.7616
  1.82522
 0.148565
-0.954921
 -2.07058
  1.54513
-0.349628
  -1.7616
  1.82522
 0.148565
-0.954921
 -2.07058
  1.54513
-0.349628
  -1.7616
  1.82522
 0.148565
-0.954921
 -2.07058
  1.54513
-0.349628
  -1.7616
  1.82522
 0.148565
-0.954921
 -2.07058
  1.54513
-0.349628
  -1.7616
  1.82522
 0.148565
-0.954921
 -2.07058
  1.54513
-0.349628
  -1.7616
  1.82522
 0.148565
-0.954921
 -2.07058
  1.54513
-0.349628
  -1.7616
  1.82522
 0.148565
-0.954921
 -2.07058
  1.54513
-0.349628
  -1.7616
  1.82522
 0.148565
-0.954921
 -2.07058
  1.54513
-0.349628
  -1.7616
  1.82522
 0.148565
-0.954921
 -2.07058
  1.54513
-0.349628
  -1.7616
  1.82522
 0.148565
-0.954921
 -2.07059
  1.54513
-0.349628
  -1.7616
  1.82522
 0.148565
-0.954921
 -2.07058
  1.54513
-0.349627
  -1.7616
  1.82522
 0.148565
-0.954921
 -2.07058
  1.54513
-0.349628
  -1.7616
  1.82522
 0.148565
-0.954921
 -2.07058
  1.54513
-0.349628
  -1.7616
  1.82522
 0.148565
-0.954921
 -2.07058
  1.54513
-0.349627
  -1.7616
  1.82522
 0.148565
-0.954921
 -2.07058
  1.54513
-0.349628
  -1.7616
  1.82522
 0.148565
-0.954921
 -2.07058
  1.54513
-0.349628
  -1.7616
  1.82522
 0.148565
-0.954921
 -2.07058
  1.54513
-0.349628
  -1.7616
  1.82522
 0.148565
-0.954921
 -2.07058
  1.54513
-0.349628
  -1.7616
  1.82522
 0.148565
-0.954921
 -2.07059
  1.54513
-0.349628
  -1.7616
  1.82522
 0.148565
-0.954921
 -2.07058
  1.54513
-0.349628
  -1.7616
  1.82522
 0.148565
-0.954921
 -2.07058
  1.54513
-0.349628
  -1.7616
  1.82522
 0.148565
-0.954921
 -2.07058
  1.54513
-0.349628
  -1.7616
  1.82522
 0.148565
-0.954921
 -2.07058
  1.54513
-0.349628
  -1.7616
  1.82522
 0.148565
-0.954921
 -2.07058
  1.54513
-0.349628
  -1.7616
  1.82522
 0.148565
-0.954921
 -2.07058
  1.54513
-0.349628
  -1.7616
  1.82522
 0.148565
-0.954921
 -2.07058
  1.54513
-0.349628
  -1.7616
  1.82522
 0.148565
-0.954921
 -2.07058
  1.54513
-0.349628
  -1.7616
  1.82522
 0.148565
-0.954921
 -2.07058
  1.54513
-0.349628
  -1.7616
  1.82522
 0.148565
-0.954921
 -2.07058
  1.54513
-0.349628
  -1.7616
  1.82522
 0.148565
-0.954921
 -2.07058
  1.54513
-0.349628
  -1.7616
  1.82522
 0.148565
-0.954921
 -2.07058
  1.54513
-0.349628
  -1.7616
  1.82522
 0.148565
-0.954921
 -2.07059
  1.54513
-0.349628
  -1.7616
  1.82522
 0.148565
-0.954921
 -2.07058
  1.54513
-0.349628
  -1.7616
  1.82522
 0.148565
-0.954921
 -2.07058
  1.54513
-0.349628
  -1.7616
  1.82522
 0.148565
-0.954921
 -2.07058
  1.54513
-0.349628
  -1.7616
  1.82522
 0.148565
-0.954921
 -2.07058
  1.54513
-0.349628
  -1.7616
  1.82522
 0.148562
-0.954921
 -2.07059
  1.54513
-0.349628
  -1.7616
  1.82522
 0.148563
-0.954921
 -2.07059
  1.54513
-0.349628
  -1.7616
  1.82522
 0.148552
-0.954919
 -2.07059
  1.54513
-0.349627
  -1.7616
  1.82523
 0.148544
 -0.95493
 -2.07059
  1.54511
-0.349625
  -1.7616
  1.82523
 0.148534
-0.954928
 -2.07058
  1.54511
-0.349619
  -1.7616
  1.82523
  0.14851
 -0.95493
 -2.07058
   1.5451
-0.349616
 -1.76159
  1.82523
 0.148494
 -0.95493
 -2.07058
  1.54509
-0.349613
  -1.7616
  1.82523
 0.148468
-0.954927
 -2.07058
  1.54507
 -0.34961
 -1.76159
  1.82523
 0.148448
 -0.95494
 -2.07058
  1.54504
-0.349607
 -1.76159
  1.82523
  0.14841
-0.954935
 -2.07057
  1.54499
-0.349601
 -1.76158
  1.82523
 0.148373
-0.954946
 -2.07056
  1.54497
-0.349595
 -1.76159
  1.82523
 0.148322
-0.954941
 -2.07055
  1.54496
-0.349569
 -1.76158
  1.82524
 0.148263
-0.954955
 -2.07053
  1.54494
-0.349524
 -1.76158
  1.82524
 0.148201
-0.954948
  -2.0705
   1.5449
-0.349482
 -1.76158
  1.82524
 0.148138
-0.954956
 -2.07049
  1.54485
-0.349443
 -1.76158
  1.82524
 0.148062
-0.954963
 -2.07045
  1.54476
-0.349402
 -1.76158
  1.82524
 0.147998
-0.954953
 -2.07038
  1.54467
-0.349363
 -1.76158
  1.82521
 0.147924
-0.954927
 -2.07032
  1.54459
-0.349322
 -1.76157
   1.8252
 0.147856
-0.954928
 -2.07026
   1.5445
-0.349282
 -1.76157
  1.82526
 0.147775
-0.955007
 -2.07017
   1.5444
-0.349245
 -1.76157
  1.82528
 0.147698
-0.955047
 -2.07008
  1.54429
-0.349213
 -1.76157
  1.82523
 0.147614
-0.955009
 -2.07001
  1.54421
-0.349185
 -1.76156
  1.82524
  0.14753
-0.955027
 -2.06992
  1.54415
-0.349158
 -1.76156
  1.82523
 0.147442
 -0.95502
 -2.06985
  1.54407
-0.349129
 -1.76156
  1.82523
 0.147346
 -0.95503
 -2.06977
  1.54399
-0.349102
 -1.76156
  1.82523
  0.14724
-0.955038
 -2.06969
  1.54392
-0.349074
 -1.76155
  1.82523
 0.147139
-0.955038
 -2.06961
  1.54386
-0.349048
 -1.76155
  1.82523
 0.147024
-0.955031
 -2.06954
  1.54378
 -0.34902
 -1.76155
  1.82523
 0.146895
-0.955032
 -2.06945
  1.54369
 -0.34899
 -1.76155
  1.82521
 0.146763
-0.955013
 -2.06938
  1.54359
-0.348961
 -1.76155
  1.82519
 0.146627
-0.955003
 -2.06931
  1.54349
-0.348932
 -1.76155
  1.82518
 0.146485
-0.954997
 -2.06923
  1.54339
-0.348901
 -1.76155
  1.82516
  0.14634
-0.954962
 -2.06914
  1.54328
-0.348869
 -1.76154
  1.82514
 0.146197
-0.954946
 -2.06907
  1.54317
-0.348839
 -1.76154
  1.82512
 0.146043
-0.954909
 -2.06901
  1.54305
-0.348808
 -1.76154
  1.82511
 0.145891
-0.954884
 -2.06894
  1.54291
-0.348774
 -1.76154
  1.82503
 0.145739
-0.954779
 -2.06886
  1.54277
-0.348737
 -1.76154
  1.82495
 0.145593
-0.954695
 -2.06878
  1.54265
-0.348694
 -1.76154
  1.82496
 0.145442
-0.954727
  -2.0687
  1.54256
-0.348652
 -1.76154
  1.82494
 0.145291
-0.954714
 -2.06863
  1.54246
-0.348614
 -1.76154
  1.82486
 0.145141
-0.954647
 -2.06855
  1.54236
-0.348577
 -1.76154
  1.82482
 0.144972
-0.954609
 -2.06848
  1.54225
-0.348544
 -1.76154
  1.82478
 0.144814
-0.954564
 -2.06841
  1.54211
-0.348514
 -1.76154
  1.82473
  0.14463
-0.954522
 -2.06833
  1.54197
-0.348481
 -1.76154
  1.82468
 0.144434
-0.954488
 -2.06823
  1.54184
-0.348447
 -1.76153
  1.82465
 0.144243
-0.954465
 -2.06812
   1.5417
-0.348412
 -1.76154
  1.82462
  0.14403
-0.954425
 -2.06801
  1.54153
-0.348376
 -1.76153
  1.82459
 0.143824
-0.954393
 -2.06789
  1.54134
-0.348337
 -1.76153
  1.82458
 0.143612
-0.954358
 -2.06778
  1.54113
  -0.3483
 -1.76153
  1.82451
 0.143397
-0.954282
 -2.06766
  1.54093
-0.348265
 -1.76152
  1.82443
 0.143198
-0.954233
 -2.06752
  1.54073
-0.348231
 -1.76153
  1.82447
 0.142977
-0.954301
 -2.06737
  1.54054
-0.348197
 -1.76152
  1.82448
 0.142778
-0.954325
 -2.06723
   1.5404
-0.348164
 -1.76153
  1.82442
 0.142571
-0.954276
 -2.06709
  1.54028
-0.348135
 -1.76153
  1.82443
 0.142363
-0.954275
 -2.06693
  1.54013
-0.348102
 -1.76152
  1.82441
 0.142157
 -0.95424
 -2.06677
  1.53997
-0.348047
 -1.76153
  1.82442
 0.141923
-0.954237
 -2.06661
  1.53982
-0.347972
 -1.76152
  1.82442
 0.141684
-0.954238
 -2.06645
  1.53969
-0.347897
 -1.76152
  1.82441
 0.141435
-0.954213
 -2.06628
  1.53951
-0.347826
 -1.76153
  1.82437
 0.141185
-0.954167
 -2.06613
  1.53928
-0.347755
 -1.76152
   1.8243
 0.140944
 -0.95412
 -2.06599
  1.53903
-0.347686
 -1.76153
  1.82437
 0.140687
-0.954177
 -2.06585
  1.53878
-0.347622
 -1.76153
  1.82438
 0.140449
-0.954179
 -2.06573
  1.53856
-0.347553
 -1.76153
  1.82436
 0.140202
-0.954089
 -2.06559
  1.53837
-0.347477
 -1.76153
  1.82438
 0.139942
-0.954043
 -2.06546
  1.53821
-0.347397
 -1.76153
  1.82439
  0.13967
-0.953966
 -2.06531
  1.53805
 -0.34731
 -1.76152
  1.82438
 0.139389
-0.953907
 -2.06517
  1.53788
-0.347228
 -1.76153
  1.82438
 0.139096
-0.953861
 -2.06504
  1.53767
-0.347137
 -1.76152
  1.82435
 0.138816
-0.953771
  -2.0649
   1.5374
-0.347042
 -1.76152
  1.82434
 0.138535
-0.953687
 -2.06477
  1.53711
-0.346953
 -1.76153
  1.82439
 0.138253
-0.953692
 -2.06461
  1.53682
-0.346872
 -1.76153
  1.82441
 0.137972
-0.953649
 -2.06447
  1.53654
-0.346796
 -1.76153
  1.82435
  0.13768
-0.953554
 -2.06434
  1.53629
-0.346725
 -1.76153
  1.82436
 0.137382
-0.953523
 -2.06418
  1.53607
-0.346662
 -1.76153
  1.82434
 0.137084
-0.953462
 -2.06402
  1.53587
-0.346599
 -1.76153
  1.82434
 0.136777
-0.953436
 -2.06385
  1.53564
-0.346532
 -1.76153
  1.82433
 0.136485
-0.953414
 -2.06366
  1.53539
-0.346462
 -1.76153
  1.82425
 0.136195
-0.953316
 -2.06344
  1.53513
-0.346387
 -1.76153
  1.82418
 0.135885
-0.953227
 -2.06321
  1.53485
-0.346315
 -1.76153
  1.82419
 0.135546
-0.953298
   -2.063
  1.53457
-0.346246
 -1.76154
  1.82417
 0.135178
-0.953321
  -2.0628
  1.53433
-0.346179
 -1.76154
  1.82408
 0.134807
-0.953303
 -2.06259
  1.53412
-0.346113
 -1.76154
  1.82403
 0.134446
-0.953307
 -2.06238
  1.53392
 -0.34605
 -1.76154
  1.82398
 0.134094
-0.953295
 -2.06218
  1.53372
-0.345987
 -1.76154
  1.82393
  0.13375
-0.953292
 -2.06198
   1.5335
-0.345927
 -1.76154
  1.82383
 0.133395
-0.953252
 -2.06179
  1.53323
-0.345867
 -1.76154
   1.8237
 0.133029
-0.953242
  -2.0616
  1.53292
-0.345806
 -1.76154
  1.82372
 0.132657
 -0.95333
  -2.0614
  1.53259
-0.345741
 -1.76154
  1.82371
  0.13229
 -0.95334
 -2.06121
  1.53232
-0.345672
 -1.76154
  1.82366
 0.131937
 -0.95324
 -2.06102
  1.53208
-0.345578
 -1.76155
  1.82367
 0.131579
 -0.95317
 -2.06083
  1.53182
-0.345465
-1.76155
 1.82366
0.131225
-0.95304
-2.06065
 1.53154
-0.34535
 -1.76155
  1.82367
 0.130851
-0.952938
 -2.06044
  1.53122
-0.345243
 -1.76155
  1.82362
  0.13047
-0.952815
 -2.06023
  1.53088
-0.345126
 -1.76155
  1.82354
 0.130102
-0.952688
 -2.05998
  1.53055
-0.345005
 -1.76156
   1.8236
 0.129736
-0.952683
 -2.05974
  1.53023
-0.344876
 -1.76156
   1.8236
 0.129369
-0.952613
 -2.05952
  1.52995
-0.344752
 -1.76156
  1.82358
 0.128994
  -0.9525
  -2.0593
  1.52968
-0.344639
 -1.76156
  1.82358
 0.128609
-0.952396
 -2.05907
  1.52939
-0.344545
 -1.76156
  1.82358
 0.128227
-0.952282
 -2.05884
  1.52908
-0.344468
 -1.76156
  1.82358
 0.127843
 -0.95218
 -2.05863
  1.52877
-0.344382
 -1.76156
  1.82355
 0.127464
-0.952064
 -2.05842
  1.52846
-0.344293
 -1.76156
  1.82351
 0.127081
-0.951924
  -2.0582
  1.52817
-0.344207
 -1.76156
  1.82356
 0.126681
-0.951952
 -2.05799
  1.52785
-0.344123
 -1.76157
  1.82356
 0.126267
-0.951922
 -2.05779
  1.52751
-0.344045
 -1.76157
   1.8235
 0.125845
-0.951843
 -2.05756
  1.52719
-0.343965
 -1.76157
  1.82348
 0.125432
-0.951822
 -2.05732
  1.52681
-0.343885
 -1.76158
  1.82345
 0.125027
-0.951771
 -2.05708
  1.52643
-0.343799
 -1.76158
  1.82344
 0.124619
 -0.95173
 -2.05681
  1.52609
-0.343715
 -1.76158
  1.82338
 0.124196
-0.951632
 -2.05655
  1.52575
-0.343631
 -1.76158
  1.82332
 0.123766
-0.951533
 -2.05627
  1.52538
-0.343541
 -1.76159
  1.82336
 0.123332
-0.951592
 -2.05601
  1.52499
-0.343448
 -1.76159
  1.82332
 0.122906
-0.951555
 -2.05576
  1.52462
-0.343346
  -1.7616
  1.82324
 0.122472
-0.951488
  -2.0555
  1.52429
 -0.34325
  -1.7616
  1.82319
 0.122024
-0.951454
 -2.05524
  1.52396
-0.343138
 -1.76161
  1.82315
 0.121538
-0.951392
   -2.055
  1.52359
-0.343006
 -1.76162
  1.82311
 0.121055
-0.951318
 -2.05474
  1.52322
-0.342875
 -1.76162
  1.82302
 0.120584
-0.951203
 -2.05449
  1.52286
-0.342729
 -1.76163
  1.82291
 0.120103
-0.951088
 -2.05425
  1.52251
-0.342588
 -1.76163
  1.82292
 0.119617
-0.951111
 -2.05399
  1.52216
-0.342471
 -1.76165
  1.82293
 0.119121
-0.951106
 -2.05375
  1.52182
-0.342356
 -1.76166
  1.82288
 0.118638
-0.950994
 -2.05348
  1.52145
-0.342248
 -1.76168
  1.82286
 0.118163
 -0.95091
 -2.05319
  1.52105
-0.342145
 -1.76172
  1.82285
 0.117681
  -0.9508
 -2.05293
  1.52068
-0.342036
 -1.76175
  1.82283
 0.117185
-0.950691
 -2.05266
  1.52035
-0.341929
 -1.76178
  1.82282
 0.116687
-0.950623
 -2.05237
  1.52001
-0.341824
 -1.76181
  1.82272
 0.116186
 -0.95048
 -2.05209
  1.51962
-0.341719
 -1.76184
  1.82268
 0.115647
-0.950417
  -2.0518
  1.51919
-0.341611
 -1.76188
  1.82274
 0.115078
-0.950481
 -2.05153
  1.51877
-0.341497
-1.76192
 1.82269
0.114517
 -0.9504
-2.05125
 1.51842
-0.34138
 -1.76195
  1.82267
 0.113956
-0.950338
 -2.05095
  1.51809
-0.341266
 -1.76198
  1.82265
  0.11338
-0.950261
 -2.05066
  1.51768
-0.341144
 -1.76201
  1.82263
 0.112811
-0.950165
 -2.05037
   1.5172
-0.341024
 -1.76205
  1.82263
 0.112249
-0.950086
 -2.05008
  1.51674
-0.340898
 -1.76207
   1.8226
 0.111695
-0.949988
  -2.0498
  1.51632
-0.340763
 -1.76212
  1.82259
 0.111128
-0.949899
 -2.04952
  1.51592
-0.340631
 -1.76216
  1.82251
 0.110567
-0.949751
 -2.04923
  1.51548
  -0.3405
  -1.7622
  1.82241
 0.110017
-0.949596
 -2.04893
  1.51502
-0.340376
 -1.76223
  1.82245
 0.109468
-0.949627
 -2.04863
  1.51459
-0.340267
 -1.76227
  1.82244
 0.108927
-0.949587
 -2.04834
   1.5142
-0.340163
 -1.76231
  1.82237
 0.108393
-0.949494
 -2.04804
   1.5138
-0.340062
 -1.76232
  1.82234
 0.107875
-0.949435
 -2.04775
  1.51337
-0.339955
 -1.76232
  1.82233
 0.107383
-0.949368
 -2.04745
  1.51291
-0.339833
 -1.76232
  1.82232
 0.106896
-0.949311
 -2.04713
   1.5125
-0.339714
 -1.76229
  1.82231
  0.10641
-0.949264
  -2.0468
   1.5121
-0.339586
 -1.76224
  1.82232
 0.105934
-0.949234
 -2.04647
  1.51169
-0.339451
 -1.76219
  1.82232
 0.105459
-0.949204
 -2.04614
  1.51124
-0.339321
 -1.76213
  1.82233
 0.104977
-0.949175
 -2.04581
  1.51078
-0.339189
 -1.76207
   1.8223
 0.104476
-0.949098
 -2.04549
  1.51038
-0.339047
 -1.76199
  1.82227
 0.103976
-0.949017
 -2.04517
  1.50998
-0.338906
 -1.76191
  1.82235
 0.103477
 -0.94909
 -2.04485
  1.50954
-0.338766
 -1.76182
  1.82239
 0.102976
-0.949103
 -2.04453
  1.50909
 -0.33863
 -1.76173
  1.82238
 0.102466
-0.949077
 -2.04418
  1.50866
-0.338496
 -1.76164
  1.82241
 0.101945
-0.949054
 -2.04386
  1.50825
-0.338359
 -1.76155
  1.82243
  0.10143
-0.949017
 -2.04355
  1.50783
-0.338233
 -1.76146
  1.82245
 0.100914
-0.948975
 -2.04323
  1.50739
-0.338127
 -1.76137
  1.82247
  0.10039
-0.948944
 -2.04289
  1.50691
-0.338018
 -1.76129
  1.82249
0.0998493
-0.948891
 -2.04257
  1.50643
 -0.33791
 -1.76122
  1.82252
0.0993038
-0.948851
 -2.04223
  1.50596
-0.337798
 -1.76116
  1.82255
0.0987575
-0.948786
 -2.04188
  1.50547
-0.337672
  -1.7611
  1.82258
 0.098197
-0.948729
 -2.04155
  1.50498
-0.337532
 -1.76106
   1.8226
0.0976188
-0.948666
 -2.04122
   1.5045
-0.337392
 -1.76101
  1.82262
0.0970484
-0.948588
 -2.04087
  1.50401
-0.337248
 -1.76096
  1.82264
0.0964797
 -0.94851
 -2.04054
   1.5035
-0.337092
 -1.76092
  1.82266
0.0958948
-0.948419
  -2.0402
  1.50302
 -0.33694
 -1.76088
  1.82268
0.0953097
-0.948322
 -2.03986
  1.50254
-0.336783
 -1.76085
  1.82269
0.0947303
-0.948218
 -2.03955
  1.50206
-0.336635
 -1.76082
   1.8227
0.0941412
-0.948113
 -2.03921
  1.50154
-0.336498
 -1.76079
  1.82271
0.0935361
-0.948013
 -2.03885
  1.50105
-0.336363
 -1.76078
  1.82272
0.0929306
-0.947904
 -2.03851
   1.5006
-0.336228
 -1.76075
  1.82272
0.0923345
-0.947797
 -2.03816
  1.50015
-0.336097
 -1.76074
  1.82274
0.0917166
 -0.94771
 -2.03781
  1.49963
-0.335979
 -1.76072
  1.82274
0.0910933
-0.947591
 -2.03745
  1.49911
-0.335862
 -1.76072
  1.82275
0.0904843
-0.947495
 -2.03712
  1.49865
-0.335741
  -1.7607
  1.82275
0.0898773
-0.947388
 -2.03678
  1.49819
 -0.33561
 -1.76068
  1.82276
0.0892464
-0.947297
 -2.03644
  1.49768
-0.335464
 -1.76067
  1.82276
0.0886202
-0.947202
 -2.03611
  1.49715
-0.335315
 -1.76066
  1.82277
0.0880002
-0.947115
 -2.03577
  1.49666
-0.335154
 -1.76065
  1.82276
0.0873712
-0.947009
  -2.0354
   1.4962
-0.334992
 -1.76064
  1.82277
0.0867364
-0.946919
 -2.03503
  1.49569
-0.334828
 -1.76063
  1.82276
 0.086099
-0.946817
 -2.03468
  1.49516
-0.334676
 -1.76063
  1.82276
0.0854677
-0.946721
 -2.03432
  1.49468
-0.334532
 -1.76063
  1.82276
 0.084823
-0.946609
 -2.03396
  1.49421
-0.334397
 -1.76063
  1.82276
0.0841745
-0.946515
  -2.0336
  1.49367
 -0.33427
 -1.76063
  1.82275
0.0835306
-0.946395
 -2.03325
  1.49313
-0.334144
 -1.76065
  1.82275
0.0828822
-0.946292
 -2.03291
  1.49265
-0.334011
 -1.76067
  1.82275
0.0822317
-0.946174
 -2.03255
  1.49219
-0.333869
 -1.76068
  1.82274
0.0815867
-0.946056
 -2.03216
  1.49167
-0.333741
 -1.76069
  1.82273
0.0809337
-0.945943
 -2.03178
   1.4911
-0.333609
 -1.76071
  1.82272
0.0802686
-0.945824
 -2.03138
  1.49058
-0.333469
 -1.76074
  1.82271
0.0796114
-0.945697
 -2.03099
  1.49007
 -0.33332
 -1.76077
   1.8227
0.0789522
-0.945586
 -2.03063
  1.48953
-0.333155
 -1.76084
  1.82269
0.0782447
-0.945468
 -2.03024
  1.48898
-0.332989
 -1.76096
  1.82267
0.0775302
-0.945344
 -2.02986
  1.48847
-0.332821
 -1.76097
  1.82267
0.0769344
 -0.94524
 -2.02951
  1.48795
-0.332665
 -1.76099
  1.82264
0.0763036
-0.945116
 -2.02916
  1.48737
-0.332515
 -1.76106
  1.82264
0.0755819
-0.945011
 -2.02877
  1.48682
-0.332371
  -1.7611
  1.82262
0.0749045
-0.944883
 -2.02837
  1.48628
-0.332245
 -1.76113
  1.82265
0.0742257
-0.944812
 -2.02797
  1.48569
-0.332117
 -1.76116
   1.8227
0.0735235
-0.944745
  -2.0276
  1.48513
-0.331982
 -1.76119
  1.82264
 0.072836
-0.944513
 -2.02722
   1.4846
-0.331844
  -1.7612
  1.82263
0.0721525
-0.944313
 -2.02684
  1.48402
-0.331695
 -1.76122
  1.82266
0.0714558
-0.944219
 -2.02646
  1.48343
-0.331549
 -1.76124
  1.82266
0.0707719
-0.944095
 -2.02609
  1.48285
-0.331414
 -1.76126
  1.82265
0.0700824
-0.943977
 -2.02572
  1.48231
-0.331269
 -1.76127
  1.82265
0.0693674
 -0.94388
 -2.02535
  1.48171
-0.331107
 -1.76129
  1.82265
0.0686633
-0.943745
 -2.02495
  1.48116
-0.330939
 -1.76131
  1.82269
0.0679658
-0.943639
 -2.02455
  1.48064
-0.330773
 -1.76132
  1.82271
0.0672527
-0.943551
 -2.02417
  1.48008
-0.330613
 -1.76133
  1.82265
0.0665435
-0.943297
 -2.02378
  1.47952
-0.330463
 -1.76133
  1.82263
0.0658453
-0.943108
 -2.02339
  1.47901
 -0.33033
 -1.76135
  1.82269
0.0651408
-0.943017
 -2.02301
   1.4785
-0.330196
 -1.76136
  1.82269
0.0644302
-0.942856
 -2.02263
  1.47795
-0.330067
 -1.76141
   1.8227
0.0636924
-0.942728
 -2.02221
   1.4774
-0.329936
  -1.7615
  1.82276
 0.062938
-0.942662
 -2.02179
  1.47689
-0.329796
  -1.7615
  1.82285
0.0622892
-0.942572
 -2.02137
  1.47635
-0.329643
  -1.7615
  1.82281
0.0616351
-0.942307
 -2.02096
  1.47577
-0.329496
 -1.76154
  1.82282
0.0608847
-0.942093
 -2.02055
  1.47524
-0.329347
 -1.76155
  1.82289
0.0601601
 -0.94198
 -2.02016
  1.47469
-0.329195
 -1.76157
  1.82294
0.0594561
-0.941854
 -2.01977
  1.47406
-0.329039
 -1.76158
  1.82302
0.0587229
 -0.94179
 -2.01937
  1.47343
-0.328872
 -1.76159
  1.82312
0.0579879
-0.941718
 -2.01897
  1.47286
-0.328717
 -1.76161
  1.82314
0.0572799
-0.941484
 -2.01858
   1.4723
-0.328567
 -1.76162
  1.82319
0.0565473
-0.941271
 -2.01816
  1.47168
-0.328425
 -1.76163
  1.82329
0.0558108
-0.941156
 -2.01773
  1.47106
-0.328296
 -1.76165
   1.8234
0.0550957
-0.941057
 -2.01733
   1.4705
-0.328169
 -1.76167
  1.82349
0.0543593
 -0.94098
 -2.01693
  1.46993
-0.328037
 -1.76168
  1.82346
0.0536051
-0.940766
 -2.01652
  1.46936
-0.327909
 -1.76174
  1.82349
0.0528479
-0.940601
 -2.01611
  1.46878
-0.327768
 -1.76184
  1.82355
0.0520747
-0.940514
 -2.01569
   1.4682
-0.327616
 -1.76183
  1.82362
0.0513967
-0.940439
  -2.0153
  1.46757
-0.327458
 -1.76183
   1.8237
 0.050728
-0.940377
 -2.01489
    1.467
-0.327294
 -1.76187
  1.82367
0.0499622
-0.940168
 -2.01449
  1.46645
 -0.32714
 -1.76188
  1.82369
0.0492094
-0.939958
 -2.01408
  1.46586
-0.326978
 -1.76189
  1.82378
0.0484811
-0.939877
 -2.01368
  1.46525
-0.326817
 -1.76191
  1.82385
0.0477359
-0.939766
 -2.01328
  1.46466
-0.326657
 -1.76191
  1.82381
0.0469789
-0.939513
 -2.01287
  1.46407
-0.326503
 -1.76192
  1.82383
0.0462347
-0.939334
 -2.01244
  1.46348
-0.326363
 -1.76193
  1.82391
0.0454952
-0.939235
 -2.01202
  1.46288
-0.326229
 -1.76194
  1.82396
0.0447452
-0.939104
 -2.01162
  1.46225
-0.326105
 -1.76199
  1.82393
0.0439637
-0.938856
 -2.01121
  1.46167
-0.325981
 -1.76208
  1.82395
0.0431668
-0.938656
 -2.01079
   1.4611
-0.325844
 -1.76206
  1.82407
0.0424414
-0.938517
 -2.01039
  1.46046
  -0.3257
 -1.76206
  1.82416
0.0416856
-0.938308
 -2.00998
  1.45981
-0.325559
 -1.76209
  1.82417
0.0408646
-0.938029
 -2.00956
  1.45927
-0.325404
 -1.76209
  1.82421
0.0400809
-0.937832
 -2.00914
  1.45869
-0.325235
 -1.76211
  1.82432
0.0393204
-0.937751
  -2.0087
  1.45803
-0.325069
 -1.76213
  1.82432
0.0385285
-0.937579
 -2.00829
  1.45741
-0.324921
 -1.76214
  1.82441
0.0377592
-0.937524
 -2.00788
  1.45684
-0.324782
  -1.7622
  1.82449
0.0369833
-0.937447
 -2.00746
  1.45621
-0.324636
 -1.76231
  1.82445
0.0361916
-0.937265
 -2.00705
   1.4556
 -0.32449
 -1.76234
  1.82449
0.0355316
-0.937183
 -2.00662
  1.45501
-0.324359
 -1.76237
  1.82455
0.0348769
-0.937131
 -2.00618
  1.45438
-0.324229
 -1.76246
   1.8245
0.0341548
-0.936948
 -2.00576
  1.45376
-0.324093
 -1.76251
  1.82454
0.0334661
-0.936845
 -2.00534
  1.45319
-0.323955
 -1.76257
  1.82459
 0.032782
-0.936779
 -2.00494
  1.45258
-0.323791
 -1.76263
  1.82454
0.0320518
-0.936528
 -2.00453
  1.45193
-0.323623
 -1.76266
  1.82458
0.0313202
-0.936418
 -2.00408
  1.45135
-0.323452
 -1.76272
  1.82462
0.0305489
-0.936323
 -2.00365
  1.45078
 -0.32327
 -1.76281
  1.82456
0.0297342
-0.936035
 -2.00323
  1.45018
 -0.32308
 -1.76278
  1.82458
0.0290242
-0.935866
  -2.0028
  1.44959
-0.322896
 -1.76277
  1.82462
0.0283021
-0.935736
 -2.00238
  1.44901
-0.322736
 -1.76278
  1.82462
0.0274883
-0.935485
 -2.00196
  1.44843
-0.322586
 -1.76277
  1.82467
0.0266934
-0.935315
 -2.00154
  1.44782
-0.322443
 -1.76277
  1.82462
0.0258928
-0.935001
 -2.00116
  1.44717
-0.322294
 -1.76277
  1.82469
0.0251079
-0.934784
 -2.00074
   1.4465
-0.322151
  -1.7628
   1.8248
0.0243164
-0.934574
  -2.0003
  1.44585
-0.322008
 -1.76282
  1.82481
 0.023507
-0.934289
 -1.99985
  1.44523
-0.321859
 -1.76279
  1.82491
0.0227649
-0.934123
 -1.99943
  1.44457
-0.321715
  -1.7628
  1.82492
    0.022
-0.933856
 -1.99904
   1.4439
-0.321568
 -1.76282
  1.82502
0.0211828
-0.933733
 -1.99861
  1.44325
-0.321408
 -1.76282
  1.82499
0.0203922
-0.933481
  -1.9982
  1.44259
-0.321254
 -1.76286
  1.82512
0.0195883
 -0.93342
 -1.99779
  1.44197
-0.321107
 -1.76291
  1.82521
0.0187773
-0.933319
 -1.99738
  1.44138
-0.320969
 -1.76288
  1.82524
0.0180364
-0.933103
 -1.99695
  1.44078
 -0.32084
 -1.76287
  1.82534
0.0172618
-0.932978
 -1.99649
  1.44014
-0.320722
 -1.76291
  1.82536
0.0164463
-0.932723
 -1.99607
  1.43956
-0.320616
 -1.76292
  1.82549
0.0156942
-0.932634
 -1.99565
  1.43899
-0.320513
 -1.76292
  1.82558
0.0149383
-0.932521
 -1.99526
  1.43833
 -0.32041
 -1.76298
   1.8257
0.0141556
-0.932427
 -1.99483
  1.43771
-0.320301
 -1.76307
   1.8257
0.0133954
-0.932223
 -1.99442
  1.43713
-0.320178
 -1.76308
  1.82581
0.0127011
-0.932098
   -1.994
  1.43651
-0.320044
  -1.7631
  1.82584
0.0119793
-0.931929
 -1.99358
  1.43588
-0.319885
 -1.76316
  1.82596
0.0112248
 -0.93184
 -1.99314
   1.4353
-0.319718
 -1.76318
  1.82599
0.0104673
-0.931635
 -1.99271
  1.43469
-0.319553
  -1.76325
   1.82612
0.00970135
 -0.931528
  -1.99228
   1.43404
  -0.31938
  -1.76333
   1.82613
0.00894281
 -0.931268
  -1.99188
   1.43346
  -0.31921
  -1.76332
   1.82624
0.00823688
 -0.931124
  -1.99147
   1.43286
 -0.319041
  -1.76335
   1.82623
0.00750662
 -0.930872
  -1.99104
   1.43221
 -0.318879
  -1.76341
   1.82634
0.00671206
 -0.930716
  -1.99061
   1.43161
 -0.318716
  -1.76349
   1.82635
0.00590061
 -0.930441
  -1.99021
   1.43103
 -0.318571
  -1.76355
   1.82644
0.00510444
 -0.930203
  -1.98978
   1.43039
 -0.318454
  -1.76355
   1.82645
0.00437556
 -0.929923
  -1.98936
   1.42974
 -0.318341
  -1.76361
   1.82655
0.00359599
 -0.929766
  -1.98894
   1.42911
  -0.31822
  -1.76367
   1.82654
0.00278705
 -0.929507
  -1.98854
   1.42846
 -0.318096
  -1.76375
   1.82663
0.00197794
 -0.929395
  -1.98812
   1.42781
 -0.317958
  -1.76385
    1.8266
0.00114629
 -0.929128
  -1.98771
   1.42715
  -0.31781
   -1.76384
    1.82672
0.000397876
  -0.929049
    -1.9873
    1.42649
   -0.31766
    -1.76384
     1.82669
-0.000391105
   -0.928806
    -1.98691
     1.42586
   -0.317501
  -1.76386
   1.82668
-0.0012273
 -0.928612
  -1.98648
   1.42523
 -0.317347
   -1.76383
    1.82674
-0.00200957
  -0.928574
   -1.98608
     1.4246
  -0.317217
   -1.76382
     1.8267
-0.00274145
  -0.928496
   -1.98584
    1.42426
  -0.317184
   -1.76381
    1.82671
-0.00331082
   -0.92848
   -1.98571
    1.42423
  -0.317186
   -1.76382
     1.8267
-0.00370456
  -0.928471
   -1.98566
    1.42426
  -0.317192
   -1.76385
     1.8267
-0.00396288
  -0.928446
   -1.98565
    1.42428
  -0.317199
    -1.7639
     1.8267
-0.00408932
  -0.928422
   -1.98565
    1.42432
  -0.317203
   -1.76393
     1.8267
-0.00411083
  -0.928408
   -1.98566
    1.42434
  -0.317204
 -1.76396
  1.82669
-0.004088
-0.928409
 -1.98569
  1.42437
-0.317207
   -1.76398
    1.82669
-0.00402274
  -0.928412
   -1.98572
    1.42439
   -0.31721
     -1.764
    1.82668
-0.00390979
  -0.928416
   -1.98576
    1.42444
   -0.31722
     -1.764
    1.82669
-0.00377845
  -0.928424
   -1.98578
    1.42452
  -0.317247
   -1.76399
    1.82669
-0.00363613
   -0.92844
   -1.98582
     1.4246
  -0.317281
   -1.76398
    1.82669
-0.00348244
  -0.928462
   -1.98587
    1.42467
   -0.31732
   -1.76396
    1.82669
-0.00333084
  -0.928483
   -1.98593
    1.42473
  -0.317357
   -1.76394
    1.82669
-0.00320386
    -0.9285
     -1.986
    1.42478
   -0.31739
   -1.76391
    1.82669
-0.00309846
  -0.928516
   -1.98606
    1.42482
  -0.317417
   -1.76388
    1.82669
-0.00300445
  -0.928531
   -1.98611
    1.42484
  -0.317442
  -1.76384
   1.82669
-0.0029172
 -0.928543
  -1.98616
   1.42487
 -0.317468
   -1.76381
    1.82669
-0.00284374
  -0.928553
   -1.98621
    1.42488
  -0.317491
  -1.76377
   1.82669
-0.0027837
 -0.928559
  -1.98625
    1.4249
 -0.317509
   -1.76373
    1.82669
-0.00273696
  -0.928561
   -1.98629
     1.4249
  -0.317522
    -1.7637
    1.82669
-0.00270448
  -0.928561
   -1.98631
    1.42491
  -0.317528
  -1.76366
   1.82669
-0.0026871
 -0.928561
  -1.98633
   1.42491
 -0.317532
   -1.76364
    1.82669
-0.00268195
  -0.928561
   -1.98634
    1.42492
  -0.317532
   -1.76362
    1.82669
-0.00268746
   -0.92856
   -1.98635
    1.42492
  -0.317531
   -1.76361
    1.82669
-0.00269891
   -0.92856
   -1.98635
    1.42492
  -0.317529
    -1.7636
    1.82669
-0.00271131
   -0.92856
   -1.98635
    1.42492
  -0.317526
   -1.76361
    1.82669
-0.00272443
   -0.92856
   -1.98635
    1.42492
  -0.317522
   -1.76361
    1.82669
-0.00273798
  -0.928561
   -1.98635
    1.42493
  -0.317518
   -1.76361
    1.82669
-0.00274846
  -0.928563
   -1.98634
    1.42493
   -0.31751
   -1.76361
    1.82669
-0.00275535
  -0.928566
   -1.98633
    1.42493
  -0.317502
   -1.76362
    1.82669
-0.00276668
  -0.928568
   -1.98632
    1.42493
  -0.317493
   -1.76363
    1.82669
-0.00278388
   -0.92857
   -1.98632
    1.42493
  -0.317489
   -1.76364
    1.82669
-0.00280605
   -0.92857
   -1.98632
    1.42493
  -0.317486
   -1.76365
    1.82669
-0.00283289
   -0.92857
   -1.98632
    1.42493
  -0.317484
   -1.76366
    1.82669
-0.00286117
   -0.92857
   -1.98631
    1.42493
  -0.317482
 -1.76367
  1.82669
-0.002887
-0.928569
  -1.9863
  1.42493
-0.317481
   -1.76369
    1.82669
-0.00290941
  -0.928569
   -1.98628
    1.42493
   -0.31748
   -1.76369
    1.82669
-0.00292799
  -0.928569
   -1.98626
    1.42493
  -0.317479
    -1.7637
    1.82669
-0.00294069
  -0.928569
   -1.98623
    1.42493
  -0.317479
    -1.7637
    1.82669
-0.00294812
  -0.928569
    -1.9862
    1.42493
  -0.317478
   -1.76371
    1.82669
-0.00295183
   -0.92857
   -1.98618
    1.42493
  -0.317478
   -1.76371
    1.82669
-0.00295519
  -0.928571
   -1.98616
    1.42493
  -0.317478
   -1.76372
    1.82669
-0.00296106
  -0.928573
   -1.98615
    1.42493
  -0.317477
   -1.76373
    1.82669
-0.00297011
  -0.928574
   -1.98614
    1.42493
  -0.317477
   -1.76374
    1.82669
-0.00298251
  -0.928574
   -1.98613
    1.42493
  -0.317477
   -1.76375
    1.82669
-0.00299618
  -0.928574
   -1.98613
    1.42493
  -0.317477
   -1.76376
    1.82669
-0.00300924
  -0.928574
   -1.98612
    1.42493
  -0.317477
   -1.76377
    1.82669
-0.00302074
  -0.928574
   -1.98612
    1.42493
  -0.317476
   -1.76378
    1.82669
-0.00303075
  -0.928574
   -1.98611
    1.42493
  -0.317476
   -1.76379
    1.82669
-0.00303872
  -0.928574
   -1.98611
    1.42493
  -0.317476
    -1.7638
    1.82669
-0.00304393
  -0.928574
   -1.98611
    1.42493
  -0.317476
    -1.7638
    1.82669
-0.00304717
  -0.928574
    -1.9861
    1.42493
  -0.317476
   -1.76381
    1.82669
-0.00304939
  -0.928574
    -1.9861
    1.42493
  -0.317475
   -1.76381
    1.82669
-0.00305184
  -0.928574
    -1.9861
    1.42493
  -0.317475
   -1.76382
    1.82669
-0.00305532
  -0.928574
    -1.9861
    1.42493
  -0.317475
   -1.76382
    1.82669
-0.00306017
  -0.928574
   -1.98609
    1.42493
  -0.317475
  -1.76383
   1.82669
-0.0030664
 -0.928574
  -1.98609
   1.42493
 -0.317475
   -1.76384
    1.82669
-0.00307395
  -0.928574
   -1.98609
    1.42493
  -0.317474
   -1.76386
    1.82669
-0.00308162
  -0.928574
   -1.98609
    1.42493
  -0.317474
   -1.76387
    1.82669
-0.00308857
  -0.928574
   -1.98609
    1.42493
  -0.317474
   -1.76388
    1.82669
-0.00309397
  -0.928574
   -1.98608
    1.42493
  -0.317474
  -1.76388
   1.82669
-0.0030975
 -0.928574
  -1.98608
   1.42493
 -0.317474
   -1.76388
    1.82669
-0.00309942
  -0.928575
   -1.98608
    1.42493
  -0.317474
   -1.76388
    1.82669
-0.00309966
  -0.928575
   -1.98608
    1.42493
  -0.317474
   -1.76387
    1.82669
-0.00309942
  -0.928575
   -1.98608
    1.42493
  -0.317474
   -1.76386
    1.82669
-0.00309936
  -0.928575
   -1.98608
    1.42493
  -0.317473
  -1.76386
   1.82669
-0.0030996
 -0.928575
  -1.98608
   1.42493
 -0.317473
   -1.76385
    1.82669
-0.00309978
  -0.928575
   -1.98608
    1.42493
  -0.317473
   -1.76385
    1.82669
-0.00309978
  -0.928575
   -1.98608
    1.42493
  -0.317473
   -1.76385
    1.82669
-0.00310008
  -0.928575
   -1.98608
    1.42493
  -0.317473
  -1.76385
   1.82669
-0.0031017
 -0.928575
  -1.98608
   1.42493
 -0.317473
   -1.76385
    1.82669
-0.00310439
  -0.928575
   -1.98608
    1.42493
  -0.317473
   -1.76385
    1.82669
-0.00310661
  -0.928575
   -1.98607
    1.42493
  -0.317473
   -1.76385
    1.82669
-0.00310889
  -0.928575
   -1.98607
    1.42493
  -0.317473
  -1.76385
   1.82669
-0.0031123
 -0.928575
  -1.98607
   1.42493
 -0.317473
   -1.76385
    1.82669
-0.00311554
  -0.928576
   -1.98607
    1.42493
  -0.317473
   -1.76385
    1.82669
-0.00311788
  -0.928576
   -1.98607
    1.42493
  -0.317473
   -1.76385
    1.82669
-0.00311967
  -0.928576
   -1.98607
    1.42493
  -0.317473
   -1.76385
    1.82669
-0.00312093
  -0.928576
   -1.98607
    1.42493
  -0.317473
   -1.76385
    1.82669
-0.00312099
  -0.928576
   -1.98607
    1.42493
  -0.317473
   -1.76385
    1.82669
-0.00312069
  -0.928575
   -1.98607
    1.42493
  -0.317473
   -1.76385
    1.82669
-0.00312039
  -0.928575
   -1.98607
    1.42493
  -0.317472
   -1.76385
    1.82669
-0.00311997
  -0.928575
   -1.98607
    1.42493
  -0.317472
   -1.76385
    1.82669
-0.00311907
  -0.928575
   -1.98607
    1.42493
  -0.317472
   -1.76385
    1.82669
-0.00311895
  -0.928576
   -1.98607
    1.42493
  -0.317472
   -1.76385
    1.82669
-0.00311925
  -0.928576
   -1.98607
    1.42493
  -0.317472
   -1.76385
    1.82669
-0.00311985
  -0.928576
   -1.98607
    1.42493
  -0.317472
   -1.76385
    1.82669
-0.00312045
  -0.928576
   -1.98607
    1.42493
  -0.317472
   -1.76385
    1.82669
-0.00312165
  -0.928576
   -1.98607
    1.42493
  -0.317472
   -1.76385
    1.82669
-0.00312261
  -0.928576
   -1.98607
    1.42493
  -0.317472
   -1.76385
    1.82669
-0.00312369
  -0.928576
   -1.98607
    1.42493
  -0.317472
   -1.76385
    1.82669
-0.00312453
  -0.928576
   -1.98607
    1.42493
  -0.317472
   -1.76385
    1.82669
-0.00312513
  -0.928576
   -1.98607
    1.42493
  -0.317472
   -1.76385
    1.82669
-0.00312531
  -0.928576
   -1.98606
    1.42493
  -0.317472
   -1.76385
    1.82669
-0.00312537
  -0.928576
   -1.98606
    1.42493
  -0.317472
   -1.76385
    1.82669
-0.00312537
  -0.928576
   -1.98606
    1.42493
  -0.317472
   -1.76385
    1.82669
-0.00312549
  -0.928576
   -1.98606
    1.42493
  -0.317471
   -1.76385
    1.82669
-0.00312561
  -0.928576
   -1.98606
    1.42493
  -0.317471
   -1.76385
    1.82669
-0.00312561
  -0.928576
   -1.98606
    1.42493
  -0.317471
   -1.76385
    1.82669
-0.00312585
  -0.928576
   -1.98606
    1.42493
  -0.317471
   -1.76385
    1.82669
-0.00312597
  -0.928576
   -1.98606
    1.42493
  -0.317471
   -1.76385
    1.82669
-0.00312597
  -0.928576
   -1.98606
    1.42493
  -0.317471
   -1.76385
    1.82669
-0.00312597
  -0.928576
   -1.98606
    1.42493
  -0.317471
   -1.76385
    1.82669
-0.00312579
  -0.928576
   -1.98606
    1.42493
  -0.317471
   -1.76385
    1.82669
-0.00312537
  -0.928576
   -1.98606
    1.42493
  -0.317471
   -1.76385
    1.82669
-0.00312525
  -0.928576
   -1.98606
    1.42493
  -0.317471
   -1.76385
    1.82669
-0.00312513
  -0.928576
   -1.98606
    1.42493
  -0.317471
   -1.76385
    1.82669
-0.00312513
  -0.928576
   -1.98606
    1.42493
  -0.317471
   -1.76385
    1.82669
-0.00312537
  -0.928576
   -1.98606
    1.42493
  -0.317471
   -1.76385
    1.82669
-0.00312579
  -0.928576
   -1.98606
    1.42493
  -0.317471
   -1.76385
    1.82669
-0.00312638
  -0.928576
   -1.98606
    1.42493
  -0.317471
   -1.76385
    1.82669
-0.00312704
  -0.928576
   -1.98606
    1.42493
  -0.317471
   -1.76385
    1.82669
-0.00312782
  -0.928576
   -1.98606
    1.42493
  -0.317471
  -1.76385
   1.82669
-0.0031289
 -0.928576
  -1.98606
   1.42493
 -0.317471
   -1.76385
    1.82669
-0.00312968
  -0.928576
   -1.98606
    1.42493
  -0.317471
   -1.76385
    1.82669
-0.00313016
  -0.928576
   -1.98606
    1.42493
  -0.317471
   -1.76385
    1.82669
-0.00313022
  -0.928576
   -1.98606
    1.42493
  -0.317471
   -1.76385
    1.82669
-0.00313022
  -0.928576
   -1.98606
    1.42493
  -0.317471
   -1.76385
    1.82669
-0.00313016
  -0.928576
   -1.98606
    1.42493
  -0.317471
   -1.76385
    1.82669
-0.00312992
  -0.928576
   -1.98606
    1.42493
  -0.317471
   -1.76385
    1.82669
-0.00312962
  -0.928576
   -1.98606
    1.42493
  -0.317471
   -1.76385
    1.82669
-0.00312962
  -0.928576
   -1.98606
    1.42493
  -0.317471
   -1.76385
    1.82669
-0.00312944
  -0.928576
   -1.98606
    1.42493
  -0.317471
   -1.76385
    1.82669
-0.00312914
  -0.928576
   -1.98606
    1.42493
  -0.317471
   -1.76385
    1.82669
-0.00312926
  -0.928576
   -1.98606
    1.42493
  -0.317471
   -1.76385
    1.82669
-0.00312944
  -0.928576
   -1.98606
    1.42493
  -0.317471
   -1.76385
    1.82669
-0.00312992
  -0.928576
   -1.98606
    1.42493
   -0.31747
   -1.76385
    1.82669
-0.00313064
  -0.928576
   -1.98606
    1.42493
   -0.31747
   -1.76385
    1.82669
-0.00313112
  -0.928576
   -1.98606
    1.42493
   -0.31747
   -1.76385
    1.82669
-0.00313178
  -0.928576
   -1.98606
    1.42493
   -0.31747
   -1.76385
    1.82669
-0.00313208
  -0.928576
   -1.98606
    1.42493
   -0.31747
   -1.76385
    1.82669
-0.00313244
  -0.928576
   -1.98606
    1.42493
   -0.31747
   -1.76385
    1.82669
-0.00313232
  -0.928576
   -1.98606
    1.42493
   -0.31747
  -1.76385
   1.82669
-0.0031322
 -0.928576
  -1.98606
   1.42493
  -0.31747
   -1.76385
    1.82669
-0.00313172
  -0.928576
   -1.98606
    1.42493
   -0.31747
   -1.76385
    1.82669
-0.00313148
  -0.928576
   -1.98606
    1.42493
   -0.31747
   -1.76385
    1.82669
-0.00313136
  -0.928576
   -1.98606
    1.42493
   -0.31747
   -1.76385
    1.82669
-0.00313148
  -0.928576
   -1.98606
    1.42493
   -0.31747
   -1.76385
    1.82669
-0.00313148
  -0.928576
   -1.98606
    1.42493
   -0.31747
   -1.76385
    1.82669
-0.00313196
  -0.928576
   -1.98606
    1.42493
   -0.31747
  -1.76385
   1.82669
-0.0031322
 -0.928576
  -1.98606
   1.42493
  -0.31747
   -1.76385
    1.82669
-0.00313256
  -0.928576
   -1.98606
    1.42493
   -0.31747
   -1.76385
    1.82669
-0.00313268
  -0.928576
   -1.98606
    1.42493
   -0.31747
  -1.76385
   1.82669
-0.0031328
 -0.928576
  -1.98606
   1.42493
  -0.31747
   -1.76385
    1.82669
-0.00313286
  -0.928576
   -1.98606
    1.42493
   -0.31747
   -1.76385
    1.82669
-0.00313292
  -0.928576
   -1.98606
    1.42493
   -0.31747
  -1.76385
   1.82669
-0.0031328
 -0.928576
  -1.98606
   1.42493
  -0.31747
  -1.76385
   1.82669
-0.0031328
 -0.928576
  -1.98606
   1.42493
  -0.31747
  -1.76385
   1.82669
-0.0031328
 -0.928576
  -1.98606
   1.42493
  -0.31747
   -1.76385
    1.82669
-0.00313256
  -0.928576
   -1.98606
    1.42493
   -0.31747
   -1.76385
    1.82669
-0.00313262
  -0.928576
   -1.98606
    1.42493
   -0.31747
   -1.76385
    1.82669
-0.00313262
  -0.928576
   -1.98606
    1.42493
   -0.31747
   -1.76385
    1.82669
-0.00313268
  -0.928576
   -1.98606
    1.42493
   -0.31747
   -1.76385
    1.82669
-0.00313268
  -0.928576
   -1.98606
    1.42493
   -0.31747
  -1.76385
   1.82669
-0.0031328
 -0.928576
  -1.98606
   1.42493
  -0.31747
   -1.76385
    1.82669
-0.00313286
  -0.928576
   -1.98606
    1.42493
   -0.31747
  -1.76385
   1.82669
-0.0031328
 -0.928576
  -1.98606
   1.42493
  -0.31747
  -1.76385
   1.82669
-0.0031328
 -0.928576
  -1.98606
   1.42493
  -0.31747
   -1.76385
    1.82669
-0.00313298
  -0.928576
   -1.98606
    1.42493
   -0.31747
  -1.76385
   1.82669
-0.0031331
 -0.928576
  -1.98606
   1.42493
  -0.31747
   -1.76385
    1.82669
-0.00313304
  -0.928576
   -1.98606
    1.42493
   -0.31747
  -1.76385
   1.82669
-0.0031331
 -0.928576
  -1.98606
   1.42493
  -0.31747
   -1.76385
    1.82669
-0.00313298
  -0.928576
   -1.98606
    1.42493
   -0.31747
  -1.76385
   1.82669
-0.0031331
 -0.928576
  -1.98606
   1.42493
  -0.31747
  -1.76385
   1.82669
-0.0031331
 -0.928576
  -1.98606
   1.42493
 -0.317469
   -1.76385
    1.82669
-0.00313322
  -0.928577
   -1.98606
    1.42493
  -0.317469
   -1.76385
    1.82669
-0.00313322
  -0.928577
   -1.98606
    1.42493
  -0.317469
   -1.76385
    1.82669
-0.00313322
  -0.928576
   -1.98605
    1.42493
  -0.317469
   -1.76385
    1.82669
-0.00313322
  -0.928577
   -1.98606
    1.42493
  -0.317469
   -1.76385
    1.82669
-0.00313334
  -0.928577
   -1.98605
    1.42493
  -0.317469
   -1.76385
    1.82669
-0.00313328
  -0.928577
   -1.98605
    1.42493
  -0.317469
   -1.76385
    1.82669
-0.00313322
  -0.928577
   -1.98605
    1.42493
  -0.317469
  -1.76385
   1.82669
-0.0031331
 -0.928577
  -1.98605
   1.42493
 -0.317469
   -1.76385
    1.82669
-0.00313298
  -0.928577
   -1.98605
    1.42493
  -0.317469
   -1.76385
    1.82669
-0.00313286
  -0.928576
   -1.98605
    1.42493
  -0.317469
  -1.76385
   1.82669
-0.0031328
 -0.928577
  -1.98605
   1.42493
 -0.317469
  -1.76385
   1.82669
-0.0031328
 -0.928576
  -1.98605
   1.42493
 -0.317469
  -1.76385
   1.82669
-0.0031328
 -0.928576
  -1.98605
   1.42493
 -0.317469
  -1.76385
   1.82669
-0.0031331
 -0.928577
  -1.98605
   1.42493
 -0.317469
   -1.76385
    1.82669
-0.00313334
  -0.928577
   -1.98605
    1.42493
  -0.317469
   -1.76385
    1.82669
-0.00313375
  -0.928576
   -1.98605
    1.42493
  -0.317469
   -1.76385
    1.82669
-0.00313417
  -0.928577
   -1.98605
    1.42493
  -0.317469
   -1.76385
    1.82669
-0.00313453
  -0.928577
   -1.98605
    1.42493
  -0.317469
   -1.76385
    1.82669
-0.00313477
  -0.928577
   -1.98605
    1.42493
  -0.317469
   -1.76385
    1.82669
-0.00313501
  -0.928577
   -1.98605
    1.42493
  -0.317469
   -1.76385
    1.82669
-0.00313489
  -0.928577
   -1.98605
    1.42493
  -0.317469
   -1.76385
    1.82669
-0.00313477
  -0.928577
   -1.98605
    1.42493
  -0.317469
   -1.76385
    1.82669
-0.00313447
  -0.928577
   -1.98605
    1.42493
  -0.317469
   -1.76385
    1.82669
-0.00313417
  -0.928577
   -1.98605
    1.42493
  -0.317469
   -1.76385
    1.82669
-0.00313399
  -0.928577
   -1.98605
    1.42493
  -0.317469
   -1.76385
    1.82669
-0.00313399
  -0.928577
   -1.98605
    1.42493
  -0.317469
   -1.76385
    1.82669
-0.00313393
  -0.928577
   -1.98605
    1.42493
  -0.317469
   -1.76385
    1.82669
-0.00313411
  -0.928577
   -1.98605
    1.42493
  -0.317469
   -1.76385
    1.82669
-0.00313435
  -0.928577
   -1.98605
    1.42493
  -0.317469
   -1.76385
    1.82669
-0.00313471
  -0.928577
   -1.98605
    1.42493
  -0.317469
   -1.76385
    1.82669
-0.00313489
  -0.928577
   -1.98605
    1.42493
  -0.317469
   -1.76385
    1.82669
-0.00313501
  -0.928577
   -1.98605
    1.42493
  -0.317469
   -1.76385
    1.82669
-0.00313513
  -0.928577
   -1.98605
    1.42493
  -0.317469
   -1.76385
    1.82669
-0.00313537
  -0.928577
   -1.98605
    1.42493
  -0.317469
   -1.76385
    1.82669
-0.00313537
  -0.928577
   -1.98605
    1.42493
  -0.317469
   -1.76385
    1.82669
-0.00313543
  -0.928577
   -1.98605
    1.42493
  -0.317469
   -1.76385
    1.82669
-0.00313531
  -0.928577
   -1.98605
    1.42493
  -0.317469
   -1.76385
    1.82669
-0.00313513
  -0.928577
   -1.98605
    1.42493
  -0.317469
   -1.76385
    1.82669
-0.00313501
  -0.928577
   -1.98605
    1.42493
  -0.317469
   -1.76385
    1.82669
-0.00313477
  -0.928577
   -1.98605
    1.42493
  -0.317469
   -1.76385
    1.82669
-0.00313489
  -0.928577
   -1.98605
    1.42493
  -0.317469
   -1.76385
    1.82669
-0.00313489
  -0.928577
   -1.98605
    1.42493
  -0.317469
   -1.76385
    1.82669
-0.00313501
  -0.928577
   -1.98605
    1.42493
  -0.317469
   -1.76385
    1.82669
-0.00313501
  -0.928577
   -1.98605
    1.42493
  -0.317469
   -1.76385
    1.82669
-0.00313513
  -0.928577
   -1.98605
    1.42493
  -0.317469
   -1.76385
    1.82669
-0.00313537
  -0.928577
   -1.98605
    1.42493
  -0.317469
   -1.76385
    1.82669
-0.00313519
  -0.928577
   -1.98605
    1.42493
  -0.317469
   -1.76385
    1.82669
-0.00313537
  -0.928577
   -1.98605
    1.42493
  -0.317469
   -1.76385
    1.82669
-0.00313543
  -0.928577
   -1.98605
    1.42493
  -0.317469
   -1.76385
    1.82669
-0.00313537
  -0.928577
   -1.98605
    1.42493
  -0.317468
   -1.76385
    1.82669
-0.00313519
  -0.928577
   -1.98605
    1.42493
  -0.317469
   -1.76385
    1.82669
-0.00313531
  -0.928577
   -1.98605
    1.42493
  -0.317469
   -1.76385
    1.82669
-0.00313519
  -0.928577
   -1.98605
    1.42493
  -0.317469
   -1.76385
    1.82669
-0.00313531
  -0.928577
   -1.98605
    1.42493
  -0.317468
   -1.76385
    1.82669
-0.00313531
  -0.928577
   -1.98605
    1.42493
  -0.317469
   -1.76385
    1.82669
-0.00313537
  -0.928577
   -1.98605
    1.42493
  -0.317469
   -1.76385
    1.82669
-0.00313537
  -0.928577
   -1.98605
    1.42493
  -0.317468
   -1.76385
    1.82669
-0.00313543
  -0.928577
   -1.98605
    1.42493
  -0.317468
   -1.76385
    1.82669
-0.00313537
  -0.928577
   -1.98605
    1.42493
  -0.317468
   -1.76385
    1.82669
-0.00313537
  -0.928577
   -1.98605
    1.42493
  -0.317468
   -1.76385
    1.82669
-0.00313537
  -0.928577
   -1.98605
    1.42493
  -0.317468
   -1.76385
    1.82669
-0.00313537
  -0.928577
   -1.98605
    1.42493
  -0.317468
   -1.76385
    1.82669
-0.00313519
  -0.928577
   -1.98605
    1.42493
  -0.317468
   -1.76385
    1.82669
-0.00313531
  -0.928577
   -1.98605
    1.42493
  -0.317468
   -1.76385
    1.82669
-0.00313519
  -0.928577
   -1.98605
    1.42493
  -0.317468
   -1.76385
    1.82669
-0.00313531
  -0.928577
   -1.98605
    1.42493
  -0.317468
   -1.76385
    1.82669
-0.00313543
  -0.928577
   -1.98605
    1.42493
  -0.317468
   -1.76385
    1.82669
-0.00313543
  -0.928577
   -1.98605
    1.42493
  -0.317468
   -1.76385
    1.82669
-0.00313543
  -0.928577
   -1.98605
    1.42493
  -0.317468
   -1.76385
    1.82669
-0.00313543
  -0.928577
   -1.98605
    1.42493
  -0.317468
   -1.76385
    1.82669
-0.00313549
  -0.928577
   -1.98605
    1.42493
  -0.317468
   -1.76385
    1.82669
-0.00313543
  -0.928577
   -1.98605
    1.42493
  -0.317468
   -1.76385
    1.82669
-0.00313555
  -0.928577
   -1.98605
    1.42493
  -0.317468
   -1.76385
    1.82669
-0.00313555
  -0.928577
   -1.98605
    1.42493
  -0.317468
   -1.76385
    1.82669
-0.00313567
  -0.928577
   -1.98605
    1.42493
  -0.317468
   -1.76385
    1.82669
-0.00313543
  -0.928577
   -1.98605
    1.42493
  -0.317468
