 -0.172288
-0.0310573
 0.0191341
0.00784972
-0.0338189
-0.0395869
 -0.145165
-0.0871012
 0.0700533
0.00426868
-0.0324268
-0.0395851
 -0.150768
-0.0331504
  0.027892
 0.0107639
-0.0317748
-0.0437004
 -0.125321
-0.0516062
 0.0375978
 0.0123444
 -0.029039
-0.0284671
 -0.122149
-0.0706565
  0.069431
 0.0120526
 -0.037242
-0.0322441
 -0.161236
-0.0577952
  0.046845
0.00252161
 -0.044756
-0.0406543
 -0.169346
-0.0598625
 0.0223818
0.00914744
-0.0445263
-0.0394181
 -0.162696
 -0.070392
 0.0183221
0.00792057
-0.0393968
-0.0359085
 -0.210586
-0.0327267
 0.0563573
0.00972318
-0.0410546
  -0.03292
 -0.195174
-0.0725999
 0.0279649
0.00955182
-0.0364592
-0.0130411
 -0.235779
-0.0481997
 0.0638726
0.00625805
-0.0478548
-0.0326536
 -0.235919
 -0.046814
 0.0513081
 0.0222235
-0.0419598
-0.0385625
  -0.237343
 -0.0964868
  0.0214043
0.000792381
 -0.0415699
 -0.0162266
 -0.265346
-0.0114093
 0.0775379
0.00517312
-0.0540224
-0.0262003
 -0.247635
 -0.108135
 0.0773337
0.00857339
-0.0442151
-0.0302372
 -0.265441
 -0.022019
 0.0366343
0.00617332
-0.0302297
-0.0252394
 -0.284595
-0.0392342
 0.0106079
 0.0070293
-0.0396475
-0.0269758
  -0.26407
 -0.116389
 0.0710849
   0.01866
-0.0299747
-0.0232162
 -0.322631
-0.0923711
 0.0504156
0.00235462
-0.0439252
-0.0422288
 -0.349671
 -0.115529
 0.0637262
 0.0169308
-0.0593038
-0.0317496
 -0.410726
 -0.154319
 0.0474253
 0.0197186
-0.0386847
-0.0378233
 -0.499261
 -0.125042
 0.0382937
 0.0113408
-0.0466191
-0.0310366
 -0.620188
 -0.187369
  0.064519
 0.0190773
-0.0601358
-0.0305124
 -0.789695
 -0.134147
 0.0367798
0.00645716
-0.0708627
 -0.042958
 -0.984564
 -0.301236
 0.0393689
 0.0212105
-0.0579306
-0.0225525
  -1.17512
 -0.266009
 0.0776366
   0.02473
 -0.084918
-0.0118309
   -1.34815
  -0.295425
-0.00283307
 0.00594025
 -0.0737736
  -0.021332
  -1.34813
 -0.371982
 0.0728138
 0.0230618
-0.0805911
-0.0311102
   -1.29774
  -0.290871
  0.0825088
  0.0131762
 -0.0767851
-0.00443342
  -1.28008
  -0.24827
 0.0323933
  0.010996
-0.0730923
-0.0368539
   -1.28544
  -0.321267
  0.0143542
 0.00980767
 -0.0790861
-0.00942255
  -1.34216
 -0.271487
 0.0741353
 0.0091426
-0.0851943
-0.0235255
  -1.33434
 -0.300577
  0.107617
 0.0112624
-0.0913343
-0.0167051
  -1.28693
 -0.339637
 0.0160458
 0.0128524
-0.0745924
-0.0249356
   -1.3248
 -0.279071
0.00874095
 0.0131845
-0.0728666
-0.0262218
  -1.34614
 -0.375602
  0.122627
  0.028998
-0.0868373
-0.0262325
   -1.36599
  -0.287567
  0.0255085
  0.0221165
 -0.0985454
-0.00467975
  -1.34569
 -0.280665
-0.0094836
  0.010978
-0.0816237
-0.0117397
  -1.37417
 -0.344655
 0.0676358
0.00327922
-0.0837567
-0.0146014
  -1.43211
 -0.301359
  0.064983
 0.0244623
-0.0953358
-0.0306276
  -1.43587
  -0.26752
  0.101153
 0.0160428
 -0.105727
-0.0204535
  -1.40785
 -0.376237
 0.0544616
 0.0143767
-0.0884899
-0.0267719
  -1.42352
 -0.314249
 0.0289811
  0.024971
  -0.10495
-0.0284679
   -1.4441
 -0.313071
 0.0744055
 0.0100432
 -0.115853
-0.0112437
   -1.4816
 -0.384259
 0.0963709
 0.0211089
 -0.101677
-0.0440147
  -1.48943
 -0.340237
 0.0551904
 0.0141306
 -0.102105
-0.0179835
 -1.52667
-0.306164
0.0531462
0.0252302
-0.102991
-0.015919
  -1.54013
 -0.441159
  0.102271
 0.0196352
 -0.105318
-0.0361552
  -1.63007
 -0.325816
 0.0397228
 0.0161975
  -0.10078
-0.0325445
  -1.64705
   -0.3738
 0.0425907
 0.0260342
 -0.108381
-0.0298858
 -1.69463
-0.377693
 0.010531
0.0156938
-0.111009
-0.049293
  -1.71243
 -0.420926
 0.0515489
0.00988747
 -0.116632
-0.0279878
  -1.70211
 -0.381437
  0.109948
 0.0167667
 -0.113269
-0.0324448
  -1.74094
 -0.355821
 0.0471183
 0.0137581
 -0.112698
-0.0193886
  -1.74378
 -0.464687
 0.0961814
 0.0318963
 -0.119465
-0.0310899
  -1.76811
 -0.389038
  0.042585
0.00945903
  -0.10937
 -0.033787
  -1.75161
 -0.387691
 0.0504985
  0.016922
 -0.112035
-0.0149525
  -1.78026
 -0.420557
 0.0691372
 0.0206734
 -0.103295
-0.0282188
  -1.79619
 -0.408759
 0.0545814
 0.0134506
 -0.110441
-0.0128422
  -1.81436
  -0.31073
 0.0422246
  0.010909
 -0.106245
-0.0262585
  -1.78961
 -0.403454
 0.0333137
0.00865982
-0.0959543
-0.0195922
  -1.78895
 -0.422482
 0.0265927
 0.0128457
-0.0901756
-0.0444654
  -1.78948
 -0.402635
 0.0405939
 0.0160319
-0.0981704
-0.0287117
   -1.79873
  -0.373821
  0.0493562
  0.0132761
  -0.109234
-0.00500711
  -1.79196
 -0.400641
 0.0452386
 0.0173379
 -0.109911
-0.0387236
  -1.81262
 -0.453777
 0.0147598
 0.0171888
 -0.101969
-0.0344728
    -1.8321
  -0.401531
   0.109551
  0.0203681
  -0.122699
-0.00285816
  -1.88455
 -0.420487
 0.0400442
 0.0241377
 -0.107939
-0.0228731
 -1.89857
-0.414567
0.0321309
0.0266448
-0.116321
-0.033768
  -1.90906
 -0.405149
 0.0510685
 0.0243298
 -0.136003
-0.0214971
  -1.94843
 -0.424516
  0.110733
 0.0317231
 -0.128203
-0.0292406
  -1.93523
 -0.415094
   0.06267
 0.0267642
 -0.127662
-0.0330072
  -1.92279
 -0.490344
-0.0189999
 0.0145516
 -0.125525
-0.0262045
   -1.9468
 -0.409971
 0.0843186
 0.0219577
 -0.154343
-0.0178511
  -1.95511
 -0.464495
  0.115839
 0.0306188
 -0.140094
-0.0376388
  -1.95462
 -0.404664
 0.0559217
 0.0252342
 -0.136394
-0.0387209
  -1.96954
 -0.478504
-0.0312309
 0.0173158
 -0.136173
-0.0276308
 -1.97856
-0.450208
0.0593122
0.0304217
-0.140845
-0.018132
  -1.98779
 -0.444692
 0.0857728
  0.027949
 -0.156749
-0.0312812
   -1.99745
  -0.384043
  0.0474979
  0.0258295
  -0.148593
-0.00462423
  -1.98509
 -0.441019
-0.0422604
 0.0289342
  -0.14579
-0.0211318
  -1.99773
 -0.473652
 0.0669698
 0.0216313
 -0.150323
-0.0289918
  -2.04725
 -0.462325
  0.118106
 0.0246368
 -0.174875
-0.0356559
  -2.05042
 -0.436712
 0.0741225
 0.0228925
 -0.167743
-0.0165886
   -2.0673
 -0.485986
 0.0499091
 0.0391054
 -0.165079
-0.0387771
  -2.05581
 -0.475328
 0.0408536
 0.0277015
 -0.154077
-0.0326885
  -2.11974
 -0.452862
 0.0427593
 0.0195729
  -0.17239
-0.0276475
  -2.14027
 -0.461332
  0.135385
 0.0293018
 -0.162988
-0.0368209
   -2.1505
 -0.461598
 0.0349927
 0.0323952
 -0.163032
-0.0418333
   -2.13251
  -0.471886
-0.00754666
  0.0227645
  -0.148013
 -0.0102778
  -2.14923
 -0.485081
 0.0283301
 0.0219057
 -0.159618
-0.0365161
  -2.15708
  -0.45156
 0.0406331
 0.0353158
 -0.167594
-0.0181778
  -2.14248
 -0.470781
  0.107617
 0.0370986
 -0.161878
-0.0373109
   -2.16104
  -0.489795
-0.00049717
  0.0295493
  -0.167534
 -0.0264197
 -2.14004
-0.478696
0.0525498
0.0210356
-0.164961
 -0.02433
  -2.17528
 -0.470952
 0.0368417
 0.0263022
 -0.158064
-0.0273868
   -2.1793
 -0.489653
 0.0185871
 0.0273516
  -0.15315
-0.0211072
  -2.21335
 -0.466458
 0.0495446
 0.0278552
 -0.157253
-0.0444133
  -2.22867
 -0.494815
 0.0687242
  0.037364
 -0.165333
-0.0291409
  -2.26693
 -0.488787
  0.109256
 0.0274427
 -0.172183
-0.0281945
  -2.23047
 -0.506844
 0.0493449
 0.0244394
 -0.157035
-0.0314585
  -2.27318
  -0.52225
 0.0112808
 0.0271401
 -0.175099
-0.0262261
  -2.29606
 -0.458105
 0.0639696
 0.0287411
 -0.152163
-0.0155895
  -2.33114
 -0.527885
 0.0453384
 0.0264316
  -0.15842
-0.0220787
   -2.37563
  -0.530901
  0.0672276
  0.0343396
  -0.180637
-0.00483724
   -2.43123
  -0.485641
  0.0314794
  0.0224054
  -0.164831
-0.00998424
  -2.43661
 -0.556709
 0.0214866
 0.0241699
 -0.163232
-0.0213761
  -2.44518
 -0.520984
 0.0337161
 0.0309166
 -0.185722
-0.0219309
  -2.49091
 -0.513699
 0.0174407
  0.026141
 -0.171157
-0.0126514
   -2.5172
 -0.539546
 0.0486076
  0.020157
 -0.176574
-0.0229127
  -2.53527
 -0.584674
 0.0254984
  0.039335
 -0.189435
-0.0150413
  -2.56179
 -0.590435
 0.0926787
 0.0282436
 -0.195809
-0.0177744
  -2.58919
 -0.549475
 0.0480714
 0.0377992
 -0.192365
-0.0115477
  -2.61407
 -0.597353
 0.0717704
 0.0376743
 -0.186628
-0.0369219
  -2.68273
 -0.615744
 0.0620557
 0.0279802
 -0.206953
-0.0289717
  -2.68127
 -0.606677
 0.0336364
 0.0297687
 -0.194336
-0.0307641
   -2.6872
 -0.599234
 0.0264056
 0.0361999
 -0.196895
-0.0467861
  -2.75086
 -0.589712
-0.0197232
 0.0284362
 -0.187308
-0.0278473
   -2.8233
  -0.59994
  0.067934
 0.0367076
 -0.222424
-0.0341689
  -2.89223
 -0.645666
  0.100368
 0.0355896
 -0.212418
-0.0217562
   -2.9244
 -0.597598
 0.0195547
 0.0386562
 -0.219449
-0.0298466
  -2.95894
 -0.661919
0.00537071
 0.0256768
  -0.22947
-0.0360039
  -3.02838
  -0.68834
 0.0300649
 0.0370522
 -0.235876
-0.0457292
  -3.07624
 -0.663975
  0.109959
 0.0439527
 -0.250907
-0.0461379
  -3.10815
 -0.701318
 0.0325394
 0.0390065
 -0.246066
-0.0396023
  -3.12462
 -0.703282
 0.0138487
 0.0417455
 -0.246864
-0.0328906
  -3.17961
 -0.715765
 0.0191523
 0.0371753
 -0.252304
-0.0435289
  -3.20483
 -0.700541
 0.0778943
 0.0433955
 -0.246499
-0.0299695
  -3.23908
 -0.704335
 0.0883746
 0.0443933
 -0.270699
-0.0319011
 -3.28605
-0.738004
0.0390037
0.0327161
-0.274942
-0.025231
 -3.31445
-0.754441
0.0540614
 0.050306
-0.274809
-0.025857
  -3.40687
 -0.767773
  0.054022
 0.0339585
 -0.268735
-0.0347613
  -3.45676
 -0.757987
 0.0516282
 0.0495071
  -0.27965
-0.0352694
  -3.46282
 -0.766043
  0.064208
 0.0449096
 -0.267691
-0.0347619
  -3.53398
 -0.785696
0.00379824
 0.0399502
 -0.267772
-0.0435014
  -3.57395
  -0.80571
 0.0474709
 0.0394129
 -0.281606
-0.0246085
 -3.65001
-0.807665
0.0331516
0.0585401
-0.280375
-0.036498
  -3.65884
 -0.771542
 0.0459011
 0.0566218
 -0.284069
-0.0122842
 -3.72604
-0.828208
0.0350476
0.0532675
-0.290016
-0.022928
  -3.79289
 -0.804313
0.00921637
  0.043349
 -0.292395
-0.0205406
  -3.86505
 -0.844326
 0.0430328
 0.0542635
 -0.302884
-0.0275261
   -3.90384
  -0.854814
  0.0574889
   0.051974
  -0.312623
-0.00980829
  -3.97319
  -0.87604
 0.0554364
 0.0581649
 -0.318039
-0.0156478
   -4.0343
  -0.92219
  0.064209
 0.0542446
 -0.324786
-0.0253323
    -4.0799
  -0.906562
  0.0443161
  0.0636107
  -0.319867
-0.00487436
   -4.13665
  -0.912008
  0.0485006
  0.0604518
  -0.324308
-0.00292185
  -4.21881
  -0.92402
 0.0574403
 0.0505662
 -0.334513
-0.0122856
 -4.34483
-0.959351
 0.054885
0.0585034
-0.346173
-0.019845
  -4.41798
  -1.01863
 0.0289307
 0.0569718
 -0.355748
-0.0139405
  -4.48498
  -1.02204
 0.0564862
 0.0583559
 -0.357341
-0.0157543
  -4.56326
  -1.01797
 0.0221247
 0.0675099
 -0.365273
-0.0275702
  -4.64345
  -1.04181
  0.082173
 0.0635657
 -0.374651
-0.0112134
    -4.734
  -1.05411
 0.0736253
 0.0645844
 -0.378146
0.00377292
  -4.82702
  -1.10169
 0.0230213
 0.0618985
 -0.380485
-0.0180975
   -4.91979
   -1.09642
  0.0169465
  0.0658539
  -0.396477
-0.00815162
  -4.98832
  -1.11805
 0.0657736
 0.0625249
 -0.408228
0.00855889
 -5.07897
 -1.14443
0.0562646
0.0840577
-0.408691
0.0029444
  -5.18788
  -1.16716
 0.0534992
 0.0700211
 -0.420705
-0.0052653
  -5.26887
  -1.18518
 0.0426252
 0.0681169
 -0.430357
0.00850927
  -5.35838
  -1.21568
  0.050761
 0.0808298
  -0.43772
0.00248885
   -5.47843
   -1.24121
  0.0558884
  0.0852851
  -0.448933
-0.00641281
   -5.55656
   -1.22562
    0.07957
   0.087552
  -0.469697
-0.00411013
   -5.65562
   -1.29878
  0.0461819
  0.0722675
  -0.461449
-0.00864753
 -5.75877
 -1.29259
0.0559894
0.0774177
-0.487289
0.0207718
  -5.86778
   -1.3489
 0.0203245
 0.0816435
 -0.482652
0.00236852
 -5.94413
 -1.34986
0.0324532
0.0806585
-0.482224
0.0218126
 -6.07174
 -1.37571
0.0690196
0.0865232
-0.501934
0.0100285
  -6.16677
  -1.41417
 0.0309882
  0.088807
 -0.513076
0.00360553
  -6.2354
 -1.40432
0.0483193
0.0862807
-0.512991
0.0361508
 -6.30133
 -1.44821
0.0400729
0.0991892
-0.538532
0.0271763
 -6.41359
 -1.47945
0.0621383
0.0944114
-0.543568
0.0273887
  -6.5275
 -1.47674
0.0154295
0.0870427
-0.547706
 0.035867
 -6.63941
 -1.53827
0.0846361
0.0961318
-0.572145
0.0405418
 -6.75909
 -1.51851
0.0546502
0.0933099
 -0.57385
0.0428288
 -6.85724
  -1.5928
0.0252864
 0.104185
-0.573371
0.0352339
 -6.98696
  -1.6301
0.0376035
 0.102116
-0.597279
0.0359682
 -7.13378
 -1.63024
0.0499946
 0.110112
-0.597147
0.0481875
 -7.26239
 -1.69137
0.0368538
 0.105501
-0.618341
0.0572887
 -7.39485
 -1.68296
0.0588601
 0.102692
 -0.63588
 0.055969
 -7.52587
 -1.75037
0.0284201
 0.111706
-0.636076
0.0465326
 -7.61558
 -1.78205
0.0271881
 0.116144
-0.635615
0.0747469
  -7.7592
 -1.78769
0.0327989
 0.122401
-0.651956
0.0667735
 -7.88994
 -1.83691
0.0548119
 0.121833
-0.682178
0.0709811
  -8.0484
 -1.86262
0.0181999
 0.119536
-0.690481
0.0826934
 -8.20393
 -1.90085
0.0676777
 0.119515
-0.701109
0.0859454
 -8.36163
  -1.9628
0.0194777
 0.128884
-0.709197
0.0789057
 -8.55322
 -1.99194
0.0546363
 0.124124
-0.740091
0.0991804
 -8.67437
 -2.02544
0.0180784
 0.126888
-0.743446
 0.116223
 -8.84867
 -2.06329
0.0655508
 0.131453
-0.764312
 0.119995
 -9.01114
 -2.10645
0.0171052
 0.138899
  -0.7817
 0.113487
 -9.20286
 -2.15875
0.0516924
 0.138748
-0.786173
 0.112843
 -9.41332
 -2.22544
0.0179916
 0.144631
-0.808488
 0.134942
 -9.57308
 -2.24084
0.0340762
  0.14917
-0.834281
 0.126431
 -9.71477
 -2.29045
0.0106852
 0.155311
-0.838664
 0.140126
 -9.89027
 -2.32611
0.0462212
 0.144118
-0.857305
 0.155074
 -10.0347
 -2.36417
0.0166619
 0.162495
-0.864531
 0.161139
 -10.1869
 -2.42084
0.0257675
 0.146813
-0.870112
 0.173729
 -10.3642
 -2.43411
0.0156691
 0.157123
-0.896133
 0.176661
  -10.517
   -2.511
0.0312176
 0.163387
-0.898342
 0.183667
 -10.7193
 -2.54818
0.0403179
  0.16734
-0.926183
  0.19121
    -10.8687
     -2.5598
-0.000735639
    0.179649
   -0.940508
    0.224788
 -11.0395
 -2.64448
0.0549807
 0.182944
-0.956859
  0.22178
 -11.2711
 -2.67871
0.0043642
 0.172197
-0.985972
 0.212507
 -11.4326
 -2.74537
0.0219832
 0.177931
-0.985819
 0.218142
-11.6805
-2.79807
0.041611
 0.18944
-1.01684
0.227772
 -11.9147
 -2.85661
0.0518332
 0.201144
 -1.04209
 0.251778
 -12.0871
 -2.87632
0.0137366
 0.198452
 -1.04159
 0.263223
  -12.2882
  -2.93704
0.00648554
   0.19205
  -1.04971
  0.259773
  -12.5057
  -3.03348
-0.0242621
  0.198619
  -1.07341
  0.284698
 -12.6952
 -3.03456
0.0191456
 0.215255
 -1.09466
 0.300778
   -12.9323
   -3.10253
-0.00540052
   0.214242
    -1.1289
   0.302422
 -13.1408
 -3.15543
0.0304758
 0.214208
 -1.16415
 0.329788
  -13.348
 -3.23423
-0.011223
 0.224481
 -1.16557
 0.317999
   -13.5691
   -3.27179
-0.00637931
   0.224584
   -1.18031
   0.343564
  -13.8139
  -3.33255
-0.0206122
  0.221916
   -1.1966
  0.357656
  -14.0316
  -3.39425
-0.0455129
  0.228342
  -1.22785
  0.366966
  -14.2636
  -3.46672
0.00292534
  0.241447
  -1.26522
  0.353059
  -14.4929
  -3.48876
0.00156395
  0.243543
  -1.30335
  0.378901
  -14.7364
  -3.56423
-0.0325101
  0.244969
  -1.31766
  0.370931
  -15.0024
  -3.62909
-0.0247135
  0.255163
  -1.35622
   0.38771
  -15.2528
  -3.70089
-0.0385222
  0.248735
  -1.36235
   0.40175
  -15.5828
    -3.824
-0.0256032
  0.275557
  -1.40849
  0.412438
  -15.9087
   -3.8195
-0.0572643
  0.261774
  -1.42277
   0.42446
   -16.177
  -3.95252
-0.0773673
  0.275864
  -1.45454
  0.436094
  -16.4464
  -3.99378
-0.0538577
   0.28225
  -1.46856
  0.455406
  -16.6706
  -4.02045
-0.0671995
  0.285059
  -1.49847
  0.464955
  -16.8701
  -4.09308
-0.0545553
  0.295431
  -1.51597
  0.491776
  -17.1536
  -4.19146
-0.0696729
   0.28461
  -1.53515
   0.49328
   -17.413
  -4.23254
-0.0673188
  0.289327
  -1.52367
  0.523013
  -17.7329
  -4.33162
-0.0662937
  0.292517
  -1.55176
  0.515972
  -18.0058
  -4.37835
-0.0684018
  0.299076
  -1.57903
  0.552914
  -18.2471
  -4.45154
-0.0613366
  0.300717
  -1.60298
  0.573193
  -18.4793
  -4.51124
-0.0718792
  0.308495
  -1.61859
  0.567106
   -18.628
  -4.54653
-0.0662438
  0.307628
  -1.61137
  0.562849
  -18.7893
  -4.60417
-0.0349755
  0.317412
  -1.62893
  0.576651
 -18.8902
 -4.58529
-0.072048
 0.315768
  -1.6129
 0.591781
  -18.8449
   -4.5764
-0.0847965
  0.310003
  -1.60183
  0.560508
  -18.7619
  -4.54922
-0.0641868
   0.30467
  -1.58923
  0.535658
  -18.6061
  -4.46307
-0.0263712
  0.291721
  -1.56804
  0.521765
  -18.3494
  -4.42023
-0.0479214
  0.286887
    -1.543
  0.492367
  -18.1239
  -4.33298
-0.0501421
  0.283831
  -1.51873
  0.472852
  -17.8886
  -4.25954
-0.0461662
  0.281431
  -1.49218
  0.461347
  -17.6823
  -4.20091
-0.0106786
  0.267383
  -1.46185
  0.414806
  -17.3781
  -4.07241
-0.0273277
  0.260535
  -1.43186
  0.371344
  -16.9995
  -3.97418
-0.0267092
  0.259787
  -1.38319
  0.337599
 -16.6431
 -3.89276
0.0128539
 0.249566
 -1.36186
 0.293001
 -16.2659
 -3.73576
0.0456611
  0.24377
 -1.30953
 0.262129
   -15.7643
   -3.60289
-0.00235212
   0.234467
   -1.25837
   0.219053
   -15.3558
   -3.49177
-0.00419839
   0.223343
   -1.20674
   0.169811
  -15.1372
  -3.40899
0.00374614
  0.211208
  -1.15973
  0.122855
 -14.6386
 -3.26377
0.0609406
 0.203835
 -1.12108
 0.101056
 -14.0946
 -3.09288
0.0118313
 0.182557
 -1.05668
0.0495557
-13.6766
-2.99957
0.052171
0.186585
-1.01768
0.021044
   -13.1853
   -2.86673
  0.0250295
   0.165389
  -0.970204
-0.00107683
  -12.8119
   -2.7609
 0.0513094
   0.16493
  -0.90996
-0.0665179
  -12.6509
   -2.6914
 0.0459205
  0.155528
 -0.884922
-0.0628633
  -12.5116
  -2.66705
 0.0494829
  0.148036
 -0.872433
-0.0890754
  -12.375
 -2.62797
0.0905058
 0.148663
-0.856792
-0.117045
 -12.1545
 -2.49065
0.0414999
 0.148223
-0.808669
-0.126091
 -11.8659
 -2.46465
 0.062879
 0.138098
-0.774959
-0.150337
 -11.5949
 -2.42984
0.0391255
 0.134619
-0.759728
-0.158575
 -11.3243
 -2.27189
0.0591816
 0.131836
-0.716256
-0.169977
 -10.9938
 -2.25916
0.0492179
 0.122051
-0.700413
-0.180378
 -10.6901
 -2.14224
0.0738419
 0.124486
-0.668195
-0.178173
 -10.4685
 -2.11772
0.0589788
 0.112479
 -0.66027
-0.187837
 -10.2644
  -2.0663
 0.089509
 0.120569
-0.635183
-0.215992
 -10.0259
 -1.99193
0.0789595
 0.121894
-0.636849
-0.202352
  -9.8476
 -1.97507
0.0832135
 0.110139
-0.627959
-0.220759
 -9.71774
 -1.94298
 0.127387
  0.11227
-0.633693
-0.232578
 -9.60137
 -1.90479
0.0786057
 0.107069
-0.594226
 -0.25723
  -9.5037
 -1.86636
0.0544736
0.0957394
-0.580267
-0.250123
 -9.36945
 -1.87796
0.0835996
0.0956115
-0.568281
-0.246281
 -9.20808
 -1.77736
0.0650481
0.0924872
-0.550018
-0.230165
 -9.09738
 -1.76962
0.0728919
 0.107047
-0.541142
-0.231833
 -8.98931
 -1.74419
0.0879446
0.0988811
-0.529355
-0.248043
 -8.83423
 -1.71859
0.0748935
0.0932116
-0.527753
-0.242807
 -8.73108
 -1.70003
0.0753454
0.0822751
-0.513095
-0.244821
 -8.62562
 -1.66303
0.0959888
0.0839581
 -0.50636
-0.253255
 -8.54415
 -1.67198
 0.115161
0.0854302
-0.499108
-0.238828
  -8.4447
 -1.59074
0.0741024
0.0834251
 -0.47638
-0.234447
 -8.35677
  -1.6295
0.0465248
0.0782228
-0.467058
-0.243607
 -8.28194
 -1.59702
0.0322668
0.0837247
-0.462338
-0.250774
 -8.22437
 -1.55636
0.0951095
0.0877163
-0.457447
-0.233217
 -8.18341
 -1.55578
0.0720673
0.0879657
-0.454833
-0.239111
  -8.1455
 -1.55204
0.0633645
0.0700871
-0.461699
-0.252583
 -8.05067
 -1.53221
0.0656204
0.0710728
-0.454435
-0.264393
 -7.98237
  -1.5222
0.0742707
0.0749951
   -0.443
-0.241329
 -7.94122
 -1.51113
0.0889118
0.0770458
-0.458669
-0.264337
 -7.90386
 -1.52083
0.0624851
0.0778275
-0.446683
-0.284006
 -7.83634
 -1.49822
0.0984455
0.0783922
-0.452721
-0.246724
 -7.74183
 -1.46278
0.0749104
0.0739152
-0.444264
-0.261376
 -7.70635
 -1.44263
0.0279643
0.0712094
-0.443449
-0.253861
 -7.65797
 -1.46596
0.0822513
0.0714095
-0.449564
-0.259666
 -7.63291
 -1.39895
0.0755771
0.0798184
 -0.43623
-0.268447
 -7.56194
 -1.42601
 0.080899
0.0724818
-0.436993
-0.264692
 -7.52077
 -1.40996
0.0557758
0.0745008
-0.434786
-0.251849
  -7.5048
 -1.39975
0.0562414
0.0669962
-0.441648
-0.260281
 -7.47619
 -1.41163
0.0772278
0.0776437
-0.432328
-0.261761
  -7.4554
 -1.37278
0.0512286
0.0725202
-0.434409
 -0.25158
 -7.38012
 -1.41593
0.0672647
0.0695819
-0.443548
 -0.26759
 -7.35205
 -1.38465
0.0860297
0.0789674
-0.440401
-0.253103
 -7.30619
 -1.33135
0.0288782
0.0748492
-0.424564
-0.261084
 -7.23489
 -1.37529
0.0414644
0.0673239
-0.415103
-0.279673
 -7.21329
 -1.35391
0.0343777
0.0727726
-0.421517
-0.276476
 -7.17212
 -1.29126
0.0799452
0.0714838
-0.437852
-0.258692
 -7.16093
 -1.32676
0.0882704
0.0767227
 -0.43724
-0.261084
 -7.12982
 -1.33124
0.0427231
0.0655819
-0.424875
 -0.25567
 -7.08195
 -1.29033
0.0376628
0.0683293
-0.429844
-0.253498
 -7.05398
 -1.31659
0.0746653
 0.060988
-0.431767
-0.282491
 -7.02223
 -1.27844
0.0573141
 0.061748
 -0.42596
-0.283894
 -6.96675
 -1.30861
0.0555237
0.0784728
-0.427965
-0.270338
 -6.94126
 -1.29401
0.0647642
0.0735188
-0.423096
-0.258148
 -6.87274
 -1.22816
0.0459335
0.0761865
-0.412594
-0.262653
 -6.82844
 -1.26724
 0.019462
0.0686993
-0.412756
-0.275605
 -6.78725
 -1.25567
0.0392904
0.0805054
-0.431276
-0.259756
 -6.75051
 -1.22283
0.0162696
0.0640623
-0.419431
-0.257252
 -6.70698
 -1.20117
0.0557177
0.0809793
 -0.42831
-0.261409
 -6.66149
 -1.20834
0.0715283
0.0680645
-0.418258
-0.269163
 -6.66396
 -1.21118
0.0168513
0.0679544
-0.417004
-0.269693
 -6.62702
 -1.20537
0.0698347
0.0664063
-0.414851
-0.262894
 -6.60316
 -1.21294
 0.030894
0.0660549
-0.416651
 -0.25799
 -6.55975
   -1.184
0.0602411
0.0708698
-0.410991
-0.267618
  -6.5398
 -1.19907
0.0404835
0.0759527
-0.424847
-0.268672
 -6.51597
 -1.20069
 0.070917
0.0711814
-0.418311
-0.280989
 -6.47825
  -1.2034
0.0683257
0.0618857
-0.418858
-0.277392
 -6.45951
 -1.18217
0.0253751
0.0600767
-0.415034
-0.276725
 -6.38538
 -1.13687
0.0326799
0.0629311
-0.395476
-0.258843
  -6.3726
 -1.16287
0.0353016
0.0601709
-0.392793
-0.284282
 -6.33173
 -1.11618
0.0686523
0.0581677
-0.393188
-0.266964
 -6.29571
  -1.1387
0.0373676
0.0562134
-0.384225
-0.252995
 -6.24772
 -1.11334
0.0441854
0.0667727
-0.386628
-0.245067
 -6.20042
 -1.09447
0.0555305
0.0592867
-0.380972
-0.247329
 -6.19747
 -1.11414
0.0555362
0.0643602
  -0.3849
-0.265865
 -6.15369
 -1.10698
0.0445694
0.0677137
 -0.37313
-0.263006
 -6.12186
 -1.09607
 0.025797
0.0482952
-0.366831
-0.279039
 -6.10931
 -1.10808
0.0680191
0.0664518
-0.364877
-0.277108
  -6.0718
  -1.0772
 0.057021
0.0633677
  -0.3713
-0.247998
 -6.05716
 -1.10356
 0.052707
0.0586732
-0.376317
-0.259269
 -6.04922
 -1.10825
0.0599359
0.0690523
-0.356982
-0.265871
 -5.98176
 -1.06444
 0.039598
0.0641189
-0.354601
-0.261757
 -5.94171
  -1.0497
0.0561708
0.0558386
-0.356706
-0.260558
 -5.93887
 -1.10301
0.0444587
0.0607488
-0.345921
-0.269609
 -5.92041
 -1.05909
0.0699208
0.0534703
-0.351078
-0.261772
 -5.89099
 -1.03741
0.0390318
0.0566175
-0.340929
-0.258696
 -5.84426
 -1.05711
0.0540543
0.0533015
-0.328768
 -0.26566
 -5.80681
 -1.03186
0.0632346
0.0584976
-0.348789
-0.258292
 -5.78642
 -1.01504
0.0470153
0.0527296
-0.326184
-0.248232
 -5.78341
 -1.05175
0.0525501
0.0586289
-0.337844
 -0.24504
 -5.74309
-0.981988
0.0298671
0.0536365
-0.320948
-0.232793
 -5.70451
 -1.03564
0.0489728
0.0529807
 -0.32398
 -0.24731
 -5.70725
 -1.02322
0.0536636
0.0582231
-0.318068
-0.264638
 -5.67723
-0.987046
0.0367014
0.0569184
-0.326253
-0.261694
 -5.67778
 -1.02479
0.0604022
0.0580295
-0.326175
-0.255274
 -5.63289
 -1.02092
0.0686819
0.0603785
-0.323871
 -0.25029
 -5.64336
 -1.00304
0.0742572
0.0583104
-0.316441
 -0.26189
 -5.59285
-0.983956
0.0531797
0.0515071
-0.318905
-0.223385
 -5.59188
-0.997212
0.0385945
 0.047543
-0.314306
-0.249665
 -5.57279
-0.991798
0.0224931
0.0476887
-0.308892
-0.239632
   -5.514
-0.958985
0.0420167
0.0530533
-0.311597
-0.248467
 -5.49411
-0.963582
0.0455884
0.0517732
-0.309121
-0.251055
 -5.48259
-0.967377
0.0538899
0.0542174
-0.309223
-0.245572
 -5.50284
 -0.97751
0.0588483
0.0492806
-0.311764
-0.264101
 -5.46685
-0.964259
0.0463294
0.0565815
-0.314305
 -0.25244
 -5.47212
 -0.97616
0.0592572
0.0466463
-0.316143
-0.264822
 -5.46704
 -0.97158
  0.05839
0.0506837
-0.326773
-0.260672
  -5.4563
-0.970021
0.0851733
0.0615575
-0.334467
-0.262542
 -5.45285
-0.977955
0.0430647
0.0696168
 -0.32192
-0.260366
 -5.42817
-0.962244
0.0448698
0.0497031
-0.325447
-0.255792
 -5.43016
-0.950392
0.0732004
0.0642901
-0.324304
-0.258582
 -5.41464
-0.974679
0.0324149
0.0562642
-0.306502
-0.267853
 -5.38324
-0.941582
0.0537691
0.0533645
-0.316878
-0.240846
 -5.38535
-0.959649
 0.029575
0.0580825
-0.315324
-0.245507
 -5.38663
-0.944521
0.0522595
0.0509928
-0.307673
-0.253451
 -5.34602
-0.932314
0.0482137
 0.056745
-0.300055
-0.245867
 -5.36225
-0.951105
0.0409925
0.0596896
-0.308718
-0.247429
 -5.34682
-0.913327
0.0507162
0.0496035
-0.317757
 -0.24549
 -5.31383
-0.961503
0.0553039
0.0550811
  -0.3024
-0.245247
 -5.32772
-0.906772
0.0462984
0.0482981
 -0.31547
-0.265185
 -5.30096
-0.931605
0.0272293
0.0590214
-0.299636
-0.240659
 -5.32149
-0.954251
0.0792874
0.0506227
-0.303768
-0.244375
  -5.3024
 -0.94062
0.0550647
0.0542299
-0.301039
-0.250653
 -5.26076
 -0.88581
0.0165738
0.0537179
-0.300285
-0.246407
 -5.25018
-0.935986
0.0316158
 0.047364
-0.300474
-0.264929
 -5.25134
-0.913555
0.0410375
0.0518259
-0.302047
-0.254853
 -5.25059
-0.940875
0.0510545
0.0515605
-0.301635
-0.256809
 -5.21846
-0.878058
0.0549084
0.0517915
-0.306643
-0.233754
 -5.23403
-0.940988
0.0525904
0.0469385
-0.296103
-0.247698
 -5.26896
-0.926135
0.0433285
0.0480617
-0.296554
-0.252161
 -5.23999
-0.908055
0.0527803
0.0519521
 -0.29915
-0.245435
 -5.24522
-0.936888
0.0525294
 0.055553
-0.301066
-0.251361
 -5.25206
-0.902223
0.0481261
0.0496637
-0.317034
-0.249568
 -5.21595
-0.947495
0.0394443
0.0528417
-0.296942
-0.245534
 -5.25856
-0.908454
0.0549121
0.0475757
 -0.29778
-0.255052
 -5.22591
-0.931147
0.0532085
0.0534281
-0.300734
-0.253404
  -5.2153
-0.899318
0.0455614
 0.055044
-0.301527
-0.237146
 -5.20137
-0.913841
0.0424649
 0.051694
-0.289275
 -0.24127
 -5.22294
-0.917491
0.0557628
0.0563421
-0.302086
-0.256725
 -5.18209
-0.907126
0.0532629
0.0542191
-0.296673
-0.236223
 -5.18529
-0.912987
0.0379219
0.0483308
-0.305351
-0.239696
 -5.18272
-0.913161
0.0569648
0.0508482
-0.300267
-0.232145
 -5.17911
-0.902128
0.0552103
0.0526781
-0.291594
-0.241424
 -5.18152
 -0.91028
0.0442413
0.0525474
-0.300959
-0.246302
 -5.15724
-0.890458
0.0559527
0.0472642
 -0.28927
-0.231802
 -5.15947
-0.905629
0.0480554
0.0604289
-0.290329
-0.256612
 -5.15174
 -0.90348
0.0505655
0.0602762
-0.289578
-0.236065
 -5.14002
-0.901231
0.0516447
0.0543131
-0.295592
-0.233918
 -5.11233
-0.895716
0.0445308
 0.058058
-0.284239
-0.232456
 -5.10073
-0.901406
0.0523399
0.0457587
-0.300813
-0.247669
  -5.0757
-0.893573
0.0500237
 0.048166
-0.288941
-0.226724
 -5.06913
-0.894813
0.0474472
0.0499423
-0.291734
-0.243922
 -5.08066
-0.890813
0.0497224
0.0387942
-0.286457
-0.243162
 -5.06695
-0.887222
0.0519695
0.0434244
-0.288679
-0.229467
 -5.09603
-0.895258
0.0409264
 0.053114
-0.289317
-0.242953
 -5.12153
-0.901067
0.0545789
0.0412029
-0.292681
-0.254539
 -5.12716
-0.894869
  0.04331
0.0522422
-0.282976
 -0.24395
 -5.10407
-0.896349
0.0466583
0.0478168
  -0.2908
-0.242689
 -5.07816
-0.891815
0.0451162
 0.050678
-0.287992
-0.246035
 -5.07595
 -0.89297
0.0511151
0.0428546
 -0.29098
-0.230926
  -5.0603
 -0.88012
0.0493086
0.0461227
-0.277589
-0.234111
 -5.07395
-0.891871
0.0476586
0.0529615
-0.285308
-0.228477
 -5.08197
-0.893142
0.0486217
0.0461426
-0.281265
-0.244279
 -5.10448
-0.902168
0.0523827
 0.051687
-0.289746
-0.245725
 -5.11601
-0.898379
0.0504826
0.0452848
-0.284727
-0.228829
 -5.11626
-0.898123
0.0470328
0.0414713
-0.292426
-0.237357
 -5.11256
-0.904294
0.0527123
 0.040141
-0.294066
-0.243199
 -5.09077
-0.898816
0.0500273
0.0558289
 -0.29009
 -0.24113
 -5.06025
-0.889876
0.0476163
0.0397205
-0.291412
-0.233429
 -5.07813
-0.892061
0.0532243
0.0437392
-0.289403
-0.239579
 -5.08636
-0.892553
0.0498136
0.0468341
-0.300847
 -0.24743
 -5.10928
-0.901032
0.0459284
0.0414982
  -0.2877
-0.241954
 -5.10948
-0.898637
 0.055784
0.0514566
-0.294315
-0.243488
 -5.09521
-0.898821
0.0503568
0.0478242
-0.302963
-0.235491
 -5.10322
-0.899308
0.0502832
0.0508025
-0.291515
-0.239772
  -5.1232
-0.893526
0.0500025
0.0520449
-0.283718
-0.248702
 -5.09777
-0.896235
0.0445161
0.0551457
-0.291761
-0.241017
 -5.09149
-0.896125
0.0545887
0.0508827
-0.293637
-0.239853
 -5.07482
 -0.88858
0.0509336
 0.045499
-0.285155
  -0.2384
 -5.10076
-0.893979
0.0492425
0.0356002
-0.288088
-0.235211
 -5.08009
-0.892604
0.0387504
0.0545364
-0.284878
-0.239095
 -5.04315
-0.889739
0.0573391
0.0538478
-0.294096
-0.242855
 -5.04294
-0.883177
0.0503968
0.0455595
-0.283676
-0.246624
 -5.03927
-0.881806
0.0471946
0.0451889
-0.287313
-0.236953
 -5.04275
-0.884001
0.0474832
 0.052777
-0.287754
-0.223874
 -5.06086
-0.885752
0.0493839
0.0499626
 -0.28226
 -0.25029
 -5.08337
-0.895744
0.0479415
0.0534189
-0.292183
-0.235791
 -5.09776
-0.896631
0.0455902
0.0445383
-0.278932
-0.250781
 -5.13601
-0.900246
0.0493282
0.0563032
-0.287416
-0.245575
 -5.12768
 -0.90181
0.0482671
0.0450447
-0.300607
-0.251256
 -5.11645
-0.903685
0.0549062
0.0525716
-0.286711
-0.247523
 -5.10148
-0.897983
0.0515101
0.0472601
-0.283413
-0.237384
 -5.12179
 -0.89908
0.0513978
0.0511139
-0.280249
-0.249349
 -5.09997
-0.896361
0.0538749
 0.043334
 -0.29631
 -0.23185
 -5.06484
-0.886744
0.0499382
0.0509233
-0.284214
 -0.22731
 -5.06895
-0.895264
0.0488297
0.0494222
-0.284248
-0.244468
 -5.06788
-0.890761
0.0530312
0.0494377
-0.285343
-0.249557
 -5.03464
-0.883236
0.0472746
0.0498187
-0.283213
-0.233782
  -5.0297
-0.886537
0.0508306
0.0476512
-0.286502
-0.229087
 -5.03818
-0.886166
0.0506909
0.0436935
 -0.29339
-0.241358
 -5.04007
-0.887438
0.0474208
0.0400973
-0.289929
-0.241639
 -5.05063
-0.886047
0.0452342
0.0470302
-0.281647
 -0.23538
 -5.07515
-0.894767
0.0498481
0.0537044
-0.283895
-0.248183
 -5.05663
-0.885884
0.0519119
0.0531964
-0.283462
 -0.23493
 -5.07498
-0.895728
0.0442416
0.0554872
 -0.28478
-0.250633
 -5.08638
-0.892359
0.0499185
0.0438893
-0.289423
-0.250004
 -5.09509
-0.899196
0.0537798
0.0434372
-0.297692
-0.240584
  -5.0863
-0.891914
0.0464492
0.0562986
-0.292742
-0.249626
 -5.06562
-0.884559
0.0455419
 0.046165
-0.287296
-0.223516
 -5.05803
 -0.88963
0.0510973
0.0430856
-0.282616
-0.231811
 -5.08607
-0.893608
0.0479045
 0.045491
-0.283525
 -0.23928
 -5.09187
-0.895009
 0.052462
0.0480019
-0.293293
-0.239151
 -5.08421
-0.891727
 0.051933
 0.052715
-0.291082
-0.254689
 -5.06808
-0.890344
0.0476773
0.0517545
-0.281661
-0.235456
 -5.05691
-0.885485
0.0485262
0.0474798
-0.283387
-0.239063
 -5.08568
-0.902918
0.0500786
0.0494921
-0.289179
-0.257375
  -5.0775
-0.894218
0.0477479
0.0522214
-0.288535
-0.242768
 -5.05996
-0.889825
0.0476238
0.0527687
-0.292192
-0.235823
 -5.04258
-0.885028
0.0395517
0.0533212
 -0.28393
-0.233261
 -5.06867
  -0.8877
0.0519586
0.0517578
-0.288179
-0.241025
 -5.04581
 -0.88877
0.0496828
0.0444968
-0.289947
 -0.24173
 -5.07038
-0.896879
0.0508978
0.0566492
-0.285008
-0.252079
 -5.04443
-0.885609
0.0474939
0.0488338
-0.277985
-0.229313
 -5.05345
 -0.89067
0.0498423
0.0531697
 -0.28897
-0.234944
 -5.06224
-0.889118
 0.041124
0.0551436
-0.277096
-0.221681
 -5.07792
-0.892557
0.0420837
0.0557746
-0.284891
-0.241808
 -5.06624
-0.890038
0.0455595
0.0481518
-0.284072
-0.230716
 -5.07978
-0.894828
 0.048234
0.0406382
  -0.2925
-0.226501
  -5.0979
-0.895751
0.0511861
0.0437061
-0.281934
 -0.25053
 -5.07878
-0.889766
0.0491738
0.0471664
-0.290056
-0.222169
 -5.08385
-0.893853
0.0467619
 0.052349
-0.287922
 -0.23722
 -5.07413
-0.900076
 0.047986
0.0450545
-0.288803
-0.243544
 -5.04495
-0.884142
 0.044041
0.0473754
-0.289132
-0.234849
 -5.05317
-0.891947
0.0498855
0.0518072
 -0.28929
-0.235551
 -5.06799
-0.890913
0.0508384
0.0452002
-0.285319
-0.249461
 -5.05164
-0.889509
0.0506972
0.0514525
-0.288879
-0.246116
 -5.06869
-0.888266
0.0532896
0.0442156
-0.286414
-0.234467
 -5.06157
-0.892073
0.0489757
0.0473059
 -0.28716
-0.229998
 -5.08823
-0.892784
0.0522172
 0.049519
-0.294428
-0.245393
 -5.09196
-0.895172
0.0501837
0.0437234
-0.293389
-0.243636
 -5.06834
-0.890142
0.0443538
 0.048975
-0.293009
-0.237016
 -5.06798
-0.891469
0.0524438
0.0428105
 -0.28593
-0.226835
 -5.07268
-0.896906
0.0502255
0.0526925
-0.290498
-0.233204
 -5.08022
-0.892892
0.0492089
0.0407232
-0.293185
-0.230158
 -5.05158
-0.890447
0.0475946
0.0504774
-0.295387
-0.236985
 -5.06592
-0.891431
0.0474414
0.0446959
-0.294737
-0.254018
 -5.04323
-0.882985
0.0429732
0.0446287
-0.283738
-0.230042
  -5.0629
-0.895164
0.0488725
0.0448565
-0.289373
-0.242635
 -5.04379
-0.880144
0.0473739
0.0468054
-0.281326
-0.226698
 -5.05976
 -0.89061
0.0544129
0.0450836
-0.285178
-0.234455
 -5.05957
-0.891173
0.0555258
0.0465214
-0.285351
-0.234808
 -5.06722
-0.893999
0.0524908
0.0491494
-0.288267
-0.225793
 -5.07314
-0.895771
0.0479038
0.0447478
-0.287542
-0.239403
 -5.07394
-0.891945
0.0479488
0.0539436
-0.289074
-0.226097
 -5.07845
-0.891709
0.0502433
0.0390902
-0.292856
-0.232165
 -5.08586
-0.895065
0.0480003
0.0420384
-0.292535
-0.239635
 -5.08017
-0.892949
0.0470204
0.0445979
-0.290972
-0.225608
 -5.07425
-0.891268
0.0512068
0.0447577
-0.293329
-0.234846
 -5.05141
-0.889936
0.0519734
0.0560566
-0.283889
-0.235171
   -5.066
-0.891967
0.0490425
0.0372777
-0.292615
-0.233712
 -5.06622
-0.890048
0.0454607
0.0481109
 -0.28419
-0.235299
 -5.03985
-0.886384
0.0527828
0.0554076
-0.288786
-0.241647
 -5.06701
 -0.89469
0.0511949
 0.050302
-0.287619
-0.235278
 -5.04635
-0.886004
0.0540348
0.0476256
-0.291422
-0.240584
 -5.05074
-0.885265
0.0463223
0.0488784
-0.277608
 -0.23293
 -5.07648
-0.899401
 0.045777
0.0415844
-0.285906
-0.242901
 -5.07725
-0.895211
 0.054511
0.0474321
-0.293064
-0.243411
 -5.06765
-0.892191
0.0510588
0.0489493
-0.288133
-0.238583
 -5.05159
-0.882483
0.0533239
0.0402289
-0.282892
-0.217874
 -5.08021
-0.900402
0.0458864
0.0514458
-0.290033
-0.235996
 -5.06957
-0.893422
0.0523071
0.0436677
-0.295478
-0.238678
 -5.06201
-0.889499
0.0486477
 0.053982
-0.285721
-0.238015
 -5.05831
    -0.88
0.0472778
0.0494001
-0.290624
-0.236033
 -5.07502
-0.894983
0.0601318
0.0529936
-0.292863
-0.237054
 -5.08523
-0.896973
0.0445529
0.0487872
 -0.28507
-0.243044
 -5.07971
-0.902252
0.0469548
0.0514801
-0.290645
-0.241538
  -5.0676
-0.892094
0.0506847
0.0468401
-0.280954
-0.257101
 -5.05214
-0.887606
0.0519883
0.0526553
-0.292974
-0.233641
 -5.06063
-0.887711
0.0510762
0.0431247
-0.288111
-0.230408
 -5.05498
-0.893203
0.0486176
 0.049283
-0.291012
 -0.24723
 -5.06258
-0.896308
 0.049082
0.0466616
-0.284532
-0.231944
 -5.05581
-0.890406
0.0408194
0.0500026
-0.286905
-0.240982
 -5.03543
-0.888638
0.0519684
0.0451756
-0.287824
-0.233953
 -5.04021
-0.886062
0.0474398
 0.049612
-0.287296
-0.231999
 -5.06028
-0.888781
0.0529751
0.0398562
-0.282311
-0.249566
 -5.05207
-0.888365
0.0486402
0.0486594
-0.288297
-0.236247
 -5.06351
-0.884503
0.0486024
0.0422964
-0.284813
-0.237714
 -5.06296
-0.886233
0.0521714
0.0476852
-0.288858
-0.227221
 -5.08235
-0.900362
 0.044757
0.0503649
-0.291196
-0.237901
 -5.07194
-0.893312
0.0514387
0.0326553
-0.290819
-0.231477
 -5.06235
-0.888805
0.0520832
0.0448793
-0.289737
  -0.2376
 -5.08614
-0.901756
 0.048194
0.0467824
-0.288357
-0.238342
 -5.07865
-0.890107
0.0444054
 0.052617
-0.294915
 -0.23573
 -5.05243
-0.886905
0.0531873
0.0464325
-0.291009
-0.231059
 -5.07224
-0.898453
0.0556828
0.0471115
-0.286724
-0.243519
 -5.06653
-0.888619
0.0497323
0.0457603
-0.287259
-0.243861
 -5.05893
-0.885832
0.0555093
0.0464793
-0.296228
-0.227422
  -5.0495
-0.891334
0.0456435
0.0446036
 -0.29411
-0.226072
 -5.03374
-0.877348
0.0515747
 0.059391
-0.281554
-0.224649
 -5.05617
-0.888327
0.0563542
0.0427258
-0.288526
-0.245248
 -5.05064
-0.884976
0.0551514
0.0515924
-0.289615
-0.237459
 -5.04677
-0.885236
0.0406944
0.0458702
-0.276978
-0.235385
 -5.07551
-0.894128
0.0534065
 0.045637
-0.291558
-0.240802
 -5.05227
 -0.88744
0.0520552
0.0457241
-0.282467
-0.231567
 -5.05866
 -0.89575
0.0523981
0.0384823
-0.281514
-0.234653
 -5.07578
 -0.89289
0.0513527
0.0509552
-0.288786
-0.226479
 -5.08588
-0.893217
0.0566175
0.0512467
-0.290725
 -0.24626
 -5.05218
-0.888274
0.0486714
0.0426807
-0.281677
-0.236371
 -5.04706
-0.883004
0.0482683
0.0515491
-0.283689
-0.241404
 -5.05027
-0.887311
0.0472694
0.0467411
-0.287148
-0.247387
 -5.07068
 -0.88804
0.0565188
0.0485279
-0.292544
-0.238704
 -5.04925
-0.883626
0.0463407
0.0427646
-0.281911
-0.232135
 -5.06285
-0.894834
0.0531232
0.0432352
-0.284071
-0.252055
 -5.05109
-0.892835
0.0479286
0.0459338
-0.288014
-0.224639
 -5.07794
-0.892264
0.0530454
0.0505387
-0.300264
-0.255406
 -5.05857
-0.886419
 0.054296
0.0557845
 -0.29327
-0.227871
 -5.07574
-0.893148
0.0465376
0.0503848
-0.287146
-0.244743
 -5.05463
 -0.89419
0.0533348
0.0524857
-0.292053
-0.234221
 -5.05132
 -0.88358
 0.042977
0.0445656
-0.277093
-0.231875
  -5.0725
 -0.88985
0.0442166
0.0500596
-0.291588
-0.243312
 -5.06254
-0.887669
 0.049721
 0.051025
-0.291209
-0.239224
 -5.06567
-0.891753
0.0509372
0.0495024
-0.290803
-0.243106
 -5.06336
-0.892464
0.0509488
 0.051819
-0.288754
 -0.24152
 -5.03928
-0.889832
0.0451921
 0.047374
-0.278626
-0.238622
  -5.0532
 -0.88432
0.0428505
 0.047778
 -0.29009
-0.240725
  -5.0537
-0.889543
0.0497006
0.0564351
-0.296422
-0.238735
 -5.05312
-0.891735
0.0518118
0.0499419
-0.283049
-0.249523
 -5.05773
-0.891166
0.0488178
 0.043425
 -0.28965
-0.236783
 -5.08325
-0.895371
0.0522582
0.0558722
-0.285724
-0.240697
 -5.06338
-0.884544
0.0484201
0.0472419
-0.287783
-0.244561
 -5.06865
-0.889106
 0.052127
0.0382919
-0.291604
 -0.24144
 -5.05351
-0.889854
0.0506037
0.0539012
 -0.28152
-0.248629
 -5.05595
-0.889928
0.0522233
0.0430275
-0.294028
-0.231854
 -5.06087
-0.886063
0.0473334
0.0527379
-0.292501
-0.243107
 -5.05561
 -0.89126
0.0500849
0.0455396
-0.292136
 -0.22791
 -5.03753
-0.879861
0.0494584
0.0504714
-0.285557
-0.229609
 -5.07278
-0.888858
0.0499059
0.0432907
-0.287852
-0.238599
 -5.05275
-0.893612
0.0555283
0.0482536
-0.292932
-0.236515
 -5.04647
 -0.88553
0.0462987
0.0517891
-0.278109
-0.231286
 -5.04813
-0.887152
0.0510169
0.0522653
-0.285411
-0.222666
 -5.05599
-0.888834
0.0471777
0.0518481
-0.290116
-0.254224
 -5.05058
-0.885781
0.0495214
0.0464017
 -0.28011
-0.242419
 -5.06833
-0.890191
0.0547089
0.0413323
-0.291469
-0.223814
 -5.05233
-0.887502
0.0519188
0.0416065
-0.283741
-0.240668
 -5.04623
-0.886521
 0.053074
0.0469994
 -0.28264
-0.231927
 -5.04018
-0.886601
0.0508672
0.0431827
-0.290596
-0.232256
 -5.07125
-0.893448
0.0542491
0.0524028
-0.279571
-0.246123
 -5.06478
-0.887079
0.0450629
0.0513051
-0.286457
-0.247776
 -5.05248
-0.886449
0.0494327
0.0486627
 -0.28922
-0.249071
 -5.05461
-0.886311
0.0462849
0.0495941
-0.280276
-0.237448
 -5.07508
-0.896175
0.0501944
0.0453491
-0.289814
-0.237113
 -5.07377
-0.893045
0.0522999
0.0438419
-0.290051
-0.238193
 -5.08956
-0.895536
0.0522895
0.0473397
-0.279936
-0.244723
 -5.05386
-0.890288
0.0442445
0.0412707
-0.281215
-0.239169
 -5.07807
-0.900308
0.0511443
0.0487308
-0.292498
-0.252424
 -5.06015
-0.888857
0.0532951
0.0510288
-0.291186
-0.228793
 -5.05587
-0.890058
0.0499981
0.0478536
-0.295702
-0.229501
 -5.04326
-0.890152
0.0463184
0.0509298
-0.281027
-0.238301
 -5.04257
-0.885414
0.0472866
0.0431791
-0.290619
-0.242687
 -5.05844
-0.887783
0.0519216
0.0440822
-0.287305
-0.242252
 -5.05752
 -0.89155
0.0496796
 0.041843
-0.278636
-0.248874
 -5.03437
-0.884746
0.0427427
0.0480111
-0.281532
 -0.23891
 -5.05645
-0.887317
 0.049749
 0.047598
-0.283757
-0.235443
 -5.05728
-0.891565
0.0517889
0.0530124
-0.289165
-0.251047
 -5.06576
-0.890568
 0.058756
0.0510072
-0.286053
-0.238557
 -5.04982
-0.888675
0.0450365
0.0542397
-0.288106
-0.245705
  -5.0539
-0.888793
0.0484276
0.0520187
-0.284946
-0.245539
 -5.06028
-0.887734
0.0609863
0.0484156
 -0.28771
-0.233344
 -5.06872
-0.887529
0.0564352
0.0481294
-0.291328
-0.241029
 -5.05316
-0.883895
 0.047506
 0.050397
-0.283156
-0.227296
 -5.05331
-0.892299
0.0475686
0.0453974
-0.298195
-0.244369
 -5.06337
-0.893732
0.0511184
0.0364073
-0.284525
-0.242122
 -5.05213
-0.888317
0.0532367
0.0470157
-0.298984
 -0.23148
 -5.05624
-0.889082
0.0410254
0.0464604
-0.283494
 -0.22895
 -5.07049
-0.896852
0.0509582
0.0516639
-0.282154
 -0.24982
 -5.06081
-0.886321
0.0551662
0.0457204
 -0.29415
-0.245815
 -5.03369
-0.886336
0.0484024
0.0575966
-0.285717
-0.233097
 -5.07434
-0.890557
0.0522575
0.0475585
-0.293178
-0.234594
 -5.07299
 -0.88751
0.0542363
0.0469608
-0.297422
-0.242455
 -5.04622
-0.886948
0.0485931
 0.049491
-0.292066
-0.233872
 -5.03318
-0.889669
0.0453748
0.0469258
-0.282478
-0.227687
  -5.0359
-0.886921
0.0484807
0.0448564
-0.286391
-0.237546
 -5.05328
-0.891081
0.0552516
0.0508959
-0.292529
-0.244467
 -5.06142
-0.891473
0.0577127
 0.050166
-0.282818
-0.234968
  -5.0497
-0.889997
0.0498778
0.0482328
-0.303798
-0.234511
 -5.04614
 -0.88718
0.0543713
0.0454372
-0.287496
-0.225248
 -5.06978
-0.892214
0.0499714
0.0488623
-0.293062
-0.238105
 -5.07107
-0.895638
0.0535128
0.0421979
-0.289528
-0.237502
 -5.05883
-0.894744
0.0476236
0.0443439
-0.282166
-0.245409
 -5.04121
 -0.89048
0.0452757
0.0497171
-0.287496
-0.236111
 -5.06893
-0.895161
0.0510244
0.0496265
-0.285302
-0.244506
 -5.05174
-0.890191
  0.05202
0.0408278
-0.292036
-0.241694
 -5.06523
-0.885661
 0.049652
0.0450437
-0.290205
-0.242524
 -5.07642
-0.890385
0.0487875
0.0473733
-0.280824
-0.239105
 -5.04582
-0.887435
0.0495186
0.0589582
-0.290285
-0.238936
 -5.05706
-0.884546
0.0564367
0.0478876
-0.291094
 -0.23188
 -5.05685
-0.886428
0.0453973
0.0465056
-0.289891
-0.229936
 -5.05153
-0.889763
0.0562743
0.0473165
-0.284545
-0.246661
  -5.0555
-0.890348
 0.050855
0.0543832
-0.282497
-0.237139
 -5.04707
-0.883241
0.0461352
0.0533334
-0.290166
-0.236601
 -5.04882
-0.883716
0.0539781
 0.051888
-0.279416
-0.235103
 -5.04287
-0.892039
0.0499422
0.0492007
-0.291029
-0.229876
  -5.0465
-0.893555
0.0530768
0.0514731
-0.295167
-0.243941
 -5.07099
-0.895068
0.0499387
0.0526224
-0.285311
-0.241893
 -5.06464
-0.895616
 0.048654
0.0532445
-0.288753
-0.249607
 -5.05588
-0.889934
0.0498896
0.0458678
-0.288166
-0.234272
 -5.04269
-0.892956
0.0466154
0.0521782
-0.296739
-0.229974
 -5.05857
-0.887168
0.0508462
0.0467203
-0.285978
-0.237383
  -5.0392
-0.881523
0.0494702
0.0475226
-0.279556
-0.232662
 -5.05253
-0.886547
0.0498004
0.0507732
-0.296398
-0.230553
  -5.0464
-0.886788
0.0508988
0.0396786
 -0.28754
-0.233964
  -5.0578
-0.891095
 0.048663
0.0373632
-0.283267
-0.246073
 -5.05826
-0.888455
0.0508032
0.0453176
-0.286417
-0.242572
 -5.05001
-0.887705
0.0507291
0.0524991
-0.287102
-0.238673
 -5.07101
-0.895031
 0.051943
0.0486658
-0.287761
 -0.25561
 -5.06223
-0.888603
0.0541068
0.0480829
-0.286108
-0.244668
 -5.05244
 -0.88726
0.0487323
0.0479729
-0.296546
-0.230808
 -5.06937
-0.892713
0.0508066
0.0582885
-0.291399
-0.247752
  -5.0511
-0.883661
 0.055085
0.0428986
-0.283828
-0.241494
 -5.05938
-0.892727
0.0534748
0.0429086
-0.293181
-0.230549
 -5.04052
-0.884125
0.0438373
0.0554186
-0.276137
-0.235909
  -5.0286
-0.883081
0.0472429
0.0442603
-0.284567
-0.234337
 -5.05769
-0.890376
0.0520174
0.0514148
-0.293409
-0.238826
 -5.05483
-0.885718
0.0495931
0.0464294
 -0.29103
-0.241493
 -5.03779
  -0.8875
0.0462782
 0.049088
-0.285512
-0.235253
 -5.05509
-0.892482
0.0497561
0.0521246
 -0.29074
-0.242395
 -5.05082
-0.885063
0.0552341
0.0435225
-0.291685
-0.237331
 -5.06904
-0.886534
0.0519822
0.0500791
-0.292658
-0.237972
 -5.04466
-0.885131
0.0485516
0.0454676
-0.287678
-0.233329
 -5.06744
 -0.89346
0.0509923
0.0425191
-0.285837
-0.246095
 -5.04599
-0.887924
0.0530333
0.0425131
-0.288001
 -0.23925
 -5.05597
-0.889207
0.0461109
0.0442082
-0.271065
-0.252658
 -5.07659
-0.897205
0.0509206
0.0550911
-0.289604
-0.253602
 -5.07751
-0.893659
0.0588477
0.0482062
 -0.29109
-0.245258
 -5.04402
-0.887485
0.0529174
0.0430661
-0.290674
-0.243774
 -5.04864
-0.885569
0.0473644
  0.04878
 -0.28914
-0.237556
  -5.0563
-0.888068
0.0508278
0.0469043
-0.292737
-0.240127
 -5.06189
-0.889999
0.0520186
0.0515878
-0.287984
-0.238339
 -5.04012
-0.885898
0.0472676
0.0516622
-0.278721
-0.236836
 -5.03995
-0.886811
0.0464531
0.0569111
-0.292788
-0.223032
  -5.0645
-0.887995
0.0496292
0.0484453
-0.281119
-0.244055
 -5.04899
-0.883534
0.0506641
0.0541364
-0.293497
-0.234343
 -5.05031
-0.887239
0.0498026
0.0480605
-0.291615
-0.231288
 -5.05191
-0.889154
0.0477029
0.0519227
-0.294825
-0.227216
 -5.06364
 -0.89143
0.0462557
0.0526935
-0.286553
-0.250015
 -5.04609
-0.887703
0.0430033
0.0483771
-0.281407
-0.234313
 -5.06121
-0.893155
0.0532694
0.0462668
-0.289832
 -0.23984
 -5.04598
-0.887615
0.0452339
0.0536078
-0.285197
-0.232026
 -5.03855
-0.884269
0.0473875
0.0506176
-0.285639
-0.229137
 -5.04784
-0.889221
0.0520025
0.0410642
-0.293253
-0.239378
 -5.05462
-0.886692
0.0565468
0.0417228
-0.295322
-0.232968
 -5.03638
-0.884329
0.0483332
0.0516156
-0.284714
-0.236397
 -5.04768
-0.890003
0.0486619
0.0420976
-0.291308
-0.239664
 -5.04074
-0.892202
0.0487461
0.0500379
-0.288926
-0.232521
 -5.05688
-0.886036
0.0543498
0.0432808
-0.295159
-0.230004
 -5.03494
-0.882771
0.0438898
 0.043151
-0.279246
-0.235723
 -5.02993
-0.886138
0.0451697
0.0448172
-0.280442
 -0.23106
 -5.04432
-0.886381
0.0506951
 0.045219
-0.293063
-0.240749
 -5.03937
-0.889247
0.0463501
0.0521598
-0.286011
  -0.2336
 -5.06179
 -0.89868
0.0511973
0.0521698
-0.284276
-0.237906
 -5.03464
-0.884057
0.0438458
0.0417484
-0.279685
-0.240912
 -5.03943
-0.881881
0.0452476
0.0400818
 -0.28316
-0.225499
 -5.05275
-0.894143
0.0463905
0.0483138
-0.292823
-0.247747
 -5.06821
-0.889325
0.0573559
0.0471301
-0.288288
-0.253541
 -5.04267
-0.883584
0.0538924
0.0513158
-0.283626
-0.237916
  -5.0517
-0.889483
0.0509358
0.0515775
-0.288518
-0.232372
  -5.0366
-0.883694
0.0472572
0.0492253
-0.280655
-0.233848
 -5.05468
-0.894374
0.0508691
0.0481243
-0.292387
-0.247874
 -5.04127
-0.889424
0.0506856
0.0509369
-0.281927
-0.240693
 -5.04261
-0.884577
0.0484222
0.0491037
-0.285426
-0.235719
 -5.04129
-0.890477
0.0475963
0.0468775
-0.293357
-0.233695
 -5.06009
-0.888825
0.0529624
0.0499126
-0.287774
-0.244928
  -5.0699
-0.891833
0.0418368
0.0487838
-0.281381
-0.251655
  -5.0657
-0.892229
0.0541227
0.0369705
 -0.28784
-0.257235
 -5.04174
-0.888233
0.0507343
 0.044228
-0.283678
-0.239957
 -5.04381
-0.887745
0.0486517
0.0578288
-0.296515
-0.227582
 -5.06516
-0.893514
0.0498802
0.0515086
-0.281425
-0.239705
 -5.06414
-0.898121
0.0466758
0.0484564
-0.280441
-0.241811
  -5.0378
-0.887547
 0.043994
0.0478923
-0.280685
-0.237605
 -5.04455
-0.884799
0.0529911
0.0489564
-0.284871
-0.231262
 -5.03945
-0.880031
0.0538723
0.0492898
-0.281351
-0.232122
 -5.07357
-0.892973
0.0521015
0.0518707
-0.288097
-0.242907
 -5.04468
-0.884283
0.0539392
0.0495828
-0.293651
-0.239921
 -5.04589
-0.887489
 0.049469
0.0548817
-0.291439
-0.243455
 -5.04068
-0.884283
0.0438888
0.0483009
-0.282094
-0.237978
 -5.04128
-0.881478
0.0460998
0.0493228
-0.274737
-0.232403
 -5.04622
-0.886768
0.0508484
0.0487419
-0.289236
-0.231708
 -5.05078
 -0.88511
0.0531331
0.0474381
-0.289352
-0.228198
 -5.03984
-0.887873
0.0486609
0.0447027
-0.284934
-0.230699
 -5.03881
-0.883532
0.0507736
0.0455496
-0.288619
-0.228787
 -5.05743
-0.892154
0.0533404
0.0415168
-0.288198
-0.235261
 -5.05309
-0.884642
0.0509093
0.0468645
-0.297999
-0.229564
 -5.05022
-0.887826
 0.048628
0.0432752
-0.284227
-0.236313
 -5.06538
-0.893454
0.0500507
 0.041535
-0.275722
 -0.23518
  -5.0547
-0.886645
0.0544794
0.0396587
 -0.28637
-0.223958
 -5.04863
-0.877278
0.0496349
0.0478566
-0.284886
-0.220199
 -5.04367
-0.888936
0.0484557
 0.045335
-0.287841
 -0.24438
 -5.03868
-0.883409
0.0485253
0.0515136
-0.277714
-0.224489
 -5.04561
-0.890228
0.0522673
0.0433165
-0.307311
-0.228188
 -5.06092
-0.893856
0.0520662
0.0524897
-0.291796
-0.242422
 -5.05299
-0.893504
0.0478237
 0.048195
 -0.29712
-0.231295
 -5.05411
-0.889206
0.0544806
0.0368936
 -0.28713
-0.229754
 -5.03933
 -0.88984
0.0474124
0.0444936
-0.284605
-0.240791
 -5.06585
 -0.89114
0.0496659
0.0470318
-0.286981
-0.249724
  -5.0641
-0.889711
0.0554256
 0.045926
-0.288411
-0.238049
 -5.05463
  -0.8854
0.0516135
 0.052717
 -0.28248
-0.246426
 -5.05504
-0.892331
0.0517456
0.0512517
-0.288269
 -0.25398
 -5.05743
 -0.89117
0.0462499
0.0552464
 -0.28572
-0.246112
 -5.04456
-0.885145
0.0461271
0.0482657
-0.281934
-0.240329
 -5.05736
-0.891938
0.0453252
0.0534808
-0.289519
-0.239398
 -5.03468
-0.883801
0.0486539
0.0423189
-0.281324
-0.222648
 -5.05355
-0.891357
0.0511512
0.0425444
-0.292125
-0.230525
  -5.0345
-0.883897
 0.046294
0.0511378
-0.282082
-0.224942
 -5.05176
 -0.89012
0.0520461
0.0398756
-0.288147
-0.239499
 -5.06583
-0.891213
0.0496278
0.0479833
-0.290868
-0.251922
 -5.03859
 -0.88339
0.0572038
0.0530055
-0.302538
-0.240127
 -5.04713
 -0.88294
0.0505247
0.0477173
-0.285781
-0.241374
 -5.04096
-0.882538
 0.050599
0.0483669
-0.277174
-0.233076
 -5.05493
-0.885336
0.0541114
0.0399036
-0.282639
-0.239485
 -5.03837
-0.893705
 0.049886
0.0476238
-0.296893
-0.235554
 -5.02863
-0.882349
0.0528223
0.0504028
-0.297956
-0.231577
 -5.04684
-0.884343
0.0506733
0.0483418
-0.293636
-0.237211
 -5.05176
-0.888899
0.0495924
0.0540926
-0.287548
-0.241251
 -5.04177
-0.888395
0.0486469
0.0450593
-0.286268
-0.232957
 -5.04199
-0.887824
0.0476234
0.0436636
-0.285977
-0.228022
 -5.06098
-0.893758
0.0498594
0.0493907
-0.279194
 -0.24038
 -5.06134
-0.893171
0.0510697
 0.040085
-0.282153
-0.239931
 -5.04966
-0.881719
0.0495412
0.0449975
-0.291308
 -0.23564
 -5.05583
-0.888789
0.0575267
0.0523171
-0.286386
-0.236568
 -5.04605
-0.887009
 0.048226
0.0543546
-0.295273
-0.249884
 -5.03907
-0.891169
0.0475988
 0.044166
-0.288575
 -0.23443
 -5.06822
-0.897583
0.0531042
0.0510579
-0.286202
-0.254984
 -5.04547
-0.880569
0.0492446
0.0563052
-0.285769
-0.240484
 -5.04514
-0.883245
0.0521744
0.0488578
-0.300368
-0.216116
 -5.04638
-0.886288
0.0496042
 0.048215
-0.293071
-0.238137
 -5.04977
-0.889072
0.0487155
0.0510179
-0.286125
-0.230082
 -5.04381
-0.888785
0.0533671
0.0428623
-0.294284
-0.223665
 -5.04257
-0.884661
 0.048291
0.0500144
-0.289432
  -0.2425
 -5.05071
-0.885726
0.0540166
0.0396889
-0.288183
-0.244555
 -5.04403
-0.887602
0.0531051
0.0450935
 -0.29809
-0.234422
 -5.03964
-0.887863
0.0485238
0.0537248
-0.286748
-0.233026
 -5.04678
-0.884801
0.0519087
0.0438408
 -0.28707
-0.233103
  -5.0318
 -0.88647
0.0518477
0.0477267
-0.292605
 -0.23323
 -5.05652
-0.887254
0.0520096
 0.043766
-0.285849
-0.235414
  -5.0491
-0.891462
0.0577598
0.0529926
-0.306309
-0.231053
 -5.03231
-0.883868
0.0494749
0.0523387
-0.282215
-0.232236
 -5.04151
 -0.88942
0.0553945
0.0402272
-0.290918
-0.238182
 -5.02549
-0.895634
0.0543082
0.0412677
-0.296524
-0.240452
 -5.01125
-0.869263
0.0490137
0.0450868
-0.284122
-0.227763
  -4.9911
-0.882835
0.0558206
0.0485762
-0.295717
-0.243359
 -4.91547
-0.861755
0.0494091
0.0523249
-0.282817
-0.219835
 -4.89956
-0.866904
0.0536612
0.0494669
-0.280364
 -0.23817
 -4.86946
-0.853731
0.0573391
0.0531708
  -0.2761
-0.235981
 -4.82387
-0.855581
0.0348793
0.0534811
-0.279048
-0.229561
 -4.75995
-0.828149
0.0483776
0.0460795
 -0.25771
-0.212092
 -4.73824
-0.822116
 0.061215
 0.050911
-0.264727
-0.228389
 -4.62277
-0.837901
0.0434631
0.0461075
-0.254655
-0.216914
 -4.57653
-0.763849
0.0493823
0.0468709
-0.242987
-0.223076
 -4.46632
-0.808908
0.0417331
0.0368979
 -0.24587
-0.206266
 -4.37669
-0.774209
0.0766114
0.0382862
-0.248542
-0.204918
 -4.28751
-0.736789
0.0108042
0.0429845
-0.236126
-0.206724
 -4.17757
 -0.73225
0.0639353
0.0441008
-0.216642
 -0.17553
 -4.09805
-0.737834
0.0386508
0.0365616
-0.227316
-0.195101
 -4.07895
 -0.70337
0.0715335
0.0344795
-0.219802
-0.190284
 -4.05876
-0.750889
0.0760084
0.0341706
-0.214355
-0.192408
 -4.03524
-0.673487
 0.026532
0.0378121
 -0.20417
-0.177616
 -3.99386
-0.738731
0.0518209
0.0299007
-0.207214
-0.186716
 -3.97426
-0.692373
0.0433052
0.0332669
 -0.20003
-0.183393
 -3.91974
-0.685801
 0.043725
0.0385844
-0.198595
 -0.18246
 -3.95961
-0.701269
0.0399328
0.0318776
-0.190204
-0.189543
 -3.98076
-0.673694
0.0425533
0.0418969
-0.199776
-0.180944
 -4.00053
-0.727528
0.0457322
0.0441421
-0.199661
-0.178642
 -4.01386
-0.698784
0.0550126
0.0368536
-0.199311
-0.173269
 -4.02801
-0.701366
0.0362992
0.0418569
-0.198188
-0.169578
 -4.06407
-0.730686
0.0540745
0.0384396
-0.211451
-0.186189
 -4.10094
-0.732727
0.0531912
0.0366301
 -0.21197
-0.191797
 -4.10355
-0.706264
0.0449932
0.0388709
-0.213308
-0.169528
 -4.10914
-0.734077
0.0504782
0.0287342
-0.201099
-0.173248
 -4.15552
-0.730522
0.0368745
0.0411178
-0.193856
-0.190813
 -4.17276
-0.735171
0.0663533
0.0377879
-0.221302
-0.184546
  -4.18239
 -0.726562
0.00990572
 0.0339262
 -0.214361
 -0.160492
 -4.22715
-0.738002
0.0103475
0.0356101
-0.217516
-0.183255
 -4.25063
-0.767115
0.0291264
 0.035794
-0.217858
-0.194992
 -4.26128
-0.753824
0.0805897
0.0406973
-0.235299
-0.173593
 -4.30388
-0.753591
0.0431859
0.0300188
-0.247359
-0.184135
 -4.32671
-0.778767
0.0286903
 0.037317
-0.231843
-0.183768
 -4.35039
 -0.78177
0.0523846
0.0400807
 -0.24311
-0.187711
 -4.35765
-0.787787
0.0429329
0.0332115
-0.253347
-0.184062
 -4.37618
-0.786099
0.0508573
0.0515671
-0.256904
-0.183774
 -4.38739
-0.782079
  0.06757
0.0439804
-0.262161
-0.190338
 -4.41534
-0.805258
 0.044024
0.0420296
-0.259802
-0.194288
 -4.42174
-0.787228
0.0616636
0.0370506
-0.263309
-0.174364
 -4.47603
-0.810258
0.0521818
0.0465506
-0.255093
-0.194453
 -4.47821
-0.795479
0.0263288
0.0456697
-0.253678
-0.181346
  -4.5242
-0.803629
0.0202146
0.0408396
-0.262971
-0.183482
 -4.52631
-0.827363
 0.024138
0.0523428
-0.262063
-0.174077
 -4.55134
-0.805985
0.0881578
0.0393508
-0.267357
-0.180286
 -4.59432
 -0.82869
0.0323563
 0.049024
-0.272242
 -0.19189
  -4.6069
-0.852863
 0.037645
0.0473814
-0.270285
-0.195202
 -4.64359
-0.831852
0.0341412
0.0342072
-0.264696
-0.180967
  -4.6682
-0.858434
0.0333254
0.0395969
-0.281851
-0.169227
 -4.68847
 -0.85678
0.0655712
0.0442317
-0.274157
-0.179587
 -4.72068
-0.829665
 0.034729
0.0449777
 -0.27668
-0.179762
 -4.73349
-0.870917
0.0230633
0.0455749
   -0.263
-0.165211
  -4.80159
 -0.857286
0.00262692
 0.0438501
 -0.264685
 -0.174655
 -4.82219
-0.871555
0.0236251
0.0564392
-0.263872
-0.184656
  -4.8488
-0.905241
 0.066437
0.0408337
-0.282021
-0.175653
 -4.90047
-0.850005
0.0283737
0.0480499
-0.284498
-0.162266
 -4.90514
 -0.95597
0.0422229
0.0470799
 -0.29081
-0.172609
 -4.96214
-0.901735
0.0480184
0.0464578
-0.300518
-0.156472
 -4.96612
 -0.90179
0.0492685
0.0460325
-0.287857
-0.165687
    -5.01
-0.929934
0.0836521
0.0559326
-0.287223
-0.186864
  -5.05004
 -0.926561
0.00964976
 0.0500487
 -0.300777
 -0.162122
 -5.12008
-0.958713
  0.04398
0.0496068
-0.296408
 -0.18888
 -5.18369
-0.970802
0.0388145
0.0481271
-0.305389
-0.186203
 -5.24432
-0.957746
 0.069746
 0.050943
-0.302232
  -0.1791
  -5.2779
 -1.01002
0.0221594
 0.058953
-0.299498
-0.157975
 -5.34876
 -1.01749
0.0348776
0.0403277
-0.306399
-0.185244
  -5.3569
-0.973807
0.0505802
0.0587388
  -0.3178
-0.166803
 -5.40459
 -1.04123
0.0611072
0.0474428
-0.324763
-0.176635
 -5.44326
 -1.02877
0.0476828
0.0458224
-0.317699
-0.158858
 -5.45975
 -0.99476
0.0510199
0.0495675
-0.309294
-0.155373
   -5.50168
   -1.03937
-0.00775486
  0.0484638
  -0.305277
  -0.175076
 -5.54012
  -1.0648
0.0286355
0.0597927
-0.321213
-0.176951
 -5.61617
 -1.07321
0.0710763
0.0581053
-0.333171
-0.166662
 -5.68583
 -1.08814
0.0484042
 0.049316
-0.338543
  -0.1569
 -5.72952
 -1.09683
0.0451497
0.0480142
-0.350475
-0.150542
 -5.74557
 -1.11502
0.0428063
0.0574181
-0.351657
-0.157072
 -5.81474
 -1.09284
0.0709256
0.0654798
-0.361967
 -0.13963
 -5.86133
 -1.13416
0.0405942
0.0601122
-0.371369
 -0.14664
  -5.9115
 -1.12686
 0.016475
0.0533318
-0.364383
-0.135981
 -5.93818
 -1.17641
0.0264719
0.0654474
-0.370231
-0.147101
  -5.9983
 -1.14431
 0.112991
0.0727567
-0.391268
-0.133364
 -6.07894
 -1.16789
0.0567555
0.0579653
-0.386108
-0.145414
 -6.11905
 -1.23168
0.0516147
0.0735457
-0.401238
-0.142124
 -6.18028
 -1.20362
 0.042436
0.0680605
-0.406805
-0.141481
 -6.20857
 -1.22128
0.0678786
0.0655983
-0.396224
-0.136522
 -6.28273
 -1.25897
0.0327381
0.0747757
-0.397475
-0.143268
  -6.33589
  -1.22478
-0.0160221
 0.0687481
  -0.39753
 -0.143477
 -6.39389
 -1.29597
  0.04557
0.0676434
-0.414887
  -0.1449
 -6.46784
  -1.2639
0.0631855
 0.070662
-0.415014
 -0.12435
 -6.50833
 -1.32091
0.0483182
0.0631422
-0.433945
-0.116985
 -6.51765
 -1.32448
0.0462904
0.0685686
 -0.42616
-0.122376
 -6.60678
 -1.32477
0.0652553
0.0593184
-0.443757
-0.107497
  -6.6773
 -1.36031
0.0300711
0.0710441
-0.449783
-0.113545
 -6.72845
 -1.37728
0.0559948
0.0805596
-0.455323
-0.100475
  -6.8127
 -1.35754
 0.030549
0.0762583
-0.444213
-0.100765
 -6.93305
 -1.47362
0.0608953
0.0674969
 -0.46568
-0.109003
  -7.03684
  -1.44581
 0.0784556
 0.0842287
 -0.483226
-0.0976725
  -7.11316
  -1.42507
  0.049902
 0.0825633
 -0.475985
-0.0774948
  -7.2077
  -1.5043
0.0383026
0.0899968
 -0.47554
 -0.08642
  -7.32726
  -1.52618
 0.0260905
 0.0801641
   -0.4849
-0.0926021
 -7.44101
 -1.53546
0.0360817
0.0765993
-0.481812
-0.081654
   -7.4793
  -1.54766
 0.0441518
 0.0903522
 -0.508317
-0.0548599
 -7.56788
 -1.56118
 0.011404
0.0877725
-0.508708
-0.073965
  -7.69908
  -1.68229
 0.0584328
 0.0826717
 -0.533095
-0.0681255
  -7.83357
  -1.64274
 0.0481643
 0.0897879
 -0.545057
-0.0371448
  -7.86646
  -1.64202
 0.0601781
  0.102422
 -0.540437
-0.0131983
  -7.92372
  -1.69956
 0.0179486
  0.100704
 -0.556319
-0.0302672
  -7.98798
  -1.72216
 0.0655013
 0.0923632
 -0.566244
-0.0236252
 -8.10419
 -1.74116
0.0304179
 0.101148
-0.572578
-0.018667
   -8.18848
   -1.76126
  0.0223965
    0.10995
   -0.57929
-0.00795654
  -8.25443
  -1.79984
 0.0134027
  0.093699
 -0.601271
0.00655775
  -8.3253
 -1.83907
0.0220696
 0.105031
 -0.60933
0.0194419
 -8.45322
 -1.89386
 0.099772
 0.113309
-0.636477
0.0106426
 -8.58734
 -1.86776
0.0570422
 0.104403
-0.633272
 0.022881
 -8.70984
 -1.97157
0.0208287
 0.110473
-0.652607
0.0513594
  -8.8244
 -2.01996
0.0247952
 0.112497
-0.670519
0.0498056
 -8.95758
 -2.00609
 0.067641
  0.12093
  -0.6825
0.0702099
 -9.12871
   -2.088
0.0630756
 0.115283
-0.705255
 0.104011
 -9.23356
 -2.06257
0.0116815
 0.115385
-0.687611
 0.132869
   -9.40759
   -2.18184
-0.00721511
   0.127924
  -0.702416
   0.129403
 -9.61393
 -2.28308
0.0426076
 0.138406
-0.734671
 0.155798
 -9.81189
 -2.27185
0.0389373
 0.146244
-0.753362
 0.194793
 -9.96309
 -2.35602
0.0602574
  0.14565
-0.779483
 0.210083
 -10.2316
 -2.43979
0.0264551
 0.150303
-0.801103
 0.240257
 -10.482
-2.53476
0.035733
0.152256
-0.81848
0.272156
 -10.6668
 -2.61039
0.0313842
 0.158224
 -0.83532
 0.298903
 -10.8814
 -2.66725
0.0185475
 0.164988
-0.856377
 0.338633
 -11.0628
 -2.74362
0.0632245
 0.174584
-0.869811
 0.377837
 -11.2466
  -2.7417
0.0349757
 0.167778
 -0.88978
 0.357337
  -10.5452
  -2.58607
-0.0177444
  0.163046
 -0.821342
  0.311444
 -10.0064
 -2.48567
0.0403371
 0.158069
-0.801373
 0.287041
 -9.53218
 -2.29673
 0.060106
 0.138466
-0.764785
 0.276681
 -9.01521
  -2.1609
0.0858481
 0.133348
-0.721963
 0.254122
 -8.84717
 -2.13935
0.0405011
 0.125794
-0.702015
 0.218188
 -8.63326
 -2.09912
 0.016378
 0.124946
-0.658053
 0.206288
 -8.36975
 -2.01959
0.0619277
 0.115502
-0.634786
 0.183097
 -8.16334
 -1.95816
0.0469597
 0.111743
-0.617781
 0.200777
 -7.89133
 -1.88869
0.0681516
 0.114333
-0.582747
 0.184214
 -7.92463
 -1.89037
0.0472664
 0.104589
-0.573381
 0.170031
 -7.79059
 -1.88069
0.0227492
  0.10522
-0.564458
 0.175527
 -7.65953
 -1.81286
0.0390899
 0.106371
-0.547323
  0.16707
 -7.39001
 -1.73689
0.0273711
 0.104185
-0.517487
 0.153747
 -7.30115
  -1.7663
0.0645981
0.0969524
-0.507435
 0.152411
 -7.28747
 -1.73596
0.0754997
 0.104154
-0.511974
 0.139361
 -7.11775
  -1.7023
0.0647472
0.0924371
-0.494902
 0.132549
 -6.91622
 -1.65241
0.0783291
0.0854743
-0.473283
 0.148624
 -6.62147
 -1.59419
 0.071149
0.0844924
-0.451468
 0.126309
 -6.51892
 -1.53827
0.0744978
0.0782644
-0.417402
 0.118207
 -6.33696
 -1.51205
0.0559098
0.0748904
 -0.39924
 0.115927
 -6.12435
 -1.44176
  0.03809
0.0753511
-0.383351
 0.119052
 -5.86649
  -1.3815
0.0805218
0.0713111
-0.349941
 0.119591
 -5.67409
 -1.33232
0.0343104
0.0677607
-0.324847
 0.104951
 -5.55529
 -1.29973
0.0461687
0.0674448
-0.322277
0.0891859
 -5.36383
 -1.27561
 0.059232
0.0636984
-0.301937
0.0805966
 -5.18565
 -1.19234
0.0539266
0.0528312
-0.295812
0.0889799
 -4.97499
 -1.17096
0.0633401
0.0417502
-0.271619
0.0655051
 -4.80201
 -1.10684
0.0497064
0.0546308
-0.261374
0.0679544
 -4.68788
 -1.09626
0.0672326
0.0603048
-0.253197
0.0601955
 -4.53229
 -1.04456
0.0890697
0.0542337
-0.237431
0.0708196
 -4.36032
  -1.0212
0.0599048
0.0444605
-0.226741
0.0508118
 -4.19112
-0.971343
0.0246544
0.0289854
-0.220742
0.0439934
 -4.06637
-0.931888
0.0870274
0.0484907
-0.217378
0.0391069
 -3.95053
-0.897265
0.0885126
0.0393731
-0.200375
0.0383522
 -3.79953
 -0.89875
0.0448965
0.0364357
-0.189044
0.0259758
  -3.5906
-0.821157
0.0306675
0.0420016
-0.171059
0.0278095
 -3.52443
-0.832928
0.0809491
0.0405679
-0.166409
0.0275541
  -3.4453
-0.760341
  0.07252
0.0339053
-0.171866
0.0296385
 -3.27393
-0.758165
0.0565799
0.0244293
 -0.14599
0.0145813
 -3.17387
-0.737256
0.0238063
0.0270862
-0.141327
0.0115621
     -3.05
 -0.707332
 0.0542974
 0.0253814
 -0.140662
0.00893516
  -2.95859
  -0.65647
 0.0709991
  0.017152
 -0.121142
0.00859388
   -2.89111
  -0.652797
  0.0556552
  0.0242592
  -0.115524
0.000407888
 -2.75674
-0.651462
0.0437334
0.0298957
-0.115882
0.0106288
   -2.67587
  -0.591348
  0.0621334
  0.0243761
  -0.106994
0.000102113
    -2.55716
   -0.558315
   0.0804371
   0.0171167
   -0.088184
-0.000445332
   -2.47256
  -0.566003
  0.0621977
   0.019696
 -0.0881631
-0.00412657
  -2.32904
 -0.504128
 0.0224373
 0.0180359
-0.0876923
0.00261777
  -2.18727
 -0.511914
  0.065548
 0.0188304
-0.0930104
0.00724863
  -2.10809
  -0.47265
 0.0535705
  0.010684
-0.0809569
-0.0044064
   -2.01652
   -0.42017
  0.0721515
  0.0242312
 -0.0568525
8.26127e-05
  -1.93498
  -0.46965
 0.0175801
 0.0174503
-0.0596113
-0.0045601
   -1.84699
  -0.404912
  0.0302849
  0.0222115
 -0.0682579
-0.00610608
  -1.74414
  -0.39184
 0.0517496
 0.0119267
-0.0520915
0.00193574
  -1.69854
  -0.37393
 0.0705297
0.00460782
-0.0603127
-0.0210929
  -1.61177
 -0.367999
 0.0139713
0.00639591
-0.0420085
-0.0219448
  -1.49804
 -0.352977
 0.0686019
 0.0106587
-0.0318891
-0.0183267
  -1.45995
 -0.298929
 0.0463348
 0.0168605
-0.0362913
 -0.012502
  -1.38849
  -0.30361
 0.0315335
 0.0182332
-0.0301861
-0.0089969
  -1.33218
  -0.30228
 0.0769349
0.00842851
-0.0425016
-0.0147998
   -1.26657
  -0.251563
  0.0447383
  0.0066379
 -0.0338961
-0.00686657
  -1.22167
  -0.27272
 0.0457003
0.00735752
-0.0199522
 -0.031905
  -1.14294
 -0.259835
 0.0977735
 0.0144275
-0.0261754
0.00325129
  -1.10641
 -0.228546
 0.0404853
0.00683712
-0.0408906
-0.0173129
   -1.04246
  -0.177039
  0.0385186
  0.0027665
 -0.0204487
-0.00163055
   -1.01478
  -0.298724
-0.00722941
  0.0169794
 -0.0108844
 -0.0367946
 -0.982694
 -0.172758
  0.070061
0.00074536
-0.0175034
-0.0131994
   -0.92804
  -0.177205
  0.0396756
 0.00813885
-0.00926294
 -0.0137357
 -0.897395
 -0.209643
  0.030499
0.00716887
-0.0127626
-0.0204507
  -0.885946
  -0.206775
  0.0156869
 0.00410834
-0.00649733
 -0.0290874
 -0.853026
 -0.183968
  0.084073
0.00340594
-0.0205314
-0.0186907
 -0.821276
 -0.231168
  0.041951
0.00738056
-0.0110429
-0.0220194
 -0.793211
 -0.127735
  0.023674
 0.0145208
-0.0141966
-0.0151483
   -0.76701
  -0.151424
  0.0190822
-0.00014525
-0.00853066
 -0.0108387
  -0.746377
  -0.197132
   0.054742
 0.00737781
-0.00479166
 -0.0298689
 -0.736337
 -0.135165
 0.0782612
 0.0156109
-0.0251329
 -0.021129
 -0.690135
 -0.183311
 0.0247981
 0.0146728
-0.0141287
-0.0352386
  -0.622345
  -0.144254
  0.0745027
2.31979e-05
-0.00941932
 -0.0302245
  -0.588563
   -0.13066
  0.0673217
0.000932522
-0.00952555
 -0.0161293
 -0.611842
 -0.114033
  0.039888
0.00297595
 -0.013189
-0.0269304
 -0.569268
 -0.119179
 0.0255975
0.00666427
-0.0011502
-0.0112635
 -0.547593
 -0.130492
 0.0436844
0.00513993
-0.0221113
-0.0170346
  -0.518676
  -0.119732
  0.0644457
 0.00555481
 -0.0117268
-0.00553425
 -0.511137
 -0.129397
0.00616025
0.00855566
-0.0192002
-0.0328045
 -0.483672
 -0.126109
 0.0614911
 0.0180556
-0.0264743
-0.0350674
 -0.480682
-0.0951974
  0.069411
  0.021708
-0.0197824
-0.0263119
  -0.446134
  -0.115916
   0.011103
0.000985962
  -0.019057
 -0.0230926
 -0.395081
 -0.136041
0.00787351
  0.023321
-0.0212008
-0.0248365
 -0.398352
-0.0794824
 0.0528818
 0.0016887
-0.0328212
-0.0273672
 -0.378717
-0.0794174
 0.0859953
  0.015662
-0.0374665
-0.0314313
 -0.334284
  -0.06374
 0.0184026
 0.0101864
-0.0298922
-0.0261039
 -0.339962
-0.0485845
 0.0245571
0.00837223
-0.0233973
-0.0280814
 -0.289821
 -0.141508
0.00690591
 0.0285431
-0.0200413
-0.0470244
 -0.286853
-0.0375237
0.00592638
 0.0199677
-0.0273512
-0.0237274
  -0.290049
 -0.0483781
  0.0278433
  0.0168811
  -0.021619
-0.00682023
 -0.227966
-0.0512114
 0.0831849
 0.0242796
-0.0356535
-0.0135397
 -0.273306
-0.0369754
-0.0233827
0.00397325
-0.0200708
-0.0419997
 -0.210175
 -0.109851
 0.0415747
 0.0182735
-0.0190906
 -0.018418
 -0.230176
-0.0518474
 0.0852216
0.00853821
-0.0426723
-0.0339042
 -0.206005
-0.0118752
 0.0146269
 0.0173225
-0.0325808
-0.0217566
 -0.197919
-0.0617446
 0.0254023
0.00633238
-0.0409084
-0.0232138
 -0.189071
-0.0701027
 0.0331904
 0.0166923
-0.0214075
-0.0271077
 -0.204241
-0.0722695
 0.0788324
 0.0152152
-0.0313752
-0.0420951
 -0.187937
 -0.017837
 0.0315589
0.00321315
 -0.037327
 -0.025014
 -0.149302
-0.0502362
0.00690157
0.00305254
-0.0311257
-0.0207596
 -0.161378
-0.0841078
0.00791557
 0.0130106
-0.0292304
-0.0284363
 -0.168326
-0.0525426
 0.0513623
 0.0101054
-0.0288212
-0.0335193
  -0.154763
 -0.0288949
  0.0900714
  0.0156837
 -0.0383806
-0.00296817
 -0.151319
-0.0314383
 0.0272019
0.00577638
-0.0282052
-0.0313023
 -0.169367
-0.0798573
-0.0214391
0.00624959
-0.0336097
-0.0466334
 -0.162215
-0.0337345
 0.0652804
 0.0213216
-0.0470462
-0.0256761
 -0.163067
 -0.037551
 0.0969192
0.00623852
-0.0471036
-0.0197127
 -0.144204
-0.0576411
 0.0546608
0.00767157
-0.0279952
-0.0389851
 -0.115246
-0.0675934
  0.020285
 0.0190562
-0.0260657
-0.0317179
  -0.13023
-0.0510468
 0.0166544
0.00430575
-0.0397873
-0.0305458
 -0.124039
 -0.006846
 0.0329607
 0.0127569
-0.0366405
-0.0209228
 -0.0946044
-0.00233751
 0.00134714
  0.0137301
  -0.028782
 -0.0209795
 -0.121883
-0.0167149
 0.0252506
0.00277722
-0.0312943
-0.0369412
 -0.107325
-0.0422615
 0.0183303
0.00867725
-0.0315211
-0.0296537
-0.0923649
 0.0123224
-0.0181912
 0.0191279
-0.0429407
-0.0220931
 -0.113435
-0.0313902
 0.0489129
 0.0110399
-0.0335723
-0.0437646
-0.0711559
-0.0772988
  0.031468
 0.0218338
-0.0312708
-0.0305345
-0.0839532
 0.0162713
 0.0372827
 0.0154327
-0.0417783
-0.0288018
 -0.106407
 -0.046848
0.00725035
 0.0114476
 -0.041608
 -0.035558
-0.0938947
-0.0760744
 0.0529872
 0.0260923
-0.0476349
-0.0209431
 -0.111182
 0.0212874
 0.0841379
 0.0182566
 -0.049849
-0.0277094
-0.0810636
-0.0516741
 0.0673806
 0.0131324
-0.0352487
  -0.03971
 -0.0782328
-0.00994306
  0.0208109
-0.00106724
  -0.035883
 -0.0133612
-0.0769283
-0.0472297
 0.0317398
0.00197846
-0.0326007
-0.0339237
-0.0702262
-0.0624467
 0.0657372
 0.0120153
-0.0363597
-0.0275481
-0.0867666
0.00160338
 0.0412835
0.00365482
 -0.046097
-0.0306413
-0.0658021
-0.0924835
 0.0130194
 0.0170737
-0.0336032
-0.0371258
 -0.0774903
  0.0228688
  0.0425894
0.000958959
 -0.0431137
 -0.0357471
-0.0681493
-0.0877478
  0.059778
 0.0145814
-0.0344653
-0.0347792
-0.0710487
 0.0383593
 0.0343877
0.00263966
-0.0320679
-0.0224045
-0.0659121
-0.0658092
 0.0345272
0.00955489
-0.0350695
-0.0325728
-0.0649529
-0.0416181
 0.0807579
0.00329333
-0.0440912
-0.0234867
 -0.102346
 0.0341262
 0.0714561
 0.0121493
-0.0537404
-0.0264796
  -0.0663033
  -0.0828784
-0.000818832
   0.0230825
  -0.0448594
   -0.040672
-0.0867739
 0.0299555
 0.0689358
 0.0100453
-0.0478065
-0.0441154
-0.0709256
-0.0766167
 0.0570353
  0.015393
-0.0377467
-0.0404663
 -0.0725051
 0.00975349
  0.0234485
 0.00757317
 -0.0370678
-0.00734661
-0.0551768
-0.0651234
 0.0498019
   0.02133
-0.0452244
-0.0387029
-0.0388422
 0.0207844
  0.073798
 0.0135667
 -0.054432
-0.0244096
-0.0243455
-0.0549926
-0.0353993
0.00758844
-0.0242069
-0.0360874
  -0.0646908
  -0.0324888
-5.06981e-05
-0.000608088
  -0.0315853
  -0.0314458
-0.0356405
-0.0221066
  0.108747
 0.0246607
-0.0557758
-0.0191943
-0.0802057
0.00628376
0.00869133
0.00485887
-0.0365699
-0.0301893
  -0.036277
 -0.0715887
-0.00807092
  0.0132404
 -0.0426016
 -0.0409475
  -0.0460782
   0.0134439
   0.0403102
-0.000121354
  -0.0308208
  -0.0442494
 -0.043825
 -0.052691
 0.0620813
0.00967928
 -0.040381
 -0.016651
 -0.0762075
  0.0471829
-0.00688802
 0.00685669
  -0.048659
 -0.0103553
-0.000748507
  -0.0416748
   0.0613328
   0.0152683
  -0.0332311
  -0.0169587
-0.0304944
 0.0262648
 0.0353416
 0.0133857
-0.0455637
-0.0371843
-0.0536942
-0.0415547
  0.021149
 0.0038177
-0.0476345
-0.0444638
-0.0673841
-0.0251844
 0.0530699
0.00899454
-0.0534081
-0.0390139
-0.0407058
-0.0253139
 0.0340613
 0.0103184
-0.0416964
-0.0302442
-0.0547245
 -0.002969
 0.0302998
 0.0078129
-0.0467211
-0.0177336
-0.0389048
-0.0805002
 0.0593059
 0.0156922
-0.0421225
-0.0346421
 -0.035385
 0.0105897
 0.0264806
0.00408198
-0.0392037
-0.0114749
-0.0266985
-0.0812211
 0.0369503
 0.0156557
-0.0349175
-0.0332233
-0.0712384
0.00623379
  0.042067
0.00631368
-0.0472835
-0.0326845
-0.0757801
-0.0234031
 0.0753667
0.00324784
-0.0553318
-0.0428172
 -0.087481
-0.0718238
-0.0848038
 0.0111351
-0.0263073
-0.0474337
-0.0763542
-0.0130467
-0.0373408
 0.0129024
-0.0512642
-0.0230068
-0.0768195
-0.0144083
  0.115571
 0.0142106
-0.0394703
-0.0183822
 -0.109943
 0.0242057
 0.0822037
 0.0114251
-0.0448598
-0.0173314
 -0.116356
-0.0285091
 0.0447101
0.00891851
-0.0414359
-0.0392471
  -0.102737
4.26498e-06
  0.0519396
 0.00576505
 -0.0530584
 -0.0160552
   -0.12538
-0.00641258
  0.0755684
 0.00955493
 -0.0517885
 -0.0245418
 -0.111262
-0.0140994
 0.0666071
0.00648515
-0.0520628
 -0.036183
 -0.103249
-0.0406933
 0.0317619
 0.0109616
 -0.043108
-0.0343213
-0.0877055
-0.0444018
  0.038106
0.00461321
-0.0386662
-0.0543925
-0.0754329
-0.0344861
 0.0501943
0.00328362
-0.0353676
-0.0405256
-0.0532838
 -0.034191
 0.0281727
0.00508807
-0.0406419
-0.0164962
-0.0464371
-0.0278293
  0.024323
0.00997023
-0.0325595
-0.0236673
-0.0539238
-0.0309365
 0.0290499
 0.0105688
-0.0399758
-0.0196205
-0.0761502
-0.0326759
  0.028963
 0.0167028
-0.0458119
-0.0336614
-0.0475604
-0.0243154
 0.0220559
0.00270245
-0.0375274
-0.0238061
-0.0797268
-0.0271968
 0.0367874
0.00479571
-0.0501697
-0.0307991
-0.0668904
-0.0203452
 0.0377878
0.00376599
-0.0411866
-0.0180486
-0.0757244
-0.0342288
 0.0345064
 0.0111729
-0.0419124
-0.0393877
-0.0514171
-0.0235065
 0.0408819
0.00395596
-0.0332026
-0.0287117
-0.0628778
-0.0346311
 0.0411661
 0.0195728
-0.0427072
-0.0323613
-0.0577187
-0.0303025
 0.0501244
 0.0159166
-0.0520168
-0.0241828
-0.0615089
-0.0320819
 0.0446986
 0.0156102
-0.0437877
-0.0199755
-0.0856029
-0.0349933
 0.0435708
 0.0183566
-0.0472147
-0.0343268
-0.0911493
 -0.037881
 0.0413068
  0.016861
-0.0467154
-0.0440571
 -0.0987506
 -0.0426166
  0.0374287
0.000339018
 -0.0416577
 -0.0336817
-0.0931826
 -0.039849
 0.0224882
 0.0109011
-0.0319563
-0.0419073
-0.0848226
-0.0320527
 0.0335356
 0.0032411
-0.0489808
-0.0368742
-0.0947608
-0.0411511
 0.0338045
 0.0119448
-0.0425503
-0.0379678
-0.0975723
-0.0387089
 0.0304108
0.00934943
-0.0430494
-0.0385579
 -0.067382
 -0.026845
 0.0300148
0.00638836
-0.0339033
-0.0254746
-0.0689588
 -0.020055
 0.0310182
  0.015898
-0.0483796
-0.0171706
-0.0993706
-0.0305255
 0.0413173
0.00946821
-0.0447215
-0.0373374
-0.0897476
-0.0273707
 0.0419994
0.00717335
-0.0434226
-0.0508392
-0.0958464
-0.0268142
 0.0557229
0.00910379
-0.0451985
-0.0344799
-0.0869196
-0.0304839
 0.0446902
0.00715453
-0.0425881
-0.0321698
 -0.080143
-0.0248058
 0.0321463
 0.0152027
-0.0453416
-0.0296667
-0.0697032
-0.0330036
  0.040293
 0.0120504
-0.0399505
-0.0238717
-0.0774167
-0.0359867
 0.0391594
0.00852307
-0.0542523
-0.0374773
-0.0670226
-0.0362088
 0.0280959
 0.0132292
-0.0320446
-0.0230508
-0.0922356
-0.0426003
 0.0325847
 0.0163853
-0.0436262
-0.0434879
-0.0756962
-0.0343706
 0.0345306
 0.0131118
-0.0495672
-0.0392024
-0.0848249
-0.0320335
 0.0335482
0.00322476
-0.0489818
-0.0368744
-0.0661708
-0.0219817
 0.0389355
 0.0150501
-0.0345675
-0.0124409
-0.0825888
-0.0235835
 0.0387098
 0.0014321
-0.0375637
-0.0407472
-0.0914046
-0.0289362
 0.0447615
 0.0106722
-0.0443794
-0.0263117
-0.0773546
-0.0186808
 0.0440951
0.00819233
-0.0426633
-0.0369757
-0.0773227
-0.0193005
 0.0432458
0.00454032
-0.0386814
-0.0258637
  -0.10994
-0.0295292
 0.0446405
0.00504122
 -0.038306
-0.0428518
 -0.0875502
 -0.0297575
   0.038308
-0.00217335
 -0.0496106
 -0.0219025
-0.0844726
-0.0318825
 0.0414009
0.00954685
-0.0347081
-0.0286801
 -0.0930126
 -0.0324716
  0.0358923
-0.00162522
 -0.0405416
 -0.0364732
-0.0975994
-0.0384845
 0.0327841
0.00863036
-0.0401017
-0.0318131
-0.0693695
-0.0346852
 0.0336275
 0.0160458
-0.0437217
-0.0242629
-0.0882088
-0.0349329
 0.0302643
0.00573685
-0.0412184
-0.0379593
 -0.089961
-0.0355003
 0.0326842
  0.018387
-0.0564969
-0.0262694
-0.0881189
-0.0353498
 0.0362016
0.00467915
-0.0479468
-0.0221761
 -0.100264
-0.0357311
 0.0360777
 0.0116685
-0.0465101
-0.0301881
-0.0827462
-0.0307016
 0.0446762
0.00501914
-0.0403595
-0.0328433
-0.0820923
-0.0251457
 0.0424504
0.00498151
-0.0337107
-0.0212832
 -0.106969
-0.0328034
 0.0447499
0.00965885
-0.0396314
 -0.040166
 -0.102465
-0.0265366
 0.0449529
 0.0109481
 -0.055253
-0.0189078
 -0.111277
 -0.032875
 0.0379986
0.00609264
-0.0360732
-0.0462915
-0.0750851
-0.0293537
 0.0337373
0.00557651
-0.0410296
-0.0164936
 -0.104547
 -0.034548
 0.0414417
 0.0118611
-0.0482168
-0.0408115
-0.0834429
-0.0372513
 0.0271348
 0.0134411
-0.0425917
 -0.025732
-0.0934326
-0.0386978
 0.0396129
0.00700605
-0.0572717
-0.0275573
 -0.0684846
 -0.0308342
  0.0391678
0.000398519
 -0.0452339
  -0.027225
-0.0953913
 -0.038202
 0.0405026
 0.0102678
-0.0422344
-0.0345924
-0.0760625
 -0.034092
  0.026829
 0.0060745
-0.0433663
 -0.036482
 -0.091126
-0.0392811
 0.0370949
0.00510063
-0.0392132
-0.0400638
-0.0757171
-0.0342272
  0.036944
 0.0133958
-0.0503866
-0.0300729
-0.0718772
-0.0243191
 0.0378087
 0.0142485
-0.0426128
-0.0216642
 -0.105318
-0.0401523
 0.0370466
0.00746153
-0.0362565
-0.0480645
 -0.101401
-0.0308691
 0.0436407
0.00501719
-0.0442623
-0.0373634
 -0.105452
-0.0307837
 0.0411728
 0.0118185
 -0.048532
-0.0480919
 -0.105953
-0.0299648
 0.0349564
 0.0107208
-0.0531243
-0.0242171
 -0.109602
-0.0311538
 0.0379263
0.00804846
-0.0383061
-0.0456273
 -0.108104
-0.0287019
  0.041337
 0.0100115
-0.0461316
-0.0377071
-0.0842924
-0.0247639
 0.0377779
0.00813629
-0.0405071
-0.0318483
 -0.107977
-0.0374081
  0.042761
 0.0127382
-0.0511387
-0.0371213
-0.0792757
-0.0366477
 0.0325068
 0.0154254
-0.0463393
-0.0330002
-0.0992463
-0.0403161
 0.0372151
0.00682159
 -0.056573
-0.0412643
-0.0950323
-0.0396704
 0.0383788
 0.0147265
-0.0479989
-0.0304654
-0.0948071
-0.0413323
 0.0293731
 0.0115148
-0.0404375
-0.0379054
-0.0897146
-0.0369964
 0.0406588
0.00501565
-0.0556068
 -0.027303
 -0.108391
-0.0363307
  0.038256
0.00866837
-0.0459678
-0.0387646
-0.0825173
-0.0321853
 0.0403601
0.00329861
-0.0384414
-0.0288005
  -0.10419
-0.0356538
  0.043847
 0.0148322
-0.0483209
 -0.032356
-0.0832202
-0.0294149
 0.0391473
0.00941279
-0.0568312
-0.0290605
 -0.108963
-0.0344718
 0.0370937
0.00356395
-0.0427408
-0.0401192
 -0.116222
-0.0389399
 0.0374006
0.00045559
-0.0407035
-0.0367982
 -0.099249
-0.0311313
  0.040493
 0.0108231
-0.0434766
-0.0239147
-0.0963321
-0.0345979
 0.0381492
 0.0110647
-0.0451384
-0.0348719
 -0.105797
-0.0386491
 0.0318116
 0.0141453
-0.0435582
 -0.026209
 -0.105861
-0.0377415
 0.0393923
 0.0143646
-0.0517479
-0.0373501
 -0.117428
-0.0412802
 0.0361787
 0.0127882
 -0.038375
-0.0401954
 -0.115825
-0.0402522
 0.0397828
0.00631143
-0.0523534
-0.0303526
 -0.102988
-0.0338179
 0.0338858
0.00552587
-0.0443262
 -0.028865
 -0.116258
-0.0385222
 0.0316475
0.00663848
-0.0364692
-0.0411028
 -0.103322
-0.0314273
 0.0416258
0.00934856
-0.0431449
-0.0259109
  -0.09453
-0.0334949
 0.0415674
 0.0126107
-0.0571718
-0.0297539
-0.0928269
-0.0320288
 0.0451744
0.00942856
-0.0497625
-0.0136474
 -0.105507
-0.0308729
  0.039126
 0.0117122
-0.0472327
-0.0388942
-0.0940199
-0.0353118
 0.0381567
 0.0133841
-0.0430902
-0.0332899
 -0.105058
-0.0397547
 0.0459652
 0.0183274
-0.0459606
-0.0435703
-0.0757915
-0.0335439
 0.0335843
 0.0179359
-0.0393127
-0.0254318
-0.0863159
-0.0322409
 0.0460868
 0.0164187
-0.0444231
-0.0171409
 -0.103057
-0.0411431
 0.0351637
  0.012657
-0.0442123
-0.0301301
-0.0891828
 -0.037947
 0.0404938
 0.0128261
-0.0414031
-0.0306925
-0.0742423
-0.0315137
 0.0402363
 0.0114319
-0.0430191
-0.0271088
-0.0946972
-0.0334915
 0.0395535
0.00653054
-0.0492491
-0.0206719
 -0.112068
 -0.037177
 0.0403682
 0.0176469
-0.0476315
-0.0434551
  -0.11068
-0.0346942
 0.0438639
 0.0146299
-0.0526006
-0.0332663
 -0.103318
-0.0306433
 0.0445612
 0.0121571
-0.0445386
-0.0440244
 -0.117104
-0.0342516
 0.0427471
0.00869357
-0.0456035
-0.0369981
 -0.112693
-0.0355333
  0.037262
  0.014426
-0.0506412
-0.0308417
 -0.096983
-0.0311284
 0.0457268
  0.014057
-0.0525688
 -0.040221
-0.0949461
-0.0321728
 0.0392755
0.00680268
-0.0454021
 -0.031617
-0.0990298
-0.0318008
  0.043538
 0.0101737
-0.0538792
-0.0423742
-0.0845308
 -0.033143
 0.0314411
0.00284519
-0.0355444
-0.0309252
-0.0839163
-0.0342715
 0.0358648
 0.0169259
-0.0463057
-0.0292375
-0.0986835
-0.0346206
 0.0373027
0.00200497
-0.0481267
-0.0274677
   -0.1059
-0.0377786
 0.0372027
 0.0132165
-0.0468015
-0.0351191
-0.0876345
-0.0366102
 0.0361185
 0.0123297
-0.0500889
-0.0251212
-0.0951979
-0.0395765
 0.0382284
0.00362504
-0.0388813
-0.0420602
 -0.111737
-0.0398399
 0.0384567
0.00575079
-0.0452695
 -0.037709
-0.0950174
-0.0316153
 0.0360193
 0.0133317
-0.0418645
-0.0222064
-0.0873702
-0.0287829
 0.0391313
 0.0107401
 -0.038828
-0.0266359
 -0.114669
-0.0435453
  0.044075
 0.0117516
-0.0410261
-0.0396004
-0.0984768
-0.0334671
 0.0470555
 0.0145816
-0.0541558
-0.0342725
 -0.117497
 -0.033008
 0.0428395
0.00606853
-0.0461959
-0.0317397
 -0.115533
-0.0401702
 0.0415187
 0.0153383
-0.0557164
-0.0510557
 -0.104279
-0.0356958
 0.0438962
 0.0107954
-0.0493541
-0.0322844
 -0.112284
-0.0372415
 0.0406444
0.00967186
-0.0494567
-0.0341479
-0.0820381
-0.0348361
 0.0281736
0.00913133
 -0.042976
-0.0270598
  -0.10147
-0.0388881
 0.0338927
 0.0181567
-0.0491295
-0.0313803
-0.0995158
-0.0380128
 0.0383425
  0.016267
-0.0422542
-0.0293761
 -0.115668
-0.0400878
 0.0373028
 0.0111999
-0.0379252
-0.0376165
-0.0992827
-0.0394764
 0.0383611
 0.0127591
-0.0513834
-0.0343055
  -0.11812
-0.0384841
  0.042865
0.00804754
-0.0429759
-0.0389428
 -0.100742
-0.0344421
 0.0405079
0.00222181
-0.0554156
-0.0362181
 -0.119415
-0.0419315
 0.0385114
  0.012241
 -0.053226
-0.0398427
 -0.121658
-0.0415011
 0.0444249
 0.0069251
-0.0543465
-0.0258291
 -0.100281
-0.0355982
 0.0384884
 0.0119628
-0.0473281
-0.0210573
 -0.115184
 -0.042234
 0.0363013
 0.0140054
-0.0487833
-0.0359706
 -0.117016
-0.0424141
 0.0383144
  0.015614
-0.0388403
 -0.045487
 -0.121394
-0.0422428
 0.0385243
0.00970858
-0.0430167
-0.0400905
-0.0943572
-0.0340973
 0.0379796
 0.0106143
-0.0440445
-0.0417798
 -0.109144
-0.0412136
  0.032874
 0.0150821
-0.0303747
-0.0321284
-0.0993801
-0.0392956
 0.0362839
0.00877524
-0.0347713
-0.0254809
-0.0961217
-0.0359534
  0.036237
0.00964389
-0.0440381
-0.0216959
  -0.11801
-0.0385149
  0.042779
 0.0130296
-0.0458319
-0.0412123
 -0.111753
-0.0397728
 0.0409154
0.00704221
-0.0498544
-0.0261917
 -0.116841
-0.0354541
  0.042831
0.00638504
-0.0420342
-0.0354055
-0.0905164
-0.0329804
 0.0405477
  0.011248
-0.0458383
-0.0211651
 -0.106719
-0.0352433
 0.0394823
 0.0040369
-0.0503194
-0.0337295
 -0.106776
-0.0347242
  0.034219
 0.0145444
-0.0443286
-0.0106093
 -0.107251
-0.0407408
 0.0395118
 0.0110458
-0.0498345
-0.0386188
 -0.109475
-0.0410135
 0.0343079
 0.0116899
-0.0560552
-0.0219392
-0.0869778
-0.0309089
  0.038126
0.00851696
-0.0469517
-0.0273037
 -0.113937
-0.0391003
  0.040732
0.00965601
-0.0548797
-0.0346257
-0.0970485
-0.0400813
 0.0362549
   0.01204
-0.0366103
-0.0260968
 -0.104604
-0.0350926
 0.0429585
0.00442504
-0.0462049
-0.0250794
 -0.112032
 -0.038293
 0.0474725
0.00587251
-0.0577521
-0.0323963
 -0.101999
-0.0364868
 0.0461045
 0.0111729
-0.0571735
-0.0350605
 -0.114085
 -0.038407
 0.0372775
0.00911927
-0.0411916
-0.0368804
 -0.102612
-0.0352958
 0.0316713
0.00993588
-0.0502109
-0.0293203
 -0.123012
 -0.035546
 0.0449265
0.00298593
-0.0402766
-0.0463047
  -0.10334
-0.0315988
 0.0394511
 0.0101403
-0.0458547
-0.0234933
 -0.087704
-0.0275753
 0.0413759
 0.0102088
 -0.048256
-0.0258063
-0.0964735
-0.0346451
 0.0404353
0.00413962
-0.0521513
-0.0369605
 -0.109765
-0.0392137
 0.0381823
0.00331338
 -0.036639
-0.0493859
-0.0907836
  -0.03135
 0.0449425
 0.0110751
 -0.039978
-0.0208136
 -0.121623
-0.0406949
 0.0427906
 0.0104334
-0.0411655
-0.0465193
 -0.114157
-0.0385783
 0.0349187
0.00478569
-0.0414069
-0.0459415
 -0.087192
-0.0302168
 0.0394195
0.00737797
-0.0475962
 -0.017817
 -0.108051
-0.0370897
 0.0348709
 0.0187662
-0.0457263
-0.0368094
 -0.109891
-0.0395715
 0.0343329
0.00613156
-0.0452241
 -0.019252
 -0.105456
-0.0318684
 0.0336575
0.00950169
-0.0490308
-0.0366937
 -0.116839
-0.0430853
 0.0371995
 0.0168498
 -0.037955
-0.0458079
-0.0970393
-0.0310356
 0.0459442
  0.013208
-0.0484398
-0.0288582
-0.0994284
-0.0385447
 0.0395402
 0.0127227
-0.0395703
-0.0274616
 -0.117213
-0.0417328
 0.0395183
 0.0144272
-0.0396056
-0.0405826
 -0.122012
-0.0397597
 0.0407227
 0.0105398
 -0.052125
-0.0386556
 -0.120607
-0.0363423
 0.0449904
 0.0113285
-0.0447308
-0.0400243
 -0.119222
-0.0421849
 0.0417843
 0.0109466
-0.0430321
 -0.042802
 -0.117337
-0.0424893
 0.0430659
0.00186237
-0.0526247
-0.0404993
 -0.119493
-0.0427038
 0.0354824
0.00435351
-0.0492184
-0.0286264
 -0.109424
-0.0398538
 0.0371138
 0.0136621
-0.0373349
-0.0428813
 -0.114902
-0.0433843
 0.0362428
 0.0106546
-0.0415668
-0.0413449
-0.0917063
-0.0357854
 0.0427992
 0.0162026
-0.0429173
-0.0226092
-0.0992632
-0.0395488
 0.0383236
 0.0137057
-0.0552723
-0.0365024
 -0.119118
-0.0438186
 0.0377973
 0.0072765
-0.0494426
-0.0247521
-0.0916784
-0.0375838
 0.0340317
0.00596159
-0.0410691
-0.0229388
 -0.110797
-0.0357424
 0.0340119
0.00509456
-0.0417703
-0.0289168
 -0.116342
-0.0376941
 0.0374536
 0.0119254
-0.0457342
-0.0269838
 -0.110525
-0.0368677
 0.0408025
0.00224103
-0.0539548
 -0.029363
 -0.106561
-0.0356032
 0.0430387
0.00482625
-0.0474201
-0.0227539
 -0.100263
-0.0353071
 0.0429809
 0.0114208
-0.0455559
-0.0189255
 -0.091321
-0.0301422
 0.0325195
 0.0108894
-0.0382038
-0.0264692
-0.0920629
-0.0349832
 0.0358122
 0.0137264
-0.0447048
-0.0377792
 -0.121891
-0.0404575
 0.0375079
 0.0106764
-0.0461721
-0.0321641
  -0.10695
-0.0422356
 0.0352868
 0.0144049
-0.0505318
-0.0276782
 -0.111776
-0.0396939
 0.0385321
0.00385823
-0.0374925
-0.0333132
 -0.110629
-0.0435365
 0.0409619
 0.0160539
-0.0514831
-0.0258341
  -0.111207
  -0.034279
  0.0383743
-0.00225199
 -0.0419862
 -0.0352042
 -0.115129
-0.0415408
 0.0475125
  0.013122
-0.0462976
-0.0317402
-0.0959466
-0.0370796
 0.0386855
0.00354956
-0.0424403
-0.0154823
 -0.115809
-0.0400163
  0.041906
0.00452523
-0.0458755
-0.0351558
  -0.11193
-0.0464307
 0.0409812
 0.0157772
-0.0447685
 -0.029559
 -0.108467
-0.0367446
 0.0421788
0.00153025
-0.0447738
-0.0138995
-0.0912638
-0.0293923
 0.0461002
 0.0112499
-0.0404238
 -0.015305
 -0.117939
-0.0400433
  0.043257
 0.0066724
-0.0592806
-0.0253548
 -0.108408
-0.0359611
 0.0452977
0.00946531
-0.0486606
-0.0205333
  -0.110745
 -0.0361071
  0.0396229
-0.00212983
 -0.0423572
 -0.0315802
-0.0855714
-0.0355837
 0.0427475
 0.0146774
 -0.043239
-0.0232208
  -0.117005
 -0.0365766
  0.0376892
-0.00280654
 -0.0494255
 -0.0215123
 -0.118089
-0.0394071
 0.0374328
0.00489192
-0.0408868
-0.0345444
 -0.104834
-0.0423874
 0.0341818
 0.0152871
-0.0483105
-0.0257421
 -0.119367
-0.0420781
 0.0444186
0.00730529
-0.0446419
-0.0244337
 -0.115395
-0.0403939
 0.0450602
 0.0141875
-0.0451611
-0.0402677
 -0.120362
-0.0459232
 0.0385136
 0.0126978
-0.0381419
-0.0444312
 -0.119474
-0.0417128
 0.0386241
0.00940391
-0.0415607
  -0.03325
 -0.123614
-0.0411575
 0.0449669
0.00690393
-0.0447131
-0.0533211
 -0.106754
-0.0344667
 0.0406801
 0.0109684
 -0.048898
-0.0243851
 -0.101544
-0.0386945
  0.036064
 0.0123345
-0.0436848
-0.0361118
-0.0974711
-0.0299482
 0.0415293
0.00918577
 -0.043148
-0.0259182
-0.0975823
-0.0383055
  0.034965
0.00783332
-0.0373923
-0.0342316
 -0.123616
-0.0414873
 0.0384683
 0.0114245
-0.0440331
-0.0417431
 -0.118156
-0.0386455
 0.0407788
0.00888844
-0.0455656
-0.0319427
 -0.120682
-0.0449918
 0.0341173
 0.0156445
-0.0432416
-0.0389907
 -0.126835
-0.0458266
 0.0379782
 0.0128692
-0.0533911
-0.0201064
-0.0939443
-0.0349924
 0.0447495
 0.0139409
-0.0463857
-0.0379716
 -0.100211
 -0.036211
  0.039376
0.00419073
-0.0461597
-0.0374017
 -0.117646
-0.0413441
  0.036454
0.00481262
-0.0401993
-0.0308882
 -0.122265
-0.0391048
 0.0398264
 0.0082538
-0.0478227
-0.0269388
  -0.12452
-0.0382441
 0.0442361
  0.007283
-0.0558772
-0.0307849
 -0.110823
-0.0343714
 0.0383018
 0.0178184
-0.0530467
-0.0305313
 -0.111681
-0.0399025
  0.038692
 0.0118694
-0.0515313
-0.0238447
 -0.126174
-0.0383969
 0.0437837
 0.0157196
-0.0391624
-0.0473765
 -0.121307
-0.0421946
 0.0360549
 0.0115064
-0.0335099
-0.0494805
