   0.320752
   0.105468
 -0.0103788
-0.00655678
  0.0136377
  0.0239876
   0.33304
 0.0775054
0.00480371
-0.0198623
 0.0161897
0.00350802
    0.31995
   0.100695
0.000362437
 0.00250894
  0.0124062
 0.00479024
   0.329341
  0.0685172
 0.00712839
-0.00275285
   0.017399
 0.00930121
   0.312817
  0.0936497
 -0.0123405
 -0.0141359
 0.00946948
-0.00337856
   0.292941
  0.0818466
-0.00747745
-0.00991917
 0.00143751
   0.017729
  0.294135
 0.0856001
-0.0287296
-0.0100373
 0.0168567
0.00621401
    0.28843
   0.092467
 -0.0492881
-0.00596881
 0.00400852
  0.0213441
  0.287782
 0.0775435
-0.0251299
  -0.00605
0.00169141
 0.0200318
   0.331941
  0.0748955
 -0.0012079
-0.00711229
  0.0224668
  0.0163592
   0.362708
  0.0667883
 -0.0195756
-0.00128272
  0.0103459
  0.0149175
   0.411734
  0.0507367
 -0.0168959
-0.00937682
  0.0162809
  0.0325632
   0.47491
 0.0816045
-0.0163738
-0.0131182
 0.0245907
 0.0413903
  0.530327
   0.14783
 0.0285397
-0.0032603
 0.0406736
 0.0259743
  0.565009
  0.103233
 0.0158684
-0.0155767
 0.0463111
 0.0264374
  0.605961
  0.194173
-0.0108567
-0.0241475
 0.0359181
 0.0215901
   0.63258
  0.115858
 0.0454101
-0.0037687
 0.0405815
 0.0422219
  0.701493
     0.211
 0.0140008
-0.0120703
 0.0311995
  0.029632
 0.673275
 0.144496
 0.053813
-0.014792
0.0526324
0.0287448
   0.630749
    0.15057
   0.028066
-0.00981462
  0.0449537
   0.040643
  0.621508
  0.217334
 0.0120343
-0.0179906
 0.0404107
 0.0274178
  0.601247
  0.142627
 0.0480192
-0.0219738
 0.0479122
 0.0333503
  0.669897
  0.259463
-0.0508219
-0.0153144
 0.0389681
 0.0208724
  0.624294
  0.142556
 0.0378626
-0.0101994
 0.0487139
 0.0364018
  0.673208
  0.199406
 -0.051507
-0.0167106
  0.034058
 0.0332511
   0.642632
   0.170271
-0.00410967
 -0.0157084
  0.0338907
  0.0410092
  0.661162
  0.188304
0.00945363
 -0.014731
 0.0228244
 0.0404087
  0.690367
  0.195323
-0.0101066
-0.0159575
0.00977427
 0.0203584
  0.696965
  0.140225
-0.0449535
-0.0142553
  0.023526
 0.0376918
  0.671829
  0.214597
-0.0222828
-0.0124355
 0.0255944
 0.0447364
   0.654276
   0.129452
 -0.0147124
-0.00352464
  0.0352776
  0.0366736
  0.677785
  0.196423
-0.0202154
-0.0170347
 0.0206339
 0.0192887
  0.664978
  0.189663
-0.0265162
-0.0165204
  0.019621
 0.0442285
   0.703391
   0.194499
 -0.0244576
-0.00497884
  0.0210918
  0.0460433
   0.709566
   0.158206
 -0.0268481
-0.00761344
  0.0321971
  0.0367067
  0.707619
  0.192763
 0.0143324
-0.0161565
 0.0244003
 0.0408992
   0.74387
  0.196132
-0.0153505
-0.0203472
 0.0220751
 0.0242133
  0.724247
  0.183858
-0.0297587
-0.0130087
 0.0342157
 0.0311395
 0.714167
 0.199737
0.0287995
-0.022837
0.0354417
0.0334011
   0.76923
  0.185667
 0.0201157
-0.0132334
 0.0363977
 0.0350253
  0.742228
  0.150427
 0.0131128
-0.0152698
 0.0423454
 0.0559865
  0.778174
   0.19241
-0.0395064
-0.0157144
  0.044786
 0.0568513
  0.740362
   0.14115
 0.0116237
-0.0016083
 0.0266734
 0.0412967
   0.758806
   0.257877
-0.00664868
 -0.0172252
  0.0187756
  0.0330347
    0.768315
    0.125723
-0.000720814
  -0.0142689
   0.0275424
   0.0249151
  0.780852
  0.261155
-0.0399597
-0.0228003
 0.0360741
 0.0454361
    0.77104
   0.160597
  0.0408843
-0.00591169
  0.0507599
  0.0348554
   0.818102
   0.207522
-0.00949567
-0.00954114
  0.0413287
   0.036497
  0.822507
  0.214276
 0.0324698
-0.0120051
  0.037771
 0.0086267
   0.84344
  0.240567
-0.0276992
-0.0206176
 0.0461631
 0.0410587
    0.817465
    0.200283
-0.000990865
  -0.0159226
   0.0392662
   0.0256537
  0.862884
  0.282707
-0.0456106
 -0.012522
 0.0364428
 0.0355337
  0.839771
  0.229132
-0.0427237
-0.0208147
  0.039562
 0.0282893
   0.88231
  0.241403
-0.0461161
-0.0287315
 0.0496935
 0.0323758
  0.863077
  0.290491
-0.0409896
-0.0172442
 0.0386723
 0.0340299
   0.87696
   0.17515
 0.0412465
-0.0118339
 0.0456088
 0.0304697
  0.901906
  0.300986
-0.0535963
-0.0211365
 0.0429535
 0.0250527
   0.874131
    0.20603
  0.0488371
-0.00611896
   0.039869
   0.026518
  0.911314
  0.267872
-0.0236395
-0.0234481
 0.0319922
 0.0213468
   0.867331
   0.100402
  0.0462963
-0.00678468
  0.0463469
  0.0549467
  0.912769
  0.280567
-0.0228373
-0.0252557
 0.0578642
 0.0391991
   0.885083
   0.140141
  0.0663844
-0.00946059
  0.0512513
   0.060258
   0.913702
   0.240117
-0.00706091
 -0.0222459
  0.0420417
  0.0545984
  0.904232
  0.228118
-0.0498938
-0.0141193
 0.0398094
 0.0429047
  0.928419
  0.157928
 0.0215229
-0.0139814
 0.0474052
 0.0497945
  0.946822
  0.302926
-0.0373865
-0.0227099
 0.0406097
 0.0234852
  0.962676
  0.251447
-0.0220332
-0.0196908
  0.029404
 0.0390319
   1.00301
  0.309755
-0.0959746
-0.0257526
 0.0336846
 0.0156373
  0.985849
  0.221857
-0.0471618
   -0.0216
 0.0383357
0.00671774
   1.04316
   0.28795
 0.0094952
-0.0247654
 0.0572228
  0.034779
   1.08749
  0.256524
0.00229508
-0.0198558
 0.0494007
 0.0224472
   1.09431
  0.256199
 -0.032685
-0.0051826
 0.0550472
 0.0505178
    1.09868
   0.317622
  0.0112982
-0.00873084
  0.0490509
   0.042742
   1.11173
  0.313698
  0.046363
-0.0157715
 0.0575587
 0.0262164
    1.18072
   0.292989
-0.00249596
 -0.0116562
    0.05759
  0.0506639
    1.20344
   0.292211
-0.00969866
 -0.0227499
  0.0710811
  0.0452334
      1.2277
    0.321106
-0.000115604
  -0.0236264
   0.0543023
   0.0494243
    1.24865
   0.356323
-0.00279763
 -0.0222933
   0.063205
  0.0401893
   1.24242
  0.293185
-0.0225625
-0.0200453
 0.0595874
 0.0379494
    1.24212
    0.31426
  -0.109712
-0.00783363
  0.0450324
  0.0549761
   1.26188
  0.372192
 -0.015895
-0.0117292
 0.0695404
 0.0441301
    1.29243
   0.354312
-0.00134459
 -0.0228078
  0.0608368
  0.0388977
   1.31312
  0.299796
   0.02263
-0.0231133
 0.0644023
  0.047273
   1.31712
  0.293008
-0.0207099
-0.0112646
 0.0632225
 0.0644966
     1.34232
    0.353253
-0.000450837
  -0.0245729
   0.0693797
   0.0588534
   1.39554
  0.353376
 0.0543762
-0.0403424
 0.0765906
 0.0460589
   1.43248
  0.311606
 0.0266919
-0.0236122
  0.090383
 0.0668554
  1.42411
 0.330579
0.0151944
-0.016284
0.0703188
0.0730131
   1.46867
  0.397074
 -0.137699
-0.0298581
 0.0658331
 0.0592023
   1.44335
  0.354578
-0.0225422
-0.0227555
 0.0782338
 0.0638203
   1.46737
  0.358034
-0.0115178
-0.0171065
 0.0649273
 0.0661692
   1.51734
  0.409065
-0.0389007
 -0.032915
 0.0671585
  0.051575
   1.50904
  0.329524
-0.0196143
-0.0166677
 0.0824594
 0.0528619
    1.50942
   0.364245
-0.00404711
 -0.0149571
  0.0821721
  0.0519029
   1.55592
  0.422627
  0.013716
-0.0159023
 0.0755867
 0.0468416
     1.606
  0.411161
 0.0141007
-0.0229038
 0.0943496
 0.0537257
   1.63067
  0.420044
-0.0114009
-0.0306837
 0.0850331
 0.0671334
   1.66839
  0.518367
-0.0852325
 -0.027479
 0.0977982
  0.043054
    1.67625
   0.446693
0.000965987
  -0.030542
  0.0924039
  0.0614714
   1.66662
   0.43495
 0.0222228
-0.0305704
  0.102801
 0.0743639
   1.67168
  0.458601
-0.0453411
-0.0212521
 0.0776642
 0.0687679
   1.69198
  0.388375
-0.0284639
-0.0141235
 0.0856412
 0.0756847
   1.74002
  0.457406
-0.0631951
 -0.024551
 0.0819823
 0.0618258
   1.71741
  0.429302
-0.0368502
-0.0272528
 0.0758644
 0.0755955
   1.69848
  0.394417
 0.0182172
-0.0284116
 0.0905355
 0.0692298
    1.71896
   0.458935
-0.00242625
 -0.0258578
  0.0852171
   0.067324
   1.75249
  0.429881
-0.0391192
-0.0263756
 0.0862109
 0.0796553
   1.76221
  0.441585
-0.0241944
-0.0269114
 0.0889142
  0.081509
   1.77986
  0.499307
-0.0109272
-0.0343654
  0.100314
 0.0560815
   1.81584
  0.478255
 0.0010369
-0.0289473
  0.100023
 0.0875822
   1.85631
  0.500913
-0.0533705
  -0.02593
  0.111709
 0.0800142
    1.83881
   0.424252
-0.00447587
 -0.0185472
   0.108709
   0.104605
   1.87101
  0.526329
-0.0103477
-0.0287398
  0.108356
 0.0790594
   1.89405
  0.460051
 0.0362932
-0.0397478
  0.117641
 0.0716982
   1.90916
  0.495775
-0.0302162
-0.0263094
  0.116802
  0.103491
    1.9369
  0.464225
-0.0552535
-0.0296798
  0.119639
 0.0906542
   1.98235
  0.554253
-0.0466509
-0.0341852
  0.114292
 0.0895112
   2.01336
  0.499364
 0.0306868
-0.0335225
  0.119116
 0.0896103
   2.00469
  0.529843
-0.0162299
 -0.021325
  0.116194
 0.0903706
   2.02684
  0.532325
-0.0286146
-0.0245849
  0.120182
   0.10159
   2.03376
  0.519817
-0.0259993
-0.0239768
  0.117307
 0.0896957
   2.05078
  0.543972
-0.0179995
-0.0284183
  0.110273
 0.0819797
   2.07344
   0.54417
-0.0267945
-0.0349378
  0.110703
  0.114626
   2.14122
  0.572683
-0.0630998
-0.0376928
  0.121548
 0.0856932
   2.10903
   0.54202
-0.0561515
-0.0386658
  0.119096
  0.114426
   2.11046
  0.527627
-0.0171517
-0.0267484
  0.115858
  0.116902
   2.18754
  0.543206
-0.0366911
-0.0233275
  0.120278
  0.107698
   2.22723
  0.577063
-0.0516891
-0.0286028
  0.117463
  0.112925
    2.25342
   0.552259
-0.00441417
 -0.0336298
   0.130271
   0.111731
   2.30945
  0.595647
 0.0129039
-0.0354093
  0.120203
 0.0987333
   2.35502
   0.58676
-0.0308535
-0.0370282
  0.135409
  0.117537
   2.42668
  0.635805
-0.0178545
-0.0330787
  0.159631
  0.109312
    2.46996
   0.672612
-0.00680819
 -0.0330498
   0.161211
   0.114625
   2.51749
  0.609309
-0.0296813
-0.0302129
  0.154978
  0.134524
    2.58626
   0.696668
-0.00477601
 -0.0329619
    0.15362
   0.118164
   2.67945
  0.722693
-0.0562272
-0.0447257
  0.174518
  0.128756
    2.68587
   0.684802
-0.00694691
  -0.043354
   0.162822
   0.135262
   2.73146
  0.740849
-0.0522245
-0.0283378
  0.171835
  0.139507
    2.7773
  0.737706
-0.0300383
-0.0369506
  0.175767
  0.119839
   2.83728
  0.756318
-0.0309243
-0.0309664
  0.173714
  0.140601
   2.86345
  0.705248
  -0.04472
-0.0288241
  0.179559
  0.143149
   2.90027
  0.786979
-0.0119144
-0.0409765
  0.186421
  0.123527
    2.9341
   0.74773
-0.0105058
-0.0369003
  0.173036
  0.163517
    3.00314
   0.806864
-0.00187959
 -0.0451015
   0.187753
   0.157141
   3.05132
  0.830915
-0.0644019
-0.0479713
  0.191972
   0.13164
   3.06518
  0.760843
-0.0393553
-0.0467008
      0.19
   0.14414
   3.08996
  0.861252
-0.0612881
-0.0413355
  0.183228
  0.139709
   3.11135
  0.803407
-0.0439656
-0.0477278
  0.193961
  0.166381
   3.22401
  0.927138
-0.0294995
-0.0329789
  0.208335
   0.15008
    3.24906
    0.81672
-0.00865758
 -0.0409826
   0.221127
   0.181181
   3.30726
  0.841936
0.00259117
-0.0438471
  0.227495
   0.17321
   3.39523
  0.891173
-0.0193784
-0.0403074
  0.216998
  0.174245
   3.44684
  0.890038
-0.0858066
-0.0622306
  0.229937
  0.186642
   3.58006
  0.977226
-0.0177993
-0.0475442
  0.231801
  0.181962
    3.65285
   0.937356
-0.00474297
 -0.0645795
   0.250446
   0.195135
   3.69008
  0.991281
 0.0621604
-0.0610858
  0.250301
  0.184278
   3.77488
  0.992584
 -0.091132
-0.0509432
  0.233565
  0.202573
   3.85161
   1.00876
-0.0748938
-0.0561918
  0.237034
   0.20495
   4.02709
   1.08225
-0.0499996
-0.0597575
  0.276839
  0.205808
   4.06085
   1.06055
 0.0487008
-0.0572901
  0.281378
  0.210377
   4.15417
   1.14073
 -0.050097
-0.0583261
  0.266976
  0.208465
   4.21876
    1.0656
 -0.107202
-0.0624775
  0.260619
  0.235211
   4.31837
   1.09947
-0.0247558
-0.0640949
   0.27815
  0.238179
    4.46929
    1.19877
-0.00668617
 -0.0655021
   0.297435
   0.228642
   4.52938
   1.21491
-0.0120383
 -0.073335
  0.286379
   0.23004
   4.63169
   1.22181
 -0.100548
-0.0551423
  0.295769
  0.231515
   4.70435
   1.22015
 -0.072282
-0.0537419
  0.297607
  0.243699
    4.85086
    1.33842
-0.00238561
 -0.0560402
   0.321065
   0.233662
   4.99113
   1.39253
-0.0288271
-0.0717356
  0.331361
  0.239281
   5.10687
   1.36574
-0.0804262
-0.0665629
  0.333227
  0.242256
   5.14843
   1.32761
-0.0345594
-0.0708477
  0.329405
  0.267003
   5.33772
   1.43181
 -0.104744
-0.0708082
  0.351769
  0.268545
   5.39658
   1.39976
-0.0478325
-0.0670961
   0.34343
  0.284692
   5.51294
   1.48741
 0.0231161
-0.0698847
  0.367386
  0.294756
   5.67859
   1.51274
-0.0431346
-0.0711845
  0.364111
  0.281198
   5.75039
   1.52522
-0.0625584
 -0.068974
  0.374814
  0.318915
   5.85022
   1.52988
-0.0730293
-0.0816016
  0.373413
  0.323942
   6.02077
   1.62411
-0.0676957
-0.0884417
  0.394074
  0.310291
    6.08798
     1.6105
-0.00808956
 -0.0881756
   0.417893
   0.333364
   6.20169
   1.63769
-0.0574914
-0.0789676
  0.389617
  0.341671
   6.36944
   1.70927
-0.0729514
-0.0760181
  0.409827
  0.341395
    6.5643
   1.77023
-0.0592574
 -0.078354
  0.435182
  0.361882
   6.70461
   1.83365
-0.0514809
-0.0859172
  0.444832
   0.36149
   6.78761
   1.80513
-0.0423792
-0.0855232
  0.448372
  0.397487
   6.94695
   1.89351
-0.0774618
-0.0990311
  0.451373
  0.398569
   7.09773
   1.92984
-0.0976586
 -0.100743
  0.456782
  0.406308
   7.33503
   2.01204
-0.0602054
 -0.103383
  0.468932
  0.403543
   7.54877
   2.05416
-0.0794242
 -0.106878
  0.500093
  0.445803
   7.65183
   2.04632
-0.0790239
 -0.102631
  0.512971
  0.436418
  7.83478
  2.15898
 -0.09634
-0.111655
 0.514087
 0.471152
  8.03609
  2.16485
-0.050561
-0.101298
 0.532411
 0.486468
   8.18488
      2.21
-0.0454286
 -0.103441
  0.536844
  0.513783
   8.43449
   2.34679
-0.0928671
 -0.122162
  0.561525
  0.517028
   8.55721
   2.27984
-0.0931376
 -0.118883
  0.572189
  0.535075
   8.76183
   2.43403
-0.0945666
 -0.119466
  0.578394
  0.549613
    8.9973
   2.45307
-0.0667231
 -0.109452
  0.591828
  0.570371
   9.21111
   2.53822
-0.0898681
 -0.121122
  0.600192
  0.576564
   9.34974
   2.56461
-0.0553575
 -0.118638
  0.620287
  0.576213
  9.55645
  2.64729
-0.157697
-0.115088
 0.628699
 0.590808
   9.68117
   2.60404
-0.0866858
 -0.140518
  0.635936
  0.606102
  9.97708
  2.76715
-0.132259
-0.127569
 0.653606
  0.60866
   10.1954
   2.75997
-0.0578551
 -0.132828
  0.667621
  0.651494
  10.3789
   2.8996
-0.106891
-0.122213
 0.677966
   0.6637
  10.7302
   2.9445
 -0.12944
-0.129875
 0.699075
 0.687328
  10.9448
  2.94432
-0.120847
-0.138777
 0.701913
 0.732154
  11.1698
   3.1179
-0.122379
-0.142643
 0.718895
  0.73811
  11.4882
  3.15221
-0.105303
-0.150347
 0.748427
 0.752717
  11.6379
  3.19313
-0.141009
-0.153794
 0.741149
 0.774811
  11.9241
  3.26976
-0.106854
 -0.15652
 0.766497
 0.806322
  12.2379
  3.41798
 -0.13857
-0.143585
 0.784814
 0.832953
  12.5815
  3.48604
 -0.19196
-0.163192
 0.797501
 0.842422
  12.8055
  3.48155
-0.145149
-0.164635
 0.815089
 0.872723
  13.0564
  3.64159
-0.143971
-0.163751
 0.834695
 0.880588
  13.4534
  3.73224
-0.138721
 -0.15161
 0.859162
 0.925581
  13.6944
  3.73269
-0.188665
-0.177701
 0.851833
 0.948136
  13.9484
  3.92711
-0.214208
 -0.15219
  0.86532
 0.954697
  14.2414
  3.88092
-0.162433
-0.171193
 0.891072
 0.991453
  14.4053
  3.99489
-0.171659
-0.185625
 0.911422
 0.992209
  14.7357
  4.10596
-0.195465
-0.172835
 0.912237
  1.03019
  15.0742
  4.13529
-0.231126
-0.168131
  0.92285
  1.05873
  15.3032
    4.235
-0.197579
-0.180216
 0.938343
  1.07313
  15.5997
  4.34933
-0.178652
-0.172375
 0.957121
  1.10183
  16.0536
  4.47062
-0.215966
 -0.17261
 0.979319
  1.14127
  16.4532
  4.52979
 -0.19001
-0.174001
 0.996901
   1.1853
  16.6404
  4.56713
-0.145279
-0.158292
 0.900598
  1.18592
  16.8716
  4.75888
-0.202708
-0.175712
 0.938244
  1.20035
  17.2067
  4.73096
-0.258035
-0.178815
 0.981425
  1.23212
  17.5244
   4.8589
-0.233125
-0.196754
  1.01627
  1.26454
  17.8916
  4.95133
-0.255724
-0.187586
 0.979732
  1.27535
  18.2158
   5.0533
-0.241152
-0.177976
  1.00553
  1.30921
  18.4527
  5.06524
 -0.27742
-0.177676
  1.00981
  1.33234
  18.6411
  5.15275
-0.171675
-0.174045
  1.02043
   1.3236
  18.8482
  5.24252
-0.241777
-0.172624
  1.02912
  1.32595
  19.1491
   5.2536
-0.222468
 -0.18166
  1.03659
  1.35563
  19.1888
  5.24204
-0.279056
-0.183851
  1.03361
  1.33744
  18.8371
  5.11645
-0.195523
-0.178081
  1.03012
  1.29421
  18.6035
  5.13527
-0.258525
-0.176329
  1.00963
  1.20861
  18.4163
   4.9778
-0.210119
-0.165246
  0.99935
   1.2082
  18.1797
  4.91792
-0.265649
-0.177439
 0.992721
  1.14151
  17.5488
  4.66627
-0.186458
 -0.16889
 0.962811
  1.07541
  16.7837
  4.50582
-0.187583
-0.162696
 0.927549
 0.961273
  16.0782
  4.21857
-0.177627
-0.160804
 0.878054
 0.876231
  15.3603
   4.0145
-0.147839
-0.152829
 0.847208
 0.811849
  14.8189
   3.8524
-0.152758
-0.140543
 0.810036
 0.752992
  14.2697
  3.70349
-0.110955
-0.146684
 0.772433
 0.680272
  13.6902
  3.53652
-0.181332
-0.130107
 0.719248
 0.601483
  13.2381
  3.27876
-0.157289
-0.140968
 0.692432
 0.571251
  12.7559
  3.25827
-0.112495
-0.110362
 0.665054
 0.527225
  12.3731
  3.09664
-0.097337
-0.106991
 0.632662
 0.479655
   11.7693
   2.90055
 -0.100816
-0.0991749
  0.592176
  0.463948
   11.2967
   2.78099
 -0.083251
-0.0891071
  0.570811
  0.421387
   10.9839
   2.71977
-0.0748891
-0.0967234
  0.537386
  0.371428
    10.579
    2.5558
-0.0762735
-0.0967392
  0.507831
  0.360549
   10.3108
   2.46314
-0.0807322
-0.0924629
  0.484723
  0.320085
    9.9102
   2.43719
-0.0982012
-0.0814204
  0.474964
  0.298754
   9.62649
   2.23894
-0.0939678
 -0.081644
   0.44028
  0.303533
   9.37085
   2.21988
-0.0560773
-0.0718975
  0.438148
  0.270141
    9.2031
   2.25011
-0.0612217
-0.0671692
   0.42909
  0.247922
   9.00805
   2.13439
 -0.120803
-0.0762765
  0.412545
  0.259809
   8.76758
   2.01062
-0.0845145
-0.0699446
  0.395484
  0.252141
   8.63424
   2.00639
-0.0297837
-0.0747471
  0.401133
   0.22737
   8.52389
   2.06732
-0.0637616
-0.0614936
  0.387814
  0.237707
   8.44505
   1.89355
-0.0688962
 -0.069018
  0.389962
  0.232855
   8.34131
    1.9324
-0.0777984
-0.0721482
  0.388098
  0.219553
   8.23858
   1.91186
-0.0416079
-0.0721058
  0.391847
  0.197658
   8.17785
   1.93381
-0.0422522
-0.0678502
  0.378729
  0.164348
   8.07181
   1.81716
-0.0123143
-0.0735818
  0.373013
  0.178498
   8.01019
   1.90785
-0.0942596
-0.0701492
  0.358371
  0.164711
   7.94389
   1.80788
 -0.109597
-0.0693185
  0.356828
  0.168363
   7.86787
   1.76914
 -0.104913
-0.0707354
  0.348112
  0.164301
   7.80321
   1.80144
-0.0467946
-0.0579651
  0.367685
  0.142091
   7.80588
   1.83483
-0.0142522
-0.0594336
  0.352049
  0.138388
   7.78542
   1.75096
-0.0743888
-0.0638802
  0.355855
  0.139967
     7.733
   1.76346
-0.0584649
-0.0638192
  0.350586
  0.125162
   7.67294
   1.73692
-0.0554836
-0.0653825
  0.353047
  0.133311
   7.64462
   1.73416
-0.0859059
-0.0652693
  0.351747
   0.11937
   7.58854
   1.70749
 -0.077306
-0.0664525
  0.339965
  0.106766
   7.49717
   1.67381
-0.0563813
-0.0619245
  0.334179
  0.120783
   7.41996
   1.64097
-0.0809792
-0.0584072
   0.33701
 0.0928812
   7.39395
   1.68337
 0.0113972
-0.0585276
  0.344655
 0.0933388
    7.3952
     1.659
-0.0562003
-0.0545501
  0.319076
 0.0802177
  7.35612
  1.64937
-0.101742
-0.058522
 0.329078
0.0854769
   7.27182
    1.6107
-0.0475125
-0.0603232
  0.323244
 0.0824916
   7.24381
   1.62561
  -0.10362
-0.0571663
  0.323604
   0.07778
     7.209
   1.60465
-0.0550423
-0.0664426
  0.324591
 0.0586092
   7.15903
   1.54332
-0.0891801
-0.0549964
  0.314776
  0.056103
   7.07656
   1.54378
 -0.010708
-0.0508415
  0.322349
  0.075177
   7.04206
   1.59435
-0.0649072
-0.0681827
  0.318836
 0.0594609
   6.98778
   1.54248
-0.0662217
-0.0606979
  0.305987
 0.0615222
   6.96373
   1.49424
-0.0563773
-0.0520155
  0.316481
 0.0424546
   6.91153
   1.52417
-0.0906687
-0.0615155
  0.321637
 0.0613985
    6.7965
   1.44864
-0.0269379
-0.0473774
  0.295564
 0.0526815
   6.81249
   1.52283
-0.0666341
-0.0561248
  0.281068
  0.028127
   6.80038
   1.45908
 -0.104666
-0.0440478
  0.294779
 0.0223762
   6.69587
   1.42692
-0.0313748
-0.0613478
   0.30528
 0.0435396
   6.65852
   1.43795
-0.0152622
-0.0472519
  0.305231
   0.01524
   6.62932
   1.45772
-0.0485132
-0.0485073
  0.303032
 0.0182103
   6.55013
   1.40675
-0.0643654
-0.0408681
  0.290658
 0.0269888
    6.5369
   1.39064
-0.0652021
-0.0553172
   0.29318
 0.0197027
    6.4752
   1.40901
-0.0340788
-0.0458373
  0.299465
 0.0143502
   6.40623
   1.35606
-0.0562401
-0.0568454
  0.279241
0.00483522
   6.34449
     1.384
-0.0969529
-0.0470569
  0.275021
0.00978428
    6.3089
   1.29451
-0.0387781
-0.0483947
  0.282205
 0.0178279
    6.23664
    1.34939
-0.00635054
 -0.0478442
   0.284023
 0.00112143
    6.20327
    1.34224
 -0.0339915
  -0.037873
   0.265848
-0.00983542
    6.15723
     1.2892
  -0.076291
 -0.0483128
   0.262942
-0.00611384
    6.11446
    1.28659
 -0.0479738
 -0.0453543
    0.25243
-0.00207207
   6.12338
   1.32025
-0.0896945
-0.0459458
  0.253796
-0.0170133
   6.03184
   1.19561
-0.0450748
-0.0420722
  0.250272
0.00169288
    5.96017
    1.26638
 -0.0288866
 -0.0393227
   0.246402
-0.00817837
   5.92963
   1.26529
-0.0340899
-0.0273042
  0.234116
-0.0181709
   5.90825
   1.29507
-0.0454818
-0.0371557
  0.239701
 -0.031403
   5.86813
   1.18837
-0.0292778
-0.0472972
  0.243775
-0.0183977
   5.79275
    1.2127
-0.0870065
-0.0400677
  0.249871
-0.0255407
   5.73455
    1.1859
-0.0426395
-0.0427475
   0.22509
-0.0177104
   5.74442
   1.25217
-0.0435095
-0.0396651
  0.227135
 -0.031704
   5.72553
   1.17936
-0.0738733
  -0.04731
  0.223319
-0.0416296
   5.66435
    1.1415
 -0.032474
-0.0354096
  0.240771
 -0.013819
   5.60991
   1.19977
-0.0614715
 -0.037842
  0.239844
-0.0158893
    5.54069
    1.14887
 -0.0052295
  -0.038374
   0.215386
-0.00559675
    5.5984
   1.24033
-0.0582697
-0.0411511
   0.21754
-0.0371692
   5.55607
   1.10763
-0.0380085
-0.0463475
  0.232512
-0.0236403
   5.53056
   1.14818
-0.0441542
-0.0420106
  0.233327
-0.0176076
   5.47353
   1.14486
-0.0424463
-0.0411774
  0.236294
-0.0269841
    5.45556
    1.09552
-0.00890685
 -0.0478734
   0.229792
 -0.0144967
    5.4813
   1.13785
-0.0695912
-0.0312174
  0.201488
-0.0318774
     5.4484
    1.06438
-0.00102539
 -0.0332675
   0.224952
 -0.0155832
   5.37262
   1.14434
-0.0199867
-0.0352866
  0.237357
-0.0324902
   5.31719
   1.02261
-0.0162189
-0.0365472
  0.197319
-0.0286204
   5.30488
   1.11497
 -0.102577
-0.0312139
  0.193259
-0.0209239
   5.23311
   1.04855
-0.0391851
-0.0292486
  0.190198
 -0.021516
   5.22797
   1.14438
 -0.076818
-0.0339934
  0.197625
-0.0350206
   5.16513
    1.0563
-0.0207609
-0.0355017
    0.1898
-0.0310811
   5.18767
   1.07633
-0.0994134
-0.0335485
  0.205186
-0.0379091
    5.12597
    1.06478
-0.00104512
 -0.0400693
   0.197481
 -0.0399145
   5.11487
   1.04117
-0.0627545
-0.0427416
    0.2092
-0.0424873
   5.03174
   1.02662
 0.0129892
-0.0305815
  0.207039
-0.0167121
   5.02676
   1.00196
  -0.03834
-0.0385139
  0.198982
-0.0284762
   4.96194
  0.986567
0.00503592
-0.0438967
  0.198452
-0.0283291
   4.98686
   1.01419
-0.0494823
-0.0351918
  0.193527
-0.0384276
   4.93467
  0.997659
-0.0107212
-0.0378569
  0.179371
-0.0342868
   4.96565
   1.01658
-0.0867238
 -0.032262
  0.178528
-0.0452413
    4.8898
  0.967415
0.00650032
-0.0435544
  0.181451
-0.0213769
   4.93242
   1.08084
-0.0767855
-0.0403008
  0.173638
-0.0315884
    4.9443
  0.982785
-0.0911433
  -0.03356
  0.174621
 -0.045551
   4.86908
  0.995284
  -0.04536
-0.0399294
  0.178923
-0.0502768
   4.84397
   1.03396
-0.0572007
-0.0333997
  0.169526
-0.0479882
   4.78267
  0.885874
 0.0170469
-0.0263899
  0.178345
-0.0140505
   4.80871
   1.03593
-0.0491169
-0.0254282
  0.171034
-0.0303616
   4.74814
  0.892736
-0.0154125
-0.0237733
    0.1727
-0.0196557
   4.72876
  0.922781
-0.0444577
 -0.034748
  0.174538
-0.0272273
   4.72947
  0.975193
-0.0350989
 -0.028588
  0.178338
-0.0338501
   4.69386
  0.912983
 0.0059646
-0.0316589
  0.183844
-0.0379205
   4.68615
   1.02039
-0.0567167
-0.0310606
  0.171248
-0.0473627
   4.64705
  0.891897
-0.0565672
-0.0308339
  0.172114
-0.0349167
   4.64817
  0.968987
 -0.070507
-0.0296149
  0.162678
-0.0521052
    4.62643
   0.901032
0.000282386
 -0.0250874
   0.168693
 -0.0443888
   4.60264
   1.01598
-0.0609003
-0.0223805
  0.155092
-0.0432079
    4.60196
   0.862575
-0.00766739
 -0.0299708
   0.167883
 -0.0468898
   4.58467
  0.929753
-0.0513236
-0.0378966
  0.172169
-0.0434479
   4.56098
  0.925144
-0.0201951
-0.0326334
  0.168415
-0.0480079
   4.56775
  0.922391
-0.0705994
-0.0364768
  0.171619
-0.0591526
   4.52405
  0.886641
-0.0376068
-0.0413449
  0.165732
 -0.053463
   4.51397
  0.932791
-0.0180932
-0.0271143
   0.16818
-0.0543083
   4.48964
  0.930641
-0.0210279
-0.0279742
   0.16198
-0.0536671
   4.51879
  0.856013
-0.0480031
-0.0296331
  0.152189
-0.0509355
   4.52855
   0.99641
-0.0428793
-0.0258986
  0.168593
-0.0651422
     4.495
   0.85271
-0.0211445
-0.0272737
  0.172912
-0.0344916
   4.47776
  0.936574
 -0.051182
-0.0412075
   0.17314
-0.0648371
   4.45115
  0.908663
-0.0154995
-0.0419891
  0.185055
 -0.037822
   4.42838
  0.846794
-0.0281589
-0.0274348
  0.192626
 -0.033454
   4.41294
  0.923271
-0.0475592
-0.0323735
  0.180198
-0.0544357
   4.38937
  0.863568
-0.0399268
-0.0261307
  0.171014
-0.0390566
   4.37913
  0.824828
-0.0426297
 -0.043527
  0.180018
-0.0558352
   4.32897
  0.829082
-0.0314909
-0.0275043
  0.167227
-0.0391857
   4.35069
  0.879543
-0.0179277
-0.0252573
    0.1739
-0.0403706
   4.34389
  0.880775
 -0.034995
-0.0386595
  0.174807
-0.0522187
   4.29519
  0.831188
-0.0243885
-0.0393171
  0.161503
-0.0261311
   4.30809
  0.903489
 -0.071789
-0.0268178
  0.165664
-0.0470156
   4.32701
  0.781691
-0.0331303
-0.0383216
  0.166063
-0.0355056
   4.31468
  0.864336
-0.0475353
-0.0298501
  0.157406
-0.0522237
   4.28844
  0.907633
-0.0237025
-0.0257978
  0.156933
 -0.058414
   4.25378
  0.822862
-0.0570582
-0.0340169
  0.163521
-0.0616729
   4.24545
  0.888723
-0.0400308
-0.0220777
  0.162768
-0.0440607
   4.26059
  0.838492
-0.0797941
 -0.036863
  0.165654
 -0.055473
   4.25081
  0.836679
-0.0247434
 -0.028689
  0.163143
-0.0471553
    4.22735
   0.867229
-0.00488225
 -0.0339373
   0.183791
 -0.0598969
   4.25765
  0.870208
-0.0462342
-0.0322904
  0.168076
-0.0539881
   4.27574
  0.845472
-0.0312477
-0.0272439
  0.165474
-0.0390179
   4.33418
  0.851599
-0.0287483
-0.0280547
  0.174693
-0.0560178
   4.28243
  0.842858
-0.0315679
-0.0323442
  0.168407
 -0.034752
   4.31405
  0.839474
-0.0424769
-0.0357032
  0.171713
-0.0519407
   4.28866
  0.861145
-0.0303409
-0.0323505
  0.179564
-0.0469769
   4.25843
  0.812956
-0.0501103
-0.0252821
  0.169915
-0.0316082
   4.25246
  0.855924
-0.0661835
-0.0428578
  0.175382
-0.0467308
   4.23257
  0.844207
 -0.035529
-0.0273445
  0.163813
-0.0660811
   4.20465
  0.812335
-0.0291807
 -0.034507
  0.175118
-0.0471973
   4.20169
  0.870427
-0.0277907
-0.0413127
  0.178669
-0.0586373
   4.19118
  0.799319
-0.0224919
-0.0277188
  0.160998
-0.0341925
   4.20685
  0.839528
-0.0386621
-0.0309071
  0.175765
-0.0545983
   4.19603
  0.831882
-0.0332097
-0.0351219
  0.165344
-0.0504577
   4.19212
  0.839868
-0.0364177
-0.0367111
   0.16581
-0.0544272
   4.14975
  0.827337
-0.0315874
-0.0319181
  0.175531
-0.0463149
   4.10546
  0.821884
 -0.049318
-0.0330813
  0.164844
-0.0548763
     4.045
  0.806499
-0.0488798
 -0.032374
  0.163036
-0.0429198
   3.92887
  0.780805
-0.0509062
-0.0325887
   0.14646
-0.0554708
   3.81475
  0.747873
-0.0402722
-0.0255176
  0.149556
-0.0439121
   3.74979
  0.742877
-0.0407803
-0.0279573
  0.148992
-0.0417992
    3.7581
  0.741829
-0.0342431
-0.0358024
  0.151978
 -0.042876
   3.79543
  0.750753
-0.0433387
-0.0256879
  0.139565
 -0.052089
   3.85846
  0.764999
-0.0343393
-0.0205461
  0.148111
-0.0429215
   3.92299
  0.779631
-0.0406051
-0.0296968
  0.148154
-0.0629177
   3.94635
  0.786748
-0.0348186
-0.0217297
   0.14869
-0.0571442
     3.914
  0.782758
-0.0401258
-0.0308623
  0.141999
-0.0517994
   3.84834
  0.763056
-0.0389254
 -0.030236
  0.153382
-0.0586713
    3.8261
  0.761049
-0.0350733
-0.0327708
  0.155225
-0.0442542
   3.80115
  0.752895
-0.0416775
-0.0299045
  0.151175
-0.0452577
     3.791
  0.751266
-0.0452963
-0.0334113
  0.142206
-0.0617055
   3.74499
  0.746263
-0.0369231
-0.0199802
  0.145988
-0.0602484
   3.71671
  0.733765
-0.0379482
-0.0280508
  0.147386
 -0.050467
   3.70116
  0.738156
-0.0399677
-0.0303273
  0.140067
-0.0543301
   3.67507
  0.735422
-0.0387218
-0.0240522
  0.140649
-0.0628835
   3.65771
  0.722142
-0.0383173
-0.0181092
  0.148431
-0.0377671
   3.68022
  0.730067
-0.0364011
-0.0392335
  0.156993
 -0.045578
   3.68422
  0.731094
-0.0434075
-0.0269866
  0.139458
-0.0664927
   3.67633
  0.729684
-0.0329867
-0.0320767
  0.157686
-0.0506142
   3.63665
  0.722404
-0.0359091
 -0.032285
  0.144555
-0.0380433
   3.63038
  0.722796
-0.0372834
-0.0245484
  0.129913
-0.0576744
   3.58658
  0.706527
-0.0336535
-0.0287374
  0.135527
 -0.041101
   3.57054
   0.70431
-0.0357152
 -0.031975
  0.138837
-0.0370127
   3.61587
  0.714731
-0.0359726
-0.0190592
  0.132956
-0.0486308
   3.65205
  0.719373
-0.0384317
-0.0176279
  0.140726
-0.0510665
   3.70121
   0.72938
-0.0409785
-0.0227417
  0.132064
-0.0527388
  3.73034
 0.737664
-0.040968
 -0.02485
 0.143854
-0.050764
   3.74504
  0.745321
-0.0354236
-0.0250065
  0.137162
-0.0555184
   3.72941
  0.740613
-0.0354139
 -0.037889
  0.151592
-0.0522181
   3.70916
  0.730467
-0.0376525
-0.0271235
  0.138169
-0.0523387
   3.67572
  0.732587
-0.0336976
-0.0269767
  0.141828
-0.0433518
   3.64173
  0.727487
-0.0381219
-0.0256071
  0.133051
-0.0516127
   3.63956
  0.718679
-0.0416285
-0.0309375
  0.143834
-0.0471812
   3.64291
  0.721835
-0.0372379
-0.0315973
  0.140546
-0.0531985
     3.631
  0.719609
 -0.036037
-0.0318036
   0.13685
-0.0513442
   3.62993
  0.715574
-0.0406526
-0.0271039
  0.134621
-0.0563065
   3.62855
  0.721402
-0.0414878
-0.0327554
  0.140517
-0.0497615
   3.63951
  0.718436
-0.0371846
-0.0353553
  0.145006
-0.0472404
   3.67007
  0.729388
-0.0374502
-0.0298787
  0.135895
-0.0630663
   3.66635
  0.719947
-0.0381972
 -0.020924
  0.141203
-0.0382879
   3.68379
  0.733411
-0.0405958
-0.0234637
  0.137021
-0.0564171
   3.69711
  0.728758
-0.0454288
 -0.028459
  0.138106
-0.0593302
   3.67782
  0.723593
 -0.041812
-0.0242166
  0.147253
 -0.052098
    3.6354
  0.719323
-0.0357496
-0.0256767
  0.140847
 -0.041502
   3.63372
   0.71745
-0.0314093
-0.0279732
  0.145339
-0.0454696
   3.62735
  0.718339
-0.0412403
-0.0260417
   0.13653
-0.0394732
    3.6021
  0.710976
-0.0370433
-0.0268891
  0.137403
-0.0550291
   3.58532
  0.711797
-0.0400223
-0.0308715
  0.131595
-0.0434952
   3.60839
  0.719366
-0.0437165
-0.0273284
  0.131286
-0.0626871
   3.60647
  0.710135
-0.0401541
-0.0272185
  0.138141
 -0.040217
   3.59858
  0.707916
-0.0336675
-0.0304861
  0.135429
-0.0496107
   3.61528
  0.717205
-0.0312647
-0.0234508
  0.146296
-0.0519801
   3.63617
  0.724924
-0.0380782
-0.0236889
  0.137702
-0.0577879
   3.65303
  0.724186
-0.0346291
-0.0213081
  0.150742
-0.0462283
   3.63953
   0.72039
-0.0354656
 -0.019102
  0.149027
-0.0344955
    3.6217
  0.716247
-0.0376786
-0.0256377
  0.142163
-0.0322633
   3.61926
  0.716948
-0.0383575
-0.0264746
  0.133217
-0.0674678
   3.60426
  0.711273
-0.0343687
-0.0223276
  0.136483
-0.0367966
   3.59647
  0.708149
-0.0345579
-0.0322122
  0.136945
-0.0406805
   3.56037
  0.704658
-0.0354435
 -0.021261
  0.142835
-0.0497419
   3.56831
  0.705055
-0.0355207
-0.0303159
  0.137984
-0.0445484
   3.59264
  0.707172
 -0.034542
-0.0265799
  0.131531
-0.0431374
   3.58873
  0.714411
-0.0323329
-0.0381103
  0.144762
-0.0534765
   3.61322
  0.716518
-0.0413176
-0.0299367
  0.142509
-0.0514292
   3.63182
  0.725289
-0.0379664
 -0.031488
  0.141122
-0.0537029
   3.63379
  0.716811
-0.0324693
 -0.030587
  0.144188
-0.0451288
   3.63753
  0.728636
-0.0367758
-0.0196004
  0.144561
-0.0592704
   3.63911
  0.721277
-0.0312004
-0.0245077
  0.142025
-0.0445186
   3.63046
  0.722446
-0.0401179
-0.0304689
  0.142908
-0.0477751
   3.61547
  0.715287
-0.0469133
-0.0338807
  0.140182
-0.0480604
   3.61071
  0.718832
-0.0433689
-0.0284547
  0.148391
-0.0502226
   3.61845
  0.720891
-0.0422249
-0.0259138
  0.130544
-0.0463644
   3.61546
  0.716407
-0.0444631
-0.0227726
   0.13565
-0.0443437
   3.61275
  0.710819
 -0.038827
-0.0170982
  0.137016
-0.0377319
   3.60525
  0.706971
-0.0356234
-0.0218482
  0.140357
-0.0413703
   3.59311
  0.713721
-0.0422871
-0.0312553
  0.131956
-0.0502904
   3.60063
  0.707988
-0.0370764
-0.0301778
  0.139484
-0.0582911
   3.61341
  0.715094
-0.0391254
-0.0355305
   0.14233
 -0.050821
   3.57986
  0.718851
 -0.027346
-0.0230054
  0.148812
-0.0498989
   3.58174
  0.709158
-0.0369456
-0.0350675
   0.15032
-0.0628561
   3.55481
  0.700845
 -0.035455
-0.0345815
  0.151848
-0.0459086
   3.56393
  0.706868
 -0.037563
-0.0235692
  0.139782
-0.0480566
   3.55704
  0.708785
-0.0409717
-0.0348485
   0.13947
-0.0517578
   3.55978
  0.706051
-0.0377529
-0.0337087
  0.146992
-0.0547106
     3.568
  0.706719
-0.0397774
-0.0312506
  0.147646
-0.0425519
   3.58846
  0.707604
-0.0321953
-0.0273933
  0.141906
-0.0458973
   3.60115
  0.714711
 -0.036842
 -0.030926
  0.136366
-0.0569007
   3.60545
  0.715128
-0.0354985
-0.0230948
  0.145407
-0.0496024
   3.61574
  0.714226
-0.0368173
-0.0333461
  0.145292
-0.0479115
   3.61867
  0.720498
 -0.043303
-0.0222353
  0.139085
-0.0504544
   3.60299
  0.715819
-0.0376352
-0.0324094
  0.136461
-0.0411192
   3.57779
  0.708841
-0.0274701
-0.0308585
  0.140239
-0.0387528
   3.57749
  0.711791
-0.0317362
 -0.016523
  0.145444
-0.0421822
   3.56304
  0.700861
-0.0389214
-0.0339747
  0.147827
-0.0495399
   3.57668
    0.7047
-0.0323703
-0.0244842
  0.130594
-0.0576401
   3.56438
   0.70474
-0.0321709
-0.0241021
  0.142665
-0.0563695
    3.5384
  0.700861
-0.0351476
-0.0276624
  0.142359
-0.0434837
   3.57351
  0.709137
-0.0400066
-0.0315268
  0.135673
-0.0548848
    3.5823
  0.707491
-0.0344221
-0.0239451
   0.13353
-0.0512631
   3.59828
   0.71878
-0.0375099
-0.0285439
  0.138656
-0.0452852
   3.59445
  0.708328
-0.0331509
 -0.030098
   0.14057
-0.0363808
   3.61629
  0.721339
-0.0431644
-0.0303681
  0.143743
-0.0440459
   3.63126
   0.71941
-0.0413825
-0.0237379
  0.144314
-0.0599546
   3.62193
   0.72301
 -0.039991
-0.0344595
   0.13645
-0.0491475
   3.62203
  0.723753
-0.0365845
-0.0257319
  0.148355
-0.0539526
   3.59327
  0.714726
 -0.035029
-0.0172539
  0.134116
-0.0351095
   3.58188
  0.709429
-0.0353845
-0.0238091
  0.132863
-0.0476047
   3.58393
  0.710368
-0.0376297
-0.0194879
  0.150517
-0.0540813
   3.57377
  0.709129
-0.0351474
-0.0254513
  0.147118
-0.0410535
   3.56802
  0.706339
-0.0354967
 -0.029028
   0.13846
-0.0543456
   3.57677
   0.71344
-0.0410937
-0.0276616
  0.142893
-0.0631742
   3.54988
  0.704253
-0.0406968
-0.0311191
  0.130634
-0.0392651
   3.56089
  0.711364
-0.0350739
-0.0220068
  0.139718
-0.0483504
   3.56031
  0.703451
-0.0296343
 -0.034694
  0.134039
-0.0359009
   3.55466
   0.70198
-0.0375307
-0.0254189
  0.136637
-0.0468679
   3.57842
  0.715441
-0.0374588
-0.0254933
  0.133905
-0.0506511
    3.5862
  0.708662
-0.0365179
-0.0262122
  0.142636
-0.0464025
   3.56603
  0.705385
-0.0410062
-0.0349318
   0.13281
-0.0470813
   3.56158
  0.707857
-0.0272585
   -0.0289
  0.145944
-0.0399271
   3.55306
  0.699484
-0.0342598
-0.0302948
  0.139886
-0.0459118
   3.56046
  0.703787
-0.0339366
-0.0270928
  0.137621
-0.0334718
   3.58023
  0.707574
-0.0410726
-0.0266338
  0.144498
-0.0531282
    3.5825
  0.707919
-0.0383147
-0.0179816
  0.144436
-0.0303246
    3.5989
  0.716934
 -0.031956
-0.0236215
  0.154941
-0.0510652
   3.60365
  0.713412
-0.0376861
-0.0279568
  0.141775
-0.0466636
   3.59173
  0.711175
-0.0343897
-0.0292902
  0.143128
-0.0516324
   3.59315
  0.713265
-0.0455889
-0.0345979
  0.133638
-0.0521182
    3.5842
  0.717148
-0.0420847
-0.0271478
  0.139662
-0.0595598
    3.5856
  0.710574
-0.0356972
-0.0313687
  0.146343
-0.0633051
    3.5734
   0.71025
 -0.035312
-0.0264385
  0.138946
-0.0510164
   3.56396
  0.714186
-0.0364418
-0.0397803
  0.141886
-0.0559514
   3.56513
  0.710082
-0.0420006
-0.0298816
  0.141554
-0.0536889
   3.57855
  0.706086
-0.0353621
 -0.023548
  0.138367
-0.0462408
   3.57286
  0.704204
-0.0363106
-0.0227838
  0.141876
-0.0389596
   3.57676
  0.713334
 -0.038556
-0.0326638
  0.146525
-0.0470695
   3.57225
  0.706662
-0.0363185
-0.0232512
    0.1377
 -0.042593
   3.59525
  0.713474
-0.0367044
-0.0325454
  0.144061
-0.0567352
   3.59641
  0.718516
-0.0417139
-0.0237189
  0.136064
-0.0383812
   3.61092
  0.718008
-0.0421123
-0.0254104
  0.141559
-0.0501051
   3.58995
  0.710334
 -0.037477
  -0.02901
  0.148047
-0.0396663
   3.60577
  0.713384
-0.0387845
-0.0277594
  0.146707
-0.0462152
   3.57945
  0.710439
-0.0375043
-0.0326694
  0.140352
-0.0433643
   3.56846
  0.705372
-0.0396393
-0.0227118
  0.141567
-0.0421182
     3.594
  0.710363
-0.0345693
-0.0261229
  0.141412
-0.0602327
   3.57153
  0.709844
-0.0374929
-0.0209583
  0.133707
 -0.051112
   3.56304
   0.70141
-0.0417611
-0.0281573
  0.134896
-0.0294466
   3.55021
  0.703021
-0.0407532
-0.0284564
  0.131391
-0.0432268
   3.60628
  0.710845
 -0.041063
-0.0293831
  0.141173
 -0.042711
   3.60508
  0.716394
-0.0376886
-0.0247368
  0.139881
-0.0525664
   3.60622
  0.720415
-0.0408325
-0.0310195
  0.154115
-0.0468165
   3.60683
  0.718195
-0.0356376
-0.0208556
  0.147593
-0.0668749
   3.61115
  0.716424
-0.0377102
-0.0302767
  0.138549
-0.0473296
   3.59336
  0.713739
-0.0396055
-0.0241244
  0.138539
-0.0388017
   3.58131
  0.712056
-0.0350203
 -0.026825
  0.139905
-0.0349313
   3.58954
  0.712334
-0.0365815
-0.0260547
   0.15366
-0.0565918
   3.58672
  0.714803
 -0.037719
-0.0296845
  0.138644
-0.0584232
   3.55882
  0.701358
 -0.035211
-0.0298603
  0.131143
-0.0372036
   3.57966
  0.710403
-0.0329937
-0.0258304
  0.148274
-0.0456617
   3.59949
  0.713972
  -0.04002
-0.0226408
  0.143469
-0.0587066
   3.60044
  0.709378
 -0.038723
-0.0293665
  0.142142
 -0.038174
    3.6175
  0.715328
-0.0401348
-0.0330084
  0.137002
 -0.050603
   3.60424
  0.719527
  -0.03863
-0.0313216
  0.137506
-0.0449347
    3.6224
  0.721814
 -0.035371
-0.0307239
  0.151685
-0.0460532
   3.61492
  0.718713
-0.0397304
-0.0244386
  0.137307
-0.0410842
   3.62007
  0.714479
-0.0332126
-0.0248215
  0.151595
-0.0430276
   3.61722
  0.717845
 -0.035448
 -0.023417
   0.14541
-0.0495808
   3.61226
  0.711751
-0.0446007
-0.0279956
  0.140099
 -0.051503
    3.6084
   0.71946
-0.0433603
-0.0290703
  0.138889
-0.0579265
   3.61063
  0.709785
-0.0400501
-0.0293105
  0.140512
-0.0441006
   3.58459
  0.715162
-0.0430607
-0.0301395
  0.134142
-0.0472181
   3.59288
  0.715301
-0.0400254
-0.0305689
  0.153729
-0.0619868
   3.60524
  0.715571
-0.0342109
-0.0276441
  0.140668
-0.0431321
    3.5946
  0.707889
-0.0341921
-0.0304402
  0.148066
-0.0358757
   3.59968
  0.711805
-0.0368559
-0.0350891
  0.142248
 -0.057785
   3.60142
  0.713049
-0.0402492
-0.0365363
  0.141652
-0.0603006
   3.61148
  0.714958
-0.0335696
-0.0271745
  0.137813
-0.0629099
   3.61321
  0.716828
-0.0332932
-0.0278616
  0.146848
-0.0518747
   3.61753
  0.715937
-0.0345485
-0.0285177
  0.149018
-0.0554323
   3.60302
  0.715546
-0.0435139
-0.0316595
  0.138404
-0.0612555
   3.58501
   0.71384
-0.0365815
-0.0258206
  0.146918
-0.0602898
   3.61094
  0.717917
 -0.039884
-0.0255915
  0.142622
-0.0501407
   3.60966
  0.714051
-0.0347072
-0.0271854
  0.144072
-0.0647302
   3.59276
    0.7074
-0.0362496
-0.0240141
  0.138839
-0.0291855
   3.61984
  0.715167
-0.0345059
-0.0261521
  0.150918
-0.0524871
   3.60117
  0.706691
 -0.038692
 -0.021276
   0.13188
-0.0349042
   3.62179
  0.715735
-0.0366934
-0.0263042
  0.151092
-0.0501263
   3.61134
  0.715734
-0.0344025
-0.0301081
  0.144367
 -0.049277
   3.61307
  0.708212
-0.0367093
-0.0299239
  0.143384
-0.0408874
   3.60943
  0.715811
-0.0309202
-0.0232482
  0.146204
-0.0474046
   3.60939
  0.715253
-0.0343525
-0.0297399
  0.143038
-0.0470177
   3.58277
   0.71417
 -0.042059
-0.0303677
  0.141557
-0.0536574
   3.57841
  0.715934
-0.0397127
-0.0257687
  0.153172
-0.0570613
   3.57038
  0.705677
-0.0351351
-0.0283368
  0.147777
-0.0374739
   3.57574
  0.709389
-0.0330339
-0.0242539
  0.141908
-0.0481067
   3.59354
  0.713139
-0.0366976
-0.0200807
  0.145774
-0.0636764
   3.57711
  0.712145
-0.0429338
-0.0277834
  0.137277
-0.0419686
   3.60765
  0.713835
-0.0391504
-0.0273626
  0.144513
-0.0646031
    3.6015
  0.713439
-0.0345499
 -0.029316
  0.141986
-0.0585194
   3.62001
  0.713657
-0.0347496
-0.0289444
  0.138274
-0.0589829
   3.61404
  0.722094
-0.0432473
-0.0278393
  0.139086
-0.0539645
   3.57845
  0.706095
-0.0349885
-0.0332637
  0.143693
-0.0231261
   3.58904
  0.713996
-0.0399161
-0.0253554
  0.131787
-0.0556175
   3.57055
  0.713873
-0.0373325
-0.0285286
  0.147964
-0.0480508
   3.59001
  0.709025
-0.0402545
-0.0326398
  0.138513
-0.0620794
   3.56107
  0.701433
 -0.036405
-0.0216224
  0.138165
-0.0459436
   3.56045
  0.703791
-0.0339147
-0.0270927
  0.137621
-0.0334714
   3.58453
  0.715258
-0.0432752
-0.0311218
  0.138222
-0.0585881
   3.56196
  0.707121
-0.0381461
-0.0211664
  0.142065
-0.0299703
   3.57064
  0.712848
-0.0317257
-0.0347993
   0.14506
-0.0410203
   3.60749
  0.714643
 -0.042263
-0.0292423
  0.146204
-0.0533136
   3.59794
  0.712634
-0.0339921
-0.0171754
  0.145707
-0.0379046
   3.60361
  0.712623
-0.0368774
-0.0340088
  0.137118
-0.0578947
    3.5816
   0.71117
-0.0416471
-0.0244567
  0.141184
 -0.031823
   3.60808
  0.711507
-0.0335935
-0.0300605
  0.138471
-0.0593317
   3.60343
  0.714041
-0.0390166
-0.0284141
  0.137298
-0.0585021
   3.59995
  0.710776
-0.0414869
-0.0321001
  0.140973
-0.0662583
   3.59474
  0.707865
-0.0343804
-0.0206531
  0.142554
-0.0498246
   3.61619
  0.713234
-0.0435068
-0.0202791
  0.137167
-0.0565468
   3.59195
  0.711392
-0.0361917
-0.0217622
  0.147493
-0.0354883
   3.58701
  0.714152
 -0.036102
-0.0291195
  0.142844
-0.0328336
   3.61684
  0.718821
-0.0335547
-0.0237488
  0.134591
-0.0665432
   3.60803
  0.720925
 -0.045485
-0.0333355
  0.144766
 -0.053752
   3.62517
   0.71967
-0.0375325
-0.0178558
   0.13875
-0.0428143
   3.60466
  0.718511
-0.0429432
-0.0241679
  0.136905
-0.0396689
   3.61642
   0.71995
-0.0412385
-0.0360699
  0.143841
-0.0571874
   3.59572
  0.711109
-0.0412484
-0.0348981
   0.14136
-0.0553986
   3.59518
  0.714092
-0.0355475
-0.0299297
  0.145212
-0.0570743
   3.59031
  0.708812
-0.0353995
-0.0238718
  0.138369
-0.0462197
    3.5985
  0.708229
-0.0379572
-0.0319382
  0.141094
-0.0539447
   3.59817
  0.710703
-0.0335009
-0.0215462
  0.145886
-0.0644692
   3.60749
  0.714708
-0.0345379
-0.0236391
  0.135245
-0.0586961
   3.60913
  0.717286
-0.0353313
-0.0215283
  0.144369
-0.0479646
   3.60992
  0.714095
-0.0342569
-0.0189289
  0.145606
-0.0464184
   3.60424
  0.719656
 -0.038523
-0.0330678
  0.145108
-0.0401748
    3.5993
  0.714242
-0.0344552
-0.0275898
  0.140946
-0.0568919
   3.57932
  0.711597
-0.0351452
-0.0265282
  0.138761
-0.0418393
   3.60865
  0.709367
-0.0379334
-0.0309776
  0.148125
-0.0508679
   3.58562
  0.710697
 -0.035493
-0.0330801
  0.153853
-0.0539628
   3.56869
  0.703126
-0.0363459
-0.0342144
   0.13636
-0.0344083
    3.5882
  0.709757
-0.0329655
-0.0209276
  0.150839
-0.0420846
   3.57712
  0.713101
 -0.031695
-0.0201303
  0.148675
-0.0450063
   3.57567
  0.708418
-0.0276889
-0.0355624
   0.14213
-0.0524358
   3.55899
  0.709706
-0.0394931
-0.0307083
  0.133978
 -0.040781
   3.58947
  0.711021
-0.0310404
-0.0377444
  0.137261
-0.0475109
   3.59981
  0.711678
-0.0345418
-0.0303048
  0.140368
-0.0556284
    3.5881
  0.708953
-0.0346832
-0.0251238
  0.137703
-0.0672064
   3.58795
  0.710163
-0.0320029
-0.0246766
  0.142483
-0.0471609
   3.58214
  0.717302
-0.0427803
-0.0278931
    0.1371
-0.0392607
   3.57597
  0.707203
-0.0296919
-0.0366304
    0.1405
-0.0380177
   3.60386
  0.712629
-0.0321363
-0.0279694
  0.148657
-0.0486464
   3.59483
  0.715358
-0.0377393
-0.0315371
  0.139593
-0.0554559
   3.57765
  0.709465
-0.0386003
 -0.031771
  0.142718
-0.0429795
   3.58818
  0.708978
-0.0342743
-0.0258529
  0.141133
-0.0464933
   3.60273
   0.70946
-0.0419276
-0.0199664
  0.144021
-0.0355069
   3.61031
  0.711959
-0.0331552
-0.0212638
  0.137441
-0.0410753
   3.62593
  0.715165
-0.0322445
 -0.032746
  0.154448
-0.0449056
   3.63152
  0.726879
-0.0420931
-0.0315116
  0.146891
-0.0495027
   3.64945
   0.72111
  -0.03356
-0.0230461
   0.14029
-0.0546978
   3.65353
  0.720952
-0.0356935
-0.0306914
  0.148061
 -0.044611
   3.65414
  0.727442
-0.0334621
-0.0249812
  0.135648
-0.0549905
   3.65286
  0.723763
-0.0423371
-0.0314892
  0.144501
-0.0457564
    3.6473
  0.720792
-0.0379165
 -0.031264
   0.13864
-0.0453823
    3.6473
  0.721067
-0.0322271
 -0.027191
  0.134128
 -0.041386
   3.63306
  0.720201
-0.0355856
-0.0298569
  0.146736
-0.0488518
   3.66733
  0.723984
-0.0337033
-0.0257985
  0.143897
-0.0562386
   3.64418
  0.725245
-0.0413139
-0.0365047
  0.154769
-0.0562842
   3.65156
  0.720528
-0.0401143
-0.0281766
  0.136914
-0.0424566
   3.64475
  0.724201
-0.0333542
-0.0209283
  0.150086
-0.0541048
   3.64662
  0.724826
-0.0398259
-0.0237922
  0.143105
-0.0402906
    3.6538
  0.728761
-0.0355135
-0.0274264
  0.133737
-0.0464085
   3.62334
  0.717722
-0.0352998
-0.0271015
  0.136196
 -0.035353
   3.62899
   0.72067
-0.0397243
-0.0223967
  0.139209
-0.0381179
     3.626
  0.714773
-0.0420604
-0.0327456
  0.141075
-0.0308487
   3.63057
  0.722426
-0.0420567
-0.0244097
  0.135011
-0.0433419
   3.63143
  0.727463
-0.0432645
-0.0269675
  0.139379
 -0.054565
   3.62968
  0.716526
 -0.033485
-0.0311773
  0.140854
-0.0500683
   3.62247
  0.712413
-0.0380434
-0.0249579
  0.138912
-0.0556726
   3.61938
  0.716404
-0.0368293
-0.0318523
  0.144439
-0.0554401
   3.61442
  0.720373
-0.0489079
-0.0265206
  0.132674
-0.0553113
   3.60512
  0.707819
-0.0366251
-0.0208685
  0.148234
-0.0460801
   3.62273
  0.719883
-0.0388095
-0.0327325
  0.141488
-0.0452214
   3.61947
  0.715782
-0.0378993
 -0.034432
  0.143194
-0.0505174
   3.61483
  0.710029
-0.0367534
 -0.024916
  0.146048
-0.0483718
   3.61053
  0.719387
-0.0466184
-0.0268734
  0.134972
-0.0530335
    3.5934
  0.712315
-0.0377752
-0.0338829
  0.137686
-0.0519321
   3.57135
  0.710279
-0.0361137
-0.0254365
  0.128781
-0.0354749
    3.5933
  0.713024
-0.0388444
-0.0310859
  0.137776
-0.0522358
    3.5929
   0.71476
-0.0457384
-0.0310759
  0.142853
-0.0663349
   3.60003
  0.710592
-0.0390397
-0.0313001
  0.137956
-0.0549238
   3.60894
  0.716633
 -0.036937
-0.0324009
  0.141683
-0.0659356
   3.61736
  0.716559
-0.0378115
-0.0277758
  0.139306
-0.0512818
   3.62319
  0.719124
-0.0355213
-0.0177763
  0.138761
-0.0543403
   3.62605
  0.713849
-0.0369443
-0.0351765
   0.13968
-0.0513297
    3.6204
  0.712526
 -0.034461
-0.0279214
  0.146354
-0.0444354
   3.60172
  0.711926
-0.0367129
  -0.03091
  0.124108
-0.0490249
    3.6127
  0.719071
-0.0410444
-0.0272198
  0.143088
-0.0526918
    3.6059
  0.712662
-0.0375292
-0.0304848
  0.146431
-0.0367437
   3.61596
  0.712662
 -0.027974
-0.0413024
  0.156087
-0.0518184
   3.62221
  0.713695
-0.0379995
-0.0236009
  0.139201
-0.0563043
   3.57464
  0.704602
 -0.036356
-0.0312296
  0.141207
-0.0366131
   3.61202
  0.712517
-0.0334594
 -0.031601
  0.144745
-0.0523032
   3.60677
  0.717413
 -0.036665
-0.0306028
  0.140457
-0.0551428
   3.60098
   0.71603
 -0.036649
-0.0255107
  0.137608
-0.0575431
   3.59677
  0.707326
-0.0412895
-0.0259288
  0.139549
-0.0559151
   3.60786
  0.712347
-0.0369718
 -0.032048
   0.14044
-0.0617917
   3.60931
  0.715296
-0.0347058
-0.0298841
  0.143409
-0.0653502
   3.58439
  0.715863
-0.0398274
-0.0344899
  0.147085
-0.0541931
   3.58677
  0.706011
-0.0363584
-0.0279451
  0.137979
-0.0337673
   3.59583
  0.711403
 -0.033319
-0.0278597
  0.142755
-0.0536532
   3.59696
  0.715795
-0.0377979
-0.0220478
  0.135225
-0.0624957
   3.59804
  0.711116
-0.0319494
-0.0259529
  0.140775
-0.0396659
    3.5916
  0.712337
-0.0320191
 -0.023148
  0.141537
-0.0501071
   3.57575
   0.71842
-0.0405309
-0.0252339
  0.138831
-0.0451534
   3.57973
  0.710544
-0.0351697
-0.0215929
  0.148165
 -0.045636
   3.59299
  0.714822
-0.0354137
-0.0272929
  0.140278
-0.0532439
   3.59244
  0.717041
-0.0407948
-0.0325997
  0.144137
-0.0447428
   3.57091
  0.702895
-0.0330919
-0.0294854
  0.140659
-0.0410047
   3.58177
  0.710317
-0.0341484
-0.0247591
  0.149404
-0.0475915
   3.60298
  0.715995
-0.0400848
 -0.028315
  0.136723
-0.0594269
    3.6141
  0.721683
-0.0366629
-0.0266358
  0.134671
-0.0588307
   3.59873
  0.717772
-0.0372395
-0.0244096
  0.151676
-0.0375355
   3.60457
  0.718466
-0.0363637
-0.0323702
  0.154621
-0.0439969
   3.61718
  0.716479
-0.0379025
-0.0358882
  0.137401
-0.0512588
   3.61844
  0.720822
-0.0355852
-0.0292201
  0.145505
-0.0576654
    3.6164
  0.711825
 -0.036842
-0.0288933
  0.150606
-0.0534561
   3.63585
  0.716826
-0.0358583
-0.0294049
  0.144443
-0.0561878
   3.60525
  0.715251
-0.0420481
-0.0297163
  0.136331
-0.0426848
   3.63105
  0.719836
-0.0379408
-0.0293783
  0.144531
-0.0557231
   3.61763
  0.715103
-0.0353148
-0.0332263
  0.138756
-0.0323407
   3.63133
  0.719806
-0.0374528
-0.0202122
  0.142171
-0.0352085
   3.63365
  0.717753
-0.0356613
-0.0294249
  0.151005
-0.0498015
   3.64615
   0.72574
-0.0357892
-0.0292701
   0.13629
-0.0594813
    3.6386
  0.724146
-0.0354768
-0.0183186
  0.145418
-0.0525072
   3.62725
  0.718252
-0.0389096
-0.0312201
  0.140628
-0.0462829
   3.62525
   0.71895
-0.0343588
-0.0217804
  0.143709
-0.0493333
   3.62658
  0.721703
-0.0422482
-0.0264721
   0.14422
-0.0546012
   3.60187
  0.711404
 -0.035672
 -0.031471
  0.132758
-0.0531394
   3.61737
   0.70866
-0.0375539
-0.0210015
  0.147469
 -0.031348
   3.62898
  0.719886
-0.0344085
-0.0314685
  0.148171
-0.0468662
   3.63382
  0.725908
-0.0401013
-0.0276521
  0.142436
-0.0605192
   3.62419
  0.721844
-0.0455011
-0.0392772
  0.137923
-0.0433996
   3.61721
  0.717296
-0.0408853
-0.0287448
  0.137103
-0.0377876
   3.60885
  0.717963
-0.0408692
-0.0246621
  0.132642
-0.0437668
   3.60178
  0.712664
 -0.033034
-0.0270036
  0.138584
-0.0376895
   3.61156
  0.715051
 -0.033103
-0.0287779
  0.145045
-0.0398172
   3.60479
  0.717526
 -0.035277
 -0.027545
  0.140094
-0.0440568
   3.62145
  0.717429
-0.0352775
-0.0244955
  0.143607
-0.0375128
   3.62454
  0.721032
-0.0401578
-0.0295034
  0.139292
 -0.059331
   3.62195
  0.714291
-0.0368814
-0.0299708
   0.14225
-0.0542425
   3.60468
  0.717236
-0.0289968
-0.0322887
  0.142699
-0.0624866
   3.62549
  0.716992
-0.0334169
-0.0309006
  0.146272
-0.0505902
   3.62523
  0.718274
-0.0333726
-0.0295434
   0.14656
 -0.051222
   3.62199
  0.715194
-0.0420003
-0.0226101
  0.140796
-0.0361523
   3.63725
  0.719715
-0.0334595
-0.0312243
  0.146274
-0.0505694
   3.65059
  0.725391
-0.0354453
-0.0222007
  0.136299
-0.0428524
   3.65411
  0.727604
-0.0356352
-0.0256735
  0.138387
-0.0525742
   3.64913
  0.722722
-0.0379558
-0.0231098
  0.146149
-0.0550821
   3.63396
   0.71698
-0.0344245
-0.0222912
  0.145032
-0.0451132
   3.64496
  0.721849
-0.0400283
-0.0360694
  0.147081
-0.0411525
   3.61483
  0.718718
-0.0375266
 -0.030459
  0.145111
-0.0409327
   3.63085
  0.711801
-0.0379167
-0.0298785
  0.147081
-0.0427308
   3.64241
  0.724427
 -0.038927
-0.0286579
  0.139972
-0.0498402
   3.63442
  0.713783
-0.0358936
-0.0317505
  0.142536
 -0.052665
   3.63633
  0.715008
-0.0366919
-0.0300875
  0.147478
 -0.039098
   3.64028
  0.724954
 -0.046719
-0.0249842
  0.135639
-0.0523603
   3.65457
  0.725884
 -0.036961
-0.0225161
   0.14293
-0.0629951
   3.65056
  0.725315
-0.0410678
-0.0289297
  0.152307
-0.0442928
   3.63482
  0.721377
-0.0389377
-0.0303939
  0.142247
-0.0491635
   3.65417
  0.726978
-0.0346925
-0.0294161
  0.142283
-0.0590575
   3.66032
   0.72731
-0.0393455
-0.0265894
  0.141009
-0.0675215
   3.64736
   0.72128
-0.0469108
-0.0224987
  0.136483
-0.0544271
   3.65254
  0.725762
-0.0311647
-0.0238777
  0.143738
-0.0519703
   3.62418
  0.714679
-0.0364936
-0.0202997
  0.137417
-0.0383665
   3.64595
  0.727231
-0.0379656
-0.0245858
  0.140362
-0.0622924
   3.62578
  0.715051
-0.0365859
-0.0377307
  0.138645
-0.0336173
   3.65137
  0.730251
-0.0367111
-0.0270304
  0.132019
-0.0542405
   3.63906
  0.721099
-0.0390331
-0.0284339
  0.145569
-0.0530595
   3.64838
   0.72508
-0.0378785
-0.0316171
  0.139883
-0.0495261
   3.65399
  0.727773
-0.0357045
-0.0324225
  0.149023
-0.0545909
   3.64433
  0.716427
  -0.03229
 -0.023359
  0.136495
-0.0417811
   3.62525
  0.718352
-0.0354212
-0.0292899
  0.145313
-0.0420197
   3.64089
  0.721681
-0.0457375
-0.0304962
  0.134972
-0.0507931
   3.63305
  0.721103
-0.0386903
-0.0236594
  0.150425
-0.0421674
   3.63849
  0.723453
 -0.036726
-0.0290469
  0.142362
-0.0521456
   3.63987
  0.718522
-0.0389958
-0.0171973
  0.140154
-0.0520051
   3.63094
  0.720231
-0.0344714
-0.0300542
  0.141805
-0.0493009
   3.61791
  0.713978
-0.0377172
-0.0304183
  0.138543
-0.0408509
    3.6201
  0.714386
-0.0375103
  -0.02082
  0.133896
-0.0341413
   3.61413
  0.712875
-0.0456741
-0.0246586
  0.137624
-0.0518617
   3.60749
  0.714987
 -0.036516
-0.0260426
  0.145493
-0.0469377
   3.61421
  0.712475
-0.0363995
 -0.030169
  0.144349
-0.0312806
   3.62611
  0.714421
-0.0356094
 -0.027559
  0.137797
-0.0448937
   3.61791
  0.715243
 -0.035538
-0.0162726
  0.139136
-0.0530977
   3.61238
  0.712854
-0.0375493
-0.0149418
  0.146246
 -0.043109
   3.58901
  0.714073
-0.0274782
-0.0276292
   0.13711
-0.0469583
   3.61659
  0.711268
 -0.040043
-0.0263258
  0.145359
-0.0463042
   3.60529
  0.714153
-0.0469525
-0.0349113
  0.133337
-0.0603024
   3.59842
  0.709341
 -0.033208
-0.0268153
  0.144273
-0.0454921
   3.60096
  0.706489
-0.0324218
-0.0318585
  0.141227
-0.0531467
   3.61308
  0.716847
-0.0378677
-0.0298076
   0.13617
 -0.056551
   3.58291
  0.714697
-0.0403244
-0.0226045
  0.139304
-0.0288876
   3.59553
  0.713423
-0.0318411
-0.0255624
  0.151612
-0.0406994
    3.5984
   0.70899
-0.0390424
-0.0291437
  0.141183
-0.0542492
   3.56105
  0.700711
-0.0332646
-0.0286984
   0.13828
-0.0502382
     3.4848
   0.683536
-0.00257288
  -0.015008
   0.147538
 -0.0428412
   3.46723
  0.695408
-0.0189287
-0.0326548
  0.137174
-0.0405573
   3.50805
  0.669753
-0.0501947
-0.0364644
  0.133536
-0.0362333
   3.47939
  0.677698
-0.0379198
-0.0324488
  0.126725
-0.0531597
   3.43683
  0.693364
-0.0267003
-0.0266411
  0.126108
-0.0336868
   3.39047
  0.671042
-0.0359257
-0.0145178
  0.115271
-0.0396617
   3.37729
   0.65563
 -0.050093
-0.0224925
  0.125002
 -0.053418
   3.36898
  0.683634
-0.0335394
-0.0195504
   0.12691
-0.0499162
   3.32705
  0.676962
-0.0154979
 -0.021216
   0.12277
-0.0501239
   3.32442
   0.67989
 -0.055389
 -0.019761
  0.117914
-0.0429076
    3.24891
   0.583149
-0.00736879
 -0.0317063
   0.118847
 -0.0425536
   3.20479
  0.696784
-0.0449004
-0.0247009
  0.104201
-0.0488549
   3.21252
  0.645381
-0.0463658
-0.0145241
  0.109774
-0.0535214
   3.20648
  0.625357
-0.0224792
-0.0243508
  0.113333
-0.0527498
   3.22062
  0.646162
-0.0161595
-0.0159724
  0.113053
-0.0316188
    3.2428
  0.665457
-0.0589262
-0.0244175
  0.103914
-0.0545664
   3.23932
  0.598243
-0.0384323
-0.0306488
  0.111145
-0.0402608
   3.22408
  0.657158
-0.0220689
-0.0237952
  0.108376
-0.0407771
    3.25024
   0.669706
-0.00966191
 -0.0180051
   0.106304
 -0.0423341
   3.27438
  0.645534
-0.0795898
-0.0166287
    0.1019
-0.0363386
   3.27393
  0.591343
-0.0366493
-0.0307083
  0.114168
-0.0356125
   3.28305
  0.651963
-0.0329186
-0.0231944
  0.110154
-0.0496471
    3.26824
    0.66236
-0.00237214
  -0.026141
   0.115737
  -0.052962
   3.26377
  0.664805
-0.0196279
-0.0180116
  0.109819
-0.0424809
   3.29555
  0.643073
-0.0593059
-0.0226832
  0.116008
-0.0287661
    3.30841
   0.631482
-0.00878729
   -0.02431
    0.12815
 -0.0379455
     3.34122
    0.687797
-0.000684835
  -0.0178355
    0.120736
  -0.0339784
    3.31373
   0.708264
-0.00901084
 -0.0212194
   0.112076
 -0.0464974
   3.36975
  0.653196
-0.0601314
-0.0147474
  0.116102
-0.0393299
   3.36747
  0.652243
-0.0215002
-0.0292874
  0.110225
  -0.03673
   3.36816
  0.668795
-0.0197371
-0.0172631
  0.107435
 -0.026413
   3.37703
  0.665959
-0.0309986
-0.0191289
  0.107054
-0.0235847
   3.41449
  0.673029
-0.0582667
-0.0211198
 0.0953504
-0.0378415
   3.42187
  0.649699
-0.0364551
 -0.023354
  0.107723
-0.0245487
    3.4415
  0.672809
 0.0133055
-0.0152916
  0.100937
-0.0268973
   3.43585
  0.698805
-0.0335546
-0.0115881
  0.109754
-0.0279103
   3.45559
    0.6744
-0.0511263
-0.0210485
  0.109837
-0.0292872
   3.46469
   0.74356
-0.0457747
 -0.022369
  0.101008
-0.0291169
   3.49807
  0.722536
-0.0583176
-0.0277602
 0.0945764
-0.0540469
   3.49975
  0.697012
-0.0264501
-0.0293793
  0.112248
-0.0497764
   3.52904
   0.74214
-0.0183697
-0.0183279
  0.110316
-0.0475948
     3.5651
   0.673948
-0.00905396
 -0.0204961
   0.118858
 -0.0279431
   3.57311
  0.739161
-0.0248591
-0.0210072
  0.110426
-0.0158496
   3.55323
  0.699313
-0.0309431
-0.0202255
  0.127682
-0.0466006
   3.57657
  0.723402
-0.0348503
-0.0246174
  0.118385
-0.0370611
   3.58208
  0.706474
-0.0365719
-0.0384667
  0.104076
 -0.024167
   3.59371
  0.720142
 -0.024358
-0.0266675
  0.114368
-0.0411427
    3.6031
  0.743407
-0.0827867
-0.0253756
  0.118432
-0.0273181
   3.58102
  0.694591
0.00753288
-0.0246939
  0.118556
-0.0116064
   3.63055
  0.805039
-0.0482323
-0.0194692
  0.117217
-0.0300189
    3.63468
   0.750439
-0.00762345
 -0.0164681
   0.122827
 -0.0220016
    3.68565
   0.735195
 -0.0387044
  -0.019087
   0.131281
-0.00972686
   3.68044
   0.72952
-0.0246217
 -0.025217
  0.117027
-0.0202821
   3.67968
  0.706014
 0.0109051
-0.0216497
  0.119444
0.00256787
   3.70881
   0.76996
-0.0768979
-0.0205353
  0.135328
 -0.012274
   3.71184
  0.754841
0.00565817
-0.0272435
  0.131355
-0.0344274
   3.74852
  0.775398
-0.0741526
-0.0267302
   0.11453
 -0.024891
    3.73622
   0.703479
-0.00744998
 -0.0164168
    0.13732
-0.00673882
    3.75682
   0.786441
 -0.0306194
 -0.0159047
   0.139985
-0.00305503
   3.79325
  0.742246
-0.0380423
-0.0242247
  0.122605
 -0.017346
    3.79718
   0.780405
 0.00684955
 -0.0205154
    0.13549
-0.00924305
   3.82322
  0.774475
-0.0840017
-0.0238745
   0.12336
-0.0175068
    3.81643
   0.786125
-0.00301203
 -0.0285407
   0.142071
0.000136727
    3.86343
   0.787669
 -0.0526473
 -0.0341733
   0.136256
-0.00665362
   3.88363
  0.800102
0.00330818
-0.0178119
  0.137763
-0.0086232
    3.93032
   0.848919
 -0.0138463
  -0.022373
   0.136492
-0.00958614
    3.95995
    0.78153
 -0.0127867
 -0.0220681
   0.133868
-0.00466167
   3.99456
  0.819813
-0.0441571
-0.0292463
  0.131515
0.00570527
    4.02567
   0.801516
 -0.0306694
 -0.0195659
    0.13138
-0.00604021
   4.07017
  0.841453
-0.0903819
-0.0263731
  0.122539
-0.0101706
    4.06063
   0.848078
 -0.0228399
 -0.0194807
   0.139136
-0.00584594
    4.08938
   0.876092
 -0.0556108
 -0.0181188
   0.125161
-0.00547897
   4.15011
  0.861795
-0.0746754
 -0.030914
  0.128376
-0.0138668
    4.16657
   0.808262
   -0.05922
 -0.0220638
   0.134926
-0.00129933
     4.1792
   0.925869
 -0.0413635
 -0.0281684
   0.146632
-0.00291233
    4.1872
  0.826407
 0.0285027
-0.0304499
  0.167174
 0.0119323
   4.21278
  0.886776
-0.0436277
-0.0312597
   0.15088
0.00810058
   4.25718
  0.828582
  -0.01799
-0.0164293
  0.154354
0.00697984
    4.31452
   0.966287
 -0.0194677
 -0.0353213
   0.170119
-0.00255606
     4.3245
   0.894634
 -0.0329831
 -0.0326259
   0.163671
-0.00625507
   4.31247
   0.87547
-0.0561679
-0.0331624
  0.165254
 0.0258185
    4.33913
   0.914001
-0.00848668
 -0.0189978
   0.173593
  0.0106564
   4.38235
  0.932823
-0.0283836
-0.0199996
  0.170147
 0.0142717
   4.39608
   0.90834
-0.0236441
-0.0198286
  0.162996
 0.0176907
   4.42193
  0.957243
-0.0909366
-0.0329913
  0.157824
 0.0102037
    4.4328
  0.854262
-0.0485422
-0.0291506
  0.160381
0.00723348
    4.4773
  0.959835
-0.0424189
-0.0236841
  0.172819
0.00615335
   4.52786
  0.972581
0.00202835
-0.0301094
  0.163487
 0.0213357
   4.56202
    0.9049
-0.0144237
-0.0230606
  0.172311
 0.0419581
   4.61756
  0.968657
-0.0573174
-0.0313676
  0.169923
 0.0157386
   4.62497
  0.981894
-0.0252492
-0.0287017
  0.167635
   0.03378
   4.66986
   1.02079
-0.0802414
-0.0309809
  0.170414
 0.0212128
   4.64938
  0.929982
 -0.027388
-0.0171913
  0.171658
 0.0382549
   4.70574
   1.06304
-0.0175993
-0.0318258
  0.188927
 0.0166056
   4.75313
   1.00102
-0.0284276
-0.0151879
  0.179948
 0.0281715
   4.84004
   1.00811
-0.0562379
-0.0252768
  0.179147
 0.0176675
   4.86249
   1.04525
-0.0608498
-0.0374725
  0.196943
 0.0219439
   4.93527
   1.05281
-0.0263469
 -0.025182
  0.189132
 0.0265883
   4.97248
   1.12454
-0.0655642
 -0.043951
   0.19761
 0.0362027
   5.02822
   1.01565
-0.0412534
-0.0357985
  0.205221
 0.0397062
    5.05154
    1.13166
-0.00645895
   -0.03694
   0.208778
  0.0459162
    5.1103
   1.13719
-0.0170754
-0.0290009
  0.209375
 0.0319151
   5.14135
   1.10081
-0.0661479
-0.0318191
  0.213177
 0.0549629
   5.15792
   1.10038
  -0.04793
-0.0273672
  0.206572
 0.0398336
   5.20493
   1.12955
-0.0367222
 -0.031479
   0.21355
 0.0401754
   5.25609
   1.16845
-0.0670956
-0.0348122
  0.223651
 0.0523128
   5.32321
   1.14468
-0.0351705
 -0.036426
   0.22145
 0.0392226
   5.38432
   1.20298
 -0.109609
-0.0448423
  0.221555
 0.0454908
   5.40754
   1.13735
-0.0521623
-0.0425224
  0.242544
 0.0583557
    5.51461
    1.23856
-0.00588092
 -0.0484359
   0.253169
  0.0664435
   5.54137
   1.25792
-0.0381983
 -0.046436
  0.261708
 0.0713257
   5.56468
   1.21095
-0.0551466
-0.0358762
  0.262043
 0.0853286
   5.61056
    1.2618
-0.0659324
-0.0470124
  0.246668
 0.0643162
   5.63707
   1.27347
-0.0922677
-0.0415572
  0.253527
 0.0724356
    5.6213
   1.26105
-0.0135674
-0.0517028
  0.284978
  0.107991
   5.69949
   1.26295
-0.0319166
-0.0414011
   0.27845
  0.100479
   5.71835
    1.2969
-0.0356999
-0.0535945
    0.2782
 0.0914796
   5.78717
    1.2764
-0.0566893
-0.0473029
  0.272285
  0.111796
   5.83824
   1.29651
-0.0530353
 -0.053348
  0.268171
   0.12829
    5.9286
   1.35371
-0.0344643
-0.0514694
  0.275464
  0.131134
   6.01512
   1.37235
-0.0797047
-0.0647404
  0.298405
  0.128028
   6.06671
   1.35464
-0.0739161
 -0.058805
  0.298963
  0.127945
    6.1456
    1.4522
-0.0978799
-0.0650619
  0.292797
  0.107985
   6.16845
    1.3885
-0.0602189
-0.0569867
  0.292741
  0.131757
   6.22494
   1.44095
-0.0345813
-0.0501612
  0.313924
  0.121963
   6.29744
   1.47642
-0.0506463
-0.0506511
  0.305119
  0.136807
   6.31559
   1.46942
-0.0354165
-0.0543308
  0.327253
  0.139642
   6.39177
   1.46947
-0.0652553
-0.0592875
  0.305811
  0.151209
     6.467
   1.47356
-0.0883057
-0.0675572
  0.299224
  0.149612
   6.52974
   1.55315
-0.0583075
 -0.068584
  0.335243
  0.159955
   6.54526
   1.53182
-0.0583082
-0.0538697
  0.338126
  0.164994
   6.57007
   1.56816
-0.0423454
-0.0492413
  0.322452
  0.170173
   6.72236
   1.61476
-0.0588486
-0.0605848
  0.326468
   0.16138
   6.84717
   1.57479
-0.0739287
-0.0591189
  0.342462
   0.17226
    6.9057
    1.6716
-0.0760753
-0.0699514
  0.355383
  0.191232
   6.96842
   1.66948
 -0.069708
-0.0563277
  0.346132
  0.212103
    7.0422
   1.70771
-0.0851307
  -0.06596
  0.357856
  0.203527
   7.12674
   1.66053
-0.0782842
-0.0831384
  0.356793
  0.205096
   7.18862
   1.75334
-0.0591156
-0.0719058
   0.36287
  0.208683
   7.23669
   1.76109
-0.0620129
-0.0668015
  0.366125
    0.2448
   7.30717
   1.72243
-0.0920356
-0.0778312
  0.372309
  0.242751
   7.36798
   1.79272
-0.0601125
 -0.067086
  0.377006
  0.265195
   7.45925
   1.81853
-0.0523461
-0.0668168
  0.396466
  0.256463
   7.52309
    1.8281
-0.0397941
 -0.072763
  0.404048
  0.272416
   7.58681
   1.85657
-0.0431982
-0.0787993
   0.40949
  0.291719
   7.6583
  1.92285
-0.104569
-0.091378
 0.403177
 0.287511
   7.73063
   1.90494
-0.0568406
-0.0846651
  0.409856
  0.303765
   7.79199
   1.91692
 -0.110903
-0.0840546
  0.405622
  0.307747
   7.84707
   1.97547
-0.0628557
-0.0717648
  0.406228
  0.306822
   7.95044
   1.92934
-0.0740265
-0.0733767
  0.407897
  0.329071
   8.05207
   2.08249
-0.0652111
-0.0807081
  0.425529
  0.343954
   8.20799
   2.04083
-0.0376943
-0.0867685
  0.444955
  0.352418
   8.27653
   2.08608
-0.0613771
-0.0776057
  0.449127
  0.365269
   8.37753
   2.17763
 -0.114813
-0.0867044
  0.449738
  0.365619
   8.37757
   2.13185
 -0.076733
-0.0869593
  0.451003
  0.384973
   8.53295
   2.19493
-0.0695233
-0.0728899
  0.446451
  0.408327
    8.6139
   2.20184
-0.0743227
-0.0816422
  0.456193
   0.42825
   8.64959
   2.21679
-0.0876954
-0.0939116
  0.472283
  0.433539
   8.70597
   2.23266
-0.0876545
 -0.094067
  0.478833
  0.453185
   8.79092
   2.29615
  -0.08574
-0.0862872
  0.471308
  0.473636
   8.95807
   2.34201
-0.0893883
-0.0958403
  0.486062
  0.503347
   9.07717
   2.32786
-0.0543584
-0.0895841
  0.517823
  0.513531
    9.1147
   2.40708
-0.0562482
 -0.103702
  0.522476
  0.515714
   9.15876
   2.41364
-0.0735732
-0.0917963
  0.506795
  0.504322
   9.40468
    2.5865
-0.0955718
-0.0965646
  0.523656
  0.525089
   9.61617
   2.53697
-0.0963574
 -0.101812
   0.53606
  0.565567
   9.76455
   2.60245
-0.0949186
 -0.107655
  0.555538
  0.597784
    9.7913
   2.63953
-0.0518598
  -0.10412
  0.553836
  0.613489
   9.85591
   2.74706
-0.0789625
 -0.103533
  0.562364
  0.615109
  10.1077
  2.71033
-0.121734
-0.115427
 0.556851
 0.662387
   10.4116
   2.83898
 -0.112542
-0.0988958
  0.578817
  0.697676
   10.5244
   2.87784
-0.0851122
 -0.102052
  0.569624
  0.709134
   10.6186
   2.99906
-0.0746687
  -0.11464
  0.586272
   0.71814
   10.7629
   3.04802
 -0.103221
-0.0983221
  0.599287
  0.759159
  10.9839
   3.0281
-0.126388
-0.120469
 0.606908
 0.811021
  11.4085
  3.32431
-0.129304
-0.114092
 0.622906
 0.838416
  11.6057
  3.21932
-0.117203
-0.124248
 0.648958
 0.901428
   11.0946
   3.18763
-0.0780229
 -0.106821
  0.635313
  0.814381
   10.5496
   2.99476
-0.0335624
 -0.104911
  0.618003
  0.740703
   10.3722
   2.90182
-0.0657858
 -0.108485
  0.590082
  0.736014
   10.0791
   2.80939
-0.0971593
 -0.110757
  0.575719
  0.695626
    9.8648
    2.7695
-0.0935895
 -0.125504
  0.572504
  0.681353
  9.62853
  2.68389
-0.117958
-0.104233
 0.543217
 0.677581
    9.23783
    2.58374
-0.00978018
  -0.102565
   0.515718
   0.636096
   9.10776
   2.53876
-0.0838167
 -0.097939
  0.502724
  0.618438
    9.0157
   2.48877
-0.0445493
-0.0942267
  0.485255
   0.60384
   8.88736
   2.55539
-0.0789762
-0.0814422
   0.48169
  0.584677
    8.8135
   2.41581
-0.0565302
 -0.091831
  0.474197
  0.615379
   8.54798
   2.35715
-0.0695631
-0.0846283
  0.447854
  0.579129
   8.42582
   2.36673
-0.0483592
-0.0902254
  0.432933
  0.573021
    8.3408
   2.34248
-0.0700862
-0.0769447
  0.426629
  0.568514
   8.34534
   2.34886
 -0.085654
-0.0812903
  0.406393
  0.558743
   8.23531
   2.30607
  -0.10408
-0.0827014
  0.399556
  0.567069
    7.97013
    2.19979
-0.00512065
 -0.0884786
     0.4077
   0.557556
    7.8539
   2.20382
-0.0970021
-0.0713835
  0.378438
  0.532426
   7.79822
    2.1376
-0.0555432
-0.0871445
  0.367718
  0.531658
   7.64337
   2.15929
 -0.102806
-0.0577357
  0.362737
  0.522029
   7.45023
    2.0076
-0.0386824
-0.0683031
  0.356101
  0.520044
   7.23983
   2.04333
-0.0630403
-0.0582419
  0.331613
  0.466515
   7.09829
   1.93026
 0.0215272
-0.0536806
  0.335573
  0.485735
   6.91766
   1.93373
-0.0300006
-0.0615868
  0.321365
   0.46657
    6.7504
    1.8416
-0.0556193
-0.0680453
  0.311986
  0.446353
   6.60481
    1.8731
-0.0843122
-0.0707501
  0.292574
  0.427544
   6.30708
   1.67433
-0.0391692
 -0.058084
  0.275693
   0.40733
   6.26672
   1.74457
-0.0541743
-0.0539362
  0.289369
  0.412238
   5.99799
   1.64541
-0.0258564
-0.0450713
  0.256662
  0.399094
   5.87657
   1.61564
-0.0558663
-0.0527126
  0.257067
  0.389886
   5.65944
   1.54556
-0.0278101
-0.0341417
  0.243479
  0.380746
    5.54212
    1.50662
-0.00839601
 -0.0430958
   0.249672
   0.373782
   5.43727
   1.55878
-0.0635487
-0.0455233
  0.226556
  0.353584
    5.24452
    1.38006
-0.00182063
  -0.035641
    0.22429
   0.360186
   5.10413
   1.40619
-0.0561948
-0.0444326
  0.214494
  0.321201
     4.88136
     1.29542
-0.000967988
  -0.0459332
    0.200847
    0.345464
   4.76127
   1.29801
-0.0612803
-0.0316705
  0.187719
  0.317596
   4.59155
   1.19792
-0.0572134
-0.0408692
   0.18148
  0.295231
   4.44905
   1.18074
-0.0499761
-0.0337506
  0.186546
  0.285083
   4.33442
   1.21256
 -0.026331
-0.0317802
  0.174334
  0.260367
   4.14569
    1.0789
 0.0224179
-0.0300704
  0.154742
  0.271922
   4.11087
   1.16012
-0.0633026
-0.0285439
  0.151068
  0.250332
   4.02668
   1.06501
-0.0501744
-0.0408958
  0.150036
  0.229957
   3.84314
   1.01013
 -0.057161
-0.0287236
  0.124897
  0.242118
   3.68416
  0.964114
 0.0379743
-0.0315106
  0.136743
  0.225773
   3.57772
  0.988853
-0.0427388
-0.0183446
  0.124075
  0.219856
   3.52641
  0.930615
 0.0224951
-0.0339654
  0.120827
  0.212917
   3.43689
  0.896951
-0.0115814
-0.0347575
   0.11814
  0.183835
   3.31054
  0.835462
-0.0628752
-0.0260577
 0.0961689
  0.193911
   3.10088
  0.776172
-0.0310074
-0.0279274
 0.0899429
  0.185578
     3.0526
   0.844861
-0.00654935
-0.00835462
   0.073413
   0.164461
   3.01226
  0.821122
-0.0239798
-0.0236124
  0.080755
  0.163168
    2.89966
   0.717483
 -0.0335956
-0.00837725
  0.0660209
     0.1582
    2.81834
   0.758175
 -0.0346613
-0.00464527
  0.0640381
   0.164569
   2.69192
  0.713276
 0.0141021
-0.0162482
 0.0735606
  0.139827
   2.63126
  0.697927
 -0.034552
-0.0228451
 0.0662296
  0.147412
   2.57563
  0.634373
-0.0526908
-0.0111481
 0.0523664
  0.150906
   2.51203
  0.696047
-0.0125614
 -0.012417
 0.0437201
  0.144709
   2.43924
    0.6525
-0.0354263
-0.0169798
  0.051182
  0.135626
    2.34848
   0.577808
-0.00117302
 -0.0268375
  0.0544274
   0.117876
    2.24203
   0.548248
 -0.0238197
-0.00763535
  0.0370365
   0.132095
   2.19988
  0.569631
0.00245089
-0.0104194
 0.0317925
  0.120473
   2.15361
  0.583614
   -0.0425
-0.0053866
 0.0460512
  0.113817
   2.07531
  0.508722
 0.0230238
-0.0175567
 0.0559091
   0.10979
   2.02832
  0.552323
-0.0387373
-0.0142017
 0.0437786
  0.103027
    1.96361
   0.445501
-0.00635422
 -0.0186164
   0.040286
   0.116799
   1.93641
  0.465478
-0.0359487
 -0.014871
 0.0350701
  0.103528
   1.85944
  0.539839
 -0.025769
-0.0232281
 0.0355252
 0.0757257
    1.77972
   0.437209
-0.00264742
 -0.0133811
  0.0325819
  0.0999344
     1.766
  0.470178
 0.0207266
-0.0157058
 0.0338027
 0.0955459
   1.71895
  0.359299
-0.0431122
-0.0125784
 0.0327916
 0.0975329
    1.64287
    0.44861
-0.00775693
 -0.0157401
  0.0322331
  0.0844191
    1.60298
   0.407017
   0.047074
-0.00132721
  0.0316322
  0.0736054
   1.57303
  0.410803
-0.0306063
-0.0119494
 0.0279178
  0.077106
    1.50958
   0.308189
-0.00257996
-0.00471024
  0.0101576
  0.0818532
    1.43075
   0.346898
 -0.0306166
-0.00280138
   0.012343
  0.0840451
   1.41116
   0.36871
-0.0113312
-0.0103416
 0.0179509
 0.0685297
   1.37632
  0.385261
-0.0141052
-0.0136191
 0.0105729
 0.0637162
    1.33963
   0.274133
 -0.0537656
-0.00719499
 0.00934436
  0.0519039
   1.26815
  0.290217
-0.0265835
0.00541621
0.00298343
 0.0600991
  1.23739
 0.333558
0.0123675
-0.011413
0.0271065
0.0443706
    1.19716
   0.292539
  -0.023869
-0.00959105
  0.0144164
  0.0583829
    1.16399
   0.266013
 -0.0176055
-0.00854601
  0.0211516
  0.0533056
     1.15233
    0.272247
   0.0282444
-0.000680073
    0.018474
   0.0374393
   1.10148
   0.24057
-0.0176648
-0.0100276
0.00448355
 0.0533197
   1.05893
  0.282488
-0.0074968
 -0.012045
 0.0177576
 0.0334201
     1.0096
   0.245402
 -0.0177339
-0.00862112
 0.00841359
  0.0456273
   0.985124
   0.180562
  0.0142606
-0.00151509
-0.00145685
  0.0438964
   0.989668
   0.269134
 -0.0239159
-0.00560529
-0.00414692
  0.0208608
  0.970847
  0.252032
-0.0206431
-0.0100656
 0.0059281
 0.0338193
   0.929794
   0.188123
   0.012927
-0.00276423
 0.00967942
  0.0438685
  0.902891
  0.226231
-0.0268657
0.00815872
    0.0148
 0.0389412
   0.864904
   0.191439
 0.00556501
-0.00424028
 0.00354325
  0.0239336
   0.851229
   0.269134
 -0.0100191
 -0.0127751
0.000934174
  0.0234534
   0.843592
   0.175068
 0.00398991
 -0.0122077
-0.00259715
  0.0177398
   0.801031
   0.154644
-0.00568078
-0.00721822
  0.0109027
   0.034971
  0.779063
  0.188376
-0.0481691
0.00126716
0.00116154
  0.023168
   0.749486
   0.199368
  0.0193262
-0.00842747
 0.00531537
  0.0275101
   0.717708
   0.158003
   0.019654
-0.00394822
 0.00913399
  0.0274194
    0.705633
    0.156719
  -0.0260602
-0.000361963
 -0.00451637
    0.024043
   0.696066
   0.171636
  -0.043451
-0.00314161
 0.00582835
  0.0195061
   0.635696
   0.136977
  0.0333291
-0.00819012
  0.0142424
  0.0277026
   0.609139
   0.144797
 -0.0210602
-0.00354277
-0.00382497
  0.0142118
   0.624275
   0.115086
 -0.0320175
-0.00299246
 0.00998803
  0.0193151
   0.609959
   0.160065
 -0.0518132
0.000259332
6.73834e-05
  0.0179947
   0.576971
   0.086015
  0.0545783
-0.00778268
 0.00460568
  0.0208259
   0.595191
    0.15289
 -0.0193027
 0.00631134
-0.00158334
  0.0225488
     0.559
 0.0834171
-0.0111634
-0.0100446
0.00808161
  0.016713
   0.521335
   0.149961
 -0.0444691
-0.00447948
 0.00685589
  0.0128422
  0.496864
  0.104026
0.00830331
 0.0054841
0.00538359
 0.0219464
    0.49616
   0.187128
 -0.0400279
-0.00844369
-0.00452622
 0.00129238
   0.524305
  0.0998108
 -0.0171344
-0.00947537
 0.00817217
 0.00783825
  0.494998
  0.112027
-0.0207154
0.00107504
   0.01438
 0.0106374
  0.485755
  0.115459
0.00944807
 -0.003121
0.00644239
0.00623541
  0.480057
  0.122195
 0.0121183
-0.0100976
 0.0189162
 0.0164778
   0.482583
   0.155928
 -0.0240874
 -0.0114459
  0.0065436
0.000181828
    0.48061
  0.0563988
-0.00754158
-0.00707136
  0.0114074
  0.0229154
   0.475041
   0.159251
 -0.0221503
 -0.0344608
 0.00214998
-0.00688518
    0.459202
   0.0236082
-0.000153899
 -0.00777424
   0.0127405
   0.0401505
   0.474599
   0.119879
  0.0055676
-0.00346821
  0.0210744
  0.0241377
   0.464072
  0.0752677
 0.00325576
-0.00107802
  0.0128928
  0.0230842
   0.451495
  0.0846431
-0.00102415
-0.00568652
  0.0147672
  0.0130269
   0.429478
  0.0727359
 -0.0276949
-0.00371532
 0.00590995
  0.0241563
   0.442666
     0.1145
 -0.0249031
-0.00231446
 0.00951342
-0.00318331
  0.413335
 0.0152245
 0.0575051
-0.0131486
  0.017334
 0.0109363
   0.427178
   0.135792
 -0.0196239
  -0.015515
0.000759173
 0.00531724
    0.42485
  0.0564849
 -0.0440196
-0.00398753
 0.00573147
 0.00687187
   0.406757
  0.0343848
 -0.0404125
 -0.0124324
 -0.0163546
-0.00614024
    0.424478
    0.113129
   0.0322879
  0.00571793
  0.00265922
-0.000881567
   0.419826
    0.10506
  0.0758632
-0.00970668
 0.00800241
   0.021013
   0.425861
  0.0792747
 -0.0263798
-0.00702899
 0.00819921
  0.0207468
   0.428674
   0.075654
 -0.0446494
-0.00921863
 0.00879232
 0.00772163
  0.376757
  0.140305
 0.0181933
-0.0102494
0.00687751
   0.01651
   0.385878
  0.0729133
  0.0327875
-0.00888311
 0.00968308
  0.0117458
   0.378196
  0.0794081
 -0.0764029
-0.00923409
-0.00796181
  0.0061547
    0.362731
  -0.0152824
   -0.045061
 -0.00608696
-0.000707977
   0.0313432
   0.387515
   0.147222
 -0.0174744
-0.00990274
-0.00659896
  0.0136456
  0.408551
  0.144896
 0.0344028
-0.0151848
0.00784049
0.00106736
   0.411553
  0.0872616
 -0.0784241
-0.00953488
 -0.0106381
  0.0222571
  0.400349
 0.0989975
-0.0226876
-0.0149941
-0.0101833
0.00118275
   0.44511
   0.11331
-0.0178102
0.00320333
-0.0010682
 0.0130559
   0.400261
  0.0814386
-0.00851299
 -0.0123936
  -0.012868
 0.00855319
    0.418578
     0.11074
   -0.033655
 -0.00681311
-0.000154953
  -0.0060616
    0.402952
   0.0626546
   0.0238154
-0.000242319
   0.0129039
   0.0280928
  0.445492
   0.17375
 -0.028499
-0.0181115
 0.0199429
0.00674083
   0.401274
  0.0671849
  0.0398617
 -0.0185048
 0.00115051
-0.00280311
   0.423181
   0.162372
 -0.0444603
 -0.0154411
-0.00308507
-0.00402343
   0.399192
   0.105203
 -0.0402722
-0.00855706
 0.00272792
-0.00291594
  0.388669
 0.0694532
0.00795362
-0.0104854
0.00700633
0.00341423
  0.391804
 0.0929008
-0.0178379
-0.0058166
0.00743729
 0.0169951
   0.402063
  0.0643902
 -0.0294281
 -0.0147116
0.000618657
-0.00703092
  0.370999
   0.01995
-0.0177223
-0.0137057
0.00878605
 0.0123038
   0.356571
   0.128558
 -0.0414978
 -0.0130396
-0.00472675
-0.00726597
  0.346728
 0.0168505
 0.0336312
-0.0186184
0.00841484
0.00841395
   0.341307
   0.114386
 -0.0561486
-0.00962278
-0.00685727
-0.00393489
   0.33211
-0.0175772
 0.0153025
-0.0106915
 0.0115424
 0.0216312
    0.316807
   0.0963242
  -0.0349394
   0.0016789
-0.000435604
  0.00313067
  0.310654
 0.0757819
 0.0100386
-0.0175513
0.00325287
0.00309286
   0.299837
   0.015672
  0.0669763
-0.00882388
  0.0188664
  0.0275092
   0.286442
   0.110325
 -0.0320643
 -0.0112777
-0.00875611
 0.00666983
    0.285532
  0.00668652
-0.000321849
 -0.00295315
    0.017489
   0.0106634
  0.317499
 0.0822611
-0.0279417
-0.0168076
0.00648448
-0.0062422
   0.278575
0.000698338
  0.0454988
-0.00744364
  0.0252316
  0.0243301
  0.265648
 0.0836665
0.00963862
-0.0148391
 0.0146822
0.00169118
   0.284562
  0.0196368
 -0.0370296
-0.00388247
 0.00431191
 0.00145644
    0.220693
   0.0461745
  -0.0257908
-0.000882908
-0.000925158
  -0.0119293
   0.213304
  0.0609502
 -0.0315478
-0.00292567
 0.00779702
 0.00842946
  0.223807
 0.0863548
 0.0156116
-0.0108711
 0.0151369
-0.0044999
  0.219134
 0.0245687
-0.0143551
-0.0127352
0.00307724
-0.0161075
   0.207554
  0.0225855
 -0.0225015
-0.00780924
  0.0193569
  0.0142321
   0.209776
   0.102603
 -0.0672644
 -0.0110513
-0.00541613
 0.00381423
    0.23377
  0.0332472
  0.0296174
 -0.0148848
  0.0222344
0.000372121
  0.229069
  0.107452
-0.0188193
-0.0197324
 0.0107254
-0.0235203
   0.225204
 -0.0464801
  0.0175355
-0.00771795
  0.0116162
  0.0118133
    0.21305
   0.105829
 -0.0360929
 -0.0166037
 0.00337189
-0.00324803
   0.191334
-0.00658659
  0.0603806
-0.00648118
  0.0143334
  0.0101102
  0.198265
 0.0551655
-0.0608475
0.00387902
 0.0131903
-0.0140928
   0.170076
   0.023561
 0.00571566
-0.00819096
  0.0163614
 0.00803511
   0.168999
  0.0648353
 -0.0756936
 -0.0048536
-0.00306772
  0.0013957
   0.162048
  0.0580748
 -0.0101737
 -0.0169925
  0.0213418
-0.00339228
  0.170921
 0.0663586
-0.0543642
0.00119176
 0.0101274
0.00242021
    0.171358
 -0.00968726
-0.000895503
  -0.0145856
   0.0253422
  0.00837307
   0.148681
  0.0451609
  -0.044736
-0.00637541
 0.00406461
 0.00696852
  0.14786
0.0298798
0.0481294
-0.014493
0.0384586
-0.012642
   0.140017
  0.0473013
 -0.0180196
-0.00272373
  0.0169226
-0.00748892
    0.15273
  -0.027285
  0.0477837
-0.00766218
  0.0286456
0.000598295
   0.141204
  0.0229397
 0.00911405
 -0.0148107
  0.0298749
-0.00376165
  0.105851
-0.0397241
 0.0312355
-0.0103606
0.00712165
0.00835089
   0.140619
   0.043444
 -0.0229831
-0.00791856
 0.00175866
 -0.0218197
   0.119916
 -0.0463551
-0.00237402
 -0.0111163
  0.0231831
  0.0152609
  0.115531
 0.0371644
-0.0111513
-0.0013154
 0.0148729
0.00329302
   0.109878
 -0.0207532
-0.00634846
-0.00637777
 0.00260863
-0.00287035
  0.125656
  0.063501
 0.0280763
-0.0140555
 0.0172966
-0.0143991
    0.116715
    0.050163
  -0.0366169
-0.000354758
   0.0130927
 -0.00598372
  0.0858078
  0.0125409
    0.03148
-0.00455318
  0.0133466
 -0.0159287
  0.0781087
  0.0291036
 -0.0100026
-0.00236667
  0.0177244
-0.00162485
   0.115448
-0.00952008
 -0.0230279
 -0.0172171
    0.02148
 -0.0105841
 0.0879968
 0.0202923
-0.0265066
 -0.015818
 0.0171648
-0.0206672
  0.0932343
  0.0166299
 -0.0127307
-0.00574376
  0.0122475
  0.0036035
  0.106845
-0.0353214
-0.0282851
-0.0164048
  0.018918
-0.0152902
  0.0857898
  0.0032342
-0.00550892
 -0.0119994
  0.0165369
-0.00718783
   0.105454
  0.0360236
-0.00252986
 -0.0035653
  0.0326064
 -0.0155338
  0.0999825
 -0.0671831
 -0.0374176
-0.00642852
  0.0198391
  0.0130594
   0.110973
 -0.0251957
  0.0193539
-0.00391889
 0.00764569
 0.00727684
  0.0747405
  0.0352883
  0.0370378
 0.00228484
  0.0282801
-0.00708059
  0.0777188
 -0.0240853
-0.00391062
-0.00493673
  0.0186929
-0.00681261
  0.0968775
  0.0556982
 -0.0396599
0.000446223
  0.0112887
 -0.0106708
  0.077242
0.00548378
 -0.021654
-0.0072291
  0.019659
 0.0100493
  0.0676882
 0.00993484
 -0.0240018
 -0.0151452
  0.0112815
-0.00232827
  0.0803658
   0.018709
-0.00167912
 -0.0077855
  0.0296359
 -0.0148715
  0.0739674
 -0.0252197
  0.0131492
-0.00186648
  0.0205307
 0.00848964
 0.0828637
 0.0979441
-0.0407221
-0.0109843
 0.0115549
-0.0181025
  0.0842105
 -0.0253163
 0.00843644
-0.00424019
  0.0166912
 0.00293069
  0.0722936
  0.0190472
-0.00678652
 0.00143881
  0.0272366
0.000244059
  0.0850722
  0.0169497
  -0.101903
-0.00246236
  0.0123301
 -0.0019591
  0.0641751
 -0.0374958
 0.00960044
-0.00849702
  0.0133426
  0.0154522
    0.111262
   0.0277047
-0.000448319
  -0.0120949
   0.0264179
 -0.00667264
  0.120535
-0.0783789
 0.0454636
-0.0184606
 0.0185386
0.00247787
   0.11864
0.00290036
0.00393458
-0.0177474
 0.0142357
-0.0246153
  0.0939636
 -0.0323138
  0.0350685
-0.00698068
  0.0309372
 0.00402385
  0.0951873
 0.00813493
 0.00700922
-0.00347969
  0.0233173
 -0.0112856
    0.10024
  0.0123157
   0.027309
 -0.0132815
  0.0305894
0.000283797
   0.104733
 0.00281404
  0.0102896
-0.00067323
  0.0230423
-0.00334785
  0.0888851
 0.00856027
-0.00398033
-0.00595633
  0.0210448
-0.00477688
    0.10927
  0.0195348
 -0.0050467
0.000141036
  0.0288587
 -0.0142846
   0.078178
  0.0197449
 -0.0100743
-0.00428595
  0.0201694
 0.00284003
  0.0829053
-0.00106463
-0.00960679
-0.00632957
  0.0290496
 0.00420704
  0.0980395
  0.0320097
 -0.0280408
-0.00631645
  0.0178723
 -0.0112882
 0.0996765
 0.0153678
-0.0185332
-0.0114005
 0.0289197
-0.0103116
 0.0865542
 0.0279894
-0.0279779
-0.0073197
 0.0174832
-0.0060932
   0.107854
  0.0154098
-0.00975559
 -0.0122298
  0.0265156
 -0.0122489
  0.0915174
  0.0157476
  -0.011542
-0.00370474
  0.0283181
-0.00265199
    0.090195
   0.0116128
  -0.0184132
  -0.0100383
   0.0181757
-0.000772005
  0.0927412
  0.0181115
 -0.0171863
 -0.0139513
  0.0162937
-0.00134139
   0.102946
   0.020098
 -0.0101361
-0.00130884
  0.0169284
   0.012176
 0.0933342
 0.0168367
-0.0146898
  -0.00326
 0.0197393
0.00839826
  0.0856345
  0.0144979
 -0.0158657
-0.00223423
  0.0222014
  0.0041908
  0.0753348
 0.00465914
 -0.0172725
-0.00549985
   0.012953
 0.00288898
 0.0805176
0.00884024
  -0.01155
-0.0078615
 0.0109078
0.00803005
 0.0993022
 0.0168953
-0.0129649
-0.0100625
 0.0238379
-0.0115221
   0.108365
  0.0133526
 -0.0110933
-0.00458041
  0.0117893
 -0.0208275
     0.0746
 0.00755685
  -0.011658
-0.00864545
  0.0148996
 0.00123481
  0.0870502
  0.0162841
 -0.0104186
-0.00757917
 0.00884616
0.000552451
  0.0794578
 0.00503023
-0.00610133
-0.00127083
  0.0140902
 0.00259024
   0.110792
  0.0217639
-0.00582755
 -0.0022393
  0.0204827
 0.00527153
   0.115129
  0.0206922
-0.00271201
-0.00329236
  0.0248754
-0.00293786
   0.108824
  0.0193436
-0.00523439
 -0.0201132
  0.0239773
-0.00966921
   0.119224
  0.0206734
 -0.0095336
-0.00484113
  0.0240593
-0.00671971
   0.116222
   0.024639
-0.00832456
-0.00680724
  0.0267361
 -0.0088788
 0.0842288
 0.0106054
-0.0126458
-0.0116177
  0.020303
0.00797672
   0.105056
  0.0187313
-0.00953838
 -0.0118145
  0.0249979
 -0.0073033
  0.0991133
 0.00853783
-0.00657045
 -0.0103412
  0.0260489
 -0.0147763
  0.0893213
 0.00641296
 -0.0130151
-0.00794974
  0.0162132
-0.00337909
   0.100582
  0.0116535
-0.00848807
 -0.0077153
  0.0266113
-0.00451271
   0.0993586
  0.00784102
 -0.00518411
 -0.00898624
   0.0266256
-0.000734255
     0.10051
    0.012393
 -0.00722328
 -0.00685944
   0.0353634
-8.93813e-05
  0.0783291
 0.00912352
 -0.0128171
-0.00973001
  0.0128009
-0.00138161
  0.0786646
 0.00750289
-0.00832919
-0.00962844
 0.00684592
 0.00358303
   0.101143
   0.018778
-0.00266713
-0.00127654
  0.0239277
-0.00592217
  0.0821143
  0.0113849
 -0.0125515
-0.00495886
   0.016423
 0.00721285
   0.113788
  0.0164655
-0.00532446
 -0.0109686
  0.0209374
 -0.0125023
  0.0796837
  0.0127842
 -0.0116136
-0.00476864
  0.0158662
-0.00523937
  0.0999677
   0.013776
-0.00655778
-0.00487025
 0.00839814
 -0.0222917
  0.0845417
  0.0103871
-0.00595332
0.000845491
   0.022656
0.000881341
  0.0847673
  0.0078625
-0.00835431
 -0.0147325
  0.0219408
 0.00458021
    0.10446
  0.0120574
 -0.0119148
 -0.0149086
  0.0260028
-0.00406884
   0.111867
  0.0249772
  -0.010488
 -0.0126399
  0.0213893
-0.00494843
  0.0865266
 0.00879901
 -0.0074803
 -0.0148126
  0.0159668
-0.00735314
   0.115829
  0.0171365
-0.00740399
-0.00794572
  0.0258674
-0.00776739
 0.0944441
 0.0104819
-0.0131328
-0.0162414
 0.0265628
-0.0112247
  0.106948
 0.0186715
-0.0130883
 -0.018701
 0.0232497
-0.0137695
  0.0997691
  0.0149417
 -0.0117726
 -0.0101292
  0.0243107
-0.00602561
   0.075938
  0.0112284
 -0.0105234
-0.00371724
  0.0180607
-0.00721235
   0.0841526
   0.0116686
 -0.00831765
-0.000820101
   0.0172251
 -0.00666956
   0.108876
  0.0193086
-0.00763552
 -0.0132666
  0.0125693
 -0.0213751
   0.096625
  0.0206634
-0.00896943
-0.00214691
  0.0213148
  0.0089969
  0.0845456
 0.00888109
-0.00389851
 -0.0128586
  0.0205572
 0.00149831
  0.0975111
  0.0155505
 -0.0116481
  -0.010634
   0.014526
1.29833e-05
  0.116871
 0.0208006
-0.0108417
-0.0139024
 0.0201429
 -0.013913
 0.0994748
 0.0156645
-0.0151555
-0.0152584
 0.0214291
-0.0062777
   0.115848
   0.016933
-0.00746032
-0.00527218
  0.0143773
 -0.0103265
  0.0919631
  0.0129266
-0.00952823
 -0.0089004
  0.0202437
-0.00619357
   0.112642
  0.0131221
-0.00611557
 -0.0113059
  0.0348868
 0.00544971
   0.105726
  0.0168416
-0.00816773
-0.00373881
  0.0272935
 0.00277356
  0.0955271
  0.0152364
 -0.0138629
 -0.0109948
  0.0160294
0.000104798
 0.0975271
 0.0150039
-0.0108289
-0.0153168
  0.022414
-0.0132571
   0.111419
  0.0179128
 -0.0062388
  -0.010464
   0.018942
-0.00658407
    0.110848
   0.0202071
  -0.0116558
  -0.0166949
   0.0266835
-0.000288976
   0.0956542
   0.0157443
 -0.00824492
-0.000664978
   0.0213164
  -0.0048973
   0.103388
  0.0165576
 -0.0152098
 -0.0150825
  0.0201953
-0.00859271
   0.103866
  0.0149237
-0.00648106
-0.00824234
  0.0224586
 -0.0196635
    0.10797
  0.0159608
-0.00813145
-0.00452163
  0.0243433
 0.00793185
 0.0955425
 0.0147167
-0.0152382
-0.0145845
 0.0189605
-0.0109272
 0.0870288
0.00731912
 -0.015034
 -0.010944
 0.0168584
0.00525552
   0.112157
  0.0149023
 -0.0075202
-0.00862754
    0.02311
 -0.0117849
   0.104504
  0.0207366
 -0.0128546
  -0.015584
  0.0224075
-0.00818805
  0.0885919
 0.00997003
-0.00800363
-0.00813714
   0.017773
  0.0175822
  0.0910227
  0.0176436
 -0.0124557
-0.00759863
  0.0265959
 0.00558521
   0.112863
  0.0204009
-0.00981586
-0.00973349
  0.0150302
 -0.0212795
  0.0939281
  0.0133116
-0.00734644
-0.00945061
  0.0226358
-0.00848688
   0.104964
  0.0193381
 -0.0128719
-0.00616035
  0.0125391
 -0.0101301
 0.0755929
 0.0122005
-0.0058421
-0.0107379
 0.0182748
0.00585004
  0.0818389
  0.0126459
 -0.0103913
  -0.004726
  0.0217641
-0.00023657
   0.108413
  0.0129001
-0.00958879
 -0.0157615
  0.0295357
0.000548009
  0.0969108
 0.00942044
-0.00859225
-0.00839692
  0.0238536
-0.00853027
  0.102515
 0.0115421
-0.0096642
-0.0156319
 0.0296306
-0.0040453
  0.0819671
  0.0123898
-0.00818307
 0.00181821
  0.0122917
-0.00283853
   0.105721
  0.0154401
  -0.013145
-0.00938454
 0.00796459
 -0.0152038
  0.0840851
  0.0121001
-0.00461382
-0.00231577
  0.0181016
  0.0112998
  0.0830442
 0.00647032
-0.00496729
 -0.0114959
  0.0148434
 0.00692045
   0.106354
  0.0141584
-0.00603215
-0.00170125
  0.0249329
 0.00161299
  0.0952151
  0.0164708
-0.00925347
 -0.0166969
   0.028882
 0.00655471
  0.113052
 0.0201593
-0.0127702
-0.0115678
 0.0287728
-0.0022229
   0.105315
  0.0095813
 -0.0115824
-0.00536135
  0.0280054
  0.0109263
   0.109655
  0.0172153
-0.00959924
-0.00715305
  0.0289916
 -0.0105727
  0.0983823
  0.0120806
-0.00598909
-0.00745813
  0.0138994
 0.00827795
    0.10298
  0.0107554
-0.00592245
-0.00544025
  0.0292876
  0.0121539
  0.0932003
  0.0074754
 -0.0153147
  -0.008503
  0.0178126
-0.00785979
    0.10079
  0.0109696
-0.00725935
-0.00642344
  0.0273806
0.000367016
   0.101276
  0.0166839
 -0.0118087
 -0.0181285
  0.0278176
-0.00651896
   0.105577
  0.0169805
 -0.0105682
-0.00855447
  0.0292659
-0.00396832
 0.0900731
 0.0120537
-0.0127635
-0.0127239
 0.0242944
 0.0011997
  0.0822449
 0.00996404
-0.00847651
  -0.011742
  0.0214803
-0.00817084
  0.112347
 0.0223245
-0.0130341
-0.0125625
 0.0084492
-0.0153772
   0.107538
  0.0170125
 -0.0108887
-0.00273101
 0.00391165
 -0.0183135
 0.0769038
0.00607473
-0.0128408
-0.0120759
 0.0108894
0.00213806
  0.0964647
  0.0120582
 -0.0107371
-0.00056378
  0.0205317
 -0.0121427
  0.0936737
  0.0151662
-0.00578534
-0.00535123
  0.0236976
 0.00888099
  0.0830045
 0.00739051
-0.00825584
-0.00537241
  0.0187255
 0.00444652
   0.119597
  0.0185854
 -0.0062462
-0.00917702
  0.0247379
-0.00582587
 0.0824878
0.00904514
-0.0171636
-0.0122762
 0.0166545
0.00635105
   0.109547
  0.0169998
0.000477113
-0.00885141
  0.0131038
-0.00461042
  0.104618
 0.0208933
-0.0126151
-0.0132576
 0.0308652
0.00115241
   0.102236
  0.0128578
    -0.0119
 -0.0132117
  0.0250611
-0.00702068
   0.100345
  0.0118982
 -0.0129968
 -0.0172492
  0.0302687
-0.00424686
   0.107524
  0.0166253
-0.00745397
 -0.0159893
  0.0307041
 -0.0105387
  0.0976957
   0.014647
 -0.0139775
 -0.0154237
  0.0286559
-0.00354457
    0.087828
   0.0138933
 -0.00818375
-0.000135046
   0.0199855
 -0.00264891
  0.0861226
  0.0114512
-0.00719548
 -0.0088891
  0.0212095
-0.00165467
 0.0996411
 0.0150045
-0.0141275
 -0.014032
 0.0223897
-0.0105655
  0.0909422
 0.00839587
-0.00726291
-0.00690849
  0.0122718
 0.00231982
   0.105185
  0.0181883
 -0.0174237
-0.00627295
  0.0063263
 -0.0118102
  0.0984188
  0.0124899
-0.00814146
-0.00680306
  0.0291793
 0.00866609
 0.0941899
 0.0122056
-0.0116672
-0.0103806
 0.0200306
0.00138184
  0.0991773
   0.018049
 -0.0105694
-0.00391703
  0.0222494
 -0.0100017
   0.106133
  0.0142224
-0.00620057
 -0.0116342
  0.0308083
-0.00277815
  0.0967739
  0.0185095
-0.00598193
 -0.0146579
  0.0202711
0.000740472
   0.101628
  0.0157251
 -0.0127386
-0.00719604
 0.00530665
 0.00243297
  0.122658
 0.0229387
-0.0118696
-0.0121466
 0.0240362
-0.0118211
   0.105024
  0.0182999
 -0.0128387
 -0.0200597
  0.0294231
-0.00216253
  0.0875882
  0.0141433
 -0.0127174
-0.00967241
  0.0236415
-0.00238569
  0.0970792
 0.00920773
-0.00615284
-0.00266966
  0.0179871
0.000416552
