 -0.317431
-0.0781472
 0.0363629
  0.036599
-0.0349779
-0.0108883
 -0.333001
 -0.109155
  0.051992
 0.0101252
-0.0554539
-0.0302276
 -0.372409
-0.0606032
 0.0047259
 0.0272133
-0.0521165
-0.0235602
 -0.331972
 -0.126313
 0.0746968
 0.0313815
-0.0509626
-0.0284363
  -0.35418
-0.0925975
 0.0238068
 0.0131984
-0.0564097
 -0.020764
 -0.329897
-0.0796532
 0.0353574
 0.0235096
-0.0503861
-0.0208452
-0.335901
-0.104185
0.0562784
0.0234926
-0.051564
 -0.02346
 -0.324241
 -0.094203
 0.0382851
 0.0242547
-0.0532241
-0.0100271
 -0.339324
-0.0847049
 0.0256752
 0.0214294
-0.0567045
 -0.016731
 -0.337856
 -0.104401
 0.0481973
 0.0298082
-0.0477275
-0.0345551
 -0.346543
-0.0949791
 0.0539903
 0.0249785
-0.0557134
-0.0130546
    -0.36794
  -0.0879396
-0.000641229
   0.0278708
  -0.0526927
 -0.00444943
 -0.346347
-0.0865633
  0.058117
 0.0281326
-0.0519659
 -0.014119
 -0.361605
  -0.11064
 0.0449176
 0.0242081
-0.0543708
0.00251439
 -0.404304
 -0.115486
 0.0295309
 0.0185212
-0.0488016
-0.0077275
 -0.455542
-0.0726535
 0.0559292
 0.0283084
-0.0529238
-0.0173485
 -0.463121
 -0.163263
 0.0306547
  0.019626
-0.0566064
0.00244974
   -0.495208
  -0.0897117
   0.0583236
   0.0132615
  -0.0447116
-0.000225528
  -0.466455
   -0.12352
  0.0291241
  0.0230207
 -0.0366863
7.89115e-05
 -0.509998
 -0.138119
 0.0675387
  0.017744
-0.0561071
-0.0188625
 -0.528912
 -0.130568
 0.0329222
 0.0259189
-0.0479884
-0.0070206
  -0.531805
  -0.145094
  0.0370712
  0.0122805
 -0.0443851
7.99728e-05
   -0.534119
   -0.125146
   0.0575124
   0.0183899
   -0.048562
-0.000496244
 -0.521821
 -0.144981
  0.021465
 0.0134494
-0.0538314
 0.0023897
  -0.507022
  -0.118019
  0.0492442
  0.0149129
 -0.0427892
-0.00472995
  -0.502894
   -0.14256
  0.0500214
  0.0237362
 -0.0492366
-0.00509183
  -0.512072
  -0.138655
  0.0532443
  0.0236452
 -0.0484992
-0.00694996
  -0.528915
  -0.137913
  0.0465573
   0.025493
 -0.0477451
-0.00885812
 -0.513964
 -0.124192
 0.0304135
 0.0223472
-0.0410038
-0.0081832
  -0.503474
  -0.124605
  0.0483935
 0.00898745
   -0.04216
-0.00583145
  -0.537937
  -0.177602
  0.0378662
  0.0270759
 -0.0453577
-0.00985614
  -0.536387
  -0.139661
  0.0757204
  0.0203881
 -0.0525171
-0.00550238
  -0.517631
   -0.14951
  0.0536326
  0.0268234
  -0.048729
-0.00448442
 -0.538557
 -0.134186
 0.0378283
 0.0159509
-0.0471319
0.00146065
  -0.548471
  -0.159452
  0.0507214
   0.022644
 -0.0456862
-0.00992563
  -0.542098
  -0.126229
   0.050623
  0.0226915
 -0.0417124
-0.00908849
  -0.567007
  -0.144206
  0.0312564
  0.0235361
 -0.0340669
-0.00915572
 -0.562667
 -0.130599
 0.0178591
 0.0151493
-0.0444655
  0.009275
 -0.541353
 -0.106854
 0.0258974
0.00967767
-0.0207296
 0.0119927
   -0.58951
  -0.122804
  0.0130673
  0.0130927
 -0.0396589
-0.00440515
  -0.576111
  -0.150148
  0.0239063
  0.0214852
 -0.0290709
0.000847916
 -0.596338
   -0.1385
  0.102976
 0.0200105
-0.0529371
0.00535917
 -0.582176
 -0.123599
 0.0623746
 0.0162561
-0.0463754
 0.0102541
  -0.559575
  -0.169775
-0.00570446
  0.0139711
 -0.0317505
-0.00859002
   -0.61069
  -0.149122
  0.0696152
  0.0256079
 -0.0419128
-0.00802547
 -0.596476
 -0.167086
 0.0433069
 0.0209201
-0.0387451
-0.0144927
 -0.573766
 -0.101392
 0.0224999
 0.0191686
-0.0376838
 0.0122218
  -0.584597
  -0.178006
 -0.0141338
  0.0188202
  -0.035674
-0.00656914
 -0.611638
 -0.130829
 0.0422103
 0.0224075
 -0.043737
-0.0115712
 -0.602085
 -0.141087
 0.0781459
 0.0258881
-0.0397043
-0.0126961
  -0.617511
   -0.18326
   0.039776
  0.0174734
 -0.0329844
-0.00800682
 -0.615954
 -0.157194
 0.0230868
 0.0191554
-0.0448852
-0.0176675
  -0.617077
  -0.158739
  0.0502582
  0.0264748
  -0.053131
-0.00112008
 -0.610009
 -0.112692
 0.0465797
 0.0152189
 -0.043887
0.00342756
 -0.623846
 -0.209206
  0.026307
 0.0178184
-0.0373207
-0.0115843
   -0.621184
   -0.131643
   0.0715989
   0.0271662
  -0.0472309
-0.000790263
 -0.619378
 -0.117674
 0.0369439
 0.0162676
-0.0451603
  0.014263
  -0.631054
  -0.210139
  0.0609502
   0.031894
 -0.0562903
-0.00781671
 -0.647019
 -0.139496
  0.037772
 0.0236669
-0.0484846
  0.012027
 -0.619675
 -0.143344
0.00868406
 0.0176013
-0.0298002
0.00790917
 -0.665042
 -0.159777
  0.037457
  0.016158
-0.0565106
0.00287382
  -0.665109
  -0.174779
   0.055687
  0.0144531
 -0.0519226
-0.00525287
 -0.666398
 -0.182969
  0.097442
 0.0200748
-0.0609248
 0.0051896
  -0.675814
  -0.164787
  0.0543033
   0.016734
 -0.0485035
-0.00394728
  -0.671577
  -0.174475
  0.0423518
  0.0170822
   -0.04882
-0.00602986
 -0.660082
  -0.19484
  0.046182
 0.0237018
-0.0481418
-0.0126047
  -0.672297
  -0.137159
  0.0385925
   0.025098
 -0.0414236
-0.00702731
  -0.663016
   -0.19542
  0.0974276
  0.0287056
 -0.0503925
-0.00604969
 -0.693724
 -0.110785
 0.0310799
 0.0123591
-0.0398589
-0.0100442
  -0.681962
  -0.202479
-0.00625864
  0.0206991
 -0.0341865
 -0.0249816
 -0.678594
 -0.154562
 0.0189863
 0.0303922
-0.0365698
-0.0112641
  -0.662036
  -0.156508
 0.00810971
  0.0228089
 -0.0459899
0.000572091
 -0.660123
 -0.181609
  0.100508
 0.0298279
  -0.04363
0.00879215
 -0.711691
 -0.112177
 0.0448814
 0.0247974
-0.0594843
 0.0050632
  -0.690875
  -0.188494
  0.0327452
  0.0258183
 -0.0400214
-0.00326019
  -0.723779
  -0.156974
  0.0296748
  0.0204712
 -0.0498938
-0.00235597
 -0.730142
 -0.211019
 0.0758825
 0.0253485
-0.0504405
-0.0155329
  -0.703808
  -0.175921
  0.0645878
  0.0208563
 -0.0403644
-0.00893327
  -0.701682
  -0.157262
 -0.0061225
   0.014844
 -0.0428007
-0.00117375
   -0.726851
   -0.179247
   0.0137655
   0.0206825
  -0.0422039
-0.000370705
 -0.729075
 -0.192741
 0.0429706
 0.0187428
-0.0326213
-0.0174607
  -0.739066
  -0.155626
  0.0108181
  0.0154703
  -0.043374
-0.00143055
  -0.724191
  -0.192612
     0.0844
  0.0225779
 -0.0407571
-0.00161161
 -0.759675
 -0.186276
 0.0444398
 0.0246382
-0.0343093
 0.0120678
 -0.771528
 -0.182538
  0.011592
 0.0250446
-0.0380558
-0.0103877
 -0.753292
 -0.205517
 0.0234239
   0.02044
-0.0398589
-0.0169198
 -0.777205
 -0.159892
 0.0156061
 0.0246295
-0.0530701
0.00349406
  -0.777361
  -0.184197
   0.130125
  0.0159921
 -0.0431145
-0.00500782
  -0.777066
  -0.151998
  0.0231743
   0.015344
 -0.0461089
-0.00254652
 -0.803796
 -0.161127
 0.0178402
 0.0201815
-0.0451789
-0.0125288
 -0.776223
 -0.219701
 0.0423813
 0.0320754
-0.0380962
 0.0124949
  -0.805716
  -0.183506
  0.0441428
  0.0338098
  -0.038667
-0.00843683
 -0.791021
 -0.153787
 0.0199975
 0.0248501
-0.0474694
0.00305314
 -0.804887
 -0.231171
 0.0305996
 0.0250941
-0.0465217
-0.0044582
  -0.81785
 -0.161021
 0.0463872
 0.0206687
-0.0477425
0.00610987
 -0.813759
 -0.211349
 0.0411469
 0.0233169
-0.0520474
-0.0105803
 -0.813374
 -0.177505
 0.0670629
  0.022722
-0.0524478
0.00836955
 -0.822492
  -0.19501
0.00925773
 0.0213404
-0.0406461
-0.0189505
  -0.822179
  -0.205856
 0.00551585
  0.0145902
 -0.0408965
-0.00772608
 -0.808064
 -0.242247
  0.045958
  0.027323
-0.0443568
0.00812552
 -0.828107
 -0.185351
 0.0528102
 0.0310703
-0.0541167
0.00262485
   -0.8321
-0.0932676
 0.0732391
 0.0148421
-0.0563479
0.00850138
 -0.816427
 -0.243178
 0.0294583
  0.026358
-0.0377879
0.00706638
 -0.857644
 -0.251758
  0.047175
 0.0209335
-0.0615771
-0.0309835
   -0.85528
  -0.200378
  0.0802951
  0.0206926
  -0.070203
-0.00647269
 -0.880826
  -0.17134
  0.088176
 0.0220222
-0.0634464
-0.0111986
 -0.843541
 -0.241306
 0.0426319
  0.027605
-0.0421008
-0.0031311
  -0.88848
 -0.179899
 0.0149578
 0.0180293
-0.0495768
-0.0108265
  -0.873547
  -0.223353
  0.0243717
  0.0182592
 -0.0569978
-0.00102437
  -0.881339
  -0.245423
  0.0819165
  0.0228872
 -0.0521769
-0.00222879
 -0.923393
 -0.122701
 0.0179272
 0.0154496
-0.0472212
 0.0175008
  -0.91592
 -0.277946
 0.0138988
  0.025997
-0.0359548
 -0.014806
  -0.950618
  -0.245022
  0.0545196
  0.0134857
 -0.0499275
-0.00144009
 -0.981064
 -0.194376
 0.0635031
 0.0299476
-0.0413536
-0.0140807
   -1.01013
  -0.196966
   0.045061
  0.0205277
  -0.049523
-0.00810223
 -0.989442
 -0.198649
 0.0158554
 0.0215509
-0.0415559
-0.0169843
   -0.97732
  -0.278409
  0.0623455
  0.0207539
 -0.0536575
-0.00951026
  -1.01044
 -0.212397
 0.0514139
 0.0213587
-0.0581751
0.00080613
 -0.998866
  -0.16801
 0.0333963
 0.0231212
-0.0475425
 0.0161055
   -0.993551
   -0.251125
-0.000825289
   0.0174873
  -0.0382487
   -0.010247
   -1.00994
  -0.245651
  -0.028826
  0.0219622
 -0.0454152
-0.00856938
  -1.02332
 -0.233479
 0.0698397
 0.0256122
-0.0537468
-0.0200546
  -1.02798
  -0.15869
 0.0366962
 0.0291934
-0.0579725
 0.0126873
    -1.02121
   -0.265758
-0.000857391
     0.01569
   -0.050252
 -0.00637975
   -1.04412
  -0.228988
  0.0302278
   0.020435
 -0.0596925
-0.00389539
  -1.04226
 -0.242686
 0.0392803
 0.0329346
 -0.053906
-0.0135977
  -1.06005
 -0.179058
 0.0576454
 0.0194718
-0.0582305
0.00375057
   -1.05464
  -0.211276
  0.0343589
  0.0212064
 -0.0622912
0.000917403
  -1.07218
 -0.298583
 0.0291627
 0.0339498
-0.0590083
-0.0330441
  -1.10602
 -0.254231
 0.0559875
 0.0134653
-0.0741329
-0.0181456
  -1.10352
 -0.276131
 0.0910118
 0.0318803
-0.0600259
-0.0197819
  -1.12168
 -0.257338
 0.0447894
 0.0259784
-0.0643362
-0.0244591
  -1.13281
 -0.265716
 0.0187489
 0.0187661
-0.0647889
-0.0140601
   -1.13997
  -0.298804
  0.0847912
   0.022019
 -0.0770902
-0.00195953
    -1.1407
  -0.228039
  0.0818531
  0.0291804
 -0.0789917
-0.00769947
  -1.16123
 -0.292987
 0.0217056
 0.0202923
-0.0680312
-0.0234111
   -1.16726
  -0.288526
 -0.0160697
  0.0197314
 -0.0601277
-0.00967188
   -1.17867
  -0.269889
  0.0669732
  0.0129472
 -0.0645419
-0.00616941
  -1.15795
  -0.23179
 0.0966315
  0.032786
 -0.052302
0.00916498
   -1.22339
  -0.207195
  0.0366271
  0.0287953
 -0.0643152
-0.00903079
   -1.18611
  -0.290608
 -0.0505579
  0.0187341
 -0.0555593
-0.00436153
   -1.20125
  -0.273786
  0.0294667
   0.013739
 -0.0605834
-0.00105923
  -1.25235
 -0.257588
 0.0448285
 0.0265643
-0.0564997
0.00924911
   -1.24231
  -0.269393
  0.0928659
  0.0258335
 -0.0722501
-0.00861169
   -1.24435
   -0.24754
  0.0486301
  0.0279409
 -0.0643767
-0.00525455
  -1.28722
 -0.324509
-0.0240166
  0.017987
-0.0671586
-0.0112097
  -1.29095
 -0.266935
  0.068771
 0.0296992
 -0.062519
-0.0052378
 -1.32501
-0.316896
0.0432238
0.0248208
-0.074526
0.0026614
  -1.32383
 -0.284918
 0.0774016
 0.0221943
-0.0643351
-0.0122832
    -1.33273
   -0.273569
  -0.0264524
   0.0288799
   -0.054916
-0.000721239
   -1.33457
  -0.315693
-0.00477635
   0.015968
 -0.0507439
-0.00757847
  -1.36802
 -0.310342
 0.0303781
 0.0324683
-0.0666288
-0.0231634
    -1.35579
   -0.299426
   0.0750571
   0.0173717
  -0.0745174
-0.000877103
   -1.41372
  -0.260622
   0.039339
  0.0218125
 -0.0773611
-0.00129743
  -1.41727
 -0.328279
 0.0584541
 0.0252736
-0.0802184
  -0.01043
  -1.39397
 -0.319543
-0.0110973
 0.0184504
-0.0708037
-0.0125628
  -1.41918
 -0.265208
 0.0161243
 0.0248924
-0.0688109
0.00501517
  -1.40431
  -0.35951
  0.108134
 0.0234692
-0.0688517
-0.0250531
  -1.44445
 -0.302909
 0.0452384
 0.0270349
-0.0721111
-0.0086872
   -1.4276
 -0.325343
  -0.01288
 0.0297723
-0.0652912
0.00460664
  -1.43208
 -0.328359
 0.0347726
 0.0245233
-0.0625748
-0.0241166
  -1.49487
 -0.326441
 0.0362489
 0.0272659
-0.0836296
-0.0172879
    -1.4834
  -0.326316
  0.0909303
  0.0295516
 -0.0825143
-0.00788548
  -1.49906
 -0.278546
 0.0194545
 0.0141822
-0.0747412
0.00620781
  -1.50187
 -0.367266
0.00661024
 0.0288471
-0.0733928
-0.0182599
    -1.5301
  -0.291147
  0.0555869
  0.0303302
 -0.0832575
-0.00688324
   -1.53542
  -0.326044
-0.00412143
  0.0176082
 -0.0754096
-0.00341319
  -1.55939
 -0.291601
 0.0459765
 0.0222873
-0.0750991
0.00129638
  -1.58491
 -0.357188
 0.0362164
 0.0202091
-0.0791018
-0.0117323
   -1.60569
  -0.328496
  0.0813782
   0.020706
 -0.0959766
-0.00914728
  -1.60975
 -0.372606
 0.0417045
 0.0336456
-0.0846062
-0.0138636
   -1.62941
  -0.372386
 0.00302089
  0.0259054
 -0.0755833
-0.00952874
  -1.62501
 -0.330664
 0.0329454
0.00696334
-0.0795629
-0.0125179
   -1.65627
  -0.385288
  0.0539858
  0.0306008
 -0.0911011
-0.00990131
   -1.69039
   -0.37908
  0.0952511
  0.0233224
  -0.103221
-0.00915779
  -1.68661
 -0.349793
 0.0147324
 0.0295743
-0.0918859
-0.0126982
   -1.71801
  -0.422914
  0.0491669
  0.0145105
 -0.0929545
-0.00799479
     -1.758
  -0.386226
  0.0356911
  0.0350191
 -0.0955366
-0.00606316
   -1.80539
  -0.380525
  0.0258099
  0.0247837
 -0.0831933
-0.00669139
    -1.8014
  -0.420221
  0.0347095
  0.0376199
 -0.0947979
-0.00976699
  -1.83096
 -0.410536
 0.0302172
  0.035828
-0.0947333
0.00544075
  -1.92031
 -0.377325
 0.0251179
 0.0328086
 -0.107965
0.00265729
  -1.94117
  -0.42283
  0.071636
 0.0382322
 -0.108479
0.00431611
   -1.97107
  -0.446407
  0.0502993
  0.0358947
  -0.104632
0.000254724
   -1.99998
  -0.428213
 -0.0194665
  0.0251098
 -0.0974995
-0.00938422
  -2.03842
 -0.444678
 0.0281704
 0.0301678
 -0.107308
-0.0124277
    -2.08959
   -0.446642
    0.049851
   0.0258811
   -0.120658
-0.000911984
  -2.15236
 -0.477273
 0.0514037
 0.0323927
 -0.116047
0.00585037
  -2.18107
 -0.486801
 0.0480635
 0.0336265
 -0.118968
-0.0201158
  -2.19495
  -0.46109
0.00662459
 0.0186903
 -0.114744
 0.0118075
 -2.23499
-0.505318
0.0318059
0.0350789
-0.114459
0.0151032
 -2.30918
-0.506571
0.0490261
0.0292126
-0.125465
0.0092303
  -2.35631
 -0.508565
 0.0434344
  0.031705
 -0.113469
-0.0022669
  -2.37711
  -0.52096
-0.0198139
 0.0415594
 -0.114955
-0.0113036
 -2.41746
-0.499887
0.0138914
0.0258218
 -0.13078
0.0114646
  -2.45905
 -0.536024
 0.0653626
 0.0333915
 -0.122122
0.00324991
  -2.53118
 -0.539898
 0.0391532
 0.0384957
 -0.131559
0.00497239
 -2.54931
-0.518148
0.0320201
0.0350644
-0.138004
0.0133755
   -2.59482
  -0.585738
  0.0368593
  0.0262195
  -0.132358
-0.00846879
  -2.60803
 -0.563123
 0.0597277
 0.0409195
 -0.146235
0.00282888
   -2.65547
  -0.598923
  0.0455944
  0.0399369
  -0.146762
-0.00731868
   -2.69653
  -0.625962
  0.0378597
  0.0458869
   -0.14738
-0.00769927
   -2.76564
  -0.590904
  0.0417247
  0.0309062
  -0.149932
-0.00137992
   -2.82588
  -0.647852
  0.0519585
   0.037187
  -0.151454
-0.00751038
 -2.86034
 -0.60983
0.0467716
0.0366229
-0.150603
0.0100304
  -2.94238
 -0.645969
-0.0295708
 0.0258424
 -0.153402
 -0.010925
  -3.03846
 -0.644232
 0.0488857
 0.0380541
 -0.160152
0.00184299
  -3.10857
 -0.702844
 0.0626217
 0.0473853
 -0.160967
0.00736638
 -3.17729
-0.653513
0.0571643
0.0306326
-0.161222
0.0184852
   -3.22941
  -0.729347
  0.0343715
  0.0359952
  -0.167791
3.08772e-05
   -3.33449
  -0.751528
 0.00797656
  0.0298572
  -0.163404
-0.00777492
  -3.3895
-0.749383
0.0695596
 0.043874
-0.174769
-0.007728
 -3.42702
-0.735512
0.0363417
0.0405547
-0.181177
0.0145433
  -3.47827
  -0.75592
 0.0219963
 0.0377821
  -0.17446
0.00712601
   -3.58103
  -0.833253
  0.0436107
  0.0427433
  -0.184008
0.000917649
   -3.68765
  -0.771614
  0.0420474
  0.0335611
   -0.17223
-0.00136669
 -3.76337
 -0.82618
0.0359135
0.0444886
-0.181708
0.0126635
   -3.85213
  -0.856542
 -0.0129716
  0.0506753
  -0.186038
-0.00633626
 -3.93352
-0.885919
0.0374276
0.0373707
-0.202035
  0.01528
  -4.0232
-0.870868
0.0742204
0.0528199
-0.201847
0.0125619
 -4.10788
-0.901943
0.0245864
0.0482287
-0.197075
0.0062358
   -4.20309
  -0.960903
  0.0395838
  0.0411316
  -0.199288
-0.00127368
 -4.30038
-0.946477
0.0301541
0.0383996
-0.204412
0.0224248
 -4.36874
-0.960986
0.0559787
 0.048632
-0.216956
0.0319679
 -4.48313
 -1.00176
0.0605224
0.0447925
-0.223723
0.0243846
 -4.56706
-0.982798
0.0313977
0.0516675
-0.215846
 0.037569
  -4.70584
  -1.06907
0.00832421
 0.0579359
 -0.227971
 0.0201848
 -4.82408
 -1.06803
0.0318197
 0.050692
-0.234111
0.0338306
 -4.94679
 -1.07364
0.0633861
0.0382246
-0.237362
0.0398285
 -5.04338
 -1.13989
0.0172553
0.0413628
-0.244417
 0.032455
 -5.15355
 -1.14669
0.0236362
0.0436567
-0.247853
0.0376959
 -5.26883
 -1.18375
0.0179256
0.0526658
  -0.2586
0.0348771
 -5.40158
 -1.21485
0.0460184
 0.053177
-0.254286
0.0414468
 -5.52417
 -1.22277
0.0417218
 0.057306
-0.268263
0.0439679
 -5.69304
 -1.29744
0.0256967
0.0492466
-0.276572
 0.053586
 -5.81919
  -1.2972
 0.038285
0.0544959
-0.280789
0.0407568
 -5.93533
 -1.35877
  0.01975
0.0517818
-0.298312
0.0574675
  -6.0995
 -1.35266
 0.074588
0.0558797
-0.302914
0.0702195
 -6.28944
 -1.42712
0.0237628
0.0608119
-0.301161
0.0586103
 -6.44171
 -1.43883
0.0500424
0.0597678
-0.310868
0.0772952
   -6.59017
   -1.52337
-0.00244817
   0.053829
  -0.320631
  0.0704749
 -6.76688
 -1.51667
0.0521818
  0.06012
-0.333354
0.0715999
 -6.96498
 -1.59593
0.0396684
0.0715137
-0.314377
  0.07195
 -7.14025
  -1.6121
0.0240832
0.0585864
-0.337442
0.0964959
   -7.2956
  -1.66533
0.00180074
 0.0608788
 -0.336557
  0.112062
 -7.49468
 -1.71163
0.0472195
0.0616472
-0.334601
 0.102622
 -7.72553
 -1.77855
0.0317774
0.0687628
  -0.3796
 0.113146
 -7.91061
 -1.79998
0.0448422
0.0668635
-0.353666
 0.112189
  -8.16431
  -1.87086
-0.0128362
 0.0632823
 -0.383501
  0.116227
 -8.34988
 -1.91073
0.0539891
0.0815432
-0.401708
 0.137393
 -8.60284
 -1.95545
0.0324255
0.0821438
-0.412478
 0.153106
  -8.80103
  -2.02996
0.00445304
 0.0768609
 -0.433842
  0.149209
 -9.03078
 -2.06399
0.0201549
0.0801675
-0.434336
 0.157931
 -9.26872
 -2.15992
0.0125807
0.0775455
-0.441321
 0.149483
  -9.5248
 -2.18874
0.0311881
0.0847905
-0.470287
 0.185298
 -9.75013
 -2.22727
0.0160363
0.0802652
-0.470716
 0.193047
  -10.0174
   -2.3241
-0.0138989
 0.0810468
 -0.484971
  0.193783
  -10.2734
   -2.3789
-0.0032865
 0.0868896
 -0.513634
  0.211062
 -10.5489
 -2.45152
0.0463525
  0.09345
-0.537332
 0.206127
 -10.8672
  -2.5318
0.0463605
 0.100733
-0.552064
 0.223499
   -11.0996
   -2.55295
-0.00456517
   0.104813
  -0.558816
   0.240152
  -11.5561
  -2.72894
0.00901952
  0.104641
 -0.590509
  0.259478
 -11.6751
 -2.72506
0.0190171
 0.101976
-0.597806
 0.247823
 -11.9133
 -2.76745
0.0308976
 0.118607
-0.630751
 0.280002
  -12.1564
   -2.8044
-0.0183821
  0.113863
 -0.642402
  0.279013
  -12.4563
  -2.96108
-0.0304011
  0.113542
 -0.665801
  0.287315
  -12.7881
  -3.01255
-0.0436445
  0.123671
 -0.679268
  0.290572
  -13.1114
   -3.0536
0.00326478
   0.11822
 -0.710269
  0.329518
  -13.4592
  -3.16809
-0.0292281
  0.130239
 -0.730629
   0.34102
  -13.7866
  -3.24467
-0.0239153
  0.135492
 -0.754501
  0.352233
  -14.1132
  -3.33545
-0.0512699
  0.137373
 -0.756315
  0.350782
  -14.4751
  -3.44502
0.00437128
  0.146321
 -0.806931
  0.369571
  -14.7782
  -3.45848
-0.0540657
  0.143081
 -0.803733
  0.402894
  -15.0443
  -3.55921
-0.0715328
   0.14963
 -0.829446
  0.424106
  -15.4434
  -3.66318
-0.0531316
  0.157467
 -0.858038
  0.419013
 -15.7721
 -3.67518
 0.067468
 0.137204
-0.833501
 0.457103
 -16.2177
 -3.85824
-0.100255
 0.168883
-0.881748
 0.463665
 -16.5879
 -3.95083
-0.117754
 0.169489
-0.952363
 0.487037
  -16.8943
  -4.00605
-0.0468475
  0.162507
 -0.925823
  0.506946
  -17.2353
  -4.11279
-0.0557768
   0.17292
 -0.948726
  0.522369
  -17.6818
  -4.20397
-0.0508029
   0.16342
 -0.963363
  0.540764
 -18.0846
  -4.3375
-0.054377
 0.167772
-0.978312
 0.561966
  -18.1369
  -4.28522
-0.0649891
  0.173986
 -0.975068
  0.554113
  -17.8498
  -4.23742
-0.0535143
  0.171971
 -0.985028
  0.520782
  -17.4077
  -4.07614
-0.0408823
  0.173997
 -0.957854
  0.476608
  -16.9939
  -3.96008
-0.0207845
  0.163587
 -0.928614
  0.439764
  -16.5916
  -3.83536
-0.0603832
   0.16654
 -0.905444
  0.393461
  -16.0396
  -3.70631
-0.0330787
  0.163879
 -0.866332
  0.349686
  -15.6318
  -3.54915
-0.0147917
  0.159479
 -0.850979
  0.296609
 -15.1234
 -3.44731
0.0115831
 0.133303
-0.821237
 0.253031
 -14.5724
 -3.24677
0.0157413
 0.148769
-0.781068
 0.186642
  -14.0017
  -3.09969
-0.0198137
  0.126281
 -0.720104
  0.154622
  -13.3815
  -2.93845
-0.0215802
  0.123321
 -0.678713
  0.110428
  -13.0924
  -2.82171
-0.0133834
  0.116667
 -0.645289
 0.0574186
 -12.7634
 -2.72932
0.0251776
 0.117495
-0.612857
0.0256185
  -12.3145
  -2.57732
-0.0215613
  0.109934
 -0.590371
0.00795232
  -11.8702
  -2.51471
 0.0234804
  0.107034
 -0.550522
-0.0405582
  -11.5423
  -2.39234
-0.0013843
 0.0922004
 -0.539383
-0.0605037
 -11.3699
 -2.36703
0.0722087
 0.106706
-0.507712
-0.104274
  -11.2451
  -2.29002
 0.0242917
 0.0888239
 -0.485664
-0.0946721
   -11.0442
   -2.25614
-0.00478671
  0.0862453
   -0.46339
   -0.14752
 -10.6827
 -2.11889
0.0593079
0.0840533
-0.440829
-0.142186
 -10.2492
 -2.02684
0.0483144
0.0801824
-0.398752
-0.147278
 -9.97749
 -1.94422
0.0114715
0.0834513
-0.378828
-0.197016
 -9.67473
 -1.89849
0.0724238
0.0735594
-0.384297
-0.184882
 -9.48557
 -1.85097
0.0500534
0.0728699
 -0.36097
-0.193967
 -9.20759
 -1.77316
0.0705107
0.0778299
  -0.3527
-0.210657
 -9.01837
 -1.72706
0.0484327
 0.062967
-0.324199
   -0.216
 -8.87335
 -1.69529
0.0123197
0.0654302
-0.323862
-0.228069
 -8.74981
 -1.68047
 0.032519
0.0746534
-0.313444
-0.225947
 -8.57378
 -1.62692
0.0742048
0.0642413
 -0.31979
-0.230898
 -8.35676
 -1.54987
0.0545616
0.0626775
-0.307388
-0.222786
 -8.25292
 -1.55906
0.0423307
0.0636905
-0.298794
-0.236913
 -8.17241
 -1.52453
0.0499779
0.0549978
-0.308702
-0.239565
 -8.08574
 -1.53619
0.0734705
0.0629309
-0.295839
-0.257128
 -7.97538
 -1.48145
0.0450658
0.0634805
-0.290597
-0.252699
 -7.87375
 -1.45884
0.0236251
0.0583608
-0.295206
-0.236991
 -7.82436
 -1.47211
0.0483999
0.0621145
-0.312209
-0.242964
 -7.78763
  -1.4013
 0.063638
0.0623228
 -0.30363
-0.243029
 -7.74344
 -1.40589
0.0332914
0.0610678
-0.301034
-0.264995
 -7.65651
 -1.42938
0.0381949
0.0676794
-0.307654
-0.263523
 -7.60935
 -1.37693
 0.042968
0.0664466
-0.309381
-0.258673
 -7.53785
 -1.41899
0.0828102
0.0682357
-0.311392
-0.277525
 -7.48392
  -1.3394
0.0442445
0.0607451
-0.312779
-0.263131
 -7.39308
  -1.3391
0.0229119
0.0583533
-0.311539
-0.279906
 -7.28036
 -1.34827
0.0336202
0.0690087
-0.309535
-0.275788
 -7.21912
 -1.25793
0.0657064
0.0705378
-0.311009
-0.272718
 -7.14203
 -1.29713
0.0155299
0.0635129
-0.301176
 -0.26592
  -7.0885
 -1.27749
0.0357306
0.0603872
-0.302702
-0.261997
 -7.02601
 -1.28669
0.0424247
0.0611314
-0.318169
-0.260003
 -6.93771
 -1.26362
0.0699173
0.0631507
-0.311128
-0.264065
 -6.89084
 -1.19502
0.0457018
0.0647392
-0.316299
-0.270763
 -6.83768
 -1.19416
0.0226593
0.0650442
-0.325284
-0.256922
  -6.77523
  -1.27886
0.00545387
 0.0643548
 -0.298177
 -0.283421
 -6.68084
 -1.13058
0.0446459
0.0606851
-0.311461
-0.252477
 -6.65551
 -1.20869
0.0099553
0.0722876
-0.304356
-0.276658
 -6.61221
 -1.18977
0.0436973
0.0586556
-0.309763
-0.267693
  -6.59769
  -1.15954
0.00298977
 0.0575798
 -0.309253
 -0.273842
 -6.54322
 -1.21506
 0.057806
 0.065517
-0.318009
-0.290738
 -6.47522
 -1.09879
 0.029172
0.0643282
-0.312844
-0.257264
    -6.4208
   -1.14539
-0.00435501
   0.060568
  -0.310281
  -0.261091
 -6.39965
  -1.1447
 0.016506
 0.064445
-0.314596
-0.282785
 -6.34975
 -1.08438
0.0310428
0.0736157
-0.307761
-0.271115
 -6.28156
 -1.08479
 0.014002
0.0764081
 -0.31803
-0.266876
  -6.2491
 -1.12244
0.0303954
0.0724062
 -0.31874
 -0.28237
  -6.22648
  -1.08332
-0.0144699
 0.0719169
 -0.308751
 -0.269467
 -6.20944
 -1.11277
0.0655977
0.0703101
-0.329644
-0.272835
  -6.1431
 -1.09048
0.0252565
0.0684701
-0.320193
-0.280166
 -6.04632
 -1.00263
0.0470684
0.0686948
-0.328909
  -0.2541
  -6.00447
   -1.0429
-0.0174633
  0.058504
 -0.308366
 -0.270568
 -5.99288
 -1.06858
 0.038041
0.0642631
-0.325939
-0.261127
  -5.9569
 -1.02162
0.0259894
0.0657221
-0.319068
-0.270747
  -5.91055
  -0.99993
0.00901242
 0.0693535
 -0.309327
 -0.281738
 -5.88818
 -1.07191
0.0283223
0.0745818
-0.314773
-0.270648
 -5.87424
-0.995618
0.0218578
0.0633081
-0.312831
-0.273032
  -5.82296
  -1.01933
0.00318505
 0.0704041
 -0.315094
  -0.27316
 -5.76211
 -1.01294
0.0193755
 0.065544
-0.303005
-0.253517
 -5.73597
 -1.01371
0.0666204
0.0672678
-0.301809
-0.268806
 -5.68824
-0.966631
0.0306606
  0.06572
-0.303501
-0.266655
  -5.66906
  -1.00592
-0.0168065
 0.0634263
 -0.296124
 -0.273536
 -5.64066
-0.974907
0.0302071
0.0603015
-0.297699
-0.258209
 -5.59328
-0.948552
0.0157543
0.0708012
-0.297991
-0.257989
 -5.53487
-0.932979
0.0216254
0.0637445
-0.294688
-0.262904
 -5.52902
-0.956928
 0.017999
0.0617442
-0.292203
-0.265609
  -5.50406
  -0.93361
0.00386567
 0.0572678
 -0.286726
 -0.252681
 -5.47123
-0.927885
0.0330231
0.0712983
-0.276287
-0.265336
  -5.43938
 -0.933366
0.00356551
 0.0645964
 -0.267368
 -0.277352
 -5.41596
-0.944173
 0.016806
0.0544445
-0.270435
 -0.27659
 -5.37375
-0.909089
   0.0645
0.0676195
-0.274687
-0.245017
  -5.3507
-0.938032
0.0284365
0.0639921
 -0.27012
-0.259518
  -5.31225
 -0.912165
0.00273026
 0.0515944
 -0.268137
 -0.257599
   -5.24197
  -0.901869
-0.00599535
  0.0672405
  -0.256414
  -0.243094
  -5.2518
-0.883801
0.0538319
0.0593416
-0.276747
-0.242787
  -5.2432
-0.895427
0.0182294
0.0606974
  -0.2627
-0.259381
 -5.17666
-0.887621
 0.020005
0.0608449
-0.258647
-0.248015
 -5.18097
  -0.8636
 0.002732
0.0590098
-0.266563
-0.246556
 -5.17217
-0.895513
0.0396426
0.0661347
 -0.26496
-0.246229
 -5.14593
-0.861378
0.0300455
0.0558675
-0.277114
-0.232424
 -5.12251
-0.853415
 0.036072
0.0653246
-0.261815
-0.241696
 -5.08385
-0.877231
0.0141161
0.0646856
-0.260755
-0.251649
  -5.0774
-0.877802
0.0375643
0.0512643
-0.267477
-0.248964
  -5.06935
 -0.845606
0.00282059
 0.0563079
 -0.268188
 -0.249085
 -5.03672
-0.882931
0.0261601
0.0601078
-0.265854
-0.253439
 -5.02823
-0.832645
0.0342803
0.0599726
-0.262772
-0.252163
 -4.99254
-0.869791
0.0122155
0.0608023
-0.259857
-0.240586
 -5.01587
-0.841487
0.0290233
0.0610768
-0.272645
-0.243341
 -4.99402
-0.860566
0.0573251
0.0603438
-0.274938
-0.247128
 -4.99334
-0.841365
0.0145238
0.0626984
-0.274368
-0.247413
 -4.97795
-0.837351
0.0042466
0.0602837
-0.271454
-0.253779
  -4.94704
 -0.879889
-0.0099386
 0.0572963
 -0.265175
 -0.244679
 -4.98449
-0.792288
0.0227078
0.0642861
 -0.26669
-0.244607
 -4.95017
-0.871792
0.0275031
0.0610067
-0.256424
-0.256588
 -4.94596
-0.823027
0.0193252
0.0586942
-0.264399
-0.245045
 -4.92457
-0.843544
0.0132899
0.0543283
-0.270775
-0.245133
 -4.89676
-0.844724
0.0233517
0.0736676
-0.276846
-0.233452
 -4.90496
-0.836141
0.0433196
0.0610719
-0.274112
-0.234146
 -4.89182
-0.815166
0.0180242
 0.066259
-0.264985
-0.227317
 -4.87119
 -0.83823
0.0282917
 0.072389
-0.270667
-0.250169
  -4.8913
-0.826218
0.0193664
 0.056127
-0.265432
-0.241757
    -4.88156
   -0.840879
-0.000558297
   0.0648243
    -0.26536
   -0.260304
 -4.88215
-0.828722
0.0261959
0.0597261
-0.270507
-0.248933
 -4.87437
-0.810458
0.0155859
0.0622894
-0.269382
-0.247764
 -4.84326
 -0.82753
0.0129477
 0.064109
-0.272828
-0.238609
 -4.80998
-0.802117
0.0129965
0.0687732
-0.266969
-0.235642
 -4.80078
-0.815158
0.0149064
0.0602065
-0.273027
-0.226602
 -4.76891
-0.800613
0.0197108
0.0622201
-0.268571
-0.231002
 -4.74116
 -0.79692
0.0106399
0.0571292
-0.278788
-0.231726
 -4.74873
-0.806678
0.0185297
0.0571244
-0.257032
-0.248088
 -4.74735
-0.802804
0.0218766
 0.068501
-0.262455
-0.239674
 -4.71262
-0.793483
0.0185519
0.0629915
-0.265531
 -0.21855
 -4.72867
-0.804788
0.0143517
0.0599894
-0.280836
-0.239423
 -4.69565
-0.794785
0.0264098
0.0594496
-0.271513
-0.223697
 -4.74258
-0.806827
0.0124061
0.0639507
-0.271978
-0.236705
 -4.77004
-0.804574
0.0203464
0.0584066
 -0.27102
-0.239651
 -4.76165
-0.813546
0.0117341
0.0627605
-0.264968
-0.235481
 -4.75951
-0.806314
0.0114386
0.0525933
-0.265206
-0.241425
 -4.74212
-0.801079
0.0169302
0.0532964
-0.275617
-0.231821
  -4.71733
 -0.799837
0.00612639
 0.0630334
 -0.260189
 -0.252659
 -4.70919
-0.791992
0.0153338
0.0493406
-0.269016
-0.229389
 -4.67756
-0.792774
0.0161289
0.0649081
-0.277374
-0.231147
 -4.67336
 -0.79277
0.0181524
0.0609714
-0.268805
-0.241223
 -4.64558
-0.787885
0.0191149
0.0636056
-0.281815
-0.232714
 -4.65717
-0.783193
0.0203519
0.0591677
-0.274038
-0.222578
 -4.66271
-0.784817
 0.023441
0.0610027
-0.259305
 -0.23717
 -4.63917
 -0.78059
0.0190732
0.0576016
-0.269591
-0.221337
 -4.63247
-0.782379
0.0159734
0.0649268
-0.269604
-0.206835
   -4.648
-0.786024
0.0203889
0.0643504
-0.266995
-0.220759
 -4.65248
-0.785091
0.0113758
0.0689233
-0.272453
-0.223728
 -4.67856
-0.795445
0.0237411
0.0667434
-0.257933
-0.244954
 -4.63266
-0.782015
0.0102408
0.0630038
-0.267574
-0.215585
 -4.64811
-0.786135
0.0182232
0.0601104
-0.266973
-0.220662
  -4.6569
-0.783642
0.0166681
0.0611782
 -0.26003
 -0.23927
 -4.61973
-0.775879
0.0145002
 0.058327
-0.273675
-0.214253
 -4.61405
-0.780258
0.0198453
0.0719728
-0.278473
-0.226387
  -4.5991
-0.774417
0.0164303
0.0647146
  -0.2675
-0.216458
 -4.61194
 -0.78108
0.0201024
0.0672452
-0.282128
-0.217698
 -4.60678
-0.776943
0.0199537
0.0638285
-0.274866
 -0.21663
  -4.6049
-0.776138
0.0164699
0.0687191
-0.282938
-0.220626
 -4.60964
-0.782384
 0.016582
0.0585205
-0.265274
-0.230426
 -4.61984
-0.782759
0.0199781
0.0587745
-0.265681
-0.231842
 -4.60964
-0.774612
0.0121444
0.0598751
 -0.26936
 -0.21497
 -4.61553
-0.784121
0.0146972
0.0614879
-0.275378
-0.218625
  -4.5953
-0.772676
0.0193849
0.0647055
-0.275064
-0.234365
 -4.59798
-0.779412
0.0166478
0.0592604
-0.268788
-0.218883
 -4.60119
 -0.77475
0.0209555
0.0583502
 -0.27692
-0.220832
 -4.60155
-0.773543
0.0165291
0.0574033
  -0.2667
-0.215783
 -4.60189
-0.779435
 0.021917
0.0621105
-0.269928
-0.234756
 -4.55835
-0.772014
0.0138328
  0.05765
 -0.26104
-0.222639
 -4.58855
-0.775588
0.0185158
 0.056742
-0.272162
-0.229676
 -4.56708
-0.777574
0.0195869
0.0696394
-0.279763
-0.223909
 -4.57853
-0.774871
0.0176898
0.0498755
-0.261916
-0.212492
 -4.55358
 -0.77439
0.0103134
0.0611016
-0.264066
-0.233242
 -4.57829
-0.775169
 0.012794
0.0593279
-0.265899
-0.230686
 -4.58048
 -0.78233
0.0151836
0.0655824
 -0.26801
-0.233872
 -4.57629
-0.774424
0.0170818
0.0592947
-0.266932
-0.237658
  -4.56301
 -0.778132
0.00836499
 0.0635769
 -0.260823
 -0.227029
 -4.55567
-0.773611
0.0227263
0.0613103
-0.271327
-0.226167
 -4.56816
-0.772919
 0.018255
0.0693501
-0.267208
-0.224334
 -4.55896
-0.769265
0.0205299
0.0598705
-0.276027
-0.218859
  -4.5484
-0.770153
0.0148597
 0.061097
-0.270085
-0.220476
 -4.56253
-0.770878
0.0191123
0.0647889
-0.273278
 -0.23531
 -4.53555
-0.763384
0.0202297
0.0602112
-0.279801
-0.216496
 -4.56672
-0.771066
0.0202698
0.0573401
-0.266329
-0.237449
 -4.58999
-0.778206
0.0233565
0.0539387
-0.271985
-0.217269
 -4.58537
-0.778565
0.0205792
 0.069548
-0.272729
-0.236303
 -4.58128
-0.771605
0.0173629
0.0561764
-0.270205
-0.221888
 -4.57344
-0.776779
0.0206667
0.0669874
-0.268907
-0.225571
 -4.55943
-0.767133
0.0214894
0.0580125
-0.269065
-0.222717
 -4.57697
-0.771577
0.0216653
 0.058459
-0.269187
-0.227277
 -4.56637
-0.771556
 0.021428
0.0678758
 -0.26807
-0.230954
 -4.54347
-0.772686
 0.017072
 0.064526
-0.267489
-0.222529
 -4.53197
-0.768217
0.0190631
0.0688489
-0.263306
-0.219843
 -4.53292
-0.765123
0.0227391
0.0655158
-0.277712
-0.201868
 -4.54613
-0.770552
0.0191423
0.0587075
-0.267677
-0.230447
 -4.52326
-0.762098
0.0209338
0.0629261
-0.275759
-0.229092
 -4.52178
-0.760469
0.0167085
0.0586159
-0.268869
-0.214749
 -4.53315
-0.764995
0.0102053
 0.061007
-0.264977
-0.215312
 -4.53361
-0.770317
0.0247999
0.0606634
-0.265433
-0.220799
 -4.53532
-0.771555
0.0191568
0.0639468
 -0.25508
-0.223581
 -4.56568
-0.775566
0.0149256
0.0572045
-0.259238
 -0.23282
 -4.55231
-0.770696
0.0193626
0.0603074
-0.267099
-0.220667
 -4.54267
-0.767578
 0.018047
0.0619868
-0.263344
-0.220462
  -4.5639
-0.773612
0.0169792
0.0624051
 -0.25773
-0.234637
 -4.53122
-0.763231
0.0199598
0.0631876
-0.264214
-0.224484
 -4.53978
-0.770257
0.0169124
0.0691625
-0.263585
 -0.22206
 -4.54086
  -0.7681
0.0170267
0.0495754
-0.276932
-0.224837
 -4.51451
-0.764632
0.0155109
0.0572474
  -0.2646
-0.224544
 -4.52751
-0.769916
0.0168842
 0.067106
-0.267996
-0.220896
 -4.51076
-0.761832
0.0242608
0.0626977
-0.264928
-0.224198
  -4.5548
  -0.7686
0.0191092
 0.062358
-0.264159
-0.228684
 -4.54662
-0.775846
0.0260189
0.0693002
-0.281666
-0.228238
 -4.52735
-0.762552
0.0155457
0.0640086
-0.267075
-0.219709
  -4.5557
-0.773933
0.0159694
0.0625975
-0.275937
-0.230452
 -4.56265
-0.778506
 0.021633
0.0623883
-0.263861
-0.234798
  -4.5551
-0.769018
0.0172725
 0.053059
-0.277367
-0.216698
  -4.5639
-0.773734
0.0170842
0.0643855
-0.265257
-0.229851
 -4.55395
-0.773061
0.0205545
0.0516794
-0.267236
-0.226144
 -4.54251
-0.768391
0.0190966
0.0622424
-0.276226
-0.227317
 -4.56039
-0.771283
0.0192842
0.0602079
-0.260586
-0.227094
 -4.55903
-0.768784
0.0228676
0.0572099
-0.265413
-0.212321
 -4.55939
-0.767923
 0.018339
0.0560347
-0.271792
-0.215966
  -4.5513
-0.773959
0.0160253
0.0717139
-0.266459
-0.219972
 -4.54507
-0.773929
0.0156426
0.0719751
-0.274949
-0.238713
 -4.54461
-0.768789
 0.019386
0.0567407
 -0.27056
-0.215963
 -4.54593
-0.771768
0.0215186
0.0544998
-0.273855
-0.228628
 -4.54423
-0.770206
0.0147002
0.0579426
-0.264222
 -0.22813
 -4.52721
-0.771899
0.0157736
0.0578799
-0.265863
-0.228669
 -4.54319
-0.766565
0.0180677
0.0531442
-0.273908
-0.224041
 -4.53037
-0.766115
0.0233866
0.0651887
-0.261162
-0.223954
 -4.55736
-0.775322
0.0161436
0.0608729
-0.257105
-0.222431
 -4.54162
-0.772715
0.0182896
0.0525038
-0.265663
-0.222824
 -4.53649
-0.759849
0.0214916
0.0548403
-0.269278
-0.203746
 -4.55238
-0.770523
0.0112116
0.0631316
-0.266992
-0.236225
 -4.53619
-0.768312
0.0246476
0.0596688
-0.267292
-0.226358
 -4.55004
 -0.77147
0.0215758
0.0606912
-0.274923
 -0.22343
 -4.55355
-0.774131
0.0250623
0.0557475
-0.272403
-0.224485
 -4.57066
-0.779291
0.0194734
0.0681435
-0.262656
 -0.23189
 -4.56555
-0.776746
0.0195761
0.0491644
-0.267508
-0.230967
 -4.56041
-0.772032
0.0207761
0.0556326
-0.270099
-0.213365
 -4.52393
-0.768807
0.0194064
0.0535734
-0.265458
-0.209451
 -4.53256
-0.766804
0.0215117
0.0573899
-0.263126
-0.212302
 -4.53718
-0.765478
0.0112176
0.0623881
-0.276324
-0.223881
 -4.53403
-0.769273
0.0204343
0.0576219
-0.263901
-0.215483
  -4.51137
 -0.760766
0.00768559
 0.0612841
  -0.25677
 -0.213858
    -4.55
-0.770796
0.0224656
0.0684391
 -0.27776
-0.230011
 -4.52597
 -0.75918
0.0199528
0.0658263
-0.263319
-0.214113
 -4.54913
-0.768025
0.0181515
0.0482808
-0.271176
 -0.22636
 -4.55784
-0.774157
0.0206692
0.0534246
 -0.27355
-0.223678
 -4.54588
-0.770978
0.0246357
0.0624492
-0.277751
-0.235239
 -4.55099
-0.775764
 0.019512
0.0639205
-0.270078
-0.220831
 -4.56238
 -0.77111
 0.022579
0.0655093
-0.270492
-0.228921
 -4.56493
-0.769694
0.0239467
0.0620739
-0.273045
-0.216437
 -4.55492
-0.776446
0.0261634
0.0602176
-0.273202
-0.227763
 -4.56114
-0.768878
0.0193343
0.0558501
-0.265776
-0.223358
 -4.53264
-0.767278
 0.014661
0.0536211
-0.265133
-0.223499
  -4.5557
-0.773387
0.0250945
 0.062532
-0.276023
-0.219222
 -4.54333
-0.773692
0.0215274
0.0544639
 -0.26836
-0.230044
  -4.5173
-0.761661
0.0211442
0.0545493
-0.265314
 -0.21849
 -4.54838
-0.777577
0.0217486
0.0640869
-0.265643
-0.222279
 -4.56167
-0.774252
0.0216878
0.0631093
-0.266228
-0.223683
 -4.53448
-0.767273
0.0237782
 0.058941
-0.269288
-0.212194
 -4.52919
-0.763489
0.0189596
0.0610201
-0.266787
-0.220091
 -4.55115
-0.776318
0.0229925
0.0484286
-0.271682
-0.223349
 -4.55648
-0.770264
0.0215517
0.0616354
-0.266623
-0.222412
 -4.56944
-0.775505
0.0226917
0.0704256
 -0.26651
-0.230321
  -4.5757
-0.777369
0.0186091
0.0540804
-0.268399
 -0.22541
  -4.5625
-0.771192
0.0204362
0.0603201
-0.266575
-0.226635
 -4.56743
-0.775876
0.0194657
0.0680562
-0.268025
-0.225898
 -4.56733
-0.776864
 0.024138
0.0571249
-0.264748
-0.222059
 -4.55408
-0.772176
0.0137435
0.0624477
-0.269328
 -0.22537
 -4.56204
-0.772507
0.0180715
0.0667887
-0.263898
-0.231924
  -4.5366
-0.767031
 0.014454
0.0647216
-0.269314
 -0.22972
 -4.53343
-0.771844
0.0203519
0.0548209
-0.264799
-0.225862
 -4.53791
-0.770985
0.0113873
0.0603839
-0.274021
-0.226438
  -4.5335
-0.763081
0.0214668
0.0584297
-0.266962
-0.208023
 -4.54261
-0.767785
0.0155123
0.0626186
-0.266562
-0.236368
 -4.55126
-0.774531
0.0213421
 0.062245
-0.276253
 -0.24071
 -4.54895
-0.767969
0.0137173
 0.058119
-0.258046
-0.217531
 -4.56202
-0.773911
0.0206855
0.0555422
-0.275779
-0.222999
 -4.53894
-0.765814
0.0213756
0.0611875
-0.266501
-0.217852
 -4.54052
 -0.77571
  0.01945
0.0683904
-0.265977
-0.217672
 -4.54109
-0.774276
0.0114762
0.0635938
-0.263598
-0.225722
 -4.56302
-0.769397
0.0170837
0.0590907
-0.261132
-0.223457
  -4.5446
-0.776938
0.0149615
0.0586512
-0.261079
-0.226777
 -4.54209
-0.770008
0.0203715
0.0594653
-0.265044
-0.221706
 -4.53723
-0.765717
0.0148032
0.0521525
-0.264056
-0.215375
 -4.54222
-0.769817
0.0124919
0.0624075
-0.264555
-0.223517
 -4.56298
-0.769542
0.0170092
0.0609931
-0.268915
-0.227837
 -4.54105
-0.765907
0.0178432
0.0598278
-0.266866
 -0.22889
 -4.53554
-0.763846
0.0125665
0.0550864
-0.252519
-0.208168
 -4.55351
 -0.78257
0.0164187
 0.063348
-0.267044
-0.221351
 -4.55777
-0.773796
0.0105829
0.0664078
-0.260989
 -0.21669
 -4.53717
 -0.77308
0.0159174
0.0642338
-0.266928
-0.223464
 -4.55087
-0.776314
0.0205302
0.0602937
-0.267649
-0.228094
  -4.5466
-0.776765
0.0182562
0.0639525
-0.270983
-0.228604
 -4.54785
-0.771386
0.0227801
0.0648945
-0.268702
-0.214819
 -4.55373
-0.773248
0.0204872
0.0636337
-0.280479
-0.225867
 -4.54984
-0.771936
 0.020667
0.0641376
-0.264964
-0.210271
 -4.54375
-0.771471
0.0170374
0.0678242
-0.274826
-0.221719
   -4.568
-0.773956
0.0182458
0.0619638
-0.261038
-0.229661
 -4.56024
 -0.77285
0.0194057
0.0536676
-0.274523
-0.229558
 -4.55252
-0.770235
0.0160205
0.0586661
-0.265868
-0.220286
  -4.5678
-0.775276
0.0207623
0.0587877
-0.270851
-0.220867
 -4.54006
-0.761322
0.0180014
0.0607782
-0.252632
-0.209081
 -4.55572
-0.773041
0.0193919
0.0697122
-0.275558
-0.221127
 -4.56611
-0.781403
0.0207582
0.0621059
-0.261827
 -0.22888
 -4.55317
-0.776371
0.0218326
0.0533255
 -0.27947
-0.225113
 -4.54013
-0.769223
0.0145561
0.0671996
-0.267259
-0.228129
 -4.53708
-0.773859
 0.014905
0.0624236
 -0.27084
-0.221327
  -4.5386
-0.768789
0.0148864
0.0497871
-0.266037
-0.218843
 -4.53833
-0.768477
0.0170066
0.0611444
-0.260101
-0.216879
  -4.5672
-0.776842
0.0239102
0.0610827
-0.263969
-0.231289
 -4.56083
-0.778195
0.0220287
0.0610439
-0.274591
-0.216135
 -4.56928
 -0.76984
0.0170543
0.0544069
-0.270788
-0.231675
 -4.57329
-0.769502
0.0170641
0.0646335
-0.270821
-0.226542
 -4.57513
 -0.77777
  0.01944
0.0716212
-0.264564
-0.230603
 -4.54621
-0.778645
0.0218884
 0.062215
-0.280969
 -0.22016
 -4.56995
-0.773982
 0.025078
0.0610649
 -0.25764
-0.223047
 -4.56371
-0.774233
0.0205665
0.0670548
-0.270125
-0.223258
 -4.57652
-0.773313
0.0204943
0.0563477
-0.261095
-0.232989
 -4.52987
-0.777386
0.0127668
0.0678073
-0.263948
-0.217152
 -4.54511
-0.774879
0.0229134
0.0583184
-0.277144
  -0.2187
 -4.56345
-0.775795
0.0137912
0.0640575
-0.263635
-0.230747
  -4.5481
-0.778853
0.0217976
0.0627253
-0.265963
-0.222886
 -4.53938
-0.772846
0.0193829
0.0595615
-0.271117
-0.220782
  -4.5445
-0.776969
0.0172974
0.0658589
-0.272395
-0.219694
 -4.54023
-0.768957
 0.019184
0.0626557
-0.266391
-0.221354
  -4.5725
-0.773174
0.0173738
0.0586849
-0.263872
-0.219401
 -4.56825
-0.780968
0.0162094
0.0693981
 -0.26735
-0.230328
 -4.54298
-0.775401
0.0148619
0.0584726
-0.272128
-0.230419
 -4.55026
-0.770378
0.0170241
0.0656842
-0.271451
-0.222826
 -4.56658
-0.771547
0.0191918
0.0576181
-0.261553
 -0.23558
 -4.55941
-0.767912
0.0184273
0.0560736
-0.271665
-0.211384
 -4.53857
-0.767048
0.0213763
0.0638613
-0.265789
-0.218524
 -4.53133
-0.762321
0.0257993
0.0674983
-0.269562
-0.208149
 -4.53322
-0.763661
0.0225836
0.0648935
-0.269864
-0.206047
 -4.53859
-0.767795
0.0204489
0.0570658
-0.266843
-0.214133
 -4.56581
 -0.77415
0.0192087
0.0649068
-0.267782
-0.236719
 -4.54024
-0.769378
0.0123773
0.0629616
-0.267235
-0.228034
 -4.55678
-0.777397
0.0170144
0.0637254
-0.269529
-0.239123
 -4.55801
-0.772734
 0.022712
0.0589851
-0.273382
 -0.22775
 -4.55958
-0.774602
0.0204713
0.0618154
-0.272949
-0.230645
 -4.55689
-0.769009
0.0217293
0.0590386
-0.267079
-0.212576
 -4.56506
-0.770012
0.0172608
0.0564423
 -0.26714
-0.218672
 -4.54888
 -0.76764
0.0203092
0.0586867
-0.261349
-0.222207
 -4.55431
-0.771142
0.0215336
 0.056792
-0.270658
-0.227471
 -4.56211
-0.772624
0.0205029
0.0659259
-0.277281
-0.224711
 -4.54384
-0.771991
0.0163109
0.0582137
-0.264077
-0.206176
 -4.56618
 -0.77298
0.0192598
 0.063223
-0.272259
-0.233655
 -4.56353
-0.774721
0.0217178
0.0675415
-0.266405
 -0.22142
 -4.56604
-0.774205
0.0195735
0.0569526
-0.269467
-0.222843
   -4.552
 -0.77146
 0.018125
0.0674802
-0.272962
-0.225432
 -4.53883
 -0.76657
0.0183035
0.0623378
-0.264174
-0.204394
 -4.54431
-0.769281
0.0159714
 0.062953
-0.255001
-0.214396
 -4.57796
-0.776318
0.0105641
0.0617877
 -0.26413
-0.231326
 -4.54097
-0.767226
0.0161076
0.0534332
-0.262759
-0.208881
 -4.54995
-0.771753
0.0102759
0.0648196
-0.256144
   -0.226
  -4.56034
  -0.77246
0.00921792
   0.05656
  -0.25663
 -0.231808
 -4.55657
-0.770729
0.0172112
0.0601274
-0.276959
 -0.21969
 -4.53653
-0.767428
0.0180585
0.0614534
-0.267432
-0.218683
 -4.56435
 -0.77167
0.0203753
0.0647136
-0.266881
-0.228956
 -4.56887
-0.779296
0.0125939
0.0599415
-0.264486
 -0.24535
 -4.56609
-0.773695
0.0181946
0.0604239
-0.272408
-0.233911
 -4.56872
 -0.77965
0.0161518
0.0607082
-0.261569
-0.234377
 -4.56926
-0.776875
0.0229314
0.0660576
-0.271501
-0.223889
 -4.57262
 -0.77335
0.0172535
0.0514872
-0.270088
-0.230626
 -4.54316
-0.774061
0.0127066
0.0668296
-0.264533
-0.218556
 -4.57536
-0.777917
0.0194043
0.0594373
-0.267922
-0.239574
 -4.56765
-0.776175
0.0151957
0.0596201
-0.267849
-0.221125
 -4.54406
 -0.76339
0.0125517
0.0502199
 -0.25541
-0.213655
 -4.57693
-0.771427
0.0217957
0.0625672
-0.267897
-0.218176
  -4.5491
-0.775827
0.0229206
0.0530576
  -0.2732
-0.223347
 -4.54911
-0.768887
0.0151803
0.0463859
-0.273647
-0.210445
 -4.54039
-0.769079
0.0148537
0.0563134
-0.257524
-0.216849
 -4.54136
-0.772949
0.0137063
0.0661478
  -0.2681
-0.222753
 -4.56509
-0.776598
0.0193883
0.0703331
-0.266101
-0.228897
 -4.58197
-0.777072
0.0129263
0.0558163
-0.257225
-0.229234
 -4.55715
 -0.77577
0.0194845
0.0625125
-0.258336
-0.222814
 -4.57383
-0.776328
0.0173321
0.0572319
-0.269873
-0.229642
 -4.54756
-0.772843
0.0181433
0.0620601
-0.263398
-0.226922
 -4.56577
-0.774834
0.0159898
0.0600027
-0.259089
-0.232565
 -4.58298
-0.779524
 0.023965
0.0675196
-0.265287
 -0.23524
 -4.56654
-0.771601
0.0195169
0.0637502
-0.267663
-0.217111
 -4.55122
-0.766853
 0.020334
0.0554189
-0.259509
  -0.2216
 -4.55773
-0.773488
0.0192338
0.0640157
-0.270531
-0.232686
 -4.54107
-0.766532
 0.019231
0.0532727
-0.268851
-0.219946
 -4.57179
-0.775343
0.0241028
0.0606038
-0.266655
-0.220772
 -4.53608
-0.768942
0.0214718
0.0588383
-0.257436
-0.217686
 -4.55137
-0.766378
0.0215136
0.0571149
-0.271815
-0.218684
 -4.56834
-0.772496
0.0226987
0.0596936
-0.263868
-0.229052
 -4.57785
-0.783802
0.0218352
0.0670936
-0.269585
-0.237571
 -4.54991
-0.772236
0.0184138
0.0618029
-0.272723
-0.214554
 -4.54322
-0.773691
0.0194742
0.0624497
 -0.26485
-0.216395
 -4.54502
-0.767717
0.0148781
0.0526722
-0.265392
-0.217623
 -4.58407
-0.776869
0.0163053
0.0561313
-0.264272
-0.228806
 -4.55715
 -0.77577
0.0194851
0.0625125
-0.258336
-0.222814
 -4.57072
-0.772872
0.0174978
0.0521973
-0.272257
-0.216814
 -4.54687
-0.767315
0.0181518
0.0641426
-0.265446
  -0.2152
 -4.56994
-0.774988
0.0218486
0.0559686
 -0.26542
-0.223005
 -4.57708
-0.771469
0.0216588
0.0534288
-0.266458
-0.229605
  -4.5737
-0.775884
0.0239136
0.0608836
 -0.26825
-0.232191
 -4.54797
-0.772442
0.0193252
  0.05062
 -0.27517
-0.230786
 -4.55204
-0.771712
0.0240428
0.0594263
 -0.26928
-0.212172
 -4.56028
-0.772136
 0.020654
0.0615712
-0.276849
-0.217809
 -4.55198
-0.772381
0.0127848
0.0643539
-0.270739
-0.216461
 -4.56812
-0.782099
 0.018387
0.0581486
-0.263397
-0.240205
 -4.56805
-0.773263
0.0215535
0.0669069
-0.269604
-0.229233
 -4.56779
-0.775011
0.0125134
0.0646588
-0.265947
-0.238882
 -4.54758
-0.765531
0.0149329
0.0538906
-0.258178
-0.209702
 -4.56052
-0.770457
0.0272353
 0.062549
-0.275939
-0.219688
 -4.54471
-0.768308
0.0159057
0.0590975
-0.268423
-0.220228
 -4.55405
-0.771948
0.0181975
0.0628511
-0.271444
-0.225432
 -4.56768
-0.775889
0.0218353
0.0561516
-0.272186
-0.225735
 -4.57278
  -0.7792
0.0206255
0.0682554
-0.268644
-0.231431
  -4.5783
-0.774311
0.0217229
0.0572314
-0.258587
-0.228823
 -4.54876
 -0.76844
0.0215382
0.0590204
-0.273976
-0.219897
  -4.56729
 -0.777614
0.00868332
  0.064849
  -0.25878
 -0.210413
  -4.5791
 -0.77924
0.0229739
0.0599688
-0.263792
-0.230922
  -4.5812
-0.778856
0.0163286
0.0711728
-0.266966
-0.223238
  -4.5623
 -0.78009
0.0172838
0.0666393
-0.268559
-0.230621
 -4.54502
-0.766835
0.0182119
 0.059749
 -0.26514
 -0.21288
 -4.56507
-0.776883
0.0274603
0.0643844
-0.271261
-0.220048
 -4.57376
-0.776699
 0.010564
0.0616129
-0.269556
-0.231803
  -4.5796
-0.776759
0.0206004
0.0665256
-0.261057
-0.229742
 -4.55822
-0.771221
0.0249686
0.0636719
-0.269065
-0.220467
 -4.54478
-0.767118
0.0236382
 0.060562
-0.263794
-0.220269
 -4.58046
-0.773443
0.0240719
0.0642572
-0.263137
-0.219009
 -4.54906
-0.775181
0.0194722
0.0625725
-0.264976
 -0.22097
 -4.54783
-0.772338
 0.019409
0.0587687
-0.272846
-0.221751
 -4.55662
-0.769577
0.0205166
  0.06332
-0.261396
-0.215354
 -4.57515
-0.778879
0.0140739
0.0663621
-0.271158
-0.225947
  -4.5812
-0.779067
0.0220149
0.0620506
-0.259776
-0.221536
 -4.55663
-0.770149
0.0217633
0.0557354
-0.259745
-0.213385
 -4.56689
-0.778528
 0.015003
0.0629482
-0.259022
-0.231836
 -4.56445
-0.771529
0.0251093
0.0621503
-0.273539
-0.217395
 -4.57266
-0.772573
0.0184499
   0.0584
 -0.26865
 -0.22127
 -4.54761
-0.772514
0.0229035
0.0616297
 -0.26124
-0.211046
 -4.55976
-0.774686
0.0205687
0.0537441
-0.275017
-0.230516
 -4.57107
-0.770828
0.0183731
0.0553291
-0.268152
-0.222927
 -4.58143
-0.778581
0.0231012
0.0586817
-0.269479
 -0.22553
 -4.57133
 -0.77796
0.0115984
0.0603016
-0.265075
-0.237481
 -4.54762
-0.772723
0.0226975
0.0594195
-0.270313
-0.224526
  -4.5677
-0.775878
 0.021925
0.0561902
-0.272058
-0.221153
 -4.55959
-0.774355
0.0251055
0.0622975
 -0.27481
-0.221542
 -4.56329
 -0.76807
0.0193151
0.0616447
-0.265633
-0.220488
 -4.57461
-0.772446
 0.014806
0.0631695
 -0.25929
-0.232641
 -4.55186
-0.773143
 0.021912
 0.053827
-0.269577
-0.212683
 -4.55201
-0.771846
0.0216368
0.0591463
-0.268479
-0.221306
 -4.56553
-0.775753
0.0104265
0.0658601
-0.258817
-0.230495
 -4.56274
-0.778489
0.0264705
0.0618057
-0.278047
-0.218452
  -4.5557
-0.764566
0.0214063
 0.065772
-0.260107
-0.215541
 -4.57106
-0.769831
0.0215121
0.0603864
  -0.2605
-0.227552
  -4.5791
-0.778482
0.0239912
0.0668039
-0.262609
-0.230731
 -4.56203
-0.772536
0.0161553
0.0707778
-0.261294
-0.213627
 -4.57614
-0.773977
 0.021669
0.0688275
-0.270491
-0.226291
 -4.57533
-0.769753
0.0192583
0.0582264
-0.262833
-0.231359
   -4.574
-0.775353
 0.020516
0.0532271
-0.260526
-0.236531
 -4.55697
-0.776506
0.0184233
0.0647393
-0.261214
-0.220741
 -4.57886
-0.772889
0.0160788
0.0546185
-0.264794
-0.232118
 -4.54733
-0.774089
 0.018461
0.0608151
-0.263337
-0.213781
  -4.5738
-0.775976
 0.021681
0.0556558
-0.264462
-0.234489
 -4.57579
-0.777074
0.0128644
0.0571857
-0.269096
-0.231834
 -4.59185
-0.778569
0.0208743
0.0561043
-0.263833
-0.228926
  -4.5637
-0.774692
0.0240422
0.0596729
-0.269532
-0.221321
 -4.57083
-0.772052
0.0166319
0.0570445
-0.261849
-0.198465
  -4.5683
-0.772122
0.0249903
0.0610778
-0.252216
-0.222578
 -4.56981
-0.775754
0.0186881
0.0570804
 -0.26322
-0.214129
 -4.57772
-0.778054
0.0163259
0.0501621
-0.269842
-0.232153
 -4.55724
-0.767696
0.0112146
0.0629857
-0.265722
-0.232078
 -4.56166
 -0.77377
0.0161558
0.0734517
-0.260581
-0.214298
  -4.5754
-0.777651
0.0242161
 0.059997
-0.269527
-0.221306
 -4.57031
-0.773877
0.0195297
0.0530534
-0.265202
-0.226884
 -4.54933
-0.766425
0.0182978
0.0549373
-0.256856
 -0.21015
 -4.54342
-0.773191
0.0159902
0.0597804
-0.259983
-0.222988
 -4.54766
-0.773398
0.0218072
0.0516717
-0.267476
-0.217945
   -4.5608
 -0.769939
0.00903754
 0.0642709
 -0.258845
 -0.232849
 -4.55937
-0.775078
 0.019475
0.0652229
-0.263117
-0.222069
 -4.56661
-0.772596
 0.016192
0.0535905
-0.272841
-0.223979
 -4.55916
-0.775556
0.0247846
0.0638645
-0.270717
-0.238354
 -4.57117
-0.777557
 0.016173
0.0679037
-0.260976
-0.226318
 -4.56916
-0.777414
0.0240399
0.0624696
-0.268945
-0.226568
 -4.58219
-0.775714
0.0172572
0.0594856
-0.266804
-0.233068
 -4.55614
-0.771351
0.0216265
0.0624058
-0.258126
-0.218705
 -4.56855
-0.773057
0.0185498
  0.05518
-0.278874
-0.219289
 -4.55326
-0.775288
0.0151373
0.0662654
-0.272617
-0.215442
 -4.56794
-0.774079
0.0161123
0.0668259
-0.262582
-0.222719
 -4.57609
-0.766579
0.0179954
0.0585213
-0.258254
-0.232187
 -4.56145
-0.783854
0.0173761
0.0615632
-0.265758
-0.234836
 -4.56987
-0.783386
0.0153962
 0.064722
 -0.26501
 -0.22209
 -4.57866
-0.772393
0.0227011
 0.062344
-0.262009
-0.230151
 -4.54459
-0.768435
0.0237359
0.0551645
-0.265149
-0.220811
 -4.58128
-0.779541
0.0151656
0.0582828
-0.261783
-0.232733
 -4.54517
-0.773816
0.0160388
0.0711799
-0.270546
-0.218193
 -4.55129
-0.774937
0.0230274
0.0579389
-0.269038
-0.213706
  -4.5614
-0.768277
0.0185774
0.0545682
-0.265092
-0.204677
 -4.57569
-0.776223
0.0136916
0.0670277
-0.263244
-0.238684
 -4.57127
-0.778234
0.0175199
0.0572739
-0.264123
-0.221893
  -4.55454
 -0.770315
0.00810064
 0.0631093
 -0.254135
 -0.222429
 -4.56219
 -0.78103
0.0266573
0.0591218
-0.278561
-0.215083
 -4.55986
-0.773056
0.0205776
0.0643972
-0.259791
-0.218952
 -4.54581
-0.771527
0.0215863
0.0607075
-0.263876
-0.219796
 -4.55991
 -0.77233
0.0258009
0.0653518
 -0.27096
 -0.23682
 -4.57693
-0.779301
0.0263415
0.0631922
 -0.27134
-0.228846
  -4.5522
-0.770961
 0.017063
0.0670323
-0.276554
-0.222687
 -4.56759
-0.775781
0.0193138
0.0569755
 -0.25893
 -0.23753
 -4.56946
-0.768283
0.0190808
0.0580253
-0.262963
-0.235949
 -4.56445
-0.772707
0.0148616
0.0533998
-0.267108
-0.233602
 -4.56835
-0.773551
0.0171894
0.0534058
-0.266825
 -0.23137
 -4.57503
 -0.77943
0.0150924
0.0627363
-0.268728
-0.233208
 -4.55365
-0.772771
0.0249174
0.0651801
-0.270014
-0.224007
  -4.5727
-0.772396
0.0204416
0.0525084
 -0.26347
-0.235187
 -4.56175
 -0.77418
0.0239643
0.0592759
-0.268321
-0.223649
 -4.54836
-0.761775
0.0125112
0.0618088
-0.255122
-0.207915
 -4.54943
-0.773856
 0.023757
0.0571407
-0.272987
 -0.23165
 -4.57119
-0.778428
0.0129282
0.0608658
-0.261101
-0.226478
 -4.57037
-0.780689
0.0172048
0.0665405
-0.262046
-0.237048
 -4.54773
-0.772569
0.0250996
0.0546738
-0.268386
-0.217721
 -4.57372
-0.785444
0.0199523
0.0494446
-0.261808
-0.229671
 -4.57777
-0.768148
0.0227244
 0.058042
-0.261646
-0.221363
 -4.55368
-0.781228
0.0264154
0.0600286
-0.260615
-0.219168
 -4.59208
 -0.76956
0.0136585
0.0564848
-0.259526
-0.235946
  -4.58825
 -0.792932
0.00992415
 0.0652781
 -0.259761
 -0.238024
 -4.52661
-0.762685
0.0454831
0.0687643
-0.272767
-0.225919
 -4.44466
 -0.76922
0.0172478
0.0619464
-0.251213
-0.228904
  -4.32994
 -0.739579
0.00408112
 0.0633915
 -0.262053
  -0.22096
 -4.27385
-0.752484
0.0510552
0.0610709
-0.247373
-0.232287
 -4.31209
-0.760679
 0.107772
0.0694952
-0.247163
-0.204943
   -4.30014
  -0.743304
-0.00383333
  0.0489629
  -0.223321
  -0.211432
  -4.3857
-0.779169
0.0548753
 0.037389
-0.208119
-0.210195
 -4.48233
-0.897747
0.0631962
0.0485484
-0.183331
-0.216561
 -4.72868
 -0.73894
0.0815381
0.0448062
-0.181806
-0.189924
 -4.85919
-0.927855
0.0413638
0.0300448
-0.156962
-0.197081
  -5.1621
-0.937049
0.0105308
0.0310361
-0.142339
-0.194058
 -5.53338
 -1.05238
0.0463972
0.0287507
-0.146129
-0.184892
  -5.9019
 -1.13739
0.0693211
0.0357346
-0.151176
-0.149815
 -6.28115
 -1.26136
 0.129441
0.0280989
-0.129064
-0.118566
  -6.86977
  -1.30213
 0.0816238
0.00613576
 -0.136388
-0.0577258
  -7.43935
  -1.59631
 0.0974332
 0.0354281
 -0.122672
-0.0117209
 -8.27858
 -1.77939
0.0809275
0.0224689
-0.138427
0.0710447
   -8.67089
   -2.00171
0.000505031
  0.0402775
  -0.149455
   0.154128
 -9.03133
 -2.25685
 0.199193
0.0469848
-0.191805
 0.350833
 -12.2697
 -2.86269
 0.147811
0.0234249
-0.226471
 0.358419
 -5.31357
 -1.24632
 0.127169
0.0414436
-0.169385
  0.15834
  -6.6347
 -1.39428
 0.145162
  0.03885
-0.181622
0.0767504
  -3.42442
 -0.819553
-0.0112021
 0.0673459
 -0.149423
 -0.040672
  -2.25571
 -0.498003
0.00851943
 0.0448669
 -0.151304
 0.0100195
  -2.56765
 -0.453051
-0.0291831
 0.0512281
 -0.147498
  -0.01023
  -1.87882
 -0.371763
 0.0671116
 0.0626515
 -0.147555
-0.0162539
 -1.81256
-0.247903
 0.124439
0.0644607
-0.127218
-0.039121
  -1.08827
 -0.365116
 0.0724537
 0.0591185
 -0.114829
-0.0241392
 -0.710698
 -0.124696
-0.0987054
 0.0447306
 -0.108477
 -0.055577
  -1.22037
 -0.371664
0.00327001
 0.0553135
 -0.101592
-0.0470416
-0.996806
-0.213162
 0.118576
0.0384389
-0.112594
 0.010415
 -0.909077
 -0.111899
 0.0204003
 0.0295099
 -0.104459
-0.0691691
 -0.531508
 -0.139962
-0.0130321
 0.0416725
-0.0940448
-0.0182248
  -0.62121
 -0.113548
-0.0274198
 0.0327501
-0.0770459
-0.0248125
 -0.969815
 -0.338241
-0.0118928
 0.0513634
  -0.11093
 -0.043948
 -0.774667
-0.0644813
-0.0356644
 0.0238635
-0.0517808
 0.0320553
 -0.629771
-0.0367706
-0.0387418
 0.0330278
 -0.073796
-0.0561662
 -0.338433
 -0.103395
 0.0439462
 0.0352888
-0.0857093
-0.0367706
  -0.508444
 -0.0292987
  0.0445555
  0.0189279
 -0.0717434
-0.00298389
   -0.73101
  -0.129208
-0.00164673
  0.0293588
 -0.0595877
  -0.013966
 -0.659545
 -0.138751
 0.0616693
  0.025402
-0.0854967
0.00957237
 -0.459226
-0.0420904
  0.066141
 0.0231261
-0.0789784
-0.0133984
 -0.402327
-0.0426179
-0.0114894
  0.021623
-0.0889791
-0.0502409
 -0.468615
 -0.120821
 0.0589747
 0.0346677
 -0.075784
-0.0235332
 -0.646799
-0.0857564
-0.0271874
 0.0353739
-0.0731335
-0.0110217
 -0.492298
 -0.100478
 0.0643743
 0.0318829
-0.0800401
-0.0158771
 -0.353821
-0.0690948
-0.0103851
  0.041084
-0.0795842
-0.0460317
 -0.436711
-0.0214551
-0.0486085
  0.037546
-0.0541524
-0.0493912
 -0.420948
 -0.121265
 0.0553302
 0.0302196
-0.0792198
-0.0152882
  -0.576205
 -0.0944817
-0.00451148
  0.0259871
 -0.0843642
 0.00328129
 -0.420227
-0.0448105
  0.095135
 0.0318142
 -0.069521
-0.0143585
 -0.486565
-0.0780791
   0.10887
 0.0267208
-0.0895786
 -0.033284
  -0.463053
 -0.0596704
  0.0515817
  0.0347483
 -0.0766024
-0.00897788
 -0.600262
 -0.141616
 0.0584676
 0.0306316
-0.0683372
-0.0267398
 -0.511181
-0.0869325
 0.0200519
 0.0264272
-0.0720723
 0.0223581
  -0.53531
 -0.131768
 0.0130507
 0.0265878
-0.0710045
-0.0228205
  -0.598855
  -0.142684
  0.0173901
  0.0282825
 -0.0586869
-0.00263308
  -0.544764
  -0.136515
-0.00485543
  0.0295261
 -0.0682638
 -0.0253408
 -0.587691
 -0.145044
 0.0236452
 0.0324751
-0.0664391
 -0.014312
  -0.495937
  -0.132025
  0.0218326
  0.0184196
 -0.0710403
-0.00512683
 -0.575435
 -0.128608
0.00823158
 0.0301871
-0.0575163
-0.0167617
 -0.545683
 -0.130716
 0.0286477
 0.0279927
-0.0642325
0.00536782
 -0.568764
 -0.120905
 0.0313001
 0.0235408
-0.0573323
-0.0151532
 -0.472399
 -0.123655
 0.0408534
 0.0310338
-0.0698724
-0.0189512
 -0.544076
 -0.119874
 0.0330004
  0.019654
-0.0513779
-0.0316597
  -0.548208
  -0.137101
  0.0341609
  0.0221969
 -0.0590613
-0.00458008
  -0.499353
  -0.124739
  0.0255751
  0.0354463
 -0.0704879
-0.00389708
 -0.421471
 -0.112374
 0.0252586
 0.0308363
-0.0682675
-0.0373392
 -0.343911
 -0.099557
 0.0246227
 0.0279728
-0.0762709
-0.0311709
 -0.341009
-0.0941688
 0.0230382
  0.029765
 -0.072969
-0.0428153
 -0.321523
-0.0894041
 0.0187307
 0.0336599
-0.0717365
 -0.019856
 -0.322533
-0.0854282
 0.0207203
 0.0278641
-0.0665037
-0.0273137
 -0.308025
-0.0846788
 0.0182923
 0.0392594
-0.0731946
-0.0284172
 -0.314486
-0.0752841
 0.0221872
 0.0321014
-0.0685284
  -0.04423
 -0.346501
-0.0804657
 0.0274846
 0.0284864
-0.0727586
-0.0222583
 -0.317838
-0.0863813
 0.0319565
 0.0354353
-0.0753491
-0.0240839
 -0.364513
-0.0748427
 0.0283662
 0.0236979
  -0.06978
-0.0313651
 -0.303348
 -0.069718
 0.0326319
 0.0319313
-0.0686756
-0.0137579
 -0.308559
-0.0568071
  0.035532
 0.0327215
-0.0719803
-0.0140418
 -0.323062
-0.0660985
  0.031599
 0.0279803
-0.0735685
-0.0117416
  -0.36709
-0.0803726
 0.0353083
 0.0267094
-0.0708382
 -0.031747
  -0.328263
 -0.0696253
  0.0385613
  0.0291335
 -0.0723314
-0.00633104
 -0.369113
-0.0811192
 0.0311739
 0.0277458
-0.0734402
-0.0177958
  -0.379988
 -0.0957923
  0.0342065
  0.0286234
 -0.0751059
-0.00738881
 -0.363579
 -0.094782
 0.0245344
  0.031885
-0.0676794
-0.0361877
 -0.315329
-0.0886099
 0.0255531
 0.0367632
-0.0740969
-0.0160309
 -0.286637
-0.0778387
 0.0235849
 0.0423136
 -0.060066
-0.0263912
 -0.289103
-0.0781643
 0.0202873
 0.0258133
 -0.068333
-0.0347943
 -0.315444
-0.0888784
 0.0211323
  0.032324
-0.0730145
-0.0159067
 -0.360051
-0.0844341
 0.0264091
 0.0252788
-0.0707579
-0.0363045
 -0.295478
-0.0769021
  0.022715
 0.0330326
-0.0673246
-0.0199102
 -0.343753
-0.0751542
 0.0239877
 0.0280032
-0.0768537
-0.0244294
 -0.377477
  -0.08913
 0.0278413
 0.0233497
-0.0554845
-0.0324654
 -0.357843
-0.0847012
 0.0254462
 0.0331415
-0.0787914
-0.0272428
 -0.351679
-0.0764166
 0.0272985
 0.0284026
-0.0841604
-0.0331564
 -0.355723
-0.0848006
 0.0321807
 0.0231168
-0.0629078
-0.0284419
 -0.330123
-0.0789267
 0.0271924
 0.0355256
-0.0806227
-0.0348182
 -0.339062
-0.0848931
 0.0278612
 0.0326819
  -0.06714
-0.0141269
 -0.362329
-0.0827609
 0.0299838
 0.0351032
 -0.075036
-0.0216405
 -0.310341
-0.0756571
 0.0285347
 0.0289116
-0.0726438
 -0.015364
 -0.331231
-0.0747893
 0.0217312
 0.0388138
-0.0808761
-0.0210232
 -0.329389
-0.0824811
  0.027751
 0.0286786
-0.0695205
-0.0163353
 -0.320116
-0.0779898
 0.0208141
 0.0377918
-0.0774347
-0.0147541
 -0.315812
-0.0785452
 0.0263716
 0.0324957
-0.0747656
-0.0181815
 -0.326074
-0.0786762
  0.031786
 0.0259237
-0.0661052
-0.0313358
 -0.310434
-0.0668691
 0.0312275
 0.0233661
-0.0752014
-0.0364839
 -0.327077
-0.0744961
 0.0305182
 0.0314583
-0.0765193
-0.0311408
 -0.327386
-0.0730865
  0.032881
 0.0330898
-0.0769966
-0.0213979
 -0.307115
-0.0716192
  0.029333
 0.0324612
-0.0821479
-0.0250461
 -0.330668
-0.0760581
 0.0315683
 0.0376518
  -0.07834
-0.0360593
 -0.320011
-0.0708361
 0.0274387
 0.0226899
-0.0753037
-0.0140363
 -0.320016
-0.0776188
 0.0247975
 0.0350961
-0.0687843
-0.0403318
 -0.309433
-0.0790541
 0.0249994
 0.0321043
-0.0745942
-0.0328644
 -0.311674
-0.0786221
 0.0308187
 0.0267131
-0.0758156
-0.0234462
 -0.317426
-0.0794236
 0.0271365
 0.0352988
-0.0642176
-0.0371986
 -0.307894
-0.0758075
 0.0315339
 0.0419999
-0.0863032
-0.0315248
 -0.311685
-0.0794961
 0.0275829
  0.019676
-0.0759386
-0.0236125
 -0.296453
-0.0730086
 0.0271767
  0.031331
-0.0783407
-0.0224007
 -0.271148
-0.0656728
 0.0279484
 0.0352532
-0.0680426
-0.0156084
 -0.308197
-0.0759135
 0.0294445
 0.0277505
-0.0806884
-0.0315184
 -0.294287
-0.0725486
 0.0221845
 0.0365243
-0.0658142
-0.0433308
 -0.277819
-0.0644036
  0.022202
 0.0331422
 -0.070295
-0.0252637
 -0.303984
-0.0665417
 0.0313756
 0.0390765
-0.0747659
-0.0212018
  -0.30058
-0.0718191
 0.0282442
 0.0424127
-0.0705695
-0.0172104
 -0.315525
-0.0800718
 0.0219499
 0.0306951
-0.0730998
-0.0233119
 -0.327382
-0.0741589
 0.0274207
 0.0268039
-0.0799537
-0.0237191
 -0.333852
-0.0811759
 0.0251742
 0.0277402
-0.0720561
-0.0378643
 -0.347012
-0.0863439
 0.0208597
 0.0386101
-0.0848426
-0.0403549
  -0.33524
 -0.082691
 0.0400367
 0.0326124
-0.0747927
-0.0208021
 -0.331574
-0.0819949
 0.0254778
 0.0321005
-0.0772682
-0.0223231
  -0.33388
-0.0810435
 0.0300068
  0.030224
-0.0813074
-0.0193851
 -0.320692
-0.0749518
 0.0252266
 0.0370397
-0.0635976
-0.0140176
 -0.334648
-0.0857406
 0.0308745
 0.0289417
-0.0717243
-0.0402266
 -0.315445
-0.0805399
 0.0255314
   0.02837
-0.0751036
-0.0144634
 -0.338666
-0.0787345
 0.0288778
 0.0243477
-0.0687639
-0.0181011
 -0.312223
-0.0759615
 0.0183675
 0.0390942
-0.0666103
-0.0219136
 -0.307069
-0.0810409
 0.0254224
 0.0241029
-0.0707764
-0.0204118
 -0.342558
-0.0878869
 0.0288629
 0.0252604
-0.0729073
-0.0377974
 -0.333059
-0.0838233
 0.0232039
 0.0389685
 -0.075806
-0.0252777
 -0.335327
-0.0835867
 0.0264847
 0.0291992
-0.0775239
-0.0340959
 -0.331934
-0.0814071
 0.0267026
 0.0227919
-0.0802208
-0.0218778
  -0.33071
-0.0761019
 0.0295337
 0.0365307
-0.0732594
-0.0292586
 -0.343248
-0.0768214
 0.0299057
 0.0304326
-0.0869999
-0.0206525
 -0.339486
-0.0832582
 0.0243912
 0.0332797
-0.0697455
-0.0244884
 -0.340725
-0.0870987
 0.0213173
 0.0320219
-0.0695235
-0.0190828
 -0.380651
-0.0921315
 0.0291222
 0.0360724
-0.0719167
-0.0376344
 -0.387104
-0.0921273
 0.0316403
 0.0228339
-0.0640707
-0.0303034
 -0.380779
-0.0921534
  0.029351
 0.0321072
-0.0726886
-0.0284069
 -0.364348
-0.0904675
 0.0313922
  0.040651
-0.0686137
-0.0253468
 -0.399089
 -0.101963
 0.0321856
 0.0308651
-0.0711767
-0.0218101
 -0.386179
-0.0956339
  0.026094
 0.0309554
-0.0673007
-0.0316928
 -0.366274
 -0.091933
 0.0256771
 0.0327134
-0.0655169
-0.0392969
 -0.354871
-0.0878161
 0.0256522
 0.0357609
-0.0725948
-0.0293304
  -0.32827
-0.0789763
 0.0266796
 0.0265175
-0.0722917
-0.0146375
 -0.318083
-0.0849798
 0.0318504
 0.0375761
-0.0793482
-0.0393987
 -0.309484
-0.0782106
 0.0262935
  0.038056
-0.0692606
-0.0213146
 -0.306907
-0.0726811
 0.0213421
 0.0329849
-0.0784816
-0.0390189
 -0.283416
-0.0671407
 0.0201295
 0.0297998
-0.0619015
-0.0260413
 -0.309955
-0.0764997
 0.0228138
 0.0377411
-0.0678393
-0.0249099
 -0.293355
-0.0683949
 0.0202318
 0.0371015
-0.0668577
-0.0230173
 -0.332635
-0.0768103
 0.0248449
 0.0354274
-0.0689834
-0.0430123
 -0.304853
-0.0720652
 0.0294834
 0.0309313
-0.0646537
-0.0192949
 -0.339809
-0.0813296
 0.0295373
 0.0365581
-0.0844985
-0.0439286
 -0.357446
-0.0855365
 0.0324147
 0.0364362
-0.0811333
 -0.023419
 -0.375644
-0.0960709
 0.0316741
 0.0301456
-0.0714477
-0.0310065
 -0.360325
-0.0829369
 0.0292615
 0.0320081
-0.0735846
-0.0104781
   -0.3667
-0.0988866
 0.0264259
 0.0374781
 -0.077031
-0.0146146
 -0.400468
-0.0972474
 0.0298366
 0.0259045
-0.0797194
-0.0235359
 -0.368882
-0.0899661
 0.0213695
 0.0335579
-0.0560498
-0.0267382
  -0.35692
-0.0883702
 0.0282032
 0.0343326
-0.0832904
-0.0175965
 -0.374074
-0.0934143
 0.0246489
 0.0418425
-0.0721413
-0.0365266
 -0.357152
-0.0862414
 0.0287968
 0.0404476
-0.0746556
-0.0353327
  -0.35039
-0.0893477
 0.0256068
 0.0322478
-0.0708174
-0.0352044
 -0.340939
-0.0860721
 0.0290272
 0.0263318
-0.0709844
-0.0257697
 -0.341656
-0.0831686
 0.0253705
 0.0282955
-0.0732658
-0.0355262
 -0.328299
-0.0777513
 0.0282031
 0.0338077
-0.0805677
-0.0459896
 -0.315696
-0.0783415
 0.0286096
 0.0357445
-0.0710291
-0.0206686
 -0.346305
-0.0808497
 0.0287636
 0.0307733
-0.0769863
-0.0293639
 -0.326365
-0.0858624
 0.0278686
 0.0342093
 -0.074865
   -0.0204
  -0.33745
-0.0829791
 0.0241279
 0.0357048
-0.0803465
-0.0379605
 -0.336544
-0.0789535
 0.0278585
 0.0262123
 -0.070301
-0.0137703
 -0.356488
-0.0904554
  0.026975
  0.031053
-0.0879144
-0.0298129
 -0.359789
-0.0856248
 0.0291967
 0.0261313
-0.0794155
-0.0229823
 -0.378552
-0.0930368
 0.0295312
 0.0323617
-0.0791938
-0.0219703
 -0.376179
-0.0931469
 0.0279776
 0.0411681
-0.0754253
-0.0384907
-0.377459
-0.097204
0.0327379
0.0278712
-0.074125
 -0.03813
 -0.348616
-0.0800432
 0.0267273
 0.0304591
-0.0688992
 -0.017442
 -0.357815
-0.0920628
  0.024577
 0.0440528
-0.0767297
-0.0331031
 -0.339006
-0.0851586
 0.0256224
 0.0343436
-0.0740022
-0.0230518
  -0.323185
 -0.0742642
   0.027707
  0.0278778
 -0.0724062
-0.00852894
 -0.351904
-0.0837083
 0.0267627
 0.0294075
-0.0761159
-0.0253513
 -0.336874
 -0.077928
 0.0254157
 0.0242165
-0.0741098
-0.0244211
 -0.348703
-0.0875111
 0.0277657
 0.0344033
-0.0741074
-0.0345604
 -0.326574
-0.0765056
 0.0251223
 0.0330583
-0.0650207
 -0.027695
 -0.333578
-0.0825416
 0.0234893
 0.0313768
-0.0733969
-0.0131949
 -0.354901
-0.0882547
 0.0293172
  0.028448
-0.0717378
-0.0182368
 -0.339369
-0.0830832
 0.0308346
 0.0357179
-0.0809681
-0.0381178
 -0.329149
-0.0834391
 0.0243752
 0.0315793
-0.0754955
-0.0255782
  -0.31811
-0.0773599
 0.0332267
 0.0288816
-0.0722069
-0.0154815
 -0.349822
-0.0839355
 0.0278661
 0.0283553
-0.0837685
-0.0277583
 -0.359015
-0.0878636
 0.0336573
 0.0318843
-0.0801076
-0.0243835
 -0.368624
 -0.090318
  0.026766
 0.0353282
 -0.058602
-0.0363145
 -0.368283
-0.0933921
 0.0271439
  0.026353
  -0.08518
-0.0321315
 -0.354568
-0.0890413
 0.0255727
 0.0333758
-0.0692841
-0.0369183
 -0.337253
-0.0835709
 0.0233297
 0.0411188
-0.0779047
-0.0200136
 -0.336187
-0.0796384
 0.0310969
 0.0357323
-0.0859416
-0.0183765
 -0.343053
-0.0857763
  0.024498
 0.0355641
-0.0841661
-0.0269994
 -0.360839
-0.0884132
 0.0311386
 0.0350187
-0.0758556
-0.0382296
 -0.346347
-0.0899185
 0.0237589
 0.0289283
-0.0795889
 -0.019442
 -0.331713
-0.0812529
 0.0244276
 0.0327932
-0.0682758
-0.0176615
 -0.343547
-0.0841994
 0.0267414
 0.0251761
-0.0716574
-0.0267166
 -0.354683
 -0.089042
 0.0300492
 0.0276118
-0.0812535
-0.0412269
  -0.36663
-0.0915334
  0.027057
 0.0263669
-0.0797559
 -0.031666
 -0.337346
-0.0829993
 0.0300296
 0.0338096
 -0.066801
-0.0204605
 -0.338154
-0.0810842
 0.0279822
 0.0300778
-0.0910374
-0.0138171
 -0.361267
-0.0879705
 0.0304421
 0.0266033
-0.0811193
-0.0216116
  -0.35084
-0.0876167
 0.0346967
  0.025428
-0.0727713
-0.0278249
 -0.367944
 -0.085329
 0.0323591
 0.0280519
-0.0700552
-0.0315815
 -0.375638
-0.0970819
 0.0308773
   0.02726
-0.0876792
-0.0216183
 -0.359564
-0.0945355
  0.025966
 0.0324173
-0.0815331
-0.0315456
 -0.338302
-0.0800864
 0.0266859
   0.02682
-0.0669936
-0.0187401
 -0.351166
-0.0779611
 0.0311368
 0.0318496
-0.0804034
-0.0182692
 -0.339576
-0.0753383
 0.0266127
 0.0280734
-0.0830872
-0.0157657
 -0.344546
 -0.079719
 0.0299486
 0.0301652
-0.0802935
-0.0243944
  -0.32083
 -0.075123
 0.0252313
 0.0298838
-0.0696872
-0.0206623
 -0.329774
 -0.080951
 0.0265694
 0.0324074
-0.0846004
-0.0241221
 -0.336646
-0.0860799
 0.0207781
  0.035124
-0.0665931
-0.0421342
 -0.331669
-0.0815541
 0.0240079
  0.031471
-0.0815126
-0.0424884
 -0.319107
-0.0731488
 0.0251337
 0.0329814
-0.0593371
-0.0180732
 -0.328373
-0.0776187
 0.0265492
 0.0359504
-0.0699046
-0.0141559
 -0.349576
-0.0851917
 0.0280987
 0.0270651
-0.0838283
-0.0192015
 -0.353635
-0.0846748
 0.0300959
 0.0314076
 -0.078688
-0.0279858
 -0.351963
-0.0833147
 0.0231626
 0.0326843
-0.0780065
-0.0363851
 -0.358695
-0.0902521
 0.0261074
 0.0281412
-0.0810332
-0.0181794
 -0.357445
 -0.086235
  0.031358
 0.0286119
-0.0785512
-0.0260118
 -0.362553
-0.0905447
 0.0270071
 0.0356597
-0.0826649
-0.0270741
 -0.356511
-0.0807134
 0.0286288
 0.0374249
-0.0742278
-0.0351072
 -0.344146
-0.0818461
 0.0265296
 0.0257309
-0.0799661
-0.0343947
 -0.331875
-0.0798303
 0.0264708
 0.0383568
 -0.068111
  -0.02173
 -0.325866
-0.0716845
 0.0263952
 0.0294859
 -0.073062
-0.0137996
 -0.352165
-0.0912295
 0.0235107
 0.0260558
-0.0685602
-0.0357882
 -0.331613
-0.0819493
 0.0300359
 0.0304076
-0.0880746
-0.0221109
 -0.322373
-0.0772817
 0.0309749
 0.0267237
-0.0745415
-0.0192896
 -0.329742
-0.0806912
  0.026635
  0.033587
-0.0718873
-0.0176256
   -0.3241
-0.0779775
 0.0261427
 0.0346438
-0.0720917
-0.0353551
 -0.347933
-0.0831145
 0.0175729
 0.0318098
-0.0685608
-0.0345331
 -0.333525
-0.0825739
 0.0256479
  0.033482
-0.0822414
-0.0175979
 -0.338608
-0.0871941
  0.022608
 0.0341236
-0.0719874
-0.0102027
 -0.363693
-0.0852535
 0.0266529
 0.0381414
-0.0700926
-0.0318323
 -0.375224
-0.0902771
 0.0284142
 0.0284815
-0.0809446
-0.0186308
 -0.375354
-0.0890839
 0.0237629
 0.0365228
 -0.072678
-0.0204829
 -0.375879
-0.0962224
 0.0194529
 0.0296362
-0.0736388
-0.0302972
 -0.376495
-0.0929417
 0.0304701
 0.0264059
-0.0679024
-0.0317753
 -0.368828
-0.0896657
 0.0323643
  0.033351
-0.0741856
-0.0379703
 -0.366269
-0.0921237
 0.0258529
  0.035675
-0.0768046
-0.0321111
 -0.352571
-0.0883137
  0.032289
 0.0355616
-0.0787741
-0.0345464
 -0.357336
-0.0869607
 0.0302056
 0.0257774
-0.0788297
-0.0308517
  -0.32342
-0.0720741
 0.0306771
 0.0352166
-0.0684614
-0.0193173
 -0.339923
-0.0814468
 0.0230713
 0.0331309
-0.0695124
 -0.032698
 -0.348495
-0.0882262
 0.0368537
 0.0279088
-0.0719081
 -0.030854
 -0.321911
-0.0799917
  0.031318
 0.0219766
-0.0836115
-0.0110686
 -0.341632
-0.0830056
 0.0323097
 0.0318988
-0.0875973
-0.0238477
 -0.325065
-0.0748788
 0.0274841
 0.0291175
-0.0779016
-0.0221339
 -0.346689
-0.0885816
 0.0259003
   0.02642
-0.0814905
-0.0233857
 -0.328148
-0.0787701
  0.028734
 0.0297316
-0.0686851
-0.0217105
 -0.349439
-0.0853268
 0.0236412
 0.0347682
-0.0795147
-0.0146843
 -0.365791
-0.0859311
 0.0266985
 0.0313807
-0.0773921
-0.0361479
 -0.349665
-0.0840494
 0.0359749
 0.0295533
-0.0828314
-0.0122659
 -0.368835
 -0.089968
 0.0278738
 0.0338997
-0.0759623
-0.0400967
 -0.345768
-0.0826863
 0.0277005
 0.0337317
-0.0714954
-0.0281685
 -0.351002
-0.0868102
 0.0325115
 0.0364779
-0.0931961
-0.0220384
 -0.330756
-0.0762625
 0.0275641
 0.0373872
-0.0757019
-0.0176691
 -0.362799
-0.0899549
 0.0237434
 0.0321149
-0.0736457
-0.0223215
 -0.356645
-0.0896998
 0.0235656
 0.0295686
-0.0703372
-0.0299154
 -0.338312
-0.0796625
 0.0276058
 0.0334274
-0.0824189
-0.0272294
   -0.3481
-0.0900216
 0.0300636
 0.0328343
-0.0797012
-0.0379927
 -0.344353
-0.0809748
  0.029999
 0.0237803
-0.0778852
-0.0273367
 -0.342424
-0.0806306
 0.0254173
 0.0219938
-0.0707964
-0.0320003
 -0.326208
 -0.079133
 0.0278364
 0.0245124
-0.0760512
-0.0148597
 -0.353119
-0.0865313
 0.0310842
 0.0314127
-0.0794445
-0.0381087
 -0.347993
-0.0834485
 0.0280251
 0.0239954
-0.0833303
-0.0208608
 -0.354893
-0.0877777
 0.0300999
 0.0340315
-0.0835315
-0.0337044
  -0.32843
-0.0776196
 0.0287902
 0.0330683
-0.0758893
-0.0163111
  -0.34317
-0.0856525
 0.0288756
 0.0278242
 -0.088611
-0.0361009
 -0.361701
-0.0863442
 0.0268409
 0.0272043
-0.0837211
-0.0319761
 -0.342711
-0.0866264
 0.0291256
  0.036774
 -0.077653
-0.0187756
 -0.338431
 -0.087348
 0.0301712
 0.0300851
-0.0691048
-0.0245381
 -0.356464
-0.0908617
 0.0303187
 0.0226453
-0.0836864
-0.0348613
 -0.357509
 -0.086475
 0.0290551
 0.0252904
 -0.082551
-0.0326887
 -0.365235
-0.0874758
 0.0324498
 0.0359693
-0.0787084
 -0.028063
 -0.327326
 -0.082006
 0.0278161
 0.0333045
-0.0710413
  -0.01633
 -0.334444
-0.0868263
 0.0233573
 0.0356523
-0.0738957
-0.0265614
 -0.338288
-0.0793708
 0.0320086
 0.0328432
-0.0807732
-0.0296855
 -0.327241
-0.0746324
 0.0288016
 0.0273598
-0.0759731
-0.0127174
 -0.338895
-0.0858866
 0.0244783
 0.0315077
-0.0742807
-0.0278929
 -0.319539
 -0.080372
 0.0208846
 0.0321055
 -0.066789
-0.0231577
  -0.33356
-0.0824901
 0.0233562
 0.0303527
-0.0697643
-0.0201739
 -0.330475
-0.0851405
 0.0240073
 0.0425774
-0.0744497
-0.0423755
 -0.342756
 -0.079179
 0.0322025
 0.0218997
-0.0822086
-0.0266292
 -0.347621
-0.0845568
 0.0279236
  0.024694
 -0.075093
-0.0263225
 -0.340539
-0.0794471
  0.026822
 0.0305516
-0.0754077
-0.0110129
 -0.337568
-0.0747971
 0.0286439
 0.0287962
-0.0869599
-0.0248946
  -0.32402
 -0.078778
 0.0208847
 0.0346314
-0.0648042
-0.0196815
 -0.333496
 -0.082188
   0.02561
 0.0326859
-0.0620029
 -0.015894
 -0.358317
-0.0907896
 0.0247616
 0.0364256
-0.0744504
-0.0256036
 -0.359307
-0.0867651
  0.029021
 0.0318178
-0.0740376
-0.0306948
  -0.323004
 -0.0749396
  0.0266044
  0.0291134
 -0.0715215
-0.00884959
 -0.348353
-0.0897334
 0.0223067
 0.0298375
  -0.07246
 -0.035366
 -0.344595
-0.0798139
 0.0279074
 0.0300343
-0.0789735
-0.0152004
 -0.327859
-0.0798388
 0.0206786
 0.0352786
-0.0677468
 -0.033353
 -0.341825
-0.0816878
 0.0322153
 0.0372963
-0.0862437
-0.0233028
 -0.329191
-0.0829312
 0.0205847
 0.0328443
-0.0699908
-0.0459871
 -0.331848
-0.0808496
 0.0231575
 0.0332232
-0.0760199
-0.0262681
 -0.364202
-0.0834598
 0.0233029
 0.0369104
-0.0646459
 -0.028658
 -0.353674
-0.0845298
 0.0301762
 0.0295025
-0.0709013
-0.0236132
 -0.350824
-0.0880552
 0.0302276
 0.0279158
-0.0822047
-0.0297417
 -0.358818
-0.0891187
 0.0312919
 0.0232853
-0.0692465
-0.0366688
 -0.365455
-0.0866554
  0.033639
  0.032829
-0.0718072
-0.0233704
 -0.363789
-0.0858674
 0.0279529
 0.0265197
 -0.069471
-0.0298087
 -0.362377
-0.0909682
 0.0256911
 0.0329443
-0.0667292
-0.0369791
 -0.330892
-0.0844268
  0.023464
 0.0353785
-0.0668691
-0.0146784
 -0.348765
-0.0872319
 0.0302571
 0.0327723
-0.0671173
-0.0210532
 -0.357116
-0.0885097
  0.028457
 0.0272842
-0.0889881
-0.0104954
 -0.357482
-0.0866415
 0.0247348
 0.0289944
-0.0791391
-0.0235262
 -0.351145
-0.0873282
 0.0267621
 0.0173371
-0.0630616
-0.0366968
 -0.343733
-0.0830691
 0.0243884
 0.0313224
-0.0731383
-0.0283287
 -0.349346
-0.0853772
 0.0231966
 0.0345897
-0.0801686
-0.0375959
 -0.345572
-0.0841301
 0.0279058
   0.03031
-0.0803754
-0.0239216
 -0.335639
-0.0744538
 0.0240626
 0.0270093
-0.0798703
-0.0295593
 -0.354831
-0.0878398
 0.0254957
 0.0356879
-0.0728567
-0.0384978
 -0.323617
-0.0799081
 0.0254468
 0.0396847
 -0.073734
  -0.01562
 -0.349256
-0.0848468
 0.0299047
 0.0373269
-0.0745231
-0.0333764
 -0.362683
-0.0905354
 0.0291568
 0.0277179
-0.0860502
-0.0361454
 -0.332322
-0.0867418
 0.0292266
 0.0391815
-0.0821086
-0.0107619
 -0.338823
-0.0858969
 0.0245743
 0.0365668
 -0.076879
-0.0209773
 -0.365523
-0.0875916
 0.0326851
 0.0238973
-0.0816769
-0.0232937
