  0.855249
    0.1964
 0.0544889
 0.0327181
 -0.130582
-0.0794989
 0.866345
 0.209943
0.0518772
0.0256357
-0.127581
-0.107216
 0.856742
 0.225518
0.0482103
0.0281577
-0.113686
-0.101253
  0.855416
    0.2045
 0.0545163
 0.0322868
 -0.129336
-0.0901105
  0.850693
  0.215936
 0.0438515
 0.0328039
 -0.132522
-0.0863655
 0.853202
 0.214231
0.0390554
0.0370746
-0.127807
-0.103285
  0.812765
  0.218758
  0.028756
 0.0291279
 -0.121151
-0.0976147
  0.81819
 0.221928
0.0175451
0.0302528
-0.122186
-0.104844
  0.864625
  0.199801
 0.0198902
 0.0313375
 -0.124605
-0.0941325
  0.947997
  0.215213
 0.0439461
 0.0360605
 -0.126958
-0.0935087
  1.05956
 0.259621
0.0335901
0.0397857
-0.139905
-0.113291
  1.23713
 0.277541
0.0326822
0.0436377
-0.146789
-0.138916
  1.34651
 0.295566
0.0724506
0.0353529
-0.143064
-0.130271
  1.52247
 0.374516
0.0658376
0.0360058
-0.144319
-0.154301
   1.7928
 0.457099
 0.141844
0.0390585
-0.137748
-0.178263
  2.13934
 0.594434
0.0611098
0.0489169
-0.141234
 -0.21394
  2.31853
 0.478463
 0.168085
0.0369988
-0.129486
-0.186075
  2.00895
 0.568427
 0.122464
0.0371669
-0.116314
-0.191059
    1.859
 0.474336
 0.124757
0.0303053
 -0.11555
 -0.15218
  1.84814
 0.485725
0.0280234
0.0364208
-0.122711
-0.174522
  1.82915
 0.441739
0.0815832
0.0307489
-0.118965
-0.174697
  1.87968
  0.53775
0.0920783
0.0303139
-0.111384
-0.147992
  1.85716
 0.420843
  0.11935
0.0459436
-0.114028
-0.138562
  1.82489
 0.507271
0.0771825
0.0455987
-0.135069
-0.146741
  1.80004
 0.470904
0.0632738
0.0431916
-0.129507
-0.172819
  1.81238
 0.488715
0.0589584
0.0372797
-0.130936
-0.165804
  1.77733
 0.433865
0.0945204
0.0335772
-0.135607
-0.157373
  1.80574
 0.472633
0.0482233
0.0320962
-0.115118
-0.162534
  1.77742
 0.406779
 0.102496
0.0332776
-0.126521
-0.151724
  1.82798
 0.482944
0.0019716
0.0333647
-0.141449
-0.165654
  1.84194
 0.459136
0.0323606
0.0405518
-0.138581
-0.152275
  1.83005
 0.402637
 0.152465
0.0340601
-0.135501
 -0.14691
  1.85911
 0.555378
0.0568213
0.0379474
-0.141447
-0.169259
  1.80407
  0.44458
 0.112606
0.0423393
-0.137838
-0.156107
  1.84038
 0.492316
0.0139718
0.0339981
-0.138264
 -0.16013
  1.89564
 0.432079
0.0892085
0.0382328
-0.121418
-0.177367
  1.87243
 0.496492
0.0906902
0.0225981
-0.126015
-0.146026
  1.85729
 0.437238
 0.099343
0.0325283
-0.115524
-0.154566
  1.92699
 0.483761
0.0646686
0.0300931
-0.125071
-0.176348
  1.87024
 0.407822
0.0930323
0.0321894
-0.109281
-0.148064
   1.8913
 0.531561
0.0357172
0.0289187
-0.126803
  -0.1646
   1.8917
 0.476451
0.0723642
0.0361003
-0.120909
-0.163415
  1.88017
 0.400374
 0.114103
0.0347277
-0.112466
-0.160677
   1.8858
 0.474545
0.0449115
0.0327752
-0.127465
-0.157262
  1.84953
 0.425669
0.0965205
 0.031776
-0.111479
-0.163458
  1.87521
 0.575193
 0.084495
0.0286905
-0.113094
-0.179667
  1.84741
 0.433984
0.0834495
0.0221377
-0.108471
-0.164404
  1.89161
 0.458362
0.0680632
 0.032631
-0.117988
 -0.15904
  1.93801
 0.489948
0.0916295
0.0284387
-0.121366
-0.156216
  1.97488
 0.491882
0.0976291
0.0352115
-0.111457
-0.178288
  1.98659
 0.540579
0.0876327
0.0406622
-0.114276
-0.181061
  1.93781
 0.454025
 0.102706
0.0258865
-0.132389
-0.156165
  1.99637
 0.542357
0.0571141
0.0373112
-0.123167
 -0.17715
  2.01519
 0.505181
0.0968454
0.0367686
-0.123148
-0.178056
  1.99957
 0.510161
0.0349404
0.0377602
-0.127211
-0.169832
  2.01816
 0.518218
  0.02024
0.0331815
-0.142263
-0.168926
  2.02454
 0.453995
0.0783501
0.0308505
-0.136461
-0.179896
  2.03993
 0.541455
0.0952161
0.0365211
-0.132033
-0.171907
  2.03168
 0.479159
 0.092828
0.0441488
-0.119545
-0.168384
  2.06331
 0.574768
 0.106968
0.0304179
-0.108197
 -0.18249
  2.12842
 0.515146
 0.100087
0.0295452
-0.122934
-0.172638
  2.15181
 0.538684
0.0703689
0.0293853
-0.135387
-0.179877
  2.18838
 0.568755
0.0662791
0.0340989
-0.136707
-0.189802
  2.25605
 0.570122
 0.102083
0.0223536
 -0.12027
 -0.19803
  2.30269
 0.531402
 0.103317
0.0515487
-0.126819
-0.188981
  2.32764
 0.565716
0.0803307
0.0429456
-0.127357
-0.201097
  2.34338
 0.568363
0.0925776
0.0341273
-0.120435
 -0.20546
  2.38942
 0.583378
0.0714236
0.0310959
-0.127599
-0.195036
  2.42926
 0.615993
 0.128097
0.0200499
-0.115677
 -0.21756
  2.48855
 0.628328
0.0595913
 0.035631
-0.136896
-0.223177
  2.46066
 0.625334
0.0677774
0.0404854
-0.110621
-0.215397
  2.46633
 0.610061
 0.171194
0.0419583
-0.110081
-0.208274
  2.49079
  0.71012
 0.126377
0.0368646
-0.117953
-0.222852
  2.52095
 0.568532
 0.133352
0.0330592
-0.118302
-0.206184
  2.48797
 0.603891
0.0842886
0.0358223
-0.139772
-0.213018
  2.49606
  0.61287
0.0647908
0.0305094
-0.139371
-0.229022
  2.50639
  0.68721
0.0667946
0.0463112
-0.136595
-0.223996
  2.46747
  0.54963
0.0773436
0.0384812
 -0.12983
-0.202981
  2.47062
  0.63683
 0.113077
 0.049028
-0.118598
-0.217651
  2.45783
 0.645352
 0.071606
0.0379574
-0.148684
-0.224048
  2.38617
 0.543538
0.0558232
0.0388196
-0.143073
-0.201559
    2.383
 0.684445
0.0620937
 0.035189
-0.124202
 -0.20579
  2.36766
  0.56134
 0.115745
 0.029431
-0.118272
-0.202715
  2.35267
 0.582265
 0.100078
0.0345921
-0.116696
-0.201831
   2.3319
 0.591227
 0.062695
0.0315574
 -0.12458
-0.199732
   2.3238
 0.599591
 0.127552
0.0263671
 -0.10614
-0.214203
  2.31689
 0.577075
0.0964888
0.0391759
-0.101994
-0.198174
  2.26616
  0.52777
 0.135064
0.0365098
-0.102995
 -0.18956
   2.2933
 0.543195
0.0783152
0.0250718
-0.101282
-0.195244
  2.32257
  0.62297
0.0596611
0.0283737
-0.105315
-0.217158
  2.32465
 0.549584
0.0743532
0.0218744
-0.122377
-0.199734
  2.31405
 0.641296
0.0608581
0.0290486
-0.132192
-0.227445
  2.32939
 0.640161
0.0817502
 0.041552
-0.110569
-0.182197
  2.32868
 0.542791
0.0786206
0.0364072
-0.111047
-0.200566
  2.31072
 0.584618
0.0912197
0.0270243
-0.110955
-0.188359
   2.29957
  0.588989
 0.0940542
 0.0242919
-0.0853685
 -0.174986
  2.31515
 0.592097
0.0854247
0.0254043
-0.105824
 -0.20465
   2.31985
   0.56233
  0.101621
 0.0154439
-0.0969045
 -0.172361
  2.38174
 0.588741
0.0883593
 0.017455
-0.109617
-0.218792
  2.35331
 0.544136
 0.116275
0.0368273
-0.104499
-0.184092
  2.43524
 0.600527
 0.108423
0.0333748
-0.107913
-0.207931
     2.48
 0.594594
 0.116824
0.0324264
 -0.10729
-0.193668
  2.57103
 0.682164
0.0680104
0.0228551
-0.122343
-0.229389
  2.63356
 0.645169
0.0698992
0.0369712
-0.120985
-0.214546
  2.70323
 0.691808
0.0669839
0.0321291
-0.128039
-0.226284
  2.69268
 0.692423
 0.116037
0.0287849
-0.119118
-0.250564
  2.75179
 0.769255
0.0549445
0.0427782
-0.122273
-0.261175
  2.84499
 0.713339
0.0694166
0.0330813
-0.117811
-0.236708
  2.89265
 0.676728
 0.136033
0.0316111
-0.101478
 -0.24464
  2.91238
 0.753327
 0.150243
0.0394586
-0.107376
-0.267855
   2.9309
 0.825594
0.0797795
0.0386466
  -0.1226
-0.257621
  2.97081
 0.696488
0.0984044
0.0413631
-0.120214
-0.239405
  3.02652
 0.803152
 0.109945
0.0266111
-0.120438
-0.279096
  3.05665
 0.708454
 0.118721
0.0322972
-0.113386
-0.254533
  3.11001
 0.782279
 0.120347
0.0329245
-0.117557
-0.251314
  3.14269
 0.801633
 0.132539
 0.033236
-0.127746
-0.257738
    3.198
 0.785601
0.0976656
0.0385186
-0.136148
-0.265475
   3.2522
 0.855212
0.0557108
0.0400159
-0.144052
-0.290152
  3.27042
 0.828544
 0.094767
0.0236109
-0.131202
-0.283863
  3.27436
 0.857538
  0.15924
0.0304276
-0.128967
-0.277408
  3.38829
 0.875689
 0.142347
0.0437134
-0.116015
-0.290606
  3.44188
 0.875325
 0.058018
0.0422761
-0.138259
-0.276292
  3.49109
 0.804403
 0.102609
0.0390414
-0.140322
-0.262794
  3.4743
0.896207
0.147823
0.036784
 -0.1199
 -0.2818
  3.50335
 0.913774
 0.123586
0.0327718
-0.103386
-0.280507
  3.58873
 0.910969
 0.103585
0.0389885
-0.111357
-0.280575
  3.67635
 0.860475
 0.148988
 0.026744
-0.110545
-0.288289
   3.70775
  0.860918
  0.207568
 0.0420802
-0.0985896
 -0.267197
   3.80414
   1.00897
  0.147867
 0.0472444
-0.0945279
 -0.288641
  3.90196
 0.976026
 0.127475
0.0325842
-0.117752
-0.298682
  4.01569
  1.00304
 0.174007
 0.035655
-0.107912
 -0.30315
  4.10421
  1.00435
 0.194188
0.0396516
-0.114113
-0.309047
  4.20438
  1.08977
 0.111549
0.0335958
-0.112083
-0.310898
  4.26453
  1.08068
 0.106038
 0.049936
-0.128183
-0.314273
  4.27755
  1.04934
 0.181176
0.0347878
-0.121574
-0.313058
  4.33086
  1.08634
 0.145863
0.0320456
-0.127596
-0.334244
  4.36729
  1.10039
 0.163506
0.0459626
-0.122258
-0.330954
  4.38999
  1.15336
 0.115301
0.0362082
 -0.13932
-0.328291
  4.39805
  1.08283
 0.195129
0.0404314
-0.121696
-0.318476
  4.49717
  1.12805
 0.174236
0.0427696
-0.116296
-0.338837
  4.56205
  1.15137
 0.165333
0.0424238
-0.123568
 -0.32865
  4.66355
  1.22139
 0.149694
0.0352783
-0.120889
-0.356173
  4.65824
  1.19902
 0.151895
0.0287624
-0.115592
 -0.34145
  4.72396
  1.15711
 0.203985
0.0472941
-0.115028
-0.340167
  4.80287
  1.30909
 0.188512
0.0465651
-0.114619
-0.346883
  4.88195
  1.23408
  0.17294
0.0492518
-0.116545
-0.348131
  4.98676
   1.2991
 0.169849
0.0467623
-0.125938
-0.355737
   5.0311
  1.28554
  0.18158
0.0435121
-0.121087
-0.351747
  5.11218
  1.27396
  0.19536
0.0413504
-0.118526
 -0.34242
  5.20631
  1.34945
 0.195904
0.0323359
-0.104998
-0.362412
  5.32889
  1.39202
 0.173144
0.0408479
-0.116353
-0.363622
  5.37253
  1.36532
 0.227176
 0.052883
-0.109883
-0.344415
  5.51005
  1.40485
 0.184125
0.0535671
-0.110516
-0.368504
  5.56139
   1.4049
 0.207907
0.0417452
-0.111411
-0.363975
  5.66477
  1.47675
  0.21514
0.0438792
-0.114935
-0.375206
  5.76451
  1.53703
 0.215455
0.0372936
-0.111657
-0.374129
  5.88695
  1.48065
 0.214766
0.0446802
-0.106571
-0.377383
  5.96819
   1.6225
 0.223343
0.0480033
 -0.10857
-0.403378
  6.02278
  1.54571
 0.212953
0.0422169
 -0.10701
-0.381302
   6.09234
   1.57458
   0.24742
 0.0260166
-0.0966175
 -0.370009
  6.25428
  1.67148
 0.211066
0.0419993
-0.117076
-0.378286
  6.36327
  1.60169
 0.293054
0.0455678
-0.107577
-0.362789
 6.51086
 1.69604
0.223501
0.045825
 -0.1247
-0.39916
  6.58154
   1.6762
 0.271273
0.0491924
 -0.12808
-0.389375
  6.69329
  1.78428
 0.223801
0.0537737
 -0.13255
-0.400428
  6.89177
   1.8187
 0.278475
0.0488465
-0.122137
-0.433998
  7.04355
  1.81457
 0.239259
0.0591838
-0.138968
-0.427521
   7.1176
  1.87019
 0.254279
0.0591128
-0.140516
-0.432592
  7.27596
  1.93654
 0.208109
0.0669108
-0.156651
-0.451267
  7.25491
   1.9202
 0.291456
0.0682474
-0.155314
-0.454679
  7.44267
  2.02092
 0.254812
0.0737602
-0.164486
-0.461328
   7.6252
  2.01646
 0.285402
0.0610925
-0.151003
 -0.45857
  7.68687
  2.02501
  0.23274
0.0507861
-0.169264
-0.455586
  7.70787
  2.00699
 0.275879
0.0622627
-0.153725
-0.453662
  7.83721
   2.0655
 0.260634
0.0646481
-0.144975
-0.443103
  7.91921
  2.07712
 0.309129
0.0639716
 -0.13338
-0.455288
  8.03321
  2.12034
 0.275307
0.0598798
-0.121926
-0.467708
  8.16099
  2.11135
 0.295467
0.0541387
-0.133202
-0.466793
  8.18177
  2.20198
 0.303795
0.0549266
-0.121983
-0.470433
  8.34359
  2.19917
 0.296668
0.0613138
-0.125161
-0.462479
  8.47127
  2.19242
  0.27073
0.0693408
-0.115639
-0.463964
  8.54999
  2.31626
  0.30972
0.0525944
-0.118685
 -0.48541
  8.68444
  2.33471
 0.307011
0.0678726
-0.120779
-0.500037
  8.86872
  2.39621
 0.285129
 0.065102
-0.115307
-0.489162
  8.98696
  2.28347
 0.282041
0.0601986
-0.135111
-0.482837
  9.09538
  2.54212
 0.303461
0.0552706
-0.118565
-0.505939
  9.23732
  2.47167
 0.241365
0.0612568
-0.123493
-0.529787
  9.27674
  2.43347
 0.332288
0.0412722
-0.102358
-0.490239
  9.40127
  2.55031
  0.33925
0.0578499
-0.104195
-0.502288
  9.67675
  2.55611
  0.34582
0.0618653
-0.108466
-0.493923
   9.79226
   2.54709
  0.350244
 0.0582748
-0.0990113
 -0.499358
  9.84558
  2.67635
 0.319281
0.0689882
-0.115441
-0.504891
   9.9499
  2.62351
 0.379707
0.0466516
-0.114273
-0.519546
  10.0378
  2.66554
 0.321451
0.0643804
-0.116507
 -0.51046
  10.2083
  2.73354
 0.302882
0.0767848
-0.138075
-0.528026
  10.3487
  2.75991
  0.32654
0.0736486
-0.150466
-0.538016
  10.4508
  2.82822
 0.329461
0.0770171
-0.147875
-0.572726
  10.5419
  2.82673
 0.351541
0.0713757
-0.154993
-0.551765
  10.6625
  2.85989
 0.398999
0.0780512
-0.142984
-0.555803
  10.8142
   2.9001
 0.335415
0.0720344
-0.137349
-0.574992
  10.9265
  2.95964
 0.370049
0.0658007
-0.132768
-0.583027
  10.9302
   2.9707
 0.196389
0.0539427
-0.104202
 -0.57077
   11.2316
   3.02555
  0.223181
 0.0580193
-0.0988031
 -0.596558
   11.3901
   3.00154
  0.326935
  0.067904
-0.0957974
 -0.573168
  11.5343
   3.1395
 0.375494
0.0765635
 -0.10416
-0.599681
   11.6439
   3.11929
  0.385365
 0.0604269
-0.0881283
 -0.598626
  11.7109
  3.17049
 0.350486
0.0781127
-0.128092
 -0.59425
   11.8919
   3.20826
  0.343331
 0.0465075
-0.0818095
 -0.583459
  12.0908
  3.25138
 0.316756
0.0672878
-0.130178
-0.584382
   12.2395
   3.31513
  0.359125
 0.0594883
-0.0974648
 -0.585203
  12.2935
  3.31398
 0.407351
0.0685823
-0.112072
-0.593277
  12.4866
  3.49109
 0.357828
0.0656031
-0.101533
-0.609244
   12.7801
   3.41785
  0.364492
 0.0725421
-0.0935888
 -0.602098
  12.8849
  3.49146
 0.361209
0.0645466
-0.103907
-0.602245
   12.9341
   3.51102
  0.401792
 0.0618401
-0.0933937
 -0.610033
   13.0182
   3.60485
  0.351426
  0.061307
-0.0847318
 -0.607471
   13.085
  3.59142
 0.397173
0.0574118
-0.100147
-0.621572
  13.2795
  3.66285
 0.329805
0.0606405
-0.078956
-0.636594
   13.4321
   3.61898
  0.398821
 0.0611351
-0.0692014
 -0.600045
   13.5367
   3.68674
  0.421667
 0.0626097
-0.0614787
 -0.589567
   13.6912
     3.768
  0.413845
 0.0473766
-0.0656132
 -0.603468
   13.8648
   3.75827
  0.413842
 0.0575101
-0.0732041
 -0.616633
    13.988
   3.89773
  0.385778
 0.0552913
-0.0666201
  -0.63512
   14.1445
   3.86267
  0.371973
 0.0593934
-0.0840779
 -0.637776
   14.1605
   3.91047
   0.37216
 0.0577244
-0.0801363
 -0.644612
   14.2328
    3.8561
  0.409954
 0.0569087
-0.0840895
 -0.615331
   14.3331
   3.94195
  0.385733
 0.0652277
-0.0937821
 -0.632192
   14.4631
   4.01703
  0.415863
 0.0798744
-0.0897327
 -0.627601
  14.6758
  4.01445
 0.416229
0.0566146
-0.093111
-0.630591
   14.8094
   4.07191
  0.437974
 0.0624298
-0.0828535
 -0.641018
   14.9431
   4.14769
  0.412827
 0.0728506
-0.0926288
  -0.64962
  15.0431
  4.07969
 0.407278
0.0754776
-0.102035
-0.666328
   15.1191
    4.1738
   0.40451
 0.0831286
-0.0971787
 -0.658607
   15.2151
   4.18608
  0.405937
 0.0768004
-0.0996416
 -0.679064
  15.3054
  4.17945
 0.402141
0.0865934
-0.115544
-0.693632
  15.4053
  4.28531
 0.426486
0.0813044
-0.103734
-0.694308
  15.5987
  4.26875
  0.44287
0.0703396
-0.099886
-0.683793
   15.7264
   4.33359
  0.413836
 0.0715968
-0.0942553
 -0.686597
   15.8473
   4.34658
  0.468004
 0.0690193
-0.0903178
 -0.691328
   16.1088
   4.49654
  0.411911
  0.079623
-0.0847621
 -0.719349
   16.3202
   4.44603
  0.443556
  0.069652
-0.0967004
 -0.712984
   16.3909
   4.49798
  0.447994
 0.0636594
-0.0675438
    -0.724
  16.4374
  4.55802
 0.434461
0.0748752
-0.087234
-0.710886
   16.5877
   4.54973
   0.42888
 0.0625111
-0.0696621
 -0.709991
     16.68
   4.61636
  0.422161
 0.0621304
-0.0687803
 -0.716882
  16.7641
  4.59204
 0.445166
0.0702017
-0.066365
-0.715705
  16.8662
  4.68759
 0.421988
 0.066908
 -0.06349
-0.743801
   17.0144
   4.66215
  0.431837
 0.0671321
-0.0667252
 -0.741279
   17.1199
   4.73585
  0.420486
 0.0818159
-0.0592476
 -0.745322
    17.278
   4.70254
  0.438942
 0.0762108
-0.0617766
  -0.74315
   17.4737
   4.83151
  0.430666
 0.0740457
-0.0545864
 -0.763272
    17.611
   4.89854
   0.48718
 0.0675252
-0.0549771
  -0.77087
   17.6916
   4.85335
  0.435398
 0.0703274
-0.0561312
 -0.738057
   17.7108
   4.89555
  0.457055
 0.0601229
-0.0498336
 -0.745758
   17.8068
    4.8723
  0.421882
 0.0561529
-0.0535813
 -0.754622
   17.8129
   4.90109
  0.437847
 0.0664785
-0.0605675
 -0.750109
   17.9079
   4.95572
  0.460094
  0.073167
-0.0622726
 -0.773556
  18.0799
  4.95114
 0.418826
0.0596555
-0.071295
-0.772972
   18.2144
    5.0412
  0.455122
 0.0677999
-0.0643761
 -0.795002
   18.3333
   5.02712
  0.439569
 0.0682943
-0.0504983
 -0.787513
   18.4153
    5.0747
  0.462746
 0.0616627
-0.0415892
 -0.778607
   18.4221
   5.06266
  0.441534
 0.0654655
-0.0551892
 -0.794407
   18.5096
   5.05057
  0.455739
 0.0739494
-0.0688112
 -0.800992
   18.5607
   5.07028
  0.483965
 0.0636482
-0.0642193
 -0.806247
    18.697
   5.18812
  0.474655
 0.0631998
-0.0699457
 -0.830559
   18.7385
   5.10496
   0.43466
 0.0705668
-0.0847214
 -0.847219
   18.6092
   5.07556
  0.427332
 0.0833405
-0.0946506
 -0.843267
   18.4491
   5.07039
   0.45965
 0.0741355
-0.0827459
 -0.878034
   18.3973
   5.03436
  0.431199
 0.0680587
-0.0718401
 -0.876314
   18.3719
   4.96462
  0.443378
 0.0724579
-0.0724262
 -0.883688
  18.4227
  4.98535
 0.467561
0.0643495
-0.077725
-0.889041
   18.5344
   5.06746
  0.459501
 0.0718709
-0.0768574
 -0.894718
   18.6493
   5.03431
  0.418507
 0.0727103
-0.0670151
  -0.89886
   18.5559
   4.97274
  0.457752
 0.0712873
-0.0685031
 -0.900879
    18.486
   4.98982
   0.47468
 0.0674953
-0.0492759
 -0.921862
   18.3796
   4.88585
  0.463236
 0.0764743
-0.0624295
  -0.92377
   18.1486
   4.82036
  0.487162
 0.0737274
-0.0754923
 -0.931761
   18.1412
   4.85372
  0.437693
 0.0766899
-0.0763355
 -0.941869
   18.0757
   4.81439
  0.434586
  0.082669
-0.0948803
 -0.975581
   17.8732
   4.71536
  0.440003
 0.0833984
-0.0913051
  -1.00525
  17.7061
  4.66931
 0.431127
0.0850205
-0.103789
 -0.99061
  17.4373
  4.56124
 0.468739
0.0895896
-0.117324
 -1.02961
 17.2229
 4.48693
0.415152
  0.0912
-0.13645
-1.05171
  16.5918
  4.26411
  0.40692
0.0798612
-0.141352
 -1.05107
  16.6865
   4.2857
 0.444249
0.0935342
-0.126817
 -1.04784
  16.9862
   4.3462
 0.460244
0.0965427
-0.137717
 -1.12926
  16.9953
  4.36959
 0.466522
0.0956859
-0.141596
 -1.15162
  17.2431
  4.36869
 0.444079
 0.101939
-0.169151
 -1.18403
  17.4418
  4.31983
 0.456325
0.0944838
-0.156618
 -1.19238
  17.3345
  4.30042
 0.463963
 0.097547
-0.175906
 -1.24648
  17.3509
  4.38504
 0.477983
 0.123324
-0.191627
 -1.27049
  17.4856
  4.32627
 0.460638
 0.114176
-0.180891
 -1.30722
   17.609
   4.3105
  0.46731
 0.127002
-0.193675
  -1.3214
  17.5939
  4.31265
 0.515845
 0.117159
-0.180885
 -1.34221
  17.6659
  4.39505
 0.482195
 0.114873
-0.192505
 -1.38327
  17.7151
  4.32248
 0.463466
 0.111173
-0.200959
 -1.38007
   17.658
  4.30182
 0.475099
 0.113396
-0.190137
 -1.38832
 17.6245
 4.24921
0.444804
 0.11291
-0.18048
-1.38149
  17.5415
  4.27024
 0.493096
  0.12335
-0.186783
 -1.40125
  17.4645
  4.24601
 0.496238
 0.124519
-0.182331
 -1.40316
  17.4594
  4.24918
 0.474738
  0.11221
-0.180013
 -1.38783
  17.5264
  4.22609
 0.456786
 0.106414
-0.164032
 -1.40011
  17.4913
  4.18826
 0.456829
0.0993289
-0.177305
 -1.38825
    17.39
  4.25463
 0.405364
 0.116375
-0.180019
 -1.39576
  17.3066
  4.18557
 0.462595
 0.109685
-0.144543
 -1.38289
  17.2751
  4.22513
 0.487854
 0.114641
-0.135888
  -1.4011
  17.3386
  4.18043
 0.465332
 0.106491
-0.139756
 -1.38334
  17.3825
  4.19645
  0.48643
 0.102942
-0.127148
 -1.38637
   17.456
  4.27138
 0.433175
0.0956539
 -0.14989
  -1.3955
  17.5632
  4.21904
 0.499929
  0.10713
-0.128055
 -1.40334
   17.605
  4.28038
 0.475609
 0.108484
-0.149481
 -1.39482
  17.6152
   4.2167
 0.435324
 0.110783
-0.164064
 -1.40109
  17.5005
  4.24144
 0.483606
 0.115089
-0.145824
 -1.39545
  17.4396
  4.21688
 0.418925
 0.110224
-0.168994
 -1.42234
  17.2562
  4.11357
 0.447545
0.0956602
-0.171063
 -1.39972
  17.0705
  4.16244
 0.456642
 0.121144
-0.155878
 -1.39323
  15.7089
  3.72925
 0.431632
0.0941989
-0.142015
 -1.31265
  13.7122
  3.25935
 0.426743
0.0751073
-0.117154
 -1.17324
  14.9048
  3.60683
 0.374385
0.0993704
-0.176764
 -1.28747
  14.9592
  3.51376
 0.432222
 0.110231
-0.165619
 -1.31436
  15.4176
  3.62052
 0.393958
 0.111966
-0.214547
 -1.34362
  15.9837
  3.77446
 0.479511
 0.135455
-0.257272
 -1.39224
  15.6066
  3.65248
 0.431569
 0.142685
-0.310812
 -1.38067
  15.6669
  3.65112
 0.503207
 0.152928
-0.316426
 -1.40471
  15.9269
  3.76947
   0.4669
 0.163867
-0.358143
 -1.43584
  16.0721
  3.73811
 0.552491
  0.15588
-0.347482
 -1.46452
 16.3483
 3.81189
0.466775
0.157996
-0.36961
 -1.4723
  16.0618
  3.69112
 0.550776
 0.146458
-0.334883
 -1.47744
  15.9885
  3.68632
  0.55014
 0.158463
-0.359339
 -1.48826
  15.7305
  3.63229
 0.576333
 0.168649
-0.369881
 -1.49106
  14.0434
  3.29607
 0.387392
 0.146613
-0.442123
 -1.32044
  10.7299
   2.2847
0.0768085
 0.122286
-0.188625
 -1.05287
  12.1418
  2.72508
 0.423822
  0.10732
-0.297336
 -1.24256
   11.201
  2.43672
 0.455131
 0.187261
-0.461602
 -1.11666
   11.5289
   2.69947
  0.170147
  0.051113
-0.0784007
  -1.16104
  11.6869
  2.57437
 0.232707
0.0688796
-0.145302
 -1.22839
  11.2695
   2.4489
 0.452109
 0.153408
-0.470168
 -1.21232
  11.4179
  2.44988
 0.275933
0.0930622
-0.230519
 -1.21483
 10.9895
 2.39132
 0.24501
0.061246
-0.13945
-1.18215
  11.1266
  2.44325
 0.377946
 0.138052
-0.392056
 -1.20007
  10.6807
  2.26179
 0.324847
0.0918276
-0.215964
 -1.11914
   10.5059
   2.36953
  0.236862
 0.0643357
-0.0975654
  -1.11487
  10.2142
   2.1771
 0.277775
0.0916008
-0.295877
 -1.10604
  9.57622
  2.04431
 0.311949
 0.113481
-0.315601
 -1.03374
  5.49229
   1.2501
 0.216201
0.0404491
-0.182755
-0.621701
  6.69455
  1.43878
 0.235809
0.0679149
-0.198875
-0.649573
  5.99089
  1.27969
 0.167102
0.0569091
-0.208744
-0.724481
  5.96939
  1.25683
   0.1564
  0.05588
-0.225447
-0.636131
  6.44876
  1.30801
   0.1568
0.0682252
-0.220821
-0.777774
  5.84463
  1.23466
 0.171358
0.0609463
-0.213264
-0.642679
  5.71787
  1.22954
 0.153335
0.0729688
 -0.21839
 -0.70203
   5.7366
  1.13741
 0.175374
0.0745727
-0.233421
-0.653902
  5.51991
  1.18431
   0.1514
0.0783105
-0.223739
  -0.6569
  5.60105
  1.15999
  0.15093
0.0553351
-0.220134
-0.686842
   5.0906
  1.02756
 0.140466
0.0601954
-0.216369
-0.604056
  5.09429
  1.09376
 0.158654
0.0511116
-0.195764
-0.616698
  4.96956
  1.00644
 0.144494
0.0532631
-0.195525
-0.577129
  4.72056
 0.975724
 0.115133
0.0458482
-0.181002
-0.555775
  4.26549
  0.86228
 0.098151
0.0430096
-0.170578
-0.489069
  3.89571
 0.792512
 0.127636
0.0539938
-0.176484
-0.459451
  3.61693
 0.755051
0.0943968
0.0335229
-0.175902
-0.419808
  3.50902
 0.749185
 0.103689
0.0387264
-0.178861
-0.422517
   3.6321
 0.743036
0.0650893
0.0434299
-0.174754
-0.436169
  3.66133
 0.750448
0.0640583
0.0423068
-0.179511
-0.434187
  3.82905
 0.840023
0.0597226
0.0475191
-0.175037
-0.462175
  3.87571
 0.733414
0.0902279
0.0482604
-0.176146
 -0.44977
  3.67217
 0.757777
 0.128781
0.0388146
-0.169268
-0.432245
  3.48428
 0.805218
 0.125426
0.0393281
-0.151694
-0.421563
  3.49806
 0.698211
0.0915265
0.0473983
-0.152286
-0.416261
  3.67049
 0.700493
0.0914064
0.0355646
-0.163649
-0.419256
  3.95091
 0.793671
 0.129796
0.0464801
 -0.17315
-0.464449
  4.36047
 0.961588
 0.104128
0.0463524
-0.197479
 -0.54599
  4.59173
 0.944113
0.0973124
0.0624724
-0.188751
-0.553244
   4.5999
 0.952467
0.0963037
 0.046967
-0.178248
-0.548779
  4.22031
 0.824068
0.0885002
0.0429341
 -0.17007
-0.501646
  3.70724
 0.805091
 0.128453
0.0478769
-0.151447
-0.437985
  3.22733
  0.68115
0.0754297
0.0343636
-0.146019
-0.383254
  2.87132
 0.585113
0.0591094
 0.028108
 -0.13926
-0.346075
   2.7301
 0.570785
0.0674325
0.0291632
 -0.15099
-0.337143
  2.67966
 0.611962
0.0482836
 0.027289
-0.134345
-0.328329
  2.86086
 0.540185
0.0380053
0.0334586
-0.144024
 -0.34333
  2.84935
 0.610949
0.0771189
0.0385154
-0.136738
-0.336106
  2.95947
 0.568989
0.0875287
0.0265216
-0.144522
-0.357684
  3.21548
 0.623466
0.0644364
0.0310684
-0.142114
-0.379121
  3.49514
 0.691906
0.0943574
0.0434777
-0.170668
-0.422051
  3.67351
 0.788098
0.0854283
0.0415542
 -0.17425
   -0.445
  3.85308
  0.76883
 0.104451
0.0323403
-0.152206
-0.473876
  3.95472
 0.839807
0.0851346
0.0396953
-0.169086
-0.486365
  3.95499
 0.784878
0.0850333
0.0494952
-0.160478
-0.480955
  3.72268
 0.771353
 0.121577
0.0310564
-0.135376
 -0.45512
  3.33706
 0.705483
0.0731563
0.0241047
-0.145524
-0.409132
  3.01416
 0.592654
0.0725928
0.0355303
-0.130531
-0.384323
  2.78724
 0.563714
0.0452225
0.0214153
-0.138266
-0.343795
  2.66698
  0.53144
0.0599213
0.0317513
-0.129115
-0.317162
  2.84383
 0.624956
0.0584433
0.0311545
-0.137581
-0.355552
  2.70863
 0.530188
0.0616693
0.0387949
-0.139271
-0.317005
  2.78092
 0.573779
0.0470659
0.0235836
-0.140462
-0.335489
  2.79116
 0.583209
0.0548284
0.0247875
  -0.1402
-0.350607
   2.9811
 0.618526
0.0518872
0.0224948
-0.147249
 -0.37843
  2.88206
 0.591707
0.0594597
0.0203705
-0.124959
-0.364948
  2.87678
 0.588007
0.0651314
0.0285787
-0.140493
-0.366858
  2.97486
 0.619144
0.0556407
0.0273619
-0.148513
 -0.38185
  3.01507
 0.615635
0.0607612
0.0358306
-0.145732
-0.385179
  3.07514
 0.641203
0.0595944
 0.024238
-0.134014
-0.387743
  2.98523
 0.602486
0.0692005
0.0397127
-0.138718
-0.364166
  2.95499
 0.606809
0.0582513
0.0257468
-0.138319
-0.375667
  2.85882
 0.576073
0.0556992
0.0249883
  -0.1356
-0.353244
  3.01194
 0.620201
0.0560644
0.0270595
-0.132224
-0.363946
  2.86491
 0.586035
0.0594091
0.0270094
-0.132404
 -0.35048
  2.83674
 0.574254
0.0596752
0.0296886
-0.127941
-0.341072
  2.89625
 0.594101
0.0582274
0.0326882
-0.130021
-0.353019
  2.97745
 0.608642
0.0595503
0.0330732
-0.141318
 -0.36965
  3.09552
  0.63407
0.0618993
0.0316545
-0.130648
-0.386728
  2.97487
 0.610494
0.0685992
0.0255519
-0.132019
-0.368594
  3.05555
 0.627797
0.0578068
0.0274367
-0.132857
-0.385639
   3.0757
  0.63022
0.0609714
0.0330135
-0.140431
-0.389554
  3.19846
 0.643878
0.0642607
0.0302627
-0.136138
-0.393932
  3.17247
 0.649625
0.0690867
 0.036385
-0.140928
-0.404483
  3.16931
 0.645008
0.0690252
0.0312416
 -0.13666
-0.402468
  3.11561
   0.6362
0.0642379
0.0297753
-0.136589
-0.383319
  3.11252
 0.640263
0.0629218
0.0287249
-0.138502
 -0.40157
  3.15889
 0.646295
0.0640202
0.0372552
-0.137147
-0.387924
  3.05718
 0.621971
0.0637081
0.0436973
-0.146564
-0.376531
  3.05369
 0.627101
0.0591709
0.0281975
-0.129404
  -0.3853
  3.06936
 0.630469
0.0610223
0.0304221
 -0.14089
-0.399352
  3.19304
 0.658378
0.0658199
0.0260928
-0.130096
-0.403318
  3.13238
 0.635845
0.0606649
0.0392653
-0.136896
-0.392575
  3.03484
 0.619923
0.0616675
 0.036111
-0.136123
-0.377473
  3.10742
 0.636393
0.0576663
0.0344145
-0.131967
-0.390613
  3.14217
 0.646689
0.0710828
0.0243947
-0.115602
-0.380274
  3.27158
  0.66843
0.0696707
0.0423997
-0.135281
-0.411283
  3.21753
 0.660269
0.0779209
 0.032951
-0.130184
-0.406696
   3.2212
 0.661986
0.0722494
0.0330948
-0.138207
-0.411608
   3.1959
 0.646176
0.0688996
0.0356032
-0.146043
-0.404747
  3.27546
 0.669388
0.0696098
0.0434479
-0.140311
-0.415979
  3.23593
 0.661072
0.0667698
0.0343297
-0.139381
-0.397815
  3.18191
 0.644207
0.0613943
0.0329832
-0.140011
-0.395553
  3.17546
 0.654047
0.0648029
0.0288724
-0.133987
-0.409992
  3.16667
 0.646643
0.0645951
  0.02427
-0.137617
-0.412112
  3.24378
 0.653394
0.0605839
0.0335035
-0.137556
-0.413539
   3.1559
 0.649507
0.0673417
0.0287308
-0.130543
-0.400839
  3.16399
 0.650134
0.0624783
0.0337784
-0.141895
-0.418706
  3.20975
 0.657664
 0.069227
0.0297806
-0.140972
-0.396867
   3.2823
 0.666409
0.0686168
0.0416767
-0.145439
-0.402371
  3.29021
 0.667485
0.0694689
0.0391702
 -0.14791
-0.411273
  3.31976
 0.673688
0.0724931
0.0375646
-0.138102
-0.419956
   3.3338
 0.684702
0.0771706
0.0371611
-0.137568
-0.416925
  3.29267
 0.674416
0.0764218
 0.032628
-0.143753
-0.405265
  3.34824
 0.676328
0.0701337
0.0462823
-0.142292
-0.418142
  3.35199
 0.677233
0.0675714
0.0433559
-0.149162
-0.431948
  3.35329
 0.672215
0.0679085
0.0453541
-0.144973
-0.408735
  3.36334
 0.681606
0.0755086
0.0366548
-0.138926
-0.423633
  3.39306
 0.686424
0.0718558
0.0347112
 -0.15292
-0.425121
  3.36984
 0.679864
0.0722886
0.0314836
-0.141988
-0.408222
  3.37578
 0.680924
0.0745157
0.0338408
-0.152513
-0.406221
  3.36721
 0.674331
0.0778944
0.0411826
-0.139573
-0.406223
  3.38337
 0.684319
0.0743164
0.0359279
-0.138171
-0.420316
  3.36847
 0.676522
0.0762542
0.0352691
-0.151856
-0.430259
  3.33856
 0.672574
0.0848021
0.0361601
-0.144552
-0.406719
  3.34899
 0.681195
0.0691925
0.0366466
-0.143997
-0.413372
  3.30855
 0.668794
 0.066058
0.0389604
-0.137194
-0.411658
  3.36261
 0.676085
0.0755091
0.0397191
-0.139501
-0.418874
  3.32433
   0.6708
 0.070103
0.0297988
-0.142211
-0.420312
  3.30951
 0.663339
0.0679133
0.0319092
-0.149646
-0.416276
  3.33217
 0.673733
0.0747364
0.0393276
-0.140546
-0.416519
  3.32845
  0.67127
0.0724985
0.0384136
-0.160897
-0.411665
  3.37198
 0.680124
0.0765177
0.0405108
-0.144051
-0.424518
  3.37403
 0.679525
0.0740723
0.0330769
-0.137241
-0.430493
  3.40003
 0.683357
0.0748493
0.0386239
-0.145786
-0.438943
  3.40569
 0.686481
0.0786038
0.0424316
-0.143648
-0.421615
   3.4604
 0.699836
0.0768118
0.0450027
-0.149551
-0.442597
  3.40224
 0.692071
0.0709037
0.0384887
-0.145883
-0.424242
  3.42148
 0.689778
0.0729532
0.0432083
-0.143403
-0.421131
   3.4054
 0.687536
0.0751124
0.0376958
-0.130002
-0.430683
  3.38178
 0.682503
0.0765212
0.0387765
-0.137683
-0.422061
  3.37032
 0.677915
0.0731074
0.0361802
-0.143989
-0.423447
  3.35641
 0.675363
0.0742146
0.0344779
-0.141137
-0.428321
  3.33613
 0.673374
0.0701245
0.0313057
-0.149996
-0.415884
   3.3208
 0.668666
0.0681765
0.0335183
-0.145448
-0.405977
  3.35131
 0.670603
0.0755345
0.0351056
-0.148821
-0.413199
  3.35167
 0.678005
0.0791416
0.0300844
-0.139182
-0.409612
  3.36198
 0.686522
0.0731194
0.0326633
-0.153004
-0.437802
   3.3642
 0.677444
0.0777668
0.0351543
-0.150407
-0.415154
  3.36718
 0.682593
0.0734434
0.0321734
-0.138557
-0.414346
  3.40568
 0.686906
0.0762842
0.0430117
-0.128185
-0.430412
  3.41105
 0.689268
 0.078332
0.0327259
-0.133495
-0.433394
  3.39761
 0.684879
0.0741682
0.0334346
-0.141312
 -0.41908
  3.41377
 0.686914
0.0783826
0.0422809
-0.150211
-0.427988
   3.4395
 0.691627
0.0782054
0.0390335
-0.145366
 -0.42719
  3.39572
 0.684497
0.0763321
0.0358091
 -0.13275
-0.425866
   3.4001
 0.683239
0.0772689
0.0385336
-0.144908
-0.429813
  3.39269
 0.680415
0.0752801
0.0442673
-0.138078
-0.422172
  3.38382
 0.691252
0.0744257
0.0324417
-0.129612
-0.425533
  3.40872
  0.69137
0.0787005
0.0399584
-0.133475
-0.423258
  3.37974
 0.682017
0.0787859
0.0331295
-0.131208
-0.419642
  3.40185
 0.693228
0.0749777
0.0343336
-0.140166
-0.445467
  3.40015
 0.683048
0.0817292
0.0381716
-0.142783
-0.429885
   3.4028
 0.689965
0.0785051
0.0409004
-0.137095
-0.434815
  3.39537
 0.685424
0.0808711
0.0296505
-0.136227
-0.419748
  3.36003
  0.67761
0.0723371
0.0314373
-0.140663
-0.410502
   3.4065
 0.691617
0.0750934
  0.03999
-0.140257
-0.437382
  3.37555
 0.682104
0.0833484
0.0308148
-0.132406
-0.415813
  3.40571
 0.685802
0.0775967
0.0358523
-0.145935
-0.412084
  3.41237
 0.692344
0.0782889
0.0300954
 -0.12865
-0.439106
  3.43115
  0.69196
0.0770248
0.0368776
-0.135501
 -0.43706
  3.42734
 0.690211
0.0802499
0.0345579
-0.137002
-0.441436
  3.43385
 0.689428
0.0816257
0.0411882
-0.147335
-0.424743
   3.4279
 0.696333
0.0792019
0.0311524
-0.141181
-0.444281
  3.41909
 0.690657
0.0705265
0.0409316
-0.146184
-0.433201
  3.42689
 0.693508
0.0774826
0.0453983
-0.140701
-0.422461
  3.39345
 0.686295
0.0789565
0.0455593
-0.143255
-0.413739
  3.42782
 0.688493
0.0769151
0.0388796
-0.137599
-0.440458
  3.39466
 0.688201
 0.071903
 0.030773
-0.148454
-0.425615
  3.43091
 0.693316
0.0750228
0.0385061
-0.136456
-0.428492
  3.40517
  0.68724
0.0772635
0.0262634
-0.135693
-0.428457
  3.43281
 0.694316
0.0783593
0.0405663
-0.132913
-0.431131
  3.42575
 0.688436
0.0781592
0.0396424
-0.146514
-0.434118
  3.41472
 0.691537
0.0740802
0.0356188
-0.140641
-0.424901
  3.40286
 0.690746
0.0778096
0.0470186
-0.132523
-0.419013
  3.40417
 0.693446
0.0822449
0.0417975
-0.134293
-0.420371
  3.42472
 0.692613
0.0716181
0.0344046
-0.143136
-0.431117
  3.40029
 0.682696
0.0785011
0.0380543
-0.136441
-0.424763
  3.39944
 0.686639
0.0765878
0.0374682
-0.133971
-0.415066
  3.42729
 0.690337
0.0757492
0.0357916
-0.142929
-0.443743
  3.41776
 0.687252
0.0772207
0.0389646
-0.148797
-0.427577
  3.43269
 0.694371
0.0760865
0.0366923
-0.134929
-0.431076
  3.39797
 0.683711
0.0721383
0.0364076
-0.141893
-0.409262
  3.41335
 0.688628
0.0718677
0.0375175
-0.142657
-0.421356
  3.42298
 0.692489
0.0774553
0.0469714
-0.147068
-0.424907
  3.45853
 0.698712
0.0779253
0.0416684
-0.147077
-0.442232
  3.43051
 0.694948
0.0783085
0.0399797
-0.142509
-0.434248
  3.42449
 0.693525
0.0806719
0.0301542
-0.135843
-0.424913
  3.43939
 0.692634
0.0747172
0.0441504
-0.137417
-0.441055
  3.41832
 0.685645
0.0738938
0.0464273
-0.144548
-0.428822
  3.40136
 0.686774
0.0787437
0.0355562
-0.144121
-0.415314
  3.40526
 0.688029
0.0762902
0.0371731
-0.133697
-0.428804
  3.42097
 0.691498
0.0762304
0.0388451
-0.142716
 -0.42669
  3.36727
  0.68169
0.0743764
0.0319878
-0.150053
-0.421175
  3.42138
 0.699767
 0.072199
0.0479757
-0.145853
-0.421316
  3.39041
 0.690178
0.0825012
0.0385292
 -0.13676
-0.408948
  3.42322
 0.689932
0.0790739
 0.033958
-0.140341
-0.446374
  3.43984
 0.690307
0.0802758
0.0414642
-0.143458
-0.435776
  3.45273
 0.696776
0.0790437
0.0372487
-0.139473
-0.441757
  3.43712
  0.69276
0.0759859
0.0332772
-0.132941
 -0.42974
  3.42668
 0.692544
0.0803321
0.0309889
-0.146117
-0.438259
  3.42222
 0.694588
0.0762772
0.0313321
-0.135114
-0.425421
  3.42474
 0.692419
0.0780912
0.0328561
-0.135876
-0.442594
  3.43654
 0.695124
0.0782039
0.0326216
-0.136056
-0.433407
  3.40525
 0.687239
0.0750729
0.0322858
-0.143496
-0.428617
  3.44383
 0.699164
0.0826002
0.0321641
-0.140674
-0.437153
  3.42132
 0.690407
0.0741476
0.0409018
-0.139403
-0.419076
  3.44955
 0.692209
0.0767198
 0.032281
-0.136273
-0.439706
   3.4355
 0.699608
 0.075074
0.0325162
-0.142052
-0.428758
  3.42721
 0.691535
0.0783411
0.0411567
-0.140899
-0.430683
  3.44095
 0.694493
0.0807992
0.0373161
-0.143717
-0.412401
  3.41539
 0.687672
0.0717218
0.0285918
-0.147416
-0.420738
  3.45142
 0.694525
0.0760255
0.0470058
-0.144521
 -0.42717
  3.41494
 0.698227
  0.07375
0.0265384
 -0.14521
-0.446386
  3.40871
 0.690062
0.0742986
0.0278046
-0.142823
-0.411124
  3.38503
  0.68645
 0.077721
0.0411336
-0.142037
-0.423766
  3.40743
 0.687845
0.0753449
0.0392438
-0.136642
-0.419367
  3.42796
 0.687699
0.0781228
0.0370445
-0.141674
-0.433363
  3.39037
 0.689783
0.0766237
0.0361431
-0.139762
 -0.42228
  3.43468
 0.695368
0.0772321
0.0447747
 -0.13919
-0.433875
  3.43704
 0.692982
0.0837357
0.0321622
-0.133359
-0.432553
  3.45079
 0.697597
0.0817855
0.0461746
-0.134017
-0.424077
  3.43521
 0.692096
0.0804106
0.0332443
-0.132054
-0.432137
  3.44967
 0.692665
0.0804602
0.0398202
-0.137273
-0.424152
  3.45853
 0.698711
0.0779332
0.0416695
-0.147078
-0.442232
  3.47564
  0.70477
0.0767682
0.0363552
-0.144801
-0.440725
  3.44088
 0.694481
0.0782918
0.0391474
  -0.1522
-0.426291
  3.41721
 0.691534
0.0731466
0.0538252
-0.139592
-0.424706
  3.41856
 0.692975
0.0751293
0.0392724
-0.144528
-0.429939
  3.42689
 0.692657
0.0827613
0.0371806
-0.135546
-0.433574
  3.44642
 0.697375
 0.075911
0.0386502
-0.145095
-0.435869
  3.39808
 0.691584
0.0785043
0.0303658
-0.134249
-0.435916
  3.41383
 0.686684
0.0774701
0.0344041
-0.128463
-0.417946
  3.40603
 0.694879
 0.070011
0.0527536
-0.152621
-0.423132
  3.42998
 0.697429
0.0787165
0.0388171
 -0.14325
-0.417165
  3.40799
  0.68505
0.0774745
0.0381353
-0.143852
 -0.41831
  3.42631
 0.695433
0.0762016
0.0413513
-0.142047
-0.432532
  3.43659
 0.695745
0.0816947
0.0382423
-0.129088
-0.431426
  3.43311
 0.693013
0.0785068
0.0393011
-0.133385
-0.421329
  3.47093
 0.698943
0.0801599
 0.040768
-0.138035
-0.436236
  3.43807
  0.69758
0.0728833
0.0346286
-0.145395
-0.422944
  3.45713
 0.695909
0.0781984
0.0358964
-0.133868
-0.424601
  3.46292
  0.69712
0.0776529
0.0381654
-0.144908
-0.450063
  3.46286
 0.697026
0.0820767
0.0319617
-0.136043
-0.449939
  3.44813
 0.699106
0.0781825
0.0385807
-0.138615
-0.436419
  3.42862
 0.693362
0.0735601
0.0351723
-0.146931
-0.445013
  3.43789
 0.698888
0.0750742
0.0388993
-0.139107
-0.430421
  3.40151
 0.685311
0.0806605
0.0307444
-0.147922
-0.426242
  3.45102
 0.695085
0.0790248
0.0353537
-0.137198
-0.441067
  3.40477
 0.689746
0.0796378
0.0328522
-0.133101
-0.429781
  3.41012
 0.684926
0.0785899
0.0381513
-0.137859
-0.417899
  3.41725
 0.690066
0.0775275
0.0381991
-0.133014
-0.419327
  3.43151
 0.690414
 0.079483
0.0372623
-0.142697
-0.422886
  3.44573
 0.699473
  0.08222
0.0343114
-0.150569
-0.455718
  3.40192
 0.684481
 0.076499
0.0352989
-0.137114
-0.413851
  3.45048
 0.697492
0.0814732
0.0339177
-0.136695
-0.433186
  3.43204
 0.697529
0.0730972
0.0402473
-0.144244
-0.419026
  3.45499
 0.695694
0.0790176
0.0391343
-0.153915
-0.439151
   3.4556
 0.693487
0.0792353
0.0361289
-0.134531
   -0.426
  3.46391
 0.701303
0.0823836
0.0268088
-0.132226
-0.437934
  3.45657
 0.698427
0.0780561
0.0393896
 -0.13691
-0.437417
  3.48244
 0.702389
0.0765226
0.0401471
-0.143578
-0.448015
  3.44147
 0.692031
0.0782173
0.0395775
-0.147932
-0.427244
  3.43316
 0.692282
0.0771578
0.0383814
 -0.14205
-0.430328
  3.44869
 0.695962
0.0746594
 0.034305
-0.145208
-0.437149
  3.42139
 0.690142
0.0786493
 0.041454
-0.141173
-0.416944
  3.43118
 0.691668
0.0773812
0.0357034
-0.148407
 -0.41668
  3.43655
 0.695098
0.0804034
0.0315272
-0.131103
-0.435646
  3.43782
 0.699439
0.0761829
0.0423849
-0.141757
-0.433145
  3.45842
 0.698892
0.0757684
0.0360562
 -0.14149
-0.437417
  3.43282
 0.693136
0.0817301
0.0331367
 -0.14942
-0.422006
  3.44535
 0.701418
0.0695437
0.0303601
-0.146747
-0.421479
  3.44446
 0.706461
  0.07601
0.0422141
 -0.13615
-0.449283
  3.44852
 0.697845
0.0783664
0.0413708
-0.138133
-0.426636
  3.43047
 0.695047
0.0742671
0.0365126
-0.146044
 -0.41124
  3.48258
 0.701678
0.0822048
0.0343783
 -0.13014
-0.440638
  3.42305
  0.69125
0.0774376
0.0357656
-0.141662
-0.419473
  3.45474
 0.697541
0.0747328
0.0404709
-0.135606
   -0.437
  3.45411
 0.698847
0.0699528
0.0308033
-0.143921
-0.449052
  3.46062
  0.69919
0.0803021
0.0443454
-0.140024
-0.437582
  3.44224
 0.687984
0.0703509
0.0316991
-0.145533
-0.420127
  3.43717
 0.693189
 0.079327
0.0415082
-0.137379
  -0.4349
  3.45631
 0.698483
0.0733714
 0.032466
-0.144652
-0.444269
  3.43665
 0.695175
  0.07616
0.0378203
 -0.14015
-0.426602
  3.45604
 0.699837
0.0733772
0.0329074
 -0.14047
-0.447107
  3.44507
 0.694048
0.0746209
0.0340941
-0.131629
-0.440829
  3.44872
 0.695844
0.0790803
0.0330276
-0.139192
-0.439424
  3.45211
 0.700358
  0.08628
0.0400841
-0.131986
-0.423055
  3.44117
 0.693457
0.0781888
0.0391048
-0.139858
-0.432285
  3.42872
 0.693312
0.0740105
0.0353969
-0.147388
-0.422096
  3.41058
   0.6828
0.0774092
0.0418044
-0.153737
-0.417291
   3.4549
 0.696591
0.0781077
0.0393217
-0.142421
 -0.43232
  3.44856
 0.697165
0.0791695
0.0384398
 -0.13795
-0.440078
  3.48282
 0.709567
0.0822563
0.0366837
-0.140481
-0.449223
  3.45683
 0.697146
0.0780174
0.0380334
  -0.1372
-0.436781
  3.44894
 0.696404
0.0829156
0.0437524
-0.135436
-0.421509
  3.46229
 0.699136
 0.074408
0.0295075
-0.144741
 -0.44395
   3.4579
 0.700704
0.0768813
0.0319162
-0.141956
-0.438358
  3.47553
 0.705215
0.0823971
0.0336831
-0.138678
-0.438742
  3.42949
 0.690132
0.0749967
0.0379541
-0.146057
-0.425139
  3.46382
 0.703523
0.0771713
0.0444529
-0.135096
-0.432076
  3.44816
 0.698759
0.0850043
0.0340715
-0.136565
 -0.42734
  3.45385
 0.700564
0.0735124
0.0355527
-0.145402
 -0.44328
  3.42169
 0.697193
 0.071997
0.0362388
-0.144447
-0.422211
  3.45044
  0.69751
0.0812996
0.0338295
-0.136513
-0.442353
  3.43432
 0.696092
0.0740366
0.0348067
-0.139403
-0.422544
  3.46657
 0.699791
0.0811985
0.0422125
-0.143824
-0.444225
  3.44887
 0.696541
0.0783205
0.0449405
-0.141271
-0.428401
  3.43177
 0.698362
0.0862133
0.0345403
-0.130571
 -0.43343
  3.47192
 0.702339
0.0709343
0.0306625
-0.139162
-0.450932
  3.45047
 0.697737
0.0848372
0.0399211
 -0.14987
 -0.43392
   3.4504
 0.697651
0.0746909
 0.036203
-0.147484
-0.437838
  3.44099
 0.695328
0.0839981
0.0450301
-0.127737
-0.428596
  3.44968
 0.701431
0.0793815
0.0381682
-0.136891
-0.435054
  3.46491
 0.697646
0.0778373
0.0370122
-0.139962
-0.440774
  3.43821
 0.698029
0.0784556
0.0458177
-0.143924
-0.430362
  3.46023
 0.700761
 0.073849
0.0414102
-0.140256
-0.426543
  3.42648
 0.684697
0.0805271
0.0279053
-0.132158
-0.418128
  3.44433
  0.69737
0.0793138
0.0374029
-0.145164
-0.433972
  3.45003
 0.699691
0.0758189
 0.038345
-0.138258
-0.443225
  3.47631
 0.701472
0.0797666
 0.034587
-0.143181
-0.452951
  3.44965
 0.701429
0.0813939
0.0369836
-0.131754
-0.446461
  3.43687
 0.694424
0.0774064
0.0400397
-0.143272
-0.419526
  3.44673
 0.695489
0.0746297
0.0346349
-0.146446
-0.439472
  3.45937
 0.703154
0.0755807
0.0315502
 -0.14102
-0.450708
  3.45255
 0.698744
0.0806275
0.0445429
-0.133553
-0.426625
  3.42268
 0.693313
0.0763782
0.0390048
 -0.13739
 -0.42262
  3.46093
 0.696831
0.0780549
0.0310943
-0.132166
-0.429098
  3.44602
 0.699281
0.0772185
0.0377416
-0.140898
-0.429867
  3.46416
 0.701606
0.0781621
0.0393857
-0.131583
-0.433336
  3.44026
 0.696966
0.0826352
0.0355689
-0.142577
-0.436603
  3.43889
 0.695518
0.0809259
0.0453306
-0.135066
-0.415221
  3.47784
 0.704509
0.0824901
0.0351838
-0.132975
-0.433422
  3.44073
 0.695407
0.0771212
 0.039203
-0.140433
 -0.43321
  3.48614
 0.703831
0.0799488
0.0329428
-0.136996
-0.441328
  3.42781
 0.697347
0.0718862
0.0338066
-0.140842
-0.423769
  3.44301
 0.693216
0.0725464
0.0311114
-0.155391
-0.427479
  3.43486
 0.693783
0.0818319
0.0350792
-0.139537
-0.419524
  3.46839
 0.700651
0.0790443
0.0335706
-0.125413
-0.439112
  3.45679
 0.697228
 0.077894
0.0370745
-0.133216
-0.443567
  3.42641
 0.704052
0.0798106
0.0385576
-0.135922
-0.431959
  3.47041
 0.700181
0.0797644
0.0338353
 -0.13929
-0.455165
  3.45302
 0.696245
0.0759835
0.0439339
-0.143858
-0.430044
   3.4569
 0.697792
0.0773035
0.0459362
-0.140323
-0.421156
  3.43696
 0.693993
0.0782314
0.0384657
-0.130548
-0.435013
  3.47242
 0.700606
0.0756358
0.0367021
-0.152037
-0.436992
  3.43584
 0.689386
0.0782159
0.0383842
-0.148223
-0.426619
   3.4624
 0.699643
0.0803025
0.0350357
-0.136893
-0.432839
    3.451
 0.694429
0.0778296
0.0286836
-0.139306
-0.440702
  3.42947
 0.690514
0.0783734
0.0421736
-0.151539
-0.425696
  3.47444
 0.702279
  0.08241
0.0483934
-0.140482
-0.442254
  3.44386
  0.69929
0.0807093
0.0316122
-0.138209
-0.420987
  3.44731
 0.693474
0.0780662
0.0384579
-0.143948
 -0.43402
  3.45966
 0.702563
0.0772472
0.0312938
-0.133009
-0.422741
  3.48023
 0.702999
0.0812681
0.0366797
-0.139829
-0.434897
  3.45628
 0.699099
0.0725237
0.0362675
-0.148637
-0.433208
  3.48046
 0.701813
0.0789975
0.0355052
 -0.14118
-0.434226
  3.45801
 0.699622
0.0744941
 0.024857
-0.136475
-0.442075
  3.44458
 0.697358
0.0796246
0.0465188
-0.147334
 -0.42264
  3.45446
 0.698454
0.0791798
0.0391938
-0.141843
-0.437863
   3.4591
 0.696458
0.0779333
0.0394455
-0.131315
-0.440627
  3.48789
 0.705438
 0.080104
0.0357987
-0.143256
-0.435231
  3.43727
 0.692045
0.0768887
0.0353194
-0.135699
-0.440996
  3.44246
 0.687049
0.0779774
0.0323246
-0.141303
-0.429111
  3.44645
 0.696693
 0.076724
0.0357207
-0.144913
 -0.44931
  3.45581
 0.701661
0.0772224
0.0360074
-0.134531
 -0.42741
   3.4724
 0.701469
0.0768186
0.0406745
-0.138345
-0.439383
  3.44458
 0.696139
0.0814264
0.0340365
-0.136606
-0.437779
  3.47359
 0.704995
 0.075767
0.0395274
-0.146041
-0.438775
  3.45476
  0.69728
0.0794203
0.0361873
 -0.13471
-0.423302
  3.50072
 0.702771
0.0863718
0.0294165
-0.141041
-0.441945
  3.45521
 0.695055
0.0824746
0.0384739
-0.144388
-0.434136
  3.47039
 0.700725
0.0789501
0.0385506
-0.147168
  -0.4419
  3.45168
 0.701906
0.0774106
0.0390256
-0.140792
-0.421324
  3.48228
 0.703345
0.0790057
0.0441125
-0.153998
-0.437492
   3.4411
 0.693344
0.0781877
0.0359647
-0.144704
-0.430062
  3.43892
 0.694048
0.0805117
0.0375132
-0.144682
-0.428474
  3.44951
 0.702089
  0.07836
0.0369545
-0.137846
-0.430761
  3.45142
 0.693652
0.0834953
0.0376919
-0.134413
-0.440522
   3.4555
 0.694217
0.0759861
0.0400233
-0.139397
-0.424069
  3.44423
 0.697316
0.0813733
0.0322064
-0.141072
-0.440775
  3.45462
 0.697093
 0.081646
0.0279392
-0.135646
-0.418716
   3.4517
 0.700549
0.0791974
0.0283281
-0.137758
-0.436639
  3.48739
 0.706731
0.0798407
0.0280392
-0.140798
-0.447198
    3.484
  0.70464
0.0777625
0.0406504
-0.145747
-0.444447
  3.44514
 0.693933
0.0770345
0.0340041
-0.130751
-0.431698
  3.48319
  0.70803
0.0767544
 0.035393
 -0.13549
-0.443431
  3.44497
 0.694379
0.0780439
0.0343025
-0.138156
-0.436783
  3.47383
 0.704223
0.0791992
0.0406495
-0.144207
-0.433938
   3.4587
 0.697513
0.0779622
0.0345195
-0.140719
-0.436818
  3.47353
 0.704859
0.0779493
0.0352898
-0.145932
-0.438792
  3.45199
 0.691831
0.0804626
0.0430626
-0.139175
-0.423591
  3.47218
 0.702032
0.0802184
0.0332577
-0.130434
-0.434965
  3.45426
 0.699208
0.0759285
0.0381611
-0.143859
-0.433534
  3.44655
 0.696736
0.0815687
0.0319679
-0.127766
-0.430695
  3.47319
  0.70583
0.0719837
0.0333006
-0.144661
-0.459547
  3.46428
 0.700239
0.0778464
0.0347544
-0.136444
-0.444228
  3.45665
 0.697512
0.0793456
0.0344576
-0.145923
-0.423514
  3.44703
 0.694829
0.0780745
0.0388996
-0.139767
-0.436857
  3.46552
 0.703575
0.0812498
 0.033244
-0.142017
-0.443691
  3.45785
 0.700645
0.0770213
0.0279511
-0.143093
-0.429172
  3.48485
 0.700823
0.0797801
0.0394971
-0.140615
-0.449385
  3.45323
 0.694817
0.0782156
0.0383851
 -0.14413
-0.424843
  3.44223
 0.696737
0.0713717
0.0289074
-0.140106
-0.437851
  3.45124
 0.694229
0.0779859
0.0404099
-0.152879
 -0.43651
  3.46447
 0.708133
0.0780812
0.0322239
 -0.14412
-0.441248
  3.48724
 0.708129
0.0778818
0.0337228
  -0.1408
-0.438649
  3.44292
 0.695064
0.0783525
0.0419627
-0.146118
-0.426188
  3.47471
 0.700287
0.0856358
0.0382193
-0.133058
 -0.44115
  3.44496
 0.694088
0.0803924
0.0319391
-0.145925
 -0.42781
  3.47256
 0.700168
 0.074541
0.0363593
-0.144542
-0.436489
  3.46309
 0.705814
0.0838262
0.0326695
-0.126499
-0.433219
  3.45395
 0.700869
0.0813578
0.0425503
-0.143914
-0.446131
  3.46504
 0.696852
0.0790408
0.0351753
-0.144036
-0.433678
  3.45402
 0.699943
0.0895306
0.0286659
-0.131684
-0.420419
   3.4568
 0.696864
0.0802821
0.0356268
-0.144878
-0.432391
  3.44866
 0.697155
0.0770721
0.0445078
-0.145845
-0.435653
  3.44794
 0.700082
0.0804913
0.0424566
-0.148853
-0.435062
  3.44687
 0.695024
0.0836736
0.0348694
-0.146184
-0.432829
  3.47544
  0.70501
 0.072067
0.0316601
-0.143805
-0.452004
  3.46691
 0.698334
0.0755716
0.0399626
 -0.13485
-0.445219
   3.4459
 0.699152
0.0813288
0.0322751
-0.135562
-0.445872
  3.49006
 0.704784
 0.079937
0.0322406
-0.134431
-0.441261
  3.45405
 0.708601
 0.078291
0.0282214
-0.131764
-0.437638
  3.48952
 0.706607
0.0809568
0.0280554
-0.134805
-0.446787
  3.45739
 0.703743
0.0827326
0.0360564
-0.134394
 -0.43308
  3.46815
 0.702268
0.0783006
0.0423425
-0.144589
-0.424456
  3.44902
 0.694828
0.0848253
0.0357996
-0.144083
-0.430214
  3.45572
  0.70203
0.0780884
0.0420578
-0.148495
-0.441857
  3.47858
 0.708395
 0.072089
0.0215474
-0.143613
-0.448567
  3.46319
 0.697076
 0.080256
0.0462314
-0.142215
-0.436386
  3.45641
 0.698977
0.0813725
0.0368544
-0.131758
-0.439981
  3.44489
 0.685211
 0.073527
0.0287778
-0.138966
-0.423065
   3.4778
 0.704549
 0.080127
0.0361912
-0.137748
-0.440349
   3.4527
 0.696932
0.0768912
0.0365639
-0.136736
 -0.43934
  3.47632
 0.701632
0.0755855
0.0350856
 -0.14558
-0.439129
  3.47823
 0.712512
0.0803581
0.0466534
-0.146274
-0.444389
  3.45844
 0.699356
0.0816256
  0.03753
-0.134596
-0.426286
   3.4569
 0.696469
0.0768161
0.0362892
-0.142155
-0.438816
  3.43314
 0.692766
0.0828366
0.0397654
-0.134974
-0.428363
  3.47886
 0.709658
0.0790981
0.0417686
 -0.13157
-0.447025
   3.4752
 0.706758
0.0779564
0.0344881
-0.136621
-0.441508
  3.46201
 0.701504
0.0811917
0.0397439
-0.138981
-0.449948
  3.44498
   0.6945
0.0716171
0.0367664
-0.149309
-0.423102
  3.46438
 0.700251
0.0735514
0.0419181
-0.149293
-0.437565
  3.46087
 0.697392
0.0770672
0.0357213
-0.139862
   -0.425
   3.4658
 0.702082
0.0735592
0.0281231
-0.139131
-0.433261
  3.48099
 0.707994
0.0800162
0.0300442
 -0.13642
-0.446098
  3.44926
 0.694019
  0.07807
0.0372143
-0.138819
-0.433898
  3.44658
   0.6962
0.0737517
0.0325973
-0.143691
-0.428216
  3.44548
  0.70139
0.0838465
0.0375939
-0.145692
-0.435984
  3.48318
 0.707653
0.0812435
0.0328036
-0.142106
-0.439076
  3.46158
 0.702928
0.0770072
0.0326158
-0.139195
-0.434342
  3.46087
 0.697392
 0.077068
0.0357215
-0.139862
   -0.425
  3.46192
  0.70206
0.0804707
 0.039578
-0.144101
-0.429701
   3.4806
 0.701312
0.0778521
 0.036032
-0.137487
-0.436103
   3.4698
 0.703077
0.0735883
 0.031476
-0.135613
-0.433214
  3.45665
 0.698198
0.0782736
0.0421801
-0.148682
-0.426222
  3.48059
 0.701319
0.0777781
0.0359887
-0.137395
-0.440686
  3.45309
 0.694836
0.0801508
0.0322301
-0.136054
-0.438432
  3.47674
  0.70024
0.0802214
0.0366012
-0.139081
-0.431622
  3.44715
 0.702896
0.0781566
0.0344973
-0.139565
-0.442867
   3.4302
 0.686952
0.0681375
0.0348385
 -0.13359
-0.431958
  3.43778
  0.70809
0.0919354
0.0340567
-0.134882
-0.435438
  3.43632
 0.687525
0.0834219
0.0400176
-0.136519
-0.443941
  3.41575
 0.696375
0.0752993
0.0397019
-0.146044
 -0.42498
  3.40138
 0.686914
0.0828283
0.0372843
-0.132998
-0.433557
   3.3932
 0.705072
0.0792036
0.0386316
-0.138596
-0.420054
  3.38909
 0.676597
0.0838531
0.0275698
-0.132169
-0.420869
  3.36923
 0.664699
0.0782185
0.0385961
-0.147123
-0.420015
  3.33433
 0.690208
 0.064386
0.0264312
-0.136568
-0.430119
  3.34696
 0.671895
0.0759658
0.0368988
-0.138141
-0.430007
   3.3364
 0.673256
0.0641156
0.0411751
-0.150474
-0.415507
  3.34195
 0.676729
0.0895868
0.0451578
-0.140785
-0.424468
  3.32105
 0.650476
0.0648558
0.0436983
-0.146407
-0.401826
  3.23771
 0.653592
0.0844284
 0.043645
-0.147278
-0.424923
  3.16481
 0.701492
0.0833792
 0.033945
-0.141726
 -0.42074
     3.146
  0.656769
0.00121812
 0.0332214
 -0.139258
 -0.408967
  3.11773
 0.608362
0.0731339
0.0267527
-0.134189
-0.383747
   3.0616
 0.663527
0.0582421
0.0160844
-0.134885
-0.403499
  3.02563
 0.587535
0.0728192
0.0376336
-0.139549
 -0.38667
  3.00101
 0.586961
0.0823089
0.0323121
  -0.1247
-0.377651
  3.01097
 0.642644
0.0812386
0.0231191
-0.118711
-0.379527
  3.12924
 0.667093
 0.100325
  0.02711
-0.135318
-0.386494
  3.04078
 0.555831
0.0227647
 0.027913
-0.147582
-0.370142
  3.10675
 0.621459
0.0690845
0.0406656
-0.138838
-0.395994
  3.13631
 0.645135
0.0393278
0.0323586
 -0.14128
-0.386284
  3.19263
 0.670759
0.0936688
0.0410107
-0.136134
-0.408626
  3.18039
 0.633737
0.0866168
0.0370038
-0.129088
-0.382814
  3.06582
 0.610497
0.0717749
0.0372064
-0.142994
-0.384117
  3.29089
 0.698754
 0.029594
   0.0187
-0.151895
-0.410116
  3.25368
 0.673804
0.0897333
0.0351061
-0.142519
-0.405484
  3.30477
 0.711627
0.0497929
 0.032269
-0.160599
-0.411393
  3.14547
 0.596337
0.0902542
0.0388392
-0.137781
 -0.38547
  3.28892
 0.710327
 0.100585
0.0362403
-0.138296
-0.387036
  3.36511
  0.65544
0.0426267
0.0387246
-0.151742
-0.416808
   3.3711
 0.629212
0.0494294
0.0423317
 -0.15414
-0.418024
   3.3103
  0.70585
 0.103536
 0.031856
-0.146688
-0.419581
  3.24815
 0.724412
 0.121699
0.0214556
-0.148167
-0.403922
  3.48392
 0.731671
0.0459211
0.0336531
-0.151509
-0.439556
  3.42514
 0.626918
 0.050555
0.0399055
 -0.16203
-0.427298
  3.46426
 0.745599
   0.1247
0.0302534
-0.149624
-0.438545
  3.37111
 0.701723
 0.116128
0.0329301
-0.144211
-0.425382
  3.47654
 0.664901
0.0626038
0.0429102
-0.149489
-0.432921
  3.50557
 0.692164
0.0621586
0.0471734
-0.159288
-0.417605
  3.52335
 0.658733
 0.116224
0.0457219
-0.160054
-0.439466
  3.52408
 0.828054
 0.108825
0.0354725
-0.164471
-0.438199
  3.42883
 0.701915
0.0621592
0.0376771
-0.159303
-0.423558
  3.58008
 0.689242
0.0598168
0.0293272
-0.158593
-0.428178
  3.57019
 0.770721
0.0520751
0.0445376
-0.165119
-0.444448
  3.62776
  0.72489
0.0710717
0.0377415
-0.175559
-0.449883
  3.46583
 0.737613
0.0848528
0.0268487
-0.170208
-0.432793
  3.54519
 0.736211
0.0887237
0.0445127
-0.143933
-0.427572
   3.5851
 0.741061
0.0846967
0.0379543
-0.151755
-0.443671
  3.62513
 0.727878
0.0960714
0.0317771
-0.146216
-0.442578
  3.62083
 0.738572
0.0865011
0.0451504
-0.161876
-0.448083
  3.48999
 0.731736
0.0747896
0.0273974
 -0.15161
-0.432979
  3.68355
 0.762023
  0.11655
0.0324226
-0.129425
   -0.455
  3.67333
  0.73452
0.0947547
0.0381433
-0.136503
-0.453875
   3.7237
 0.767609
 0.127368
0.0388278
 -0.13572
-0.449581
  3.60408
 0.758276
0.0918912
0.0391193
-0.133846
-0.438224
  3.68234
  0.76853
 0.106577
0.0464043
-0.147978
-0.440332
  3.73452
 0.774794
  0.11464
0.0430921
-0.145039
-0.444784
  3.77451
 0.797921
 0.088887
 0.034766
-0.142234
 -0.44754
  3.76808
 0.734189
0.0958306
0.0342789
-0.161588
-0.453724
  3.69469
 0.803285
0.0177575
0.0336753
-0.162164
-0.439772
  3.82318
  0.71972
 0.106514
0.0410795
-0.152023
-0.448148
  3.80228
 0.839581
0.0990687
0.0400201
  -0.1494
 -0.45802
  3.80962
 0.779514
 0.133326
0.0346677
-0.139374
-0.448823
  3.73755
 0.779162
0.0843594
0.0427854
-0.153865
-0.443093
   3.7539
 0.762018
0.0819087
0.0416995
-0.138311
-0.437236
  3.83843
 0.789674
 0.153024
 0.042762
-0.144238
-0.447102
  3.89681
 0.850462
0.0894207
0.0404768
-0.150621
-0.452327
  3.86384
 0.741494
 0.128068
0.0493865
-0.146752
-0.452644
  3.74533
 0.815945
 0.071419
0.0234475
-0.147447
-0.444675
  3.88891
 0.794457
0.0856441
0.0481679
-0.157286
-0.461251
  3.86531
 0.825917
 0.115824
0.0493838
-0.163056
-0.457459
  3.93983
 0.834618
 0.098933
0.0531557
-0.159568
 -0.45939
  3.86072
 0.800925
  0.10943
0.0533569
-0.162029
 -0.46672
  3.88925
 0.812713
0.0915071
0.0586455
-0.153566
-0.454211
  4.03128
 0.858638
0.0824845
0.0518105
-0.167453
-0.476022
  4.02309
 0.831468
  0.10841
0.0576896
-0.169543
 -0.48163
  4.03758
  0.90488
  0.12396
0.0573109
-0.157183
 -0.47823
  3.90111
 0.769077
 0.102428
0.0556537
-0.157651
-0.446698
  4.07239
 0.886147
0.0645083
0.0437245
-0.164325
-0.467085
  4.06606
 0.849416
 0.111221
0.0387141
-0.166162
-0.482796
  4.10373
 0.902027
0.0948118
0.0383735
-0.159961
-0.483836
  4.00371
 0.799032
 0.118457
0.0555183
-0.154787
-0.454586
  4.07449
 0.903948
0.0797438
0.0451477
-0.169357
-0.482872
   4.2047
 0.849207
 0.156785
0.0452052
-0.142305
-0.487269
  4.22464
 0.951213
0.0869226
0.0351046
-0.167601
-0.470306
  4.30822
 0.921304
0.0924859
0.0559891
-0.167479
-0.479747
  4.13056
 0.823211
 0.143683
0.0585821
-0.142973
 -0.44833
  4.30666
 0.963239
0.0719885
0.0376737
-0.153706
-0.484093
  4.32545
 0.836261
 0.122984
0.0520221
-0.146235
-0.480022
  4.34593
  1.00048
 0.119742
 0.045357
-0.155287
-0.479171
   4.2982
 0.901264
0.0898586
0.0437677
-0.144052
-0.474884
  4.27476
 0.876664
 0.105183
0.0352003
 -0.13251
-0.470846
  4.47493
 0.949542
   0.1314
0.0377381
-0.146263
 -0.48703
  4.49378
   0.9221
  0.13642
0.0494008
 -0.14792
-0.481715
  4.55948
   1.0431
  0.17348
0.0542362
-0.132096
-0.505247
  4.43929
 0.979591
0.0908234
0.0397141
-0.138244
-0.493564
  4.55331
 0.958662
 0.143331
0.0349514
-0.135634
-0.498992
  4.61841
 0.999491
  0.11047
0.0382212
-0.143654
 -0.49574
  4.65698
    1.022
   0.1216
0.0555504
 -0.15447
-0.500974
  4.62784
 0.986106
 0.114066
0.0514502
-0.158089
-0.496257
  4.54871
 0.989977
 0.128782
0.0541744
-0.146778
-0.488864
  4.78511
  1.05872
 0.140738
0.0632902
-0.145803
-0.516447
  4.77974
  1.04349
 0.100044
0.0431209
-0.155137
-0.514715
  4.79243
  1.02442
 0.119589
0.0462854
-0.154668
 -0.50524
  4.66558
  1.04737
 0.134127
0.0464017
-0.145816
-0.498261
  4.77401
  1.07942
 0.134365
0.0565197
-0.159742
-0.513394
  4.85143
 0.991489
 0.119427
 0.047078
-0.158038
-0.517713
  4.86504
  1.06876
 0.103505
0.0519007
-0.159888
-0.515118
  4.86248
  1.06191
 0.150208
0.0456773
-0.145033
-0.507238
  4.76719
  1.09887
 0.104429
0.0392644
  -0.1565
-0.505418
  4.99116
  1.03176
 0.122934
0.0558791
-0.157044
-0.519178
  4.99885
  1.12531
 0.169113
0.0521177
-0.156805
-0.520967
  5.06755
  1.14046
 0.133015
0.0510805
-0.159021
-0.534721
   4.9579
  1.10392
0.0914897
0.0379062
-0.155304
-0.520397
  5.02356
  1.12499
 0.107235
0.0498921
-0.163503
-0.514999
  5.14566
  1.17153
 0.178679
0.0647065
-0.135073
 -0.52632
  5.16702
  1.14737
 0.117584
0.0445035
-0.149543
-0.528053
  5.21071
  1.19295
 0.112423
0.0614965
-0.150108
-0.546915
   5.0943
  1.13266
 0.117046
0.0533509
-0.142143
-0.512957
  5.30544
  1.24703
 0.160925
0.0395031
-0.134778
  -0.5406
  5.34439
  1.20291
 0.114151
0.0408266
 -0.13673
-0.517904
  5.40016
  1.19403
 0.169025
0.0457073
 -0.13248
-0.531109
  5.31533
  1.18577
 0.140294
0.0421797
-0.129262
-0.514376
  5.37802
  1.22855
 0.124295
0.0431755
-0.119022
-0.508126
  5.54702
  1.20233
 0.121161
0.0492501
 -0.13318
-0.514175
  5.50589
  1.26543
 0.151272
0.0463096
-0.132213
-0.510777
  5.55795
  1.27232
 0.155118
0.0446172
-0.118564
-0.535508
  5.45272
  1.19944
 0.124938
0.0431657
-0.120143
-0.502187
  5.66099
  1.29111
 0.128147
0.0433039
-0.121906
-0.529254
  5.73124
  1.36323
 0.158288
0.0399281
-0.125766
-0.538588
  5.77677
   1.3543
 0.111945
0.0460742
-0.125888
 -0.52929
  5.70143
  1.28674
 0.154616
0.0465905
-0.106113
-0.516466
  5.69843
  1.30802
 0.154641
0.0394326
-0.106626
-0.537921
  5.89882
  1.41746
 0.143942
0.0472976
-0.117945
-0.528122
  5.94082
  1.38702
  0.12202
0.0479533
 -0.11528
-0.530949
  6.04666
  1.42771
  0.15386
0.0317025
-0.128231
 -0.55169
  5.95398
  1.34462
  0.12355
0.0221985
-0.120583
-0.507234
  6.14368
  1.47481
 0.160261
0.0424024
-0.117815
-0.544841
   6.2462
  1.46818
  0.12755
0.0408409
-0.126487
-0.547295
  6.28583
  1.48614
 0.153369
0.0517186
-0.119586
-0.538832
  6.28654
  1.48293
 0.129872
 0.045629
-0.108428
-0.526538
  6.26339
  1.53035
  0.12131
0.0467333
-0.119123
-0.526065
  6.48694
  1.53536
 0.131938
0.0323104
-0.111504
-0.529056
  6.47245
  1.51736
 0.186184
0.0339032
-0.103588
-0.549665
  6.52045
  1.61502
 0.150988
0.0311218
-0.103813
-0.546787
  6.43638
  1.49565
 0.170858
0.0413494
-0.101273
-0.512259
  6.55036
  1.62205
 0.172362
0.0503847
-0.101239
-0.527111
  6.74187
  1.65048
 0.165517
0.0422314
-0.107696
-0.526098
  6.74663
   1.6302
 0.159034
0.0496159
-0.103678
-0.536224
  6.75944
  1.67249
 0.156099
0.0380759
 -0.10632
-0.545388
  6.72105
  1.64268
 0.130312
0.0497925
-0.117657
-0.523286
  6.86483
    1.711
 0.150734
0.0577705
-0.111785
-0.508391
  7.00162
  1.72468
 0.166637
0.0381638
-0.102927
-0.532229
  6.96493
  1.67816
  0.15316
0.0474321
-0.113857
-0.498004
   6.9288
  1.73746
 0.171593
0.0463684
-0.110844
-0.503225
  6.98004
  1.73876
 0.139483
 0.047189
-0.124114
-0.499233
   7.17288
   1.70897
   0.17953
 0.0484551
-0.0955929
 -0.476495
  7.22469
  1.82613
 0.205717
0.0529756
-0.102813
-0.511036
  7.27195
  1.82665
 0.171829
0.0537649
-0.115745
-0.513855
  7.28854
  1.84496
 0.210667
0.0519222
-0.104887
-0.496927
   7.40913
   1.84958
  0.217075
 0.0435143
-0.0994691
 -0.485453
  7.64165
  1.98931
 0.172066
0.0535863
 -0.11735
-0.518952
  7.70875
  1.97636
 0.179823
0.0539657
-0.106477
-0.501116
  7.70682
  1.92119
 0.145985
0.0555326
-0.109529
-0.496621
  7.71467
  2.01233
 0.184982
0.0404859
-0.110948
-0.508352
  7.89314
  2.04601
 0.191839
0.0555618
    -0.11
-0.518716
  7.95679
  2.01944
  0.19255
 0.044601
-0.105341
-0.494119
   7.91138
   2.04792
  0.211658
 0.0505722
-0.0991596
 -0.464928
   7.82985
   2.05184
  0.227519
 0.0442829
-0.0981547
 -0.469809
   7.90118
   2.11153
  0.190228
 0.0499575
-0.0937183
 -0.458274
   8.11407
   2.15462
  0.167571
 0.0376929
-0.0932838
 -0.460665
   8.17907
   2.09627
  0.197044
 0.0407527
-0.0896339
 -0.443539
    8.1189
   2.17925
  0.198091
   0.04064
-0.0968765
 -0.448231
   8.11373
   2.19335
  0.206775
 0.0365095
-0.0716281
 -0.443633
   8.14294
   2.11927
  0.185968
 0.0382138
-0.0823365
   -0.4208
  8.26659
  2.22072
 0.200853
0.0414313
-0.086093
-0.412017
   8.23742
   2.17697
  0.183386
 0.0452486
-0.0817901
  -0.40743
   8.16037
   2.28922
  0.157802
 0.0412607
-0.0746612
 -0.407811
   8.31557
   2.22425
  0.174057
 0.0366934
-0.0678484
 -0.370057
   8.49371
   2.30262
  0.200868
    0.0272
-0.0579878
 -0.376316
    8.5914
   2.38336
  0.200736
 0.0460897
-0.0604584
 -0.385316
   8.49225
   2.35514
  0.209627
 0.0403035
-0.0780449
 -0.395589
   8.28866
   2.36183
  0.151256
 0.0442075
-0.0731102
 -0.372485
  8.26977
  2.19112
 0.236484
  0.04813
-0.077974
-0.335832
   8.29031
   2.32733
  0.188004
 0.0401319
-0.0800328
 -0.330703
   8.20673
   2.20455
   0.26988
 0.0392253
-0.0773218
 -0.309209
  8.10134
  2.31434
 0.150316
0.0503028
-0.107206
-0.335538
  8.09071
  2.25232
 0.174103
0.0464262
-0.102498
 -0.30423
  8.17065
   2.2821
 0.186065
0.0427474
-0.088869
-0.309459
   8.1859
  2.29805
 0.234139
0.0569225
-0.102861
-0.304608
  8.18143
  2.34391
 0.180508
0.0467138
-0.109416
-0.305837
  8.00713
  2.31284
 0.192214
0.0552756
-0.105704
-0.285866
   8.00643
   2.28873
  0.211211
 0.0509616
-0.0962233
 -0.280086
   8.0238
  2.28554
 0.225648
0.0591623
-0.112816
-0.266577
  7.95256
  2.19955
 0.221443
0.0593543
-0.103569
-0.249541
   7.7224
  2.27445
 0.164408
0.0413343
-0.120361
-0.264125
  7.61171
  2.07126
 0.218625
0.0425583
 -0.11281
-0.240865
     7.398
   2.16926
  0.187571
 0.0549335
-0.0935805
 -0.239832
   7.44961
   2.02198
  0.212906
 0.0421869
-0.0925718
 -0.239465
   7.18108
   2.06925
  0.221837
 0.0552208
-0.0947254
 -0.259533
  6.93648
  1.99026
 0.198546
0.0446881
-0.102845
-0.264408
  6.86018
  1.91605
 0.173796
0.0347956
-0.107712
-0.245799
  6.75753
  1.93981
 0.151656
0.0292445
-0.112929
-0.260154
   6.7509
   1.9059
 0.131272
 0.039962
-0.129008
-0.251259
  6.58556
  1.87066
 0.172082
0.0477137
-0.132297
-0.278192
  6.34799
   1.8269
 0.157987
 0.056482
-0.131822
-0.274081
  6.17838
  1.79134
 0.134586
0.0516612
-0.136986
-0.268116
  5.99141
   1.6683
 0.109429
0.0405713
-0.129204
-0.247569
  5.85385
  1.72978
 0.142532
0.0491283
-0.124009
-0.261318
  5.81478
  1.64661
 0.161952
0.0388857
-0.119702
-0.245892
  5.64759
  1.54702
 0.155205
0.0407146
-0.112762
-0.223881
  5.53193
  1.63893
 0.116033
0.0476679
-0.113181
-0.243778
  5.52803
  1.49293
 0.112158
0.0486521
 -0.10079
 -0.22102
  5.18213
  1.52438
 0.161775
0.0475575
-0.132047
-0.229189
  5.08854
  1.41955
 0.121058
0.0507459
-0.112668
  -0.2041
  5.10431
  1.38588
 0.162145
0.0394379
-0.108447
-0.186404
  4.98077
  1.43831
0.0948352
0.0352565
-0.123274
-0.180383
  4.90014
  1.30194
 0.103773
 0.037024
-0.129658
-0.190308
  4.60881
  1.36827
  0.13759
0.0374856
 -0.10872
-0.176794
   4.47506
   1.21239
   0.11433
  0.042747
-0.0963845
 -0.158213
   4.41085
   1.21194
  0.126913
 0.0288561
-0.0956329
  -0.16799
  4.37368
  1.24774
0.0444145
0.0305635
-0.116437
-0.171607
  4.24748
  1.20473
 0.129782
0.0322492
-0.103462
-0.153385
  4.10255
  1.17172
0.0539818
0.0508717
-0.108431
-0.145678
   3.92232
   1.07256
  0.101549
 0.0268675
-0.0927392
 -0.134415
   3.7906
  1.07892
 0.085544
0.0255685
-0.111732
-0.146858
   3.65504
  0.996505
   0.13767
 0.0386144
-0.0823619
 -0.134297
   3.59737
    1.0585
 0.0682313
  0.030743
-0.0895376
 -0.143464
   3.42789
   0.92304
  0.134872
 0.0305466
-0.0882022
 -0.131738
   3.29666
  0.963019
 0.0151306
 0.0184367
-0.0926174
 -0.122039
   3.12991
  0.833614
 0.0918801
 0.0193522
-0.0954851
 -0.120369
   3.01721
   0.88359
 0.0166095
  0.010342
-0.0918522
 -0.122351
   2.83199
  0.755091
 0.0937121
  0.020477
-0.0890727
 -0.107156
   2.83298
  0.824345
 0.0341807
 0.0334228
-0.0992713
 -0.118544
   2.75066
  0.740498
 0.0676525
 0.0188116
-0.0817745
 -0.103068
   2.6324
 0.770253
0.0189197
 0.023227
-0.100565
-0.100504
   2.43726
  0.665615
 0.0945034
 0.0132333
-0.0785774
-0.0943041
   2.31026
  0.698763
 0.0291968
 0.0277531
-0.0928146
-0.0843367
   2.31148
  0.665592
 0.0276524
 0.0269977
-0.0956002
 -0.103081
   2.21459
   0.58244
 0.0302171
 0.0174764
-0.0899161
 -0.083756
   2.09413
  0.596022
 0.0299819
 0.0304618
-0.0899272
 -0.089708
   1.89598
  0.524105
 0.0889298
 0.0364719
 -0.096093
-0.0673357
   1.82093
  0.553801
 0.0199973
 0.0324586
 -0.092672
-0.0858408
   1.77299
  0.473267
 0.0329358
 0.0224415
-0.0891153
-0.0675934
   1.74351
  0.520727
 0.0165843
 0.0210639
-0.0957889
-0.0809096
    1.6338
    0.4221
 0.0188939
 0.0250562
 -0.109625
-0.0633418
   1.52152
  0.425265
 0.0289944
 0.0161051
-0.0884359
-0.0747462
   1.43224
  0.428417
0.00178739
 0.0225228
-0.0965511
 -0.041433
   1.37605
  0.330144
 0.0487644
 0.0182872
-0.0941107
-0.0382552
    1.30125
   0.413795
-0.00736144
  0.0255237
  -0.108407
 -0.0649137
   1.19209
  0.320981
 0.0504742
 0.0096289
-0.0856536
-0.0654115
   1.10769
  0.294067
 0.0257016
 0.0207456
-0.0829822
-0.0425059
  0.925533
  0.241429
  0.042189
  0.016291
-0.0828247
-0.0341784
  0.762002
  0.261554
  0.029187
 0.0173081
-0.0835963
-0.0403695
  0.639061
  0.120948
0.00480423
 0.0126209
-0.0731261
-0.0207865
  0.543087
  0.153375
 0.0339573
 0.0135719
-0.0635722
-0.0134193
  0.492793
  0.192233
-0.0200866
 0.0143404
-0.0874459
-0.0121529
   0.434512
  0.0860505
-0.00881014
  0.0191377
 -0.0787318
-0.00359271
    0.3954
  0.102349
0.00398488
 0.0075117
-0.0788052
 -0.020683
   0.298397
  0.0842793
-0.00590511
 0.00584686
  -0.079351
 0.00740642
   0.234069
  0.0773687
 -0.0232396
 0.00914255
 -0.0580119
-0.00412427
  0.214044
  0.147057
-0.0163548
0.00476947
 -0.062259
0.00641385
  0.173317
 0.0634695
0.00558753
0.00960455
 -0.066898
 0.0260133
  0.145107
0.00569056
 0.0298144
0.00469966
  -0.05659
 0.0215478
  0.143283
 0.0692453
-0.0279404
  0.022836
-0.0583021
-0.0148079
  0.141016
  0.104658
-0.0293421
0.00780271
 -0.068146
-0.0156748
   0.0919225
   0.0939245
   0.0137466
-7.64994e-05
  -0.0472034
  0.00530587
 0.0910201
-0.0832314
 0.0226057
0.00214832
-0.0500793
 0.0349227
   0.0934115
   0.0514103
   0.0193967
-0.000789408
  -0.0361376
   0.0139645
   0.0714945
   0.0109622
  -0.0402586
-0.000166917
  -0.0606029
   0.0351816
  0.0850133
  -0.048861
  0.0421944
-0.00821632
 -0.0466528
  0.0173344
  0.0746992
 0.00659315
  0.0373336
7.31423e-05
 -0.0403681
  0.0157886
 0.0466227
 0.0120464
 0.0211141
0.00477739
-0.0534766
 0.0151296
 0.0929361
 0.0626986
 -0.022672
0.00687455
-0.0501024
  0.010346
  0.0627107
  0.0320163
 -0.0257473
 0.00495799
 -0.0385216
-0.00789764
  0.0576544
 0.00834776
-0.00858156
 0.00239905
  -0.048611
 -0.0077061
   0.0595581
-8.47935e-05
  -0.0128616
   -0.006945
  -0.0329962
   0.0178555
  0.0521555
  0.0860197
 -0.0493834
-0.00835767
 -0.0513198
  0.0170467
 0.0471956
 0.0282777
-0.0495539
0.00832903
-0.0411439
 0.0230753
  0.0520005
 0.00724432
-0.00812038
 0.00814882
 -0.0354699
 0.00854336
 0.0527889
 0.0936809
0.00087481
0.00376253
-0.0425341
0.00188317
  0.0574156
  0.0723319
 -0.0310432
-0.00461439
 -0.0471243
 0.00713881
  0.0537516
 -0.0196888
  0.0245501
-0.00300485
 -0.0439463
  0.0172255
  0.0694231
  0.0653624
 -0.0593268
0.000716831
 -0.0442175
  0.0017878
 0.0467581
0.00268014
-0.0337694
 0.0050298
-0.0367193
 0.0137385
  0.057087
 0.0209775
-0.0045332
0.00606779
-0.0332329
0.00488198
 0.0208765
-0.0193069
 0.0788645
 -0.001509
-0.0274319
 0.0316918
   0.046592
 0.00173712
-0.00388431
 -0.0132131
 -0.0342628
  0.0128539
 0.0331278
-0.0277263
-0.0297032
  0.010397
-0.0503967
 0.0281161
 0.0461675
0.00356658
0.00741018
-0.0127105
-0.0409966
 0.0180484
   0.0600882
    0.106508
  -0.0324115
-0.000586257
  -0.0414419
  0.00309655
  0.0206955
 -0.0815747
-0.00541927
  0.0058189
 -0.0250702
  0.0262694
  0.0406535
  0.0556508
 -0.0322203
-0.00143022
 -0.0522693
  0.0175761
 0.0548738
-0.0140304
 0.0271581
0.00912104
-0.0347478
 0.0193317
 0.0158909
0.00233311
-0.0177717
 0.0100178
 -0.052626
 0.0137388
  0.0255133
   0.014097
-0.00537607
 0.00378563
 -0.0441673
  0.0112383
  0.0142956
  0.0357483
 0.00325893
-0.00184085
 -0.0426294
  0.0178335
 0.0464216
 0.0329498
 0.0232338
 0.0164295
-0.0361598
 0.0262754
  0.0456059
-0.00998278
  0.0117085
 0.00553627
 -0.0326843
  0.0172982
  0.028893
 0.0628098
-0.0506246
0.00247629
-0.0395467
 0.0233755
  0.0629564
  0.0310466
  0.0334834
0.000677911
 -0.0308472
 0.00125922
 0.0464104
 0.0315259
0.00271986
0.00260885
-0.0286829
 0.0123016
  0.0377893
 -0.0309369
 -0.0124781
-0.00553374
 -0.0176656
 0.00741222
  0.0455202
  0.0701507
 -0.0399339
-0.00627888
  -0.039788
 0.00525586
   0.0142203
  -0.0088924
  0.00108051
-0.000673488
  -0.0403504
   0.0274597
  0.054683
0.00431661
 0.0218446
0.00395556
-0.0323036
0.00882314
 0.0545437
 0.0323902
-0.0264076
0.00620623
-0.0243419
0.00752755
 0.0294244
 0.0241811
-0.0373503
  0.002352
-0.0364937
 0.0180161
 0.0349898
-0.0455177
-0.0226827
0.00398391
-0.0404384
 0.0160203
 0.0236465
  0.058161
 0.0304773
-0.0081704
-0.0260398
 0.0166745
 0.0334041
 0.0167546
  0.022865
0.00431657
-0.0251938
  0.028291
 0.0294399
-0.0294024
-0.0588424
 0.0115414
-0.0343893
 0.0167035
  0.0162497
  0.0545464
  -0.024154
-0.00231312
 -0.0326285
    0.01555
  0.018284
 -0.043193
  0.011555
 0.0133451
-0.0373478
  0.036524
  0.0301031
  0.0582638
-0.00633666
 0.00677994
 -0.0282907
  0.0121681
  0.0249667
  0.0423266
-0.00930459
 -0.0107295
 -0.0383784
 0.00534394
0.00569667
-0.0347877
-0.0407238
0.00364117
-0.0441299
 0.0292106
   0.028825
-0.00154783
 -0.0215868
-0.00814624
 -0.0378952
  0.0109055
-0.00674969
  0.0024725
 -0.0295703
  0.0114146
 -0.0452826
  0.0211538
 0.0182982
 0.0380762
 0.0203404
0.00744271
-0.0256273
  0.028178
  0.0304599
-0.00671092
   0.019873
 0.00879839
 -0.0379092
  0.0203768
 0.0394503
-0.0108524
-0.0507172
 0.0017924
-0.0360187
 0.0179079
 0.00704467
  0.0134118
  0.0038106
-0.00135157
 -0.0372517
  0.0161738
   0.0208963
  -0.0111315
 -0.00357544
-0.000548867
  -0.0422933
    0.024852
  0.0444977
  0.0573717
 -0.0169663
0.000869231
 -0.0367832
-0.00379724
 0.0396812
-0.0469649
-0.0103548
 0.0112822
-0.0339623
 0.0189864
  0.0435281
   0.116309
-0.00966953
 0.00101977
 -0.0318374
-0.00196278
  0.0419199
 -0.0124169
  0.0183356
-0.00152093
 -0.0256192
  0.0179618
 0.00258568
 -0.0123797
 -0.0346841
0.000229624
 -0.0414008
   0.020449
  0.0421073
  0.0674496
 -0.0186423
-0.00320619
 -0.0435977
  0.0117752
 0.0255906
-0.0216673
-0.0139878
0.00292263
-0.0160907
 0.0178068
  0.0173542
  0.0232119
-0.00492836
  0.0022498
 -0.0246645
  0.0134949
-0.00626199
-0.00836944
  0.0280797
  0.0114372
 -0.0379341
  0.0189106
 0.0179803
 0.0210011
-0.0181379
 0.0124377
-0.0452518
 0.0237676
 0.0137865
 0.0205663
 0.0241439
0.00200557
-0.0376396
  0.021628
  0.0113978
  0.0213889
 -0.0127454
-0.00278379
 -0.0338557
  0.0161699
 0.0188182
-0.0288082
-0.0264634
0.00122778
-0.0278005
 0.0161442
 0.0337758
 0.0608004
 0.0236496
 0.0143158
-0.0330914
0.00044607
 0.0243292
0.00242288
 0.0267905
0.00898039
-0.0253082
 0.0131127
 0.0336563
  0.078715
-0.0895972
 0.0122496
-0.0388703
0.00234523
-0.0164152
 -0.018794
 0.0179435
0.00312301
-0.0326254
 0.0257288
0.00824219
 0.0447895
-0.0142347
0.00128296
-0.0334187
 0.0163716
  0.020697
-0.0184805
-0.0372771
 0.0069099
-0.0295532
 0.0165571
 0.0110922
-0.0125265
-0.0370463
 0.0047541
-0.0194744
 0.0129994
 0.00223759
  0.0353611
-0.00421584
 0.00639198
 -0.0407431
  0.0239394
 0.0306868
-0.0259586
 0.0204321
0.00611449
-0.0319704
 0.0204143
 0.0204713
-0.0623607
 0.0372317
0.00658575
-0.0177843
 0.0106515
  0.0320737
  0.0504948
-0.00208536
  0.0153204
 -0.0277903
 0.00885944
 0.0387508
 0.0108097
-0.0198882
0.00289086
-0.0311595
 0.0222583
 0.0393131
-0.0368617
 0.0154494
0.00211906
-0.0223666
 0.0155792
  0.0318703
     0.0221
-0.00107964
 0.00144144
 -0.0410108
-0.00337198
 0.0140648
 0.0286807
 -0.014529
0.00540269
-0.0388511
  0.026674
 0.00747372
  0.0207249
 -0.0151638
0.000221188
 -0.0285678
 0.00254328
0.00837231
 -0.036043
-0.0395339
 0.0144674
-0.0355578
  0.030168
-0.00326635
  0.0316819
  0.0178068
0.000111251
 -0.0350195
  0.0126466
 0.0274872
  0.015493
 0.0202306
0.00936526
-0.0286679
0.00298468
  0.0153668
-0.00357828
 -0.0345619
 0.00854211
 -0.0177219
  0.0137521
-0.0323289
 0.0227262
-0.0525633
-0.0015708
-0.0334077
0.00129988
-0.0126801
 0.0728284
-0.0945236
0.00439019
-0.0429029
 0.0162422
-0.00775832
 -0.0119745
  0.0164842
0.000841696
 -0.0306715
 0.00526885
   0.017055
  0.0967127
  0.0537536
  0.0037377
 -0.0320399
-0.00364826
  0.0475801
  0.0357749
-0.00953098
 0.00861741
 -0.0318983
 0.00404603
  0.0138329
  0.0468843
-0.00113274
-0.00279865
 -0.0274635
 0.00177259
-0.000857966
   0.0387402
  -0.0166778
 -0.00180152
  -0.0377529
  0.00904172
0.00537857
-0.0419293
 0.0337617
0.00100199
-0.0293577
 0.0290641
 0.0206623
 0.0544453
 0.0292465
 0.0046277
-0.0136998
0.00232045
 0.0234165
-0.0843389
0.00546089
0.00942517
 -0.033363
 0.0201315
  0.0369892
  0.0552352
 -0.0613258
  0.0158763
 -0.0444925
-0.00168948
  0.024336
-0.0513605
 0.0297317
 0.0188583
-0.0352677
 0.0102662
 0.0153674
 0.0141283
-0.0350859
0.00858597
 -0.036583
 0.0209802
0.00683872
-0.0201907
  0.058724
 0.0132453
-0.0308944
 0.0130182
 0.0611626
 0.0676315
-0.0198896
 0.0151916
-0.0271456
0.00270347
 0.0254993
-0.0660127
-0.0251427
 0.0106211
-0.0247137
 0.0227861
 0.00855855
  0.0159848
  0.0170047
-0.00112057
 -0.0249172
 0.00102639
 -0.00196606
-0.000966923
   0.0101916
  0.00235784
  -0.0326797
   0.0124811
0.00966688
-0.0502015
 0.0459242
 0.0148904
-0.0264866
 0.0304524
   0.0299075
    0.050741
-0.000948405
   0.0124209
  -0.0211418
  0.00636321
  0.0313743
-0.00231216
 0.00511333
 0.00499882
 -0.0362497
  0.0031854
 0.0352411
0.00930841
-0.0141301
0.00993418
-0.0173438
 0.0248919
-0.00884806
 -0.0058378
  0.0729831
 0.00647437
  -0.022877
  0.0292916
0.00890884
  0.106509
0.00987918
 0.0127063
-0.0323243
0.00909621
-0.0154113
-0.0333734
-0.0151569
-0.0062715
-0.0270797
  0.013982
 0.00142476
-0.00704467
 -0.0511718
 0.00256766
 -0.0412405
  0.0232274
-0.0107458
-0.0518335
 0.0247897
 0.0106833
-0.0272412
 0.0254779
 -0.0313956
  0.0916056
 -0.0295299
 0.00645072
 -0.0487356
-0.00737548
-0.0197625
-0.0493262
-0.0709678
 0.0154635
-0.0587358
 0.0250523
-0.0217571
0.00456443
-0.0686556
 0.0111191
-0.0415226
0.00458785
 0.000935432
   0.0325274
   0.0511241
  0.00689156
  -0.0179427
-6.39828e-05
-0.00555068
  0.0511706
-0.00950211
-0.00281603
-0.00803006
 0.00778778
0.00605929
-0.0449097
 -0.043426
0.00580313
-0.0292907
 0.0184788
 0.00821154
 -0.0356777
-0.00525944
 0.00835643
 -0.0237467
  0.0171201
  0.031826
0.00523421
 0.0556324
0.00426051
-0.0269113
0.00879424
  0.036708
 0.0291516
-0.0628957
 0.0120305
 -0.045514
 0.0151605
 0.0542713
-0.0378798
 0.0220249
 0.0166089
-0.0302831
 0.0146929
  0.0778747
 -0.0165699
  0.0388915
-0.00267811
 -0.0282585
  0.0135422
 0.0811948
-0.0122418
 0.0603489
0.00439993
-0.0257865
  0.017648
   0.0817791
  0.00280706
   0.0191463
  0.00205604
  -0.0277987
-0.000987183
 0.0509801
 0.0118028
-0.0088756
0.00515635
-0.0289203
  0.015716
  0.0567451
  0.0213388
0.000828806
-0.00487298
 -0.0287621
-0.00687491
 0.0410165
  0.010572
 0.0078577
 0.0104731
-0.0302072
0.00964979
  0.0229198
  0.0254431
 -0.0272823
0.000720474
 -0.0400558
  0.0114668
 0.0199075
 0.0300794
 -0.012574
0.00398103
 -0.033654
 0.0106485
  0.0287189
  0.0279766
 0.00144921
  0.0124313
  -0.038761
-0.00897845
  0.0266903
 0.00938049
  0.0043476
 0.00728134
 -0.0338515
-0.00274804
-0.00536883
  0.0228013
   0.011984
  0.0016112
 -0.0357605
 0.00992224
-0.00213655
 0.00968196
-0.00166637
  0.0102799
 -0.0317914
   0.012607
   0.0162061
   0.0024242
-0.000766191
   0.0185916
  -0.0384383
   0.0200128
 0.00856433
 0.00693175
-0.00205797
-0.00102903
 -0.0273662
 0.00844892
-0.00233527
 0.00986396
-0.00643587
 0.00646601
  -0.034592
-0.00105875
  0.0143801
 0.00882374
 -0.0111677
 0.00259073
 -0.0265697
-0.00278225
-0.0215431
0.00375531
-0.0139987
0.00712165
-0.0358921
0.00920041
-0.00393118
 0.00803026
 -0.0162603
 0.00594061
 -0.0331536
  0.0116505
-0.00200388
0.000228261
-0.00956252
 0.00858221
 -0.0251329
  0.0222655
 0.00502502
 0.00512349
-0.00862979
 0.00609662
 -0.0276875
  0.0114758
-0.00136138
  0.0150963
 -0.0116982
 0.00846602
 -0.0317676
 0.00611685
   0.0196016
   0.0138941
-0.000810773
   0.0129641
  -0.0397594
  0.00585735
0.000629546
  0.0146688
 0.00391649
0.000578791
 -0.0328031
   0.012632
  0.0118895
  0.0107854
 0.00594942
-0.00185621
 -0.0171287
  0.0137882
 0.0176048
0.00410984
0.00123693
0.00537634
-0.0308477
 0.0127397
 0.00552308
 0.00278689
-0.00499622
 0.00463635
  -0.038966
  0.0327445
  0.0145675
 0.00763184
 -0.0132589
-0.00343843
 -0.0252683
 0.00946153
  0.029062
 0.0081499
 0.0010438
0.00632434
-0.0303693
0.00296317
  0.0157522
  0.0116974
 -0.0132976
 0.00380155
 -0.0383591
0.000363928
  0.00224396
-0.000923044
 -0.00874437
  0.00542576
  -0.0304544
   0.0139377
 0.0055312
 0.0115204
-0.0162727
0.00328151
-0.0351446
  0.013327
  0.0216623
 0.00390427
-0.00104296
-0.00143581
 -0.0267923
  0.0158778
 -0.0104661
0.000123307
 0.00162997
 0.00145602
 -0.0350248
  0.0251524
 -0.0156113
-0.00405774
 0.00811661
 0.00725992
 -0.0341211
  0.0147236
 0.0121356
 0.0109647
0.00161586
 0.0124658
-0.0240652
 0.0136392
 0.0224218
 0.0104901
0.00598522
0.00450777
-0.0210085
 0.0195111
 0.0153589
0.00498974
0.00120633
0.00614693
-0.0278981
0.00758615
  0.0245421
 0.00930261
-0.00460346
 0.00340072
 -0.0364969
-0.00251717
 0.00266821
 0.00597474
-0.00295253
 0.00559379
 -0.0428352
  0.0169615
 0.00274615
 0.00540177
-0.00186923
 0.00100255
  -0.035237
  0.0174457
   0.028038
  0.0122838
  -0.001116
-0.00111972
 -0.0170914
 0.00148871
-0.000262997
   0.0102011
 -0.00381904
  0.00610939
  -0.0326627
   0.0195847
   0.0249041
  0.00855354
-0.000945966
  0.00865903
  -0.0338865
   0.0114719
  0.0246325
  0.0086828
-0.00567283
0.000833223
 -0.0377442
 0.00240915
 -0.0045379
 0.00203928
-0.00734623
 0.00918295
 -0.0333663
  0.0184903
  0.0224497
 0.00938519
-0.00334919
 0.00238186
 -0.0377198
 0.00399872
   0.0145113
-0.000307239
  -0.0053744
  0.00578818
  -0.0327986
   0.0216384
-0.00556989
-0.00269116
  0.0016657
 0.00484039
 -0.0315048
  0.0316729
 0.0164517
0.00854437
 0.0001615
8.5183e-05
-0.0327543
 0.0105881
-0.00829818
  0.0008156
-0.00503472
  0.0164783
 -0.0454923
  0.0203987
-0.00522422
 0.00477276
0.000528813
 0.00677222
 -0.0342543
  0.0190074
-0.00194737
 0.00834969
-0.00167207
 0.00490688
 -0.0331285
  0.0178567
  0.0312188
 0.00734404
 0.00332688
-0.00134728
 -0.0217211
  0.0106659
  0.0273914
  0.0143394
 0.00102935
-0.00222419
 -0.0365505
-0.00251752
  0.0290107
  0.0163699
-0.00347182
-0.00179487
 -0.0331615
-0.00754185
  0.0101368
 0.00954106
-0.00312354
0.000949783
 -0.0179561
 0.00544102
 0.0272875
 0.0158842
-0.0032006
0.00764897
-0.0365543
0.00147075
 0.0239093
 0.0134275
0.00363481
    0.0146
-0.0343981
0.00648327
  0.0176898
  0.0129878
0.000250479
  0.0069171
 -0.0257018
 0.00420708
  0.0180755
  0.0112162
-0.00103318
 0.00604117
 -0.0222051
-0.00161962
   0.0225688
  0.00858236
-5.00664e-05
-0.000594382
  -0.0367536
  0.00426533
  0.0178038
 0.00320168
-0.00579978
 0.00846742
 -0.0329917
-0.00486316
  0.0167896
  0.0070296
-0.00552468
 -0.0013011
 -0.0275825
 0.00721047
 0.0294388
0.00629878
-0.0123027
0.00296501
-0.0297199
0.00920843
-0.00921299
 0.00365288
-0.00755343
  0.0034936
 -0.0331925
 0.00581511
  0.0300363
 0.00314918
-0.00153236
 0.00100876
 -0.0324086
-0.00363124
  0.0140492
 0.00925856
 -0.0123018
-0.00493835
   -0.03714
 0.00137659
-0.00260692
  0.0018472
 -0.0064119
 0.00103956
 -0.0292017
  0.0143469
  0.0230546
 0.00748878
0.000280986
 0.00448281
 -0.0277111
  0.0187941
  0.0250586
 0.00707117
 0.00315466
 0.00275973
 -0.0327373
-0.00170434
0.000152544
 0.00749892
0.000288764
-0.00202374
 -0.0280073
 0.00942282
  0.0336857
   0.014352
 0.00341133
0.000208242
 -0.0350037
 0.00723874
 0.00824514
 0.00958744
-0.00398213
  0.0109292
 -0.0299072
  0.0139847
  0.0112441
 0.00549802
-0.00529776
  0.0146556
 -0.0401811
  0.0113796
  0.0277859
   0.014141
-0.00434803
  0.0108646
 -0.0321918
0.000210944
  0.0338134
  0.0135995
-0.00561852
-0.00225428
 -0.0317578
  0.0036085
  0.0277142
 0.00540966
-0.00535685
 0.00871971
 -0.0347823
   0.020332
  0.0196826
 0.00495755
-0.00531446
  0.0137057
 -0.0308762
  0.0151439
   0.020399
0.000566502
-0.00896795
 0.00311031
 -0.0348337
  0.0128558
 0.0222979
0.00124231
-0.0134746
0.00310224
-0.0356283
 0.0106683
 -0.00142624
  0.00645158
-0.000642726
  0.00881627
  -0.0315061
   0.0141784
   0.0183786
  0.00897372
-3.00691e-05
 0.000543121
  -0.0351347
  0.00136088
  0.0144717
 0.00832944
-0.00455207
 0.00470979
 -0.0348783
-0.00543637
  0.0180888
  0.0112495
-0.00532416
 0.00827994
 -0.0322067
 0.00743935
 0.00447049
 0.00734123
0.000196054
 0.00305996
 -0.0198305
 0.00330375
  0.00992063
    0.010525
-0.000917507
  0.00479141
  -0.0280963
  0.00221189
  0.0162011
  0.0103278
-0.00417487
 0.00226631
 -0.0182451
  0.0103605
  0.0248742
 0.00882058
-0.00744817
 0.00928723
 -0.0372599
  0.0207403
  0.0124305
  0.0079528
-0.00663321
0.000374685
 -0.0345205
  0.0038372
   0.024966
 0.00745081
-0.00575718
 0.00348622
 -0.0369849
 -0.0015629
 0.0085141
0.00746806
-0.0008639
 0.0024935
-0.0300988
 0.0103211
   0.0272689
   0.0154369
 -0.00644008
-0.000558751
  -0.0322261
   0.0112062
   0.0270742
  0.00657311
 -0.00814039
-0.000319544
  -0.0456592
 -0.00331425
  0.0253765
  0.0147993
-0.00448571
 0.00531712
 -0.0388556
-0.00509772
  0.0271358
  0.0159522
-0.00565261
  0.0036853
 -0.0383919
-0.00764734
  -0.0102309
-0.000462943
 0.000421175
  0.00778928
   -0.037973
    0.018496
   0.0207533
  0.00758036
 0.000952226
-0.000849196
  -0.0293395
 -0.00217639
  0.0267433
 0.00853081
-0.00688655
 0.00277357
  -0.040413
-0.00190987
   0.0183329
  0.00929118
   -0.004382
-0.000846639
  -0.0296587
  0.00619207
-0.00071826
 0.00328333
0.000436922
 0.00648287
  -0.027425
  0.0181172
-0.000563575
  0.00342132
 -0.00394157
   0.0167531
  -0.0353225
   0.0179789
 0.00978635
  0.0026978
-0.00311371
 0.00762095
 -0.0217565
  0.0130219
  0.00714264
  0.00434628
 -0.00871884
-0.000568263
  -0.0238073
   0.0122553
  0.0275681
 0.00543451
-0.00342872
 0.00255972
 -0.0267108
 0.00673853
 0.0260072
 0.0126565
0.00345657
0.00788854
-0.0304314
0.00266747
  0.0240437
  0.0119201
-0.00437143
 0.00527846
 -0.0322075
 0.00317293
 0.00821934
 0.00880931
 0.00124324
 0.00178909
  -0.020869
0.000662121
  0.0234571
  0.0137451
-0.00316612
-0.00375021
 -0.0299311
 0.00920768
  0.0122308
 0.00986857
-0.00520663
 0.00848274
 -0.0323003
  0.0120111
  0.0292481
  0.0160541
-0.00666096
 0.00212122
  -0.025861
-0.00243811
   0.031816
  0.0143787
-0.00320305
 0.00739866
 -0.0298159
 0.00516512
 0.00316554
 0.00423555
-0.00409903
  0.0088138
 -0.0384754
   0.015696
  -0.005263
 0.00479305
0.000350483
  0.0066825
 -0.0340725
 0.00983451
  0.0278935
 0.00403727
-0.00586202
  0.0089486
 -0.0423029
-0.00213011
   0.0301596
   0.0112296
  -0.0057515
 -0.00115349
  -0.0422122
-0.000586507
  0.0294324
 0.00623975
2.40554e-05
 0.00243954
 -0.0320016
  0.0131062
  0.0162262
 0.00127457
-0.00101556
 0.00635874
 -0.0289675
  0.0140857
   0.015398
  0.0129261
 0.00127152
-0.00138841
 -0.0325531
 0.00378685
  0.0209215
 0.00833191
0.000333369
   0.010222
 -0.0276987
  0.0158179
 0.0330124
 0.0089668
0.00110937
0.00745765
-0.0355895
0.00743536
 0.00125622
  0.0125627
-0.00490243
 0.00674894
 -0.0358053
  0.0185982
 0.0254897
 0.0142308
-0.0054137
0.00190902
-0.0363965
0.00679087
  0.0297337
  0.0138958
-0.00556638
 0.00473585
 -0.0368714
0.000511113
-0.00119077
  0.0130456
 -0.0129585
-0.00269591
 -0.0390226
 0.00933416
  0.0416054
  0.0158553
-0.00451638
 0.00253401
 -0.0408566
 0.00304178
0.00894845
0.00610304
0.00163439
0.00513328
-0.0286478
 0.0246525
  0.0128813
 0.00660138
-0.00623573
 0.00415675
 -0.0381164
  0.0249899
  0.0177434
  0.0118661
-0.00419906
-0.00302396
 -0.0263289
  0.0119047
 0.0124863
0.00805911
0.00132174
0.00519497
-0.0418574
0.00999531
  0.0127407
  0.0149626
 -0.0089078
 -0.0070351
 -0.0278907
-0.00591245
   0.0239785
   0.0116969
-5.13853e-05
 0.000817399
  -0.0309505
 -0.00146682
-0.00381624
 0.00782954
0.000476162
 0.00906197
 -0.0322555
  0.0108921
  0.0256666
  0.0149366
-0.00165269
  0.0107779
 -0.0248484
  0.0203093
 -0.0036782
 0.00683959
-0.00606696
 0.00340651
 -0.0330755
   0.023196
