   0.372804
   0.147536
  -0.013756
-0.00653381
 -0.0125389
 0.00491093
   0.383308
   0.127511
-0.00686264
 -0.0187829
 -0.0148649
 0.00371564
    0.371081
   0.0931501
   0.0108836
 -0.00668908
-0.000204484
   0.0315529
  0.356252
 0.0868568
0.00283141
0.00861072
0.00148461
0.00792109
   0.365143
  0.0732192
 0.00548506
-0.00766597
-0.00838001
  0.0104806
    0.358003
    0.113915
  -0.0250244
-0.000687267
  -0.0110457
   0.0333266
   0.363428
   0.116798
-0.00528608
-0.00628818
 -0.0102532
  0.0178753
   0.367874
   0.122951
 -0.0477859
 -0.0148142
-0.00462235
 0.00652193
   0.378242
  0.0978318
  -0.030281
-0.00261556
 0.00633859
  0.0209717
  0.416602
  0.100919
0.00241754
-0.0105409
0.00284185
0.00369632
   0.488965
   0.108683
 -0.0272757
 -0.0156016
0.000311058
 0.00272521
  0.534942
 0.0909489
-0.0329311
0.00580614
0.00182194
 0.0322674
   0.603402
   0.169662
-0.00471449
 -0.0104272
 0.00983375
  0.0248148
   0.614014
   0.160186
    0.03227
-0.00722146
  0.0181818
  0.0332737
  0.642741
  0.141973
 0.0123619
-0.0134469
 0.0208892
 0.0163669
   0.63411
  0.197067
 0.0211777
-0.0276662
 0.0335878
 0.0285712
  0.654349
  0.137213
 0.0534634
-0.0128653
 0.0349658
   0.05021
  0.681606
   0.20667
0.00915455
-0.0190265
 0.0260123
 0.0227878
 0.648637
 0.161149
0.0321079
-0.022677
 0.037293
0.0396287
   0.630199
   0.134743
  0.0329856
-0.00829252
  0.0335668
  0.0451486
    0.634913
    0.205456
   0.0060106
-0.000879415
   0.0325897
   0.0367892
     0.6025
    0.11102
   0.067037
-0.00787743
  0.0335874
  0.0399373
  0.680698
  0.265924
-0.0267774
-0.0100388
 0.0240817
 0.0104769
   0.65116
  0.195471
 0.0238845
-0.0146326
 0.0247805
 0.0169887
  0.673047
  0.171682
 -0.018296
-0.0241528
 0.0341424
  0.026278
  0.666825
  0.154148
-0.0414845
-0.0167855
 0.0312025
0.00738569
  0.685694
  0.189421
-0.0099662
-0.0174346
 0.0293145
 0.0439419
  0.698993
   0.22964
-0.0195753
-0.0222258
  0.021353
 0.0199665
   0.695711
   0.127976
  -0.016741
-0.00888128
  0.0288728
  0.0282461
  0.690333
   0.20584
0.00118625
-0.0080714
 0.0261565
 0.0267995
  0.658697
   0.17259
-0.0228604
-0.0117718
 0.0372945
 0.0290473
   0.643789
   0.183315
 -0.0225214
-0.00729967
  0.0134977
  0.0261523
   0.679216
   0.182428
-0.00271225
-0.00367856
  0.0150782
  0.0363108
   0.719099
   0.205987
 -0.0207962
-0.00737518
  0.0110777
  0.0167669
  0.719231
  0.169518
-0.0183502
 -0.010538
 0.0320009
  0.020644
   0.688283
   0.151562
  0.0308134
-0.00760936
  0.0296949
  0.0321463
  0.747105
  0.218948
-0.0338235
-0.0159676
 0.0306426
 0.0266108
   0.744909
    0.16555
-0.00520133
 -0.0136329
  0.0381602
   0.029457
  0.775349
  0.178548
 0.0475134
0.00216421
 0.0406263
 0.0331072
     0.7802
   0.192764
  0.0252635
-0.00150645
    0.03411
  0.0187841
  0.757084
  0.166546
 0.0137532
-0.0105708
 0.0321416
 0.0291215
   0.78555
  0.221414
-0.0264103
 -0.025207
 0.0301049
 0.0247578
   0.758935
   0.158602
 -0.0082976
-0.00996599
  0.0210325
  0.0522148
  0.778481
  0.244298
-0.0242331
-0.0169989
  0.026114
 0.0358854
   0.813771
   0.179855
0.000921054
 -0.0154731
   0.032416
  0.0138505
  0.795438
   0.24276
-0.0469417
-0.0118116
 0.0235679
 0.0280833
    0.770389
    0.189972
-1.24459e-05
  -0.0119246
   0.0402499
   0.0343747
  0.799248
  0.226233
-0.0159261
-0.0135273
 0.0348731
 0.0373307
  0.819201
  0.227985
0.00234738
-0.0224238
 0.0360284
 0.0172623
  0.837746
  0.246309
-0.0308192
 -0.026178
 0.0453951
 0.0173542
  0.841115
  0.214673
 -0.012534
-0.0127783
 0.0397983
 0.0267771
  0.896841
  0.276707
0.00743108
-0.0273503
 0.0418463
  0.025922
   0.85173
  0.239477
-0.0422027
-0.0242766
 0.0406387
 0.0225694
  0.875632
  0.199453
0.00474591
-0.0165153
 0.0606844
 0.0351932
  0.901478
  0.266035
 -0.034335
-0.0200716
 0.0416064
0.00833015
  0.887733
  0.163657
 0.0873256
-0.0233786
 0.0635037
 0.0444998
  0.937175
  0.272722
-0.0468392
-0.0142228
 0.0291802
0.00475225
   0.89692
  0.222373
 0.0363199
-0.0266677
 0.0502239
 0.0362962
  0.919971
  0.247936
-0.0458349
-0.0265706
 0.0362485
  0.030712
  0.885438
  0.172621
0.00681202
-0.0308992
 0.0548066
 0.0210764
   0.93517
  0.254274
-0.0255042
-0.0214655
 0.0335859
  0.041976
   0.925718
   0.170383
  0.0223905
-0.00826565
  0.0533652
  0.0323854
  0.930179
   0.24061
0.00200605
 -0.017546
 0.0515365
   0.03314
    0.951904
    0.253737
-0.000355318
  -0.0171375
   0.0465976
   0.0224836
   0.945092
    0.17653
  0.0303826
-0.00379288
  0.0513519
  0.0426628
  0.962497
  0.288765
-0.0202262
-0.0199997
  0.042238
 0.0403645
   1.00358
   0.21703
0.00386465
-0.0217037
 0.0498407
 0.0362527
   1.02952
  0.266703
-0.0273076
-0.0173993
  0.041737
 0.0401252
   1.03113
  0.240853
-0.0449853
-0.0246251
  0.046356
 0.0306691
    1.06417
   0.313436
-0.00754345
 -0.0229499
  0.0504129
  0.0282834
   1.11331
  0.296684
-0.0040952
  -0.02902
  0.053603
 0.0346504
   1.12406
  0.296032
-0.0707548
-0.0193918
 0.0457945
  0.046224
   1.14167
  0.308656
-0.0304679
-0.0243632
 0.0453495
 0.0447817
   1.14077
  0.311815
  0.023948
-0.0303354
 0.0590575
 0.0247841
   1.17065
  0.326365
-0.0247399
-0.0228127
 0.0417258
 0.0369576
   1.23107
  0.288839
-0.0430645
-0.0175962
 0.0542222
 0.0418679
   1.23411
  0.321223
0.00376683
-0.0142937
 0.0630276
 0.0431509
   1.26001
  0.361748
 0.0170892
-0.0124587
 0.0590486
  0.046764
  1.26089
 0.294579
0.0307904
-0.012221
0.0675484
 0.048087
   1.33595
  0.318863
-0.0598383
-0.0118996
 0.0641281
 0.0404281
  1.34277
 0.360672
 0.034952
-0.017985
0.0697006
0.0442729
   1.35475
  0.380208
-0.0148352
-0.0251661
 0.0739992
 0.0414757
   1.37839
  0.339786
  0.021627
-0.0265805
 0.0831095
 0.0430605
   1.41073
  0.334107
 0.0264781
-0.0189646
 0.0721186
 0.0394651
    1.43766
   0.352063
-0.00108422
 -0.0245488
  0.0892305
  0.0451042
   1.46051
  0.352209
 0.0370119
-0.0142741
  0.072269
 0.0678719
   1.47973
   0.34012
  0.012763
-0.0172383
 0.0799171
  0.054249
   1.46253
  0.314501
-0.0144361
-0.0287629
 0.0614925
 0.0699088
   1.50289
  0.409635
-0.0826972
-0.0281118
 0.0613625
 0.0584787
   1.50769
   0.33533
 0.0109962
-0.0137456
 0.0739938
 0.0526363
    1.50048
   0.338981
-0.00545929
 -0.0206127
  0.0595126
  0.0666999
   1.54601
  0.464797
-0.0197204
 -0.031754
 0.0783675
 0.0415736
   1.55371
  0.368251
-0.0336205
-0.0178557
 0.0616335
 0.0442698
   1.53494
  0.395103
-0.0267259
 -0.032427
 0.0593342
 0.0661359
   1.55835
  0.410759
 -0.021313
-0.0285598
 0.0767847
 0.0479048
    1.62316
   0.373571
 -0.0137189
-0.00494278
  0.0804986
  0.0583477
   1.61352
  0.421788
-0.0105968
  -0.02916
 0.0679306
 0.0366816
   1.65081
  0.503557
-0.0487002
-0.0272126
 0.0790319
 0.0368719
   1.61895
  0.398236
-0.0152682
-0.0328428
 0.0773264
 0.0604242
    1.64626
    0.39661
-0.00916308
  -0.025672
  0.0805954
  0.0365592
   1.68397
    0.5121
0.00835956
-0.0275486
 0.0896311
 0.0363649
   1.72218
  0.408956
 0.0711424
-0.0195282
  0.104528
 0.0470391
   1.78853
  0.506446
 -0.044995
-0.0289452
 0.0837696
 0.0485679
   1.78538
  0.474846
-0.0536406
-0.0308227
 0.0858109
 0.0498146
   1.77437
  0.422634
  0.042175
-0.0357128
 0.0906831
 0.0500285
   1.81922
  0.498224
 0.0116728
-0.0332708
 0.0938554
 0.0509943
   1.79784
  0.438259
-0.0534147
-0.0314098
 0.0819389
 0.0590374
   1.82402
  0.450526
-0.0273578
-0.0315506
 0.0888221
 0.0734196
   1.84961
  0.492302
-0.0345096
-0.0326537
 0.0947498
 0.0663335
   1.89513
  0.483088
 0.0115218
-0.0313937
  0.102696
 0.0734413
    1.9186
  0.524629
-0.0267567
-0.0376496
  0.102676
 0.0723161
   1.92044
  0.472703
 0.0199145
-0.0252713
  0.111793
 0.0808854
   1.97826
  0.536646
-0.0402791
-0.0222802
  0.107973
  0.087744
   1.94959
  0.515799
 0.0178161
-0.0370735
  0.120863
 0.0643041
   1.95596
  0.497644
-0.0224608
-0.0321903
  0.107574
 0.0980333
   2.00309
  0.480985
-0.0595124
-0.0297799
  0.100015
 0.0897591
   1.99916
  0.570606
-0.0404552
-0.0360186
  0.114896
 0.0833503
   1.99662
  0.455412
0.00584654
-0.0300283
   0.11682
 0.0934474
    2.02194
   0.507219
-0.00620307
 -0.0330734
   0.112098
   0.102254
   2.02057
  0.495943
-0.0141436
-0.0268006
  0.115358
  0.107809
   2.05036
  0.518971
-0.0259431
-0.0316823
  0.118624
  0.110246
   2.07047
  0.546758
-0.0036595
-0.0467331
   0.12741
 0.0826463
   2.12834
  0.555331
 0.0216107
-0.0478478
  0.122676
 0.0858206
   2.18127
  0.578481
-0.0439083
-0.0338619
  0.127452
 0.0819017
   2.17794
  0.556966
-0.0137573
-0.0363217
  0.136666
 0.0949819
   2.18581
  0.558772
-0.0155527
-0.0329792
  0.121262
  0.106208
     2.26722
    0.573126
-0.000642089
  -0.0331011
    0.132481
   0.0988652
   2.29444
  0.599863
-0.0166886
-0.0268096
  0.142687
  0.106473
   2.32685
  0.592974
 0.0217795
-0.0301169
  0.145769
 0.0977942
   2.36874
  0.643948
-0.0242552
-0.0370528
  0.139121
  0.090019
  2.43549
   0.6059
-0.031165
-0.032271
 0.148493
 0.118132
   2.48576
  0.656358
-0.0305889
-0.0408593
  0.153885
  0.109381
   2.54848
  0.689014
0.00105536
-0.0381576
  0.138519
  0.114944
   2.61897
   0.64249
-0.0167491
 -0.037381
  0.144498
  0.104445
    2.67299
   0.714681
-0.00600577
 -0.0324095
   0.153586
   0.122073
   2.73639
  0.743984
-0.0409809
-0.0376062
  0.157331
  0.103501
   2.79309
  0.695281
 0.0201622
-0.0318356
  0.160066
  0.131835
   2.84148
  0.754401
-0.0212044
 -0.040495
  0.172671
  0.123508
   2.88424
  0.784141
-0.0187388
-0.0418063
  0.173128
  0.123293
   2.93875
   0.78105
-0.0383518
-0.0378135
  0.172208
  0.129381
   2.95486
  0.746144
-0.0247844
-0.0438619
  0.180564
  0.131082
   2.94945
  0.797379
-0.0161387
-0.0382367
  0.163002
  0.139779
    3.00391
   0.776144
-0.00367642
  -0.039922
   0.178598
   0.146373
    3.07476
   0.817942
-0.00788487
 -0.0443017
   0.175403
   0.130051
   3.06497
  0.833067
-0.0381955
-0.0513206
  0.165711
   0.13693
   3.11237
   0.79839
-0.0114651
-0.0418156
  0.184925
  0.132375
   3.14789
   0.86926
-0.0177291
-0.0459185
  0.195955
  0.133527
    3.2454
  0.866975
-0.0402491
-0.0483561
  0.193001
  0.139547
    3.33456
   0.948178
-0.00879942
 -0.0403882
   0.205793
   0.137386
    3.3421
  0.823759
-0.0326645
-0.0506693
  0.206927
   0.17507
    3.39569
   0.879793
-0.00783963
 -0.0419111
   0.213989
   0.181106
     3.47532
    0.901201
-0.000572535
  -0.0472022
    0.215872
    0.172638
   3.55755
  0.920606
-0.0855341
-0.0546017
  0.209153
  0.183713
    3.6537
  0.988707
-0.0129457
-0.0538242
  0.227148
  0.200375
   3.69016
  0.920978
-0.0113282
-0.0388633
  0.240285
  0.204496
   3.71871
  0.993331
 0.0596113
-0.0531634
  0.237994
  0.204553
   3.86041
   1.00626
-0.0398275
-0.0552945
  0.249095
  0.194318
   3.92787
   1.02722
-0.0419006
-0.0592076
  0.245605
  0.212558
   4.08662
   1.11132
-0.0290314
-0.0503237
  0.268545
  0.197504
   4.10507
   1.10096
 0.0653042
-0.0615802
  0.271445
  0.188449
   4.20463
     1.163
-0.0262793
-0.0619169
  0.267055
  0.191028
   4.27739
   1.09798
 -0.102534
-0.0542031
  0.248933
   0.20072
   4.38473
   1.16093
-0.0428044
-0.0650888
   0.26522
  0.215047
   4.48662
    1.2303
-0.0250641
-0.0727179
  0.287011
  0.221182
   4.54734
   1.20112
0.00210825
-0.0574244
    0.2923
  0.235677
    4.6684
   1.21321
-0.0555854
-0.0646877
  0.296277
   0.23747
   4.76056
   1.19768
-0.0249836
-0.0662265
  0.290702
  0.232686
   4.89153
   1.30419
0.00854088
-0.0603556
   0.31369
  0.251139
    5.00885
    1.35989
-0.00979274
 -0.0691541
   0.322368
   0.255261
   5.08185
   1.37418
-0.0444742
-0.0732566
  0.314577
  0.246905
    5.16361
     1.3878
-0.00859721
 -0.0689699
   0.328016
   0.266618
   5.31194
   1.44479
 -0.100319
-0.0629719
  0.333778
   0.24745
   5.41427
   1.42188
-0.0434427
-0.0606572
   0.33874
  0.273779
   5.54746
   1.48891
 0.0227435
-0.0679004
  0.349107
  0.265502
   5.65583
   1.53992
-0.0292496
-0.0693415
  0.360327
  0.283806
    5.7513
   1.52933
-0.0532979
-0.0676619
  0.358397
  0.309658
   5.87187
   1.56114
-0.0547682
-0.0743441
  0.359997
  0.294659
   5.98149
   1.60502
-0.0523377
-0.0831111
  0.360285
  0.306658
    6.07575
    1.60097
-0.00151971
  -0.073479
   0.388645
   0.335637
   6.18457
   1.65815
-0.0258186
-0.0732108
  0.383154
  0.333364
   6.35759
   1.69707
 -0.043326
-0.0731592
  0.397555
  0.344437
   6.56258
   1.77489
-0.0319314
-0.0898863
  0.403231
  0.360092
   6.67417
   1.80222
-0.0325535
-0.0906767
  0.423576
  0.358111
   6.76289
    1.7932
-0.0139764
-0.0954163
  0.424555
  0.385099
    6.9207
   1.86307
-0.0413632
-0.0884135
  0.432798
  0.382965
   7.05196
   1.86807
-0.0550544
-0.0843283
  0.441778
  0.409984
    7.2334
   1.94041
-0.0193649
-0.0993742
  0.452028
  0.410629
   7.45469
   2.04986
 -0.076514
-0.0872935
    0.4695
  0.400797
    7.5717
   1.99697
-0.0627037
 -0.103068
  0.472093
  0.426976
   7.76849
   2.15851
-0.0975017
 -0.098687
  0.483556
  0.414134
   7.95562
   2.13591
-0.0287637
-0.0903995
   0.50376
  0.447376
  8.14529
  2.21836
 -0.04462
-0.100641
 0.516056
 0.451875
   8.33611
   2.34157
-0.0672823
 -0.108029
   0.52658
  0.460233
   8.53327
   2.25586
-0.0574833
 -0.115657
  0.559171
  0.488719
     8.746
   2.41171
-0.0642478
 -0.107627
  0.569839
   0.51749
   8.98534
   2.43026
-0.0333648
 -0.118324
  0.586726
  0.545542
   9.20029
   2.52949
-0.0819956
 -0.126173
  0.605878
  0.553537
   9.30285
   2.51466
-0.0160004
 -0.120839
     0.605
  0.575032
   9.57135
   2.62424
-0.0975446
 -0.124795
  0.622378
  0.578208
   9.73727
   2.60222
-0.0696765
  -0.12953
  0.622367
  0.596559
   9.95524
   2.74546
-0.0965654
 -0.111698
  0.631138
  0.632686
   10.1601
   2.71361
-0.0258644
 -0.134316
  0.641449
  0.635206
   10.3623
   2.89752
-0.0607488
 -0.122331
   0.63216
  0.634073
  10.7393
  2.95663
-0.112277
-0.126661
 0.662734
  0.65331
  10.9639
  2.95815
-0.144417
-0.137603
 0.656162
 0.700281
  11.1889
  3.15826
-0.124883
-0.138453
 0.667922
 0.674378
   11.4712
   3.17165
-0.0648912
 -0.128903
  0.694758
    0.7202
  11.6424
  3.18181
-0.107379
-0.129266
 0.696228
 0.739317
   11.8944
   3.26356
-0.0640611
 -0.135063
  0.727365
  0.769001
   12.2031
   3.40336
-0.0977902
 -0.146934
  0.736003
  0.769285
  12.5169
  3.45057
-0.151811
-0.144665
 0.750491
 0.794363
   12.7346
   3.44626
-0.0868825
 -0.151945
  0.771486
  0.820698
   13.0105
   3.63113
-0.0894329
 -0.160686
   0.78574
  0.847428
  13.4181
  3.73029
-0.127922
-0.150424
 0.817201
 0.866979
  13.6003
  3.69184
-0.147857
 -0.14893
 0.807094
 0.899308
  13.8753
  3.87966
-0.158614
-0.167993
 0.815566
 0.906118
  14.1366
  3.83197
-0.139347
-0.154183
 0.846946
 0.948579
  14.3702
  3.94733
-0.122414
-0.172963
 0.857078
 0.961717
  14.7052
  4.10067
-0.149136
-0.162794
 0.860648
 0.962383
  15.0291
  4.13041
-0.187652
-0.168293
 0.885715
  1.00352
  15.2279
  4.20027
-0.173534
-0.169587
 0.887111
  1.00599
  15.5821
  4.34179
-0.151486
 -0.16485
 0.912466
  1.02365
  16.0448
  4.43282
-0.166018
-0.163567
 0.924525
  1.06558
  16.4139
  4.51807
-0.153789
-0.156196
 0.936143
  1.09437
  16.5985
  4.52379
-0.168314
-0.158955
 0.925492
  1.13809
  16.7926
  4.71487
-0.170978
-0.156223
 0.930102
  1.12185
  17.1681
  4.67954
-0.209738
-0.169665
 0.935985
  1.17807
  17.5352
  4.82726
-0.198765
-0.171022
 0.947023
   1.1882
  17.9203
  4.94971
-0.194804
-0.180013
  0.97061
  1.21283
   18.165
  5.01872
-0.216714
-0.174956
 0.965905
  1.22465
  18.4442
  5.06253
-0.238858
-0.170562
 0.961004
  1.25038
  18.6687
  5.12774
-0.159219
-0.171149
 0.970777
   1.2647
  18.9292
  5.23712
-0.200437
-0.162092
 0.980611
  1.27408
   19.161
  5.25107
-0.203737
-0.180167
  0.98259
  1.27772
  19.2119
   5.2547
-0.236886
-0.172199
  0.97428
   1.2613
  18.9063
  5.09894
-0.166857
-0.162645
 0.961125
  1.21243
  18.7238
   5.1375
-0.223174
-0.171494
 0.944528
  1.17131
  18.5814
  4.99137
-0.183112
-0.168667
 0.944954
  1.13705
  18.3327
  4.95015
-0.244048
-0.153992
 0.915406
  1.07542
  17.6353
   4.7085
-0.179812
-0.167159
 0.898457
  1.01186
  16.9093
  4.50464
-0.123747
-0.148847
 0.882444
 0.919868
   16.235
  4.26339
-0.154863
-0.139782
 0.835458
 0.848203
  15.5281
  4.01924
-0.111117
-0.142378
 0.808704
  0.77551
  14.9003
  3.89993
-0.154737
-0.132821
 0.755979
 0.686117
  14.3774
  3.69223
-0.110777
-0.123367
 0.729787
 0.623241
  13.8105
  3.57759
-0.156163
-0.123252
 0.686016
 0.559282
  13.3091
  3.31915
-0.147605
-0.130634
 0.647336
 0.517519
   12.8592
    3.2733
-0.0591637
 -0.116025
  0.647974
  0.490174
  12.5076
  3.13076
-0.101582
-0.109532
 0.621666
 0.467722
   11.9276
   2.90083
-0.0685738
-0.0997868
   0.56881
  0.411005
   11.3965
   2.81148
-0.0836221
-0.0975989
  0.545823
  0.363307
  11.0893
  2.71733
-0.062662
-0.104384
  0.52954
  0.36147
   10.6987
   2.57427
-0.0860998
-0.0865997
  0.509802
  0.311643
   10.3513
   2.49346
-0.0531346
-0.0879495
  0.487504
   0.29181
   9.95876
   2.43111
-0.0850049
-0.0802417
  0.459479
  0.268065
    9.7109
    2.2663
-0.0668237
-0.0856827
  0.450128
  0.263478
   9.43236
   2.24726
-0.0478627
-0.0777784
  0.431302
  0.221171
   9.22178
   2.25607
-0.0499101
-0.0818583
  0.423077
  0.206537
    9.0635
   2.13465
 -0.103685
-0.0679917
  0.390293
  0.212597
   8.83844
   2.02331
-0.0756195
-0.0824705
  0.380355
   0.21517
   8.71434
   2.01603
-0.0301879
-0.0752811
  0.381671
   0.20213
   8.58233
   2.08006
-0.0796144
-0.0705724
  0.374375
  0.179759
   8.48698
   1.90811
-0.0629946
-0.0636004
  0.362323
  0.207134
   8.36989
   1.93329
-0.0769157
-0.0618677
  0.365218
  0.185242
   8.27339
    1.9124
-0.0215999
-0.0692012
   0.37219
  0.183932
   8.22301
   1.92482
-0.0348006
-0.0716081
  0.373316
  0.161854
   8.08751
   1.82119
-0.0086447
 -0.059299
  0.347346
  0.166109
   8.06187
   1.91639
-0.0710552
-0.0594441
  0.334079
   0.14858
   7.94863
   1.81374
 -0.119552
-0.0572213
  0.321347
  0.145106
   7.90102
   1.78625
-0.0749422
-0.0631887
  0.327576
  0.130336
   7.87174
    1.8075
-0.0619758
-0.0569453
  0.341666
  0.126235
    7.80748
    1.82577
-0.00220709
 -0.0701516
   0.338767
   0.121457
   7.80495
   1.74557
-0.0796864
-0.0611125
  0.329022
  0.119193
   7.74165
   1.77911
 -0.061565
-0.0604351
  0.327884
 0.0957343
   7.69951
   1.75535
-0.0616976
-0.0667743
  0.348263
 0.0938675
     7.691
   1.72792
-0.0847107
-0.0713524
  0.335754
 0.0861657
   7.60466
   1.71781
-0.0488632
-0.0665423
  0.335451
 0.0866159
   7.53853
    1.6729
-0.0696802
-0.0618083
  0.333202
 0.0948857
     7.494
   1.66032
-0.0581029
-0.0548155
   0.33379
 0.0751472
   7.43448
   1.69515
0.00756908
 -0.060274
  0.340367
 0.0723297
   7.41541
   1.66014
 -0.032107
-0.0609504
  0.328763
  0.063247
   7.39643
   1.65266
 -0.113895
-0.0572347
  0.316801
 0.0502195
   7.31139
   1.60867
-0.0473411
-0.0609232
  0.327314
 0.0586189
   7.25013
   1.63269
   -0.1005
-0.0641725
   0.31007
 0.0636824
   7.20499
   1.58623
-0.0577517
-0.0571409
  0.309727
 0.0600409
   7.16591
   1.54956
-0.0739536
 -0.052163
  0.321847
 0.0400465
   7.12815
   1.57001
 -0.017599
-0.0514733
  0.310826
 0.0232306
   7.11024
   1.61138
-0.0662847
 -0.066716
  0.303819
 0.0293231
   7.06151
   1.54508
-0.0657053
-0.0553183
  0.311093
  0.032365
   6.98476
    1.4826
-0.0528663
 -0.051459
  0.287995
 0.0498191
   6.93354
   1.53532
-0.0785878
-0.0545447
  0.295592
0.00971063
   6.85157
   1.45174
-0.0103016
-0.0435814
  0.299387
 0.0343164
    6.83374
    1.52039
 -0.0368191
 -0.0501894
   0.293333
-0.00320166
   6.82252
   1.45147
-0.0816084
-0.0473552
   0.28496
 0.0162807
   6.75282
   1.42151
 -0.038981
-0.0530495
  0.286667
 0.0277077
   6.67298
   1.44544
-0.0287182
 -0.052594
   0.26933
 0.0138198
   6.67042
     1.485
-0.0544234
-0.0405863
  0.262273
-0.0108041
     6.6203
    1.42301
 -0.0553919
 -0.0484335
   0.272492
-0.00967376
     6.5716
    1.37402
 -0.0518503
 -0.0396809
    0.25438
0.000402996
   6.52016
   1.40118
 -0.030949
-0.0356071
  0.262694
 -0.016584
   6.45701
   1.38778
-0.0673719
-0.0397161
   0.25252
-0.0132636
   6.39926
   1.40557
-0.0752341
-0.0457309
  0.258884
-0.0136063
   6.38678
   1.31405
-0.0479052
-0.0438179
  0.251476
-0.0262018
    6.31358
    1.33829
8.12268e-05
 -0.0313413
   0.254494
-0.00897029
   6.26954
   1.36718
-0.0324236
-0.0420587
  0.250987
 -0.044058
    6.2418
   1.31579
-0.0814994
-0.0452534
  0.238526
-0.0391389
   6.17567
   1.32604
 -0.026864
-0.0397807
  0.247354
-0.0376443
   6.11798
   1.32528
 -0.083121
-0.0390909
  0.225368
 -0.034544
   6.07004
   1.22633
-0.0274274
-0.0432678
  0.233758
-0.0324461
   6.01543
   1.26704
 -0.035838
-0.0437791
  0.233615
-0.0409704
   5.97554
   1.21627
-0.0264845
-0.0292881
  0.221237
-0.0363276
    5.9496
   1.26655
-0.0516955
-0.0378067
  0.231513
-0.0519202
    5.88529
    1.20435
-0.00769014
 -0.0376593
   0.239333
 -0.0339869
   5.83196
    1.2385
-0.0686348
-0.0465898
  0.231919
-0.0433629
   5.75537
   1.21251
 -0.034882
 -0.041039
   0.22768
-0.0367934
   5.76038
   1.29078
-0.0330659
-0.0394762
  0.224541
-0.0480831
    5.7472
   1.21182
-0.0845129
-0.0433402
   0.22605
-0.0464207
   5.67782
   1.13559
 -0.037882
-0.0417891
    0.2351
-0.0386519
   5.64305
    1.1891
-0.0427433
 -0.040099
  0.235668
-0.0490629
   5.62091
   1.14085
 0.0389171
 -0.040504
  0.239331
-0.0376344
    5.6101
   1.20636
-0.0536546
-0.0495609
  0.235525
-0.0351777
   5.55377
   1.09972
-0.0413341
-0.0443312
  0.229987
-0.0243218
   5.51018
   1.16432
 -0.027215
 -0.046286
  0.230717
-0.0463893
   5.47396
   1.13351
-0.0652484
-0.0389269
  0.217836
-0.0276345
   5.41973
   1.06267
-0.0243839
-0.0384232
  0.210414
-0.0209921
   5.46057
    1.1837
-0.0857674
-0.0347569
  0.209618
-0.0429297
   5.40449
    1.0756
 0.0117601
-0.0311445
   0.20959
-0.0335096
   5.38549
   1.15072
-0.0482196
-0.0350064
  0.218696
-0.0399163
   5.31918
   1.03119
0.00249646
 -0.047238
  0.208481
-0.0374142
    5.3077
   1.13714
-0.0863692
-0.0443273
   0.20147
-0.0520115
   5.21644
   1.02208
0.00544074
-0.0287571
  0.208624
-0.0332274
   5.24909
   1.14131
-0.0655055
-0.0385931
  0.198148
-0.0477866
   5.15117
   1.03612
 0.0155725
-0.0402005
  0.217015
-0.0287744
   5.15866
   1.06638
-0.0831662
-0.0387244
  0.202127
-0.0626156
    5.12768
    1.04869
-0.00125652
 -0.0338251
   0.195636
 -0.0369518
   5.11042
   1.07062
-0.0793331
-0.0282341
  0.181403
 -0.040978
   5.02804
   1.01416
-0.0142674
-0.0312195
  0.176098
-0.0498457
   5.03352
   1.06367
-0.0663106
-0.0292897
  0.183881
-0.0512545
    4.98982
   0.982333
-0.00778811
  -0.033957
   0.181705
  -0.039254
   4.99619
   1.05503
-0.0293608
-0.0331994
  0.191386
-0.0507277
   4.94215
  0.946169
-0.0031832
-0.0332922
  0.173217
-0.0532487
   4.96637
   1.03942
 -0.055585
-0.0440471
  0.183175
-0.0569037
   4.91974
  0.936368
 0.0168035
-0.0302476
  0.183819
-0.0517041
   4.93497
   1.03274
-0.0422758
-0.0323352
  0.162573
-0.0584423
   4.89825
   1.02244
-0.0582245
-0.0213829
  0.160433
-0.0799071
    4.8531
  0.965471
 -0.056833
-0.0356593
  0.161479
-0.0533273
   4.86229
   1.06228
-0.0745634
-0.0332956
   0.16982
-0.0667338
    4.80941
   0.921801
-0.00970289
 -0.0297141
   0.160151
 -0.0491686
   4.83302
   1.01867
-0.0796558
 -0.029188
   0.16817
-0.0652118
   4.77388
  0.923208
-0.0315289
-0.0350213
  0.165392
-0.0682965
   4.74635
  0.945418
-0.0203174
-0.0294971
  0.176086
 -0.072739
   4.72985
  0.999245
-0.0396903
-0.0387399
   0.17092
-0.0691032
   4.69106
  0.906739
0.00544211
-0.0354935
  0.181913
-0.0525569
   4.72658
   1.01409
-0.0322585
-0.0342502
  0.170821
-0.0745679
   4.67999
  0.882716
-0.0217996
-0.0347331
  0.183158
-0.0595581
   4.67883
  0.934191
-0.0323963
  -0.02694
  0.171712
-0.0515842
    4.64977
    0.91654
-0.00588171
 -0.0267016
     0.1716
 -0.0525471
   4.67347
  0.966285
-0.0388044
-0.0294138
  0.168673
-0.0786338
   4.61039
  0.897665
-0.0266843
-0.0367306
  0.167786
-0.0653935
   4.60092
  0.922593
-0.0413197
 -0.024549
  0.163185
-0.0571141
    4.6053
  0.921497
-0.0182748
-0.0231828
   0.16582
-0.0642776
   4.59722
  0.929549
-0.0725826
-0.0238688
  0.150413
-0.0597159
   4.53866
  0.869472
 -0.046867
-0.0203162
   0.15877
 -0.059658
    4.52397
   0.923638
-0.00734738
 -0.0325279
   0.142859
 -0.0570517
   4.53734
    0.9202
-0.0321495
-0.0216098
  0.146255
-0.0778589
   4.49874
  0.870845
-0.0319468
-0.0341888
  0.156992
-0.0745062
   4.47453
  0.978223
-0.0506792
-0.0332666
  0.150542
-0.0717698
   4.46123
  0.845631
-0.0324303
-0.0333702
  0.164642
-0.0573726
    4.4252
  0.922868
-0.0586044
-0.0326702
   0.16006
-0.0710525
    4.4297
   0.90353
0.00354012
-0.0258189
  0.168954
-0.0781762
   4.39836
  0.868367
-0.0235223
-0.0296451
  0.162031
-0.0660952
   4.39725
  0.900348
-0.0291843
 -0.033913
   0.16063
-0.0603454
   4.42768
  0.885012
-0.0615729
-0.0272533
  0.161562
-0.0757413
   4.37523
  0.852568
-0.0448902
-0.0250766
  0.155193
-0.0512507
    4.35673
   0.850746
0.000703283
 -0.0400335
   0.165993
 -0.0543272
    4.37533
   0.869973
-0.00128179
 -0.0310802
   0.173617
 -0.0633559
   4.40199
  0.871564
-0.0316981
-0.0233387
  0.170338
-0.0621316
   4.35903
  0.859927
-0.0294041
 -0.030533
  0.163879
 -0.052546
   4.37117
  0.915475
-0.0662764
-0.0345326
  0.167315
 -0.066089
   4.34585
  0.817685
  -0.03186
-0.0317866
  0.165481
-0.0500304
    4.3451
  0.875989
-0.0214982
-0.0315845
   0.17652
-0.0638848
     4.31983
    0.943066
-0.000358674
  -0.0227225
    0.178832
  -0.0694973
   4.32233
  0.811885
-0.0499484
-0.0329463
  0.164654
-0.0627568
   4.33317
   0.90048
-0.0390781
-0.0344004
  0.162352
-0.0785954
   4.34793
  0.825836
-0.0870869
-0.0398553
  0.167975
-0.0713503
    4.31002
    0.86607
-0.00285526
 -0.0353506
   0.168551
 -0.0643327
   4.28354
  0.873666
0.00518441
 -0.036198
  0.175847
-0.0733183
   4.28966
   0.83773
 -0.024656
-0.0323004
   0.16196
 -0.056963
   4.26264
  0.820501
-0.0204909
-0.0287985
  0.157022
-0.0568281
   4.29235
  0.826055
-0.0165973
-0.0300863
  0.171667
-0.0720232
   4.22451
  0.834433
-0.0242838
-0.0248895
  0.155999
-0.0514469
   4.21793
  0.835776
-0.0366227
  -0.03135
  0.164549
-0.0518429
   4.20622
  0.850428
-0.0366357
 -0.032709
  0.158672
-0.0738784
   4.19104
  0.827107
-0.0557577
-0.0249392
  0.149947
-0.0570407
   4.18309
  0.861102
-0.0654334
-0.0308363
  0.142984
-0.0826725
   4.14648
  0.832161
 -0.042021
 -0.027947
  0.151031
-0.0580587
   4.12806
  0.804006
-0.0303268
-0.0280349
   0.14955
-0.0566171
   4.11551
  0.868103
-0.0165152
-0.0335715
   0.16213
-0.0814599
   4.09489
  0.804134
-0.0211867
-0.0335139
  0.159304
-0.0718815
   4.03512
  0.795041
-0.0262216
-0.0268935
  0.149393
 -0.069692
   4.03531
  0.794166
-0.0349342
-0.0283533
  0.148569
-0.0619498
   4.03095
  0.795101
-0.0236098
 -0.028074
  0.143153
-0.0590354
   4.03007
  0.807121
-0.0380676
-0.0367592
  0.147513
-0.0775708
   3.96725
  0.775734
-0.0387307
 -0.027224
  0.139221
-0.0494115
   3.90592
  0.773025
-0.0272664
-0.0256767
  0.140642
-0.0668962
   3.85041
  0.763191
-0.0435651
-0.0260507
  0.146688
-0.0650526
   3.80842
  0.756112
-0.0478977
-0.0313494
   0.13078
-0.0688274
   3.80675
   0.75487
-0.0445317
 -0.025012
  0.128622
-0.0732884
   3.78565
   0.74784
-0.0389058
-0.0261085
  0.136538
-0.0769392
   3.81356
   0.75318
-0.0407946
-0.0212754
  0.143192
 -0.060062
   3.78693
  0.750876
-0.0407482
-0.0315747
  0.135203
-0.0666481
    3.8098
  0.751581
-0.0272022
-0.0207471
  0.143106
-0.0581374
   3.78475
  0.752887
 -0.029032
-0.0256879
   0.16077
-0.0585506
   3.79175
  0.748421
-0.0346989
-0.0299191
  0.140859
-0.0513592
   3.78239
   0.75351
-0.0314403
-0.0244173
  0.142693
-0.0755563
   3.75726
  0.746765
-0.0277131
-0.0173132
  0.140255
-0.0663097
   3.73598
  0.739797
-0.0388723
-0.0246821
  0.142433
-0.0669761
   3.69285
  0.738462
-0.0394738
-0.0287553
  0.140254
-0.0619312
   3.63134
  0.717872
-0.0362892
-0.0291141
  0.131029
-0.0732385
   3.61774
  0.714922
-0.0402456
-0.0247564
  0.132055
-0.0548135
   3.57959
  0.708999
-0.0324457
-0.0349282
  0.132005
-0.0634445
   3.59276
  0.706169
-0.0338793
-0.0271877
  0.133787
-0.0743562
   3.55999
  0.704824
-0.0265501
-0.0317798
  0.133859
-0.0570482
   3.59746
  0.712141
-0.0268989
-0.0336431
  0.131193
-0.0655747
   3.58675
  0.706009
-0.0331727
-0.0254354
  0.133527
-0.0475018
   3.61616
   0.71256
-0.0316442
-0.0190687
  0.120798
 -0.079931
    3.6144
  0.720262
-0.0288798
-0.0266913
  0.135756
-0.0650421
   3.62113
  0.718852
 -0.032055
-0.0224535
  0.147231
-0.0562929
   3.62565
  0.724943
-0.0298541
-0.0318068
   0.13794
-0.0589706
   3.61218
  0.711946
-0.0333658
-0.0265273
  0.135042
-0.0588864
    3.6135
   0.71577
-0.0344173
-0.0222983
  0.140931
-0.0649206
   3.62641
  0.722249
-0.0377107
-0.0253725
   0.13987
-0.0640835
    3.5967
  0.707198
-0.0400259
-0.0254381
  0.125199
-0.0606099
   3.61226
  0.711896
-0.0311934
-0.0227282
   0.13724
-0.0681033
   3.60094
  0.706574
-0.0333577
-0.0280416
   0.13066
 -0.060021
   3.56954
  0.709122
  -0.02725
-0.0244274
  0.137758
-0.0579279
   3.56587
  0.715959
-0.0326131
-0.0280637
  0.140675
-0.0588518
   3.54723
  0.698345
-0.0328854
-0.0251711
  0.143015
-0.0594603
   3.55259
  0.710637
-0.0272214
 -0.027944
  0.142317
-0.0695104
   3.53581
  0.712055
-0.0291226
-0.0244138
  0.134907
-0.0652908
   3.52177
   0.70051
 -0.039698
-0.0245858
  0.123677
-0.0818324
   3.52544
  0.703319
 -0.038141
-0.0211632
  0.127318
-0.0644079
   3.52897
  0.696606
-0.0350605
-0.0223119
  0.126278
-0.0656402
   3.54318
  0.697451
-0.0351873
-0.0283795
  0.138526
-0.0640594
   3.55736
  0.699087
-0.0327707
-0.0237457
  0.129722
-0.0499349
   3.56967
  0.699166
-0.0327794
-0.0258339
  0.125161
-0.0418604
   3.62509
  0.709525
-0.0310628
-0.0292743
  0.139705
-0.0540068
   3.65605
  0.727129
-0.0411095
-0.0331143
  0.132525
-0.0608051
   3.66427
  0.727605
 -0.036674
-0.0321842
  0.140444
-0.0601279
   3.64602
  0.727548
-0.0327604
-0.0165418
   0.12492
-0.0468417
   3.63846
  0.723516
-0.0354623
-0.0263582
  0.136843
-0.0658463
   3.62736
  0.717449
-0.0364029
-0.0294649
  0.127143
-0.0506847
   3.61681
  0.718735
-0.0271273
-0.0318929
  0.140051
-0.0410698
   3.60612
  0.712039
-0.0352228
-0.0216405
  0.139023
-0.0571291
   3.61341
  0.715581
-0.0343783
-0.0246031
  0.132374
-0.0696667
   3.60009
  0.710579
-0.0333703
 -0.025868
  0.139496
-0.0754959
   3.60495
  0.716417
-0.0364378
-0.0261041
   0.13341
-0.0662555
    3.6097
  0.713823
 -0.033263
-0.0208557
  0.122978
-0.0696146
   3.62528
  0.717101
 -0.036919
-0.0302343
  0.130255
-0.0781303
   3.64949
  0.719618
-0.0401594
-0.0336445
  0.135841
-0.0625356
   3.64969
  0.719354
-0.0332501
-0.0300571
  0.139797
-0.0534901
   3.67018
  0.730717
-0.0307593
-0.0156196
  0.142886
-0.0544159
   3.66317
  0.732773
-0.0385798
 -0.030554
  0.139402
-0.0534437
   3.66793
  0.729657
-0.0367803
-0.0289099
  0.131893
-0.0678328
   3.63938
  0.719538
-0.0331758
-0.0256052
  0.134007
-0.0572101
   3.64767
  0.720259
-0.0352493
-0.0191252
   0.13571
-0.0496493
   3.64593
  0.718776
-0.0400971
-0.0158827
  0.133379
-0.0696147
   3.63226
  0.714949
 -0.040883
-0.0226196
   0.13347
-0.0508935
   3.65633
   0.71836
-0.0333417
-0.0217162
  0.146065
-0.0590413
   3.65301
   0.72302
-0.0378524
-0.0268857
  0.137198
-0.0661634
   3.66642
  0.726827
-0.0289752
-0.0323259
  0.129479
-0.0625399
   3.67913
  0.726091
-0.0314961
-0.0262714
   0.13838
-0.0741999
   3.66028
  0.727317
-0.0398598
-0.0266791
  0.129121
 -0.056053
   3.68488
  0.737054
-0.0399223
-0.0276824
  0.130366
-0.0601563
   3.68681
  0.728734
-0.0345925
-0.0286403
  0.141312
-0.0605751
   3.67982
  0.732447
 -0.034351
-0.0270683
  0.141422
-0.0585205
   3.68329
  0.725872
-0.0358753
 -0.027019
  0.134549
-0.0666421
   3.68011
  0.730554
-0.0401632
-0.0280566
  0.126453
-0.0646104
    3.6566
  0.725569
-0.0342195
-0.0259537
  0.133344
-0.0535196
   3.68235
   0.72956
-0.0482678
-0.0287871
  0.128183
-0.0771717
   3.66028
  0.726507
-0.0388809
-0.0326591
  0.124276
-0.0581142
   3.67629
  0.728933
-0.0368376
-0.0321179
  0.132553
-0.0642321
   3.67399
  0.730355
-0.0356733
-0.0278123
  0.132757
-0.0675302
    3.6642
  0.728165
-0.0355335
-0.0286953
  0.137794
-0.0628489
   3.66213
  0.728901
-0.0330762
-0.0230555
  0.138679
-0.0566883
   3.64637
  0.724808
-0.0365226
-0.0303413
   0.14073
-0.0607921
   3.65459
  0.725995
-0.0353516
-0.0205922
  0.140937
-0.0605711
   3.65402
  0.728475
-0.0329424
-0.0229505
  0.145333
-0.0548978
   3.65602
  0.728312
-0.0364821
-0.0240079
  0.136844
-0.0615372
   3.63947
  0.719778
-0.0395795
 -0.020017
  0.127699
-0.0457435
   3.63544
  0.718363
 -0.036681
 -0.030982
  0.144799
-0.0657162
   3.65366
   0.72046
-0.0355091
-0.0265607
  0.142345
-0.0579858
   3.63926
  0.721224
 -0.037372
-0.0175204
  0.141682
-0.0530396
   3.63485
  0.712556
-0.0340492
-0.0261345
  0.137133
-0.0382462
   3.64808
  0.726608
-0.0408157
-0.0271306
  0.132346
-0.0546204
   3.64161
  0.718735
-0.0331576
-0.0272941
  0.134955
-0.0542534
    3.6567
   0.72507
-0.0333478
-0.0265945
  0.142176
-0.0668041
   3.63422
  0.714556
-0.0333701
-0.0322491
  0.144817
-0.0619357
   3.61519
  0.716349
-0.0243135
-0.0329422
  0.144798
-0.0676281
   3.59458
  0.707761
 -0.032924
 -0.025088
  0.131054
-0.0521323
   3.61688
  0.718431
  -0.03548
-0.0243338
  0.130564
-0.0729053
   3.58371
  0.709716
-0.0271794
-0.0318134
  0.137374
 -0.049722
   3.60198
  0.711097
-0.0353938
-0.0299988
  0.138535
-0.0639567
   3.58651
  0.706802
 -0.034076
-0.0285482
  0.140541
-0.0567888
   3.57134
  0.710135
-0.0282149
-0.0242312
  0.130437
-0.0560707
   3.58817
  0.709097
 -0.032797
-0.0239971
  0.139326
-0.0532338
   3.60941
  0.715836
-0.0317443
-0.0185541
   0.13184
 -0.056664
   3.65436
  0.726685
-0.0366359
-0.0219265
  0.140257
  -0.07003
   3.64536
  0.729162
-0.0396589
-0.0286688
   0.12704
-0.0563204
   3.66972
  0.722842
-0.0376204
-0.0228464
  0.136638
-0.0482522
   3.68011
  0.730515
-0.0357639
-0.0302429
  0.136363
-0.0690923
   3.65678
  0.724648
-0.0343435
-0.0318314
  0.152428
-0.0593266
    3.6297
  0.717302
-0.0307317
-0.0226127
  0.141059
-0.0525769
   3.64178
  0.718991
-0.0373339
-0.0187433
  0.134555
-0.0450409
   3.63112
  0.727733
-0.0341556
-0.0343368
  0.135245
 -0.064094
   3.60836
  0.710356
-0.0341738
-0.0283979
  0.131233
 -0.054029
   3.63279
  0.721139
-0.0398384
 -0.028063
  0.138231
-0.0627734
   3.60783
  0.713204
  -0.03616
-0.0281228
  0.142153
-0.0481222
   3.62976
  0.716051
-0.0334564
-0.0271224
  0.135318
-0.0726072
   3.61916
  0.717658
-0.0351552
-0.0267824
   0.13504
-0.0538202
   3.65996
  0.728337
-0.0435567
-0.0306047
  0.139149
-0.0766732
   3.66494
  0.724858
 -0.034359
-0.0292012
  0.134095
-0.0545032
   3.68286
  0.736535
-0.0380645
-0.0276831
  0.130557
-0.0808504
   3.68981
  0.733565
-0.0390536
-0.0272178
  0.134064
-0.0670808
   3.67112
  0.726332
-0.0341543
 -0.017157
  0.136866
 -0.049949
   3.68184
  0.732386
-0.0354832
-0.0309275
  0.145399
-0.0580599
   3.69106
  0.736528
-0.0391085
-0.0329859
  0.134063
-0.0705791
    3.67758
   0.725934
 -0.0353288
-0.00916219
   0.138377
 -0.0535878
    3.6937
  0.734443
-0.0370136
-0.0281785
  0.137874
-0.0762191
   3.66385
  0.721282
-0.0376528
-0.0200261
  0.125141
-0.0508152
   3.67228
  0.729462
-0.0344618
-0.0248244
  0.144833
-0.0670231
   3.65765
  0.721855
-0.0341845
-0.0178576
  0.135338
-0.0516612
   3.67254
  0.728163
-0.0389345
-0.0231216
  0.130833
-0.0642886
   3.65838
  0.727571
-0.0339972
-0.0235328
  0.147319
-0.0492888
   3.65303
   0.72336
-0.0319865
-0.0236455
  0.136397
-0.0552062
   3.67059
  0.727574
-0.0345553
 -0.024064
  0.135613
-0.0688893
   3.65613
  0.727264
-0.0285741
  -0.03133
  0.138803
-0.0521612
   3.64506
  0.722915
-0.0338709
-0.0174427
  0.135066
-0.0444005
   3.65843
  0.727054
 -0.037383
-0.0259671
  0.145105
-0.0489117
   3.65134
  0.722048
-0.0364997
-0.0229481
  0.145289
-0.0588696
   3.67508
  0.725362
-0.0358985
-0.0301342
  0.136539
-0.0718015
   3.65674
  0.725291
-0.0373731
-0.0269532
  0.143488
-0.0460199
   3.68983
  0.733471
-0.0368176
 -0.027399
  0.135126
 -0.067117
   3.67873
  0.729308
-0.0399488
-0.0173022
  0.147931
 -0.063628
    3.6809
    0.7275
-0.0389507
-0.0272038
  0.135294
-0.0583093
   3.65648
  0.716569
-0.0311992
-0.0268841
  0.125649
-0.0565627
   3.67051
   0.72875
-0.0297754
 -0.019811
  0.142598
-0.0580615
   3.65527
  0.722031
-0.0333612
-0.0289381
  0.140269
-0.0632802
   3.66031
  0.727526
-0.0399403
-0.0244845
  0.137951
-0.0650596
   3.64386
  0.718088
-0.0354994
-0.0248229
  0.135977
-0.0604404
   3.65437
  0.726004
-0.0355421
-0.0296526
  0.143014
-0.0673335
   3.63724
  0.720273
-0.0408558
 -0.024589
   0.14117
-0.0571778
   3.63759
  0.718135
-0.0377411
-0.0280895
  0.138142
-0.0632394
   3.63581
  0.717206
-0.0386999
-0.0280263
  0.144218
-0.0558944
   3.64688
  0.721793
-0.0299537
-0.0358709
  0.134689
-0.0597967
   3.67666
  0.727603
-0.0470385
-0.0282399
  0.132847
-0.0745128
   3.67445
  0.729219
-0.0354477
-0.0218939
  0.138086
-0.0599626
   3.67896
  0.727061
-0.0366527
-0.0288001
  0.142722
-0.0559121
   3.69016
   0.73143
-0.0359252
-0.0307172
  0.131037
-0.0731416
   3.68747
  0.735223
-0.0400892
-0.0245154
    0.1409
-0.0701692
    3.6595
  0.722512
-0.0363038
-0.0238117
  0.142163
-0.0445311
    3.6724
  0.728811
-0.0332372
 -0.028457
  0.148453
-0.0597567
   3.66111
  0.723461
-0.0379373
-0.0269894
  0.130543
-0.0679546
   3.68113
  0.726603
-0.0356136
-0.0243416
  0.129525
-0.0582279
   3.68411
  0.731603
-0.0378442
-0.0266709
  0.138728
-0.0644216
   3.66596
  0.729453
-0.0365579
 -0.032071
  0.145862
-0.0606424
   3.68184
  0.733227
-0.0386269
-0.0238548
   0.14529
-0.0537592
   3.68323
  0.735329
-0.0357106
-0.0269127
  0.139886
-0.0755089
   3.68641
  0.730969
-0.0377859
-0.0260891
  0.148324
-0.0613031
   3.69065
  0.730849
-0.0341243
-0.0219935
   0.13706
-0.0429975
   3.71284
  0.741616
-0.0367133
-0.0270801
   0.14331
-0.0635842
   3.69682
  0.730211
-0.0356327
-0.0244568
  0.128199
-0.0559381
   3.72359
  0.739271
-0.0336745
-0.0301032
  0.143225
-0.0683167
   3.70826
  0.734311
-0.0358539
-0.0244107
  0.132566
-0.0679207
   3.70443
   0.73316
 -0.039243
-0.0256941
  0.144221
-0.0718567
   3.66974
  0.721878
-0.0344461
-0.0281341
  0.129052
-0.0527284
   3.70307
   0.72904
-0.0338146
-0.0334686
  0.135699
-0.0682603
    3.7067
  0.732056
-0.0370849
-0.0249064
  0.134734
-0.0714892
   3.70376
  0.735698
-0.0266387
-0.0332878
  0.148034
-0.0552711
   3.70487
  0.731255
-0.0425504
-0.0236067
  0.134885
-0.0664514
   3.69983
  0.735091
-0.0334436
-0.0280609
  0.143419
-0.0644078
    3.6907
  0.731574
-0.0331398
-0.0113798
  0.140394
 -0.057115
   3.71203
  0.735465
-0.0382118
 -0.030811
  0.140902
-0.0722163
   3.70931
  0.740192
 -0.035297
-0.0187156
  0.151027
-0.0540428
    3.7129
   0.73215
-0.0346395
-0.0282786
  0.142928
-0.0569581
   3.69906
  0.730269
-0.0364635
-0.0210022
  0.137703
-0.0439582
   3.70227
  0.733169
-0.0357542
-0.0318371
  0.146909
-0.0629869
    3.6911
  0.729066
-0.0354981
-0.0179683
    0.1378
-0.0557997
    3.7078
  0.735647
-0.0358843
-0.0329505
  0.138642
-0.0683534
   3.70933
  0.739268
 -0.036529
-0.0218171
  0.133532
-0.0540371
   3.70345
  0.738716
-0.0374751
-0.0156759
  0.138377
-0.0519863
   3.69863
  0.730436
-0.0393493
-0.0350011
  0.142023
-0.0712081
   3.68935
  0.726903
-0.0410972
-0.0261371
  0.135755
-0.0501037
   3.71838
  0.735169
 -0.033572
-0.0258644
  0.131921
-0.0604609
   3.70448
  0.732931
-0.0370235
-0.0240905
  0.137587
-0.0720669
   3.69797
  0.735214
-0.0297256
-0.0219974
  0.148877
-0.0509931
   3.67985
   0.73234
-0.0364136
-0.0241515
  0.128681
-0.0518712
   3.67527
  0.725296
-0.0354373
-0.0250152
  0.133234
-0.0512768
   3.67635
  0.729106
-0.0411603
-0.0267872
   0.12749
-0.0619695
   3.66942
  0.723851
-0.0352865
-0.0239034
   0.12925
-0.0444994
   3.68978
  0.725005
-0.0378706
-0.0282401
  0.145176
-0.0536245
   3.70299
  0.730468
-0.0336208
-0.0248742
  0.141697
-0.0665412
   3.68307
  0.727214
-0.0355487
-0.0264588
  0.138457
-0.0557296
   3.69451
  0.731148
-0.0333213
-0.0305365
  0.142657
-0.0539862
   3.71396
  0.736556
-0.0390204
-0.0273587
  0.138153
-0.0588255
   3.71038
  0.743075
-0.0402353
-0.0247582
  0.132926
 -0.076138
   3.70216
  0.734038
-0.0389946
-0.0297322
  0.149739
-0.0608762
   3.69264
  0.730282
-0.0368257
-0.0295315
  0.144144
-0.0627342
    3.6862
  0.731273
-0.0344961
 -0.029982
  0.140936
-0.0618284
   3.69766
  0.735535
-0.0389048
-0.0294588
  0.142905
-0.0599891
   3.68998
  0.734154
-0.0353648
-0.0165961
  0.138003
-0.0583179
   3.65973
  0.721828
-0.0397892
  -0.01464
  0.126649
-0.0536952
   3.68677
  0.737624
-0.0379397
-0.0301333
  0.140725
-0.0760276
    3.6861
  0.731919
-0.0356149
-0.0263109
  0.137225
-0.0645118
   3.66554
   0.73236
-0.0329127
-0.0201324
  0.137929
 -0.055685
   3.69688
  0.729752
-0.0371285
-0.0240801
  0.132259
-0.0761482
   3.68485
   0.72778
-0.0381383
-0.0308171
  0.138043
-0.0716901
   3.67737
  0.725378
-0.0408728
 -0.023506
  0.132057
-0.0439692
   3.68071
  0.728502
-0.0322012
-0.0263908
  0.138769
-0.0590513
   3.67983
  0.731302
-0.0389737
-0.0362115
  0.137194
-0.0623731
   3.67325
   0.72468
-0.0331996
-0.0288822
  0.132014
-0.0490401
   3.69598
  0.735112
-0.0387653
-0.0160474
  0.140635
-0.0601485
   3.70788
  0.737539
-0.0322241
-0.0120244
  0.141067
-0.0672111
   3.66667
  0.726136
-0.0399084
-0.0295546
  0.128544
-0.0547787
   3.68787
  0.733047
-0.0345888
-0.0290332
  0.142645
-0.0693035
   3.67787
  0.731583
-0.0275661
 -0.030386
  0.138433
-0.0541522
   3.66604
  0.720754
-0.0375968
-0.0252856
  0.141478
-0.0475109
   3.68532
  0.726737
-0.0404469
-0.0199016
  0.139735
-0.0802273
   3.67446
  0.728602
-0.0343019
-0.0304934
  0.144645
-0.0548877
   3.67429
  0.729799
-0.0343157
-0.0233337
  0.138284
-0.0602905
   3.67894
  0.727264
-0.0413616
-0.0236214
  0.138024
-0.0719817
   3.69049
  0.730308
-0.0336974
-0.0308967
   0.14435
 -0.074589
   3.68642
  0.730202
-0.0345566
-0.0340359
  0.152235
-0.0632259
    3.6841
  0.731869
-0.0377087
-0.0302029
  0.154026
-0.0594901
   3.65788
  0.719803
 -0.035503
-0.0241395
   0.12534
-0.0554329
   3.68982
  0.733225
-0.0446689
-0.0303818
  0.134681
-0.0688729
   3.67991
  0.730981
-0.0424746
-0.0364503
   0.14381
-0.0710021
   3.68906
  0.729296
-0.0365049
   -0.0148
  0.136562
-0.0538462
    3.6806
  0.738161
-0.0387204
-0.0248287
  0.137028
-0.0656044
   3.67901
  0.727063
 -0.036815
-0.0239456
  0.140057
-0.0674708
   3.68698
  0.728409
-0.0380392
  -0.02395
   0.14508
 -0.071597
   3.68771
  0.733869
-0.0397982
-0.0297766
  0.139292
  -0.05119
   3.68894
   0.73742
-0.0366905
-0.0291688
  0.142734
-0.0688284
   3.67095
  0.726105
-0.0320328
-0.0245767
  0.132219
-0.0523382
   3.69461
  0.731317
-0.0379566
-0.0203901
   0.13502
-0.0678643
   3.68626
  0.732225
-0.0376405
-0.0197654
  0.145673
-0.0597446
   3.66238
  0.727659
-0.0352526
-0.0233193
  0.133435
-0.0538149
   3.65937
  0.722498
-0.0365058
-0.0279434
  0.141391
-0.0536844
   3.66924
  0.725187
-0.0352757
-0.0185284
  0.130583
-0.0497285
   3.68496
  0.727899
-0.0401348
 -0.026504
  0.137752
-0.0625001
   3.68834
  0.731874
-0.0387361
-0.0200162
  0.134171
-0.0550491
   3.67662
  0.728573
-0.0355925
-0.0254439
   0.14691
-0.0659985
   3.69529
  0.736761
-0.0356027
-0.0285174
  0.139416
-0.0656895
   3.68883
  0.729071
-0.0343226
-0.0271114
  0.134672
-0.0492599
    3.6929
  0.730139
-0.0365214
 -0.018648
  0.134281
-0.0515639
    3.6781
  0.729668
-0.0434664
-0.0359608
  0.129651
-0.0617876
   3.70394
  0.734908
 -0.038077
 -0.028921
  0.139861
-0.0705999
   3.69762
  0.735707
 -0.033487
-0.0237116
  0.130974
-0.0699175
   3.68879
  0.729754
-0.0333859
-0.0205539
  0.137051
-0.0633639
   3.68237
  0.730463
-0.0446027
-0.0267032
  0.150449
-0.0702529
   3.67484
  0.726919
-0.0377161
-0.0311402
  0.146988
-0.0560954
    3.6866
  0.729346
 -0.033591
-0.0301563
  0.141694
-0.0700711
   3.68268
  0.728712
-0.0399438
-0.0296682
   0.13947
-0.0538989
    3.6674
  0.732585
-0.0451705
-0.0253173
  0.127859
-0.0506216
   3.70719
  0.738345
-0.0401045
-0.0338526
   0.13596
-0.0603674
    3.6898
  0.734116
-0.0332047
-0.0266737
  0.144852
-0.0581544
   3.67906
  0.726659
-0.0320565
 -0.026428
  0.133167
-0.0493707
   3.68445
  0.730117
-0.0332283
-0.0283143
   0.14038
-0.0546945
   3.70868
  0.733424
-0.0400468
-0.0190021
  0.139571
 -0.057902
   3.67674
  0.728028
-0.0310345
-0.0212873
  0.129661
-0.0596315
   3.67672
  0.728463
-0.0351947
-0.0243807
  0.142652
-0.0454601
   3.67921
   0.72641
-0.0377948
-0.0215561
  0.135874
-0.0603555
   3.69426
  0.731872
-0.0368804
 -0.030816
  0.137113
-0.0657876
   3.66832
  0.729272
 -0.035249
-0.0221213
  0.145977
-0.0558489
   3.68905
  0.736685
 -0.039959
-0.0288685
  0.128841
-0.0618384
   3.66813
  0.729299
-0.0396696
-0.0289209
  0.137961
 -0.048962
   3.68263
  0.729253
-0.0387454
-0.0261413
  0.136729
-0.0520352
   3.69803
  0.734093
-0.0323314
-0.0282543
   0.15074
-0.0662666
   3.70942
  0.739141
 -0.032187
-0.0181994
  0.136792
-0.0632893
   3.69605
  0.734166
-0.0331853
-0.0232258
  0.141624
-0.0553194
   3.69644
  0.740542
-0.0410535
-0.0301757
  0.133397
-0.0626327
   3.68418
  0.731346
 -0.033324
-0.0261216
  0.136959
-0.0622896
   3.70086
  0.730681
-0.0368589
-0.0246686
  0.134551
-0.0623336
   3.69531
  0.737089
-0.0422349
-0.0239174
  0.137184
-0.0655937
   3.68842
  0.730441
-0.0447632
-0.0314034
  0.145406
-0.0719752
   3.68598
   0.73318
-0.0309543
-0.0230079
  0.148195
 -0.060473
   3.68309
  0.727083
 -0.035547
-0.0246739
  0.130762
-0.0559046
   3.68409
  0.731746
-0.0378034
-0.0284553
  0.146422
-0.0642472
   3.68957
  0.734227
-0.0377498
-0.0344221
   0.14082
-0.0580554
   3.68953
  0.725918
-0.0412724
-0.0311396
  0.151038
-0.0582893
   3.66883
   0.72588
-0.0387944
-0.0277548
  0.126842
-0.0545413
    3.6766
  0.728369
-0.0353792
-0.0276011
  0.137988
-0.0524094
   3.68142
  0.724839
-0.0346724
-0.0312301
  0.140824
-0.0639051
   3.67821
  0.731845
-0.0295992
-0.0139811
  0.141185
 -0.054169
   3.68556
  0.734771
-0.0375883
-0.0260361
  0.148146
-0.0586051
   3.66629
  0.729692
-0.0284371
-0.0150973
  0.141382
-0.0545174
   3.69995
  0.733927
-0.0402072
-0.0311435
  0.131296
-0.0638278
   3.68498
   0.73662
-0.0385729
-0.0339736
  0.145481
-0.0503377
   3.71012
  0.735486
-0.0347571
-0.0230771
  0.138939
-0.0727262
   3.68553
  0.734363
-0.0354334
-0.0267033
  0.132865
-0.0589764
   3.70717
  0.729669
-0.0394118
-0.0283508
  0.136987
-0.0723923
   3.71041
  0.734998
-0.0355931
-0.0183787
  0.143313
-0.0608662
   3.70581
  0.735552
-0.0401123
-0.0348381
  0.146595
-0.0588866
   3.70424
  0.733908
-0.0344354
-0.0250338
  0.129925
-0.0545643
   3.71016
  0.734779
-0.0335034
-0.0307282
  0.141514
 -0.060863
   3.70421
  0.743032
-0.0376346
 -0.030021
  0.144544
-0.0605009
   3.70229
  0.732829
-0.0337103
 -0.028524
  0.132764
-0.0725384
   3.70515
  0.739175
-0.0400548
-0.0231782
  0.133117
-0.0657289
   3.71481
  0.732806
-0.0369318
-0.0293786
  0.147088
-0.0613855
   3.70658
  0.741832
 -0.043116
-0.0298696
  0.143078
-0.0525608
   3.71503
  0.741197
-0.0333155
-0.0245501
  0.138778
-0.0611785
   3.72461
  0.734626
-0.0405321
-0.0327536
  0.147623
-0.0701001
   3.73365
  0.741785
-0.0401147
-0.0155211
  0.133788
-0.0615583
   3.74389
  0.741103
 -0.041554
-0.0285061
  0.145348
-0.0664776
    3.7329
  0.735605
-0.0413487
-0.0191382
  0.131104
-0.0564408
    3.7425
   0.73789
-0.0393239
-0.0301196
  0.140611
-0.0607848
   3.73844
  0.746703
-0.0356863
-0.0290718
  0.136767
-0.0610881
   3.73777
   0.74204
-0.0367309
-0.0160208
  0.142079
-0.0588593
   3.71881
    0.7423
-0.0378286
-0.0289453
  0.138266
-0.0610285
   3.70966
  0.737271
-0.0333764
-0.0271023
  0.138199
-0.0599241
   3.73372
  0.741541
-0.0311872
-0.0180325
  0.145729
 -0.061529
   3.71913
  0.741156
-0.0400536
-0.0260653
  0.137869
-0.0603725
   3.70608
  0.735361
-0.0354352
-0.0261399
  0.146641
-0.0521968
   3.71575
  0.737695
-0.0382494
-0.0252656
  0.140999
-0.0797589
   3.68649
  0.730601
-0.0354673
-0.0226625
  0.133905
-0.0571052
   3.70794
  0.736053
-0.0401193
-0.0262225
  0.146028
-0.0635504
   3.71314
  0.731096
-0.0415763
-0.0233639
  0.132986
-0.0701546
   3.70355
  0.736916
-0.0410101
-0.0284902
   0.13786
 -0.053155
     3.715
   0.74087
-0.0266765
-0.0291504
   0.14101
-0.0612744
   3.70881
  0.732038
-0.0381684
  -0.02471
  0.139665
 -0.071042
   3.70215
   0.73469
-0.0422913
-0.0200387
  0.138224
 -0.063712
   3.69927
  0.738025
-0.0420625
 -0.024544
  0.139566
-0.0563621
   3.67899
  0.727011
-0.0386807
-0.0267567
  0.133784
 -0.046884
   3.69716
  0.738861
-0.0353002
-0.0229135
  0.158146
-0.0590924
   3.68303
  0.726661
-0.0389598
-0.0329484
  0.135289
-0.0553404
   3.68659
  0.729628
-0.0421881
-0.0284043
  0.133279
-0.0539715
    3.7033
  0.738049
-0.0388794
-0.0264785
    0.1355
-0.0607862
   3.70733
  0.738472
-0.0423732
-0.0247244
  0.133095
 -0.067319
   3.71283
  0.742333
 -0.039947
-0.0182598
  0.135597
-0.0640406
    3.6855
  0.725756
-0.0365156
-0.0257591
  0.135221
-0.0456574
   3.69157
  0.734684
-0.0357881
 -0.031032
  0.144438
-0.0741141
   3.68588
  0.733335
-0.0374605
-0.0255318
   0.13998
-0.0489802
   3.69511
  0.728121
-0.0348023
-0.0328357
  0.146047
-0.0683475
   3.68525
  0.727227
-0.0363173
-0.0270223
  0.146915
-0.0391543
    3.6861
  0.731925
-0.0355957
-0.0263108
  0.137225
 -0.064512
   3.68343
  0.735022
-0.0385954
-0.0277975
  0.149756
-0.0542596
   3.69499
   0.73774
 -0.038773
-0.0371445
  0.151744
-0.0564176
   3.67164
  0.723414
 -0.037651
-0.0241283
  0.141859
-0.0527162
   3.68328
  0.727167
 -0.035448
 -0.016562
  0.132669
-0.0559305
   3.69608
    0.7337
-0.0344119
-0.0276642
  0.148258
 -0.059388
    3.6923
  0.731891
-0.0332563
-0.0279359
  0.137816
 -0.054739
   3.68347
  0.734131
-0.0357577
-0.0291806
   0.14349
-0.0770817
   3.70167
   0.73735
-0.0321464
-0.0136491
  0.136508
 -0.065637
   3.67862
  0.728989
-0.0376031
-0.0237341
  0.139209
-0.0546462
   3.69571
   0.73491
-0.0367448
-0.0284341
  0.138928
-0.0647288
   3.66745
  0.732226
-0.0364259
-0.0261184
  0.132288
-0.0599326
   3.68538
  0.727574
-0.0330453
 -0.012982
   0.13583
-0.0490722
   3.67901
  0.727068
-0.0367991
-0.0239455
  0.140057
 -0.067471
   3.66964
   0.72266
-0.0354309
-0.0262097
  0.132945
-0.0506542
   3.70411
  0.734316
-0.0369863
-0.0285746
  0.144617
-0.0725134
    3.6861
  0.732739
-0.0365655
-0.0203312
  0.142071
-0.0624518
   3.70192
  0.735428
-0.0354946
 -0.020547
  0.129068
-0.0578263
   3.69038
  0.731503
-0.0356153
-0.0225297
  0.132761
-0.0640017
   3.69786
    0.7348
-0.0377289
-0.0272884
  0.139875
-0.0574934
   3.69351
  0.735423
-0.0422515
-0.0307445
  0.142308
-0.0625147
    3.7029
  0.730435
-0.0336399
-0.0289295
  0.140743
-0.0665282
   3.69166
  0.735344
-0.0462758
-0.0285004
  0.151031
-0.0438935
   3.69591
  0.734255
-0.0377292
-0.0260446
  0.134746
-0.0576134
   3.69248
  0.739674
-0.0411579
-0.0304222
  0.134816
 -0.069486
   3.68017
  0.730776
-0.0422142
-0.0246925
  0.130146
-0.0622094
    3.6764
   0.72905
-0.0365733
-0.0288969
  0.137216
-0.0572851
   3.67927
  0.726384
-0.0375142
-0.0214424
    0.1356
-0.0466051
   3.69974
  0.735273
-0.0354929
-0.0336442
  0.148915
-0.0550186
   3.70378
   0.73621
-0.0357833
-0.0246014
  0.146058
-0.0734867
   3.68484
  0.737139
-0.0377767
-0.0297242
  0.139305
-0.0691853
   3.70949
  0.738381
-0.0389198
-0.0266382
  0.147753
-0.0621867
   3.70088
  0.731551
-0.0376791
-0.0195247
  0.143106
-0.0533108
   3.71222
  0.743811
-0.0299099
-0.0329839
  0.145075
-0.0603488
   3.70775
  0.736883
-0.0357329
-0.0216961
  0.133144
-0.0691869
   3.67716
  0.725856
-0.0334863
-0.0274661
  0.143592
-0.0671485
    3.6959
  0.734642
-0.0423017
-0.0234866
  0.141452
-0.0665461
   3.70052
  0.733329
-0.0366702
-0.0138431
  0.137035
-0.0636253
   3.67719
  0.726608
-0.0365211
 -0.019444
  0.139499
-0.0560586
   3.70066
  0.731403
-0.0358097
-0.0279323
  0.142535
-0.0670707
   3.69988
  0.734371
-0.0347622
-0.0289667
  0.134754
-0.0734085
   3.69588
   0.73404
-0.0336813
-0.0256854
  0.133433
-0.0783979
   3.68202
  0.731757
-0.0365022
 -0.028576
  0.141308
-0.0555286
   3.67785
  0.732148
-0.0363953
-0.0273894
  0.142833
-0.0538477
   3.68634
   0.73114
-0.0445372
-0.0237978
  0.137535
-0.0659533
    3.6909
  0.729194
-0.0354929
 -0.028738
  0.147388
 -0.053222
    3.6909
   0.72913
-0.0355437
-0.0278649
  0.143588
-0.0556005
   3.69512
  0.738066
-0.0333065
-0.0241978
  0.145613
-0.0685764
   3.69013
  0.723709
-0.0378911
 -0.024667
  0.142039
-0.0553834
   3.68751
  0.734467
-0.0388457
-0.0312929
  0.139674
-0.0606852
   3.70069
  0.731257
-0.0357344
-0.0261084
  0.134749
-0.0626613
   3.70517
  0.730584
-0.0368836
-0.0204402
  0.146519
-0.0660713
   3.69237
  0.731366
-0.0365474
-0.0303318
  0.135511
-0.0497788
   3.68699
  0.728177
-0.0355319
-0.0271617
  0.141022
-0.0556657
   3.68865
   0.72946
-0.0392829
-0.0287606
  0.140791
-0.0765132
   3.69829
  0.732151
-0.0382715
 -0.028407
   0.13206
-0.0793194
   3.68349
  0.734508
-0.0343023
-0.0237545
  0.132781
-0.0616422
   3.68802
  0.732738
-0.0420929
-0.0269347
  0.138986
-0.0551183
   3.68633
  0.731698
 -0.040908
-0.0221609
  0.143367
-0.0547846
   3.70007
  0.734001
-0.0378234
-0.0290159
  0.140915
-0.0591195
   3.70053
  0.731949
 -0.034499
-0.0292954
  0.142551
-0.0582319
   3.70515
  0.739341
 -0.037688
-0.0268923
  0.149477
-0.0608334
   3.69566
  0.726158
-0.0358127
-0.0268737
  0.138727
-0.0629907
   3.70488
  0.731212
-0.0381029
-0.0257917
  0.144794
-0.0709324
   3.68302
  0.726792
-0.0268845
-0.0304442
  0.138131
-0.0674064
   3.67206
  0.730833
-0.0340933
-0.0233568
  0.144847
-0.0539066
   3.65938
  0.722623
 -0.034128
-0.0289678
  0.146165
-0.0467494
    3.61927
   0.717281
-0.00968305
 -0.0253692
   0.144254
 -0.0661006
    3.6235
  0.752551
-0.0166182
-0.0346665
  0.145216
-0.0634683
   3.74313
  0.735051
-0.0721796
-0.0289642
  0.137483
-0.0738667
   3.78351
  0.730413
-0.0636194
-0.0255336
  0.132037
-0.0495729
   3.82914
  0.765834
 -0.035447
-0.0287212
  0.143241
-0.0507672
   3.82496
  0.765779
-0.0244886
-0.0325403
  0.149211
  -0.05384
   3.72874
  0.726341
-0.0459092
-0.0223703
  0.132939
 -0.054543
   3.59287
  0.705457
-0.0185899
-0.0306247
  0.132278
-0.0610578
     3.4558
   0.699912
-0.00831288
 -0.0326099
   0.133052
 -0.0579792
   3.44952
  0.683358
-0.0508356
 -0.020246
   0.12482
-0.0512583
   3.37295
  0.600771
 0.0145409
-0.0297394
  0.123262
-0.0494584
   3.31402
  0.660808
-0.0536763
-0.0252946
  0.118595
-0.0738707
   3.27725
  0.641177
 -0.044157
-0.0268977
  0.119416
-0.0461887
   3.17161
  0.633867
-0.0264764
 -0.023285
  0.117959
-0.0530174
   3.15843
  0.673582
-0.0298856
-0.0224198
  0.107954
-0.0617411
   3.18102
  0.638531
-0.0487131
 -0.016886
  0.111062
-0.0486357
   3.17146
  0.606629
-0.0430381
-0.0252628
  0.106666
-0.0556612
   3.20747
  0.630379
-0.0193515
  -0.01845
  0.106238
-0.0641247
   3.24276
   0.71065
 0.0194028
-0.0300889
  0.118282
-0.0651403
   3.28347
  0.640549
-0.0619327
-0.0256966
 0.0989646
-0.0517087
   3.29887
  0.600562
 -0.042932
-0.0214535
  0.107103
-0.0434577
   3.32107
  0.665985
-0.0335671
 -0.028919
  0.111588
 -0.046791
   3.35335
  0.678375
-0.0023714
-0.0249257
  0.106533
-0.0554323
   3.36276
  0.701153
-0.0273737
-0.0197905
  0.104106
-0.0616412
   3.36373
  0.668803
-0.0765926
-0.0277678
    0.1083
-0.0733818
   3.37406
  0.641318
-0.0340327
-0.0262931
  0.100975
-0.0572368
   3.40998
   0.72036
 0.0164905
-0.0170403
  0.104113
-0.0746587
   3.41179
  0.702792
  0.010542
-0.0251468
  0.102114
-0.0476839
   3.44959
  0.681448
-0.0657401
-0.0267995
 0.0959547
-0.0526747
   3.47234
  0.672989
-0.0353815
-0.0194372
  0.102731
-0.0477431
   3.47757
  0.712653
-0.0103337
-0.0255377
  0.093508
-0.0581846
   3.45227
   0.68023
-0.0394085
-0.0125408
 0.0932278
-0.0352321
   3.44392
  0.678818
 -0.053411
-0.0242385
  0.087113
-0.0624371
   3.40097
  0.668678
-0.0339906
-0.0214501
  0.095149
-0.0471249
    3.3569
  0.635721
0.00260023
-0.0161861
 0.0891092
-0.0409114
   3.38093
  0.674205
-0.0288936
-0.0288811
  0.086936
-0.0432337
   3.40731
  0.640527
-0.0444396
-0.0199824
 0.0874931
-0.0489576
   3.41224
  0.701091
-0.0247302
-0.0250286
  0.109535
-0.0496325
   3.42064
  0.692186
-0.0389906
-0.0154239
 0.0965831
-0.0350911
   3.42729
  0.662801
 -0.018852
-0.0108241
 0.0974304
-0.0559339
     3.4532
   0.739253
-0.00759537
 -0.0250599
   0.112399
 -0.0430904
   3.48366
  0.687428
 0.0098857
-0.0194195
  0.125134
 -0.043567
   3.48682
  0.754344
-0.0208874
-0.0290684
  0.117434
-0.0617453
   3.52203
  0.700303
 -0.019287
-0.0170029
  0.118558
 -0.055614
   3.52582
  0.727891
-0.0495471
-0.0325238
  0.113153
-0.0368872
   3.55632
  0.730803
-0.0332921
-0.0222219
  0.116314
-0.0494998
   3.55316
  0.726423
-0.0132565
-0.0248821
  0.118651
-0.0372488
   3.60013
  0.712096
-0.0552589
-0.0123666
  0.122377
-0.0255487
   3.57855
  0.669105
 0.0472812
 -0.028798
  0.142169
-0.0193103
   3.62967
  0.726615
 -0.018565
-0.0200111
  0.119551
 -0.017442
   3.64517
  0.648129
 0.0267435
-0.0223825
  0.111363
-0.0113149
    3.6931
  0.728189
-0.0166606
 -0.021616
  0.107101
-0.0323343
   3.66926
  0.752354
-0.0345479
-0.0143891
  0.106458
-0.0316733
    3.6607
  0.735026
-0.0238396
-0.0142441
 0.0962423
-0.0344648
   3.70112
  0.784429
 -0.108821
-0.0163264
 0.0946315
-0.0464516
   3.68047
  0.766068
-0.0164386
-0.0160734
 0.0957909
-0.0379775
   3.73817
  0.794754
-0.0965907
-0.0105907
  0.103761
-0.0543981
    3.73472
   0.754574
-0.00390531
 -0.0168103
   0.113037
 -0.0472156
   3.72852
  0.810245
0.00265698
-0.0104901
  0.110566
-0.0354433
   3.78683
  0.752861
-0.0294632
-0.0171939
  0.118239
 -0.027656
   3.80858
  0.774837
0.00674608
-0.0254243
  0.130719
-0.0232674
   3.83148
  0.774034
-0.0657889
-0.0279283
  0.129861
-0.0211726
   3.83726
  0.784411
 0.0079976
-0.0254435
  0.115158
-0.0251525
    3.8851
  0.784287
 -0.040029
-0.0174898
  0.124944
-0.0147784
   3.92964
  0.778805
-0.0230447
-0.0144139
  0.115074
 -0.019983
   3.93874
  0.838401
-0.0260702
-0.0251116
  0.127528
-0.0189839
   3.95911
  0.794022
-0.0299272
-0.0244181
  0.135179
-0.0253291
   3.99268
  0.827742
-0.0280292
-0.0308942
  0.140291
 -0.021341
   3.99843
  0.802629
-0.0107769
-0.0270772
  0.138473
-0.0122621
   4.04849
  0.845598
-0.0650652
-0.0304733
  0.133282
-0.0220091
   4.01994
  0.780517
-0.0169777
-0.0281956
  0.134765
0.00301291
   4.08514
  0.886217
 -0.026891
 -0.014817
  0.139276
-0.0137208
   4.13596
  0.842714
-0.0467213
-0.0227587
  0.129495
 -0.021353
   4.10539
  0.804279
-0.0518443
-0.0297909
  0.145245
-0.0149856
    4.14482
   0.941481
 -0.0526406
 -0.0232739
   0.146027
-0.00630432
    4.14818
   0.797123
 0.00656209
 -0.0349906
   0.152131
-0.00514588
   4.18257
  0.902302
-0.0789179
-0.0212591
  0.143059
-0.0122478
    4.18137
   0.778841
-0.00547415
 -0.0301314
   0.151236
 0.00771527
    4.2725
  0.941988
-0.0525034
-0.0291014
  0.150538
-0.0197064
     4.28507
    0.832662
  -0.0241937
   -0.017193
    0.147574
-0.000707959
    4.30021
   0.875855
 -0.0463795
 -0.0151626
   0.151581
0.000509143
   4.32374
  0.916825
 0.0167182
-0.0204282
   0.15357
-0.0192165
   4.35681
  0.953992
-0.0136315
-0.0130076
  0.149994
 -0.017901
    4.38649
   0.912346
-0.00616424
 -0.0292505
    0.14519
-0.00234002
   4.43195
  0.958078
-0.0657705
-0.0278187
  0.143586
-0.0088821
   4.43144
  0.878222
 -0.055605
-0.0292674
  0.147375
0.00761254
    4.50269
   0.928957
 -0.0293002
 -0.0241978
   0.162306
-0.00700307
   4.55334
   1.00605
-0.0367153
-0.0207602
  0.144932
-0.0126316
   4.56768
  0.933192
-0.0419541
-0.0290308
  0.149935
 0.0168725
   4.62718
     1.026
-0.0451094
-0.0237656
  0.147834
-0.0246004
     4.66512
    0.986139
  -0.0182325
  -0.0279998
     0.16047
-0.000435161
   4.72777
   1.02879
-0.0662719
-0.0311552
  0.166061
0.00524585
    4.72342
   0.976081
-0.00381554
 -0.0226118
   0.182008
 0.00838783
   4.76752
   1.05463
-0.0207216
-0.0284343
  0.185647
0.00949879
    4.79376
     1.0209
-0.00610742
 -0.0254477
   0.178934
  0.0225406
   4.86353
  0.976732
  -0.04617
-0.0348322
  0.195498
 0.0260713
   4.89329
   1.04563
-0.0525914
-0.0326106
  0.179832
 0.0151278
     4.928
    1.0485
-0.0134774
-0.0246744
  0.195813
  0.020535
   4.97247
   1.11514
-0.0681637
-0.0390986
  0.194945
0.00395239
   4.99844
  0.982251
-0.0573169
-0.0359295
  0.183705
 0.0338864
   5.01614
   1.11489
-0.0166069
-0.0316653
  0.201704
 0.0317194
   5.07149
   1.12666
-0.0212158
-0.0223591
  0.203586
  0.025606
   5.08152
   1.08051
-0.0649521
-0.0434613
  0.203321
 0.0415803
   5.13704
    1.0826
-0.0275262
-0.0372322
   0.22412
 0.0454456
   5.19567
    1.1332
-0.0179759
-0.0425214
  0.227896
 0.0439039
   5.25701
   1.17283
-0.0589892
-0.0345308
  0.223089
 0.0201843
   5.27483
   1.15787
-0.0132443
-0.0389019
  0.234049
  0.040843
   5.35309
   1.20454
-0.0869629
-0.0369971
  0.218837
 0.0447653
   5.35416
   1.12685
-0.0330648
-0.0420038
  0.248981
 0.0453513
   5.45822
   1.23283
0.00102883
 -0.041672
  0.261895
 0.0401208
   5.51611
   1.24069
-0.0264408
-0.0475213
  0.246388
  0.046072
   5.54103
   1.19539
-0.0700691
-0.0400376
  0.238062
 0.0652372
   5.60459
   1.25126
-0.0549884
-0.0455228
  0.236478
  0.056649
   5.64108
   1.27271
-0.0926463
 -0.048547
  0.252276
 0.0484607
   5.66242
   1.22547
-0.0330949
-0.0373981
  0.260033
 0.0770917
   5.73473
   1.26169
-0.0267991
-0.0393467
  0.266206
 0.0795932
   5.76599
   1.34094
 -0.032906
-0.0522293
  0.265838
 0.0601317
   5.80929
   1.30523
-0.0499734
-0.0446682
  0.251937
 0.0707567
   5.87675
    1.3269
-0.0525314
-0.0451256
  0.269995
 0.0687969
   5.94007
    1.3834
-0.0465649
-0.0566025
  0.274704
 0.0629137
   6.01461
   1.38266
-0.0731285
-0.0565192
  0.275147
 0.0705076
   6.06331
   1.35175
-0.0684987
-0.0408428
  0.277496
 0.0855209
   6.14491
    1.4365
-0.0757082
-0.0600188
  0.280359
 0.0965875
    6.1784
   1.39044
-0.0424541
-0.0481473
  0.292383
  0.109203
   6.25034
   1.42794
 -0.028689
-0.0529061
  0.293402
   0.11962
   6.28547
    1.4921
-0.0352446
-0.0531517
  0.312499
  0.112563
   6.34981
   1.46314
-0.0559415
-0.0523977
  0.306472
  0.113388
   6.44039
   1.50053
-0.0524464
-0.0572622
  0.310848
  0.126331
   6.47208
   1.45198
-0.0807945
-0.0527407
  0.297874
  0.130843
   6.55518
   1.55883
-0.0674652
-0.0578805
  0.309503
  0.128507
   6.57799
   1.53237
-0.0585652
-0.0543039
  0.330318
  0.150642
   6.61915
   1.58687
-0.0270888
-0.0598543
  0.333412
  0.144404
   6.75339
   1.61407
-0.0570937
-0.0616795
  0.334363
  0.154785
   6.80354
   1.57482
-0.0645579
-0.0636474
  0.331443
   0.16768
   6.87772
   1.64917
-0.0662589
-0.0608221
  0.339676
  0.182618
   6.98136
   1.66401
-0.0450285
-0.0731814
  0.346474
  0.163228
   7.04597
   1.68964
-0.0811327
-0.0707178
  0.354337
  0.180986
   7.10694
   1.66678
-0.0649529
-0.0732699
    0.3673
  0.195898
    7.1749
   1.75857
 -0.050196
-0.0784325
  0.375321
  0.210214
   7.23446
   1.75973
-0.0752328
-0.0790646
  0.362316
  0.219237
   7.32864
   1.73656
-0.0936769
-0.0761147
  0.374325
  0.221109
   7.36776
   1.80159
-0.0741625
-0.0699635
  0.369123
  0.239435
   7.46984
   1.81684
-0.0366112
-0.0605657
  0.382894
  0.237368
   7.52242
   1.83088
-0.0283716
-0.0652455
  0.397856
  0.248158
   7.59137
   1.84515
-0.0622741
-0.0719481
  0.390006
  0.273577
   7.68936
   1.94018
-0.0875075
-0.0853846
  0.406317
  0.253086
   7.79245
    1.9057
-0.0368268
-0.0688508
  0.398825
  0.275327
   7.85299
   1.92132
 -0.110519
-0.0714491
  0.399859
  0.287904
   7.92089
   2.00328
-0.0691417
-0.0771065
    0.4009
  0.268757
   8.03279
   1.97482
-0.0685266
-0.0775044
  0.415899
  0.297237
   8.16247
   2.11361
-0.0673903
  -0.07762
  0.429138
   0.29243
   8.29191
   2.07094
-0.0659208
-0.0794041
  0.430135
  0.322214
   8.32677
   2.07089
-0.0450707
-0.0921328
  0.440656
  0.325564
   8.42925
   2.18514
-0.0885887
-0.0812136
   0.44149
  0.328633
   8.44019
   2.12753
-0.0819014
-0.0853246
  0.436193
  0.358569
   8.57122
   2.19767
-0.0785249
-0.0799108
  0.452514
  0.383751
   8.65771
   2.23463
-0.0591507
-0.0871337
  0.457182
  0.397995
   8.68806
   2.23833
-0.0836055
-0.0853675
  0.473847
  0.413081
   8.79515
   2.25813
-0.0743064
-0.0836125
  0.479814
  0.424476
   8.89344
   2.35196
-0.0712791
-0.0923937
  0.473886
  0.432196
   9.03382
   2.38126
-0.0946904
-0.0835276
  0.496311
  0.447033
   9.12995
   2.31227
-0.0512243
-0.0899066
  0.520338
  0.470572
   9.14458
   2.41108
-0.0345322
-0.0965133
  0.509858
  0.491388
    9.2277
   2.39188
-0.0526326
-0.0888007
  0.515344
   0.51973
   9.45064
   2.59149
-0.0856589
 -0.102812
  0.517108
  0.518549
   9.62955
   2.52178
-0.0950957
 -0.104425
  0.523085
  0.539729
   9.73928
   2.56788
-0.0827829
-0.0956142
  0.535195
  0.580245
   9.76326
   2.60757
-0.0540164
-0.0939773
  0.533804
  0.565231
   9.87454
   2.77246
-0.0970857
 -0.101827
  0.533428
  0.577679
  10.0868
  2.71988
-0.142382
-0.103832
 0.533156
 0.625823
   10.3266
   2.83973
-0.0951135
-0.0902939
  0.561802
  0.656375
    10.418
   2.83676
-0.0607461
-0.0930176
  0.561437
   0.67814
   10.5573
   2.97755
-0.0560779
 -0.104614
   0.57979
  0.681017
   10.6883
   3.02036
 -0.104993
-0.0999421
  0.586933
  0.722106
  10.9803
  3.02447
-0.114732
-0.118312
 0.608046
 0.761022
   11.285
  3.26588
-0.113086
-0.124415
 0.625713
 0.805346
  11.4704
   3.1587
-0.110403
-0.127155
 0.632318
 0.867767
   11.3322
   3.25856
-0.0995212
 -0.122741
  0.632686
  0.853778
   10.9601
   3.17905
-0.0658161
 -0.110282
   0.63816
  0.795416
    10.468
   2.95167
-0.0602438
 -0.123193
  0.613305
  0.741624
   10.1986
   2.82868
-0.0966255
 -0.116416
  0.594434
  0.713598
   9.95963
   2.79962
-0.0876941
 -0.105048
  0.580098
  0.690592
  9.61572
  2.68427
-0.113771
-0.112749
 0.546402
 0.647786
  9.39544
  2.62647
  -0.0375
-0.102565
 0.525706
 0.632436
   9.13247
   2.54894
-0.0819552
-0.0866244
  0.501775
  0.613502
   8.97782
   2.47381
-0.0505853
-0.0927615
  0.490259
  0.597685
   8.85731
   2.56713
-0.0905423
-0.0959812
  0.473153
  0.555477
   8.74713
   2.41577
-0.0626721
-0.0929965
   0.46219
  0.575915
  8.56046
  2.38234
 -0.10237
-0.090746
 0.432234
 0.556308
   8.40095
   2.37584
-0.0468324
-0.0845493
  0.430563
  0.540789
   8.29793
   2.34828
-0.0698246
-0.0761799
  0.422612
   0.52681
   8.29099
   2.35171
 -0.086441
-0.0724408
  0.411747
  0.517524
   8.29074
   2.28899
-0.0874579
-0.0761746
  0.411601
  0.535236
   7.98575
   2.18468
-0.0182317
-0.0834801
  0.390288
  0.530305
   7.84522
   2.26802
-0.0766348
-0.0753228
  0.379762
  0.500642
   7.77222
   2.11637
-0.0185059
 -0.073771
   0.38078
  0.503013
   7.66939
   2.17898
-0.0994082
-0.0733648
   0.36707
  0.518247
   7.53181
   2.02033
-0.0549839
-0.0692744
  0.350223
  0.512466
   7.26041
     2.052
-0.0671538
-0.0672241
  0.344387
  0.481474
    7.07848
    1.95316
0.000199512
 -0.0633704
    0.34695
   0.481226
   6.92906
   1.92861
-0.0137038
-0.0570595
  0.316328
  0.448472
   6.76447
   1.85252
-0.0416454
-0.0626802
  0.308659
  0.446404
   6.64675
   1.85255
-0.0747464
-0.0573372
   0.28834
  0.418028
   6.25456
    1.6612
-0.0086031
-0.0501671
    0.2898
  0.413288
   6.17243
   1.69422
-0.0528408
  -0.05742
  0.267979
  0.388171
   5.97043
   1.61893
0.00253329
-0.0624808
  0.259995
  0.386735
   5.83895
   1.59941
 -0.069209
-0.0413338
   0.23634
  0.375191
   5.59384
   1.54997
-0.0307266
-0.0480572
  0.230693
  0.341829
   5.45725
    1.4596
0.00192525
-0.0474743
  0.219273
  0.330441
   5.34504
   1.51746
-0.0596994
-0.0459822
  0.209769
  0.307548
   5.16709
   1.37345
-0.0125332
-0.0384073
  0.188641
  0.325026
   5.05088
   1.39398
-0.0692486
-0.0454611
   0.20546
   0.29694
   4.77945
   1.29692
0.00278445
-0.0408228
  0.171707
  0.271309
   4.63652
    1.2909
-0.0580765
-0.0327281
  0.163879
  0.277274
   4.50083
   1.15969
-0.0673974
-0.0336175
  0.148045
  0.262069
   4.37017
   1.18079
-0.0525047
-0.0290722
  0.144131
  0.243822
   4.28186
   1.20685
-0.0389272
-0.0211042
  0.145026
  0.225598
   4.09545
   1.05285
 0.0558815
-0.0339198
  0.144733
  0.224581
   4.01807
   1.13073
-0.0578866
 -0.026415
    0.1231
  0.225976
   3.95538
   1.00662
 -0.031786
-0.0257252
  0.133808
  0.227966
   3.83964
   1.00726
-0.0517555
-0.0221377
  0.128342
  0.211401
   3.63711
  0.943262
 0.0154769
-0.0240469
   0.10759
    0.1991
   3.53663
  0.986364
-0.0414415
-0.0234055
  0.113872
  0.193762
    3.43913
   0.952297
-0.00935514
 -0.0225212
   0.125848
   0.186232
   3.41247
  0.877782
 0.0051727
-0.0251936
  0.119436
  0.176035
     3.301
  0.850423
-0.0574971
-0.0231632
   0.10385
  0.188575
   3.10726
  0.748278
 0.0178126
-0.0237549
 0.0970223
  0.185987
   3.03238
    0.8409
-0.0177583
-0.0268305
  0.092406
  0.133698
   3.00905
  0.762344
-0.0181823
-0.0223064
 0.0845243
  0.172184
   2.92776
  0.721097
-0.0182802
-0.0149653
  0.087678
  0.175852
   2.83388
   0.73393
 -0.031809
-0.0148387
 0.0766867
    0.1507
   2.6758
 0.720257
0.0164404
-0.021577
0.0803958
 0.141996
   2.61737
   0.69476
-0.0150589
-0.0209241
 0.0559705
  0.127877
   2.56601
  0.630973
-0.0407664
-0.0154956
 0.0678051
  0.139993
    2.52536
   0.718902
-0.00376101
   -0.01511
  0.0603991
   0.119632
   2.40997
  0.635216
 -0.040212
-0.0237404
 0.0591314
  0.132001
   2.32129
  0.580383
-0.0105332
-0.0168556
 0.0505196
  0.125556
   2.22793
  0.537577
-0.0228352
-0.0104559
 0.0513949
  0.126886
   2.19808
  0.577245
-0.0119382
-0.0142941
  0.040627
  0.108707
   2.13289
  0.573972
-0.0335288
-0.0109009
 0.0430527
  0.113375
    2.07981
   0.507284
  0.0320541
-0.00790308
   0.033634
   0.105315
   2.00382
  0.541446
-0.0356127
 -0.014228
 0.0410707
  0.082374
   1.90601
  0.453796
-0.0210455
-0.0123401
 0.0299059
  0.100216
   1.87856
  0.465577
  -0.04614
-0.0143781
 0.0322031
   0.10226
    1.83022
   0.533834
-0.00597673
-0.00951682
  0.0441802
  0.0860315
     1.74558
    0.406642
 0.000597026
-0.000990925
   0.0274534
   0.0964541
    1.71409
      0.445
  0.0053031
-0.00293386
  0.0203676
  0.0905943
   1.66252
  0.379665
-0.0429606
-0.0148108
 0.0175566
 0.0860622
    1.62271
   0.417287
 -0.0243944
  -0.018109
0.000181639
  0.0534471
   1.54571
  0.403506
 0.0422246
-0.0081442
 0.0178192
 0.0667317
   1.51027
  0.422773
-0.0238415
-0.0120432
 0.0112807
 0.0639544
    1.47829
   0.310458
-0.00614482
 0.00140333
  0.0176541
  0.0779191
    1.4223
  0.363444
 -0.030436
-0.0185572
0.00662076
 0.0480447
    1.38701
   0.374735
 -0.0209622
-0.00499055
 0.00817376
  0.0382543
     1.35262
    0.381354
  -0.0224276
-0.000703253
     0.00575
    0.051908
    1.3103
  0.266524
-0.0373491
-0.0162028
  0.023233
 0.0612593
      1.263
   0.284443
 -0.0340473
-0.00337305
-0.00223016
  0.0581647
     1.2096
   0.320107
  0.0186268
0.000529883
 0.00473563
  0.0490277
    1.17739
   0.296696
 -0.0255787
-0.00912452
 -0.0103993
   0.040052
    1.14113
   0.257235
 -0.0250708
-0.00480965
 0.00682135
  0.0389642
     1.1138
   0.268829
  0.0283262
-0.00502619
  0.0112835
   0.053106
    1.07423
   0.233436
-0.00806829
-0.00816884
 0.00712256
  0.0487758
   1.05391
  0.285655
 -0.012591
-0.0132998
0.00451037
 0.0222283
     1.01262
    0.241774
   -0.021913
  0.00328329
-0.000740614
   0.0292902
   0.994075
   0.185986
  0.0211694
-0.00589992
 0.00456509
   0.019365
   0.975583
    0.26727
-0.00960316
-0.00913546
-0.00362969
  0.0333118
  0.974884
  0.226474
0.00305009
0.00261714
 0.0040216
 0.0472327
   0.937117
   0.210284
-0.00621341
-0.00105786
 0.00454752
  0.0282929
  0.890744
  0.195042
-0.0173808
-0.0178067
 0.0193251
 0.0268781
   0.870488
    0.20276
 0.00648205
-0.00792126
0.000258275
  0.0237587
   0.841432
   0.257473
-0.00852476
 -0.0131766
-0.00182196
  0.0208445
   0.839226
   0.175868
 -0.0154473
 -0.0140419
-0.00284228
  0.0110649
  0.778504
  0.145513
0.00405437
0.00295055
0.00198306
 0.0359694
   0.766728
   0.195901
 -0.0440663
-0.00589175
-0.00934243
  0.0132805
   0.735268
   0.180138
 0.00607874
-0.00579848
0.000525838
  0.0171981
  0.718584
  0.172496
 0.0160401
0.00144732
 0.0032548
 0.0115845
    0.695934
    0.153975
  -0.0130344
-0.000581397
-0.000694524
   0.0237513
   0.678773
   0.184021
 -0.0478074
-0.00289222
 0.00584023
  0.0166514
   0.637476
   0.120352
   0.039997
0.000244377
 0.00343495
 0.00982366
   0.626781
   0.148697
 -0.0127658
-0.00483454
0.000606744
 0.00493188
   0.606869
    0.11815
 -0.0434481
 -0.0046691
-0.00690324
  0.0115386
   0.57779
  0.153517
-0.0478988
-0.0192556
 -0.015997
 0.0124656
   0.544996
  0.0915965
  0.0804716
4.42883e-06
  0.0145456
  0.0159278
   0.556606
   0.148968
 0.00584029
-0.00360695
  0.0115047
0.000986619
   0.530374
  0.0463302
-0.00435818
-0.00321185
  0.0021902
  0.0143445
   0.507625
   0.109588
 -0.0135265
-0.00624483
-0.00353734
  0.0100384
   0.490808
  0.0930844
  0.0119025
-0.00311509
0.000715034
    0.00784
   0.480666
   0.172221
 -0.0419614
 -0.0166087
 -0.0105817
-0.00946971
  0.502511
  0.112955
-0.0272764
-0.0078021
 -0.016866
-0.0169763
   0.471873
   0.121968
  -0.013716
-0.00211325
-0.00539213
  0.0116783
   0.459455
   0.121139
 0.00951329
-0.00786157
-0.00722788
-0.00198946
   0.465996
   0.102366
 0.00374338
-0.00416623
0.000679282
  0.0149039
  0.470981
  0.125541
-0.0415354
-0.0110968
 0.0111933
0.00731622
    0.447969
   0.0994491
  -0.0208559
 -0.00847473
-0.000282767
  0.00867123
    0.45864
   0.178752
 -0.0592966
 -0.0151349
-0.00460783
 -0.0116442
   0.427151
0.000630886
 0.00228549
-0.00695894
 0.00728227
   0.015011
   0.440578
   0.105001
  0.0196757
-0.00742737
  0.0071754
  0.0148057
   0.450035
  0.0729345
  0.0140712
-0.00414917
  0.0165601
 0.00619462
   0.435088
    0.09294
 -0.0196591
-0.00426135
-0.00425987
  0.0146575
   0.468285
  0.0827157
 -0.0218346
-0.00436533
-0.00774195
-0.00208467
   0.464499
   0.109732
 -0.0241373
0.000789007
  0.0124587
 0.00385689
   0.442335
  0.0773335
  0.0695719
   -0.01939
 0.00385194
-0.00212382
   0.451503
   0.209843
-0.00871376
   -0.01243
-0.00415853
 -0.0342149
   0.402751
  0.0898704
 -0.0631151
-0.00584293
0.000724637
  0.0103627
   0.429939
  0.0512728
 -0.0124204
-0.00701883
-0.00839994
-0.00122097
   0.441192
   0.119397
   0.038349
 -0.0120019
 -0.0021669
-0.00452851
   0.419482
  0.0622464
  0.0153232
-0.00249969
 0.00755489
  0.0235322
  0.413499
 0.0785588
-0.0668457
-0.0110856
 0.0036102
 0.0171597
  0.393826
 0.0633575
-0.0059721
-0.0271751
0.00325195
 0.0144889
   0.388051
   0.108572
  0.0341782
-0.00480821
-0.00295769
-0.00978466
     0.38949
   0.0660686
   0.0232914
 -0.00679292
-0.000655875
  0.00864367
   0.407591
  0.0593846
 -0.0978613
-0.00318081
-0.00285898
 -0.0098331
    0.38085
  0.0226846
 -0.0167638
-0.00339307
 -0.0058018
   0.013877
   0.421447
   0.134397
  0.0359692
-0.00777109
 0.00575503
  0.0026079
   0.414453
   0.119191
  0.0666541
  -0.011888
 0.00993437
-0.00622924
   0.387078
  0.0492403
 -0.0996911
 -0.0110854
-0.00906071
  0.0155697
   0.386047
   0.107309
 -0.0337582
  -0.021371
  0.0109272
-0.00534403
   0.394224
   0.144761
-0.00382263
-0.00791964
-0.00222801
 -0.0148894
  0.389313
  0.057706
 0.0200648
-0.0124358
 0.0112599
 0.0199827
   0.371888
  0.0800355
 -0.0506901
-0.00889384
0.000602034
 0.00636342
   0.382778
  0.0411462
 0.00954996
-0.00642136
-0.00253343
  0.0133586
   0.432451
   0.131138
-0.00439629
-0.00912264
 0.00513916
 -0.0108816
  0.404224
 0.0185674
 0.0387738
-0.0154952
0.00159911
 0.0181029
  0.436958
   0.12903
-0.0179261
-0.0146346
0.00824706
-0.0131084
   0.412133
   0.111582
 -0.0368665
 -0.0130596
 0.00864124
0.000194631
  0.368117
 0.0778102
-0.0138757
-0.0121021
-0.0050207
0.00725644
    0.413033
    0.117617
  -0.0233964
 0.000777556
-0.000424351
 -0.00819257
   0.389092
   0.114544
 0.00591507
  0.0049883
 0.00636659
-0.00160532
   0.368773
  0.0660268
 -0.0145716
-0.00791402
-0.00465837
-0.00775758
   0.341716
   0.140208
 -0.0576487
-0.00398117
-0.00746589
-0.00209555
    0.31519
  0.0480236
  0.0171036
-0.00850467
 0.00856846
  0.0141355
   0.334347
   0.135071
 -0.0427717
 -0.0108595
-0.00613982
 -0.0286934
     0.3104
 -0.0132163
 -0.0342492
 -0.0100769
-0.00146544
-0.00801316
  0.298935
  0.127102
-0.0119513
-0.0174621
-0.0060254
0.00395802
   0.329988
   0.046309
  0.0264942
-0.00705749
 0.00778684
-0.00457985
   0.271587
  0.0497696
  0.0341593
-0.00110637
  0.0141572
0.000837861
   0.323998
   0.117969
 -0.0573643
-0.00222814
 -0.0125413
  -0.014439
   0.297602
 -0.0111863
-0.00247087
 -0.0116463
 0.00477085
    0.01107
  0.315126
   0.10325
 -0.037463
-0.0031413
 0.0136105
-0.0087803
    0.262532
   0.0612387
   0.0132699
 -0.00857469
  0.00146574
-0.000191913
    0.27603
   0.101602
-0.00151538
 -0.0137078
   0.018809
  -0.011694
   0.264572
-0.00195781
 -0.0297194
  -0.011614
  0.0106745
 0.00696455
   0.234201
  0.0494419
 -0.0157458
  -0.010826
-0.00125033
 0.00134576
   0.232361
  0.0223403
-0.00170699
-0.00350982
 0.00689324
  0.0110021
    0.243367
   0.0730242
   0.0138949
  -0.0119179
   0.0176476
-0.000505114
   0.235326
 0.00856811
  0.0075653
-0.00863689
  0.0114743
-0.00546532
  0.223561
 0.0238704
  0.031767
-0.0107014
 0.0121757
0.00546099
   0.246212
  0.0525591
-0.00571164
 0.00190178
  0.0111102
 -0.0105321
    0.22206
  0.0215245
  0.0552557
-0.00818825
  0.0107454
 0.00968042
   0.256564
  0.0429523
 -0.0283284
-0.00672844
  0.0200162
 -0.0033892
    0.216708
   0.0191559
  0.00610324
 0.000850567
   0.0213972
-0.000739321
    0.17769
  0.0700753
  -0.038063
 -0.0192086
-0.00526912
-0.00433165
   0.161923
  0.0228248
  0.0324092
-0.00764114
  0.0121098
 0.00365268
   0.177849
  0.0543143
 -0.0751172
 0.00732667
 0.00510345
-0.00863759
   0.153788
  0.0128023
  0.0241166
 -0.0116986
  0.0172387
-0.00797705
  0.170137
 0.0679627
 -0.051617
-0.0105186
0.00537406
-0.0192529
   0.150729
 0.00901471
  0.0333615
-0.00708848
  0.0237754
 0.00918453
   0.172031
  0.0508122
 -0.0574649
 -0.0124305
  0.0132681
-0.00586171
   0.149027
  0.0164282
  0.0255051
-0.00606762
  0.0243037
-0.00551871
   0.138855
  0.0783905
 -0.0596756
  -0.011792
0.000977004
-0.00666262
   0.152594
-0.00917261
  0.0448988
 -0.0160158
  0.0270322
 0.00601481
   0.156007
  0.0491419
 -0.0561921
-0.00922463
  0.0198431
-0.00674193
   0.118226
 -0.0110892
  0.0153289
-0.00203633
  0.0162955
  0.0111002
   0.129932
  0.0455275
 -0.0334907
-0.00856642
 0.00472642
 0.00645975
   0.111021
 -0.0529055
-0.00812918
 -0.0124997
  0.0174217
  0.0174921
  0.108188
 0.0668834
-0.0365777
-0.0230435
 0.0128031
 -0.019172
   0.109252
 -0.0266859
  -0.010968
 -0.0133343
  0.0381704
-0.00107845
   0.102474
  0.0489998
 -0.0254637
-0.00195879
  0.0167906
-0.00975424
   0.0879766
 -0.00585314
  -0.0156808
 -0.00624287
  0.00903809
-0.000124424
  0.113961
 0.0429267
 0.0265573
-0.0107913
 0.0233312
-0.0103901
 0.0998193
 0.0682496
-0.0225398
-0.0193383
  0.018241
0.00387808
 0.0752452
0.00358426
 0.0149038
-0.0189211
 0.0134477
0.00871663
  0.101355
 0.0534119
-0.0198236
-0.0113979
 0.0334474
-0.0116635
    0.12659
 -0.0208385
2.42029e-05
-0.00265868
  0.0221363
 -0.0122166
  0.0978322
  0.0424199
 0.00802915
-0.00539595
   0.036501
-0.00145035
   0.096681
-0.00708513
-0.00220476
-0.00240078
  0.0178869
  0.0078154
   0.108672
  0.0020422
 -0.0325983
 -0.0177964
  0.0171572
-0.00490176
  0.0946781
  0.0181821
  0.0159998
 -0.0161926
  0.0174818
-0.00510314
   0.090111
  0.0291699
 -0.0248961
 -0.0150689
  0.0077908
-0.00434127
   0.110342
 -0.0592401
 -0.0544517
 -0.0118066
  0.0146759
-0.00479172
   0.090785
  0.0087685
 -0.0286087
-0.00875609
 0.00535749
 0.00536835
   0.103099
  0.0544608
  0.0502474
-0.00809524
  0.0216399
  -0.018323
 0.0856786
-0.0044262
 0.0212837
-0.0119961
 0.0446575
0.00270083
  0.108135
 0.0593536
0.00798147
-0.0137414
 0.0276789
-0.0153374
  0.0750197
 -0.0392234
-0.00646026
 -0.0042145
  0.0221518
-0.00209924
  0.0719908
0.000489395
-0.00446335
-0.00697324
 0.00885442
 -0.0146399
   0.0702391
-0.000743048
  -0.0109296
  -0.0109151
   0.0192498
 -0.00212106
  0.0489706
 -0.0611047
  0.0256825
-0.00653155
  0.0214076
 0.00817948
 0.0585144
  0.068838
-0.0299076
-0.0120058
0.00881635
0.00134202
  0.0469082
 -0.0421766
-0.00158258
 0.00272097
  0.0147032
 0.00481401
 0.0523042
 0.0260725
-0.0285379
 0.0106327
 0.0177978
0.00466432
    0.10104
  0.0108369
  -0.107865
 0.00620893
 0.00942685
-0.00639508
  0.0709365
 -0.0391581
  0.0250213
-0.00146812
  0.0271562
 0.00506285
   0.101802
 0.00639445
  0.0282395
-0.00170731
  0.0177736
  0.0027089
   0.138543
  -0.082971
  0.0658244
-0.00570663
  0.0381796
  0.0220966
  0.108896
-0.0177028
  0.021736
-0.0189307
 0.0172673
0.00145914
   0.104216
 -0.0236495
  0.0417377
 -0.0123446
  0.0289117
-0.00158729
   0.109633
 0.00748237
-0.00332534
  -0.012833
  0.0299612
 -0.0131873
  0.097906
 0.0134549
-0.0060791
-0.0169048
 0.0238712
0.00563328
   0.105763
  0.0154063
-0.00856015
 -0.0123858
  0.0214846
-0.00813174
  0.0793182
  0.0238747
  -0.034479
-0.00483723
  0.0131485
   0.006675
  0.0673641
  0.0302284
 -0.0156208
-0.00963068
  0.0187263
 -0.0121554
  0.0699258
  0.0367501
 -0.0164953
 -0.0124179
  0.0117914
-0.00590299
   0.101055
  0.0268686
-0.00712026
 -0.0125005
  0.0162019
-0.00964794
   0.0901528
   0.0395341
  -0.0152937
 -0.00611104
   0.0193123
-0.000253464
  0.0847363
  0.0264498
-0.00779489
 -0.0107938
  0.0168613
 0.00484234
   0.111008
  0.0283961
-0.00404698
 -0.0114854
  0.0170883
  -0.020857
   0.115046
  0.0203366
-0.00844673
 -0.0105174
  0.0245326
-0.00472053
   0.102319
  0.0219048
 -0.0150354
 -0.0123362
  0.0328486
-0.00854023
   0.108143
  0.0320545
 -0.0225761
 -0.0148231
  0.0172249
-0.00355178
   0.108094
    0.02348
 -0.0242206
-0.00916611
  0.0173041
   -0.02012
   0.115364
   0.019652
 -0.0218378
-0.00179001
  0.0159877
-0.00628063
   0.0816854
   0.0035821
  -0.0197249
 -0.00823033
   0.0114053
-0.000386665
 0.0820873
 0.0105843
-0.0117231
-0.0109631
 0.0116686
0.00056598
    0.10027
  0.0132387
-0.00481931
-0.00605107
  0.0200874
  0.0126505
   0.116813
  0.0216826
-0.00399828
-0.00718834
  0.0166895
-0.00566402
  0.098109
 0.0130661
0.00294311
-0.0126371
 0.0250783
 0.0122812
    0.116539
   0.0223237
-0.000725221
  -0.0155705
   0.0285781
 -0.00804257
  0.0962958
  0.0211577
 0.00417248
-0.00823252
   0.018466
 0.00340714
   0.101353
  0.0178826
-0.00122636
-0.00211151
  0.0156692
  0.0171167
     0.11381
   0.0176638
-0.000481544
 -0.00264636
   0.0287806
  0.00290953
   0.107168
  0.0179942
-0.00743599
 -0.0204526
  0.0376317
-0.00640018
  0.0939923
 0.00380485
-0.00759597
-0.00868628
  0.0134903
-0.00200585
   0.115471
  0.0096026
-0.00639746
-0.00901863
  0.0248108
 0.00251229
   0.108501
 0.00374204
-0.00620574
 -0.0106639
  0.0146362
  0.0202277
   0.118384
  0.0143406
-0.00654324
 -0.0138311
  0.0265211
-0.00846574
  0.104122
 0.0130662
 -0.009854
 -0.016033
 0.0187977
-0.0094881
  0.0994735
  0.0161465
-0.00389842
-0.00623181
 0.00860898
-0.00066487
    0.102562
   0.0208178
  0.00292825
  -0.0101382
   0.0257658
-3.63037e-05
   0.108547
  0.0308223
-0.00805848
 -0.0106031
   0.025415
-0.00349658
   0.123754
  0.0267843
-0.00287812
 -0.0172248
   0.028374
-0.00693979
   0.121715
  0.0270741
-0.00384615
 -0.0149368
  0.0309377
-0.00260407
   0.107966
  0.0151302
-0.00504276
 -0.0115885
  0.0244522
 0.00361237
   0.119167
  0.0206851
-0.00939655
 -0.0097117
   0.026711
 0.00482158
   0.119741
   0.019444
-0.00917358
 0.00204238
   0.025306
  0.0122119
    0.112191
   0.0149543
 -0.00736294
 -0.00944773
   0.0267148
-0.000247348
   0.100325
  0.0125714
-0.00610065
-0.00782487
  0.0152321
 0.00601416
  0.0965766
  0.0195749
 -0.0117379
 -0.0133581
  0.0261178
-0.00848613
   0.123566
  0.0282063
-0.00501164
 -0.0116304
  0.0285594
 -0.0075461
    0.107839
   0.0162609
-0.000494784
 -0.00654147
   0.0278228
  0.00289933
  0.0865448
 0.00990126
-0.00490648
-0.00363702
  0.0112567
 0.00553537
   0.103929
  0.0241981
-0.00146784
 -0.0092218
  0.0332446
-0.00331229
   0.103129
  0.0185174
-0.00375018
-0.00733833
  0.0190633
 0.00352738
   0.106998
  0.0184297
 -0.0108441
 -0.0170652
  0.0165177
-0.00939988
  0.0856024
  0.0144675
-0.00574846
-0.00166853
  0.0149706
  0.0103113
  0.0857441
  0.0135433
 -0.0105008
-0.00455435
  0.0205289
-0.00255983
     0.1108
  0.0210672
-0.00739323
-0.00319896
  0.0120117
 -0.0129135
  0.105851
 0.0167195
 -0.005919
0.00104513
 0.0254209
0.00492053
   0.122374
  0.0253865
-0.00721971
-0.00166094
  0.0285531
  -0.008597
  0.0895672
  0.0136462
 -0.0095806
 -0.0152876
  0.0172868
-0.00455302
 0.0973271
  0.025539
-0.0101945
-0.0118643
  0.019784
 0.0045691
   0.103505
  0.0254318
-0.00579946
 -0.0137489
  0.0216182
 0.00513902
   0.124449
  0.0245889
-0.00972422
-0.00641486
  0.0238678
 -0.0171421
   0.116283
   0.024865
-0.00021241
-0.00372904
  0.0268973
 0.00661784
   0.115318
  0.0283529
-0.00586345
 -0.0118429
  0.0303625
0.000743723
  0.0912043
  0.0163952
-0.00697387
-0.00626315
 0.00934968
 0.00765832
   0.106445
  0.0136643
-0.00705729
-0.00604074
  0.0312835
  0.0112835
   0.103302
 0.00816289
-0.00879961
    -0.0104
  0.0194696
-0.00964371
   0.112937
   0.021151
 -0.0083031
-0.00473128
   0.024449
 -0.0031184
  0.0874897
 0.00554266
-0.00609019
-0.00714854
  0.0139865
  0.0101393
   0.100624
  0.0119901
-0.00478606
-0.00335659
  0.0207586
  0.0132641
  0.0961203
  0.0218421
-0.00495427
 -0.0111874
  0.0298874
-0.00985256
  0.0849014
  0.0174948
-0.00030153
-0.00173794
  0.0219522
-0.00272048
  0.0997996
  0.0235302
 0.00183294
 -0.0123987
  0.0232905
-0.00390637
   0.103758
   0.024259
-0.00842802
 -0.0101229
   0.017799
 -0.0149149
  0.0923575
  0.0200432
-0.00590208
 -0.0103254
  0.0143938
 0.00161354
  0.0940224
  0.0215197
-0.00949559
 -0.0145417
  0.0255714
  -0.012096
   0.110188
  0.0233309
 -0.0152207
-0.00751874
  0.0111918
 -0.0159236
   0.113976
  0.0171991
-0.00589121
0.000104049
  0.0224722
  0.0100933
   0.099249
  0.0167473
 -0.0107049
 -0.0142682
  0.0238402
-0.00698222
    0.111914
   0.0163237
  -0.0095297
 -0.00790612
   0.0259443
-0.000839285
  0.104057
 0.0144659
-0.0091899
-0.0122086
 0.0271755
 0.0175478
   0.104041
  0.0147484
-0.00358996
 -0.0081666
    0.02276
  0.0169621
   0.107602
  0.0176956
-0.00462164
-0.00471682
  0.0257082
  0.0160943
    0.117427
    0.019979
-0.000538931
 -0.00293978
   0.0356232
 -0.00444544
  0.0972719
  0.0170427
-0.00148978
-0.00735728
  0.0201241
 0.00348419
   0.105707
  0.0248028
-0.00842104
 -0.0113703
  0.0229291
  -0.014794
  0.0906846
  0.0186561
 -0.0103799
-0.00871872
  0.0193946
0.000159459
   0.110566
   0.022494
-0.00490129
-0.00553788
  0.0285634
-0.00405794
   0.110398
    0.02209
 -0.0128353
 -0.0157162
  0.0223109
-0.00359662
  0.0978909
  0.0145008
 -0.0118078
-0.00573981
  0.0240307
-0.00836314
   0.107036
  0.0187906
 -0.0152241
 -0.0144344
  0.0230478
-0.00915857
 0.0766734
0.00870607
-0.0148029
0.00481178
0.00549268
0.00529284
  0.0959123
  0.0137487
-0.00506926
 -0.0108507
  0.0287295
-0.00382234
   0.113845
  0.0170246
-0.00402549
-0.00335364
  0.0190604
-0.00606362
  0.0838232
   0.013253
-0.00471299
0.000804275
  0.0107976
 0.00590189
  0.0857526
  0.0132328
-0.00805197
-0.00689787
  0.0126598
  0.0109889
   0.110935
  0.0200927
-0.00957649
 -0.0119762
  0.0249973
-0.00729928
   0.107041
  0.0198281
-0.00612166
-0.00657522
  0.0332982
-0.00756958
   0.105761
  0.0165807
-0.00381233
-0.00322284
  0.0256188
0.000314198
   0.113105
  0.0205505
-0.00721462
-0.00438429
  0.0292071
-0.00502618
  0.0968978
  0.0180417
-0.00945828
 -0.0130684
  0.0191067
 -0.0034807
   0.116305
  0.0146318
 -0.0120915
-0.00853929
  0.0155628
 -0.0111987
  0.0942423
  0.0118714
-0.00726807
-0.00895304
  0.0144615
 0.00112967
    0.114662
   0.0218281
  -0.0150268
  -0.0126281
   0.0205868
-0.000668712
   0.101473
  0.0164495
-0.00749985
-0.00865989
  0.0243482
 -0.0159545
   0.119241
  0.0205338
-0.00956832
 -0.0030512
  0.0163637
-0.00690703
  0.103149
 0.0183716
-0.0114177
-0.0120422
 0.0261221
 0.0111156
  0.0949112
   0.018454
 -0.0105067
-0.00767138
  0.0266128
-0.00593768
  0.0876678
  0.0229506
-0.00794869
-0.00445321
 0.00774551
  0.0018928
   0.102877
  0.0192245
-0.00250783
 -0.0154687
  0.0297026
  0.0103498
   0.110307
  0.0226833
-0.00189776
-0.00773171
  0.0137637
 -0.0185185
   0.113515
  0.0184037
-0.00602365
-0.00668125
  0.0209427
 0.00489626
  0.0973061
  0.0175216
 -0.0102091
-0.00341834
  0.0205391
  0.0105824
  0.0997698
   0.015205
-0.00612004
 -0.0060544
  0.0198005
-0.00203255
   0.107726
  0.0158554
-0.00415932
 -0.0149173
  0.0326256
 -0.0102861
   0.119818
  0.0167169
8.60777e-05
 -0.0116224
  0.0114762
 -0.0148205
   0.117368
  0.0195007
 -0.0106271
-0.00617541
  0.0176794
-0.00193039
   0.101124
   0.017903
 -0.0095367
 -0.0129001
  0.0301245
-0.00719773
  0.0911136
  0.0169877
-0.00370479
 -0.0047759
  0.0155531
 0.00049904
   0.112592
  0.0228095
-0.00469057
-0.00401522
  0.0219182
 0.00725724
 0.0863064
 0.0102268
-0.0115626
-0.0129582
 0.0137567
 0.0104206
   0.101298
   0.018202
 -0.0056338
-0.00354269
  0.0212395
  0.0173637
  0.0896671
  0.0140782
-0.00372896
-0.00891354
  0.0213355
 0.00419647
   0.097646
  0.0236605
-0.00703981
 -0.0189372
   0.032144
-0.00114219
   0.104099
  0.0229971
-0.00805479
 -0.0122247
  0.0209327
 0.00642971
  0.0877542
   0.013088
-0.00715761
 -0.0110097
  0.0178843
 0.00224555
   0.114398
  0.0149799
 -0.0105935
-0.00410354
  0.0276487
 0.00243845
   0.109509
  0.0182818
-0.00698233
-0.00493642
  0.0260695
 0.00928937
    0.10966
  0.0256993
 -0.0104869
 -0.0100344
  0.0165513
-0.00570244
  0.0952872
   0.016901
-0.00797975
-0.00728678
  0.0193153
  0.0128136
   0.104786
  0.0208618
-0.00239733
-0.00366658
  0.0216499
 0.00946944
  0.0854761
  0.0138362
-0.00702262
 -0.0133054
  0.0157944
 0.00846461
    0.10749
  0.0175746
-0.00261343
-0.00902036
  0.0260012
 0.00690162
   0.091599
  0.0235518
-0.00698427
 -0.0124833
  0.0295907
-0.00417182
     0.11467
   0.0232274
 -0.00237533
-0.000478342
   0.0251722
  0.00953722
   0.100778
   0.019654
-0.00807484
 -0.0119709
  0.0264365
 0.00779543
  0.101739
  0.014991
-0.0050035
-0.0141223
 0.0237853
0.00298328
   0.116866
  0.0216061
 -0.0118635
-0.00793384
  0.0249871
 -0.0118438
  0.0912268
  0.0165301
-0.00896144
-0.00689373
  0.0118986
  0.0192406
  0.0921323
  0.0120859
-0.00600292
 -0.0117815
  0.0209279
 0.00781894
   0.117188
  0.0206795
 -0.0102779
-0.00380655
  0.0137938
  0.0133916
    0.107043
   0.0192264
 -0.00718499
  -0.0140904
   0.0348925
-0.000259695
   0.121318
  0.0208635
-0.00511441
0.000270294
  0.0207734
-0.00924474
 0.0921874
 0.0118075
-0.0136148
 -0.014662
 0.0201993
 0.0198107
   0.0918151
   0.0144432
 -0.00375105
  0.00149801
   0.0130859
-0.000635534
   0.112168
  0.0246624
-0.00353386
-0.00409778
  0.0224061
 0.00629671
  0.0944268
  0.0289315
-0.00231755
 -0.0107931
  0.0102606
 0.00195006
