 0.135275
 -0.91718
-0.630249
 0.184566
-0.477146
 -1.28891
 0.148936
-0.912354
 -0.60381
 0.185297
-0.484995
  -1.2986
  0.14357
-0.915405
-0.612863
 0.190408
 -0.47538
 -1.30614
 0.139138
-0.923231
-0.641771
 0.193688
-0.456041
  -1.3107
 0.150089
 -0.91797
-0.619043
 0.179632
 -0.46604
 -1.28975
 0.151316
-0.913457
-0.629467
 0.194159
-0.460263
 -1.29205
 0.134392
-0.920452
-0.629594
 0.191913
-0.461389
 -1.31159
 0.144232
-0.917838
-0.622827
 0.199499
-0.476063
 -1.30222
 0.158877
-0.911104
-0.630614
 0.190071
-0.467574
  -1.2938
 0.143902
-0.925603
-0.620192
 0.188095
-0.464782
 -1.29946
 0.140043
-0.918032
-0.619389
 0.194227
 -0.47766
 -1.29965
 0.137909
-0.911807
-0.643842
 0.179996
-0.469139
 -1.29085
  0.12696
-0.924219
-0.628258
 0.187591
-0.460197
   -1.308
 0.132339
-0.920733
-0.634826
 0.197465
-0.470316
 -1.29254
 0.138068
-0.918944
-0.630284
 0.191771
-0.465685
 -1.28819
 0.125705
 -0.90243
-0.635339
  0.19502
-0.476938
  -1.2875
   0.1076
-0.954987
-0.633701
 0.192588
-0.464263
 -1.29893
 0.123712
-0.919933
-0.627689
 0.189359
 -0.47681
 -1.27518
0.0956896
-0.907024
-0.630604
 0.189942
-0.476615
 -1.28401
 0.104134
-0.950039
-0.634646
  0.19078
-0.473521
 -1.28435
0.0956079
-0.922786
-0.613254
 0.191437
-0.478368
 -1.27852
 0.114777
-0.916631
-0.638395
 0.200962
-0.470869
 -1.29293
 0.114946
-0.917447
 -0.60461
 0.186188
-0.478827
 -1.28795
0.0894377
-0.940778
-0.619519
 0.182518
-0.475834
 -1.29282
 0.104401
-0.934724
 -0.63865
 0.183145
 -0.47166
 -1.29087
 0.109072
-0.932855
-0.595253
 0.201702
-0.465123
 -1.28171
   0.1073
-0.920403
-0.639258
 0.186644
-0.462905
 -1.28945
   0.1047
-0.960343
-0.632285
 0.186782
-0.468558
  -1.2919
0.0905089
-0.893825
-0.623465
 0.186226
 -0.47927
 -1.29134
  0.10463
-0.958299
-0.604418
 0.196971
-0.483713
 -1.28505
0.0944145
-0.944693
-0.651665
 0.190613
-0.474868
 -1.28211
0.0965175
  -0.9419
-0.601804
 0.195294
-0.476923
 -1.28833
 0.104816
-0.935568
-0.646577
  0.19692
-0.467992
 -1.28426
 0.083133
-0.898337
-0.637903
  0.18936
-0.472472
 -1.28982
0.0903028
-0.985491
-0.609127
 0.194626
-0.478141
 -1.28688
0.0802979
-0.930224
-0.633012
 0.183838
-0.472621
 -1.27028
0.0550172
-0.935048
-0.599912
 0.193717
-0.496886
 -1.29115
0.0789269
-0.916825
-0.639166
 0.184893
-0.476683
 -1.27036
0.0749987
 -0.92589
-0.626563
 0.183391
-0.482869
 -1.27002
0.0628404
-0.950899
-0.635192
 0.199646
 -0.48232
 -1.28902
 0.041452
-0.981506
-0.619548
  0.19625
-0.484038
 -1.28324
 0.052885
-0.934606
-0.630407
  0.19679
-0.469724
 -1.28571
0.0379927
-0.934481
-0.629948
 0.187366
-0.481365
 -1.26743
0.0452548
-0.946053
-0.630193
 0.193213
-0.477438
 -1.29677
0.0510296
-0.970109
-0.631277
 0.192427
-0.479183
 -1.27882
0.0410541
-0.938335
-0.651385
 0.199603
-0.482827
  -1.2799
0.0377725
-0.957629
-0.614108
 0.189727
-0.475995
 -1.29082
0.0429162
-0.970842
-0.621273
 0.190399
-0.477964
 -1.28112
0.0155676
 -0.89472
-0.643833
 0.189555
-0.488641
  -1.2751
0.0141623
-0.979789
-0.600955
 0.190182
-0.488307
 -1.28717
0.00633256
 -0.983289
 -0.629813
    0.1851
 -0.480652
  -1.28658
0.0176467
-0.927966
-0.647231
 0.196793
-0.487777
  -1.2792
0.00252061
 -0.982568
 -0.598377
  0.194886
  -0.48804
  -1.27342
-0.0215312
 -0.962961
 -0.641372
  0.192605
 -0.488957
  -1.27049
-0.0149496
 -0.955352
 -0.638663
   0.19833
 -0.496819
  -1.29274
-0.0232539
 -0.996021
 -0.615033
  0.198748
 -0.482137
  -1.29421
-0.0242438
  -0.97692
 -0.636549
  0.196662
 -0.494125
  -1.27901
-0.0131003
 -0.929082
 -0.637089
  0.195656
 -0.481642
  -1.28354
-0.00993144
   -1.01832
  -0.636246
   0.196778
  -0.489865
   -1.29088
-0.0532644
 -0.985735
 -0.628008
  0.189262
 -0.495458
  -1.25942
-0.0535604
 -0.973903
 -0.604461
  0.197879
 -0.505086
  -1.28462
-0.0464359
 -0.952665
 -0.620733
  0.198406
  -0.48955
  -1.27979
-0.0604536
  -1.01467
 -0.617448
  0.194203
 -0.504562
  -1.28604
-0.0663908
 -0.982059
 -0.621971
  0.192848
 -0.498797
  -1.28388
-0.0679397
 -0.991785
 -0.609472
  0.196666
 -0.498343
  -1.28892
-0.069162
-0.946285
-0.618105
 0.188323
-0.498585
 -1.25556
-0.0640816
   -1.0091
 -0.653238
  0.196663
 -0.475455
  -1.27749
-0.0973421
 -0.958334
 -0.643841
  0.192488
 -0.497931
  -1.28158
-0.0982677
 -0.986725
 -0.605904
  0.199071
 -0.510643
  -1.27343
-0.0807475
   -1.0009
 -0.617442
  0.183046
 -0.498338
  -1.27045
-0.0906723
 -0.944328
 -0.662251
  0.194157
 -0.498645
   -1.2863
-0.0936071
  -1.01586
 -0.624671
  0.190063
 -0.494868
  -1.26191
-0.0969048
 -0.975609
  -0.61081
  0.192765
 -0.491477
  -1.27798
-0.123023
 -1.01439
-0.631642
 0.194172
-0.502109
 -1.27086
-0.120953
-0.987377
 -0.62518
 0.205616
-0.499159
 -1.29098
-0.123012
 -1.00553
-0.638889
 0.203526
-0.500171
  -1.2892
-0.131273
-0.997587
-0.615404
 0.190505
-0.506897
 -1.27638
-0.108916
-0.988581
-0.651347
 0.195006
-0.500126
 -1.27084
-0.122273
-0.991166
-0.613472
 0.197895
-0.503641
 -1.27922
-0.117457
 -1.01232
-0.632706
  0.18956
-0.490943
 -1.27761
 -0.15304
-0.993168
-0.618869
  0.19418
-0.502182
 -1.27622
 -0.12393
-0.994717
-0.629735
 0.191519
-0.510321
 -1.27032
-0.136346
-0.984202
-0.603688
 0.194155
-0.506205
 -1.28612
-0.138038
 -1.03789
-0.644173
 0.199911
-0.499704
 -1.28378
-0.153706
-0.988581
-0.616043
 0.205327
-0.501707
 -1.29244
 -0.13726
 -1.03195
-0.623126
 0.200065
-0.509032
 -1.28417
-0.143647
-0.979907
-0.602662
 0.193448
-0.503166
 -1.28566
 -0.16034
 -1.03239
 -0.64743
 0.194866
-0.505079
 -1.27355
-0.171987
-0.991865
-0.627755
 0.193801
 -0.50243
 -1.27501
-0.183347
 -1.04714
-0.645072
 0.199051
 -0.49037
 -1.28524
-0.207591
-0.980983
-0.606143
 0.196748
-0.519206
 -1.28468
-0.197222
 -1.01768
-0.652512
 0.191976
 -0.50573
 -1.26897
  -0.2062
 -1.01222
-0.600571
 0.190178
-0.509537
 -1.27954
-0.178676
 -1.00694
-0.642297
 0.200672
-0.503925
 -1.28525
-0.179834
 -1.04455
-0.638878
 0.199148
-0.502997
 -1.29145
-0.188628
 -1.01724
-0.625117
 0.195652
-0.513066
 -1.28037
 -0.19268
 -0.99133
-0.613739
 0.198693
-0.509576
 -1.27545
-0.179152
 -1.00621
-0.645692
 0.187073
-0.489279
 -1.28529
-0.203434
 -1.02381
-0.642069
 0.207336
-0.504941
 -1.29483
-0.186242
 -1.02914
-0.672458
 0.196243
-0.492766
 -1.27284
-0.194126
-0.960942
-0.624524
 0.200069
-0.509557
 -1.27178
-0.202406
 -1.07906
-0.609344
 0.203944
-0.522808
 -1.27818
-0.220325
 -1.03185
-0.622344
 0.193701
-0.513664
 -1.28572
-0.210351
 -1.03973
-0.635305
 0.194354
-0.521634
  -1.2872
-0.217914
-0.990065
-0.607737
 0.200182
-0.508418
 -1.26512
-0.229469
 -1.01931
-0.608052
 0.197206
-0.512546
 -1.28404
-0.230378
 -1.02662
-0.651408
 0.188826
-0.502616
 -1.29223
-0.217538
 -1.04343
-0.628292
 0.198924
-0.500478
 -1.27773
-0.260099
 -1.01415
-0.625116
 0.198826
 -0.53148
 -1.28569
 -0.26525
 -1.02683
 -0.63044
 0.197564
-0.513952
 -1.29365
-0.258074
 -1.03066
-0.624476
 0.196901
-0.512206
 -1.28064
  -0.2654
 -1.05259
-0.636093
 0.191533
-0.511098
 -1.28715
-0.295583
 -1.02241
-0.630476
 0.190945
-0.518712
 -1.28785
-0.292599
 -1.03336
-0.628037
 0.201175
-0.508656
 -1.28929
-0.289624
 -1.02825
-0.616968
 0.204289
 -0.52312
 -1.28958
-0.296664
 -1.07675
 -0.63541
 0.199233
-0.521406
 -1.29663
-0.299022
 -1.02441
-0.650571
 0.206078
-0.507999
 -1.29211
-0.321289
 -1.06644
-0.606965
 0.208258
-0.512821
 -1.30439
-0.323899
 -1.04078
-0.616141
 0.194547
-0.513301
 -1.27552
-0.320889
 -1.03557
-0.615547
 0.198513
-0.519305
 -1.30063
-0.347793
 -1.06946
-0.628949
 0.210491
-0.527584
 -1.30302
-0.309523
 -1.05799
-0.619985
 0.188904
-0.526195
 -1.29351
-0.293717
  -1.0469
 -0.64279
 0.187649
-0.503442
 -1.29668
 -0.33199
 -1.07529
-0.627537
 0.203855
-0.519836
 -1.30111
-0.330727
 -1.04503
-0.589235
 0.202553
-0.514072
 -1.28259
-0.403652
 -1.10509
-0.622094
 0.194756
 -0.52711
   -1.302
-0.349965
 -1.01947
-0.643971
 0.200647
-0.509714
 -1.29078
-0.392417
 -1.13176
-0.601458
 0.207069
-0.522266
 -1.31257
-0.434276
 -1.03904
-0.653725
 0.206373
-0.505485
 -1.30105
-0.405345
 -1.09845
-0.638091
 0.200389
-0.530469
 -1.30461
-0.396277
  -1.1161
-0.605206
 0.204663
-0.517384
 -1.30248
-0.419359
 -1.05705
-0.630884
 0.202476
  -0.5222
 -1.30734
-0.435684
 -1.07487
-0.629028
 0.200488
-0.511656
 -1.29591
-0.434663
 -1.08575
-0.621102
 0.219129
-0.524143
 -1.30114
-0.442803
 -1.10795
-0.661344
 0.191306
-0.510067
 -1.29971
-0.435264
 -1.08362
-0.622593
 0.212104
-0.513114
 -1.30744
-0.496755
 -1.06192
-0.619651
 0.204825
-0.517358
 -1.28093
-0.486056
 -1.12353
-0.629978
 0.202449
-0.513119
 -1.30134
-0.496897
  -1.0551
-0.648219
 0.201131
-0.524788
 -1.31715
-0.494381
 -1.13422
-0.665291
 0.199186
-0.506947
  -1.3037
-0.486002
 -1.09808
-0.636628
 0.214731
-0.528868
 -1.31373
-0.502348
 -1.10076
-0.655298
 0.200234
-0.501429
 -1.30841
-0.522185
 -1.08652
-0.619651
 0.201928
-0.521566
 -1.28687
 -0.53339
 -1.13402
-0.622671
 0.205257
-0.532508
 -1.30025
-0.535908
 -1.11376
-0.620477
 0.213181
-0.535645
 -1.30893
 -0.59267
 -1.09294
-0.606771
 0.209558
-0.534281
 -1.30702
-0.607752
 -1.12302
-0.572192
 0.210647
-0.540525
 -1.30939
-0.581342
 -1.16812
-0.645124
 0.195848
-0.531145
 -1.30472
 -0.60931
 -1.12091
-0.645895
 0.202548
-0.538609
 -1.30435
-0.584646
 -1.11725
-0.615968
 0.210378
-0.518488
 -1.29878
-0.616848
 -1.13019
-0.629546
 0.207606
-0.520232
 -1.33002
-0.616444
 -1.17556
-0.652429
 0.207885
-0.517156
 -1.32267
 -0.65954
 -1.13538
-0.646986
  0.20269
-0.533039
 -1.31453
-0.644329
 -1.13046
-0.653671
 0.196405
-0.520502
 -1.31403
-0.684824
 -1.14281
-0.639857
 0.197765
-0.535562
  -1.3243
-0.667726
 -1.14536
-0.653972
 0.206204
-0.535081
 -1.31073
-0.678926
 -1.18374
-0.643578
 0.210593
-0.534488
 -1.30498
-0.746705
 -1.15944
-0.612372
 0.210717
-0.544241
 -1.31452
-0.721042
 -1.15231
-0.569426
 0.207626
-0.540737
 -1.32831
-0.718405
 -1.14227
-0.626029
 0.199622
-0.543216
 -1.31382
-0.763807
 -1.21825
-0.615729
 0.208148
-0.548906
 -1.32128
-0.818418
 -1.18152
-0.615958
 0.204257
-0.545518
 -1.31842
   -0.804
 -1.17176
-0.605546
 0.203701
  -0.5406
 -1.33017
-0.784811
 -1.20214
-0.657828
  0.20415
-0.536983
 -1.32098
 -0.79295
 -1.15113
-0.645963
 0.207122
-0.533603
 -1.31065
-0.828731
 -1.22357
-0.603354
 0.209885
-0.549856
 -1.31674
-0.827841
 -1.21199
-0.631857
 0.202386
-0.539704
 -1.32179
-0.846171
 -1.23951
-0.668489
 0.205858
-0.540888
 -1.34658
-0.863239
 -1.19303
-0.637578
 0.214181
-0.547668
 -1.32437
-0.908781
 -1.18363
-0.601835
 0.214318
-0.553689
 -1.30942
-0.916009
 -1.22478
-0.660685
 0.211559
-0.534435
 -1.31609
-0.935744
 -1.24387
 -0.61025
 0.209791
-0.559493
 -1.32925
-0.949585
 -1.22717
-0.591119
 0.222578
-0.549403
 -1.33735
-0.940887
 -1.22421
-0.653479
 0.214865
-0.529993
 -1.33659
-0.968882
 -1.20462
-0.661994
 0.204667
-0.549085
 -1.34584
-0.992102
 -1.29472
-0.630916
 0.200389
-0.529816
 -1.33483
 -1.01842
 -1.22981
 -0.62939
 0.202359
-0.547996
 -1.31683
 -1.07845
 -1.27248
-0.631598
 0.203565
 -0.55125
 -1.32946
 -1.10362
  -1.2611
-0.632398
 0.215551
-0.539408
 -1.33311
 -1.11046
 -1.29258
-0.625975
 0.212449
-0.543455
 -1.34043
  -1.1334
 -1.24028
-0.616517
 0.220099
-0.551921
 -1.34095
 -1.13921
 -1.32294
-0.690473
 0.207329
-0.534949
 -1.34099
 -1.20968
 -1.29496
-0.627895
 0.203525
-0.554117
 -1.33377
 -1.22781
 -1.31413
-0.654323
 0.212038
-0.537422
 -1.34662
 -1.26897
 -1.31551
-0.660892
 0.216536
-0.544159
 -1.33722
 -1.30722
 -1.34446
-0.611592
 0.211165
-0.557537
 -1.32094
 -1.33732
 -1.32388
-0.618015
 0.209867
-0.573305
 -1.34343
 -1.38319
 -1.36672
-0.654584
 0.205438
 -0.55136
 -1.35438
 -1.46059
 -1.36343
-0.644891
 0.204838
-0.559044
 -1.35545
 -1.45262
  -1.3756
-0.573772
 0.214332
-0.571868
 -1.34706
 -1.50569
 -1.39646
-0.598081
 0.212404
-0.549418
 -1.35475
 -1.58218
 -1.45747
-0.606572
 0.215121
 -0.57881
 -1.37731
 -1.60173
  -1.3684
-0.589095
 0.211478
-0.566447
 -1.35547
 -1.62567
 -1.47514
-0.604269
 0.215765
-0.565549
 -1.36265
 -1.68595
 -1.49453
-0.672444
 0.204038
-0.548792
 -1.37533
 -1.75715
 -1.43771
-0.619745
 0.209884
-0.565975
 -1.36098
 -1.86954
 -1.46136
-0.614944
 0.204302
-0.566627
 -1.37513
  -1.9324
 -1.49866
-0.596798
   0.2099
-0.560479
 -1.39561
 -1.93059
 -1.51164
-0.699705
 0.212573
-0.565165
 -1.39151
 -1.97168
  -1.5425
 -0.59842
 0.212408
-0.565367
 -1.38839
 -2.02567
 -1.57352
-0.711358
  0.20708
-0.570535
 -1.40384
 -2.14154
  -1.5703
-0.647107
 0.211276
-0.564758
 -1.39245
 -2.21404
 -1.56586
-0.560491
 0.218351
-0.573102
 -1.39324
 -2.26579
 -1.57221
-0.663538
 0.214818
-0.581473
 -1.38185
 -2.38473
 -1.68411
-0.604747
 0.223519
-0.580011
 -1.41192
 -2.42857
 -1.67581
-0.590013
 0.206586
-0.578686
 -1.40374
 -2.55885
 -1.68614
-0.621644
 0.213597
-0.589097
 -1.41638
 -2.67648
 -1.77928
-0.604377
 0.229341
-0.581239
 -1.40831
 -2.74344
 -1.71044
 -0.60855
 0.217105
-0.590655
 -1.41125
 -2.86506
 -1.81571
-0.615308
 0.218876
-0.598781
 -1.42021
 -2.94334
 -1.81877
-0.620644
 0.211712
-0.601653
 -1.42117
 -3.02691
 -1.80675
-0.630928
  0.22602
 -0.58595
 -1.40127
 -3.15651
 -1.88695
-0.632478
 0.225769
-0.592771
 -1.43683
 -3.28385
  -1.8922
-0.646977
  0.22993
-0.604469
 -1.41398
 -3.40117
 -1.91196
 -0.59853
 0.217625
-0.606422
 -1.41399
 -3.55217
 -2.02204
-0.581441
 0.228707
-0.629538
 -1.45696
 -3.65703
 -2.02806
-0.617477
 0.230988
-0.639521
 -1.42003
 -3.69055
 -1.99999
-0.587411
 0.232993
-0.632314
 -1.41637
  -3.8942
 -2.14242
-0.584397
 0.229291
-0.632875
  -1.4338
 -4.05452
 -2.13526
-0.656505
 0.227425
-0.645782
 -1.41163
 -4.12588
 -2.16862
-0.566878
 0.241809
-0.649545
 -1.42579
 -4.30387
 -2.24901
-0.616475
 0.244404
-0.662724
 -1.43683
 -4.41485
  -2.2519
-0.572372
 0.234388
-0.667388
 -1.42049
 -4.54481
 -2.28672
-0.556376
 0.252978
 -0.68458
 -1.43098
 -4.75219
 -2.37835
  -0.6567
 0.234496
-0.677359
 -1.42334
 -4.94877
 -2.39212
-0.590672
 0.247794
-0.693975
 -1.41646
 -5.10895
 -2.48987
-0.539419
  0.24629
-0.703888
  -1.4275
 -5.30253
 -2.50019
-0.623193
 0.241478
-0.711909
 -1.42288
 -5.45455
 -2.61257
-0.565021
 0.251751
-0.706335
 -1.42207
 -5.67131
 -2.65176
-0.573414
 0.248841
-0.734447
 -1.44098
 -5.91967
 -2.71865
-0.550871
 0.263418
-0.748859
 -1.42309
 -6.12273
 -2.75644
-0.628181
 0.262689
-0.719427
 -1.39972
 -6.38415
 -2.88941
 -0.56736
 0.265082
-0.751867
 -1.41019
 -6.66502
 -2.96085
-0.541032
 0.256173
-0.768357
 -1.42502
 -6.88304
 -3.03731
-0.590858
 0.271932
-0.771628
 -1.41392
 -7.08629
 -3.08828
 -0.56921
 0.266735
-0.781422
 -1.38038
 -7.36926
 -3.19205
-0.512884
 0.272758
 -0.81014
 -1.40698
  -7.6735
 -3.29091
-0.575711
 0.276211
-0.820587
 -1.37693
 -7.98909
 -3.38206
-0.551275
 0.271901
-0.839187
 -1.36927
  -8.3207
 -3.46275
-0.494082
  0.29158
-0.854054
  -1.3778
   -8.609
 -3.55183
 -0.57277
 0.297337
-0.863796
 -1.35318
 -8.92293
 -3.71418
-0.501526
 0.299773
-0.880182
 -1.39102
 -9.20524
  -3.7475
-0.494943
 0.296625
-0.883673
 -1.36241
  -9.5401
 -3.87334
-0.524638
 0.289322
-0.892055
 -1.34539
 -10.0019
 -4.01814
-0.512458
 0.306414
-0.925936
 -1.33063
 -10.3072
  -4.1008
-0.510955
 0.317093
-0.940996
 -1.32156
 -10.6277
 -4.23793
-0.449689
 0.315076
-0.965382
 -1.31167
 -11.1121
 -4.34701
-0.509515
 0.317692
-0.984198
 -1.29286
 -11.3678
 -4.47703
-0.427091
 0.323474
   -1.005
 -1.29338
 -11.9416
 -4.64953
-0.465428
 0.338739
 -1.01889
 -1.28326
 -12.4202
 -4.78067
-0.503124
 0.339576
 -1.03242
 -1.26713
 -12.7081
 -4.90298
-0.373444
   0.3415
 -1.04989
 -1.24686
 -13.2026
 -5.00471
-0.457438
 0.340331
 -1.04418
 -1.24782
 -13.6613
 -5.22068
-0.403705
 0.364458
 -1.08117
 -1.21882
 -14.0773
 -5.36058
-0.388362
 0.356487
 -1.10763
 -1.22872
 -14.4834
 -5.44507
-0.373381
 0.363797
  -1.1213
 -1.20475
 -14.8209
 -5.53975
-0.372763
 0.371032
 -1.15782
 -1.20151
 -14.4733
 -5.40443
-0.442834
 0.377882
 -1.15038
 -1.23081
 -13.9241
 -5.26047
-0.426676
 0.368862
 -1.16788
 -1.25145
 -13.6696
 -5.11649
-0.487388
 0.371567
 -1.16329
 -1.27556
 -13.0868
 -4.93796
-0.473802
 0.377354
 -1.17646
 -1.33002
 -12.6413
 -4.80209
-0.474226
 0.375037
 -1.19011
 -1.34885
 -12.569
-4.67803
-0.57354
0.371047
-1.18577
-1.36736
 -11.8388
 -4.49964
-0.546608
  0.37012
 -1.18278
 -1.42865
 -11.5418
  -4.3737
-0.554231
 0.374045
 -1.18673
 -1.45019
 -11.0484
 -4.18203
-0.638135
 0.376551
 -1.17594
 -1.46707
 -10.6139
 -4.02203
-0.584262
 0.370924
 -1.18688
 -1.49438
 -10.2699
 -3.90705
-0.674601
 0.361493
 -1.16732
  -1.5342
 -9.73966
   -3.776
-0.647604
 0.365844
 -1.16124
  -1.5439
  -9.5217
  -3.6315
-0.679662
 0.365416
 -1.15272
 -1.56701
 -9.40746
 -3.60791
-0.700836
 0.349977
 -1.14595
 -1.58883
 -8.87889
 -3.43427
-0.680766
 0.365353
 -1.12601
 -1.58982
 -8.77997
 -3.39882
-0.729046
 0.363013
  -1.1282
 -1.63472
 -8.21917
 -3.22441
-0.727075
 0.353961
 -1.12026
 -1.64432
 -8.21709
 -3.21293
-0.706716
 0.354111
  -1.1047
 -1.65009
 -7.87687
 -3.06905
-0.731332
 0.356887
 -1.08906
 -1.66328
 -7.79425
 -3.09614
-0.782157
 0.341437
 -1.08544
 -1.68262
 -7.60451
 -2.97737
-0.734683
 0.344376
  -1.0824
 -1.65442
-7.31519
-2.87114
-0.76576
0.346908
-1.05327
-1.68161
 -7.30305
 -2.92003
-0.740428
 0.341646
 -1.06961
 -1.70873
 -7.04019
 -2.83268
-0.753031
 0.339285
 -1.04108
 -1.70146
 -6.93951
 -2.77967
-0.786657
 0.336319
 -1.03681
 -1.69123
 -6.6697
-2.73967
-0.78187
0.318187
 -1.0174
-1.70513
 -6.62338
 -2.66649
-0.796161
 0.313416
 -1.02518
 -1.69827
  -6.5839
 -2.62297
-0.815818
 0.329834
 -1.01272
 -1.68645
 -6.47846
 -2.64414
-0.748558
 0.333359
  -1.0224
 -1.70073
 -6.36953
 -2.56773
-0.813166
 0.320612
 -1.00007
 -1.67946
 -6.20593
 -2.55833
-0.795312
 0.315054
-0.997842
 -1.69525
 -6.19701
 -2.56769
-0.773591
 0.325799
 -1.02574
 -1.68948
 -6.08018
 -2.49454
-0.790178
 0.327463
 -1.01579
  -1.6823
   -5.976
 -2.49672
-0.774738
 0.326357
 -1.01949
 -1.69614
 -5.84244
 -2.44923
-0.772588
 0.323066
 -1.00307
 -1.66505
 -5.77516
 -2.39643
-0.831069
 0.320356
  -1.0048
 -1.65643
-5.76428
-2.44559
 -0.7647
0.326194
-1.00761
-1.68887
 -5.63953
 -2.33908
-0.807117
 0.323139
 -1.00052
 -1.66544
 -5.55467
 -2.36531
-0.829167
 0.323864
-0.992725
 -1.67745
 -5.42749
 -2.34009
-0.766244
 0.322108
-0.989484
 -1.67267
 -5.39926
 -2.31508
-0.826827
 0.318097
-0.999282
  -1.6745
 -5.31834
 -2.30445
-0.771345
 0.318555
-0.987268
  -1.6599
 -5.27248
 -2.24885
-0.819437
 0.311992
-0.984245
 -1.64362
 -5.16926
 -2.20435
-0.822982
 0.313495
-0.973575
 -1.65112
  -5.0941
 -2.24647
-0.736508
 0.313309
-0.994773
  -1.6311
 -5.07975
 -2.20865
 -0.85683
 0.311457
-0.982482
 -1.64339
 -5.01924
 -2.19922
-0.804225
 0.318962
-0.985669
 -1.64194
 -4.95906
  -2.1906
-0.791918
 0.317175
-0.975094
 -1.63695
 -4.83876
 -2.14225
 -0.82187
 0.309795
-0.973081
 -1.62694
 -4.82252
  -2.1904
-0.771238
 0.310249
-0.992468
 -1.62151
 -4.76021
   -2.107
-0.803669
 0.311211
-0.974134
 -1.63471
 -4.71212
 -2.14379
-0.833749
 0.316915
-0.974918
  -1.6466
 -4.62529
  -2.0996
-0.794402
 0.307796
-0.968974
 -1.60647
 -4.59519
 -2.07082
 -0.79969
 0.305684
-0.976302
 -1.61906
 -4.58514
 -2.07604
-0.785313
 0.318891
-0.974118
 -1.61453
 -4.48619
 -2.03391
-0.817077
 0.304451
-0.946929
 -1.59884
 -4.43789
 -2.05195
-0.783548
 0.301225
-0.943054
 -1.62194
 -4.31634
 -1.99179
-0.834675
 0.303919
 -0.93397
 -1.61008
 -4.34202
   -2.014
-0.829098
 0.303958
-0.931938
 -1.61078
 -4.23822
 -2.03821
-0.792812
 0.307737
-0.927458
 -1.62284
 -4.18739
 -1.92616
-0.842121
 0.312657
-0.926681
 -1.58311
  -4.1606
 -1.98449
-0.804729
 0.299435
-0.925605
 -1.60403
 -4.12389
 -1.89926
-0.851626
 0.299685
-0.932509
 -1.58391
 -4.12978
 -2.03235
-0.758128
 0.310098
-0.947481
 -1.60631
 -4.06438
 -1.89607
-0.832179
 0.302447
-0.929723
 -1.58125
 -4.01481
 -1.93553
-0.769527
 0.296185
-0.921386
 -1.57721
 -3.89961
 -1.86327
-0.768201
 0.302418
  -0.9209
 -1.57766
 -3.88991
 -1.87988
-0.804088
 0.301863
-0.926725
 -1.57511
 -3.85666
 -1.92921
-0.755901
 0.300872
-0.930724
 -1.58853
 -3.78781
 -1.86721
-0.830012
 0.292292
-0.919456
 -1.57782
 -3.73695
 -1.83316
-0.758794
 0.301251
-0.906987
 -1.57704
  -3.6758
 -1.84765
-0.791291
 0.307957
-0.902101
 -1.56894
 -3.69675
 -1.83108
-0.812421
 0.290314
-0.883948
 -1.57655
 -3.63811
 -1.86662
-0.793312
 0.296651
-0.893075
  -1.5663
 -3.61386
   -1.788
-0.796182
 0.285096
-0.885956
 -1.57629
 -3.50788
 -1.82402
-0.799898
 0.283939
-0.873869
 -1.56678
 -3.48254
 -1.73422
 -0.85526
  0.28691
-0.867107
 -1.55952
 -3.44281
 -1.78299
-0.777488
 0.295787
-0.874378
 -1.55189
 -3.45763
 -1.76558
-0.797776
 0.287227
-0.870689
 -1.56415
 -3.40437
 -1.74728
-0.816943
 0.284757
-0.864322
  -1.5518
 -3.34955
 -1.80943
 -0.78374
 0.285366
-0.863496
 -1.56163
 -3.35317
 -1.73386
-0.769157
 0.292994
-0.874955
 -1.55378
  -3.2976
 -1.75889
 -0.78706
 0.293692
-0.863414
  -1.5441
 -3.28479
 -1.71059
-0.799539
 0.282752
-0.850022
 -1.54797
 -3.20549
 -1.74548
-0.742618
 0.278708
-0.870725
 -1.54862
  -3.1783
 -1.72858
 -0.73648
  0.28701
-0.867421
 -1.53319
 -3.17974
  -1.6909
 -0.80096
  0.28348
-0.858115
 -1.55358
 -3.13392
 -1.72566
-0.803366
 0.284118
 -0.84616
 -1.54804
 -3.09389
 -1.67613
-0.744019
  0.27504
-0.857303
 -1.53702
 -3.07218
   -1.666
-0.821337
 0.278152
-0.834621
 -1.53615
-3.03549
-1.66318
-0.79171
0.270829
-0.82976
-1.52014
 -3.04467
 -1.68323
-0.784121
 0.280261
-0.832442
  -1.5403
 -3.00127
 -1.65585
-0.761637
 0.280714
-0.835586
 -1.52918
 -2.93202
 -1.61901
 -0.82616
 0.289622
-0.832216
 -1.53032
 -2.93492
 -1.67388
-0.773947
 0.282201
-0.835732
 -1.53525
 -2.95024
  -1.6812
-0.786801
 0.267216
-0.835682
 -1.53607
 -2.92795
 -1.63666
-0.783464
 0.265335
-0.837742
 -1.52489
 -2.87558
 -1.60876
-0.735475
 0.286414
-0.831025
 -1.52776
 -2.83928
 -1.60749
-0.775118
 0.281181
-0.832228
 -1.51769
 -2.80505
 -1.66465
-0.787486
 0.271841
-0.823688
 -1.51357
 -2.79706
 -1.61921
 -0.76358
  0.27117
-0.826042
 -1.52419
 -2.77822
 -1.62876
-0.771423
 0.269362
-0.819218
 -1.52627
  -2.7317
 -1.60684
-0.750586
 0.264434
-0.812717
 -1.50699
 -2.71756
 -1.54786
-0.825184
 0.274191
-0.806146
 -1.50935
 -2.76141
 -1.62219
-0.784889
 0.271317
-0.816029
 -1.51784
 -2.74264
 -1.62122
-0.747907
 0.275065
-0.820473
 -1.51018
 -2.70599
 -1.53568
-0.797062
 0.277006
-0.817796
 -1.49952
 -2.65017
  -1.5846
-0.753052
 0.274105
-0.804564
 -1.50437
 -2.67524
 -1.57606
-0.753282
 0.266072
  -0.8095
 -1.49277
 -2.64807
 -1.57654
-0.752516
 0.267842
-0.807856
 -1.49869
  -2.6354
 -1.54465
-0.793951
 0.267384
 -0.79195
 -1.50649
  -2.6021
 -1.59555
-0.784676
 0.274492
-0.794796
 -1.51167
  -2.5731
 -1.58733
 -0.77691
 0.269069
-0.799474
 -1.49773
 -2.58037
 -1.54132
-0.807409
 0.270349
-0.796219
 -1.50353
 -2.56476
 -1.58727
 -0.77556
 0.272633
-0.797799
 -1.49639
 -2.54265
   -1.532
-0.760765
  0.27273
-0.792896
 -1.50847
 -2.52965
 -1.55237
-0.760508
 0.273319
-0.801683
 -1.48711
 -2.54363
 -1.53855
-0.765007
 0.263286
-0.789454
 -1.49276
 -2.55983
  -1.5669
-0.788579
 0.267163
-0.795354
 -1.51169
 -2.52898
 -1.55543
-0.745947
 0.270341
-0.793001
 -1.48481
 -2.54272
  -1.5232
-0.741741
 0.276688
-0.795488
 -1.49121
 -2.50413
 -1.52885
-0.738196
 0.269663
-0.793722
 -1.48263
  -2.4826
 -1.53362
-0.781439
 0.278329
-0.797001
 -1.48477
 -2.47341
 -1.54538
-0.767675
 0.274695
-0.796016
 -1.48744
 -2.42999
 -1.56077
-0.744128
 0.271106
-0.794109
 -1.50107
  -2.4454
 -1.50644
-0.759682
 0.265491
-0.792144
 -1.50297
 -2.41909
 -1.52979
-0.762032
  0.26131
 -0.77606
 -1.48087
 -2.42648
 -1.50712
-0.762307
 0.267504
-0.790232
 -1.51018
 -2.41143
  -1.5281
-0.781334
 0.258691
-0.770073
 -1.48946
 -2.40129
 -1.50891
-0.758622
 0.261565
-0.779608
 -1.48044
 -2.38863
 -1.51932
-0.772928
 0.259412
-0.782074
 -1.48831
 -2.39371
 -1.49697
-0.764659
 0.267337
-0.768509
  -1.4737
 -2.38678
  -1.5086
 -0.76673
 0.263925
-0.761232
 -1.48704
 -2.36067
 -1.52289
-0.767256
 0.261618
-0.765453
 -1.47841
 -2.37673
 -1.49771
-0.750909
  0.26542
 -0.76531
 -1.50477
 -2.36002
 -1.46611
-0.766686
   0.2594
-0.759381
 -1.48214
 -2.35613
 -1.50846
-0.763895
 0.258809
-0.762641
 -1.47727
 -2.35435
 -1.53214
-0.771484
 0.269328
-0.774537
 -1.48779
 -2.34893
 -1.47851
-0.787686
 0.259845
-0.758928
 -1.47906
 -2.34302
  -1.5012
-0.739972
 0.257263
-0.765506
 -1.47437
 -2.36676
  -1.4988
-0.770369
 0.254761
-0.766722
 -1.48026
  -2.3539
 -1.50838
-0.771141
 0.265029
-0.768373
  -1.4724
 -2.36917
 -1.51249
-0.753781
 0.262527
 -0.76509
 -1.50106
 -2.34844
 -1.49573
-0.758328
 0.269454
-0.777096
 -1.47667
 -2.33983
 -1.49813
-0.756987
 0.256312
-0.771267
 -1.47674
 -2.33831
 -1.50357
 -0.75806
 0.261365
-0.757192
 -1.48218
 -2.33917
 -1.49142
-0.751528
 0.262624
-0.763082
 -1.47196
 -2.34315
 -1.49263
-0.749129
 0.263295
-0.783084
 -1.47148
 -2.33898
 -1.50093
-0.763529
 0.270982
-0.772483
 -1.47773
 -2.35148
 -1.50112
-0.758931
   0.2663
-0.776035
 -1.47647
 -2.35118
 -1.49408
-0.758959
 0.261764
-0.763637
 -1.46906
 -2.36082
 -1.50463
 -0.75898
 0.271959
-0.769494
 -1.48642
 -2.32793
 -1.49653
-0.761203
 0.257114
-0.765052
 -1.48421
 -2.32854
 -1.49336
-0.762237
 0.267413
-0.765786
 -1.47113
 -2.34114
 -1.49234
-0.757985
 0.269089
-0.772114
 -1.48065
 -2.32865
 -1.49306
-0.757872
 0.261829
-0.761509
 -1.48052
 -2.32651
 -1.49352
-0.761092
 0.265345
-0.769692
 -1.47595
 -2.31878
 -1.49085
-0.760189
 0.267591
 -0.76847
 -1.48259
 -2.36087
 -1.50608
-0.760614
 0.263166
-0.774423
 -1.47535
 -2.35762
 -1.50167
-0.759838
 0.266017
-0.763692
 -1.48327
 -2.34658
   -1.496
-0.757721
 0.262648
-0.757489
 -1.48224
 -2.35418
 -1.49889
-0.758768
 0.268202
-0.773289
  -1.4844
 -2.35635
 -1.49954
-0.763059
 0.258185
-0.766762
 -1.48214
 -2.35507
 -1.50474
-0.762791
 0.263676
-0.777323
  -1.4775
 -2.35078
 -1.49678
-0.756262
 0.264703
-0.788645
 -1.47425
 -2.32816
 -1.49554
-0.759827
 0.262823
-0.760194
 -1.48171
 -2.31555
 -1.48815
-0.755369
 0.258513
-0.761963
 -1.47304
 -2.36037
 -1.50002
-0.753878
 0.259677
-0.773375
 -1.47301
 -2.34784
 -1.50109
-0.758222
 0.253929
-0.768313
 -1.47262
  -2.3564
 -1.50802
-0.759245
  0.26102
-0.772799
 -1.47696
 -2.32112
  -1.4906
-0.761028
 0.266378
-0.769655
 -1.47987
 -2.36344
 -1.50367
-0.760789
 0.268247
-0.766814
 -1.48572
 -2.37258
 -1.50018
-0.764396
 0.269476
-0.770673
 -1.49187
 -2.35478
 -1.49697
-0.764306
 0.265743
-0.763086
 -1.48355
 -2.34223
 -1.49739
-0.765349
  0.26989
-0.769369
 -1.48036
 -2.35102
 -1.50356
-0.763139
 0.270951
-0.773133
 -1.49137
 -2.35139
 -1.49377
-0.760891
 0.263435
-0.754249
 -1.47376
 -2.35166
 -1.50153
-0.759813
 0.262236
-0.772999
 -1.49281
 -2.36351
  -1.5037
-0.758492
 0.265369
 -0.77263
 -1.48335
 -2.33934
 -1.50145
-0.766262
 0.262662
-0.769086
 -1.48025
 -2.36443
 -1.50049
-0.757433
  0.25781
-0.771132
 -1.48413
 -2.37159
  -1.5132
-0.757104
 0.266857
-0.783575
 -1.48653
 -2.35046
 -1.49813
-0.755033
 0.259055
-0.766036
 -1.47122
 -2.35663
 -1.49724
-0.759852
 0.270561
 -0.76539
 -1.48133
 -2.33935
 -1.49232
-0.758668
 0.265747
-0.770946
 -1.47404
 -2.35339
 -1.50292
-0.765047
 0.268462
 -0.77363
 -1.47462
 -2.35379
 -1.50129
-0.758328
 0.265422
-0.773617
 -1.47187
 -2.34544
 -1.50154
-0.753896
 0.260667
-0.767474
 -1.47571
 -2.32949
 -1.49047
-0.757581
 0.262243
-0.769582
 -1.47443
 -2.35367
 -1.50201
-0.759488
 0.262621
-0.773862
 -1.47674
   -2.347
 -1.49485
-0.761981
 0.264479
-0.758779
 -1.47457
 -2.35042
 -1.49844
-0.757287
 0.261704
 -0.77653
 -1.47318
 -2.33772
 -1.49926
-0.759469
 0.263296
-0.766603
  -1.4707
 -2.34696
 -1.49556
-0.756287
 0.262024
-0.778433
 -1.47452
  -2.3765
 -1.51043
-0.761782
  0.25939
-0.769991
 -1.49404
 -2.36453
 -1.49969
-0.769072
 0.261254
-0.761192
 -1.50411
 -2.33656
 -1.49494
-0.759851
  0.26699
-0.764677
 -1.48034
 -2.35249
 -1.49814
-0.754295
 0.260061
-0.776374
  -1.4913
 -2.35931
 -1.50432
-0.762916
 0.264771
-0.775927
 -1.48378
  -2.3554
 -1.50353
-0.757078
 0.259936
-0.768668
 -1.47068
 -2.36252
 -1.50009
-0.757119
 0.259348
-0.777109
 -1.46793
 -2.35456
 -1.49755
 -0.75869
 0.270436
-0.776797
 -1.48138
 -2.35348
 -1.49433
-0.758643
 0.256865
-0.762541
 -1.47819
  -2.3809
  -1.5088
-0.764048
 0.264798
-0.762066
 -1.48835
 -2.37318
 -1.50658
-0.765411
 0.266612
-0.776232
 -1.49912
 -2.36753
 -1.50437
-0.766632
 0.262161
-0.764611
 -1.50137
 -2.35256
 -1.49823
-0.760778
 0.256634
-0.761405
 -1.48005
 -2.35175
 -1.50067
-0.754245
 0.266377
-0.778747
 -1.49021
 -2.36622
 -1.50986
-0.762791
 0.262422
-0.765624
 -1.48592
 -2.35677
 -1.49722
-0.760048
 0.260567
-0.760086
 -1.49522
  -2.3697
 -1.50382
-0.756407
 0.263032
-0.774607
 -1.49189
  -2.3411
 -1.50224
-0.760776
 0.263907
-0.768932
  -1.4853
 -2.36528
 -1.50515
-0.763951
 0.267538
-0.774614
 -1.47888
  -2.3523
 -1.49827
-0.758846
 0.267749
-0.772228
  -1.4913
 -2.35949
 -1.50289
-0.760786
 0.270367
-0.775658
 -1.48323
 -2.36314
 -1.50475
-0.758651
 0.265194
 -0.76059
 -1.49117
 -2.35519
 -1.49462
-0.756863
 0.264548
 -0.75948
 -1.49668
 -2.38047
 -1.51073
-0.760779
 0.262925
-0.772524
 -1.49828
 -2.34721
 -1.50228
-0.760617
 0.268531
-0.763483
 -1.47335
 -2.35251
 -1.49796
-0.756193
 0.261077
-0.762278
 -1.47098
 -2.33228
 -1.49549
-0.766568
 0.268342
 -0.75824
 -1.48096
 -2.36498
 -1.49815
-0.761984
  0.26013
-0.768378
 -1.48284
 -2.35201
 -1.50028
-0.759458
 0.264561
-0.775984
 -1.47148
 -2.34632
 -1.49794
-0.756349
 0.261446
-0.770489
 -1.48057
 -2.34502
 -1.50324
-0.760657
 0.264652
-0.771369
 -1.48065
-2.36445
-1.50931
-0.75592
 0.25741
-0.78093
-1.48111
 -2.36696
 -1.50671
 -0.75939
 0.266946
-0.778262
 -1.47724
 -2.36382
 -1.50309
-0.759437
 0.258941
-0.769441
 -1.47621
 -2.36694
 -1.49831
-0.757575
 0.258993
-0.764164
 -1.48536
 -2.35408
 -1.50001
-0.761079
 0.259672
-0.762382
  -1.4967
 -2.35205
 -1.50008
-0.755277
 0.259948
-0.775684
 -1.48765
 -2.36501
 -1.50581
-0.755153
 0.264112
-0.767834
  -1.4868
  -2.3678
 -1.50329
-0.756201
 0.262673
-0.773038
 -1.48047
 -2.34801
  -1.4988
-0.761042
 0.272345
-0.779353
  -1.4894
 -2.36694
 -1.49848
-0.759752
 0.259747
-0.766879
 -1.48293
  -2.3736
  -1.5041
-0.759971
 0.267366
-0.762568
 -1.49868
 -2.35931
 -1.50402
-0.760851
 0.262114
-0.765652
 -1.49099
 -2.35497
 -1.50497
-0.759527
 0.263361
-0.771024
 -1.48265
 -2.33567
 -1.49939
-0.758828
 0.255306
-0.764381
 -1.49862
 -2.37116
 -1.50618
-0.759528
 0.265245
-0.765285
 -1.48152
 -2.37847
 -1.50263
-0.759631
  0.25372
-0.764424
 -1.48589
 -2.36639
 -1.50045
-0.760813
 0.264624
-0.769074
  -1.4815
 -2.34203
 -1.49817
-0.756472
 0.263384
-0.767348
 -1.48588
   -2.367
 -1.50626
-0.760719
 0.271437
-0.784966
  -1.4859
 -2.35241
 -1.49836
-0.762821
 0.266431
-0.765636
 -1.46613
 -2.34901
 -1.49534
-0.755169
 0.265195
-0.779512
 -1.47192
 -2.35791
 -1.50129
-0.753118
 0.258406
-0.769189
 -1.49245
 -2.35604
 -1.50108
-0.752922
 0.257796
-0.784084
 -1.48519
 -2.37358
 -1.50609
-0.755934
 0.253398
-0.775254
 -1.47644
 -2.36323
  -1.5048
-0.756278
 0.263252
-0.770209
  -1.4864
 -2.36731
 -1.49716
-0.755194
  0.25936
-0.777247
 -1.47757
 -2.33408
 -1.49702
-0.761926
 0.262761
-0.759007
  -1.4771
 -2.34299
 -1.49512
-0.757409
 0.256587
-0.768335
 -1.47507
 -2.35714
 -1.49593
-0.757776
 0.259033
-0.765615
 -1.49221
 -2.35022
 -1.50734
-0.760559
 0.268037
-0.778643
 -1.48171
 -2.36476
 -1.50678
-0.760941
 0.265901
-0.768955
  -1.4984
   -2.336
 -1.49749
-0.759765
 0.264273
-0.765292
 -1.48158
 -2.36099
 -1.50521
-0.761903
 0.268722
-0.768753
 -1.48661
 -2.37947
 -1.50696
-0.757326
 0.256149
-0.774407
 -1.48987
 -2.35343
 -1.49396
-0.759922
   0.2673
-0.775778
  -1.4821
 -2.35451
 -1.49852
-0.756359
 0.257395
-0.764851
 -1.48237
  -2.3365
 -1.49553
-0.758521
 0.264397
-0.765629
 -1.47149
 -2.35223
 -1.49998
 -0.75717
 0.252879
-0.763729
 -1.47184
 -2.34229
 -1.49768
-0.759458
 0.261765
-0.765644
 -1.46717
 -2.37171
 -1.50427
-0.758417
 0.261319
-0.766863
 -1.48057
 -2.33762
 -1.49905
-0.757441
 0.266578
-0.762979
 -1.47774
 -2.35045
  -1.4984
-0.759449
 0.259612
-0.767677
 -1.46877
 -2.35199
 -1.50012
-0.757378
 0.263803
-0.773378
 -1.47848
 -2.35997
 -1.50165
-0.761161
 0.257682
-0.771287
 -1.50563
 -2.34802
 -1.49892
-0.755644
 0.261339
-0.764794
  -1.5017
  -2.3567
  -1.5067
-0.757328
 0.258522
-0.774856
 -1.49011
 -2.36929
 -1.50628
-0.753777
 0.256483
-0.776949
 -1.47939
 -2.33659
 -1.49492
-0.759682
 0.266998
-0.764436
 -1.47118
 -2.36184
 -1.51142
-0.758167
 0.258165
-0.778258
 -1.48468
 -2.36116
 -1.49633
-0.758818
 0.262379
-0.766861
 -1.48725
 -2.35687
 -1.49658
-0.756607
 0.266416
-0.772331
 -1.48781
-2.37713
 -1.5082
-0.75592
0.254923
-0.76944
-1.47722
 -2.36232
 -1.50072
-0.756053
 0.261734
 -0.78117
 -1.47047
  -2.3568
 -1.50533
 -0.75747
 0.267963
-0.772519
 -1.48956
 -2.36846
 -1.50892
-0.758279
 0.265497
-0.772417
 -1.48065
 -2.36077
 -1.49878
-0.756092
 0.255835
-0.769093
 -1.47016
 -2.34571
 -1.50114
-0.754869
 0.257087
-0.775843
 -1.47056
 -2.35463
 -1.49711
-0.756829
  0.26088
-0.756322
 -1.50031
 -2.35639
 -1.49897
-0.756259
 0.261814
-0.764942
 -1.47549
 -2.36598
  -1.5016
-0.758769
 0.267496
-0.769661
 -1.49135
   -2.351
  -1.5044
-0.753806
 0.261367
-0.775436
 -1.47613
 -2.34192
   -1.499
 -0.76402
 0.262152
-0.755273
 -1.47254
 -2.33856
 -1.49531
-0.757396
 0.267568
-0.766713
 -1.46888
 -2.34578
 -1.50042
-0.756225
 0.257781
-0.767215
 -1.47962
 -2.35659
 -1.49773
-0.756665
 0.263155
-0.765091
  -1.4932
  -2.3621
 -1.50192
-0.758574
 0.252324
-0.766563
 -1.48976
 -2.33341
 -1.49216
-0.758545
 0.255196
-0.769376
 -1.47242
 -2.34585
 -1.50002
-0.764262
 0.257888
 -0.75541
 -1.48858
 -2.37248
 -1.50131
-0.757466
 0.261593
-0.779802
 -1.48557
 -2.34296
 -1.49469
-0.763166
 0.262833
-0.764125
 -1.47931
 -2.37071
 -1.50846
-0.760702
 0.264875
 -0.78129
 -1.49119
 -2.33761
 -1.49987
-0.758411
 0.260689
-0.767897
  -1.4756
-2.35925
-1.50484
-0.76164
0.261226
 -0.7731
-1.47732
 -2.34868
  -1.4971
-0.758502
 0.256094
-0.759784
 -1.47557
 -2.35621
 -1.50029
-0.756165
 0.256414
-0.766265
 -1.47608
 -2.35322
 -1.49464
-0.761127
  0.26854
-0.775011
   -1.487
  -2.3475
  -1.5012
-0.760878
 0.267735
-0.772189
 -1.48626
 -2.35099
 -1.49607
 -0.76409
 0.261932
-0.765048
 -1.47205
 -2.36798
 -1.50339
-0.753782
 0.256689
-0.783667
 -1.47567
 -2.37378
 -1.50425
-0.759832
 0.260235
-0.768363
 -1.49623
 -2.34362
 -1.50018
 -0.76082
 0.266998
-0.769519
 -1.48175
 -2.37368
 -1.50466
-0.756131
 0.261888
 -0.76914
 -1.47828
 -2.37034
 -1.50897
-0.764293
 0.271152
   -0.766
  -1.4987
  -2.3407
 -1.49572
-0.755066
 0.259103
-0.767241
 -1.46892
 -2.36548
 -1.50441
-0.765594
 0.258236
-0.760799
 -1.50641
 -2.35086
 -1.50487
-0.762891
 0.265565
-0.774192
 -1.48281
 -2.37083
 -1.50744
-0.757475
 0.265021
-0.770774
 -1.49354
 -2.34949
 -1.49297
-0.760134
 0.266552
-0.773452
 -1.49134
  -2.3678
 -1.50316
-0.756313
 0.260771
-0.765481
 -1.48526
 -2.33614
 -1.49717
-0.755192
 0.258731
-0.760639
 -1.47723
  -2.3651
 -1.50595
 -0.75734
 0.259875
-0.767781
 -1.48674
 -2.35713
 -1.50489
-0.760497
 0.262298
-0.771944
  -1.4754
   -2.358
 -1.50031
-0.759893
 0.268208
-0.767447
 -1.48941
 -2.35293
 -1.49714
-0.758352
 0.257952
-0.778256
 -1.46987
 -2.33154
 -1.49931
-0.764107
 0.261372
-0.765017
 -1.48043
  -2.3635
 -1.50445
-0.759523
 0.258526
-0.773754
  -1.4836
 -2.35874
 -1.49762
-0.755439
 0.263236
-0.770965
 -1.48818
 -2.34966
 -1.50079
-0.757492
 0.265162
-0.767682
 -1.48385
 -2.35837
 -1.50915
 -0.75793
 0.254754
-0.776056
 -1.47035
 -2.37264
 -1.50014
-0.754164
 0.259844
-0.761504
 -1.48353
  -2.3562
  -1.5004
-0.758393
 0.256217
-0.765206
 -1.47605
 -2.35094
 -1.49506
-0.758937
 0.268201
-0.762594
 -1.48801
 -2.34315
 -1.49344
-0.763208
 0.269184
-0.766578
 -1.47634
 -2.35312
 -1.49481
-0.757636
 0.266389
-0.760686
  -1.4786
 -2.35608
 -1.50039
-0.756287
 0.262349
-0.773036
 -1.48049
 -2.34507
 -1.50236
-0.757239
 0.271698
-0.771047
 -1.47127
 -2.35936
 -1.50416
-0.762764
 0.262881
-0.768017
 -1.47482
 -2.33268
 -1.49375
-0.757629
 0.265499
-0.759279
 -1.47826
  -2.3502
 -1.50793
-0.763655
 0.262205
-0.765925
  -1.4708
 -2.36131
 -1.50404
-0.761669
 0.271992
-0.775759
 -1.47204
 -2.36948
 -1.50428
-0.759744
 0.264328
-0.756199
 -1.48802
 -2.35726
  -1.5036
 -0.76086
 0.267686
-0.770967
 -1.48857
 -2.35408
 -1.49935
-0.762294
 0.266315
-0.760173
 -1.49642
 -2.35763
 -1.50271
-0.750637
 0.261048
-0.785659
 -1.48354
 -2.36284
   -1.498
-0.756484
  0.26159
 -0.76945
 -1.48557
 -2.34864
  -1.4972
-0.756298
 0.259136
-0.772402
  -1.4776
 -2.34479
 -1.50416
-0.756087
 0.261793
-0.766011
 -1.47695
 -2.34604
 -1.49857
-0.757518
  0.26673
-0.768591
 -1.48091
 -2.38391
 -1.50489
-0.760917
 0.266049
-0.773189
 -1.49284
 -2.37031
 -1.50186
-0.757366
 0.257021
-0.767222
 -1.48194
 -2.34565
 -1.50069
-0.758522
 0.264472
-0.776702
 -1.48161
 -2.33725
 -1.49259
 -0.76227
 0.261419
-0.765239
 -1.48818
 -2.38646
 -1.50344
-0.761896
 0.260405
-0.767145
 -1.48513
  -2.3792
 -1.50748
-0.756261
  0.26163
-0.773573
 -1.49024
 -2.35639
 -1.49942
-0.762838
 0.263127
-0.769314
 -1.47061
  -2.3456
  -1.5004
-0.756267
 0.266817
-0.768967
 -1.47729
 -2.35132
 -1.50302
-0.764051
 0.265484
-0.773702
 -1.48185
 -2.36041
 -1.49981
 -0.75963
  0.26471
-0.781706
 -1.47923
 -2.34269
 -1.49582
-0.758611
 0.262819
-0.770332
 -1.47761
-2.37256
-1.50063
 -0.7611
 0.26114
-0.76634
-1.49698
 -2.36584
 -1.50279
-0.756268
 0.262301
-0.771813
  -1.4828
 -2.35409
 -1.50089
-0.763737
 0.258605
-0.768308
 -1.46467
 -2.34912
 -1.50366
-0.763989
 0.261859
-0.765012
 -1.48041
 -2.35977
 -1.50207
 -0.75979
  0.26223
-0.766216
 -1.49006
 -2.35146
  -1.5026
-0.757247
 0.260138
 -0.77011
 -1.47753
 -2.36183
 -1.50229
   -0.753
  0.25915
-0.771625
  -1.4878
 -2.35707
 -1.50487
-0.758486
 0.263433
-0.777126
  -1.4868
  -2.3648
 -1.49827
-0.754299
 0.260256
-0.764178
 -1.48806
 -2.36464
 -1.50725
-0.759613
 0.266403
 -0.76501
 -1.48739
 -2.36252
 -1.49894
-0.759895
 0.269524
-0.778057
 -1.48788
 -2.34663
 -1.49742
-0.761856
 0.252727
-0.757639
 -1.47814
 -2.37796
 -1.51268
-0.758525
 0.260031
-0.772981
 -1.50188
 -2.34772
 -1.50051
-0.759585
 0.266499
-0.772839
 -1.47678
 -2.33237
 -1.49472
-0.751078
 0.264721
-0.763001
 -1.48814
 -2.35147
  -1.5027
-0.755226
 0.258179
-0.780195
 -1.49108
 -2.35639
 -1.49837
-0.759747
 0.267309
-0.757903
 -1.47757
 -2.37371
 -1.50443
-0.761912
 0.265986
-0.773727
 -1.48687
 -2.34431
 -1.49728
-0.768994
 0.265774
-0.758219
 -1.49402
 -2.36406
 -1.50171
-0.759774
 0.258389
-0.761804
 -1.48954
 -2.35808
 -1.50123
-0.760761
  0.25923
-0.777155
 -1.48485
 -2.35477
 -1.50545
 -0.75395
 0.267092
-0.780985
 -1.48286
 -2.35304
 -1.49493
-0.755609
 0.269421
-0.773536
 -1.48979
 -2.33339
 -1.49087
 -0.76105
 0.268478
-0.765084
 -1.47645
 -2.34393
 -1.50012
-0.758323
 0.254126
-0.769609
 -1.47491
 -2.36784
 -1.50314
-0.756133
 0.260779
-0.765251
 -1.47609
 -2.34051
 -1.49579
-0.759667
 0.265841
-0.759323
  -1.4713
 -2.35894
 -1.50531
-0.760804
 0.265748
-0.768723
 -1.48925
 -2.33681
 -1.49378
-0.762227
 0.268148
 -0.76341
 -1.48428
 -2.37016
 -1.51048
-0.764042
 0.268605
-0.778651
 -1.49212
 -2.37245
 -1.50159
-0.753964
 0.256346
 -0.77038
 -1.47934
 -2.34576
 -1.49999
-0.761977
 0.264028
-0.763008
 -1.48386
 -2.34466
 -1.49651
-0.761089
 0.258936
-0.771967
 -1.49355
  -2.3583
 -1.50789
-0.760704
 0.268023
 -0.77211
 -1.48812
 -2.37209
 -1.50217
-0.755172
 0.265672
-0.767476
 -1.47971
 -2.35885
 -1.50577
-0.755136
 0.264491
 -0.77581
 -1.48723
 -2.34904
  -1.4958
  -0.7517
 0.257801
-0.778882
 -1.47004
  -2.3627
  -1.5067
-0.757305
 0.267183
 -0.76851
 -1.48277
 -2.35624
 -1.49977
  -0.7617
 0.261721
-0.757936
 -1.46896
 -2.36206
 -1.50143
-0.761684
 0.264727
-0.769493
 -1.47094
 -2.37706
 -1.50705
-0.760922
 0.267996
-0.764435
 -1.49496
 -2.35539
 -1.50435
-0.758056
 0.254048
-0.773577
 -1.46854
 -2.36158
 -1.50393
-0.759404
 0.258161
-0.772304
 -1.47677
 -2.35857
 -1.50802
-0.760563
 0.255899
-0.775147
 -1.48803
 -2.35242
  -1.5071
-0.759625
 0.261214
-0.774432
   -1.493
 -2.35024
 -1.50731
-0.762804
 0.265942
-0.769915
 -1.48188
 -2.34439
 -1.49749
-0.763128
 0.256687
-0.750751
  -1.4832
 -2.35707
 -1.50492
-0.760765
 0.262285
-0.772292
 -1.48915
  -2.3677
 -1.50402
-0.754942
 0.261973
-0.781776
 -1.47601
 -2.33741
 -1.49988
-0.763153
 0.266472
 -0.75632
 -1.48496
 -2.35968
 -1.50257
-0.756401
 0.259824
-0.768467
  -1.4904
 -2.34252
 -1.49671
-0.761758
 0.265772
-0.775829
 -1.46852
 -2.37005
 -1.51129
-0.759343
  0.25981
 -0.76653
   -1.484
 -2.34881
  -1.4966
 -0.75938
 0.260607
-0.765913
 -1.46132
 -2.34011
 -1.49841
-0.757377
 0.256181
-0.767037
 -1.47929
 -2.35138
 -1.50229
-0.760884
 0.269422
-0.778636
 -1.48838
 -2.36482
 -1.50698
-0.762799
  0.26762
-0.775098
 -1.47984
 -2.35687
 -1.49706
-0.753223
 0.259019
-0.771818
 -1.49051
 -2.36155
  -1.5038
-0.755075
 0.259497
-0.778429
 -1.48361
 -2.35538
  -1.5036
-0.757126
 0.260883
-0.772549
 -1.47287
  -2.3534
 -1.50305
-0.757328
 0.259555
-0.767669
 -1.48217
 -2.36816
 -1.50218
-0.756104
 0.261893
-0.781283
 -1.47505
 -2.36018
 -1.49958
-0.761974
 0.273793
-0.766053
  -1.4773
 -2.34513
 -1.49436
-0.757394
 0.263311
-0.772004
 -1.46977
 -2.36345
 -1.50443
 -0.76167
 0.261427
-0.767676
 -1.47683
 -2.36091
  -1.5056
-0.756288
 0.266514
-0.772061
 -1.48698
 -2.34258
 -1.49635
-0.759922
 0.257163
-0.759254
 -1.48964
 -2.35381
 -1.49341
-0.760905
  0.25683
 -0.77373
 -1.47951
 -2.35206
 -1.50055
-0.764051
 0.260118
-0.775102
 -1.48055
 -2.35732
 -1.49508
 -0.76212
 0.267845
-0.777272
   -1.482
  -2.3647
 -1.49921
 -0.75749
 0.259164
-0.770803
 -1.48352
 -2.36844
 -1.50142
-0.755046
 0.254705
-0.775625
 -1.47949
 -2.35766
 -1.50287
-0.759577
 0.256465
-0.766089
 -1.48381
 -2.36183
  -1.5024
-0.755228
 0.258953
-0.770566
 -1.48777
 -2.35677
 -1.49742
-0.757569
  0.26552
-0.780014
  -1.4833
 -2.37456
 -1.50982
-0.757207
 0.261317
-0.778313
 -1.48708
 -2.34134
 -1.50163
-0.763961
 0.260382
-0.759788
 -1.47597
 -2.36147
 -1.50438
-0.756158
 0.254801
-0.770895
 -1.48408
 -2.34992
 -1.50019
-0.758247
 0.263739
 -0.76704
 -1.46518
 -2.36254
  -1.4907
-0.760075
 0.262333
-0.766445
 -1.48441
  -2.3651
 -1.50595
-0.757339
 0.259875
-0.767782
 -1.48674
 -2.36593
 -1.50201
-0.755253
 0.264147
-0.767905
 -1.48492
 -2.33524
 -1.49188
-0.757692
 0.266442
 -0.76867
 -1.47905
 -2.34194
 -1.49804
-0.751965
 0.269721
-0.776001
 -1.48119
 -2.37539
 -1.50605
-0.757296
 0.266345
-0.781154
 -1.48283
  -2.3495
 -1.50147
-0.756183
 0.268508
-0.775297
 -1.47483
 -2.36063
 -1.50686
-0.758573
 0.263056
-0.763763
 -1.49235
 -2.35412
 -1.49929
-0.759834
 0.267471
-0.764778
  -1.4849
 -2.35389
 -1.50123
 -0.76059
 0.258335
-0.762111
 -1.47441
 -2.35103
 -1.50334
-0.758619
 0.271354
-0.775104
 -1.48687
 -2.35611
 -1.50113
-0.757126
 0.255517
 -0.77395
 -1.47157
 -2.33417
 -1.49706
-0.761881
  0.25872
-0.760017
 -1.47707
 -2.35184
 -1.50092
 -0.76282
 0.263709
-0.766372
 -1.47195
 -2.37265
 -1.50886
-0.758503
 0.265441
-0.783685
 -1.49348
 -2.35327
 -1.49493
-0.759546
 0.262163
-0.760293
 -1.46479
 -2.33332
 -1.50096
-0.761776
 0.255591
-0.764844
 -1.48112
 -2.33182
 -1.48943
-0.755461
 0.257274
 -0.76122
 -1.47867
  -2.3628
 -1.50695
-0.761623
 0.262752
-0.767288
 -1.47809
 -2.36046
 -1.49929
-0.750592
 0.264553
-0.781937
 -1.47259
 -2.34565
 -1.50063
-0.758574
 0.263521
-0.772927
   -1.484
 -2.34382
 -1.49998
-0.756232
 0.258361
-0.769772
 -1.47956
 -2.37491
 -1.50711
-0.759869
 0.269063
-0.763395
 -1.49763
 -2.36284
 -1.50703
-0.763671
 0.262564
-0.765998
  -1.4689
 -2.35663
 -1.49782
-0.758712
 0.262967
-0.763801
 -1.48401
 -2.35129
 -1.50262
-0.755319
 0.266262
-0.778171
 -1.49114
 -2.34596
 -1.50002
-0.759514
 0.257096
-0.769752
 -1.47686
 -2.35959
 -1.50276
-0.758571
 0.265571
-0.773947
 -1.48562
   -2.336
 -1.49772
-0.761891
 0.265979
-0.771782
 -1.47677
 -2.36614
 -1.51073
-0.761793
 0.258615
-0.779608
 -1.49736
 -2.34851
  -1.4967
-0.759906
 0.270567
-0.772134
 -1.48409
 -2.35609
 -1.50114
-0.757215
 0.255513
-0.774064
 -1.47616
 -2.36369
  -1.5033
-0.761792
  0.26468
-0.775147
 -1.48059
 -2.36388
 -1.50175
-0.759763
 0.268374
-0.767331
 -1.48482
 -2.36299
 -1.50629
-0.758178
 0.263608
-0.776778
 -1.47304
 -2.34744
 -1.50192
-0.759434
 0.267043
-0.780702
 -1.47262
 -2.37162
 -1.50417
-0.758518
 0.264409
-0.762074
 -1.48299
 -2.35848
 -1.50728
-0.759538
 0.267732
-0.776767
 -1.48542
 -2.34106
 -1.49423
-0.762904
 0.263424
-0.766336
  -1.4655
 -2.36456
 -1.49984
-0.760756
 0.258316
-0.761081
 -1.47941
 -2.35541
 -1.50242
-0.762042
 0.268968
-0.764665
 -1.48839
 -2.36183
  -1.5016
-0.751928
 0.266941
-0.774256
 -1.48516
 -2.35033
 -1.49846
-0.757293
 0.266695
-0.779282
 -1.47083
 -2.33659
 -1.49492
-0.759683
 0.266998
-0.764435
 -1.47118
 -2.33473
 -1.49444
-0.762029
 0.260486
-0.755618
 -1.47822
 -2.36493
 -1.50668
 -0.75831
 0.262073
-0.770562
 -1.48007
 -2.34735
 -1.49351
-0.759853
 0.261987
-0.760641
 -1.47854
 -2.36157
 -1.50377
-0.757317
 0.257402
-0.769704
 -1.48377
 -2.34068
 -1.49519
 -0.75859
 0.265545
-0.764094
 -1.47319
 -2.35907
 -1.50463
-0.761838
 0.267407
-0.763525
 -1.48216
 -2.35167
 -1.50221
-0.764968
 0.256215
 -0.75897
  -1.4727
  -2.3315
 -1.49124
-0.762119
 0.258171
-0.769913
 -1.48118
 -2.36073
 -1.50783
-0.759299
 0.255032
-0.777131
 -1.48081
 -2.36295
 -1.50623
 -0.76074
 0.260549
-0.764624
 -1.48934
 -2.37321
 -1.50661
-0.757197
 0.261772
-0.768572
  -1.4792
 -2.36569
 -1.50365
-0.761657
 0.263158
-0.768584
 -1.47388
 -2.34654
 -1.49724
-0.755064
 0.260211
-0.771132
  -1.4711
 -2.35876
 -1.50571
-0.757514
 0.266433
-0.766187
 -1.49201
 -2.35923
 -1.50427
  -0.7484
 0.263348
-0.783463
 -1.48429
 -2.35844
 -1.49839
-0.760743
 0.272186
-0.765481
 -1.47015
 -2.34887
 -1.50477
-0.759345
 0.261849
-0.771103
 -1.47412
 -2.36589
 -1.50279
-0.756452
 0.257299
-0.769281
 -1.49433
 -2.34184
 -1.49908
-0.759714
 0.266333
-0.772956
 -1.48137
 -2.36667
 -1.49965
-0.757481
 0.258585
-0.768247
 -1.48359
 -2.35497
 -1.50507
-0.761759
 0.263164
-0.769961
 -1.48262
 -2.34051
  -1.4973
-0.761706
 0.252161
-0.761612
  -1.4718
 -2.34246
 -1.49624
-0.759748
 0.265258
-0.756883
 -1.47595
 -2.33881
  -1.4956
 -0.76185
 0.254094
-0.763973
  -1.4757
 -2.35515
 -1.50429
-0.758418
 0.262118
  -0.7719
 -1.48235
 -2.35744
 -1.50321
-0.764149
 0.267001
-0.773505
  -1.4858
 -2.36025
 -1.49966
 -0.76247
 0.264732
-0.764995
 -1.50713
 -2.35243
 -1.49762
-0.762169
 0.268261
-0.762187
 -1.48658
 -2.35014
 -1.49894
-0.758562
 0.265085
-0.767075
 -1.47831
 -2.37478
  -1.5002
-0.755112
 0.260679
-0.770097
 -1.47608
 -2.33911
 -1.49334
-0.756334
 0.262691
-0.764519
 -1.47032
 -2.36519
 -1.50543
-0.756116
 0.265526
-0.778976
 -1.47929
   -2.358
 -1.50066
-0.756613
 0.258908
-0.759384
 -1.49689
  -2.3677
 -1.50323
-0.758586
 0.264615
 -0.76341
 -1.48526
 -2.36081
 -1.50629
-0.759686
 0.261616
-0.763583
 -1.49201
 -2.35319
 -1.50344
-0.761758
 0.271046
-0.778744
 -1.47719
 -2.35676
 -1.50688
-0.761515
 0.258141
-0.772389
  -1.4763
 -2.36032
 -1.49987
-0.761903
 0.268555
-0.779635
 -1.47923
 -2.36909
 -1.49732
-0.755439
  0.26401
-0.761338
 -1.48487
 -2.36386
 -1.49337
-0.755616
  0.26252
-0.761843
 -1.48819
 -2.35575
 -1.50226
-0.754899
 0.258397
-0.774309
 -1.47226
 -2.35765
 -1.50237
-0.758438
 0.267106
-0.780163
 -1.47859
  -2.3736
 -1.50541
-0.759387
 0.257945
-0.764323
 -1.47633
 -2.34474
 -1.49684
-0.755119
 0.251752
-0.772051
 -1.47795
 -2.35049
 -1.50664
-0.759454
   0.2618
-0.776757
 -1.48377
 -2.35495
 -1.49677
-0.755228
  0.26036
 -0.77686
 -1.47886
 -2.36742
 -1.50474
-0.760662
 0.264962
-0.770214
 -1.48106
 -2.35293
 -1.49624
-0.759767
  0.26079
-0.760952
 -1.47915
 -2.33772
 -1.49928
-0.764091
 0.260048
-0.753146
 -1.47781
 -2.34248
 -1.49674
-0.751612
 0.262062
-0.773476
 -1.46457
 -2.35334
 -1.50262
-0.758648
  0.26904
 -0.77714
 -1.48847
 -2.35374
   -1.493
-0.758843
 0.257268
 -0.75856
 -1.48455
 -2.35708
 -1.50466
 -0.75403
 0.263826
-0.779246
 -1.48686
 -2.34189
 -1.49866
-0.763229
  0.26968
-0.774712
 -1.48781
 -2.35962
 -1.50283
-0.762951
 0.263284
-0.764046
 -1.48117
 -2.36378
 -1.50246
 -0.76083
 0.265576
-0.767464
  -1.4851
 -2.34384
 -1.49949
-0.759526
 0.265763
-0.770169
 -1.47227
  -2.3434
 -1.50197
-0.757067
 0.259204
-0.772749
 -1.46893
 -2.35166
 -1.50155
-0.757495
 0.264334
-0.781587
 -1.48807
 -2.35426
 -1.49883
-0.758743
 0.269073
-0.777216
 -1.48659
 -2.35726
 -1.49538
-0.758797
  0.26259
-0.768081
 -1.48493
  -2.3612
 -1.50513
-0.757213
 0.261987
-0.776554
 -1.47964
  -2.3638
  -1.5031
-0.759532
 0.258937
-0.769552
 -1.48079
 -2.34345
 -1.49334
 -0.75852
 0.257457
-0.771618
 -1.47172
 -2.36754
 -1.50466
-0.758297
 0.261121
 -0.77217
 -1.47648
 -2.34871
 -1.50541
-0.758518
 0.259215
-0.772761
 -1.49276
 -2.33373
 -1.49826
-0.759561
  0.26752
-0.766921
   -1.473
  -2.3354
 -1.49166
-0.755235
 0.260696
-0.762847
 -1.47008
 -2.35946
 -1.50244
-0.754011
 0.274043
-0.773813
 -1.47658
 -2.38413
 -1.50407
-0.759787
 0.262888
-0.766405
 -1.49273
 -2.34544
 -1.50069
-0.758702
 0.273472
-0.778686
 -1.48845
 -2.34454
  -1.4969
-0.755237
 0.261698
 -0.77781
  -1.4824
 -2.35582
 -1.50114
-0.759605
 0.267395
-0.770084
 -1.48081
 -2.33494
 -1.49315
 -0.75968
 0.267923
-0.762913
 -1.47289
 -2.36922
 -1.50606
-0.751569
 0.258767
-0.769474
 -1.48422
 -2.34643
 -1.50532
-0.744769
 0.264799
-0.768093
 -1.47782
-2.34602
-1.48347
-0.77358
0.254445
-0.77013
-1.49125
 -2.33068
 -1.50255
-0.752664
 0.261297
-0.766377
 -1.48029
 -2.36158
 -1.50286
-0.751524
 0.263632
-0.766686
 -1.47682
 -2.35505
 -1.48729
-0.753407
 0.258668
-0.765454
 -1.49317
 -2.32237
 -1.47844
-0.762008
 0.258225
-0.778335
 -1.48054
 -2.29762
 -1.51934
-0.732618
 0.261088
-0.772047
 -1.47919
 -2.36753
 -1.50488
-0.750397
 0.258917
-0.776503
 -1.48158
  -2.3706
  -1.4804
-0.719266
 0.272335
-0.776317
 -1.48067
 -2.38767
 -1.50638
-0.732875
 0.255236
  -0.7839
 -1.48514
 -2.35831
 -1.50958
-0.792148
 0.259266
-0.766618
 -1.48292
  -2.3676
 -1.51939
-0.750967
 0.264705
 -0.75706
 -1.48668
 -2.35802
  -1.4835
-0.786809
 0.260766
-0.750214
  -1.4876
 -2.35766
 -1.53621
-0.769308
 0.256748
 -0.75718
 -1.48079
 -2.35521
 -1.49453
-0.797105
 0.261809
-0.740326
  -1.4861
 -2.35791
 -1.49063
-0.757309
 0.261362
-0.765908
 -1.48988
  -2.3739
 -1.50098
-0.742162
 0.262831
-0.760294
 -1.48234
  -2.4074
 -1.51013
-0.779835
 0.262981
-0.765006
   -1.492
   -2.383
 -1.50852
 -0.77372
 0.263989
-0.767209
 -1.48509
 -2.39917
 -1.52829
-0.763835
 0.252286
-0.771922
 -1.49721
 -2.42921
 -1.54046
-0.764371
 0.264609
-0.777194
 -1.47866
 -2.43655
 -1.48369
-0.750534
 0.263756
 -0.77059
 -1.47522
 -2.44362
 -1.51519
-0.761575
 0.268085
-0.780979
 -1.49485
 -2.46708
 -1.53117
-0.796555
 0.268725
 -0.77686
 -1.49763
 -2.47456
 -1.55888
-0.748411
  0.26442
-0.796999
 -1.47486
 -2.52585
 -1.49937
-0.738475
 0.270622
-0.796111
 -1.47824
 -2.53159
 -1.56351
-0.761803
 0.262739
-0.805704
 -1.48734
 -2.54239
  -1.5529
 -0.77224
  0.26764
-0.805601
 -1.48494
 -2.52862
 -1.55753
-0.774313
 0.273367
-0.794393
 -1.47517
 -2.53726
  -1.5728
-0.765263
 0.269079
-0.799943
 -1.49068
 -2.57761
 -1.52689
-0.790809
 0.277892
-0.806574
 -1.47642
 -2.60424
 -1.60615
-0.782293
 0.266461
-0.803953
 -1.49465
  -2.6086
 -1.56977
-0.750683
 0.266345
-0.801408
 -1.46984
 -2.67569
 -1.59106
 -0.73793
 0.282748
-0.839523
  -1.4896
 -2.70041
 -1.55152
-0.773359
 0.274846
-0.831448
 -1.48485
 -2.74104
 -1.58549
-0.706588
 0.281585
-0.849379
 -1.48299
 -2.72677
 -1.60639
-0.802992
 0.268568
 -0.80932
 -1.48595
 -2.74889
 -1.59719
-0.737788
 0.269018
-0.827365
 -1.48416
 -2.77125
 -1.60691
-0.765065
 0.278807
-0.819702
  -1.4896
 -2.77579
 -1.59856
-0.802448
 0.275164
-0.812532
 -1.50414
 -2.77633
 -1.62052
-0.761583
 0.270808
-0.816502
 -1.50727
 -2.80084
 -1.65792
 -0.79398
 0.267312
-0.816999
 -1.49507
 -2.81558
 -1.59808
-0.813746
 0.266199
 -0.81029
 -1.48759
 -2.8612
-1.61242
-0.78133
0.279625
-0.82366
 -1.5086
 -2.88405
 -1.67141
-0.767618
 0.275339
-0.820991
 -1.51619
  -2.9036
 -1.64346
-0.806959
 0.273179
-0.812413
 -1.53117
 -2.90976
  -1.6428
-0.793345
 0.278985
-0.813237
 -1.51481
 -2.91729
 -1.68999
 -0.80962
 0.278271
-0.823548
 -1.51413
 -2.98954
 -1.65534
-0.782089
 0.278032
-0.825425
 -1.52531
 -2.99894
 -1.65049
-0.773533
 0.278993
-0.835197
 -1.52681
 -3.00255
  -1.6632
-0.784402
 0.272499
-0.829938
 -1.49973
 -3.02005
 -1.67715
-0.802756
 0.277802
-0.825061
 -1.51245
 -3.10902
 -1.66773
-0.775211
 0.284658
-0.846797
 -1.50753
 -3.14045
 -1.70981
-0.774873
 0.276944
-0.846515
 -1.52104
 -3.20377
 -1.70529
-0.805591
 0.284069
-0.847273
 -1.52351
 -3.21252
 -1.73668
-0.782924
 0.283932
-0.847694
 -1.52196
 -3.24054
 -1.75866
-0.774107
 0.276103
-0.854918
  -1.5314
  -3.2675
 -1.71779
-0.805854
 0.280763
-0.862838
 -1.51387
 -3.29514
 -1.73813
-0.776585
 0.289809
-0.876371
 -1.52805
 -3.33263
 -1.73709
 -0.78097
 0.293208
-0.873857
 -1.52287
 -3.37431
 -1.76014
-0.755208
 0.290503
-0.877473
 -1.52782
 -3.43201
 -1.77191
-0.779443
  0.27944
-0.875489
  -1.5321
 -3.46822
 -1.80284
-0.795312
 0.280034
-0.883335
 -1.54567
 -3.49921
 -1.80149
-0.777558
 0.289611
-0.885977
 -1.54001
 -3.52136
 -1.78822
-0.804717
 0.287874
-0.873698
  -1.5348
-3.58545
-1.78783
-0.79042
0.292621
-0.88152
-1.52549
 -3.63502
 -1.84138
-0.804052
 0.289207
 -0.89405
 -1.52282
 -3.63886
 -1.81455
-0.792389
 0.296352
-0.878133
 -1.53408
  -3.6794
 -1.83799
-0.821667
 0.287365
-0.891236
 -1.53588
  -3.6717
  -1.8254
-0.796485
 0.290641
 -0.88005
 -1.53522
 -3.72643
 -1.84796
-0.799071
 0.291467
-0.889955
 -1.56172
 -3.79225
 -1.88485
-0.815115
 0.290286
-0.898135
 -1.57012
 -3.85703
 -1.92389
-0.781396
 0.289421
-0.901512
 -1.55719
 -3.91177
 -1.87612
-0.780644
 0.308483
-0.916598
 -1.55533
  -3.9804
 -1.95461
-0.800046
 0.294035
-0.915772
 -1.55074
 -4.07534
 -1.94573
-0.789528
 0.307706
-0.928148
 -1.56295
 -4.12856
 -1.99109
 -0.77798
 0.300786
-0.923053
 -1.55576
 -4.18961
 -1.94535
-0.810763
 0.307255
-0.928872
 -1.55953
 -4.23212
 -2.00826
 -0.77618
 0.305492
-0.936906
 -1.55582
 -4.32882
 -1.98939
-0.833538
 0.291427
-0.933634
 -1.56461
 -4.38051
 -2.02922
-0.788021
 0.298819
-0.932774
 -1.56361
 -4.37661
 -2.03853
-0.817254
 0.299752
 -0.92819
 -1.56239
 -4.44129
 -2.08675
-0.801601
 0.306311
-0.942615
 -1.57094
 -4.50237
  -2.0582
 -0.82163
 0.303562
-0.946384
 -1.56762
 -4.57472
 -2.08377
-0.805947
  0.30491
-0.939826
 -1.56295
 -4.64577
 -2.12201
-0.767327
 0.305569
 -0.95037
 -1.57891
 -4.70872
 -2.14965
-0.862058
 0.301602
-0.944789
 -1.57482
 -4.76981
 -2.18466
-0.787328
 0.303407
-0.953182
 -1.56946
 -4.88319
 -2.13132
-0.867879
 0.306996
-0.965701
 -1.57205
 -4.96058
 -2.21033
-0.792984
 0.305013
-0.979169
  -1.5804
 -4.97455
 -2.19478
 -0.79117
 0.311993
-0.977611
 -1.57405
 -5.03183
 -2.22568
-0.837476
 0.318324
-0.974024
 -1.57006
 -5.12146
 -2.26323
-0.771777
 0.314974
-0.986887
 -1.58241
 -5.22196
 -2.25462
-0.840331
 0.312093
-0.986724
 -1.58328
-5.34658
-2.30717
-0.72036
0.318653
-1.01214
-1.57361
 -5.39942
 -2.34066
-0.793414
 0.319736
 -1.01877
 -1.58355
 -5.50113
 -2.35116
-0.848368
   0.3224
 -1.00661
 -1.57624
 -5.63328
 -2.43224
-0.729875
 0.327724
 -1.01998
 -1.57931
-5.74631
-2.37407
-0.86119
0.323971
-1.00849
-1.58919
 -5.77131
 -2.50501
-0.762091
  0.33257
 -1.01414
 -1.59318
 -5.83451
 -2.47651
-0.775367
 0.326713
 -1.02309
 -1.58309
 -5.90392
 -2.45989
-0.854427
 0.318662
 -1.00915
 -1.57237
 -6.04873
  -2.5398
-0.756357
 0.333822
 -1.01922
 -1.59994
 -6.15977
  -2.5623
-0.795472
 0.333179
  -1.0279
 -1.59975
 -6.21742
 -2.58288
-0.837131
 0.334862
 -1.02281
 -1.59135
 -6.34347
 -2.62445
-0.759846
  0.32257
 -1.03089
 -1.58164
 -6.44926
 -2.59198
-0.811693
 0.325874
 -1.02211
   -1.572
-6.58722
-2.70425
-0.77999
0.330225
-1.03696
-1.59089
 -6.62663
 -2.72089
-0.771553
 0.329632
 -1.03668
 -1.58774
 -6.66941
 -2.70845
-0.798955
 0.330037
  -1.0379
 -1.59807
 -6.79039
 -2.77841
-0.741325
 0.335228
 -1.04492
 -1.60552
 -6.90749
 -2.79294
-0.780293
 0.332953
 -1.04052
 -1.59205
  -6.9763
 -2.81588
-0.763402
 0.335671
 -1.03958
 -1.58168
-7.10602
-2.86987
-0.73948
 0.33037
-1.05248
-1.59701
 -7.18371
 -2.85102
-0.787173
 0.327721
 -1.03336
 -1.56764
 -7.31068
 -2.95653
-0.749263
 0.338343
 -1.05802
 -1.58466
 -7.45348
  -2.9809
-0.720089
 0.339275
 -1.06126
 -1.59696
 -7.51707
 -2.95144
-0.751421
 0.340732
 -1.06324
 -1.57852
 -7.59282
 -3.06794
-0.787157
 0.333581
 -1.04238
 -1.59747
 -7.70486
 -3.06432
-0.725617
 0.338301
 -1.07347
 -1.58966
 -7.87368
 -3.07767
-0.715101
 0.329977
 -1.06834
  -1.5678
 -8.04576
 -3.15399
-0.737727
  0.33827
 -1.06099
 -1.56607
 -8.17677
 -3.21357
-0.762775
 0.336926
  -1.0648
 -1.53744
  -8.2745
 -3.27639
-0.677138
 0.340046
 -1.08217
 -1.55724
 -8.39157
 -3.26442
-0.678469
 0.332224
 -1.07813
 -1.53582
 -8.49807
 -3.34045
-0.749157
 0.341006
 -1.06349
  -1.5415
 -8.74363
 -3.41874
-0.672791
 0.337592
 -1.08809
 -1.53413
 -8.85907
 -3.45213
-0.643324
 0.353019
 -1.08256
   -1.529
 -8.99928
 -3.48384
-0.696887
 0.341584
  -1.0661
 -1.52258
 -9.22352
 -3.59096
-0.671655
  0.35014
 -1.07579
 -1.50813
 -9.40867
 -3.65657
-0.636861
 0.341973
 -1.07816
 -1.48897
 -9.55446
 -3.66105
-0.621044
 0.347072
 -1.06792
 -1.47303
 -9.74071
  -3.7659
-0.633365
 0.338305
 -1.06545
 -1.46044
 -10.0382
 -3.88895
-0.624726
 0.337121
 -1.06713
 -1.45794
 -10.3328
 -3.95297
-0.561638
 0.338114
 -1.07387
 -1.43347
-10.7859
-4.08243
-0.55092
0.345808
-1.07747
-1.42736
 -11.0479
 -4.22523
-0.590295
 0.347953
  -1.0609
 -1.41764
   -11.26
   -4.321
-0.483001
 0.343764
 -1.07082
 -1.37429
 -11.5353
 -4.40136
-0.521013
 0.341402
 -1.06085
 -1.36607
 -11.9425
 -4.57476
-0.470906
 0.329467
 -1.05049
 -1.34705
 -12.5793
 -4.79302
-0.449565
  0.34065
 -1.06364
 -1.30158
 -12.9397
 -4.87024
-0.426424
 0.333911
 -1.05593
 -1.26667
 -13.4132
 -5.11784
-0.350406
 0.344765
 -1.05555
 -1.21821
  -13.322
 -5.05522
-0.439239
 0.351146
  -1.0959
 -1.25289
 -11.4611
  -4.4881
-0.375504
 0.344242
 -1.04719
 -1.28338
  -11.08
-4.30613
-0.46554
0.327409
-1.03061
-1.25726
 -10.4484
 -4.10894
-0.492952
 0.333632
 -1.01106
 -1.28479
 -9.46395
 -3.82724
-0.473422
 0.321807
-0.986082
 -1.30784
 -10.0945
 -4.01549
-0.525168
 0.320953
 -1.00866
  -1.3155
 -9.56955
 -3.85304
-0.487291
 0.316862
-0.986469
 -1.32241
 -8.72407
 -3.57736
-0.453494
 0.308813
-0.938821
 -1.31974
 -9.03281
 -3.70903
 -0.53716
 0.312258
-0.947836
 -1.35361
 -8.28297
 -3.46646
-0.524046
 0.308306
-0.908104
 -1.34879
  -8.6355
 -3.52639
-0.557711
 0.301023
 -0.90462
 -1.35607
 -8.54173
 -3.56524
-0.467763
 0.305356
-0.928832
 -1.37748
 -7.94127
  -3.3271
-0.564068
 0.299597
-0.881257
 -1.35814
  -7.9655
 -3.31688
-0.516681
 0.318499
-0.891707
 -1.36857
 -7.80156
 -3.30025
-0.485913
 0.299694
-0.877295
 -1.36828
 -7.43371
 -3.18132
-0.582303
 0.275975
-0.841065
 -1.39064
 -7.61382
 -3.26077
-0.488167
 0.291359
-0.868849
 -1.40359
 -6.94006
  -2.9476
-0.532259
 0.286248
-0.829693
 -1.38809
  -6.9546
 -2.97425
-0.569584
 0.280633
-0.817291
 -1.39219
 -6.73847
  -3.0252
-0.528554
 0.290365
-0.831404
 -1.41323
 -6.48348
 -2.88229
 -0.55061
 0.278019
-0.832149
 -1.41204
 -6.24625
 -2.76515
-0.530744
 0.283113
-0.819361
 -1.40276
  -5.9407
 -2.67801
 -0.58982
 0.271161
-0.781867
 -1.40519
 -5.69698
 -2.70843
-0.593398
 0.265507
-0.760334
 -1.41206
 -5.67608
   -2.606
 -0.58036
 0.272927
-0.784275
 -1.40084
  -5.3066
 -2.48134
-0.591943
 0.263816
-0.759206
  -1.3911
 -5.12375
 -2.49846
 -0.56841
 0.274101
-0.754036
 -1.40383
  -4.7947
 -2.32816
-0.582233
 0.260807
-0.738061
  -1.3884
 -4.72724
 -2.32519
-0.587043
 0.248237
-0.734458
  -1.4016
  -4.6313
 -2.32797
-0.594748
 0.252577
-0.742396
 -1.37915
 -4.41892
 -2.21078
-0.578512
 0.255195
-0.717466
 -1.39237
 -4.19753
 -2.12657
-0.621947
 0.248838
-0.705398
 -1.36346
 -4.02858
 -2.16331
-0.593904
 0.253826
-0.711414
 -1.37902
 -3.91872
  -2.0346
 -0.57666
 0.255876
-0.696109
 -1.36097
 -3.75847
 -2.08349
 -0.62589
 0.238026
-0.692496
 -1.38396
  -3.6789
 -2.02536
-0.590277
 0.240559
-0.698628
 -1.37497
 -3.46642
 -1.93633
-0.597183
 0.239903
-0.685489
 -1.37228
 -3.35414
  -1.9223
 -0.64924
 0.244741
-0.687906
  -1.3852
 -3.27876
 -1.91353
-0.573142
 0.242953
-0.674267
 -1.36481
  -3.0768
  -1.8506
-0.607169
 0.242547
 -0.65729
 -1.36273
 -2.96607
 -1.79682
-0.648127
 0.235539
-0.661004
 -1.38717
 -2.84916
 -1.79766
-0.599744
 0.242573
-0.665166
 -1.35124
 -2.74355
 -1.70416
-0.614808
 0.240536
-0.646119
 -1.34966
 -2.74457
 -1.72676
-0.635714
 0.231826
 -0.65367
 -1.36325
 -2.59214
 -1.72868
-0.588353
  0.23998
-0.650748
 -1.36196
 -2.43421
 -1.63984
-0.621725
   0.2274
-0.638736
 -1.35159
 -2.32281
 -1.62229
-0.650345
 0.222387
-0.638821
 -1.35972
 -2.26444
  -1.5956
-0.608815
 0.227041
-0.628362
 -1.34767
 -2.20897
 -1.57711
-0.606107
 0.222682
-0.640654
 -1.35679
 -2.02439
 -1.61705
-0.592908
 0.243334
-0.616302
  -1.3368
 -1.96407
 -1.56045
-0.611795
 0.227215
-0.608626
 -1.33765
 -1.88363
 -1.47434
-0.625525
 0.235229
-0.621711
 -1.33784
 -1.88931
 -1.49538
 -0.68191
 0.231304
-0.593022
 -1.35176
 -1.79159
  -1.5448
 -0.61302
 0.232723
-0.603195
 -1.33485
 -1.75625
  -1.3703
-0.645173
 0.214383
-0.608808
 -1.32209
 -1.70609
 -1.47729
-0.579834
 0.230541
-0.608375
 -1.33356
 -1.60966
 -1.37526
-0.656245
 0.225903
-0.588113
 -1.31691
 -1.56235
 -1.44855
-0.597818
 0.218786
 -0.58757
 -1.32783
 -1.51095
 -1.37113
-0.618338
 0.219837
-0.590762
 -1.32419
  -1.4352
 -1.37828
-0.678046
 0.224427
-0.586865
  -1.3174
 -1.40442
 -1.38285
-0.613635
 0.214949
-0.577992
 -1.34988
 -1.38591
 -1.31518
-0.615103
 0.213509
-0.580262
 -1.30438
 -1.35161
 -1.35469
 -0.67786
  0.22223
-0.553473
 -1.32445
 -1.29623
 -1.29979
-0.600046
 0.215402
-0.582391
 -1.30647
 -1.20185
 -1.31339
-0.624355
 0.217788
-0.565517
 -1.32798
 -1.18468
 -1.27633
-0.685325
 0.217434
-0.559552
 -1.31185
 -1.18415
 -1.31774
-0.604927
 0.210461
-0.557009
  -1.3151
 -1.14294
 -1.25916
-0.639046
 0.206396
-0.559431
 -1.30904
 -1.10468
 -1.23055
-0.670161
 0.202927
-0.553078
 -1.32389
 -1.04633
 -1.32906
-0.596866
 0.219731
 -0.55771
 -1.32571
 -1.00216
 -1.19002
-0.622091
 0.203727
-0.556007
 -1.30824
-0.967499
 -1.25577
-0.635305
 0.208952
-0.548458
 -1.30355
 -0.96736
 -1.23911
-0.635239
 0.210022
 -0.55908
 -1.32073
-0.918952
 -1.19712
-0.597457
 0.214673
-0.547632
  -1.3093
-0.903725
 -1.20263
-0.666352
 0.217217
-0.539917
 -1.31466
-0.865184
 -1.23357
-0.661424
 0.217631
-0.539549
 -1.29726
-0.846332
 -1.20693
-0.602252
 0.213256
-0.554921
  -1.3081
-0.845502
 -1.21109
-0.638287
  0.21053
-0.534087
 -1.32499
-0.796441
 -1.15828
-0.642549
 0.212479
-0.536742
 -1.30337
-0.784366
 -1.21321
-0.576161
 0.215004
-0.543122
 -1.30865
-0.797111
 -1.13236
 -0.68154
 0.202004
-0.525952
 -1.31925
-0.754219
 -1.19588
-0.636846
 0.203186
-0.538815
 -1.32373
-0.719166
 -1.11023
-0.615614
 0.203635
-0.544136
  -1.3071
-0.719423
 -1.20888
 -0.58138
 0.212297
-0.546256
 -1.31833
-0.694322
 -1.13937
-0.699142
 0.209277
-0.535556
 -1.28978
 -0.64864
 -1.14478
-0.618465
  0.20816
-0.534231
 -1.29285
-0.656541
 -1.11415
-0.630583
 0.198509
 -0.54088
 -1.30411
 -0.66211
 -1.23505
-0.633432
 0.204909
-0.539127
 -1.31169
-0.667314
 -1.10203
-0.614588
 0.208831
 -0.54876
 -1.31377
-0.595374
  -1.0901
-0.597977
 0.213123
-0.530771
 -1.30908
-0.586156
 -1.12402
-0.653085
 0.200193
-0.535811
 -1.29751
-0.593335
 -1.17037
-0.657973
 0.208891
-0.532767
 -1.28367
-0.596012
 -1.09663
-0.586131
 0.204703
-0.543592
 -1.29833
-0.580536
 -1.15022
-0.580011
  0.21791
-0.551467
 -1.30234
-0.544838
 -1.06471
 -0.67854
 0.196259
-0.522542
 -1.29895
-0.544031
 -1.13331
-0.635808
 0.207869
-0.531631
 -1.28716
-0.505238
 -1.09816
-0.661324
 0.201746
-0.515162
 -1.29039
-0.525406
 -1.15804
-0.620697
 0.202669
-0.531486
 -1.30625
 -0.50113
 -1.09394
-0.585606
 0.207789
-0.519186
 -1.27244
-0.461321
  -1.0552
-0.642969
 0.211567
-0.516405
 -1.29266
-0.460693
 -1.13296
 -0.59362
 0.201579
-0.531872
 -1.30822
-0.438624
 -1.07202
-0.637991
 0.202691
-0.512195
 -1.30356
-0.439685
 -1.10276
-0.652403
 0.199167
-0.517862
 -1.29844
-0.485293
 -1.07474
-0.620022
 0.206479
  -0.5228
 -1.28619
-0.433564
 -1.08305
-0.620089
 0.201636
-0.515182
 -1.30575
-0.401697
 -1.02836
 -0.63385
 0.198464
-0.517919
 -1.29914
-0.404929
 -1.11001
-0.651931
 0.194681
-0.520257
 -1.28315
-0.386668
 -1.03215
-0.663634
 0.192921
-0.510299
 -1.28541
-0.395991
 -1.03532
-0.647743
 0.204752
-0.529951
 -1.27902
-0.372453
 -1.08283
-0.668428
 0.189868
-0.521077
  -1.2894
-0.381376
 -1.09453
-0.658427
  0.20625
 -0.51788
 -1.30134
-0.392914
 -1.05338
-0.603186
  0.19992
-0.522083
 -1.31115
-0.349023
 -1.01572
-0.659472
 0.196303
-0.500563
 -1.27814
-0.360869
 -1.11622
-0.576113
 0.194376
-0.521957
 -1.29991
-0.329373
 -1.02757
-0.648072
 0.194778
-0.503013
 -1.28203
 -0.32688
 -1.02856
-0.627909
 0.196473
-0.507142
  -1.2837
-0.318591
 -1.03569
-0.600864
 0.198058
-0.511351
 -1.28018
-0.304266
 -1.07244
-0.673316
 0.192765
-0.499911
 -1.29541
-0.272263
 -1.05782
-0.641082
  0.19301
-0.496548
 -1.28042
-0.273032
-0.995992
-0.658906
 0.192062
-0.497755
  -1.2803
-0.287227
 -1.03735
-0.623016
 0.197298
 -0.50869
 -1.28792
-0.288551
 -1.03191
 -0.62649
 0.201989
 -0.51019
 -1.28723
-0.237308
 -1.05674
-0.650029
  0.19676
-0.509027
  -1.2944
-0.245716
 -1.03001
-0.610324
 0.189674
-0.524432
 -1.27559
-0.225601
 -1.01911
-0.628555
 0.192685
-0.508345
 -1.27927
-0.238619
 -1.05717
-0.590393
 0.195389
-0.515276
 -1.27667
-0.239459
 -1.03044
-0.609181
 0.184556
-0.522427
 -1.28346
-0.222572
-0.995493
-0.617264
 0.208565
-0.505624
 -1.27852
-0.203343
   -1.082
-0.606791
 0.207559
-0.508466
 -1.29647
-0.212532
-0.995895
-0.648637
 0.200446
-0.493497
 -1.28556
-0.218865
 -1.02819
-0.633284
 0.204849
 -0.50007
 -1.29368
-0.203759
 -1.00303
-0.587232
 0.208104
-0.509112
 -1.28597
-0.168731
 -1.01387
-0.655933
  0.20251
-0.482239
 -1.28554
-0.166926
 -1.03917
-0.642684
 0.189923
-0.501575
 -1.28842
-0.162408
-0.973018
-0.658453
 0.192801
-0.490853
 -1.28971
-0.194575
 -1.01784
-0.616633
 0.194535
-0.509034
 -1.28096
 -0.15813
-0.992064
-0.667543
  0.18421
-0.495489
 -1.28463
 -0.14109
-0.992954
-0.662887
 0.196183
-0.499565
 -1.27342
-0.144539
 -1.00989
-0.607857
 0.191538
-0.492036
 -1.27962
-0.168151
-0.991166
-0.642152
 0.193716
-0.500628
 -1.28881
-0.153693
 -0.99959
-0.651859
 0.197066
-0.502582
 -1.28923
-0.146815
-0.984654
-0.631936
 0.196157
 -0.50199
 -1.27493
-0.159151
 -1.00153
 -0.60145
  0.18745
-0.509598
 -1.28961
-0.105872
 -1.01626
-0.627565
 0.193022
-0.493584
  -1.2836
-0.103139
 -0.98635
-0.652828
  0.19371
-0.499585
 -1.27061
-0.101571
 -1.01551
-0.617641
 0.200591
-0.502269
  -1.2885
-0.111768
-0.981572
-0.612384
 0.200002
 -0.50058
 -1.30155
-0.115303
 -1.03622
-0.624657
 0.194597
-0.503634
 -1.28916
-0.087869
-0.954417
-0.654434
 0.194908
-0.490107
 -1.29892
-0.0889085
 -0.983048
 -0.600477
  0.184631
  -0.49399
  -1.27601
-0.0950409
 -0.983334
 -0.614917
  0.193502
 -0.492437
  -1.26558
-0.0954378
 -0.981066
 -0.620051
  0.196799
 -0.494052
  -1.28942
-0.0676965
  -1.01936
  -0.64088
  0.194891
 -0.485559
  -1.28005
-0.0982591
 -0.961926
 -0.624991
  0.193008
 -0.495823
  -1.27988
-0.0828649
  -1.00072
 -0.645807
  0.191043
  -0.49163
   -1.2714
-0.0700008
 -0.932535
 -0.604727
  0.192272
 -0.487356
  -1.26651
-0.0454739
  -1.01698
 -0.652736
  0.199729
 -0.484145
  -1.29956
-0.0523632
  -0.97322
 -0.676376
  0.200855
 -0.491633
  -1.28827
-0.0627774
 -0.987541
 -0.614755
  0.191836
 -0.484794
  -1.29961
-0.0591661
 -0.925906
 -0.617712
  0.200367
 -0.491834
  -1.28459
-0.0535512
 -0.991956
 -0.622227
  0.195357
  -0.49864
  -1.29269
-0.0300098
 -0.995925
 -0.649983
  0.191046
 -0.474544
  -1.29211
-0.0243202
 -0.951477
 -0.634294
  0.187807
 -0.481845
  -1.27257
-0.0254462
 -0.971132
 -0.610167
  0.188358
 -0.480461
  -1.27149
-0.0608175
 -0.937731
 -0.630399
  0.188255
 -0.486514
  -1.27786
-0.000609067
   -0.995816
   -0.621848
    0.196649
   -0.479749
     -1.2853
-0.0116643
 -0.935233
 -0.649477
  0.192713
 -0.483689
  -1.28154
0.00143229
 -0.995655
  -0.62615
  0.197951
 -0.483857
  -1.27817
-0.018061
-0.925521
-0.640768
  0.19021
-0.479448
 -1.27457
-0.00207004
  -0.981955
  -0.631175
   0.186395
   -0.47704
   -1.28509
-0.00774072
  -0.932717
   -0.62287
   0.192495
  -0.486063
   -1.28224
0.00772993
 -0.996938
 -0.630411
  0.186635
 -0.483992
  -1.27019
0.0100439
-0.946741
-0.652826
 0.194196
-0.485219
 -1.29624
0.0209669
 -0.97219
-0.623846
 0.202974
-0.472151
 -1.27711
 0.034138
-0.917999
-0.635618
 0.187584
-0.475424
 -1.28011
0.0616309
-0.953442
-0.640085
 0.193348
-0.465685
 -1.28399
0.0642862
-0.948207
 -0.64937
 0.188956
-0.476544
 -1.29928
0.0745174
-0.972442
-0.627959
 0.187881
-0.474165
 -1.27183
0.0602551
-0.887621
-0.618911
 0.192956
-0.473933
  -1.2815
0.0867227
-0.944936
-0.612259
 0.190497
-0.466523
 -1.27982
0.0660794
-0.913459
-0.642351
 0.191793
-0.490097
 -1.28537
0.0909888
-0.979147
-0.590943
 0.185679
-0.483317
 -1.28082
0.0772385
-0.916427
-0.641152
 0.190087
-0.483786
 -1.28158
0.0940924
-0.900313
-0.634194
 0.185395
-0.479938
 -1.29723
 0.102114
-0.973607
-0.599004
 0.193993
-0.493535
 -1.27882
 0.113526
-0.903719
-0.638377
 0.185473
-0.481157
 -1.28942
 0.125621
-0.960165
 -0.61309
 0.184987
-0.476039
 -1.29353
 0.138719
-0.887437
-0.646679
 0.188777
-0.461475
 -1.28277
 0.145463
-0.973898
-0.649479
 0.193883
 -0.46834
 -1.29146
  0.14241
-0.904166
-0.658201
 0.180656
-0.473138
  -1.2808
 0.117616
-0.894861
-0.643274
 0.184119
-0.475676
 -1.29713
 0.125711
-0.918713
 -0.62885
 0.184155
-0.471542
 -1.28495
 0.116051
-0.878591
-0.635004
 0.195734
-0.472165
 -1.29454
 0.144506
-0.934236
-0.610618
 0.196676
-0.462882
 -1.28658
 0.153974
-0.924548
-0.644308
 0.187514
 -0.46923
   -1.288
 0.153391
-0.920932
-0.616546
 0.185191
-0.463243
 -1.28569
 0.149214
-0.910794
-0.581203
 0.188169
-0.473936
 -1.28882
  0.12722
-0.925579
-0.635344
 0.186496
-0.475875
 -1.29236
 0.148116
-0.933081
-0.614258
 0.187979
-0.469518
  -1.3089
 0.149833
-0.923576
-0.631368
 0.191774
-0.466206
 -1.31298
 0.155487
-0.880731
-0.657229
 0.186415
-0.466115
 -1.30828
 0.140293
-0.959901
-0.616574
 0.192747
-0.463104
 -1.30221
 0.172916
-0.892368
-0.646426
 0.182016
-0.461577
 -1.29133
 0.174964
-0.899581
 -0.64181
 0.189504
 -0.45763
 -1.29302
 0.151016
-0.959723
-0.614768
 0.201565
-0.459453
  -1.3174
 0.160098
-0.882284
-0.659193
 0.187969
-0.465377
 -1.29348
 0.180114
-0.912533
-0.628038
 0.181364
-0.472839
 -1.30218
 0.165534
-0.910801
-0.620293
 0.190708
-0.463349
 -1.29129
 0.173699
 -0.88641
-0.652263
  0.19031
-0.459504
 -1.28842
 0.158753
-0.902174
-0.634911
 0.177412
-0.471021
 -1.29446
 0.152573
-0.952661
 -0.63226
 0.180912
-0.477532
 -1.30346
 0.165756
 -0.91359
-0.655015
 0.184792
-0.464717
  -1.3135
 0.161821
-0.921208
 -0.61572
 0.187745
-0.474977
 -1.31375
 0.172137
-0.905645
-0.624831
  0.17954
 -0.47128
 -1.30048
  0.18427
-0.921344
-0.636622
 0.186674
-0.465632
 -1.30418
 0.206339
-0.919153
-0.639695
 0.181708
 -0.45389
 -1.29223
 0.162926
-0.902222
-0.630521
 0.186337
-0.464563
 -1.30222
 0.152697
-0.901785
-0.599288
 0.184378
-0.471296
 -1.30451
 0.164107
-0.907054
-0.623707
  0.18641
-0.471923
   -1.307
 0.160395
-0.884613
-0.622995
 0.176562
-0.478251
 -1.29583
  0.16435
-0.933828
-0.647208
 0.192895
-0.465558
 -1.30462
 0.155339
-0.861694
-0.613638
 0.192402
-0.467573
 -1.28307
 0.155091
-0.952929
-0.598806
   0.1877
-0.471539
 -1.31939
  0.17604
 -0.88072
-0.647698
  0.18091
-0.470561
 -1.29931
 0.183557
-0.919509
-0.633002
 0.173934
-0.466897
 -1.30546
 0.192212
-0.901835
-0.634963
 0.194244
-0.457542
 -1.30538
 0.194616
-0.921874
-0.628368
  0.17708
-0.469333
 -1.30116
 0.172219
-0.931125
-0.621629
 0.182308
 -0.47143
 -1.30775
 0.184618
 -0.89795
-0.635857
 0.185062
-0.471318
  -1.2907
 0.186608
 -0.89796
-0.634752
  0.18106
-0.467379
 -1.29117
 0.169263
-0.919237
-0.637841
 0.191196
-0.465849
 -1.30814
 0.169978
-0.907217
-0.640235
 0.175082
-0.470484
 -1.30458
  0.16461
-0.901822
-0.628123
 0.174993
-0.471309
 -1.30207
 0.189114
  -0.9164
-0.616251
 0.181661
-0.472488
 -1.28723
 0.164663
-0.885409
-0.648741
 0.183869
-0.464812
 -1.29358
 0.187985
-0.885056
-0.608399
 0.188463
-0.455659
 -1.28036
   0.1599
-0.907483
 -0.61012
 0.175279
-0.480029
 -1.30482
 0.186582
-0.907864
-0.645599
 0.173774
-0.460757
 -1.29546
 0.181501
-0.893511
-0.618059
 0.182983
-0.465628
  -1.2826
 0.189659
-0.918022
-0.625265
  0.18674
-0.462961
 -1.29471
 0.167944
-0.897732
-0.643999
 0.186119
-0.462246
  -1.3023
 0.174089
-0.939482
-0.636946
 0.185724
-0.466497
 -1.30438
 0.186901
 -0.88241
-0.658682
 0.187127
-0.460146
 -1.28746
 0.185708
-0.926321
-0.629684
 0.191942
-0.476104
 -1.31107
 0.199604
-0.922972
-0.614181
 0.190447
-0.462217
 -1.30795
 0.177027
-0.908487
 -0.61995
 0.184964
-0.477741
  -1.2976
 0.150447
 -0.90051
-0.627371
 0.188062
-0.458414
 -1.31392
 0.182875
-0.898785
-0.634529
 0.183086
-0.457379
 -1.28449
 0.168683
-0.907605
-0.619962
 0.183481
-0.459305
 -1.29679
 0.160619
-0.892829
-0.637203
 0.183659
-0.474753
  -1.2989
 0.144266
-0.919224
-0.629236
 0.180716
-0.472365
 -1.28226
 0.178606
-0.914346
-0.627524
 0.185478
-0.461458
 -1.29831
 0.140934
-0.912334
-0.624449
 0.189169
 -0.46703
 -1.30433
 0.187258
-0.915367
-0.624003
 0.188913
-0.464601
 -1.29073
 0.173901
-0.920839
-0.624829
 0.181442
-0.467294
 -1.28924
 0.165228
-0.918345
-0.626356
 0.187693
-0.462943
 -1.30089
  0.16524
-0.918249
-0.621796
 0.190037
-0.472596
 -1.29616
 0.177553
-0.918375
-0.630726
 0.187167
 -0.47289
 -1.29947
 0.171616
-0.911402
-0.628523
 0.179345
 -0.45834
 -1.28927
 0.152241
-0.915718
-0.629813
 0.191835
-0.460428
 -1.29802
 0.171183
-0.909078
 -0.62864
 0.189949
-0.471995
 -1.28765
 0.150204
-0.916781
-0.621749
 0.185027
-0.479499
 -1.29343
 0.179322
-0.908254
-0.628616
 0.191131
 -0.46606
 -1.28387
 0.161622
-0.912553
-0.624214
 0.183927
-0.470588
 -1.29759
 0.177701
-0.918374
-0.635298
 0.192913
-0.461052
 -1.29969
 0.176602
-0.898176
-0.631159
 0.178702
-0.456284
 -1.28592
 0.162335
-0.915013
-0.624121
 0.189288
 -0.46905
 -1.29431
 0.160003
-0.914318
-0.628673
 0.183689
-0.457551
 -1.29845
 0.171518
-0.910064
-0.628851
 0.188759
-0.456212
 -1.29788
 0.173556
-0.918475
-0.631848
 0.190696
-0.457772
 -1.29495
 0.151217
-0.920069
-0.634445
 0.188863
-0.448391
 -1.31387
 0.174236
-0.913839
-0.622688
 0.179052
-0.463581
 -1.28168
 0.157374
-0.912162
-0.624154
 0.184103
-0.465049
 -1.29252
 0.166599
-0.916852
-0.628412
 0.177342
-0.467076
 -1.29549
 0.153816
-0.914606
-0.630726
 0.185012
-0.455937
 -1.28863
 0.169806
-0.903883
-0.626477
 0.186527
-0.469954
 -1.28296
 0.162539
-0.908445
-0.624309
 0.181461
-0.478142
 -1.29779
 0.163024
-0.909803
-0.628952
 0.186811
-0.470641
 -1.30539
 0.175258
-0.909464
-0.628705
 0.184743
-0.474807
 -1.29508
 0.173025
-0.917301
-0.629654
 0.181094
-0.465608
 -1.30104
 0.164255
 -0.91537
-0.627335
 0.181872
-0.467832
 -1.29227
 0.171244
-0.918041
-0.621796
 0.183513
-0.470176
 -1.29915
 0.169705
-0.920211
-0.626209
 0.189057
-0.480116
 -1.29938
 0.168655
-0.915685
-0.627485
 0.189766
-0.471331
  -1.2974
 0.181199
-0.907707
-0.633157
 0.186497
-0.447422
 -1.28655
 0.170491
-0.915956
-0.628336
 0.178526
-0.472068
 -1.29077
 0.160307
-0.923851
-0.628427
 0.189563
-0.469473
 -1.30252
 0.151712
-0.913021
 -0.62357
 0.197051
-0.471126
   -1.315
 0.163657
-0.911945
-0.634419
 0.195342
 -0.46956
 -1.29934
 0.178211
-0.904483
-0.626657
 0.183269
-0.469625
  -1.2957
 0.171481
-0.902891
-0.632214
 0.177382
-0.456171
 -1.29204
 0.150484
-0.910173
-0.628563
 0.180828
-0.467807
 -1.28814
 0.152741
-0.918361
-0.627329
   0.1922
-0.473443
  -1.2921
 0.163279
-0.919067
-0.626315
 0.190971
-0.475716
 -1.30053
 0.185505
-0.916704
-0.629557
 0.189221
-0.459043
 -1.29103
  0.17675
-0.915035
-0.619489
 0.182998
-0.463024
 -1.28961
 0.178249
 -0.91351
-0.621678
 0.176668
-0.466254
 -1.28883
  0.16044
-0.908193
 -0.62766
 0.180394
-0.461789
 -1.29553
 0.160994
-0.909942
-0.624264
  0.18568
-0.466083
 -1.29416
 0.173549
-0.910898
-0.624147
 0.182247
-0.470808
 -1.29364
 0.154087
-0.914923
-0.635612
 0.194605
-0.459924
 -1.30675
  0.17377
-0.902542
-0.632472
 0.192969
-0.467324
 -1.29863
 0.177463
-0.901481
-0.630093
 0.184348
-0.467761
 -1.29409
 0.156485
-0.908776
-0.630692
 0.189518
-0.468228
 -1.27661
 0.161319
-0.911646
-0.628693
 0.186806
-0.475833
  -1.2967
 0.179627
-0.909648
-0.628864
 0.190718
-0.470653
 -1.30042
 0.166949
-0.909358
-0.623387
 0.181756
-0.480227
 -1.31017
 0.174805
-0.906979
-0.623166
 0.185462
-0.461035
 -1.29008
 0.164408
-0.924395
-0.630571
 0.185145
-0.474873
 -1.30294
 0.157828
-0.922647
 -0.61928
 0.183067
-0.472653
 -1.29286
 0.164808
-0.917882
-0.624949
  0.18033
-0.473307
 -1.29113
 0.179493
-0.908901
-0.629949
 0.191395
-0.461674
 -1.29573
   0.1627
-0.917201
-0.627391
 0.185895
-0.472364
 -1.29735
 0.169524
-0.911504
-0.631882
 0.183073
-0.461205
 -1.28878
 0.165251
-0.910061
-0.630058
  0.19365
 -0.47507
 -1.30326
 0.166903
-0.925676
-0.629424
 0.188893
-0.473004
 -1.30167
 0.156219
-0.907258
-0.626879
 0.185289
-0.464247
 -1.30831
 0.168628
-0.908336
-0.628673
 0.177629
-0.468576
 -1.29398
 0.162309
-0.916005
-0.629582
 0.182054
-0.468124
 -1.29448
  0.16188
-0.913665
-0.632029
 0.190527
-0.473186
 -1.29762
 0.165883
  -0.9125
 -0.62997
 0.194013
-0.470788
 -1.30234
 0.169601
-0.912272
-0.632805
 0.181242
-0.464996
 -1.28208
 0.171742
-0.919607
 -0.62636
 0.191761
 -0.47412
 -1.30413
 0.151564
-0.922435
-0.620564
 0.185065
-0.480065
 -1.30085
 0.173463
-0.918664
-0.627615
 0.186863
-0.477768
 -1.31286
  0.15769
 -0.91345
-0.623909
 0.187764
-0.467885
  -1.2816
 0.171254
-0.909705
-0.629978
 0.185208
-0.464867
 -1.30188
 0.159413
-0.912553
-0.627444
 0.181702
-0.466705
 -1.29269
 0.160984
-0.918349
 -0.62876
 0.186536
-0.469294
 -1.31147
 0.143878
 -0.91586
-0.626617
  0.19056
 -0.47234
 -1.30829
 0.154413
-0.916583
-0.627431
 0.193186
-0.471921
 -1.29381
 0.148916
-0.912655
-0.624989
 0.180345
 -0.48304
 -1.28416
 0.161354
 -0.91167
-0.628867
 0.186801
-0.476084
 -1.30586
 0.158051
-0.915477
-0.622955
 0.180721
-0.474686
 -1.29843
 0.181679
-0.910526
-0.630602
 0.184765
-0.469124
 -1.28038
 0.170459
-0.915956
-0.628238
 0.178532
-0.471961
 -1.28618
 0.167385
-0.919063
-0.634223
 0.190864
-0.469238
  -1.3054
 0.161884
-0.914362
-0.633095
 0.182729
-0.470592
 -1.30026
 0.156821
-0.918079
-0.628412
 0.193662
 -0.47379
 -1.29009
 0.162618
-0.909189
-0.627189
  0.18253
-0.475612
 -1.27515
 0.158624
-0.909373
-0.626195
 0.184149
-0.470483
 -1.27959
 0.189984
-0.902201
 -0.64224
 0.184631
-0.457195
 -1.28875
 0.159493
-0.912894
-0.629869
 0.184381
-0.477444
 -1.30381
  0.14489
-0.912408
-0.632262
 0.181059
-0.462594
 -1.30912
 0.151992
-0.915411
-0.633038
 0.192118
-0.466761
 -1.29285
  0.16683
-0.917156
-0.622786
 0.183233
-0.468244
 -1.29133
 0.175341
-0.910066
-0.629859
 0.180029
-0.467434
 -1.30014
 0.191951
-0.909857
-0.627498
  0.18509
-0.472263
 -1.29281
 0.157679
-0.921148
-0.629666
 0.194294
-0.465101
 -1.30103
 0.148295
-0.917184
-0.626524
 0.184213
-0.458879
 -1.30762
  0.18318
-0.907737
-0.625336
 0.182976
 -0.46318
 -1.29122
  0.15665
-0.918291
-0.627161
 0.176255
-0.450176
 -1.28876
 0.175804
-0.911321
-0.629851
 0.187712
 -0.46947
 -1.29843
 0.170365
-0.915876
-0.628291
 0.172568
-0.465454
 -1.29094
 0.148419
-0.917544
-0.622965
   0.1849
 -0.45598
 -1.29664
 0.175846
-0.912051
-0.628768
 0.182033
-0.475711
 -1.30547
 0.170677
-0.907966
-0.630947
 0.182057
-0.469057
 -1.29391
 0.150868
-0.911302
-0.628743
 0.181585
  -0.4597
 -1.29815
  0.15361
-0.913409
-0.628874
  0.18849
 -0.46485
 -1.30615
 0.161929
-0.922075
-0.626011
 0.192685
-0.476315
  -1.2903
 0.156134
-0.915691
-0.630959
 0.187127
 -0.47075
  -1.3049
 0.157676
-0.912621
-0.635593
  0.19522
-0.456949
 -1.30162
 0.163174
-0.910848
-0.628504
 0.182595
 -0.45895
 -1.28569
 0.173952
-0.912825
-0.624931
 0.182143
-0.469894
 -1.28081
 0.155992
-0.914611
-0.625364
 0.188405
-0.464944
 -1.30031
 0.162696
-0.917271
-0.627328
 0.186862
-0.476148
 -1.29495
  0.16622
-0.914477
-0.630798
 0.189867
-0.471018
 -1.29407
 0.165185
-0.910339
-0.624221
   0.1855
-0.471525
 -1.29464
 0.174154
 -0.92136
  -0.6364
 0.188545
-0.460457
 -1.30747
 0.174236
-0.913075
-0.629874
 0.190766
-0.470103
 -1.30133
 0.159016
-0.909578
-0.633602
 0.194678
-0.461198
 -1.30948
 0.155476
-0.912473
 -0.63227
 0.191477
-0.465147
 -1.30575
 0.148664
-0.918373
-0.624239
 0.188059
-0.463004
  -1.3059
 0.161954
-0.914914
-0.629558
 0.181301
-0.476507
 -1.29362
 0.168984
-0.917765
-0.632863
 0.183297
-0.461917
 -1.29384
 0.150606
-0.925958
-0.623945
 0.192995
-0.465479
 -1.30273
 0.172668
-0.915366
-0.630623
 0.189112
-0.462729
 -1.28639
 0.164579
-0.916172
-0.628638
  0.18908
-0.473855
 -1.30155
 0.158137
-0.907323
-0.625592
 0.177324
-0.461264
 -1.30414
 0.175533
-0.910314
-0.626304
 0.183795
-0.459626
   -1.287
 0.155118
-0.911631
-0.628576
 0.185449
-0.463862
  -1.2895
 0.152553
-0.918458
-0.627218
 0.184133
-0.475518
 -1.29203
 0.174574
-0.915062
-0.628379
 0.188746
 -0.47892
  -1.2883
 0.160477
-0.908095
 -0.63556
 0.189319
-0.467956
 -1.29714
 0.160063
-0.914583
-0.633099
 0.188298
-0.458215
 -1.29601
 0.165874
-0.905024
-0.628563
 0.187091
-0.471357
 -1.27826
 0.151477
-0.913701
-0.623949
 0.185245
-0.468728
 -1.28552
 0.172469
-0.914192
-0.620651
 0.187709
 -0.46408
 -1.28859
 0.159989
-0.913989
-0.634349
 0.190893
-0.457136
 -1.30029
 0.169706
-0.919576
-0.629818
 0.193571
-0.469445
 -1.30844
 0.161737
-0.913241
-0.625212
 0.185174
-0.469625
  -1.2933
 0.147505
-0.914068
 -0.62522
 0.187624
-0.466432
 -1.29211
 0.180747
-0.914817
-0.635091
 0.185855
-0.455828
 -1.28709
 0.174234
-0.913015
-0.629923
 0.189802
-0.466338
 -1.30372
 0.179469
-0.909974
-0.622974
 0.178531
-0.468143
 -1.29176
  0.14238
 -0.91809
-0.629645
 0.190823
-0.455236
 -1.29355
 0.159101
-0.910456
-0.626425
 0.188938
-0.461345
 -1.28964
 0.162486
-0.916467
-0.626226
 0.183699
-0.469377
 -1.29485
 0.172465
-0.915266
-0.624102
 0.178549
-0.473242
 -1.30232
 0.159834
-0.914334
-0.623809
 0.182959
  -0.4718
 -1.28212
 0.155548
-0.912881
-0.631171
 0.185991
-0.454925
 -1.30866
 0.155192
 -0.91161
-0.628983
 0.184471
-0.460582
 -1.31022
 0.167962
-0.912946
-0.625302
 0.186728
-0.465151
 -1.29636
 0.162763
-0.909657
 -0.62411
  0.17916
-0.474482
 -1.29163
 0.179264
-0.908866
-0.627433
 0.183531
-0.464563
 -1.28653
 0.158092
-0.915851
-0.627473
 0.182244
-0.480368
 -1.30274
 0.173429
-0.910329
-0.629814
 0.181561
-0.456086
 -1.29586
 0.169017
-0.909764
 -0.63092
 0.181074
-0.470722
 -1.29677
 0.161474
-0.911961
-0.627681
   0.1844
-0.460835
 -1.30203
 0.152735
-0.918487
-0.629536
  0.19201
-0.472413
 -1.29206
 0.152777
-0.918522
-0.636658
 0.186581
-0.450634
 -1.31311
 0.150312
-0.917139
 -0.63297
 0.190175
-0.464539
 -1.29353
  0.16775
-0.920734
-0.632705
  0.18904
-0.461601
 -1.28823
 0.163635
-0.912706
-0.625002
 0.184807
-0.468049
 -1.28188
 0.157713
-0.914271
-0.623124
 0.178037
-0.475656
 -1.30694
 0.185965
-0.910865
-0.632938
 0.186495
-0.464943
 -1.28565
 0.176212
-0.913231
-0.632969
 0.185479
-0.459955
 -1.29036
 0.150496
-0.918789
 -0.62265
 0.180873
-0.479883
 -1.28973
 0.159676
-0.912327
-0.625344
 0.194019
-0.464706
 -1.29281
 0.153759
-0.914713
-0.628591
 0.183104
-0.465962
 -1.29757
 0.159015
-0.910103
-0.632492
 0.186116
-0.455895
 -1.31454
  0.18512
-0.907921
-0.626368
 0.174805
-0.459255
  -1.2916
 0.142325
-0.918706
-0.624006
 0.182471
-0.468392
 -1.29823
 0.153682
-0.914674
-0.628233
 0.183118
-0.465475
 -1.27924
 0.149678
-0.914561
-0.635494
 0.185757
-0.452686
   -1.304
 0.163545
 -0.91221
-0.624232
 0.185478
 -0.47708
 -1.29969
 0.174307
-0.914213
-0.629339
 0.183465
-0.463188
 -1.27921
 0.157801
-0.914233
-0.627329
 0.183802
-0.463342
 -1.28882
 0.168456
-0.915788
-0.627367
   0.1817
-0.473417
 -1.29732
 0.144393
-0.918152
-0.626535
 0.184001
-0.457676
 -1.30993
 0.163541
-0.920727
-0.635116
 0.187862
-0.467939
 -1.29883
 0.163744
-0.912613
-0.625189
 0.187879
-0.463378
 -1.28889
 0.152246
-0.916385
-0.626658
 0.186348
-0.468015
 -1.31425
 0.165584
-0.912581
-0.627443
 0.183072
-0.478597
 -1.29529
 0.174891
-0.907598
-0.621984
  0.18287
-0.462263
 -1.29038
 0.183624
-0.909084
-0.629788
 0.188335
-0.455452
 -1.28965
 0.142225
-0.917882
-0.620712
 0.185469
-0.469311
 -1.29798
 0.173338
-0.909963
-0.633096
 0.185887
-0.461368
 -1.29073
 0.184931
-0.906776
-0.628638
 0.180964
-0.460624
 -1.28859
 0.158963
-0.918902
-0.628363
 0.187893
-0.473937
 -1.29299
 0.162623
 -0.91744
-0.629589
 0.182622
-0.476249
 -1.29947
 0.148286
-0.916561
 -0.62539
  0.19298
-0.465265
 -1.30258
 0.150518
-0.918359
-0.630734
 0.184977
-0.467066
 -1.29873
  0.15031
-0.925086
-0.628195
  0.19685
-0.474241
 -1.29027
 0.181645
-0.909535
-0.627357
  0.18988
-0.461376
 -1.28037
 0.147567
-0.914922
-0.626449
 0.181744
-0.471742
 -1.30371
 0.162528
-0.916237
-0.634239
 0.190691
-0.467994
 -1.30124
 0.148207
-0.918257
-0.624943
 0.179326
-0.484764
 -1.29349
 0.161626
-0.912313
 -0.63001
 0.192083
-0.474197
 -1.30619
 0.153328
-0.912235
-0.633472
 0.187522
-0.454892
 -1.31026
 0.169949
-0.904316
-0.627683
 0.183928
-0.453913
 -1.28825
 0.157399
-0.920764
-0.630616
 0.190746
-0.473509
 -1.29586
 0.161735
-0.913309
-0.625154
 0.186138
-0.473403
  -1.2909
 0.177005
-0.907664
-0.632991
 0.191504
-0.461001
 -1.27866
   0.1509
-0.919275
-0.624138
 0.188255
-0.469657
 -1.30405
 0.155725
-0.922594
-0.632785
 0.188601
-0.470214
 -1.29652
  0.14903
-0.919156
-0.625281
 0.200268
-0.471389
 -1.29909
 0.182374
-0.904759
-0.630774
 0.182899
-0.456137
 -1.27822
 0.152772
-0.910565
-0.634484
  0.18533
-0.462964
 -1.30448
 0.160227
-0.915074
-0.627781
 0.187053
-0.465799
 -1.31231
 0.174544
-0.906721
-0.626423
 0.181715
-0.468518
 -1.28945
 0.150346
-0.917589
-0.627481
 0.183934
-0.469133
 -1.30303
 0.163555
-0.920645
-0.630645
 0.190187
 -0.47772
 -1.29868
  0.14993
  -0.9155
-0.628669
 0.185004
-0.456064
 -1.30013
 0.165163
-0.911095
-0.635464
 0.182381
-0.475176
 -1.30341
 0.156047
-0.915377
-0.626187
  0.18658
-0.468628
 -1.28902
  0.15427
-0.916273
-0.622837
 0.187633
-0.467309
 -1.28945
 0.164539
-0.916742
-0.627293
  0.18149
-0.472083
 -1.29505
 0.164109
-0.914877
-0.626356
 0.182564
-0.476662
  -1.3009
 0.169565
-0.911219
-0.625448
 0.183668
-0.464775
 -1.30261
 0.165826
-0.921218
-0.630538
 0.190574
-0.467894
  -1.2927
 0.157907
-0.914093
-0.625234
 0.188038
-0.463502
 -1.29346
 0.154677
 -0.91873
 -0.63052
 0.184802
-0.472253
 -1.29005
 0.143442
-0.914593
-0.628664
 0.185768
-0.464114
 -1.29864
 0.156125
-0.915543
-0.626441
 0.188494
-0.476654
 -1.30256
 0.162257
-0.915245
-0.628364
 0.188903
-0.466743
 -1.28506
 0.159911
-0.914078
-0.629719
 0.191111
 -0.47549
 -1.29531
 0.152757
-0.919194
 -0.63069
 0.184207
-0.469942
 -1.29928
 0.169593
-0.912288
-0.632785
 0.181248
-0.465025
 -1.28207
 0.158269
-0.915094
-0.633434
 0.192702
-0.458903
 -1.31204
 0.168286
-0.914594
-0.629775
 0.186893
-0.471143
 -1.30128
 0.155711
-0.921572
-0.625031
 0.197002
-0.475994
 -1.29397
 0.152614
-0.910186
-0.627536
  0.18094
-0.463035
 -1.29318
  0.17432
-0.914007
-0.624969
 0.183863
-0.465435
 -1.28385
 0.167526
-0.911592
-0.620469
 0.186389
-0.475161
 -1.27722
 0.162943
-0.909563
-0.626529
  0.18511
-0.463843
 -1.29645
 0.181183
-0.908455
-0.629535
 0.182963
-0.462055
 -1.27966
 0.142819
-0.919166
-0.623206
  0.19602
-0.465741
 -1.30783
 0.155821
 -0.92331
-0.633848
 0.185804
 -0.47036
 -1.29679
 0.151255
-0.912682
-0.628712
 0.186194
-0.466672
 -1.29858
 0.168024
-0.906063
-0.632972
 0.180921
-0.469382
 -1.28111
 0.173841
-0.911129
-0.620711
 0.190053
-0.462123
  -1.2851
 0.145704
-0.916684
-0.628173
 0.174614
-0.465101
 -1.28381
 0.144777
-0.920081
-0.635228
 0.189738
-0.467818
 -1.30088
 0.164299
-0.907116
-0.637956
 0.182402
 -0.45797
 -1.30652
  0.17261
-0.915862
-0.625079
 0.178834
-0.468358
 -1.29585
 0.151556
-0.914634
 -0.62937
 0.182053
-0.466646
 -1.28115
 0.171746
 -0.91155
-0.628521
  0.19031
-0.467769
 -1.28671
 0.178125
-0.904623
-0.630778
  0.18193
-0.463293
 -1.27968
 0.174822
-0.915267
-0.627472
  0.18941
-0.459117
 -1.29606
 0.153795
-0.914738
-0.628763
 0.183099
-0.466214
 -1.30673
 0.145927
-0.907095
 -0.62438
 0.194135
-0.469633
  -1.2909
  0.15967
-0.921335
-0.626348
 0.189407
-0.474977
 -1.30804
 0.175777
-0.911261
-0.629798
 0.186755
-0.465602
 -1.29623
 0.156834
-0.919176
 -0.62161
 0.180792
-0.480509
 -1.29527
 0.168636
-0.907007
-0.620884
 0.186229
-0.457919
 -1.28728
 0.165327
-0.918805
-0.622806
 0.189368
 -0.46398
 -1.29207
 0.156925
-0.918582
-0.627425
 0.189137
-0.467602
 -1.29976
 0.145306
-0.913073
-0.633216
 0.196353
-0.465954
 -1.29556
 0.144174
-0.918331
-0.628482
 0.175734
-0.458436
 -1.30067
 0.160945
-0.918691
-0.632911
 0.188078
-0.474503
 -1.29744
 0.167751
-0.912367
-0.638975
 0.186876
 -0.45886
  -1.3093
 0.176691
-0.906511
-0.635537
  0.18765
-0.457253
 -1.29412
 0.155488
-0.913662
-0.624917
 0.185553
-0.481532
 -1.28087
 0.164066
-0.914685
-0.623999
 0.181808
-0.473713
 -1.29416
  0.16507
-0.909908
-0.627454
 0.188869
-0.472933
 -1.28731
 0.155283
-0.912221
-0.627812
 0.181876
-0.461798
 -1.31053
 0.149835
-0.915513
-0.624006
  0.18426
 -0.47052
 -1.29297
