-0.0182387
 0.0369552
-0.0138893
-0.0404359
0.00845707
 -0.032815
 -0.0311194
  0.0461593
 -0.0152128
 -0.0470172
-0.00396972
 -0.0310404
-0.00370237
  0.0361238
 0.00434455
 -0.0530302
-0.00175318
 -0.0240627
-0.0220711
 0.0513821
-0.0186991
 -0.043006
-0.0148711
-0.0290985
-0.000406862
    0.040794
  0.00167723
  -0.0399146
 -0.00304586
   -0.031276
 -0.0129827
  0.0484262
-0.00408881
 -0.0472942
 -0.0175649
 -0.0322438
 -0.0179006
   0.043548
 -0.0118885
 -0.0420955
-0.00831872
 -0.0361507
-0.0228059
 0.0389154
-0.0107118
-0.0332091
-0.0147359
-0.0375735
-0.0242617
 0.0351147
-0.0013396
-0.0510979
-0.0125394
-0.0305621
-0.0121288
 0.0544525
-0.0101015
-0.0360086
-0.0108598
-0.0363506
-0.0214522
 0.0322787
-0.0145987
-0.0394204
-0.0176045
-0.0244561
 -0.0190011
  0.0388703
-0.00570385
 -0.0479729
 -0.0133104
 -0.0177123
-0.00914748
  0.0492487
  -0.022791
 -0.0429912
-0.00382324
 -0.0134708
 -0.035982
 0.0481233
-0.0160664
-0.0520981
-0.0112837
-0.0177593
-0.0398629
 0.0472015
-0.0138939
-0.0511547
-0.0150182
-0.0222925
 -0.0508341
  0.0261637
-0.00445835
  -0.035981
 -0.0179199
 -0.0266459
-0.0751287
 0.0316299
 -0.015606
-0.0365955
-0.0113755
-0.0139655
 -0.081626
 0.0411132
-0.0116193
-0.0445997
-0.0026558
-0.0230446
 -0.0822642
-0.00651307
 0.00550224
 -0.0473284
-0.00996329
 -0.0366646
 -0.0801939
  0.0611863
 0.00808236
 -0.0431738
 -0.0165115
-0.00753592
-0.0598349
 0.0364961
-0.0180518
-0.0376763
-0.0201485
-0.0199302
 -0.0871578
  0.0131893
-0.00371931
 -0.0406154
 -0.0120433
 -0.0125733
   -0.10645
  0.0325578
-0.00231815
 -0.0445236
 -0.0124999
 -0.0196433
-0.0970448
-0.0298347
 0.0300697
-0.0422063
-0.0247223
-0.0190832
-0.0995635
 0.0454477
-0.0262303
-0.0430058
 -0.022629
-0.0219726
 -0.0964905
  0.0408616
 -0.0156891
 -0.0525166
 -0.0199705
-0.00908439
-0.0778751
0.00129688
0.00550028
-0.0397122
-0.0117759
-0.0174638
-0.0968581
  0.033837
-0.0302675
-0.0475401
-0.0211923
 -0.022964
 -0.0794729
-0.00278498
 -0.0198318
  -0.044919
 -0.0219179
 -0.0128508
  -0.11801
 0.0186364
-0.0185623
-0.0565582
 -0.012544
-0.0238921
  -0.0948208
    0.045067
-0.000702322
  -0.0405212
 -0.00749552
  -0.0246597
  -0.088238
 0.00694423
 -0.0267827
 -0.0521811
-0.00855169
-0.00965846
   -0.10972
  0.0202683
-0.00287852
 -0.0449327
 -0.0156161
 -0.0134021
  -0.117206
  0.0170038
 0.00742803
 -0.0494697
 -0.0147982
-0.00773522
  -0.121953
  0.0625945
  0.0158981
 -0.0452683
 -0.0159817
-0.00237309
-0.0972439
0.00943004
-0.0310398
 -0.044874
-0.0301402
0.00504349
 -0.118521
 0.0130454
-0.0204531
-0.0446944
-0.0133943
-0.0125529
  -0.126321
 0.00256395
-0.00226939
 -0.0526519
 -0.0228639
 -0.0194359
 -0.122212
0.00490953
  0.017622
-0.0423682
-0.0152123
  -0.01791
  -0.147776
  0.0226677
-0.00535803
 -0.0531126
 -0.0134128
 -0.0237311
  -0.14553
-0.0200616
-0.0206108
-0.0374995
-0.0214398
-0.0199171
 -0.130751
 0.0142128
0.00433065
-0.0342411
-0.0103114
0.00860688
  -0.148072
  0.0308619
 -0.0376139
 -0.0483977
 -0.0108365
-0.00218089
  -0.157447
-0.00416188
  0.0182474
 -0.0415766
 -0.0311814
-0.00364899
  -0.179527
-0.00976261
 -0.0204762
 -0.0509358
 -0.0210538
 0.00039452
 -0.173703
-0.0404723
-0.0176206
-0.0366081
-0.0274468
-0.0168706
 -0.188035
 0.0432223
0.00223726
-0.0515353
-0.0159511
0.00635677
 -0.169829
-0.0813401
 -0.025235
-0.0318223
-0.0164859
-0.0203407
   -0.19353
 0.00571543
 -0.0312793
 -0.0423055
 -0.0132751
-0.00191626
 -0.194617
  0.055143
 0.0201709
-0.0422818
-0.0268782
-0.0199946
  -0.187719
 -0.0948706
 -0.0345668
 -0.0496189
-0.00485154
 -0.0152477
 -0.195116
 0.0295181
0.00734804
-0.0533964
 -0.024945
 0.0123175
  -0.212211
 -0.0120522
 -0.0262245
  -0.057136
-0.00967906
 -0.0106499
 -0.208956
-0.0723905
0.00909406
-0.0327964
-0.0182085
-0.0133187
  -0.21395
 0.0649362
0.00596406
-0.0440772
-0.0266722
 0.0128534
 -0.183637
-0.0521243
-0.0371431
-0.0402603
-0.0262087
  -0.01094
  -0.225885
    0.02037
 0.00951809
 -0.0474261
 -0.0346535
-0.00410856
  -0.237161
 -0.0536314
 -0.0458521
 -0.0387057
-0.00814048
 0.00370724
  -0.217628
 -0.0700222
  0.0214439
 -0.0374669
  0.0057977
-0.00583008
 -0.263503
 0.0116786
-0.0257496
-0.0436698
-0.0295856
 0.0071885
 -0.282869
-0.0259065
-0.0112739
-0.0315466
-0.0310044
0.00266742
  -0.296941
 -0.0805236
 -0.0159292
  -0.053279
 -0.0209673
-0.00288031
  -0.314965
   0.012991
  0.0195639
 -0.0441637
 -0.0222014
-0.00487506
 -0.276433
 -0.112372
-0.0159305
-0.0376606
-0.0272941
 0.0006627
 -0.288157
-0.0202951
 0.0108104
-0.0381771
-0.0181695
 0.0019455
 -0.293045
 -0.070715
 -0.027424
-0.0439737
-0.0172198
0.00397879
  -0.308584
 -0.0220673
-0.00253773
 -0.0384825
 -0.0132196
 0.00178822
  -0.300546
 -0.0414616
 -0.0442181
 -0.0512768
 -0.0208391
-0.00793536
  -0.300439
 -0.0403255
 -0.0263461
 -0.0435141
 -0.0193521
0.000705291
  -0.299336
 -0.0870096
 -0.0248108
 -0.0406898
  -0.024109
-0.00508038
 -0.316033
-0.0173321
 0.0323155
-0.0555567
-0.0223492
 0.0148046
  -0.336842
 -0.0690706
-0.00173692
   -0.04622
 -0.0351845
 0.00689674
 -0.326003
-0.0681957
 0.0171222
-0.0323657
-0.0135706
 0.0133671
   -0.3542
-0.0680494
-0.0406717
-0.0512629
-0.0199051
 0.0155871
 -0.336468
-0.0539558
-0.0245429
-0.0407439
-0.0202971
 0.0146038
   -0.32122
-0.00556861
-0.00491593
 -0.0421969
 -0.0309916
  0.0186482
  -0.348855
 -0.0878655
-0.00926683
  -0.049261
 -0.0267958
 -0.0140725
   -0.363917
  -0.0428236
  0.00273947
  -0.0468991
  -0.0368305
-0.000725309
 -0.374606
-0.0691445
-0.0507763
-0.0426076
-0.0225176
  0.015851
  -0.323011
 -0.0318106
-0.00497029
 -0.0427282
 -0.0104781
  0.0288142
   -0.37131
 -0.0287605
-0.00436356
 -0.0364087
 -0.0256445
  0.0112627
  -0.393387
 -0.0919746
-0.00658682
 -0.0476599
 -0.0165837
 0.00713564
 -0.395271
-0.0676873
-0.0018503
 -0.049249
-0.0341852
0.00532038
  -0.393906
 -0.0987965
 -0.0333247
 -0.0430028
-0.00341142
 0.00267985
 -0.387871
-0.0306912
-0.0129634
-0.0505268
-0.0234105
 0.0196118
  -0.395132
 -0.0909294
  0.0219981
 -0.0375893
 -0.0261094
-0.00714832
 -0.400342
-0.0974784
-0.0161805
-0.0413007
-0.0107753
 0.0263126
  -0.418243
 -0.0756838
 -0.0343871
 -0.0420965
 -0.0167857
-0.00834147
 -0.388255
-0.0724084
-0.0358818
-0.0442579
-0.0271394
 0.0290603
 -0.377294
-0.0371997
 0.0136959
-0.0372285
-0.0237476
0.00698382
  -0.408337
  -0.167381
 -0.0420722
 -0.0408457
-0.00774748
-0.00176804
  -0.408023
 -0.0826307
-0.00116157
 -0.0430675
 -0.0224165
  0.0200025
 -0.448664
-0.0543747
-0.0290689
-0.0522345
 -0.030898
 0.0100392
 -0.455849
-0.0878928
 0.0456213
-0.0423586
-0.0258587
0.00933972
 -0.455152
 -0.094133
-0.0188933
-0.0441462
-0.0226623
0.00743107
 -0.422016
-0.0349806
0.00400812
-0.0551367
-0.0317519
 0.0233225
 -0.446444
-0.0961688
-0.0184935
-0.0408608
-0.0362021
 0.0219616
  -0.460208
  -0.115829
0.000158859
 -0.0481422
 -0.0300255
  0.0269403
 -0.473421
-0.0458725
-0.0356811
-0.0426027
-0.0195208
 0.0397599
 -0.478862
-0.0652457
-0.0173919
-0.0420002
-0.0348973
 0.0240574
 -0.502927
 -0.135801
-0.0239632
-0.0354534
-0.0215888
 0.0213604
 -0.499475
-0.0919359
-0.0206752
-0.0478914
-0.0306935
 0.0324102
 -0.517274
-0.0786228
-0.0314676
-0.0517915
-0.0127623
 0.0200454
  -0.547542
  -0.156628
-0.00325518
 -0.0451479
 -0.0261002
  0.0114273
 -0.535127
 -0.138499
 0.0025653
-0.0378177
-0.0295528
0.00216626
 -0.522404
-0.0827947
-0.0142062
-0.0466857
-0.0397049
 0.0348412
  -0.517573
  -0.109006
-0.00898981
 -0.0357485
  -0.015204
  0.0323101
 -0.540873
 -0.151233
-0.0154974
-0.0482821
-0.0358392
 0.0119368
 -0.551015
 -0.108947
-0.0098965
 -0.042085
-0.0260864
  0.039077
 -0.568273
  -0.12199
0.00136272
-0.0395525
-0.0244517
 0.0228975
 -0.576702
 -0.156261
0.00518015
-0.0446862
-0.0364432
 0.0356516
 -0.611536
-0.0998258
-0.0304525
-0.0426182
-0.0270583
  0.035598
 -0.630637
 -0.129579
0.00381904
-0.0353679
-0.0345159
 0.0292556
 -0.613443
  -0.13116
 0.0147496
-0.0370509
-0.0256129
 0.0140855
 -0.626956
 -0.105426
-0.0660626
-0.0366626
-0.0104951
 0.0406877
 -0.630979
 -0.164199
-0.0396671
-0.0362162
-0.0251516
 0.0288867
 -0.636457
 -0.148008
  0.011116
 -0.036315
-0.0361286
 0.0324319
  -0.65591
-0.0798542
-0.0369258
-0.0422963
-0.0348974
 0.0392941
 -0.646325
 -0.272705
-0.0501767
-0.0431943
-0.0313863
 0.0335942
  -0.703621
  -0.102945
-0.00289071
 -0.0423618
 -0.0216239
  0.0364122
 -0.694357
 -0.184665
 -0.027845
-0.0398299
-0.0275499
 0.0377005
  -0.701715
  -0.161299
-0.00863267
 -0.0303421
 -0.0331618
  0.0394431
 -0.695957
 -0.109877
-0.0201484
-0.0432123
-0.0163985
 0.0490278
 -0.728488
  -0.17267
-0.0213491
-0.0472866
-0.0294709
  0.040179
 -0.738008
 -0.176151
-0.0391781
 -0.037019
 -0.033058
 0.0384672
 -0.740502
 -0.119725
 0.0371084
-0.0420155
-0.0229091
 0.0468222
 -0.732059
 -0.182047
-0.0123114
-0.0444808
-0.0129736
 0.0236403
 -0.758646
 -0.220808
-0.0609394
-0.0438223
-0.0344608
 0.0327665
 -0.780538
 -0.193874
 0.0219758
-0.0311506
-0.0351361
 0.0571787
  -0.800664
  -0.181185
-0.00875868
 -0.0383964
 -0.0299463
  0.0417615
 -0.810029
 -0.204283
-0.0331215
-0.0445486
-0.0231429
 0.0607035
 -0.811343
 -0.139985
-0.0385848
-0.0444271
-0.0300207
 0.0707738
 -0.818152
 -0.172237
-0.0452295
-0.0487151
-0.0277532
 0.0682871
  -0.855424
  -0.254191
-0.00045659
 -0.0412351
 -0.0345536
  0.0460114
 -0.875404
 -0.183604
-0.0429134
 -0.050525
-0.0204478
 0.0624803
 -0.914004
 -0.185379
-0.0229222
-0.0475187
-0.0193072
 0.0605181
 -0.901871
 -0.209649
-0.0285273
-0.0392642
-0.0289903
  0.071321
 -0.910723
 -0.241926
 -0.038596
-0.0407811
 -0.025691
 0.0714943
 -0.931352
 -0.173617
-0.0130979
-0.0513535
-0.0146971
 0.0719536
  -0.95495
 -0.286739
  0.029764
-0.0397979
-0.0375314
 0.0685732
 -0.991449
 -0.244128
-0.0722227
-0.0397918
-0.0345431
 0.0683973
   -1.0023
 -0.129781
-0.0199424
-0.0443151
-0.0350685
 0.0950524
   -1.00492
  -0.380577
-0.00698708
 -0.0313141
 -0.0360705
  0.0808149
  -1.02846
 -0.227331
-0.0639819
  -0.03509
-0.0277812
 0.0753558
  -1.01032
 -0.224411
-0.0211032
-0.0437115
-0.0339318
 0.0954274
  -1.00304
  -0.28783
-0.0187818
-0.0448554
-0.0170809
 0.0986131
  -1.07912
 -0.268573
-0.0958454
-0.0459038
-0.0199467
 0.0842175
    -1.099
 -0.308662
0.00913462
-0.0334515
-0.0385751
 0.0880475
  -1.11028
 -0.265584
-0.0341925
-0.0420168
-0.0329323
  0.109353
  -1.12332
 -0.282112
-0.0762885
-0.0427335
-0.0353062
 0.0940864
  -1.12115
 -0.311467
 0.0173177
-0.0403203
-0.0263385
  0.104535
  -1.15137
 -0.276215
-0.0700152
-0.0386896
-0.0151418
 0.0921633
  -1.17489
 -0.297381
-0.0412583
-0.0345483
 -0.026008
 0.0999554
   -1.2242
 -0.273925
-0.0442496
-0.0294766
-0.0410559
   0.11284
  -1.26649
 -0.305883
-0.0369416
-0.0487911
-0.0274016
  0.131875
  -1.30889
 -0.343684
-0.0429511
  -0.04162
-0.0278342
  0.105816
  -1.32112
 -0.343893
 -0.036375
-0.0351129
 -0.042051
  0.100409
    -1.35534
   -0.362881
-0.000800816
  -0.0301698
  -0.0384781
    0.111829
  -1.36678
 -0.328803
-0.0616537
 -0.044058
 -0.026549
  0.127394
  -1.42911
 -0.370937
-0.0580492
-0.0502093
-0.0234334
   0.12398
   -1.44306
  -0.421257
-0.00714676
 -0.0394425
 -0.0408172
   0.127461
   -1.5035
 -0.337596
-0.0533294
-0.0436417
-0.0369694
  0.143883
  -1.50545
 -0.506499
-0.0272089
-0.0392087
-0.0240519
  0.150445
  -1.57365
 -0.329258
-0.0367962
-0.0374647
-0.0446456
  0.155358
  -1.59194
 -0.452075
-0.0781253
-0.0390919
-0.0337774
  0.154787
   -1.64377
  -0.397324
-0.00958294
 -0.0362992
 -0.0429696
   0.160124
  -1.69376
 -0.520189
 -0.102453
-0.0391242
-0.0237674
  0.161157
  -1.73986
 -0.493401
 0.0381457
-0.0298549
-0.0384433
  0.171947
   -1.80718
  -0.450367
-0.00884809
 -0.0442807
 -0.0380776
   0.170362
  -1.87346
 -0.541507
-0.0944489
-0.0553745
  -0.03078
  0.197357
  -1.91707
 -0.418982
-0.0608314
-0.0451736
-0.0280937
  0.205073
  -2.04382
 -0.612745
-0.0442302
 -0.043223
-0.0368484
  0.193221
  -2.08466
 -0.539035
-0.0637156
-0.0381725
-0.0410978
  0.192405
  -2.08118
 -0.628708
-0.0211268
-0.0414698
-0.0415061
  0.216546
  -2.19068
 -0.565649
-0.0812817
-0.0494186
-0.0384318
  0.227711
  -2.27835
 -0.645996
-0.0450247
-0.0407189
-0.0486466
  0.235679
  -2.36563
 -0.629762
-0.0525336
-0.0526008
-0.0419253
   0.26521
  -2.48139
 -0.727764
 -0.109484
-0.0513499
-0.0484041
  0.268531
  -2.51575
 -0.682799
-0.0195345
-0.0317274
-0.0659846
  0.275428
  -2.66479
   -0.7324
 -0.125007
 -0.044646
-0.0477123
  0.290935
  -2.73609
 -0.759814
-0.0467607
-0.0468952
 -0.056044
  0.314732
  -2.95606
  -0.86037
-0.0375982
-0.0431519
 -0.063057
   0.32557
  -3.09628
 -0.873484
-0.0755663
-0.0422541
-0.0400738
  0.362403
  -3.16927
  -0.89643
-0.0433983
-0.0445229
-0.0546932
  0.379573
  -3.31858
 -0.926163
  -0.12864
 -0.045042
-0.0665982
  0.376917
  -3.48056
 -0.998767
-0.0752076
-0.0410751
-0.0567559
  0.418557
  -3.70756
  -1.13873
-0.0593994
-0.0410956
-0.0651024
  0.427455
  -3.83969
  -1.09138
-0.0565747
-0.0514358
-0.0728176
  0.476589
  -3.99164
  -1.13835
 -0.175651
-0.0691805
-0.0508671
   0.48279
  -4.19177
  -1.19595
 -0.085139
-0.0474223
-0.0674559
  0.516489
  -4.39215
  -1.30832
-0.0511519
-0.0427436
-0.0818115
  0.550514
  -4.66432
  -1.40487
 -0.151453
-0.0509124
-0.0628914
  0.569732
  -4.83062
  -1.38224
-0.0666241
-0.0478351
-0.0900257
  0.600656
   -5.0466
  -1.50585
 -0.156677
-0.0582244
-0.0733104
  0.659784
  -5.33833
  -1.62375
-0.0935856
-0.0527875
-0.0795424
  0.677192
  -5.62144
   -1.6613
 -0.101708
-0.0461293
-0.0789828
  0.709306
  -5.97821
  -1.84579
  -0.19125
-0.0486449
-0.0999152
  0.776153
   -6.1626
  -1.81505
-0.0753851
-0.0446729
 -0.120801
   0.81571
  -6.43503
  -1.94973
 -0.256504
 -0.066486
-0.0763277
  0.848307
  -6.87531
  -2.07623
  -0.11418
-0.0596098
 -0.114633
   0.91501
  -7.27728
  -2.22363
  -0.15279
-0.0468258
 -0.118321
  0.996463
  -7.70323
  -2.33486
 -0.209601
-0.0604895
 -0.128313
   1.03481
  -7.88495
   -2.3631
 -0.198892
-0.0569743
 -0.133429
   1.06291
  -8.22048
  -2.57159
 -0.235227
-0.0499735
 -0.142878
   1.12869
 -8.85103
 -2.72325
-0.226227
-0.049382
 -0.14785
   1.2213
  -9.23477
  -2.81512
 -0.190977
-0.0454426
 -0.167476
   1.28195
  -9.58852
  -3.00273
 -0.252378
-0.0555931
 -0.177771
   1.31525
  -10.0147
  -3.14458
  -0.27381
-0.0556589
 -0.192511
    1.3859
  -10.4374
  -3.25468
  -0.27767
-0.0241362
 -0.210417
   1.44929
  -11.0684
  -3.40005
 -0.273504
-0.0465571
 -0.222063
   1.57054
  -11.6209
  -3.63399
 -0.380815
-0.0584314
 -0.207226
   1.64629
  -11.8616
  -3.75934
 -0.322305
-0.0548766
  -0.23731
      1.68
 -12.2626
 -3.87691
 -0.34891
-0.045515
-0.251917
   1.7611
  -12.9699
  -3.96045
 -0.328077
-0.0459784
 -0.279185
   1.87414
  -13.6171
  -4.32134
 -0.364605
-0.0375029
 -0.293748
   1.98567
  -14.3063
  -4.47265
 -0.494897
-0.0575583
 -0.294158
   2.07656
  -14.5779
  -4.65287
 -0.341452
-0.0554194
 -0.314222
   2.09849
  -14.8512
  -4.67662
 -0.455341
-0.0424113
 -0.329101
   2.13758
  -14.5937
  -4.53576
  -0.39865
-0.0347342
 -0.297633
   2.01951
 -14.1217
 -4.36987
-0.381397
-0.049089
-0.289305
  1.89086
  -13.6325
  -4.18517
 -0.455645
-0.0552776
 -0.247179
   1.79107
 -12.8414
 -3.89142
-0.338158
-0.051401
-0.242592
  1.60328
  -12.5942
  -3.75605
 -0.361055
-0.0609281
  -0.22601
   1.48655
  -12.4073
   -3.6693
 -0.347368
-0.0621135
 -0.208759
   1.42569
  -11.4628
  -3.30526
 -0.217818
-0.0568301
 -0.177962
   1.23088
  -11.1869
   -3.2446
 -0.355522
-0.0644712
 -0.143647
   1.12035
  -10.3036
  -2.87914
 -0.263343
-0.0752046
 -0.105495
  0.988516
  -10.2144
  -2.85161
 -0.255429
-0.0780948
-0.0800687
  0.909246
   -9.8501
  -2.71132
 -0.258268
-0.0804945
 -0.064317
   0.83299
  -9.35068
  -2.48371
 -0.217121
-0.0786317
-0.0485767
  0.719767
  -8.95963
  -2.47268
 -0.239541
-0.0919211
0.00203639
  0.616491
   -8.59314
   -2.20084
  -0.198844
 -0.0762543
0.000691553
   0.567838
  -8.55278
  -2.29082
 -0.220363
-0.0897244
 0.0291081
  0.505662
  -8.18231
  -2.04459
 -0.157555
-0.0889399
 0.0339703
  0.456918
  -7.79038
  -2.00345
 -0.184144
-0.0962618
 0.0736208
  0.398333
  -7.46475
  -1.91676
 -0.164659
-0.0922623
 0.0734682
  0.330891
  -7.17781
  -1.73106
  -0.15627
-0.0943911
 0.0961392
  0.302751
  -7.17278
  -1.78478
 -0.171706
-0.0872283
  0.108246
  0.255075
  -6.86092
  -1.66528
-0.0876187
-0.0965131
   0.12165
  0.232732
 -6.61557
 -1.57001
-0.166946
-0.101244
 0.125854
 0.200016
  -6.35984
  -1.54601
 -0.140633
-0.0993801
  0.126718
   0.16368
  -6.30839
  -1.47414
  -0.11656
-0.0949422
  0.132759
  0.160174
  -6.20534
  -1.47191
 -0.143132
-0.0939598
  0.148291
  0.122697
  -5.99126
   -1.3951
-0.0868447
-0.0910519
  0.133756
  0.112558
 -5.79712
 -1.30948
-0.144604
-0.090334
 0.143306
 0.107382
 -5.62129
 -1.32539
-0.151466
-0.095209
 0.150182
0.0703463
  -5.60366
  -1.29102
-0.0500097
 -0.098955
  0.150408
 0.0628232
  -5.48138
  -1.22741
 -0.153791
-0.0938004
  0.150267
 0.0701049
   -5.3382
  -1.19026
-0.0786925
-0.0869978
  0.132064
  0.055896
  -5.17541
  -1.13609
-0.0711719
-0.0967818
  0.122807
 0.0435855
  -5.11476
  -1.15687
 -0.125186
-0.0910843
  0.140405
 0.0360058
  -5.00961
   -1.1081
-0.0391975
-0.0900676
  0.137089
 0.0394712
  -4.91409
  -1.08786
 -0.135037
-0.0959439
  0.143211
 0.0128349
  -4.79795
  -1.03412
-0.0805262
-0.0885287
   0.12754
0.00354319
  -4.67256
 -0.979339
 -0.072833
 -0.100691
  0.137793
0.00204812
  -4.64459
 -0.976591
-0.0951052
  -0.10701
  0.133485
 -0.016882
  -4.46603
  -1.01529
-0.0368379
-0.0756703
  0.120808
-0.0290071
   -4.3406
  -0.89575
-0.0771965
 -0.097456
  0.127633
 -0.025022
  -4.28089
 -0.893653
-0.0890382
-0.0917239
  0.133484
-0.0466901
  -4.20494
 -0.921753
-0.0350317
-0.0799879
  0.125189
-0.0279572
   -4.1448
 -0.858007
 -0.109567
-0.0901042
  0.125842
-0.0403264
   -4.0003
 -0.836426
-0.0564063
-0.0895467
  0.112948
-0.0475017
  -3.88461
 -0.817728
-0.0564258
-0.0895991
  0.123599
-0.0460924
  -3.82276
 -0.834409
-0.0720723
 -0.090043
  0.109016
-0.0666761
   -3.78602
  -0.683775
-0.00424457
 -0.0887607
   0.117512
 -0.0390101
  -3.69632
 -0.740567
-0.0801485
-0.0886975
  0.123199
-0.0677829
  -3.62774
 -0.783804
-0.0788973
 -0.086025
   0.12349
-0.0685981
   -3.4825
 -0.646845
-0.0373352
-0.0883366
  0.109281
-0.0556646
  -3.44756
 -0.730319
-0.0427312
  -0.07898
 0.0988734
 -0.084453
  -3.41198
 -0.683534
 -0.106884
-0.0789836
  0.107403
-0.0727897
  -3.30224
  -0.64644
-0.0342073
-0.0886659
  0.113973
-0.0657091
   -3.1976
  -0.63498
-0.0770441
-0.0808942
  0.110661
-0.0748924
  -3.11523
 -0.608147
-0.0967912
-0.0838148
   0.12093
-0.0782241
  -3.11147
 -0.621892
-0.0450657
-0.0886087
  0.110989
-0.0828988
  -3.04088
 -0.579933
-0.0723026
 -0.073977
 0.0983534
-0.0904029
  -2.95782
 -0.630427
-0.0546394
-0.0672605
 0.0962352
-0.0995465
  -2.92889
 -0.527458
-0.0343157
-0.0733423
 0.0957213
-0.0811964
 -2.89996
 -0.56398
-0.083758
-0.079998
0.0968396
-0.101357
  -2.83576
 -0.541689
 0.0105614
-0.0721212
 0.0930829
-0.0943974
  -2.78646
  -0.50834
-0.0189269
-0.0809976
 0.0860335
-0.0874245
  -2.67521
 -0.472906
-0.0860162
-0.0660184
 0.0952801
 -0.103708
   -2.5644
 -0.552374
-0.0460471
-0.0653143
 0.0840199
 -0.105236
  -2.58085
 -0.458398
  -0.01416
 -0.076917
 0.0983204
-0.0731211
  -2.54018
 -0.423388
-0.0918611
-0.0657474
 0.0967356
-0.0986102
   -2.47442
  -0.503013
-0.00877007
 -0.0657252
  0.0819852
  -0.106227
  -2.42282
 -0.411469
-0.0503816
-0.0760763
 0.0806966
-0.0901963
  -2.37783
 -0.459272
-0.0535045
-0.0696726
 0.0916186
 -0.108877
  -2.36201
 -0.397043
 -0.051726
-0.0718352
 0.0800128
-0.0905631
  -2.29665
 -0.478009
-0.0503472
 -0.066955
 0.0779653
 -0.110835
  -2.22016
 -0.391627
-0.0359042
 -0.069044
 0.0748532
 -0.091727
  -2.19817
 -0.388955
-0.0379095
-0.0722267
 0.0742971
-0.0814746
  -2.17553
  -0.40615
-0.0622357
-0.0714218
 0.0831201
-0.0934284
  -2.17344
 -0.344828
-0.0305285
 -0.066337
 0.0690063
-0.0801114
  -2.12015
 -0.411751
-0.0485845
-0.0695962
 0.0680074
  -0.10975
  -2.07487
 -0.323817
-0.0205237
-0.0727843
 0.0644744
 -0.114406
  -2.01175
 -0.396786
-0.0656664
-0.0561573
 0.0853761
-0.0900536
  -2.07497
  -0.27993
 -0.045292
-0.0555747
 0.0780294
 -0.100036
  -2.04181
 -0.477134
-0.0334239
-0.0634479
 0.0875929
-0.0892911
  -2.08812
 -0.297634
-0.0892894
-0.0718515
 0.0813835
 -0.102262
  -2.07041
 -0.370431
-0.0775712
-0.0680275
 0.0769247
-0.0814828
   -2.1435
 -0.322071
-0.0147004
-0.0653302
 0.0590839
-0.0898227
  -2.14191
 -0.380877
 -0.041825
-0.0625024
 0.0635193
 -0.100094
   -2.1138
 -0.404626
-0.0879478
-0.0602587
  0.074753
 -0.103199
  -2.13263
 -0.351803
-0.0548643
-0.0661634
 0.0668124
-0.0893081
  -2.15872
 -0.336579
-0.0264647
-0.0650761
 0.0610627
 -0.101118
  -2.14687
 -0.445674
-0.0282311
-0.0671445
 0.0653051
 -0.109913
  -2.18146
 -0.389447
-0.0311094
-0.0743259
 0.0565648
 -0.102087
   -2.17856
  -0.373031
-0.00406843
 -0.0626468
  0.0571618
  -0.112339
  -2.18856
 -0.409633
-0.0285375
-0.0614517
 0.0628658
 -0.117994
   -2.2447
 -0.418818
-0.0491721
-0.0616754
 0.0553916
 -0.107433
  -2.25601
 -0.397392
-0.0376563
-0.0657859
 0.0596528
 -0.108345
   -2.2378
 -0.403839
-0.0360302
-0.0670057
 0.0743616
 -0.102676
  -2.27695
 -0.422135
 -0.027537
-0.0681839
 0.0539389
 -0.101738
  -2.30765
 -0.399159
-0.0472154
-0.0725917
 0.0653541
-0.0936289
  -2.32327
 -0.419498
-0.0604113
-0.0687963
 0.0876582
 -0.117446
  -2.30594
 -0.380785
 -0.075847
-0.0637425
 0.0724445
  -0.10234
   -2.3164
 -0.438547
-0.0461029
-0.0616636
 0.0686248
 -0.115864
  -2.32401
 -0.384513
-0.0888674
-0.0702003
  0.073446
-0.0944669
  -2.36799
 -0.405217
-0.0482687
-0.0583321
 0.0604191
 -0.103059
  -2.36229
 -0.454648
-0.0408404
-0.0672922
  0.073325
 -0.104771
  -2.39045
 -0.415754
-0.0472739
-0.0640577
 0.0634457
-0.0895472
  -2.37173
 -0.427445
 -0.079925
-0.0780179
 0.0759308
-0.0844393
  -2.39084
 -0.413077
-0.0268356
-0.0628189
 0.0621412
-0.0802446
  -2.45266
 -0.433395
 -0.056822
-0.0716535
 0.0671048
 -0.106254
  -2.46903
 -0.416229
-0.0371987
-0.0712735
 0.0649996
-0.0927106
  -2.43733
 -0.451979
-0.0292991
-0.0660912
 0.0753542
-0.0955927
  -2.48155
 -0.442655
-0.0845829
  -0.06293
  0.078824
 -0.108415
  -2.51706
  -0.44068
  -0.04292
-0.0670675
 0.0546517
-0.0863676
  -2.55844
  -0.47703
-0.0861594
-0.0699105
 0.0764004
-0.0924236
  -2.55513
 -0.471866
-0.0656882
-0.0633698
 0.0699405
 -0.100429
  -2.58872
 -0.435785
-0.0604744
 -0.065804
 0.0644606
-0.0980467
  -2.63291
 -0.506855
0.00130815
-0.0605865
 0.0545541
-0.0923999
  -2.68863
 -0.450072
-0.0397948
-0.0633063
 0.0516716
-0.0891028
  -2.68149
 -0.489909
-0.0529907
-0.0753267
 0.0556162
-0.0965025
  -2.67125
 -0.490039
-0.0920745
-0.0642928
 0.0726667
-0.0871159
  -2.69138
 -0.472602
-0.0460973
-0.0558419
 0.0520479
-0.0898229
  -2.73314
  -0.49532
-0.0199566
-0.0584757
 0.0643489
-0.0996633
  -2.75582
 -0.531972
-0.0455978
-0.0678168
 0.0674324
 -0.117384
  -2.72982
 -0.531164
 -0.104405
-0.0604981
 0.0601776
-0.0913705
  -2.77652
 -0.484633
 -0.121856
-0.0671381
 0.0692821
  -0.10023
  -2.80419
 -0.572013
-0.0495367
-0.0601912
 0.0554458
-0.0998967
   -2.87484
  -0.526937
-0.00854034
  -0.066593
  0.0482732
 -0.0931127
  -2.87808
 -0.506913
-0.0278832
-0.0717856
 0.0368368
-0.0865082
  -2.85767
 -0.534377
 -0.109577
-0.0671729
 0.0606617
-0.0981909
  -2.84047
 -0.561948
-0.0915737
-0.0664572
 0.0608516
-0.0842238
  -2.91073
 -0.517573
-0.0744674
-0.0522741
  0.053801
 -0.090293
  -2.91764
 -0.523881
-0.0502051
-0.0706338
 0.0569977
-0.0800367
  -2.91859
 -0.519468
-0.0635975
-0.0595182
 0.0536741
-0.0931385
  -2.91489
  -0.54392
-0.0806607
 -0.052131
 0.0434121
 -0.094501
  -2.94688
 -0.540353
-0.0593016
 -0.066219
 0.0496198
-0.0790033
  -3.01571
 -0.556237
-0.0711705
-0.0659667
 0.0400407
-0.0888259
  -3.00667
 -0.584278
-0.0486862
-0.0660669
 0.0320486
-0.0832801
  -3.00405
 -0.535989
-0.0697677
-0.0678657
 0.0583988
 -0.058617
  -3.00871
 -0.532383
-0.0566367
-0.0619124
 0.0496499
-0.0843704
  -3.07028
 -0.596357
-0.0880365
-0.0627942
 0.0531925
-0.0962667
   -3.0665
 -0.586082
-0.0904299
-0.0586111
 0.0595816
-0.0805518
  -3.09002
 -0.599564
-0.0521081
-0.0668531
 0.0332627
-0.0851488
  -3.09933
 -0.605841
-0.0884499
-0.0682545
 0.0445754
-0.0785399
  -3.14801
 -0.564624
-0.0540484
-0.0623002
 0.0496871
-0.0717938
  -3.19956
 -0.669705
-0.0725468
-0.0615964
 0.0457155
-0.0746796
  -3.25646
 -0.645914
-0.0180512
-0.0639263
  0.030631
-0.0845565
  -3.26396
  -0.60968
-0.0842183
-0.0644723
 0.0469832
-0.0615468
   -3.2923
 -0.619173
-0.0719543
-0.0527669
 0.0479486
-0.0565697
  -3.36856
 -0.632796
 -0.116603
-0.0644314
 0.0389055
-0.0695648
   -3.4036
 -0.607665
 -0.132359
-0.0647507
 0.0621044
-0.0790283
  -3.40733
 -0.686779
 -0.116069
-0.0706504
 0.0582274
-0.0635281
  -3.42172
 -0.636159
 -0.131474
-0.0692564
 0.0663344
-0.0560021
  -3.44114
 -0.671801
-0.0489845
-0.0689789
  0.052573
-0.0629059
  -3.53699
 -0.636422
-0.0803801
  -0.06548
  0.045357
-0.0675998
  -3.48939
 -0.707192
 -0.109467
-0.0715249
 0.0592316
-0.0478184
  -3.55534
  -0.65456
-0.0676053
-0.0689273
 0.0490372
-0.0588169
  -3.58325
 -0.738359
 -0.091559
-0.0701172
 0.0329813
-0.0583296
  -3.63976
 -0.706696
-0.0540853
 -0.055348
 0.0318751
-0.0572312
  -3.65288
 -0.723925
-0.0808746
-0.0725992
 0.0433662
-0.0466709
  -3.65651
 -0.657427
-0.0985717
-0.0647099
 0.0469218
-0.0441773
  -3.62233
 -0.698852
  -0.12093
-0.0743412
 0.0341495
-0.0382626
  -3.65944
  -0.75677
-0.0812926
-0.0681816
 0.0326485
-0.0561446
  -3.74306
 -0.657497
-0.0612011
 -0.063642
 0.0358419
-0.0447902
  -3.75224
 -0.766213
 -0.068646
-0.0683973
 0.0362415
-0.0596466
  -3.72411
 -0.744912
-0.0699108
-0.0589218
 0.0234149
-0.0593179
  -3.70225
 -0.691384
 -0.090435
-0.0690034
 0.0402837
-0.0410116
  -3.76336
  -0.71298
-0.0975721
 -0.065483
 0.0338882
-0.0433599
  -3.76063
 -0.783655
-0.0798934
-0.0699598
 0.0335762
-0.0615963
   -3.7779
 -0.745779
-0.0893711
-0.0654789
 0.0520415
-0.0627838
  -3.79467
 -0.719711
-0.0867594
-0.0642664
 0.0310288
-0.0481245
  -3.81474
 -0.757787
-0.0807815
-0.0771771
  0.027868
-0.0477373
  -3.85349
 -0.785503
-0.0899681
-0.0724068
  0.049369
-0.0450393
  -3.86945
 -0.753386
-0.0867429
-0.0664616
 0.0253976
-0.0550251
  -3.84964
 -0.733982
-0.0976388
-0.0752265
 0.0372668
-0.0298426
  -3.83843
 -0.806108
 -0.105281
-0.0696925
 0.0333071
-0.0482453
   -3.9002
 -0.721033
-0.0878552
-0.0695662
 0.0300697
 -0.022803
  -3.92358
 -0.803322
-0.0818707
-0.0652932
 0.0393789
-0.0408559
  -3.96134
 -0.784241
-0.0781742
-0.0684766
 0.0380681
-0.0368643
  -3.92941
 -0.728055
-0.0899464
-0.0649296
 0.0317714
-0.0365001
  -3.95999
 -0.789973
-0.0955056
-0.0614683
 0.0405265
-0.0435644
  -3.97381
 -0.794188
 -0.111298
-0.0711813
 0.0483596
-0.0479211
  -3.94717
 -0.741302
 -0.109691
-0.0668339
 0.0443982
 -0.026303
  -3.94962
 -0.808524
 -0.121269
-0.0616082
   0.03739
-0.0518998
  -3.93821
 -0.768875
-0.0990581
-0.0615898
 0.0387459
-0.0359579
  -3.92892
  -0.80057
 -0.116716
-0.0677845
 0.0369372
-0.0324295
  -3.91259
 -0.789373
-0.0938966
-0.0630803
  0.030225
-0.0415381
  -3.87803
  -0.77016
-0.0840186
-0.0734165
 0.0325119
-0.0257375
  -3.84947
 -0.759042
-0.0970686
-0.0654611
 0.0442027
-0.0442406
  -3.84387
 -0.755413
-0.0870591
-0.0528445
 0.0262106
-0.0384929
  -3.89517
 -0.776953
 -0.103884
-0.0710764
 0.0387222
-0.0328587
  -3.92342
 -0.770966
 -0.098423
-0.0667602
  0.035313
  -0.02462
  -3.93446
 -0.784718
 -0.100443
-0.0590815
 0.0287767
-0.0362657
  -3.92649
 -0.775404
 -0.103868
-0.0647905
 0.0400358
-0.0238789
  -3.98024
 -0.783676
-0.0916168
-0.0607399
 0.0218556
-0.0374651
  -3.98112
 -0.789171
  -0.10591
-0.0631758
 0.0395113
-0.0351866
  -3.94897
 -0.776707
-0.0971088
-0.0688806
 0.0408901
-0.0221582
  -3.92939
 -0.771722
-0.0930304
-0.0693596
 0.0397249
-0.0337385
  -3.94731
  -0.77519
-0.0892502
-0.0758402
 0.0448289
-0.0198643
  -3.98836
 -0.785725
-0.0888877
-0.0740128
  0.024597
-0.0215183
  -3.96592
 -0.783636
-0.0967804
-0.0680107
 0.0453002
-0.0166333
  -3.94218
 -0.769873
-0.0975832
-0.0639945
  0.043097
-0.0311935
  -3.95707
 -0.776415
-0.0873862
-0.0643751
   0.03927
-0.0351907
   -3.9743
 -0.782932
-0.0925958
-0.0693787
 0.0449715
-0.0292312
  -3.97526
 -0.779268
-0.0947557
-0.0695275
 0.0462134
-0.0181502
  -3.98863
 -0.782626
-0.0906348
-0.0575386
 0.0328338
-0.0362302
  -3.96312
 -0.777826
-0.0926075
-0.0631805
  0.030514
-0.0184172
  -3.97827
 -0.783053
-0.0906027
-0.0573661
 0.0194262
-0.0371178
  -3.98385
 -0.786152
-0.0913923
-0.0660873
 0.0384664
-0.0270846
  -3.99195
 -0.794701
-0.0913617
-0.0627089
 0.0486901
-0.0373847
  -3.96983
 -0.783634
-0.0951545
-0.0607628
 0.0384752
-0.0410979
   -3.9642
 -0.790314
-0.0947967
-0.0646578
 0.0365186
-0.0379289
  -3.98068
 -0.782091
-0.0926552
-0.0655492
  0.041827
-0.0255877
   -4.0109
 -0.793296
-0.0938036
-0.0539892
 0.0270545
-0.0427281
  -4.00024
   -0.7947
-0.0901719
 -0.063004
  0.050808
-0.0319335
  -3.98041
 -0.782652
-0.0850192
-0.0597401
 0.0228814
-0.0347516
  -3.95186
 -0.772881
-0.0917096
-0.0671826
 0.0452768
-0.0179369
  -3.99673
  -0.79294
-0.0901304
-0.0647794
 0.0286537
-0.0306778
  -3.99875
 -0.784907
-0.0960146
-0.0684438
   0.03835
-0.0313042
  -3.99979
 -0.788644
-0.0847152
-0.0671242
 0.0319102
-0.0310082
  -3.95583
 -0.773743
-0.0896036
-0.0721982
 0.0480644
-0.0272345
  -4.02441
 -0.798459
 -0.102352
-0.0604182
 0.0327803
-0.0340756
  -4.02141
  -0.79268
-0.0994319
-0.0559959
 0.0427608
-0.0414368
  -3.98189
 -0.786581
-0.0899796
-0.0711903
 0.0301886
-0.0157214
  -3.95851
 -0.779211
-0.0906887
-0.0662143
 0.0473444
-0.0339707
  -3.98962
 -0.787724
-0.0870666
-0.0636495
 0.0284265
-0.0360837
  -4.00875
 -0.794818
 -0.096672
 -0.065576
 0.0399403
-0.0255867
  -3.98094
 -0.782237
 -0.090186
-0.0774737
 0.0378584
 -0.020929
  -3.96424
 -0.780613
-0.0885717
 -0.060876
 0.0432742
-0.0407934
  -3.94467
 -0.768139
-0.0956187
-0.0657175
 0.0439508
-0.0391853
  -3.95262
 -0.778641
-0.0894311
 -0.070173
 0.0337022
-0.0316355
  -3.95535
 -0.775504
-0.0942917
-0.0670854
 0.0389372
-0.0435421
  -3.94803
 -0.771345
 -0.100996
-0.0604861
 0.0414482
-0.0330292
  -3.96051
 -0.780278
 -0.097304
 -0.068582
 0.0405036
-0.0358831
  -3.96759
 -0.785407
-0.0959269
 -0.068374
 0.0347133
-0.0327202
  -3.97729
 -0.779571
-0.0960024
-0.0706099
 0.0449215
-0.0246419
  -3.98222
 -0.783566
-0.0837338
-0.0617165
 0.0369448
-0.0286103
  -3.95626
 -0.789097
-0.0936675
-0.0687429
 0.0404334
-0.0383891
  -3.94631
 -0.777696
-0.0865178
-0.0596898
 0.0302057
-0.0480168
   -3.9999
 -0.787571
-0.0872364
-0.0619397
  0.033912
-0.0441447
  -3.97789
 -0.784411
-0.0928267
-0.0586753
 0.0365145
  -0.03817
  -3.98236
 -0.783378
-0.0916963
-0.0637582
 0.0400492
-0.0373443
  -3.96424
 -0.781709
-0.0915364
-0.0650523
 0.0320055
-0.0292236
  -3.96251
 -0.779909
-0.0961263
-0.0632603
 0.0482257
-0.0289444
   -3.9966
 -0.785158
-0.0924083
-0.0643217
 0.0271387
-0.0222244
  -3.98809
 -0.785427
-0.0902067
-0.0611862
 0.0364803
-0.0215295
  -3.97792
  -0.78505
-0.0914261
-0.0653067
 0.0345645
 -0.029275
  -3.98099
 -0.780852
-0.0882306
-0.0678485
 0.0388803
-0.0295768
  -4.02088
 -0.796502
-0.0944283
-0.0717943
 0.0369195
-0.0340763
  -4.01897
 -0.795071
-0.0914789
-0.0710882
 0.0444928
-0.0501233
  -3.96396
 -0.783707
-0.0925379
-0.0742039
  0.034318
 -0.032481
  -3.96045
 -0.780457
-0.0893454
-0.0724871
 0.0439252
-0.0319103
  -3.97279
 -0.780318
 -0.092832
-0.0670452
 0.0466793
-0.0349067
  -3.97825
 -0.783742
 -0.089367
-0.0678057
 0.0325532
-0.0378184
  -3.96501
 -0.779025
-0.0868838
-0.0700126
  0.028743
-0.0188145
  -3.94449
 -0.777861
-0.0996434
-0.0662165
 0.0409145
-0.0387832
  -3.91719
 -0.771541
-0.0916312
-0.0707916
 0.0270248
-0.0228943
  -3.94797
 -0.779942
-0.0872816
-0.0672559
 0.0441323
-0.0378444
  -3.95325
 -0.776205
 -0.089426
-0.0714971
 0.0333162
-0.0303661
  -3.94128
 -0.782083
-0.0950113
 -0.064489
 0.0448028
-0.0369444
  -3.95254
 -0.778654
  -0.09166
-0.0682254
  0.043438
-0.0318558
   -3.9685
 -0.781346
-0.0892936
-0.0677504
 0.0314632
-0.0309227
  -4.00568
 -0.789952
-0.0944573
-0.0620388
 0.0425002
-0.0192595
  -4.01086
 -0.786268
-0.0970502
-0.0663116
 0.0310503
-0.0346947
  -3.97897
 -0.789125
-0.0890177
  -0.06667
 0.0400287
-0.0290758
   -3.9682
 -0.782383
-0.0994984
-0.0642093
  0.041233
-0.0381312
  -3.97385
 -0.783325
 -0.094975
-0.0534143
 0.0500696
-0.0293372
  -4.01066
 -0.795282
 -0.104848
-0.0622777
 0.0385638
 -0.047957
  -3.97299
 -0.780016
-0.0936252
-0.0646727
 0.0319072
-0.0203862
  -3.96126
 -0.777303
-0.0883504
-0.0750609
 0.0425346
-0.0349131
  -3.96076
 -0.779114
-0.0992035
-0.0633542
  0.043393
-0.0169408
  -3.99462
 -0.784139
-0.0837131
-0.0658197
 0.0315263
-0.0340537
  -3.96884
 -0.779212
-0.0862698
-0.0643613
 0.0343655
-0.0416236
  -3.96065
 -0.788073
 -0.092435
-0.0697788
 0.0451056
-0.0330158
   -3.9527
 -0.777411
-0.0941113
-0.0639792
  0.049465
-0.0382254
  -3.96549
 -0.776652
-0.0937043
-0.0657392
 0.0412259
-0.0177418
  -3.98701
 -0.789999
-0.0937228
-0.0661396
 0.0446376
-0.0422074
  -3.93782
  -0.77929
-0.0916182
-0.0611162
 0.0305259
-0.0311099
  -3.91741
  -0.76986
-0.0895078
 -0.068989
 0.0426231
-0.0227722
  -3.95259
 -0.786478
-0.0995293
-0.0618872
 0.0473685
-0.0466841
   -3.9673
 -0.777726
-0.0927945
-0.0689396
 0.0422095
-0.0318641
  -3.96601
 -0.782829
-0.0903041
-0.0632406
 0.0306101
-0.0272337
  -3.95207
 -0.771808
-0.0941495
-0.0679398
 0.0539328
-0.0312526
  -3.96763
 -0.776526
-0.0906457
-0.0695347
 0.0326586
 -0.035609
  -4.01207
  -0.78952
-0.0933742
-0.0658087
 0.0407975
-0.0228711
  -3.99361
 -0.788073
-0.0858248
-0.0610582
 0.0298994
-0.0335458
  -3.96445
 -0.780709
-0.0981343
-0.0611805
 0.0405304
-0.0217857
  -3.97445
 -0.782392
-0.0925667
 -0.064231
 0.0299451
-0.0281792
  -3.99148
 -0.788418
-0.0890848
-0.0594267
 0.0294073
-0.0291751
  -4.00723
 -0.791462
-0.0878185
-0.0574549
 0.0347817
-0.0244372
  -3.96148
 -0.783081
-0.0972274
-0.0526108
 0.0515115
-0.0305936
  -3.95482
 -0.777748
-0.0873044
-0.0701553
 0.0391528
-0.0380981
  -3.93842
 -0.777578
-0.0970262
-0.0675157
 0.0400466
-0.0211079
  -3.95738
 -0.774742
-0.0839717
-0.0609666
 0.0426741
-0.0275568
  -3.95484
 -0.777628
-0.0849875
-0.0699522
 0.0382204
-0.0335454
  -3.95737
  -0.77584
-0.0916713
-0.0683961
 0.0447081
-0.0277088
  -3.95524
 -0.776067
-0.0927043
-0.0665677
 0.0431577
-0.0233679
  -3.94875
 -0.777278
-0.0929549
-0.0685216
  0.038253
-0.0405418
  -3.97003
 -0.782844
-0.0973682
-0.0586593
  0.035948
 -0.042632
  -3.95659
 -0.778992
 -0.088303
-0.0675875
  0.035048
-0.0336803
  -3.93226
 -0.768864
-0.0883874
-0.0735472
 0.0393238
-0.0227759
  -3.93803
 -0.770544
-0.0951225
-0.0708849
 0.0472839
-0.0251122
  -3.96903
  -0.77907
-0.0939197
-0.0654317
 0.0340803
-0.0342124
  -3.96669
 -0.779781
-0.0859867
-0.0689169
 0.0472085
-0.0288546
  -3.97915
 -0.788071
-0.0935544
-0.0616627
 0.0434711
-0.0284343
  -3.94403
 -0.771517
-0.0963195
-0.0712228
  0.043443
-0.0315281
  -3.97517
 -0.778842
-0.0872949
-0.0642738
 0.0349869
-0.0360753
  -3.95921
 -0.777376
-0.0948335
 -0.068169
 0.0329842
-0.0230103
  -3.98977
 -0.787252
-0.0881294
-0.0660431
  0.032374
-0.0381407
  -3.96757
 -0.784778
-0.0925038
-0.0594356
 0.0272563
 -0.027709
  -3.96618
 -0.782438
-0.0940991
-0.0699013
 0.0339743
 -0.052141
  -3.98886
 -0.790175
-0.0847801
-0.0590415
 0.0325303
-0.0398153
  -3.96539
 -0.777466
-0.0947117
-0.0675861
 0.0373222
-0.0156179
  -3.97084
 -0.780763
 -0.091353
-0.0702501
 0.0307361
-0.0233282
  -3.96465
 -0.778986
-0.0896854
-0.0600136
 0.0398683
-0.0420181
  -3.98235
 -0.783565
-0.0896187
-0.0657265
 0.0299299
 -0.050871
  -3.98782
 -0.779051
-0.0925862
 -0.069238
 0.0284802
-0.0249722
  -3.97984
   -0.7867
 -0.094495
-0.0691217
 0.0218279
-0.0245412
   -3.9422
 -0.777591
-0.0940764
-0.0576139
 0.0458744
-0.0348178
   -3.9484
 -0.778471
-0.0905827
-0.0646846
 0.0342484
-0.0342424
  -3.97267
 -0.780701
-0.0972858
-0.0615004
 0.0421416
-0.0346663
  -3.97366
 -0.777658
-0.0985006
-0.0733048
 0.0435581
-0.0399681
  -3.95419
 -0.780499
-0.0916165
-0.0692187
 0.0417833
-0.0347247
   -3.9443
 -0.778385
-0.0939414
-0.0624812
 0.0310741
-0.0343852
  -3.97295
  -0.77885
-0.0885315
-0.0612594
 0.0457577
-0.0389666
  -3.98467
  -0.78264
-0.0870212
-0.0637723
 0.0284775
-0.0296236
  -3.95361
  -0.77431
-0.0929998
-0.0705885
 0.0471898
-0.0366103
  -3.96417
 -0.782025
-0.0881215
-0.0712536
 0.0450858
-0.0299897
  -3.94777
 -0.772867
-0.0906253
-0.0686439
 0.0387154
-0.0272687
  -3.97439
 -0.782945
-0.0912774
-0.0677724
 0.0327762
-0.0217188
   -3.9675
 -0.785245
-0.0936862
-0.0660351
   0.04233
-0.0329988
  -3.97184
 -0.784327
-0.0903481
-0.0630846
 0.0304845
-0.0318073
  -3.96003
 -0.781793
-0.0971158
-0.0590049
 0.0309005
-0.0293716
  -3.97822
 -0.783372
-0.0805155
-0.0670273
 0.0281874
-0.0425195
  -3.97031
 -0.782018
-0.0959134
-0.0617749
 0.0432421
-0.0242065
  -3.98025
 -0.784145
-0.0914407
-0.0714174
 0.0478571
-0.0313062
  -3.98651
 -0.784085
-0.0948995
 -0.068697
 0.0377217
-0.0368608
  -3.95272
 -0.777955
 -0.102784
-0.0638017
 0.0501857
-0.0265424
  -3.97905
  -0.78076
-0.0947522
-0.0687991
 0.0435249
-0.0226517
  -3.99933
 -0.790463
-0.0915291
-0.0650527
 0.0354023
-0.0453172
  -3.95749
 -0.775513
-0.0952286
-0.0690997
 0.0417969
-0.0386872
  -3.94681
 -0.776572
-0.0884726
-0.0684959
 0.0374745
-0.0383486
  -3.94408
 -0.771501
-0.0918924
-0.0729818
 0.0325194
-0.0359203
  -3.97181
 -0.783371
-0.0850556
-0.0558644
 0.0292555
-0.0407916
  -3.97646
 -0.781775
-0.0850415
-0.0623868
 0.0329715
-0.0396254
  -3.96611
 -0.781648
 -0.093039
-0.0590139
 0.0362562
 -0.047352
  -3.94838
 -0.778138
-0.0962838
-0.0574883
 0.0346734
-0.0360956
  -3.95789
 -0.774147
-0.0928259
-0.0715732
 0.0402936
-0.0288998
  -3.96408
 -0.782296
  -0.09024
-0.0645534
 0.0358466
-0.0227982
  -3.96073
 -0.778733
-0.0903756
-0.0625756
 0.0390276
-0.0216422
  -3.95104
 -0.776665
-0.0971809
-0.0681151
 0.0436206
-0.0261865
  -3.96481
 -0.779182
-0.0914567
-0.0632745
 0.0366538
-0.0212238
  -4.02313
 -0.794388
-0.0902286
-0.0583437
  0.028314
-0.0395919
  -3.97188
 -0.784319
-0.0901695
-0.0630725
 0.0307375
-0.0226424
  -3.96097
 -0.786397
-0.0937168
-0.0639274
 0.0388164
-0.0364599
  -3.93914
 -0.774174
-0.0916494
 -0.065655
 0.0375481
-0.0242053
  -3.98853
 -0.784564
-0.0945686
-0.0683045
 0.0368882
-0.0207826
  -3.97443
  -0.78212
-0.0901334
-0.0618713
  0.037943
-0.0147114
  -3.95336
 -0.783705
-0.0926747
-0.0666517
  0.043047
-0.0363041
  -3.95414
 -0.772728
-0.0940515
-0.0718626
 0.0352354
-0.0330037
  -3.95013
 -0.772114
-0.0927176
 -0.073041
  0.045656
-0.0198897
  -3.97463
 -0.789591
-0.0868655
-0.0607443
 0.0267604
-0.0339867
  -3.96587
  -0.78332
-0.0894765
-0.0687112
 0.0404731
-0.0439018
  -3.95871
 -0.778733
-0.0972831
-0.0616538
 0.0354996
-0.0328325
  -3.93608
  -0.77007
-0.0950956
-0.0712526
 0.0486243
-0.0228595
  -3.98371
 -0.785889
-0.0882546
-0.0562246
 0.0267283
-0.0380049
  -3.96283
 -0.779518
 -0.092573
-0.0695428
 0.0328267
-0.0259785
  -3.95862
 -0.778873
-0.0895446
-0.0655702
 0.0386691
-0.0380262
  -3.93952
 -0.772793
-0.0974705
-0.0632983
 0.0283442
-0.0343214
  -3.97235
 -0.781973
-0.0951349
-0.0617242
 0.0367459
-0.0420787
  -3.97963
 -0.786702
-0.0969592
-0.0621939
 0.0285527
-0.0315632
  -3.96904
 -0.779453
-0.0882178
-0.0726283
 0.0336545
-0.0323583
  -3.94758
  -0.77356
 -0.091737
-0.0674019
 0.0395942
-0.0275794
  -3.95141
 -0.775389
-0.0949042
-0.0696493
 0.0380929
-0.0231652
  -3.97093
  -0.78019
-0.0925143
-0.0676484
 0.0319273
-0.0230225
  -3.97076
 -0.781611
-0.0945547
-0.0732393
  0.031789
 -0.018992
  -3.97078
 -0.779828
-0.0884812
 -0.065137
  0.037979
-0.0416628
   -3.9618
 -0.783104
-0.0904301
-0.0662987
 0.0364935
-0.0349104
  -3.97024
 -0.782549
-0.0904649
-0.0670929
 0.0347689
-0.0358847
  -3.98476
 -0.782587
-0.0912383
-0.0679405
 0.0463091
-0.0162469
   -3.9656
  -0.77677
-0.0939268
 -0.074794
 0.0425912
-0.0338186
  -3.94773
 -0.772446
-0.0842255
-0.0699718
 0.0428228
-0.0413216
   -3.9582
 -0.780809
-0.0904265
-0.0656732
 0.0394873
-0.0297883
  -3.96286
 -0.778355
-0.0848361
-0.0630585
 0.0346889
-0.0236428
  -3.98461
  -0.78299
-0.0958509
-0.0614556
 0.0377492
-0.0227731
  -3.96048
 -0.779786
-0.0984382
 -0.061941
 0.0427039
-0.0356111
  -3.95724
 -0.784733
-0.0927298
-0.0659175
 0.0403657
-0.0408096
  -3.96485
 -0.779917
-0.0946265
-0.0722024
 0.0443618
 -0.017067
  -3.97911
 -0.780414
-0.0939679
-0.0662736
 0.0268051
-0.0402397
  -3.94955
 -0.782226
-0.0937689
-0.0628866
 0.0392536
-0.0312786
  -3.95535
 -0.774497
 -0.086478
-0.0606044
 0.0407962
-0.0412064
  -3.96063
 -0.778683
-0.0885961
-0.0624111
 0.0373339
-0.0445845
  -3.99666
 -0.783933
-0.0826315
-0.0636006
 0.0342143
-0.0338467
  -3.97324
 -0.787154
-0.0903942
-0.0692371
 0.0437221
-0.0403078
  -3.95834
 -0.779525
-0.0883725
-0.0581859
 0.0319601
-0.0336037
  -3.93519
 -0.774002
-0.0951604
-0.0743967
 0.0435344
-0.0360585
  -3.96318
 -0.777605
-0.0915962
  -0.06444
 0.0293761
-0.0272687
   -3.9701
  -0.78285
-0.0970109
-0.0586342
  0.036454
 -0.024302
  -3.95894
 -0.776714
  -0.08617
 -0.057162
 0.0393199
-0.0280322
  -3.98118
 -0.780176
-0.0950838
-0.0651951
 0.0344502
-0.0378194
  -3.97522
 -0.788151
-0.0914684
-0.0795046
 0.0565707
-0.0432321
  -3.99598
 -0.795807
 -0.094325
-0.0607483
 0.0361881
-0.0251539
  -3.98067
 -0.790649
-0.0924433
 -0.063366
 0.0328319
-0.0359757
  -3.94339
 -0.782133
-0.0938011
-0.0634624
 0.0350419
-0.0340876
  -3.94536
 -0.774096
-0.0930095
-0.0617984
 0.0223297
-0.0365558
  -3.94311
 -0.774554
-0.0905867
-0.0611705
 0.0312299
-0.0260351
  -3.97453
 -0.782433
 -0.092572
-0.0692251
 0.0327025
-0.0305433
  -3.95146
 -0.774364
-0.0873371
-0.0662744
 0.0347938
-0.0321445
  -3.94499
 -0.774807
-0.0864805
-0.0613819
   0.03116
-0.0444947
  -3.95087
 -0.776405
-0.0908516
-0.0625578
 0.0371765
-0.0422426
  -3.95748
 -0.783921
-0.0891226
-0.0669452
 0.0388072
-0.0267802
  -3.95532
 -0.776272
-0.0948846
-0.0708066
 0.0432048
-0.0233034
  -3.96703
 -0.778173
-0.0875845
 -0.067133
 0.0394012
-0.0505951
  -3.93479
  -0.77393
-0.0996358
-0.0555134
 0.0548598
-0.0248259
  -3.96957
 -0.776686
-0.0939155
 -0.060811
 0.0271664
-0.0281799
  -3.98426
 -0.783877
 -0.084919
-0.0599545
  0.024092
-0.0370718
  -3.95208
 -0.780217
-0.0959965
-0.0609375
 0.0436222
-0.0255015
   -3.9494
 -0.782058
-0.0895781
-0.0575191
 0.0339955
-0.0427215
  -3.95304
 -0.784497
-0.0939088
-0.0594767
 0.0371432
-0.0410178
  -3.96651
 -0.780176
-0.0907411
-0.0633912
 0.0422915
-0.0423632
  -3.98579
 -0.786534
-0.0901939
-0.0600767
 0.0258166
-0.0264447
  -3.95372
 -0.782308
-0.0905035
-0.0700898
 0.0450591
-0.0380815
  -3.93437
  -0.77697
 -0.091766
-0.0714373
 0.0426791
-0.0376984
  -3.96489
 -0.787288
 -0.093697
-0.0650847
 0.0439282
-0.0365981
  -3.96287
  -0.77869
  -0.09143
-0.0636417
 0.0379936
 -0.018971
  -3.95424
 -0.779758
-0.0879997
-0.0602595
 0.0347075
-0.0159671
  -3.94632
 -0.769344
-0.0920731
-0.0577655
 0.0349655
-0.0324619
  -3.95021
 -0.779837
-0.0936284
-0.0623007
  0.031455
-0.0206288
   -3.9837
 -0.786484
-0.0870977
-0.0638203
 0.0282948
-0.0406747
  -3.95613
 -0.772516
-0.0950734
-0.0657844
 0.0402479
-0.0236368
  -3.95509
 -0.785398
 -0.088188
 -0.070347
 0.0343654
-0.0413818
  -3.93482
 -0.766971
-0.0908369
 -0.075659
 0.0422995
-0.0307116
  -3.95948
 -0.775856
-0.0904825
 -0.067369
 0.0349478
-0.0248523
   -3.9764
 -0.783477
-0.0913996
-0.0724062
 0.0340666
-0.0309182
  -3.96036
 -0.780746
-0.0913913
-0.0667335
 0.0385815
-0.0225347
  -3.94462
 -0.776911
-0.0962131
-0.0660586
 0.0516761
-0.0319866
  -3.95353
 -0.774999
-0.0916977
-0.0722332
 0.0423536
-0.0299347
  -3.96289
  -0.77862
-0.0913927
-0.0645872
 0.0418908
-0.0167874
  -3.96634
 -0.781018
-0.0939396
-0.0613865
 0.0405865
-0.0356628
  -3.95436
 -0.779987
-0.0904014
-0.0685586
 0.0333643
-0.0296154
  -3.96594
 -0.782632
-0.0885036
-0.0659185
  0.040479
-0.0482084
  -3.97407
  -0.78358
-0.0903366
-0.0613527
 0.0295824
-0.0288612
  -3.99738
 -0.790294
-0.0877708
-0.0696972
 0.0426645
-0.0252851
  -3.97673
 -0.780798
-0.0918259
 -0.062569
 0.0402323
-0.0413185
  -3.94758
   -0.7737
-0.0916333
-0.0654982
  0.032054
-0.0227818
  -3.95422
 -0.778706
-0.0808423
-0.0578615
 0.0346719
-0.0456752
  -3.97721
 -0.779831
-0.0938145
-0.0675801
 0.0321694
-0.0312207
   -3.9715
 -0.785262
-0.0938996
-0.0561128
 0.0255127
-0.0410738
  -3.98047
 -0.782121
-0.0884637
-0.0620898
 0.0441046
 -0.041827
   -3.9495
 -0.774108
-0.0895227
 -0.064941
 0.0295272
-0.0296459
  -3.94276
  -0.77571
 -0.092879
-0.0615341
 0.0444234
-0.0292724
  -3.98285
  -0.78151
-0.0884842
-0.0675022
 0.0371575
-0.0455766
   -3.9525
 -0.779405
-0.0905205
-0.0748768
 0.0411058
 -0.036709
  -3.95582
  -0.78204
-0.0972425
-0.0620628
 0.0367844
-0.0370483
  -3.96461
 -0.788695
-0.0935424
-0.0645405
 0.0360746
-0.0324169
  -3.98076
 -0.781668
 -0.087057
-0.0645129
 0.0310309
-0.0297016
  -3.97649
 -0.781285
 -0.092911
-0.0591749
 0.0499155
-0.0372976
  -3.96048
 -0.780218
-0.0927753
 -0.068192
 0.0383812
-0.0359417
  -3.92643
  -0.76701
-0.0920909
-0.0713234
 0.0411915
-0.0361966
  -3.95438
 -0.779967
-0.0926425
-0.0706524
   0.04209
-0.0298008
   -3.9535
 -0.774398
-0.0949132
-0.0617247
 0.0470086
-0.0159212
   -3.9628
 -0.779176
-0.0879497
-0.0660416
 0.0358692
-0.0147241
  -3.94778
 -0.772185
-0.0917978
-0.0629464
 0.0448152
 -0.024814
  -3.94921
 -0.783077
-0.0973717
-0.0568651
 0.0380525
 -0.042943
  -3.96107
 -0.777582
-0.0927492
 -0.066413
 0.0430315
-0.0279416
  -3.97092
 -0.779968
 -0.090394
-0.0693552
 0.0384075
-0.0278499
  -3.94634
 -0.778602
-0.0918148
-0.0697609
 0.0428683
-0.0416458
  -3.96473
 -0.778539
-0.0930765
-0.0576082
  0.042119
-0.0416826
  -3.97727
 -0.786999
-0.0929532
-0.0633114
  0.043172
-0.0533659
  -3.97177
 -0.776351
-0.0949103
-0.0656654
  0.041593
-0.0213575
  -3.94741
 -0.774242
-0.0927603
-0.0661527
 0.0405994
-0.0233076
  -3.95201
 -0.772926
-0.0928047
-0.0688858
 0.0288551
-0.0262937
  -3.95586
 -0.782317
-0.0915039
-0.0702044
 0.0402553
-0.0330115
  -3.95379
 -0.773863
-0.0917322
 -0.068977
 0.0350008
-0.0291021
  -3.96601
 -0.783415
-0.0891099
 -0.071782
 0.0360718
-0.0277198
  -3.95583
 -0.782237
 -0.087125
-0.0679208
 0.0303437
-0.0374384
  -3.94276
 -0.776422
-0.0916163
-0.0672259
 0.0384501
-0.0271436
  -3.95956
 -0.783478
-0.0961071
-0.0617798
 0.0417163
 -0.037527
  -3.95707
 -0.785637
-0.0982079
-0.0650612
 0.0434891
-0.0364783
  -3.97429
 -0.781918
-0.0963196
-0.0537614
 0.0338379
-0.0416617
   -3.9562
 -0.780233
-0.0884416
-0.0658628
  0.039388
-0.0413138
  -3.95892
 -0.777876
-0.0896597
 -0.065417
   0.02628
 -0.043925
   -3.9705
 -0.781789
-0.0890496
-0.0692623
 0.0381671
-0.0196428
   -3.9647
  -0.78034
-0.0892789
-0.0744305
 0.0406701
-0.0311807
  -3.96719
  -0.77765
-0.0906161
 -0.064702
 0.0421602
-0.0319286
  -3.95492
 -0.777075
-0.0884841
-0.0694508
 0.0480107
-0.0380075
  -3.96239
 -0.779945
-0.0896839
-0.0598494
 0.0331019
-0.0447491
  -3.98317
 -0.788616
-0.0925723
-0.0602816
 0.0321173
-0.0369946
   -3.9771
 -0.779454
-0.0896012
-0.0650555
 0.0384745
-0.0406961
  -3.95184
 -0.771994
-0.0900181
 -0.058785
 0.0332139
-0.0468478
  -3.93955
 -0.771961
-0.0986595
-0.0594972
 0.0421106
-0.0320828
  -3.96371
 -0.775664
-0.0947889
-0.0675466
 0.0427459
-0.0151485
  -3.97026
 -0.781674
-0.0894641
-0.0621505
 0.0435794
-0.0358595
  -3.94598
 -0.771957
-0.0940308
 -0.070654
 0.0411684
-0.0292282
  -3.95096
 -0.776221
 -0.088683
-0.0683068
 0.0426451
-0.0470353
  -3.96216
   -0.7819
-0.0881032
-0.0668815
 0.0271956
-0.0294903
  -3.96146
 -0.776164
-0.0904869
-0.0698447
 0.0451699
-0.0251365
  -3.94483
  -0.77601
-0.0905567
-0.0669025
 0.0488047
-0.0271519
  -3.92957
 -0.771108
-0.0928094
-0.0689429
  0.044178
-0.0217679
  -3.92965
 -0.779109
-0.0881594
-0.0663561
  0.033195
-0.0276352
  -3.95347
 -0.775702
-0.0925838
-0.0750191
 0.0424746
-0.0210457
   -3.9655
 -0.783785
-0.0838466
-0.0559402
 0.0288864
-0.0371758
  -3.94259
 -0.777264
 -0.094815
-0.0652212
 0.0367452
-0.0204433
  -3.95313
 -0.784487
 -0.093915
-0.0644695
 0.0399016
 -0.043382
  -3.95374
 -0.782064
-0.0982545
-0.0630774
 0.0467971
-0.0307399
  -3.96896
 -0.779598
-0.0903515
-0.0678257
 0.0320812
 -0.025382
  -3.95196
  -0.78218
-0.0947849
-0.0779813
 0.0427251
-0.0332999
  -3.93935
 -0.772953
-0.0919699
-0.0643149
 0.0374807
-0.0373363
  -3.95766
 -0.782594
-0.0873937
-0.0654221
 0.0374269
 -0.049106
  -3.97693
 -0.788632
-0.0970693
-0.0581535
 0.0349326
-0.0375961
   -3.9704
 -0.781647
-0.0996148
-0.0634362
 0.0439748
-0.0421662
  -3.95745
 -0.784281
-0.0958941
-0.0675408
 0.0418587
-0.0312734
  -3.93093
 -0.774108
  -0.09868
-0.0653154
 0.0296819
 -0.042788
  -3.96775
 -0.784563
-0.0880588
  -0.06903
 0.0306532
-0.0324967
  -3.95875
 -0.778454
-0.0827425
-0.0709139
 0.0422717
-0.0337124
  -3.96013
 -0.782208
-0.0937004
-0.0723426
 0.0380618
-0.0322516
  -3.94178
 -0.779726
-0.0928869
-0.0587329
 0.0328051
-0.0377085
  -3.95464
 -0.778868
-0.0972906
-0.0706435
 0.0481656
-0.0361061
  -3.96719
  -0.77865
-0.0937565
-0.0698345
 0.0345351
-0.0273414
   -3.9685
 -0.782308
-0.0924314
-0.0747816
 0.0315034
-0.0265514
  -3.94667
 -0.777692
-0.0940682
-0.0697967
 0.0316665
-0.0429324
  -3.93889
 -0.775326
-0.0873679
-0.0706824
 0.0337239
 -0.038595
  -3.95982
 -0.782091
-0.0963519
-0.0623311
 0.0494424
-0.0462907
  -3.96832
 -0.782111
-0.0902983
-0.0665019
 0.0324669
-0.0266506
  -3.96216
 -0.781764
-0.0905396
-0.0708841
 0.0433343
-0.0390568
  -3.96702
 -0.778187
 -0.087584
-0.0671332
  0.039401
-0.0505951
  -3.92873
 -0.774096
-0.0871709
-0.0638897
  0.034597
-0.0232214
  -3.98037
 -0.783903
-0.0926163
-0.0690699
  0.032577
 -0.035117
  -3.96153
 -0.775537
-0.0871288
-0.0640007
 0.0328074
-0.0222753
  -3.94785
 -0.772356
-0.0940678
-0.0671909
 0.0447359
 -0.029332
  -3.94832
 -0.769597
-0.0897091
-0.0590867
 0.0404852
-0.0257936
  -3.96014
 -0.781671
-0.0905569
-0.0655664
 0.0215486
-0.0407401
  -3.96828
 -0.782245
-0.0927043
-0.0667111
 0.0332721
-0.0357868
  -3.94006
 -0.777916
-0.0973886
-0.0569343
 0.0491517
-0.0328469
    -3.947
 -0.775616
-0.0951643
-0.0636783
 0.0421028
-0.0330951
  -3.94083
 -0.775785
-0.0851144
-0.0691667
 0.0275543
-0.0384778
   -3.9609
 -0.779479
-0.0914043
-0.0794023
 0.0433994
-0.0266107
   -3.9663
 -0.782234
-0.0936297
-0.0727133
 0.0461704
 -0.027259
  -3.96005
 -0.781631
-0.0906031
-0.0615251
   0.02256
-0.0407748
  -3.95299
 -0.777114
-0.0953444
-0.0725712
 0.0434711
-0.0491631
  -3.93926
  -0.77351
-0.0885274
-0.0657694
 0.0314591
 -0.035273
  -3.96498
 -0.787468
-0.0935455
-0.0672232
 0.0353764
-0.0317648
  -3.93846
 -0.776938
-0.0984725
-0.0668306
 0.0485238
-0.0347657
  -3.93564
 -0.770935
-0.0842115
-0.0657096
 0.0359785
-0.0371929
  -3.95846
 -0.780422
-0.0937239
-0.0713513
 0.0397162
-0.0293824
  -3.96854
 -0.782114
-0.0900767
-0.0755246
  0.034467
 -0.019815
  -3.96098
  -0.77798
-0.0847997
-0.0665218
  0.031121
 -0.023539
  -3.94395
 -0.771527
-0.0897866
-0.0668531
 0.0246773
-0.0403522
  -3.95802
 -0.781587
-0.0918515
-0.0684971
 0.0388481
-0.0483953
  -3.94984
 -0.781428
 -0.090345
-0.0689205
 0.0402001
-0.0287783
  -3.97741
 -0.787157
-0.0902009
-0.0633306
 0.0264013
-0.0300171
  -3.97451
 -0.781451
-0.0918539
-0.0661986
 0.0487987
-0.0444808
   -3.9516
 -0.773852
-0.0863002
-0.0656273
 0.0261218
-0.0362002
  -3.95381
 -0.782428
 -0.090406
-0.0731798
 0.0402773
 -0.035647
  -3.97216
 -0.790882
-0.0879652
-0.0590827
 0.0373448
 -0.032912
  -3.94924
 -0.775549
-0.0938899
-0.0676382
 0.0352289
-0.0280201
  -3.94159
 -0.772607
-0.0904524
-0.0670571
 0.0435611
-0.0165801
  -3.93048
 -0.775282
-0.0883108
-0.0622793
 0.0341353
-0.0257849
  -3.94466
 -0.776959
-0.0918229
-0.0668709
 0.0368557
-0.0385614
  -3.97078
 -0.788792
-0.0934201
-0.0639589
 0.0404132
-0.0250245
  -3.94739
 -0.773909
-0.0884995
-0.0676694
  0.045893
-0.0327483
  -3.92806
 -0.768558
-0.0896725
-0.0690099
 0.0436403
-0.0277827
  -3.93937
 -0.773818
-0.0951238
-0.0713452
 0.0375226
-0.0329653
  -3.98211
 -0.784875
-0.0893906
-0.0670735
 0.0298699
-0.0423225
  -3.96162
 -0.775906
-0.0960946
-0.0707311
 0.0435732
-0.0269192
  -3.94086
 -0.775738
 -0.099561
-0.0646403
 0.0401375
 -0.031262
  -3.93216
 -0.769222
 -0.095117
-0.0700958
 0.0435118
-0.0227213
  -3.96249
 -0.780158
-0.0917215
-0.0631294
  0.029507
-0.0377023
  -3.97737
  -0.77899
-0.0929487
-0.0716846
 0.0424727
  -0.04269
  -3.95623
  -0.78017
-0.0859837
-0.0647023
 0.0348127
-0.0297788
  -3.95748
 -0.776322
-0.0939172
-0.0738397
 0.0320541
-0.0341597
  -3.93883
 -0.774961
-0.0951268
-0.0605731
 0.0403709
-0.0291045
  -3.96464
 -0.779328
-0.0940894
 -0.059455
 0.0382167
-0.0395598
  -3.96851
 -0.780572
-0.0859417
-0.0607089
 0.0316726
-0.0261284
  -3.94777
 -0.773232
-0.0930591
-0.0710043
  0.030716
-0.0407356
   -3.9415
 -0.780946
-0.0928894
 -0.061044
 0.0362615
-0.0407238
  -3.96571
 -0.784454
-0.0993198
-0.0682414
 0.0458426
-0.0349285
  -3.97131
 -0.778018
-0.0874099
 -0.068117
 0.0325061
-0.0428837
  -3.96129
  -0.77781
-0.0928229
-0.0776049
 0.0358473
-0.0391851
  -3.96011
 -0.781353
-0.0905447
-0.0653124
 0.0380197
-0.0366236
  -3.94369
 -0.773325
-0.0927013
-0.0749757
 0.0411304
-0.0233151
  -3.96618
 -0.790088
 -0.091548
-0.0651013
 0.0494519
-0.0449469
  -3.96072
 -0.779035
-0.0929524
-0.0658934
 0.0346713
-0.0420914
  -3.94166
 -0.772661
-0.0904936
-0.0711046
 0.0424234
-0.0211278
  -3.92751
 -0.770247
-0.0863274
-0.0646919
 0.0430984
-0.0288051
  -3.94903
 -0.777054
-0.0960559
  -0.07229
 0.0310673
-0.0307557
  -3.95651
 -0.779474
-0.0848765
-0.0709391
 0.0366917
-0.0318321
  -3.96944
 -0.777847
-0.0918284
-0.0719732
 0.0310566
-0.0427203
  -3.95241
 -0.779229
-0.0964167
-0.0657959
 0.0336115
-0.0475123
  -3.93322
 -0.764937
-0.0842624
-0.0781256
 0.0396358
-0.0324802
  -3.97392
 -0.785112
 -0.095018
-0.0731037
  0.036651
-0.0433127
  -3.94245
 -0.776981
-0.0930478
-0.0638509
 0.0477522
-0.0368713
  -3.94556
 -0.773283
-0.0942994
-0.0679834
 0.0416118
-0.0390473
  -3.90986
 -0.784298
-0.0972932
-0.0671787
 0.0292106
-0.0454641
  -3.92428
   -0.7766
 -0.100601
-0.0706843
 0.0339475
-0.0332697
  -3.87532
 -0.765341
 -0.106249
-0.0724371
 0.0422974
-0.0245694
   -3.8426
 -0.753351
-0.0719843
-0.0737759
 0.0398223
-0.0268209
  -3.79868
 -0.764254
-0.0862364
-0.0727599
  0.038398
-0.0384777
  -3.77198
  -0.73862
 -0.117297
-0.0677796
 0.0475537
-0.0305528
  -3.78598
  -0.77436
-0.0814542
-0.0787624
 0.0379717
-0.0357002
  -3.76446
 -0.666602
 -0.108704
-0.0695696
  0.039446
-0.0301174
   -3.7087
 -0.784014
-0.0930353
-0.0588876
 0.0371217
 -0.055587
  -3.67704
 -0.733652
-0.0403057
 -0.070387
 0.0267342
-0.0451615
  -3.66558
 -0.681131
-0.0934718
-0.0791591
 0.0486436
-0.0383039
  -3.66134
 -0.733126
-0.0954838
-0.0820632
 0.0494131
-0.0561496
  -3.61982
 -0.683847
 -0.139576
-0.0764039
 0.0493098
-0.0494045
  -3.57599
 -0.715313
-0.0831982
 -0.061442
   0.04184
 -0.056045
  -3.56224
 -0.670083
-0.0799462
-0.0680748
  0.037294
-0.0366001
  -3.56993
 -0.689965
-0.0948017
-0.0675321
 0.0494631
-0.0469698
  -3.54069
 -0.682495
-0.0928936
-0.0741043
 0.0545359
-0.0655612
  -3.49634
 -0.686222
 -0.100713
-0.0681998
 0.0444237
-0.0625502
  -3.45536
 -0.647651
-0.0529196
-0.0693018
 0.0438643
-0.0565758
  -3.47147
 -0.695124
-0.0866421
 -0.077405
 0.0430314
-0.0589606
  -3.43861
 -0.625616
 -0.105465
-0.0696753
 0.0437025
-0.0477677
  -3.39171
 -0.706861
-0.0871666
-0.0633636
 0.0417366
-0.0623094
  -3.37416
 -0.664902
-0.0129766
-0.0698682
  0.027148
-0.0688825
  -3.34324
 -0.599322
-0.0982036
-0.0676441
 0.0586398
-0.0453061
   -3.3184
  -0.69355
-0.0983683
-0.0598171
 0.0378791
-0.0638892
  -3.30474
 -0.586389
 -0.086789
-0.0621948
 0.0357619
-0.0686996
  -3.27596
 -0.645539
-0.0692313
-0.0678501
 0.0260649
-0.0727242
  -3.22536
 -0.622413
-0.0544049
-0.0690851
 0.0469742
-0.0579562
  -3.25332
 -0.551533
-0.0824357
-0.0698875
 0.0257122
-0.0536911
   -3.1878
 -0.650945
 -0.104893
-0.0614746
 0.0593558
-0.0595597
  -3.16998
  -0.52633
-0.0701668
-0.0651528
 0.0296433
-0.0730552
  -3.09288
 -0.605855
-0.0792662
-0.0676617
 0.0523975
-0.0691541
  -3.09925
 -0.527459
 -0.077728
-0.0581582
  0.029599
 -0.069969
  -3.06991
 -0.616492
-0.0992244
-0.0683693
 0.0434853
-0.0798935
  -3.04974
 -0.575427
-0.0441395
-0.0544165
 0.0405955
-0.0912412
  -2.99269
  -0.58368
-0.0917232
-0.0639921
 0.0386022
-0.0899023
  -2.94026
 -0.500344
-0.0910966
-0.0606485
 0.0347598
-0.0822636
  -2.92555
 -0.637369
 -0.086545
-0.0523033
 0.0366546
 -0.104653
  -2.91361
 -0.514646
 -0.044673
-0.0681831
   0.03401
-0.0875917
   -2.8623
 -0.564278
-0.0439364
-0.0701382
 0.0376167
 -0.091688
  -2.82936
 -0.572676
-0.0602528
-0.0679724
 0.0388241
-0.0985422
  -2.80853
 -0.460854
-0.0582836
-0.0603965
 0.0378211
-0.0855223
  -2.79357
 -0.566552
-0.0700054
-0.0598569
 0.0383537
-0.0855075
  -2.77832
 -0.466265
-0.0843424
-0.0574293
 0.0540605
 -0.104447
  -2.74475
 -0.528377
-0.0539348
-0.0666486
  0.028446
-0.0944743
   -2.7021
 -0.473619
-0.0872833
-0.0598652
 0.0567627
-0.0938384
  -2.69326
 -0.490823
-0.0285654
-0.0662147
 0.0460862
-0.0965719
   -2.7001
 -0.506721
-0.0518561
-0.0673302
 0.0426677
 -0.104083
   -2.6621
 -0.456885
-0.0536596
-0.0540015
 0.0536637
 -0.085653
  -2.64982
  -0.49311
-0.0795161
-0.0651962
 0.0432388
 -0.102209
  -2.60938
 -0.480537
-0.0741754
-0.0686398
 0.0526254
-0.0810995
   -2.6052
 -0.453881
-0.0902979
-0.0613572
 0.0750597
 -0.108113
  -2.57875
 -0.467207
-0.0211534
-0.0661897
 0.0442443
-0.0879677
  -2.56488
 -0.492171
-0.0721978
-0.0649908
 0.0552622
 -0.114891
   -2.5387
 -0.434664
-0.0326532
 -0.048399
 0.0437187
 -0.088247
   -2.5557
 -0.402972
-0.0975038
-0.0679811
 0.0673804
-0.0984771
  -2.53333
 -0.452929
-0.0924708
-0.0735006
 0.0644742
 -0.113079
  -2.50458
 -0.464517
-0.0284136
-0.0544621
 0.0467817
 -0.110928
  -2.46119
 -0.388757
-0.0540804
-0.0635513
  0.062712
  -0.10268
  -2.42346
 -0.424855
-0.0646138
 -0.055044
 0.0675789
-0.0868928
  -2.44238
 -0.426315
-0.0837513
-0.0699162
  0.056411
-0.0975833
  -2.40817
 -0.455086
-0.0785738
-0.0610238
 0.0631573
 -0.101759
  -2.37428
 -0.405182
-0.0535346
-0.0567592
 0.0552044
 -0.106419
  -2.37608
 -0.345988
-0.0464529
-0.0609723
 0.0641265
 -0.106823
  -2.36238
 -0.479231
-0.0168507
-0.0638765
 0.0517205
 -0.100672
   -2.3738
 -0.390542
-0.0418248
-0.0684442
 0.0481282
 -0.118294
  -2.30692
 -0.453579
-0.0361679
-0.0739433
 0.0412887
 -0.116635
  -2.27879
 -0.388031
-0.0106514
-0.0692205
 0.0432722
 -0.118343
  -2.28159
  -0.37006
-0.0476725
-0.0692506
 0.0422626
 -0.103023
  -2.24694
 -0.444237
-0.0452093
 -0.067503
 0.0563303
 -0.105684
  -2.25359
 -0.340357
-0.0555445
-0.0732465
 0.0673507
-0.0952325
  -2.21915
 -0.407521
-0.0946999
-0.0699847
 0.0623214
 -0.107598
  -2.19807
  -0.41168
0.00891681
-0.0651705
 0.0571367
 -0.119761
  -2.16288
 -0.390352
-0.0435982
-0.0814349
 0.0617567
-0.0998271
  -2.12313
 -0.306884
-0.0711803
-0.0765622
 0.0674908
 -0.105546
   -2.1133
 -0.405938
-0.0634753
-0.0636495
 0.0617833
 -0.123402
  -2.13465
 -0.394465
-0.0383417
-0.0734491
 0.0540685
 -0.125773
  -2.09997
  -0.38204
 -0.020812
-0.0639275
 0.0562917
 -0.111359
  -2.10309
 -0.337488
-0.0589438
-0.0683491
 0.0490684
 -0.103941
  -2.08775
  -0.38213
 -0.033946
-0.0690943
 0.0660487
  -0.10565
  -2.08092
 -0.367246
-0.0221437
 -0.067304
 0.0506627
 -0.101889
   -2.0465
 -0.321358
-0.0280421
-0.0684889
 0.0572902
-0.0936093
  -2.04058
 -0.364014
-0.0592634
-0.0631204
 0.0566764
 -0.107917
  -2.05477
 -0.296891
-0.0435325
-0.0718496
 0.0616728
-0.0827536
  -1.99412
 -0.357565
 -0.030459
 -0.058971
 0.0552214
-0.0889273
  -1.98386
 -0.298916
-0.0549293
 -0.064061
 0.0467601
-0.0978247
  -1.94605
 -0.352823
-0.0789091
-0.0622402
 0.0743977
-0.0973132
  -1.97618
 -0.338208
-0.0438481
-0.0657411
 0.0699501
-0.0955666
  -1.95821
 -0.342896
-0.0125148
-0.0668278
 0.0573157
-0.0965217
  -1.93286
 -0.328959
-0.0567063
-0.0600961
 0.0666552
  -0.10472
  -1.90957
 -0.334516
 -0.104235
-0.0725952
  0.074342
-0.0985836
  -1.92273
 -0.359616
0.00799667
-0.0635446
  0.061286
 -0.102904
  -1.91076
  -0.29989
-0.0396608
-0.0601211
 0.0559428
 -0.101161
  -1.89137
 -0.355552
-0.0443183
-0.0722964
 0.0704819
-0.0998239
  -1.86649
 -0.304224
-0.0357604
-0.0705062
 0.0527427
-0.0900939
  -1.84012
 -0.332919
 0.0131082
-0.0656583
 0.0597082
 -0.102603
  -1.82978
 -0.276475
-0.0612997
-0.0646354
  0.061654
 -0.100966
  -1.83092
   -0.3212
 -0.027349
-0.0596943
 0.0564234
 -0.100408
  -1.86214
 -0.319744
-0.0173942
-0.0561944
  0.055828
 -0.103414
  -1.80987
 -0.315936
-0.0349472
-0.0741357
 0.0555117
-0.0975775
  -1.82116
 -0.278944
-0.0796376
-0.0622712
 0.0655303
-0.0815195
  -1.86115
   -0.3749
-0.0245896
-0.0526845
 0.0666699
 -0.113155
  -1.92043
 -0.278408
-0.0456369
-0.0719949
 0.0642433
 -0.105661
  -1.90549
 -0.382484
-0.0451795
-0.0664773
 0.0723053
-0.0989935
  -1.92963
 -0.293604
-0.0601224
 -0.079317
 0.0627969
-0.0878931
  -1.97779
 -0.367247
-0.0623739
-0.0689929
 0.0743612
-0.0985427
  -2.05069
 -0.380241
-0.0299878
-0.0603142
 0.0663942
 -0.108985
  -2.08767
 -0.392219
-0.0516797
-0.0656135
 0.0544596
-0.0994522
  -2.12921
 -0.356514
 -0.035908
-0.0636871
 0.0602441
-0.0858633
  -2.16632
 -0.392778
-0.0534193
-0.0671543
 0.0641001
-0.0792915
  -2.23535
 -0.397711
-0.0200615
-0.0713882
 0.0440805
-0.0859697
  -2.27086
 -0.438852
-0.0151188
-0.0704065
 0.0503846
-0.0809086
   -2.2946
 -0.411458
-0.0428597
-0.0789501
 0.0493963
-0.0821476
  -2.33109
 -0.449732
-0.0641169
 -0.080603
  0.063184
-0.0904678
  -2.38348
 -0.443816
-0.0358285
-0.0587251
 0.0517967
-0.0987728
  -2.43607
 -0.459889
-0.0493526
-0.0659032
 0.0372062
-0.0736106
  -2.45334
 -0.431983
-0.0813594
-0.0618418
  0.066689
-0.0533062
  -2.49864
 -0.494513
-0.0668555
-0.0786338
 0.0466773
-0.0587984
  -2.61866
 -0.483622
-0.0469661
-0.0636954
  0.054029
-0.0638206
  -2.67177
 -0.520742
 -0.031004
-0.0677364
 0.0461708
-0.0663334
  -2.75045
 -0.554711
-0.0151717
-0.0725622
 0.0499281
-0.0670174
  -2.82186
 -0.537676
-0.0846046
-0.0747016
 0.0515143
-0.0400232
  -2.89036
 -0.568793
-0.0376774
-0.0718924
 0.0485939
-0.0397279
  -2.98291
   -0.5878
-0.0100774
-0.0726702
 0.0358469
 -0.036395
  -3.07954
 -0.585938
-0.0973684
-0.0679575
 0.0488198
-0.0336046
   -3.13728
  -0.612662
 -0.0781227
 -0.0717585
  0.0465437
-0.00580386
   -3.18468
  -0.636987
 -0.0436625
 -0.0672016
  0.0529784
-0.00452331
  -3.25924
 -0.700661
 -0.126454
 -0.061936
  0.050679
-0.0163149
   -3.3567
 -0.629207
-0.0706621
-0.0596248
 0.0439657
0.00740207
    -3.41517
   -0.712777
  -0.0510677
  -0.0729237
   0.0515664
-0.000847642
  -3.51033
 -0.717991
 -0.149054
 -0.068131
 0.0541925
0.00854555
  -3.59187
 -0.703845
-0.0700529
-0.0769579
 0.0373433
 0.0234216
  -3.65526
 -0.766112
-0.0610754
-0.0667666
 0.0267874
 0.0245928
  -3.74104
 -0.832709
-0.0930964
-0.0666488
 0.0355344
 0.0348367
  -3.84177
 -0.808829
-0.0765943
-0.0628563
 0.0275485
 0.0114481
  -3.87978
 -0.825068
-0.0915852
-0.0697506
 0.0282284
 0.0481048
  -4.00398
 -0.876924
  -0.10997
-0.0631367
 0.0355339
 0.0460936
  -4.12886
 -0.830308
-0.0704736
-0.0651572
 0.0224968
 0.0580522
 -4.19267
-0.936356
-0.102033
-0.062567
0.0260037
0.0749276
  -4.28321
 -0.929615
-0.0593898
-0.0722621
 0.0122513
 0.0868749
  -4.33868
 -0.915983
-0.0932849
-0.0681466
  0.011287
 0.0993812
  -4.51349
  -1.01488
-0.0994745
-0.0600225
0.00572991
 0.0857708
  -4.62999
  -1.00368
-0.0670867
-0.0673158
0.00981788
  0.118913
  -4.74296
  -1.03855
 -0.155272
-0.0726297
 0.0144647
  0.134477
   -4.82168
   -1.07566
  -0.052367
 -0.0620633
-0.00152729
   0.146556
  -4.93253
  -1.13639
 -0.135438
-0.0707343
 0.0111828
  0.169599
  -5.05921
  -1.10886
 -0.115133
-0.0661023
-0.0140596
  0.183444
    -5.1496
   -1.18721
  -0.102315
 -0.0546511
-0.00940944
   0.188615
   -5.28535
   -1.19478
  -0.133182
 -0.0728563
-0.00367582
   0.214161
  -5.36047
  -1.24953
 -0.102057
-0.0502642
-0.0250454
  0.224014
  -5.50559
  -1.27554
-0.0856041
-0.0668727
-0.0183178
  0.236947
   -5.61933
   -1.32445
  -0.176405
 -0.0737512
-0.00659767
   0.250413
  -5.72264
  -1.35609
 -0.106909
-0.0655841
-0.0177093
  0.274153
  -5.90301
  -1.39163
  -0.11735
-0.0686755
-0.0347631
  0.307456
  -6.06048
   -1.4368
 -0.159216
-0.0706936
-0.0261781
  0.332282
  -6.22187
  -1.51956
-0.0942998
-0.0593392
-0.0420645
  0.350951
  -6.33823
  -1.53879
 -0.164089
-0.0521192
-0.0433079
  0.377687
  -6.38796
  -1.58357
 -0.174313
-0.0637494
-0.0458775
  0.393248
   -6.5357
  -1.58692
 -0.106443
  -0.06798
-0.0484508
  0.433084
  -6.76938
  -1.67827
 -0.198116
-0.0548628
-0.0510966
  0.457565
  -6.86151
  -1.72338
 -0.150317
-0.0522475
-0.0675177
  0.459093
  -6.96046
  -1.77807
 -0.150211
-0.0559422
-0.0735659
  0.500433
   -7.0939
  -1.79595
  -0.20477
-0.0658198
-0.0692613
  0.536035
  -7.31931
   -1.9063
 -0.152824
-0.0593943
-0.0850139
  0.563896
  -7.58183
  -1.92912
  -0.19393
 -0.058907
-0.0981565
  0.619227
  -7.66399
  -2.00692
 -0.153585
-0.0523175
 -0.106153
  0.638823
 -7.80828
 -2.06497
-0.204881
-0.057463
-0.101597
 0.667995
  -7.98641
  -2.09878
 -0.191427
-0.0495017
 -0.114286
  0.709661
 -8.22732
 -2.21582
-0.180366
-0.047411
-0.117401
 0.740293
  -8.39634
  -2.24042
 -0.212341
-0.0610724
 -0.124999
  0.790078
   -8.5484
  -2.31217
 -0.175958
-0.0564808
 -0.128732
  0.818437
  -8.68392
  -2.46589
 -0.214679
-0.0658729
 -0.124684
  0.842477
  -8.86999
  -2.39091
 -0.207989
-0.0591215
 -0.138357
    0.9043
  -9.15908
  -2.56048
 -0.255926
-0.0512026
 -0.138144
  0.976361
 -9.49794
 -2.70177
-0.245156
-0.057191
-0.137215
  1.03947
 -9.60182
 -2.69113
-0.200627
-0.056159
-0.168906
  1.07142
  -9.81933
   -2.9027
 -0.306344
-0.0572629
 -0.144151
   1.12446
  -10.1807
  -2.92372
 -0.226694
-0.0686316
 -0.174879
   1.22077
  -10.5764
  -3.17267
 -0.244897
-0.0520212
 -0.182768
   1.29454
  -11.1611
  -3.32168
 -0.305103
-0.0589876
    -0.188
   1.41687
   -11.292
  -3.40295
 -0.233641
-0.0515616
  -0.20121
   1.48036
  -11.5665
  -3.52829
 -0.365709
-0.0583787
  -0.18957
   1.58005
  -12.2017
  -3.78807
 -0.305837
-0.0635349
 -0.218227
   1.71502
  -12.6027
  -3.94172
 -0.353551
-0.0655056
 -0.223437
    1.8336
  -12.7367
  -4.04935
 -0.280096
-0.0496415
 -0.204063
   1.80357
  -10.7614
  -3.44764
 -0.259537
-0.0501194
 -0.182202
    1.4619
  -9.99298
  -2.97504
 -0.245057
-0.0575218
 -0.194674
   1.33258
  -9.22471
  -2.86662
 -0.248022
-0.0519021
 -0.139817
   1.16674
   -8.6109
  -2.60911
 -0.202961
-0.0600276
  -0.13586
   1.09748
  -8.71635
  -2.61826
  -0.19019
-0.0700437
 -0.114392
   1.09708
  -8.11838
  -2.54402
 -0.179453
-0.0639657
 -0.117109
  0.996437
   -7.4277
  -2.21863
 -0.166809
-0.0594228
-0.0839054
  0.920754
  -7.31187
  -2.19378
 -0.196585
-0.0689619
-0.0736772
  0.890302
  -6.90863
   -2.0839
 -0.168864
-0.0629613
 -0.051711
  0.839434
   -7.3712
  -2.21033
 -0.157737
-0.0717592
-0.0571604
  0.871434
  -6.51111
  -1.94512
 -0.176739
-0.0739752
-0.0211592
  0.771928
  -6.39329
  -1.88074
 -0.133404
-0.0659048
-0.0340175
  0.738362
   -6.08537
     -1.859
  -0.141656
 -0.0690798
-0.00406402
   0.681978
   -6.18138
   -1.79819
  -0.150882
 -0.0880425
-0.00541773
   0.683794
    -6.13155
    -1.80018
  -0.0421129
  -0.0766625
-0.000390715
    0.678112
  -5.52671
  -1.66607
 -0.139042
-0.0839723
 0.0275519
  0.589006
  -5.4833
 -1.62052
 -0.11411
-0.080046
0.0365147
 0.574127
   -5.1364
  -1.45941
 -0.085086
-0.0708171
 0.0284445
  0.543137
  -5.37027
  -1.59703
-0.0789079
 -0.082018
  0.037503
  0.540582
  -4.85319
   -1.4206
-0.0471895
-0.0832098
 0.0352297
   0.48679
    -4.507
  -1.33065
  -0.15137
-0.0838321
 0.0666843
  0.437454
  -4.37299
  -1.21316
-0.0723252
-0.0831997
 0.0596131
  0.406015
  -4.27283
  -1.28369
-0.0930205
-0.0739016
  0.061595
  0.406059
  -4.24117
  -1.15877
 -0.103847
-0.0659047
 0.0469832
  0.397575
   -3.7806
  -1.10689
 -0.055444
-0.0738572
 0.0559891
   0.32755
  -3.61321
  -1.09565
-0.0350553
-0.0723892
 0.0409456
  0.323849
  -3.45489
 -0.903683
-0.0426811
-0.0760034
 0.0569476
   0.30957
  -3.48855
 -0.977662
-0.0438715
-0.0709571
 0.0478297
  0.297864
  -3.27726
 -0.903148
-0.0827411
-0.0837033
  0.067428
  0.288344
  -2.86148
 -0.792972
-0.0162137
-0.0732946
 0.0732906
  0.238457
  -2.78745
 -0.809575
 -0.046251
-0.0765299
 0.0532001
  0.224318
 -2.70607
-0.647749
0.0129157
-0.074397
0.0475923
 0.218426
  -2.83716
 -0.852916
-0.0825619
-0.0775157
 0.0727683
  0.209079
   -2.46099
  -0.580911
0.000120945
 -0.0678406
  0.0629742
   0.184041
  -2.21074
 -0.681443
-0.0415859
-0.0705154
 0.0704784
  0.118551
  -2.17182
 -0.545761
-0.0534617
-0.0788689
 0.0638056
  0.146048
   -2.16517
  -0.603922
-0.00620263
 -0.0695637
  0.0560003
    0.13419
  -2.20997
  -0.56794
-0.0821467
-0.0662196
 0.0611933
  0.148802
  -1.87933
 -0.498537
 0.0463062
-0.0674061
 0.0537516
  0.114643
  -1.72708
 -0.497874
 -0.074402
-0.0621226
 0.0697402
 0.0752691
  -1.75973
 -0.423334
-0.0342616
-0.0748473
 0.0662219
 0.0912809
  -1.75653
  -0.45941
 0.0153723
-0.0658961
 0.0545176
  0.108481
   -1.7474
 -0.423239
-0.0510004
-0.0707284
 0.0675622
 0.0907296
  -1.54879
 -0.360002
 0.0107395
-0.0746603
 0.0530993
 0.0685889
  -1.43773
  -0.38893
0.00526708
-0.0530953
 0.0425834
 0.0654575
  -1.48407
 -0.356872
-0.0884621
-0.0617529
 0.0518798
 0.0631399
  -1.51317
 -0.401125
 0.0278359
-0.0518195
 0.0488033
 0.0650288
  -1.41142
 -0.329973
-0.0412126
-0.0658686
 0.0545103
 0.0644992
    -1.24729
   -0.311464
-0.000848317
  -0.0552119
   0.0459391
   0.0334226
  -1.19442
 -0.342715
-0.0164945
-0.0660816
 0.0459637
 0.0157043
  -1.22723
 -0.227015
-0.0558043
-0.0601788
 0.0507687
 0.0388467
   -1.21746
  -0.399925
-0.00301103
 -0.0583809
   0.052668
  0.0412287
  -1.11973
 -0.133423
-0.0465925
-0.0690565
 0.0370159
  0.039955
   -1.07282
  -0.346105
 0.00566672
 -0.0534085
  0.0368488
-0.00117178
  -1.06446
 -0.243645
 0.0100041
-0.0455672
 0.0415982
0.00623526
  -1.11036
 -0.189034
 -0.053533
-0.0718878
 0.0437969
 0.0336641
  -1.00285
 -0.319485
 0.0110473
-0.0605315
 0.0343431
 0.0187693
 -0.932053
-0.0787617
 -0.057129
 -0.066308
 0.0403041
 0.0344029
 -0.913543
 -0.301766
 0.0156776
-0.0461609
 0.0233809
 0.0051026
  -0.949458
  -0.147217
-0.00409024
 -0.0480183
  0.0386582
  0.0177795
   -0.93472
  -0.251153
-0.00680493
 -0.0564702
  0.0283074
  0.0161866
  -0.85543
 -0.225471
 0.0230392
-0.0522705
   0.03259
-0.0105186
  -0.783293
  -0.134004
 -0.0457253
 -0.0568772
  0.0433106
-0.00519159
 -0.820238
 -0.201217
 0.0237087
-0.0645299
 0.0316965
0.00122136
 -0.853169
 -0.109232
0.00161802
-0.0587114
 0.0407998
0.00991025
 -0.820292
 -0.263827
-0.0760758
-0.0584109
   0.04266
-0.0253122
  -0.728834
  -0.124501
0.000712328
 -0.0436166
  0.0360314
 -0.0117637
   -0.68247
 -0.0186371
-0.00801866
 -0.0508595
  0.0416082
 0.00716243
 -0.779808
 -0.207298
-0.0397404
-0.0564949
 0.0426023
-0.0102757
 -0.817606
 -0.170019
-0.0191572
-0.0552288
 0.0434487
-0.0216114
  -0.700487
 -0.0819494
-0.00141353
 -0.0695766
  0.0387137
 -0.0066864
 -0.640367
 -0.141228
-0.0126058
-0.0642405
 0.0425184
-0.0112182
 -0.649131
 -0.103585
 0.0201891
-0.0618015
 0.0282059
-0.0328418
 -0.693581
 -0.191822
0.00733099
-0.0443454
 0.0356712
-0.0339318
 -0.682107
 -0.137437
 0.0314949
-0.0553491
 0.0230131
-0.0222262
 -0.637842
-0.0346275
-0.0466993
-0.0672669
 0.0435546
 -0.021866
 -0.544264
  -0.17906
-0.0380982
-0.0615328
 0.0423597
-0.0251281
  -0.56347
 -0.120431
 0.0544407
-0.0460449
 0.0216305
-0.0272971
 -0.602766
-0.0999062
-0.0162185
 -0.060103
 0.0383976
-0.0143997
 -0.574473
-0.0964946
-0.0243761
-0.0555031
 0.0461701
-0.0252001
 -0.533366
 -0.112423
-0.0203543
-0.0565852
 0.0289443
-0.0279365
  -0.537303
 -0.0787775
0.000852986
 -0.0577435
  0.0193739
 -0.0217508
 -0.596211
 -0.124239
  0.024417
-0.0546239
 0.0285386
-0.0283989
  -0.57395
-0.0875316
 0.0399821
-0.0556044
  0.027458
-0.0239049
  -0.505265
  -0.107299
-0.00757059
 -0.0523898
  0.0299592
 -0.0456723
  -0.458641
  -0.103521
-0.00524504
 -0.0581737
  0.0308014
 -0.0404173
  -0.43607
-0.0507185
 0.0119471
-0.0526475
 0.0202684
-0.0350819
  -0.46543
 -0.110238
-0.0371941
-0.0478634
 0.0404426
-0.0253343
  -0.489954
  -0.111183
-0.00476817
 -0.0589007
  0.0376308
 -0.0245025
 -0.455581
-0.0148656
0.00975502
-0.0659148
  0.017617
-0.0272716
 -0.411294
  -0.11089
-0.0361427
-0.0420418
 0.0284184
-0.0317017
  -0.445769
 -0.0464257
-0.00240168
 -0.0610336
  0.0281211
  -0.022254
 -0.445503
-0.0631344
 0.0114222
 -0.052501
  0.021368
-0.0260016
 -0.419442
-0.0612455
 -0.039071
 -0.052087
  0.039552
-0.0376041
 -0.380726
 0.0348869
  0.012612
 -0.068882
 0.0140832
-0.0313109
 -0.366947
-0.0989943
-0.0329944
-0.0611253
 0.0247994
-0.0360089
 -0.414207
-0.0303997
-0.0029227
-0.0504074
 0.0337095
-0.0141129
 -0.414695
0.00548126
 0.0223754
-0.0617294
 0.0173085
-0.0324611
  -0.361383
  -0.102061
-0.00770018
 -0.0513705
  0.0333166
 -0.0535221
  -0.340676
-0.00259076
 -0.0342091
 -0.0570649
  0.0261139
 -0.0376811
 -0.298624
-0.0622587
0.00597609
-0.0531657
 0.0204261
 -0.033502
 -0.351383
-0.0755229
 0.0166465
-0.0594623
 0.0218872
 -0.024857
 -0.347745
-0.0223896
0.00216874
-0.0535223
 0.0261352
-0.0388553
 -0.299963
-0.0417884
-0.0382931
-0.0495555
 0.0162988
-0.0372903
  -0.308632
 -0.0732458
-0.00255975
 -0.0627607
  0.0265312
 -0.0394475
 -0.312663
  0.053986
0.00340076
-0.0494915
 0.0107328
-0.0114908
  -0.336269
 -0.0611874
-0.00881022
 -0.0511108
  0.0231894
 -0.0438452
  -0.281371
-0.00691747
 -0.0101384
 -0.0604282
  0.0368452
 -0.0208847
  -0.222169
  0.0139381
 -0.0195668
 -0.0475765
  0.0260401
-0.00814981
 -0.217313
0.00326657
 -0.017661
-0.0498073
 0.0333451
-0.0438749
 -0.242261
-0.0222413
0.00359492
-0.0575393
 0.0139435
-0.0349021
 -0.245296
-0.0627571
-0.0395208
-0.0619106
 0.0321843
-0.0311299
  -0.232356
  0.0563099
-0.00565292
 -0.0458136
  0.0170883
 -0.0151342
  -0.199933
 -0.0256823
-0.00984389
 -0.0528831
  0.0208962
 -0.0433791
  -0.247231
-0.00182775
 -0.0219492
 -0.0497461
  0.0313106
 -0.0401202
 -0.255501
 0.0253762
 0.0118121
-0.0416088
 0.0183166
-0.0278266
 -0.218964
-0.0429664
-0.0482403
-0.0484928
 0.0104283
-0.0398549
 -0.182722
-0.0377832
 -0.020243
-0.0606635
 0.0349398
-0.0303865
 -0.190956
  0.072023
-0.0142218
-0.0572132
0.00675854
-0.0348076
 -0.204251
-0.0750572
 -0.010285
-0.0443282
 0.0230615
 -0.038454
 -0.223055
 0.0452737
 0.0438691
-0.0536325
0.00747077
-0.0191286
  -0.221226
 -0.0567084
-0.00671263
 -0.0449769
 0.00310064
  -0.054833
 -0.225056
-0.0224254
 0.0664013
-0.0619152
0.00553888
-0.0240716
 -0.229512
-0.0226709
  0.010152
-0.0542365
 0.0154965
-0.0439036
 -0.223021
0.00780982
-0.0342083
 -0.050489
 0.0102487
-0.0324495
 -0.188904
 -0.051407
0.00691595
-0.0336265
  0.022219
 -0.025553
  -0.229886
  0.0884718
  0.0236609
 -0.0549205
-0.00229734
-0.00815274
 -0.165907
-0.0552339
-0.0443547
-0.0414468
 0.0282007
-0.0343872
 -0.180053
 0.0351995
-0.0680544
-0.0484024
 0.0341431
-0.0559369
 -0.180328
 0.0726648
0.00687746
-0.0524147
 0.0124756
-0.0393997
 -0.159766
-0.0290223
-0.0219656
-0.0481287
 0.0221284
-0.0422183
 -0.157846
 0.0638564
-0.0103198
-0.0574723
 0.0100848
-0.0268235
 -0.166279
0.00291356
-0.0655193
-0.0583489
  0.016136
-0.0491961
  -0.157626
-0.00389064
 -0.0139605
  -0.052661
  0.0211712
 -0.0449023
 -0.152801
 0.0543009
 0.0244142
-0.0473506
0.00530315
-0.0313049
 -0.134661
-0.0228515
 -0.030011
-0.0544552
0.00530766
-0.0504545
 -0.118929
 0.0568238
-0.0358654
-0.0522224
 0.0165825
-0.0335948
  -0.13977
0.00648068
 -0.035489
 -0.052283
0.00851603
-0.0474515
  -0.123694
  0.0118176
  0.0236261
 -0.0438326
0.000779385
 -0.0360381
  -0.112683
  0.0500405
-0.00138701
 -0.0499645
 0.00255363
 -0.0526136
-0.0825981
 0.0342696
-0.0527365
-0.0575812
 0.0254011
-0.0294909
-0.0763259
 0.0447706
-0.0109007
 -0.053496
 0.0144821
-0.0386694
 -0.0785238
 -0.0379499
-0.00275523
 -0.0434154
 0.00970088
 -0.0520461
   -0.087755
   0.0913377
-0.000224729
  -0.0573794
  0.00578311
  -0.0387673
-0.0518225
 0.0390957
0.00599718
 -0.047958
 0.0108073
-0.0404267
-0.0500165
 0.0379114
-0.0330953
-0.0524094
0.00983847
-0.0482152
 -0.0548428
  0.0414886
-0.00738925
 -0.0549009
 0.00603203
 -0.0403429
 -0.0544382
  0.0161878
-0.00689544
 -0.0401571
  0.0102608
 -0.0523898
 -0.0625454
  0.0890324
-0.00898738
 -0.0610106
 0.00157171
 -0.0376241
-0.0155745
-0.0263868
-0.0498347
-0.0386483
0.00073498
-0.0489871
-0.0261209
   0.13514
-0.0217185
-0.0531934
0.00697749
-0.0314435
 -0.0296225
 -0.0180797
-0.00241804
 -0.0549336
  0.0208874
 -0.0650534
-0.0295511
 0.0754018
 0.0217494
-0.0431497
-0.0130343
-0.0261487
-0.00297249
 0.00766646
-0.00165926
 -0.0517864
-0.00585911
 -0.0415407
 -0.0215364
  0.0830398
-0.00879085
 -0.0505567
-0.00995797
 -0.0380365
-0.00363774
 0.00987197
 -0.0106348
 -0.0558369
 0.00564357
  -0.040359
  -0.0162219
   0.0959643
 -0.00840455
  -0.0474533
-0.000818161
  -0.0490459
 0.0102011
 0.0050911
-0.0149711
-0.0435539
0.00734104
-0.0371982
-0.0117659
  0.112826
 0.0340389
-0.0486649
-0.0122534
-0.0183683
 -0.0324249
-0.00665249
 -0.0103974
 -0.0449407
   0.011005
 -0.0494396
 -0.0229538
   0.122785
0.000337928
 -0.0484997
 -0.0136406
  -0.012816
  -0.0109101
 -0.00164471
-0.000550671
  -0.0491215
 -0.00457594
  -0.0565089
0.00282786
 0.0636157
 0.0170882
-0.0338079
 0.0148439
-0.0523063
 0.0213124
  0.126987
-0.0332791
-0.0513361
0.00811534
-0.0150858
 0.0406305
 0.0154862
-0.0375904
-0.0397813
0.00866771
-0.0348042
 0.0162831
  0.115783
 0.0169296
 -0.058922
0.00410256
-0.0383161
0.00067667
 0.0185594
-0.0281846
-0.0387936
0.00127486
-0.0586619
  0.00184789
    0.055784
-0.000992313
  -0.0476495
  -0.0125605
  -0.0332282
 0.00501314
   0.092549
-0.00899557
 -0.0592437
-0.00116825
 -0.0370539
  0.0186452
 -0.0204233
-0.00748626
 -0.0454888
  0.0137976
 -0.0438638
-0.00268417
  0.0759327
 0.00569216
 -0.0379453
-0.00686117
 -0.0468024
  0.0196929
  0.0765169
 0.00842967
 -0.0503579
0.000591378
 -0.0266649
 0.0121303
-0.0105656
 0.0147359
-0.0441687
-0.0161058
-0.0340245
  0.0252136
  0.0951856
-0.00439995
 -0.0533685
 -0.0040636
 -0.0246265
 0.0269342
 0.0551193
-0.0123158
-0.0478323
0.00940725
-0.0412925
  0.0221361
  0.0241347
 -0.0111759
 -0.0402384
-0.00808082
 -0.0385662
0.00821176
  0.081276
-0.0234745
-0.0368014
0.00785902
-0.0445666
-0.00752487
  0.0439852
-0.00530595
  -0.043004
-0.00101012
 -0.0423968
   0.0191022
   0.0700725
 -0.00703868
  -0.0468143
-0.000197438
  -0.0310346
-0.0105352
  0.080736
-0.0086122
-0.0517111
0.00506304
-0.0340881
-0.00655948
   0.115119
  -0.022268
 -0.0469006
 0.00301894
 -0.0406464
 -0.0092884
  0.0344493
 0.00174674
 -0.0430873
-0.00677962
 -0.0422109
-0.00246584
  0.0984024
  0.0115208
 -0.0535414
 -0.0131624
-0.00430434
  0.0303536
  0.0587704
 -0.0181923
 -0.0348289
-0.00236951
 -0.0461439
 0.0314024
 0.0769488
-0.0464181
 -0.051169
0.00284751
-0.0387217
 0.0223823
 0.0325056
  0.017465
-0.0462352
-0.0107956
-0.0452953
  0.0173104
  0.0455849
-0.00676408
 -0.0313085
 0.00667671
 -0.0516938
  0.0215571
  0.0769788
-0.00187265
 -0.0510609
-0.00178927
 -0.0420734
 0.0251679
 0.0530635
-0.0245871
 -0.047407
-0.0022023
-0.0478392
 0.0121264
 0.0215876
-0.0279131
-0.0491035
0.00724573
-0.0450759
  0.00949364
   0.0666706
-6.21835e-05
  -0.0516543
 -0.00325959
  -0.0248571
  0.024612
 0.0730701
0.00174998
-0.0469339
-0.0129255
-0.0348911
 0.0198903
 0.0576684
-0.0179184
-0.0525562
0.00672132
-0.0411439
 0.0139225
 0.0909822
-0.0190492
-0.0449449
0.00499381
-0.0339569
-0.000509754
   0.0404371
 -0.00726713
  -0.0466882
  0.00769743
  -0.0359058
 0.00884626
  0.0529942
 -0.0122481
 -0.0407833
-0.00525973
 -0.0396085
 0.00884301
  0.0700369
-0.00729217
 -0.0422426
-0.00624827
 -0.0410579
  0.0161768
  0.0565639
 0.00473583
   -0.05211
-0.00248513
  -0.026055
 0.00699105
  0.0683881
 0.00769246
 -0.0546056
-0.00936758
 -0.0262307
  0.0127165
  0.0543739
-0.00784352
 -0.0430625
 0.00283348
 -0.0399482
  0.0248761
  0.0460727
 -0.0161439
 -0.0436878
-0.00570646
  -0.026172
 0.0324714
 0.0827531
0.00255807
-0.0582738
0.00244249
-0.0364675
  0.031876
 0.0589217
-0.0367413
-0.0463069
0.00590602
-0.0294877
  0.0282823
  0.0746783
0.000768576
 -0.0491168
-0.00996433
 -0.0254551
  0.0364485
  0.0491175
 -0.0264278
 -0.0462588
-0.00154586
 -0.0348965
 0.0254463
 0.0772012
-0.0196996
-0.0543788
 0.0131096
-0.0397111
 0.0155847
  0.067815
0.00746458
-0.0488193
-0.0107486
-0.0366534
   0.0153683
   0.0513057
-0.000709366
  -0.0499598
 -0.00451694
  -0.0280611
  0.0139297
  0.0581362
 0.00804274
 -0.0423668
-0.00704061
 -0.0205132
 0.00592424
  0.0647598
-0.00350933
 -0.0439024
 -0.0106248
 -0.0294709
  0.0100775
  0.0484178
-0.00749942
 -0.0406081
 0.00519433
 -0.0310696
 0.00711187
  0.0603344
 0.00548015
 -0.0473842
-0.00367488
 -0.0347005
   0.010735
  0.0531894
-0.00868106
 -0.0504662
 0.00445716
 -0.0311099
0.00865113
 0.0536872
-0.0133878
-0.0441404
0.00257061
-0.0394856
  0.0200473
   0.057642
 -0.0135838
 -0.0442609
-0.00981424
 -0.0454162
 0.00875221
  0.0618536
-0.00917983
 -0.0421201
-0.00613857
 -0.0378984
  0.022388
 0.0644372
-0.0100577
  -0.04772
-0.0133923
-0.0265344
 0.00487527
  0.0608193
-0.00923761
 -0.0413741
-0.00881262
 -0.0424055
  0.0181275
  0.0657695
-0.00941162
 -0.0486075
 0.00700815
 -0.0445182
 0.00627671
  0.0643219
-0.00706843
 -0.0386433
 0.00856838
 -0.0348124
 0.00941704
  0.0602145
-0.00830563
 -0.0358955
 0.00283732
 -0.0482936
   0.008827
  0.0533928
-0.00554111
 -0.0411332
-0.00455091
 -0.0375229
 -0.00779734
    0.053129
  0.00256473
  -0.0489392
-0.000782177
   -0.024769
  0.0160315
  0.0497107
-0.00788633
 -0.0388569
-0.00295537
 -0.0492023
 0.00788212
    0.05626
-0.00874594
 -0.0471664
-0.00838287
 -0.0288744
  0.0227078
  0.0553379
 -0.0078517
 -0.0464681
-0.00751694
  -0.042613
 0.0105408
 0.0538437
-0.0155645
-0.0458643
-0.0076131
-0.0391492
0.00962329
 0.0570036
-0.0140925
-0.0474482
-0.0121696
-0.0168458
 0.0406848
 0.0666066
-0.0225383
-0.0391385
0.00319964
-0.0276377
 0.0198589
  0.058314
-0.0124731
-0.0454995
-0.0107011
-0.0451069
  0.0187911
  0.0549217
 -0.0112194
 -0.0402447
-0.00289112
 -0.0400424
 0.0113036
 0.0595195
 0.0008471
-0.0500878
-0.0160368
 -0.048632
 -0.00297542
   0.0584035
  -0.0079062
  -0.0503575
-0.000705754
  -0.0383652
0.000375611
  0.0536016
 0.00231045
 -0.0479545
 -0.0116821
 -0.0388699
 0.00773647
  0.0576417
 0.00307839
 -0.0503088
-0.00361955
 -0.0496539
 0.00500354
  0.0610629
 0.00531332
 -0.0406536
-0.00755928
 -0.0385562
  0.0100686
  0.0572781
-0.00259235
 -0.0408064
-0.00111866
 -0.0498988
-0.00367796
  0.0538854
 -0.0147486
 -0.0385105
 0.00416595
   -0.04709
 0.00132816
  0.0582689
-0.00355693
 -0.0461035
-0.00734355
 -0.0435261
   0.021457
  0.0601221
-0.00989399
 -0.0423752
  -0.017277
 -0.0237266
-0.00125875
  0.0435328
 -0.0164833
 -0.0395626
-0.00267988
 -0.0426922
 0.00288333
  0.0444887
-0.00644924
 -0.0340283
-0.00338873
 -0.0386797
-0.00603228
  0.0543065
-0.00670963
  -0.046845
-0.00304087
 -0.0398972
  0.0194086
  0.0517687
-0.00744854
 -0.0434205
  -0.013081
 -0.0276608
 0.00437346
  0.0542277
-0.00667877
 -0.0454688
-0.00386908
 -0.0388539
  0.0134102
  0.0593084
-0.00425543
 -0.0465284
-0.00617238
 -0.0215574
 0.00394935
  0.0565841
-0.00113338
 -0.0428358
 0.00225616
 -0.0336456
 0.00271932
  0.0614391
-0.00148956
 -0.0435648
-0.00655181
 -0.0446505
  0.0296064
  0.0699058
-0.00697794
 -0.0394692
-0.00754312
 -0.0252338
  0.0042566
  0.0627548
-0.00786095
 -0.0452838
 -0.0100414
 -0.0276973
  0.0214835
  0.0611567
-0.00698477
 -0.0382402
-0.00610331
 -0.0398634
 0.00831385
  0.0548072
-0.00885635
 -0.0416021
 -0.0193463
 -0.0360864
 0.0389242
 0.0653221
 -0.011335
-0.0431585
-0.0047762
-0.0306308
  0.0172185
  0.0521398
 -0.0165787
 -0.0434592
-0.00621863
 -0.0361521
  0.0243069
  0.0650425
  -0.012327
 -0.0511847
0.000429662
 -0.0268535
  0.0341866
  0.0596768
-0.00790492
 -0.0423553
-0.00216491
 -0.0352749
 0.00699183
  0.0525108
0.000408117
 -0.0379397
 -0.0114621
 -0.0194526
-0.00115674
   0.043422
-0.00655384
 -0.0423257
-0.00447023
 -0.0501016
     0.0146
  0.0629409
-0.00543953
  -0.045627
 -0.0040248
 -0.0177275
0.00118494
 0.0507691
-0.0087961
-0.0414817
 0.0038365
-0.0356728
 0.00579101
   0.056568
-0.00566646
 -0.0488046
-0.00813809
 -0.0424106
-0.000266493
   0.0561592
  -0.0123673
  -0.0448103
 0.000275102
  -0.0395361
  0.0149273
   0.054019
-0.00452797
 -0.0360058
   -0.02017
 -0.0420384
  0.0112453
   0.059625
-0.00542813
 -0.0514476
 0.00798391
 -0.0238876
 0.00620089
  0.0625783
-0.00890359
 -0.0534575
-0.00610594
 -0.0280858
 0.0134308
  0.051132
-0.0143515
-0.0365446
-0.0164619
-0.0359307
 0.00494537
  0.0508078
-0.00982661
 -0.0552199
-0.00461615
 -0.0403042
  0.0142458
  0.0562494
 -0.0157464
 -0.0421833
5.11715e-05
 -0.0410341
   0.0114838
   0.0504848
   -0.010804
  -0.0433755
-0.000606402
  -0.0275883
 0.00597511
  0.0560686
-0.00460435
  -0.048329
 -0.0045437
 -0.0451469
 0.00266309
  0.0529072
 -0.0102266
 -0.0440629
-0.00350729
 -0.0505514
  0.0174991
  0.0588898
-0.00408676
 -0.0507441
 -0.0125031
 -0.0174273
  0.0125586
  0.0549068
-0.00672735
 -0.0423622
  -0.005716
  -0.039446
0.000372696
  0.0620656
-0.00356851
 -0.0460655
-0.00729497
 -0.0370575
 0.00588117
  0.0657895
 0.00163045
 -0.0426431
-0.00542848
 -0.0477944
 0.00449819
  0.0622258
-0.00706722
 -0.0448185
-0.00681419
 -0.0441823
  0.0122363
  0.0641318
-0.00903903
  -0.045544
-0.00405468
 -0.0281576
 0.0274767
 0.0617311
-0.0169359
-0.0408491
 0.0106849
-0.0334974
   0.001873
  0.0557418
-0.00570158
 -0.0509457
0.000738534
 -0.0449394
   0.0293513
   0.0539687
   -0.016579
  -0.0380234
-0.000474629
  -0.0300814
-0.00174549
  0.0546234
 -0.0102659
 -0.0384827
 0.00338488
 -0.0448978
0.000367798
  0.0458402
-0.00755754
 -0.0387375
-0.00137011
 -0.0377564
  0.0140155
  0.0570359
-0.00989575
 -0.0410857
  -0.010244
 -0.0268295
  0.00967669
   0.0505435
  -0.0126684
  -0.0363909
-0.000567887
  -0.0616449
  0.0096366
  0.0572769
-0.00978118
 -0.0480154
 -0.0106411
 -0.0238851
 0.00645962
  0.0620873
-0.00591965
 -0.0518298
-0.00782758
 -0.0467878
 0.00688726
  0.0534744
-0.00906034
 -0.0352907
 0.00116706
 -0.0418657
-0.000665893
   0.0576718
 -0.00554585
  -0.0459205
 -0.00725684
  -0.0320004
  0.00566867
    0.057576
-0.000109159
  -0.0465672
 -0.00622198
  -0.0400072
-0.000668353
   0.0497408
  -0.0134291
  -0.0376635
  -0.0109452
  -0.0466135
-0.00377169
  0.0539533
 -0.0124744
 -0.0423476
 0.00207934
 -0.0470894
 0.00155452
   0.050184
-0.00584457
 -0.0338902
-0.00451625
 -0.0541985
 0.00221434
   0.054181
 -0.0098717
 -0.0467293
-0.00372893
 -0.0315709
 0.00867415
  0.0529055
 -0.0121676
 -0.0488491
-0.00732045
  -0.039555
  0.0167159
  0.0547901
-0.00672458
 -0.0463964
 0.00417723
 -0.0403472
-0.00475259
  0.0489775
-0.00895142
 -0.0465178
 -0.0101304
  -0.051327
  0.0277505
   0.060312
-0.00682054
 -0.0490046
 0.00767214
 -0.0369102
 0.00355517
  0.0571644
-0.00783013
 -0.0463055
 -0.0117452
 -0.0370373
  0.0098679
  0.0576766
-0.00579332
 -0.0414789
-0.00353305
 -0.0425502
  0.0111019
   0.059915
-0.00651395
 -0.0490353
-0.00716002
 -0.0231306
-0.00364873
  0.0535785
-0.00658453
 -0.0395311
-0.00361545
 -0.0313466
 0.00680413
  0.0520772
-0.00654281
 -0.0516338
-0.00808547
 -0.0399906
 0.0145605
 0.0550446
-0.0154758
-0.0394926
0.00112617
-0.0279352
   0.0123391
    0.056469
   -0.014936
  -0.0349817
-0.000359511
  -0.0522072
   0.0116553
   0.0581328
  -0.0180539
  -0.0433332
-0.000618476
  -0.0419888
  0.0241672
  0.0568176
 -0.0139725
 -0.0501028
-0.00298348
 -0.0121198
  0.0223964
  0.0576161
-0.00467258
 -0.0400008
0.000570565
 -0.0419882
 0.00724746
  0.0520324
-0.00926416
 -0.0347316
-0.00717607
  -0.056023
-0.000802824
    0.059606
 -0.00711983
  -0.0339002
 -0.00404865
  -0.0448864
 0.0111806
 0.0525615
-0.0102508
 -0.041164
0.00690429
-0.0498144
 0.0236704
 0.0602595
-0.0112353
-0.0413301
0.00104472
-0.0313963
 0.00781322
  0.0578056
-0.00228353
 -0.0352093
 -0.0169698
 -0.0327867
 0.00658945
  0.0614448
-0.00676347
 -0.0505801
-0.00657828
  -0.033349
  0.0174413
  0.0595995
-0.00553222
 -0.0500834
-0.00400771
 -0.0310759
 0.00401225
  0.0556537
 -0.0041436
 -0.0438967
-0.00412286
 -0.0199355
  0.0122137
  0.0562105
 -0.0168328
 -0.0372827
-0.00762166
  -0.038188
-0.00809802
  0.0536412
-0.00640835
 -0.0485725
 -0.0126987
 -0.0281626
  0.0103248
  0.0549195
-0.00773347
  -0.047464
-0.00778379
  -0.036745
  0.0162685
  0.0564776
-0.00554235
 -0.0424224
  -0.011586
 -0.0344208
 0.00580719
  0.0571416
-0.00691293
 -0.0412078
-0.00980017
  -0.044321
-0.00145705
  0.0524497
-0.00879947
 -0.0426162
 -0.0142372
 -0.0362097
 0.00790633
  0.0560292
 -0.0132912
 -0.0475707
-0.00638867
 -0.0333954
  0.0271621
  0.0545029
-0.00671698
 -0.0421331
-0.00820143
 -0.0412821
  0.0154896
  0.0588711
-0.00992609
 -0.0501068
-0.00310593
 -0.0286847
  0.0182494
   0.065868
-0.00690981
 -0.0383908
0.000829074
  -0.026074
  0.0162259
  0.0646154
-0.00796187
 -0.0498559
 0.00106406
 -0.0309369
  0.0248016
  0.0635619
-0.00238077
 -0.0493419
-0.00831066
 -0.0347038
 0.0105356
 0.0546154
-0.0168795
-0.0411587
0.00215185
-0.0436639
 0.00571143
   0.057191
-0.00646643
 -0.0411908
 -0.0091904
 -0.0214078
 0.00250471
  0.0611551
-0.00567161
 -0.0520345
-0.00624503
 -0.0353596
   0.0129618
   0.0533188
-0.000839633
  -0.0418683
 -0.00796006
   -0.026717
-0.000745357
   0.0567154
  -0.0110233
  -0.0581596
   -0.003567
  -0.0345488
  0.0139774
  0.0582096
 -0.0148148
 -0.0330293
-0.00235185
 -0.0423577
 0.0313576
 0.0547115
-0.0143323
-0.0351197
0.00472105
-0.0257034
  0.0252433
  0.0607188
-0.00878979
  -0.057654
-0.00278468
 -0.0290461
 0.00140086
  0.0486058
-0.00742422
 -0.0506205
 -0.0111649
 -0.0339313
 0.0147569
 0.0620082
-0.0066171
-0.0455404
-0.0158402
-0.0245669
 0.00967424
  0.0591058
 -0.0036629
 -0.0358833
-0.00324694
  -0.041995
  0.0151138
  0.0602161
-0.00770139
 -0.0525871
-0.00487285
 -0.0280665
  0.0112694
  0.0599182
-0.00691844
 -0.0450118
-0.00662067
 -0.0414936
  0.0101506
  0.0557985
-0.00641517
  -0.046582
0.000385063
 -0.0229265
 0.0215113
 0.0597413
-0.0110427
-0.0499906
0.00166696
-0.0268164
  0.0148944
  0.0538968
 -0.0111884
 -0.0394945
-0.00544344
 -0.0399678
 0.00779628
  0.0572949
-0.00108879
 -0.0437708
 -0.0115381
 -0.0332717
 0.0159148
 0.0583164
-0.0114536
-0.0417672
0.00323505
-0.0452021
-0.00307368
  0.0499859
 -0.0119071
 -0.0485179
-0.00707237
 -0.0303708
0.00874303
 0.0531453
-0.0122827
 -0.047702
0.00513456
-0.0421909
  0.0046115
  0.0614823
   -0.01005
 -0.0437649
-0.00438363
 -0.0261291
 0.0320774
 0.0603548
-0.0145059
-0.0350667
  0.010071
-0.0233422
 0.00417059
  0.0474057
-0.00869985
 -0.0359251
-0.00138537
 -0.0351283
 0.0235949
 0.0609174
-0.0125386
-0.0397017
0.00589343
 -0.038066
 0.00203526
  0.0636397
-0.00804438
 -0.0454822
-0.00352323
 -0.0341244
  0.0105812
  0.0617399
-0.00553001
 -0.0519976
 -0.0127651
 -0.0289414
  0.0177943
  0.0589108
-0.00887705
 -0.0409643
0.000109899
 -0.0268356
  0.0161953
  0.0564232
-0.00974322
   -0.04474
-0.00144338
 -0.0208194
 0.00979909
  0.0568972
 -0.0064019
 -0.0473353
-0.00798391
 -0.0220684
 0.0259841
 0.0589595
-0.0100475
-0.0466233
0.00463047
-0.0324646
 0.0254463
 0.0607462
-0.0112535
-0.0507471
0.00397459
-0.0360573
  0.0305148
  0.0574837
-0.00993909
 -0.0460473
 0.00769612
 -0.0292241
  0.0126052
  0.0612843
 -0.0132116
 -0.0567322
-0.00450487
 -0.0246854
 0.0307009
 0.0646772
-0.0134414
 -0.048388
0.00591038
-0.0256342
   0.028736
   0.064438
-0.00664662
 -0.0464454
-0.00224892
 -0.0210015
 0.00463191
  0.0536579
-0.00131174
 -0.0407466
 -0.0179557
 -0.0503997
  0.0274125
  0.0620952
-0.00582705
 -0.0419612
-0.00341659
 -0.0379933
 0.0182712
 0.0566194
 -0.010132
-0.0412779
-0.0160351
-0.0410624
  0.0233489
  0.0611962
-0.00133521
 -0.0488895
 -0.0102619
 -0.0424988
0.00964959
 0.0574874
-0.0054161
-0.0476174
  -0.01288
-0.0285292
 0.00804233
   0.055929
-0.00308852
 -0.0453217
 -0.0105535
 -0.0246931
   0.031479
  0.0617952
-0.00334158
 -0.0459733
 -0.0106846
 -0.0293114
   0.013533
  0.0582385
-0.00976133
 -0.0478002
 -0.0118576
 -0.0215644
 0.00571484
  0.0565456
-0.00525668
 -0.0478254
 -0.0114186
 -0.0216837
 0.00672277
  0.0534903
-0.00682753
 -0.0431686
-0.00206701
 -0.0464151
-0.00255918
  0.0563783
-0.00677172
 -0.0523901
 -0.0100077
 -0.0436657
   0.014845
  0.0531222
 -0.0142178
 -0.0474853
-0.00142027
 -0.0288296
-0.00308249
   0.050853
-0.00866201
 -0.0414819
-0.00696166
 -0.0301565
  0.0269385
  0.0546111
-0.00426829
 -0.0509659
-0.00730055
   -0.03448
   0.019823
  0.0668001
-0.00784921
 -0.0473158
-0.00348221
 -0.0210207
  0.0114184
  0.0592658
-0.00785293
 -0.0437642
-0.00549337
 -0.0326374
 0.0140495
 0.0566502
-0.0086217
-0.0465677
0.00022619
 -0.020576
 0.00349137
  0.0575551
-0.00554311
 -0.0499546
 0.00263635
 -0.0329026
  0.0181642
  0.0661297
-0.00826245
  -0.035989
 -0.0146809
 -0.0390648
 0.00632895
  0.0539575
 -0.0199108
 -0.0451153
-0.00371834
 -0.0316245
  0.0117932
  0.0573693
-0.00431017
 -0.0455895
 -0.0156084
 -0.0288034
-0.00983538
  0.0537493
 -0.0123884
 -0.0358221
-0.00022067
 -0.0395155
  0.0227512
  0.0636738
-0.00581313
 -0.0484981
0.000272163
 -0.0368277
-0.00164922
  0.0533572
-0.00556391
 -0.0455853
 -0.0086416
  -0.040722
 0.00866702
    0.05311
-0.00538162
 -0.0463175
 -0.0180345
 -0.0348555
 0.00162697
    0.05698
-0.00775712
 -0.0457407
 0.00350713
 -0.0305747
 0.0210464
 0.0536508
-0.0097649
-0.0455273
0.00105975
-0.0273627
0.00202579
 0.0548382
-0.0064268
-0.0458393
 -0.013209
-0.0265008
 0.00444642
   0.054627
-0.00991761
 -0.0320983
 -0.0107398
  -0.026809
0.00947758
 0.0594724
-0.0114739
-0.0398507
0.00776307
-0.0417708
-0.00996449
  0.0537931
-0.00805599
 -0.0425427
-0.00852634
 -0.0508666
-0.00339815
  0.0525932
 -0.0123681
 -0.0377373
-0.00474949
 -0.0429477
  0.0133982
  0.0668545
 -0.0132383
 -0.0507064
-0.00554394
 -0.0129824
 0.0374769
 0.0549328
-0.0124079
-0.0404901
0.00182718
-0.0446596
   0.034525
  0.0578317
-0.00884666
 -0.0484332
 0.00515476
 -0.0317954
   0.0193574
   0.0602211
-0.000855323
  -0.0481224
  -0.0122034
  -0.0195101
  0.0167141
  0.0546975
-0.00200897
 -0.0411706
 -0.0167837
  -0.028431
