0
0
0
0
0
0
-0.00178294
 0.00257034
-0.00503013
0.000195612
 5.5039e-05
-0.00033681
 0.00241407
 0.00636801
 -0.0132136
0.000406299
0.000157914
0.000202499
-0.000666495
  -0.0333148
   0.0283062
 -0.00182879
 -0.00211001
 -0.00188909
-0.00324185
  0.0624013
 -0.0651051
 0.00385204
 0.00297118
 0.00169685
 -0.0114846
 -0.0263096
  -0.036497
-0.00234956
  0.0026851
-0.00213984
  -0.0171665
   0.0270595
  -0.0423751
  0.00166904
  0.00265698
-0.000169534
-0.0101212
  0.106678
 -0.152846
0.00594475
 0.0083508
0.00421388
  -0.0170623
  -0.0673321
  -0.0153162
 -0.00455312
-0.000563758
 -0.00722027
   -0.127494
   -0.427631
    0.182216
  -0.0291652
-0.000289964
  -0.0163488
-0.0193247
  0.199876
 -0.369364
 0.0117365
0.00946477
0.00920678
 -0.101906
 -0.293806
 0.0637447
-0.0164179
-0.0186796
-0.0096303
  -0.270785
  -0.145874
  -0.291705
-0.00521224
 -0.0146205
-0.00215248
 -0.368917
 -0.313726
-0.0780528
-0.0109487
-0.0493619
0.00031821
  -0.376561
   -0.27949
  0.0394579
-0.00434733
 -0.0934756
 0.00671286
 -0.441971
-0.0369165
 -0.225511
0.00283766
  -0.10294
 0.0162137
  -0.56824
 -0.339302
-0.0921525
-0.0297332
 -0.117464
  0.016721
 -0.806046
  -0.24619
-0.0380689
-0.0280026
 -0.138751
 0.0232516
  -1.12036
  0.579882
 -0.874149
 0.0146152
-0.0906223
 0.0501219
   -1.52059
  -0.746837
   0.331653
 -0.0698496
  -0.150861
-0.00304967
  -3.16896
  -1.02191
  0.706644
-0.0914971
-0.0582717
-0.0180639
 -0.407423
 0.0796977
  0.125902
-0.0143081
 -0.267524
 0.0786947
  0.140501
 -0.476012
 -0.135841
-0.0560072
 -0.327887
 0.0237055
  -2.55883
 0.0203242
  -1.24004
-0.0437561
-0.0583995
  0.020839
  -2.11917
 -0.651925
-0.0746807
 -0.075059
 -0.177122
 0.0241074
  -2.55125
  -1.32448
  0.746491
  -0.11186
 -0.211927
-0.0167383
  -2.0142
-0.023657
-0.448959
-0.029896
-0.209673
 0.055978
  -2.42359
 -0.399331
 0.0835586
-0.0501867
 -0.219268
 0.0146509
  -2.28362
 -0.212869
 -0.578241
-0.0424339
 -0.217664
 0.0455973
  -2.11694
 -0.085092
 -0.722343
-0.0329235
 -0.242567
 0.0386148
   -2.09783
   -1.75459
    1.52957
  -0.123411
  -0.378988
-0.00319752
  -1.96483
  0.455635
 -0.745179
0.00867965
 -0.276416
 0.0766509
  -2.00925
-0.0845356
 -0.174812
-0.0183751
 -0.329802
 0.0525588
  -2.15551
  -0.25256
 -0.315021
-0.0294578
 -0.331878
 0.0382868
  -2.49669
  -1.72976
   1.14708
 -0.119613
 -0.385769
0.00184001
  -2.45784
 -0.183556
  0.465534
-0.0127603
 -0.369168
 0.0590322
  -2.64317
 -0.593977
   1.17811
-0.0307649
 -0.410608
 0.0422236
   -2.49371
    0.37936
   -1.85416
-0.00137425
  -0.264959
  0.0768184
 -2.53479
 0.880517
 -2.90627
0.0232599
-0.225838
0.0774076
  -3.13756
  -1.64691
   2.75214
-0.0814012
 -0.510272
0.00936981
 -2.79355
 0.610204
-0.518448
0.0382264
-0.363084
0.0821901
  -3.11958
  -1.37634
   2.02054
-0.0704156
 -0.494652
 0.0211394
  -3.12429
 -0.450673
  0.515211
-0.0250418
 -0.413573
  0.035497
  -3.60594
  -1.00952
   0.89556
-0.0599967
 -0.411309
 0.0298352
 -3.40702
  0.32934
-0.780955
0.0122905
-0.330074
0.0593721
   -3.4705
  0.262665
  -1.38485
0.00198019
 -0.313957
 0.0519686
   -3.8373
  -1.85112
   1.36967
 -0.116498
     -0.44
-0.0194531
   -3.76879
  0.0211727
  -0.235837
-0.00360518
  -0.356734
  0.0511819
  -3.55299
 -0.226031
 -0.480369
-0.0226009
  -0.37937
 0.0354322
 -3.98329
 -2.17265
 0.985942
-0.147583
-0.428085
-0.036942
 -3.85297
 0.790201
 -1.46851
0.0353235
 -0.30905
0.0663242
  -3.98887
  -1.08839
  0.509878
-0.0759497
 -0.411041
0.00958587
   -3.82348
   -1.17352
   0.432641
 -0.0847506
  -0.421561
-0.00221632
 -3.56663
  1.36338
 -3.67557
0.0429992
-0.219333
0.0817375
  -3.98575
  -2.68136
   2.13676
 -0.169725
  -0.52767
-0.0608086
  -4.04247
 -0.359539
  -0.28893
-0.0374054
 -0.379176
 0.0241444
  -3.97265
  -1.52973
   1.36012
 -0.100507
 -0.479793
0.00387261
 -3.88812
 0.152967
 -1.47052
-0.017967
-0.331296
0.0245606
  -5.67801
 -0.426331
  -1.56104
-0.0671628
 -0.184517
 0.0138263
  -3.40292
 -0.204357
  -1.33389
-0.0421053
  -0.39089
 0.0548733
  -1.91739
  -1.60593
   0.51285
 -0.119342
 -0.605075
0.00969084
  -3.9179
 0.108108
 -1.36842
-0.023418
-0.351973
0.0355141
  -4.23038
  -1.82903
  0.928961
 -0.133988
 -0.459428
-0.0134931
  -4.06118
  0.186486
  -1.87107
-0.0291965
 -0.307333
 0.0364229
  -4.32106
  -0.79758
 -0.994319
-0.0904127
 -0.341228
 0.0279912
  -4.37868
 -0.294256
  -1.13848
-0.0553445
  -0.34095
 0.0172738
  -4.97505
  -2.43727
   1.67427
  -0.17684
 -0.448563
-0.0396816
  -4.88418
  -2.47679
   2.66839
 -0.169243
 -0.504963
-0.0333995
  -4.39613
 -0.387812
  -2.45503
-0.0907603
 -0.253395
 0.0387829
   -3.77179
     1.1891
   -4.90655
-0.00557945
  -0.186118
  0.0835221
  -4.23702
  -1.47408
  -0.87763
 -0.144477
 -0.383102
0.00579162
  -4.42984
 -0.763077
  -1.28185
 -0.101233
 -0.339104
0.00538748
  -4.81605
  -2.18844
  0.562691
 -0.181799
 -0.409758
-0.0226873
  -4.6038
-0.906334
 -1.25108
-0.114907
-0.322255
0.0130796
  -4.89033
  -2.70301
  0.834777
 -0.218043
  -0.41922
-0.0429214
   -4.98061
    -1.7283
-0.00303423
  -0.157766
  -0.373282
  0.0114856
  -5.56726
 -0.412476
 -0.650259
-0.0725097
 -0.290135
  0.020524
 -3.75447
  -1.3951
-0.119906
-0.135159
 -0.45897
0.0436483
  -2.92538
-0.0891863
  -1.72538
-0.0655262
 -0.418218
 0.0663703
 -4.96934
 -1.01984
-0.709696
-0.119166
 -0.33369
 0.025826
  -4.48625
   -1.0661
-0.0963799
 -0.114728
 -0.398603
   0.04519
  -3.95753
  0.537059
  -1.78086
-0.0180295
 -0.355021
 0.0853099
 -4.43447
-0.888479
-0.997302
-0.116176
-0.345996
0.0431144
  -4.26788
 0.0581484
  -1.83722
-0.0607698
 -0.305474
 0.0751721
  -4.67458
  -1.83539
  0.163108
 -0.171639
 -0.391338
0.00756545
  -4.96141
  -1.34203
-0.0939611
 -0.139137
 -0.361083
 0.0274812
 -4.54191
-0.402789
-0.963149
 -0.08433
-0.338739
0.0607693
 -4.59254
 -1.30668
-0.286631
-0.144498
 -0.36307
0.0380767
 -4.93671
-0.931334
-0.626664
-0.121757
-0.326265
0.0323862
    -5.36347
    -2.69683
     2.04802
   -0.217582
   -0.432481
-0.000902554
   -5.77282
     1.3122
   -3.49514
-0.00592611
 -0.0796298
  0.0956201
  -3.62573
 -0.631992
 -0.712789
-0.0994704
 -0.430903
 0.0811149
  -3.94068
  -1.91471
 0.0728598
 -0.190996
 -0.421583
0.00142452
   -5.84147
   -2.07907
   0.735543
    -0.1973
  -0.312834
-0.00276135
  -4.9845
-0.425753
 -1.31818
 -0.10549
-0.257877
0.0505569
  -4.95138
  -2.24615
  0.680506
 -0.210811
 -0.374553
0.00220614
 -5.03452
 -1.54461
 -0.16608
  -0.1751
-0.308336
0.0185195
  -4.39563
-0.0574788
  -2.17481
-0.0887702
 -0.268786
  0.074046
   -4.52528
   -2.09324
   0.194746
  -0.207931
  -0.379474
-0.00460497
 -4.80065
 -1.31767
-0.622883
-0.162726
-0.314826
0.0433551
  -4.53204
-0.0863389
  -1.29368
-0.0812076
 -0.299979
 0.0649278
 -5.85976
 -1.22511
-0.692025
-0.158292
-0.230368
0.0246765
 -4.33078
 -1.13493
-0.621986
-0.149267
-0.346787
0.0540614
  -3.19824
   0.22851
  -2.73101
-0.0773736
 -0.317743
 0.0949759
 -5.37832
 -0.58596
 -2.47803
-0.131614
-0.185005
0.0137374
  -5.96797
  -3.11613
   1.80884
 -0.262151
 -0.357947
-0.0288948
  -5.35151
  -1.63728
-0.0837881
 -0.182543
 -0.289621
 0.0208917
 -5.17213
-0.838653
 -2.45009
-0.155751
-0.180132
0.0262115
  -5.16145
  -2.33167
 0.0472392
 -0.229686
 -0.323562
-0.0116945
 -4.96219
-0.486549
  -2.4501
-0.130717
-0.198169
0.0511395
  -6.37992
  -1.20417
  -1.13936
 -0.164941
 -0.173731
0.00391897
  -4.64905
  -2.48365
   1.02189
 -0.226744
 -0.425479
0.00772587
 -3.39794
-0.930797
 -1.30816
-0.142573
-0.399119
0.0566322
   -6.16733
   -1.95777
-0.00580939
  -0.204085
  -0.253216
 -0.0145083
  -6.21644
  -2.09982
   0.50708
  -0.20954
 -0.262678
-0.0020402
 -5.77532
-0.178283
 -2.08758
 -0.10067
 -0.16505
0.0564028
 -5.95578
 -1.01865
 -1.19761
-0.144308
-0.222985
0.0224607
  -5.90402
  -2.55214
   0.33822
 -0.238693
  -0.29508
-0.0248276
  -6.46863
  0.246337
  -1.68961
-0.0647074
 -0.128891
 0.0604234
 -4.49701
 -1.86495
0.0126061
-0.190771
-0.384995
0.0450786
  -4.83881
  -1.17149
  -1.74041
 -0.165895
 -0.260879
0.00857947
 -5.78627
 -1.81324
    1.259
-0.170794
-0.358254
0.0133698
  -5.60502
  -3.11906
   3.01955
 -0.243215
 -0.461898
-0.0287009
 -5.17182
-0.274727
 -1.96099
-0.106328
-0.207252
0.0687153
   -5.386
-0.683904
-0.975505
-0.122608
-0.243037
0.0399529
 -6.00913
 -1.58871
 0.258098
-0.166876
-0.286294
 0.012585
 -7.32665
 -1.04562
-0.014689
-0.137709
-0.147372
0.0197748
  -5.14729
   1.06049
   -2.3094
-0.0150143
 -0.177069
  0.127102
  -3.91681
-0.0849544
  -2.25861
-0.0886851
  -0.31376
 0.0671137
  -6.54973
  -4.09917
   4.51405
 -0.292401
 -0.488193
-0.0908767
 -6.13149
 -1.76608
   1.8327
-0.166097
-0.340797
0.0184306
 -5.87175
 -1.55256
 0.433878
-0.168459
-0.290482
0.0257125
   -6.5402
  -2.09288
   1.00852
 -0.202145
 -0.267454
-0.0160653
  -7.24326
  0.490308
  -1.65078
-0.0477961
-0.0795532
 0.0805045
  -5.1182
-0.594366
-0.885205
-0.107502
-0.310851
0.0483456
   -5.6239
  -3.25347
   2.16453
 -0.266876
 -0.415975
-0.0425489
   -7.4507
  -1.65934
  0.419694
 -0.181004
 -0.164557
0.00503064
  -6.9069
-0.544362
 -1.94325
 -0.12797
-0.091619
0.0411836
 -7.35688
 -2.68099
  1.43651
-0.235649
-0.254799
-0.027391
 -7.73833
  2.04372
 -5.07972
0.0174647
 0.137843
 0.118297
   -6.60156
   -2.20881
    1.62156
  -0.195589
  -0.337656
0.000760479
  -6.02882
  -4.84858
    6.2848
 -0.321601
 -0.650936
-0.0536409
  -6.90778
  0.893777
  -1.88615
-0.0234871
 -0.106098
 0.0999492
 -7.03243
 -0.84904
-0.922944
 -0.13654
-0.159659
0.0619768
  -7.48597
  -3.24897
    4.2548
  -0.23682
 -0.430665
-0.0269775
  -8.0905
 -1.16906
  2.34908
-0.113859
-0.275779
0.0638373
  -5.39903
 -0.115183
 -0.860967
-0.0869274
  -0.27211
  0.126213
  -5.65904
  0.420724
  -3.08631
-0.0725862
 -0.165122
 0.0798708
   -8.1715
  -3.85929
   4.76921
 -0.278162
 -0.416776
-0.0417932
  -6.9745
 -2.17815
  2.00419
-0.207287
-0.295387
 0.042843
  -6.33318
   1.56377
  -4.74678
-0.0177221
-0.0139808
  0.145218
  -9.10001
  -3.69651
   3.72311
 -0.286474
 -0.278586
-0.0759571
 -7.08543
 -2.98799
  4.08544
-0.231946
-0.433064
0.0372109
  -5.08707
  0.290391
  -2.34777
-0.0798729
 -0.230299
  0.125541
  -8.45021
  -2.86605
   3.55729
 -0.227037
  -0.32628
-0.0236895
   -7.6592
    1.0263
  -2.64805
-0.0361467
-0.0102365
  0.134535
  -8.07511
  0.102522
  -2.26013
-0.0943006
-0.0229209
  0.100575
 -9.86482
  -1.4524
   2.5473
-0.138854
-0.173141
0.0216016
 -8.48724
 -3.03741
  5.91829
-0.207732
-0.459612
0.0326992
  -6.8041
 -1.14914
 0.869377
 -0.14368
-0.287449
0.0858316
  -8.45299
 -0.474815
  -1.39259
 -0.128743
-0.0350225
 0.0843997
 -9.16278
 -1.79597
 0.109941
-0.203413
-0.070505
0.0382387
  -9.66906
   1.02135
  -3.15128
-0.0390242
  0.133554
    0.1016
  -9.19869
  -4.26243
   3.63386
 -0.328049
 -0.291954
-0.0261395
  -7.7063
 -2.74566
  1.59607
-0.245742
-0.286107
0.0123727
 -9.96674
 -4.27079
  4.74376
-0.315604
-0.290193
-0.013466
 -8.27445
 0.954204
 -4.53894
-0.064443
 0.112235
 0.142172
   -8.79921
  -0.746094
   -2.78448
  -0.152157
0.000517181
  0.0799095
  -11.9343
  -4.55186
    4.8454
 -0.331119
 -0.169406
-0.0352285
 -8.83986
 -1.05492
 0.853376
-0.130371
-0.165495
  0.12101
  -9.07379
  -6.06239
   7.73308
 -0.394786
 -0.553553
-0.0285917
 -9.97097
-0.490735
 -1.90011
-0.123943
0.0603265
 0.114262
 -10.7245
 -2.57003
 0.292325
-0.247991
0.0102802
0.0744892
  -11.5604
   1.01021
  -4.80364
-0.0517761
  0.336396
  0.167589
 -10.6398
 -4.57576
  4.62538
-0.324557
-0.265746
0.0397837
 -8.86409
 -2.76938
  2.22255
-0.223179
-0.267199
 0.093408
 -11.9686
 -5.39578
  5.62989
-0.373043
 -0.20976
0.0068971
 -10.6988
-0.767601
 -2.30876
-0.148467
 0.162102
 0.164361
 -13.6629
 -3.24829
  1.07912
-0.279178
 0.173874
0.0816709
 -10.6823
-0.999676
 -1.43406
-0.147486
 0.097289
 0.206207
 -10.7388
 -3.12434
  2.36827
-0.241996
-0.139858
 0.128635
 -13.4903
 -3.25692
  1.50868
-0.266599
 0.120076
0.0965646
 -14.3256
 -3.58585
  2.08837
-0.288667
 0.178258
 0.119379
 -15.3908
 -1.75854
 -2.39894
-0.218192
 0.510691
 0.181945
  -13.612
 -4.10514
  2.30188
-0.313882
0.0827455
 0.135881
  -14.1228
   -5.7601
   5.32802
 -0.391119
-0.0556458
 0.0863082
-15.3038
-1.83438
-3.14122
-0.22605
0.516639
0.187562
 -16.9589
 -4.72937
  1.76937
-0.366193
 0.350123
 0.140082
 -14.3356
 -3.75758
 0.446788
-0.315564
 0.244841
 0.222304
 -14.8142
 -5.43915
  3.71915
-0.378975
0.0374328
 0.154493
 -17.5321
 -5.00019
  3.25902
-0.359036
 0.284237
 0.182455
 -17.3201
 -2.43733
 -2.49622
-0.255727
 0.611135
 0.282553
 -20.1011
 -4.94857
  1.91781
-0.370347
 0.533217
 0.220494
 -17.6842
  -3.7352
-0.210846
-0.309478
 0.473931
 0.310139
 -18.6191
 -4.61776
  1.30236
-0.345773
 0.428161
 0.265786
 -21.6245
 -6.01043
  3.44508
-0.417543
 0.524096
  0.24025
 -21.7958
 -4.88512
 0.671513
-0.379962
 0.718698
  0.31046
 -24.2287
 -7.03949
  4.34339
-0.477105
 0.651568
 0.251132
 -22.8847
 -7.05464
  4.33501
-0.479745
 0.564627
 0.312006
-23.5762
-6.14836
 1.02116
-0.45861
0.795536
0.337875
-25.3137
-5.51671
-0.82732
-0.43128
0.997951
0.361957
 -26.7519
 -7.39132
  1.59343
-0.538441
 0.989052
 0.348756
 -30.5281
 -8.80246
  4.24083
-0.601655
  1.10485
 0.310779
 -29.2738
 -5.54846
-0.713126
-0.428606
  1.28351
 0.508355
 -27.9707
 -5.70749
 -2.75478
-0.462057
  1.28114
 0.499007
 -33.0819
 -11.1921
   3.4059
-0.773583
  1.29169
 0.301455
 -35.6291
 -8.96483
  2.94874
-0.618087
  1.51794
 0.467518
 -32.8722
 -7.10835
-0.181828
-0.514737
  1.45969
 0.608638
 -34.8335
 -11.1912
  2.42307
-0.772058
  1.43383
 0.443728
 -38.4666
 -12.2839
  3.91559
-0.829455
  1.60615
 0.479772
 -39.6302
 -12.6782
  7.04885
-0.814466
  1.52421
 0.530557
  -41.896
 -9.85243
-0.234714
-0.705427
  2.08313
 0.638384
 -41.6671
 -9.23485
 -4.38947
-0.707621
  2.25688
 0.714268
  -42.97
-15.6243
 5.00095
-1.03653
 1.79492
0.566288
 -47.0734
 -13.8017
  3.37779
-0.927451
  2.19333
  0.64007
 -49.9042
 -14.6787
  4.26155
-0.974363
  2.33442
 0.670319
 -52.2588
 -12.9528
 -2.13048
-0.929763
  2.83082
   0.7828
 -51.2453
 -12.9576
  -4.4586
-0.955746
   2.8626
 0.847583
-55.3911
-18.4371
 4.27764
-1.22895
 2.64611
0.684372
-58.3997
-15.8519
 2.11355
-1.06859
 2.98526
0.856085
-59.7029
-17.3591
 2.55291
-1.17143
 3.05036
0.788493
-63.1889
-18.3599
 3.89988
-1.22352
 3.21248
0.763788
-59.8192
-15.0029
-2.29828
-1.06454
 3.31722
0.898125
-58.4183
-15.5156
-2.55024
-1.10298
 3.21099
0.807704
 -63.019
-19.5148
 5.63146
-1.28429
 3.08362
0.639515
-62.4297
  -16.24
  2.4886
-1.09871
 3.25692
0.732799
-59.0744
-16.5986
 2.11715
 -1.1282
 3.01929
 0.68743
-57.9584
-16.5182
 1.17883
-1.13952
 2.99501
0.599364
-57.3622
 -15.576
 1.54521
-1.07175
 2.94978
0.577926
-55.3843
-14.9591
 1.82994
-1.02115
 2.78016
0.558061
 -55.4048
 -14.1608
  1.15307
-0.981984
  2.85388
 0.487908
 -51.5936
  -14.776
  3.80424
-0.991118
  2.43137
 0.492005
 -46.5032
 -10.7255
 -3.56032
-0.802488
  2.49425
 0.532021
 -48.9387
 -14.5205
  2.53478
-0.996822
  2.33011
  0.30304
 -48.2331
 -12.0365
  2.14436
-0.828873
  2.33964
 0.374958
  -47.419
 -11.1891
  1.51375
-0.779881
   2.3357
 0.341456
 -43.2713
 -11.7388
  2.16691
-0.810345
  1.99597
 0.322763
 -39.6356
 -10.9734
  1.36269
-0.769331
  1.79233
 0.277692
 -40.7807
 -10.4064
  1.98451
-0.719853
  1.84147
 0.243127
 -39.3903
  -9.3611
  1.16574
-0.661418
  1.81674
 0.258019
 -39.9896
 -8.95334
  1.34542
-0.632949
  1.86557
  0.20608
 -36.1471
 -8.01168
  1.23827
-0.560523
  1.57662
 0.253687
-33.8829
-8.43933
 1.49246
-0.59207
  1.4163
0.191627
 -35.5072
 -8.04838
  1.73903
-0.563423
  1.53516
 0.155511
 -34.2126
 -7.77855
  1.73605
-0.547244
  1.45911
   0.1611
 -33.2113
 -7.24947
   1.0046
-0.521416
  1.44065
 0.129441
 -33.8192
 -7.51924
  1.85067
 -0.52867
  1.43407
0.0955115
 -30.4754
 -7.13993
  1.25814
-0.512195
  1.23997
 0.120137
 -28.2363
 -7.10637
  1.48904
-0.508368
  1.07409
0.0957765
 -30.3613
 -7.07095
  2.14949
-0.496834
  1.19201
0.0491301
 -29.9518
  -6.1031
  1.32383
-0.442842
  1.23353
 0.070355
 -30.7744
 -6.20556
   2.0275
 -0.43894
  1.24672
0.0506175
 -28.0418
 -5.70903
  2.38091
-0.401018
  1.04563
0.0932756
 -25.5673
 -5.52822
   1.8672
-0.392829
 0.885984
  0.09207
  -27.627
 -5.60193
  2.43877
-0.391107
  1.00597
0.0343517
 -27.8865
 -5.42321
  3.07476
-0.370687
 0.998608
0.0532863
 -27.7186
 -3.53818
 0.728444
-0.266717
  1.12395
0.0939352
 -25.8483
 -4.32209
   1.0409
-0.318417
 0.964898
0.0825257
 -23.5928
 -5.34726
  2.85142
-0.367488
 0.695632
0.0634724
 -25.1416
 -4.57908
   2.5909
-0.315527
 0.822093
0.0311234
 -25.1288
 -4.46359
  2.70702
-0.307327
  0.82218
0.0554007
 -24.0077
 -4.31146
  2.32574
-0.301432
 0.760058
0.0524099
 -25.2844
  -3.9112
  2.22071
-0.273665
 0.855402
0.0361471
 -21.9907
 -1.69677
 -1.25801
-0.158365
  0.80213
  0.13875
 -20.6768
 -5.34453
  5.46273
-0.321451
  0.28822
0.0377194
  -23.2919
  -6.27101
   8.88232
 -0.351112
  0.325044
-0.0280926
  -20.8276
 -0.436001
 -0.228758
-0.0523506
  0.661369
  0.178707
 -21.2178
 -3.41048
  2.10793
-0.230371
 0.526682
0.0473497
 -22.3668
 -3.11569
  3.14107
-0.196939
 0.560253
0.0574439
 -19.2318
 -2.25718
   3.0862
-0.135223
 0.339999
 0.126324
  -19.206
 -2.93743
  3.08026
-0.181991
  0.32319
0.0618433
 -19.9433
 -3.06802
  3.41889
-0.186682
 0.358559
 0.049307
  -19.163
 -3.25635
  4.02524
-0.194586
 0.283246
0.0625588
  -18.1904
  -1.08427
  0.961114
-0.0729123
  0.362486
  0.121028
 -18.4421
 -2.79836
   2.2662
-0.180787
 0.310745
0.0332222
 -20.3029
 -2.40642
  3.27516
-0.141028
  0.40122
0.0506804
  -17.3572
  -1.71356
   3.03975
-0.0916499
  0.196034
  0.124153
 -15.6142
 -2.31876
   2.7919
-0.140654
0.0906499
 0.067849
  -18.1509
  -1.42485
    1.3924
-0.0917287
  0.338767
 0.0662532
  -18.3618
  -2.16954
   5.06024
-0.0934435
  0.149283
 0.0687389
  -18.4425
  -3.76594
   7.45824
 -0.181224
 0.0453904
0.00409753
  -19.0597
 -0.800696
   2.23318
-0.0378237
  0.386364
 0.0716771
  -16.6227
  -1.18691
   2.80331
-0.0519148
   0.15416
  0.107886
 -14.4927
 -2.81462
  5.04004
-0.142493
-0.110086
0.0528343
-15.4007
0.187677
 1.45589
0.030798
0.142886
0.107714
  -15.9389
  -1.51397
   3.39132
-0.0663773
 0.0759789
 0.0580669
  -15.5341
  -1.56509
   3.75541
-0.0647384
 0.0281857
 0.0604165
  -15.6099
   -2.0999
   5.17617
-0.0851114
 -0.037703
 0.0512591
 -14.1086
 0.341496
  1.08239
0.0400657
 0.068774
 0.113417
  -16.3519
  -1.72654
   3.52035
-0.0789357
  0.100622
 0.0156026
  -14.4245
  -1.05493
   4.17841
-0.0186168
-0.0838355
  0.097083
  -11.8989
  -1.06917
   4.02993
-0.0216129
 -0.260863
 0.0957894
   -14.588
  -2.54608
   5.33902
 -0.112811
 -0.140541
0.00282775
 -14.0317
 0.598509
  1.78378
0.0668098
0.0216535
 0.112895
   -13.4801
  -0.538541
    2.26303
-0.00694563
 -0.0603358
  0.0749238
  -13.5106
-0.0263553
   1.18113
 0.0126757
 0.0104576
 0.0645407
    -15.314
   -3.20639
    8.63263
  -0.113778
  -0.289909
0.000978694
  -14.7039
  0.849755
    2.9024
 0.0975873
0.00299338
  0.107623
   -12.271
  -1.53969
    4.2107
-0.0602003
 -0.247761
 0.0600878
  -10.657
 -1.32079
  3.56543
-0.051614
-0.342107
0.0583264
  -13.2914
  -1.28657
   4.38204
-0.0380266
 -0.201162
 0.0342031
 -12.5152
 0.953302
   1.6935
 0.087472
-0.101287
 0.116606
    -12.74
-0.0280709
   1.77458
 0.0133091
-0.0770486
 0.0559952
  -13.2223
 -0.935705
   2.93351
-0.0344528
 -0.124227
 0.0495957
  -13.2995
 -0.888983
   4.01633
-0.0155103
 -0.184812
  0.047506
  -12.6464
   1.28993
  0.913968
 0.0975656
-0.0486159
  0.111097
  -14.0731
  0.069081
   2.20651
 0.0268669
-0.0293843
 0.0548034
  -12.4848
  -1.63252
   6.04162
-0.0441147
 -0.365849
 0.0596718
   -11.81
 0.227904
  3.65905
 0.056091
-0.278495
0.0939657
 -13.7558
 -1.08655
  5.28484
-0.018931
-0.228921
0.0206173
 -13.3063
 -1.18207
  5.46468
-0.022968
-0.280382
0.0499462
  -13.7413
  -1.34189
   5.79436
-0.0338169
 -0.257711
 0.0351431
 -13.0408
 0.365354
  2.62156
0.0470241
 -0.13661
0.0763386
  -13.3016
 -0.868638
   3.90819
-0.0228718
 -0.203616
 0.0312272
  -13.6103
 -0.989418
   4.88513
-0.0192575
  -0.23208
 0.0374183
   -14.092
  -1.63528
   5.37436
-0.0602376
 -0.223475
 0.0237011
  -14.5875
 -0.142347
   2.96818
 0.0186093
-0.0662873
 0.0480381
  -12.9356
  -1.20126
   4.89262
-0.0323076
 -0.288908
 0.0662098
 -12.7183
 0.230588
  1.79435
0.0315836
 -0.13899
0.0785287
  -13.1645
   1.62318
-0.0603002
  0.110821
 -0.012068
  0.125797
  -14.5331
  -1.79173
   6.61609
-0.0443956
 -0.288153
 0.0391445
 -13.8718
-0.591348
  4.50734
 0.011904
-0.204385
0.0703822
  -14.0204
 -0.926141
   4.17354
-0.0167639
 -0.174753
 0.0804768
 -12.8816
 0.443605
  1.93422
0.0522378
-0.126982
 0.112104
   -13.3955
  -0.707916
    3.18199
-0.00825143
   -0.18423
   0.060736
  -13.9351
 -0.937422
   4.36533
-0.0101974
 -0.199946
 0.0676381
  -14.2348
  -1.07582
    4.8007
-0.0170781
  -0.18606
 0.0697447
 -13.8912
-0.233526
   2.8381
0.0205005
 -0.11339
0.0894864
  -16.7205
   -2.2078
   6.60298
-0.0735659
  -0.11132
0.00267936
 -13.0076
  0.97637
 0.610997
0.0751727
 -0.03958
 0.159843
 -11.9797
-0.039879
  1.65502
0.0192345
-0.188243
 0.117722
 -14.4929
-0.267609
  3.55371
0.0318297
-0.124108
0.0854795
  -14.7376
  -1.20081
   4.30908
-0.0289678
 -0.132381
 0.0639137
 -15.8667
 -2.16434
  6.04494
-0.076019
-0.142783
0.0348852
  -15.6057
  -1.53316
   5.44012
-0.0443971
 -0.101048
 0.0772866
 -15.4458
 0.376759
 0.358994
0.0282251
 0.153732
 0.102392
 -15.3182
0.0674334
 0.644486
0.0126626
 0.114264
0.0921942
  -16.2323
  -1.52596
   5.92952
-0.0307119
 -0.112123
 0.0765419
  -14.8952
  0.147854
   3.07611
 0.0475355
-0.0303166
  0.137918
 -15.6476
 -2.60405
  6.69901
-0.102567
-0.186337
0.0521103
 -14.2833
 0.415981
 0.446575
0.0299032
0.0670662
 0.127313
  -14.3772
-0.0414249
  0.868223
0.00483109
 0.0380215
  0.125037
  -15.0691
  -1.36525
   4.88297
-0.0378765
 -0.127681
 0.0901765
  -16.2887
   -2.3681
   6.52634
 -0.096064
-0.0997228
 0.0544683
  -15.7853
 -0.339042
    1.7661
-0.0126584
  0.122298
  0.102813
   -14.781
  -2.18679
   4.12957
 -0.111598
-0.0998982
 0.0710843
  -14.1623
  -1.53009
   3.63306
-0.0696876
 -0.121861
 0.0775105
 -16.7779
 -2.07325
  4.47897
-0.103971
0.0447308
0.0540379
 -14.8475
 0.889352
-0.116492
0.0490083
 0.164331
 0.165165
   -15.4461
  -0.265168
    1.79076
-0.00311646
  0.0759211
   0.120718
  -16.0229
  -1.26213
    4.6055
-0.0364681
 -0.042222
  0.102565
  -15.8993
 -0.169079
   2.28716
0.00825761
 0.0892743
  0.135538
   -17.0941
    -1.7368
    5.04246
 -0.0632708
0.000129565
  0.0849777
  -17.6295
   -3.0264
   7.44767
 -0.127976
-0.0791023
 0.0611024
 -16.1949
0.0806994
  1.70696
0.0183857
 0.145295
 0.153123
    -16.637
  -0.680932
    3.37741
-0.00866042
  0.0628733
   0.128291
   -16.389
    0.2346
  -0.12417
0.00918619
  0.241653
  0.133361
  -17.4827
  -1.79589
   4.67165
-0.0690427
 0.0367405
 0.0926343
   -17.348
  -2.30123
   6.04261
-0.0878036
-0.0485359
 0.0980306
 -16.2359
-0.141512
  2.39154
0.0195776
0.0733201
 0.159163
  -16.3333
  -1.19243
   3.50096
-0.0426614
 0.0170218
  0.131916
 -16.2535
-0.889509
  1.80221
 -0.04643
 0.111145
 0.111063
 -18.0467
 -3.28242
  7.65774
-0.137347
-0.100238
0.0708729
  -17.5858
  -1.97591
   5.66164
-0.0715708
-0.0129963
 0.0959765
 -18.9862
 -4.36083
  9.07571
-0.197852
-0.105685
0.0340787
 -16.9143
 0.320892
  1.03983
0.0306086
 0.207623
 0.171934
  -17.6525
 -0.886947
  0.655129
-0.0602133
   0.27075
  0.104418
   -17.1728
    0.30865
   -1.91872
-0.00678231
   0.373512
   0.155836
  -18.5674
  -1.80904
   3.90484
-0.0745403
  0.127926
 0.0936184
  -18.4374
   -1.0116
   2.74593
-0.0340165
  0.193771
  0.119163
  -20.586
 -3.70605
  7.05287
-0.172059
 0.111211
0.0560455
 -16.4962
 0.267701
-0.650858
0.0104748
 0.253099
 0.178801
 -16.6243
 -2.36638
  1.91122
-0.145025
 0.110279
0.0916017
  -18.7554
  -1.65149
   1.57578
-0.0955419
  0.275408
 0.0813168
 -19.6125
  -3.5716
  6.38704
-0.169711
0.0748296
0.0622832
 -19.3749
 -3.07004
  5.52171
-0.146249
 0.114391
0.0752766
   -18.209
 -0.653826
  0.443204
-0.0402385
  0.314903
  0.138438
 -19.3044
  -3.0611
   2.9433
 -0.17952
 0.240716
0.0655632
  -18.4567
 -0.483028
   1.11206
-0.0161545
  0.282246
  0.152313
   -18.2849
 -0.0782666
 -0.0604951
0.000142815
   0.321248
    0.16565
  -20.067
  -3.5707
  5.48465
-0.178749
 0.140755
0.0620021
 -19.9554
  -2.9189
   5.9955
-0.122294
0.0969636
  0.10376
  -19.0734
 -0.717279
   1.58787
-0.0236391
  0.285831
  0.155965
-19.8018
-2.15093
 2.93438
-0.10751
0.252093
0.110968
 -19.9228
 -2.20675
  2.98513
-0.110327
 0.254061
 0.112715
 -20.2234
 -1.88907
  2.74408
-0.090305
 0.288798
 0.116612
 -20.5124
 -1.39362
  1.63113
-0.068054
 0.365552
 0.127732
 -20.9319
 -3.14822
  5.11832
-0.146256
 0.192898
0.0901859
 -21.2843
 -3.66535
  5.80226
-0.176426
 0.185602
0.0716612
  -20.1003
  -1.09536
   2.35467
-0.0354034
  0.288231
  0.166102
 -20.1933
 -2.49574
  3.73155
-0.119643
 0.218786
 0.116231
   -20.076
  -1.53396
   2.37172
-0.0691894
  0.289326
  0.140393
  -19.6999
 -0.680049
  0.817511
-0.0264887
  0.341584
   0.17018
 -21.3635
 -3.82933
  6.62904
-0.174614
 0.130186
0.0757877
 -21.1481
 -2.77874
  5.80133
-0.113278
 0.182253
 0.119297
  -20.2277
 -0.970617
   2.06471
-0.0299652
  0.315713
   0.16794
 -20.5908
 -2.81906
  3.33223
-0.150259
 0.282065
 0.096587
  -20.4913
  -1.76774
    1.9267
-0.0920799
  0.352546
  0.125395
 -20.6784
 -2.06002
  2.69858
-0.102882
 0.331227
 0.119013
-20.5511
-2.17093
  2.5942
-0.11167
0.334365
 0.10753
 -20.3259
 -2.37461
  2.62736
-0.124667
 0.327748
 0.104066
 -20.4122
  -2.6466
  2.63152
-0.142504
 0.344257
0.0834337
 -20.2105
 -2.65416
  2.46796
-0.140069
 0.339133
0.0853793
 -20.4057
 -2.83137
   2.7341
-0.146189
   0.3447
0.0730852
 -20.6317
 -2.84699
  2.67347
-0.144852
 0.367562
0.0683211
 -20.7978
 -2.88489
  2.65115
-0.145463
  0.38561
0.0622296
 -20.9288
 -2.84423
  2.58133
-0.141633
 0.403734
0.0602497
 -20.9471
 -2.75587
  2.54061
-0.134052
 0.411357
0.0652285
 -20.8592
  -2.6877
  2.50448
-0.127893
  0.40937
0.0675284
 -20.6795
  -2.6547
  2.47278
-0.124303
 0.399651
0.0694908
 -20.5162
 -2.66802
  2.45623
-0.123963
 0.389737
0.0703493
-20.3972
-2.72427
 2.41404
-0.12764
0.386038
0.068281
 -20.3751
  -2.8027
  2.36685
-0.133002
  0.38886
0.0627989
 -20.4029
 -2.89427
   2.3164
-0.139278
 0.394938
0.0571714
 -20.4013
 -2.97963
  2.27279
-0.145557
 0.399316
0.0533368
 -20.4139
 -3.04183
  2.23866
-0.150061
 0.404087
0.0499336
 -20.4512
 -3.06871
  2.23116
-0.151369
 0.408109
0.0470886
 -20.4801
 -3.05513
  2.23828
-0.149608
 0.410599
0.0475511
  -20.504
 -3.01076
  2.27863
-0.145173
 0.410654
0.0494102
 -20.5121
 -2.95566
  2.30152
-0.140388
 0.410925
0.0543809
 -20.5007
 -2.90155
  2.32855
-0.135829
 0.409734
0.0606591
 -20.4943
 -2.86931
  2.34726
 -0.13294
 0.409304
0.0653816
 -20.4948
 -2.86647
  2.34778
-0.132582
 0.410455
0.0680345
  -20.501
 -2.90204
  2.32514
-0.135363
 0.413291
0.0677946
 -20.5176
 -2.96061
  2.26587
-0.140415
 0.419146
0.0659649
 -20.5337
 -3.02257
  2.20492
-0.145716
 0.425027
0.0634931
 -20.5428
 -3.08542
  2.15619
-0.150769
 0.429555
0.0606068
  -20.535
 -3.13402
  2.11197
-0.154703
 0.432285
0.0585413
 -20.5296
 -3.16526
   2.0945
-0.156963
 0.433527
0.0577157
 -20.5238
  -3.1685
  2.09119
-0.157228
 0.434125
 0.058389
   -20.52
 -3.14629
  2.10529
-0.155401
 0.433922
0.0601244
 -20.5167
  -3.1141
  2.14581
-0.152278
 0.432083
0.0626256
 -20.5176
 -3.07852
  2.17958
-0.149128
 0.430692
0.0653987
 -20.5391
 -3.04702
  2.20007
-0.146466
 0.431528
0.0677075
 -20.5682
 -3.03727
  2.20532
-0.145636
 0.433925
0.0687637
 -20.6027
 -3.04152
  2.22933
-0.145376
 0.435209
0.0697857
 -20.6013
 -2.99381
  2.24835
-0.141176
 0.433403
0.0730579
 -20.5805
 -2.96522
  2.22664
-0.138961
   0.4327
0.0756225
 -20.5456
 -2.95496
   2.1565
-0.138789
 0.434181
0.0768246
 -20.5028
  -2.9474
  2.14707
-0.137979
 0.431114
0.0778557
 -20.4651
  -2.9467
  2.17986
-0.137207
 0.426129
0.0786894
 -20.4345
 -2.96682
  2.21794
-0.138017
 0.421644
0.0785135
 -20.4215
 -2.97986
  2.22943
-0.138871
 0.420644
0.0784191
 -20.4135
 -2.97808
  2.25011
-0.138421
 0.419493
0.0783877
 -20.4296
 -2.96261
  2.28172
-0.136882
 0.419237
0.0784443
 -20.4624
  -2.9406
  2.30314
-0.134933
 0.420684
0.0790687
 -20.4873
 -2.92235
  2.29552
-0.133859
 0.423996
 0.079812
  -20.502
 -2.90342
  2.25076
-0.133239
 0.428449
0.0802904
 -20.4944
 -2.89528
  2.22402
-0.132902
 0.429726
0.0805597
 -20.4769
 -2.89272
  2.19817
 -0.13283
 0.430216
0.0806955
  -20.461
 -2.90579
  2.16846
-0.134113
 0.430971
 0.080339
 -20.4467
 -2.93036
   2.1568
-0.135872
 0.430501
 0.079906
 -20.4386
 -2.95439
  2.16833
-0.137233
 0.429133
0.0794396
   -20.44
 -2.97128
  2.18407
-0.138075
 0.428455
0.0790233
 -20.4393
 -2.97862
  2.20925
-0.138092
 0.427272
0.0790629
 -20.4509
 -2.98325
  2.22164
-0.137933
 0.427378
 0.079154
 -20.4666
 -2.96567
   2.2236
-0.136483
 0.428474
0.0796069
 -20.4812
 -2.94031
  2.22815
 -0.13449
 0.429494
0.0803963
  -20.486
 -2.92032
  2.21767
-0.133136
 0.430922
0.0809172
 -20.4821
 -2.90495
   2.2099
-0.132042
 0.431305
0.0815177
 -20.4831
 -2.89652
  2.20959
-0.131427
 0.431616
0.0819421
 -20.4681
 -2.90317
  2.20459
 -0.13205
 0.431231
0.0817528
 -20.4566
 -2.91501
  2.21229
 -0.13276
 0.430125
0.0810458
 -20.4315
 -2.93312
  2.20922
-0.134045
 0.428497
0.0805168
 -20.4182
 -2.96109
  2.21208
-0.135782
 0.427292
  0.07976
 -20.4094
 -2.97772
  2.20546
-0.136927
 0.427067
 0.079465
 -20.3989
 -2.98604
  2.19849
-0.137615
 0.426728
0.0788678
  -20.393
 -2.98607
  2.18382
-0.137851
 0.427283
0.0781265
 -20.3896
 -2.97718
  2.18112
-0.137093
 0.427225
0.0784671
 -20.3944
 -2.96729
  2.18129
-0.136217
 0.427535
0.0788268
 -20.4008
 -2.95533
  2.17943
-0.135386
 0.428117
0.0789511
 -20.4116
 -2.94379
  2.18087
-0.134559
 0.429328
0.0788859
 -20.4248
   -2.941
  2.18782
-0.134268
  0.43061
0.0788146
 -20.4287
 -2.93991
  2.18709
-0.134311
  0.43147
0.0789005
 -20.4254
 -2.94826
  2.18936
-0.135005
 0.431685
0.0787541
 -20.4196
 -2.95716
  2.19157
-0.135793
 0.431515
0.0782339
 -20.4095
  -2.9677
  2.19849
-0.136443
 0.430596
0.0781814
 -20.3979
 -2.97049
  2.17959
-0.136926
 0.431009
0.0783021
 -20.3937
 -2.97853
  2.17882
-0.137211
 0.430648
0.0782438
 -20.3874
 -2.97592
  2.17584
-0.136826
 0.430161
0.0781957
 -20.3853
 -2.97557
  2.18253
-0.136619
  0.42968
0.0779687
 -20.3743
 -2.96355
  2.17974
 -0.13579
  0.42947
0.0783861
 -20.3696
 -2.96113
  2.19045
-0.135499
 0.429014
0.0785907
 -20.3631
 -2.95674
  2.20167
-0.135039
 0.428208
0.0788468
 -20.3599
 -2.94908
  2.21088
-0.134364
 0.428136
0.0791933
 -20.3556
 -2.94866
  2.22516
-0.134093
 0.427421
0.0787479
 -20.3498
 -2.95009
  2.23192
-0.134042
 0.426928
 0.078554
 -20.3463
 -2.95105
  2.22776
-0.134094
 0.427325
0.0786003
 -20.3407
 -2.95637
  2.22504
-0.134346
 0.427112
 0.077931
 -20.3289
 -2.95637
  2.21736
-0.134309
 0.426721
0.0779255
 -20.3211
 -2.96542
  2.20541
  -0.1351
 0.427011
0.0774994
  -20.318
 -2.97057
  2.19811
-0.135472
 0.427084
0.0774808
 -20.3201
 -2.97078
  2.19701
-0.135423
 0.427355
0.0779598
 -20.3225
 -2.97002
   2.2038
-0.135314
  0.42713
0.0781442
 -20.3253
 -2.96932
  2.20828
-0.135299
 0.427412
0.0780547
 -20.3308
 -2.96414
  2.21824
-0.135075
   0.4281
0.0780145
 -20.3351
 -2.95793
  2.22519
-0.134769
 0.429039
0.0781739
 -20.3411
 -2.95262
  2.23171
-0.134492
 0.430107
0.0781921
 -20.3412
 -2.94798
  2.23087
-0.134291
 0.431161
0.0781145
 -20.3338
 -2.94604
   2.2258
-0.134324
 0.431884
0.0780209
 -20.3345
 -2.94991
  2.22049
-0.134895
  0.43313
0.0780199
  -20.324
 -2.95312
  2.21673
-0.135317
 0.433466
0.0780669
 -20.3129
 -2.95696
  2.20748
-0.135798
 0.433988
0.0776938
 -20.2962
 -2.96874
   2.2169
-0.136602
 0.432817
0.0773195
 -20.2863
  -2.9754
  2.21365
-0.137222
 0.432967
0.0770665
 -20.2786
 -2.97698
  2.20708
-0.137503
 0.433486
0.0773028
   -20.28
 -2.98057
  2.22328
-0.137676
 0.432939
0.0770671
-20.2818
-2.96615
 2.21793
-0.13664
0.433538
0.077091
 -20.2939
 -2.96497
  2.23098
-0.136484
 0.433847
0.0770434
 -20.3077
 -2.94967
   2.2245
-0.135624
 0.435304
0.0779098
 -20.3212
 -2.94308
  2.23397
-0.135146
 0.436259
0.0780565
 -20.3338
 -2.93492
  2.22806
-0.134941
 0.438131
  0.07832
 -20.3352
 -2.93509
  2.23101
-0.134941
 0.438508
0.0783418
 -20.3298
  -2.9424
  2.23235
-0.135498
 0.438706
 0.078187
 -20.3203
 -2.94619
  2.23286
-0.135887
 0.438752
0.0781444
 -20.3149
 -2.95483
   2.2339
 -0.13665
 0.439056
0.0775384
 -20.3047
 -2.96008
  2.23697
-0.136943
  0.43849
0.0768846
  -20.295
  -2.9626
  2.23305
-0.137246
 0.438421
0.0765999
 -20.2902
  -2.9573
  2.21978
-0.137065
 0.439319
0.0768767
 -20.2925
 -2.95802
  2.22982
-0.137097
 0.439229
 0.077102
 -20.2997
 -2.94856
  2.23517
-0.136331
 0.439424
0.0769482
 -20.3029
  -2.9362
  2.24427
-0.135313
 0.439164
0.0770854
 -20.3059
 -2.93527
  2.24902
-0.135304
 0.439415
 0.076983
 -20.3075
 -2.93073
  2.25201
-0.135082
 0.439618
0.0772269
  -20.305
 -2.93125
  2.26164
-0.135094
 0.439272
0.0775083
 -20.3007
 -2.93556
  2.26203
-0.135391
 0.439324
0.0772625
 -20.2942
 -2.94089
  2.26181
-0.135742
 0.439202
0.0768985
  -20.291
 -2.94882
  2.25711
-0.136333
 0.439769
0.0767016
 -20.2916
 -2.95372
  2.26083
-0.136832
  0.43983
0.0763552
 -20.2915
 -2.96099
  2.26494
-0.137421
  0.43978
0.0755767
 -20.2789
 -2.94972
  2.25204
-0.136809
  0.43978
0.0757863
 -20.2713
 -2.94999
  2.25312
-0.136899
 0.439386
0.0757493
 -20.2709
 -2.94471
  2.25622
-0.136403
 0.439202
0.0759173
 -20.2691
 -2.94234
  2.26028
-0.136082
  0.43886
0.0756282
 -20.2704
 -2.93862
  2.27468
-0.135509
 0.438141
0.0753351
  -20.268
 -2.93585
  2.27625
-0.135342
 0.438031
0.0754483
 -20.2668
 -2.93387
  2.26607
-0.135268
 0.438838
0.0755733
 -20.2702
 -2.93748
  2.28084
-0.135361
  0.43819
 0.075424
 -20.2673
 -2.93795
  2.27764
-0.135598
 0.438598
0.0751053
 -20.2604
 -2.93922
   2.2732
-0.135793
 0.438723
 0.074875
 -20.2577
 -2.94557
  2.26983
 -0.13617
 0.438871
0.0744406
 -20.2542
 -2.94712
   2.2507
 -0.13666
 0.440116
0.0744131
 -20.2515
 -2.95295
   2.2563
-0.137008
 0.439888
0.0743008
 -20.2526
 -2.95724
  2.26389
-0.137162
 0.439544
0.0738957
 -20.2485
 -2.95732
  2.26637
-0.137175
 0.439293
0.0738937
 -20.2455
  -2.9531
  2.26595
-0.136954
 0.439255
0.0744916
 -20.2478
 -2.94877
  2.26445
-0.136692
 0.439545
0.0748412
 -20.2469
 -2.94442
  2.26723
-0.136386
 0.439386
0.0749508
 -20.2543
 -2.94207
  2.28067
-0.136026
 0.439115
0.0750006
 -20.2548
 -2.94081
  2.28404
 -0.13586
 0.439056
0.0750937
 -20.2552
 -2.93749
  2.27663
-0.135781
  0.43971
0.0754696
 -20.2542
 -2.94105
    2.279
-0.136085
 0.439708
0.0755867
 -20.2402
 -2.94198
  2.27855
 -0.13631
 0.439177
0.0757405
 -20.2385
 -2.94647
  2.27704
-0.136801
 0.439531
0.0756568
 -20.2341
 -2.95498
  2.28393
-0.137387
 0.439148
0.0757195
   -20.23
 -2.95289
  2.27938
-0.137327
 0.439358
  0.07606
 -20.2269
 -2.94658
  2.27551
-0.136952
 0.439427
0.0761946
 -20.2278
 -2.94775
  2.28327
-0.136956
 0.439142
0.0762311
 -20.2362
 -2.93721
  2.28331
-0.136108
 0.439818
0.0767153
 -20.2485
 -2.93865
  2.29204
-0.136058
 0.440518
0.0768108
 -20.2522
 -2.92942
  2.28172
-0.135449
 0.441615
0.0771939
 -20.2586
 -2.92897
   2.2831
-0.135387
 0.442232
0.0771213
 -20.2636
 -2.93278
   2.2905
-0.135365
 0.442222
0.0766884
 -20.2634
 -2.93225
  2.28404
-0.135517
 0.442856
0.0768544
 -20.2621
 -2.93379
  2.27931
-0.135784
 0.443259
0.0766907
  -20.252
 -2.93627
  2.26977
-0.136128
 0.443267
0.0761013
 -20.2447
 -2.94199
   2.2808
-0.136329
 0.442303
0.0762482
 -20.2402
 -2.94909
  2.28115
-0.136852
 0.442012
0.0759698
 -20.2368
 -2.94833
  2.27728
 -0.13693
 0.442235
0.0760319
 -20.2361
 -2.94726
  2.27644
-0.136905
   0.4424
0.0759052
 -20.2383
 -2.94383
  2.27206
-0.136748
 0.442839
0.0755864
 -20.2381
 -2.94437
  2.28548
-0.136561
 0.441962
0.0755127
 -20.2423
 -2.94118
  2.28175
-0.136372
 0.442628
0.0757975
 -20.2421
 -2.93788
  2.27943
-0.136168
 0.442776
0.0757665
 -20.2465
 -2.94118
  2.28761
-0.136192
 0.442619
0.0758055
 -20.2439
 -2.94157
  2.28375
-0.136338
 0.442732
0.0757048
  -20.245
 -2.94017
  2.28781
-0.136338
 0.442428
 0.075802
 -20.2431
 -2.93988
  2.27755
-0.136534
 0.443069
  0.07566
 -20.2411
 -2.94633
  2.27586
-0.137111
 0.443103
 0.075106
 -20.2373
 -2.94731
  2.29121
-0.137041
 0.441882
 0.075095
 -20.2305
 -2.94512
  2.27605
-0.137012
 0.442398
0.0749299
 -20.2231
  -2.9462
  2.27145
-0.137403
 0.442432
0.0750427
 -20.2213
 -2.94823
  2.26936
-0.137628
 0.442721
0.0750962
 -20.2156
 -2.94552
  2.27315
-0.137456
 0.442277
0.0750727
 -20.2221
 -2.94501
  2.28833
-0.137122
 0.441879
0.0751252
  -20.224
 -2.94327
  2.28754
-0.137089
 0.442353
0.0751974
 -20.2292
  -2.9433
  2.29409
-0.137103
 0.442546
0.0754439
 -20.2233
 -2.93612
  2.28961
-0.136662
 0.442554
0.0758756
 -20.2187
 -2.94053
  2.29195
-0.136858
 0.442219
0.0755084
 -20.2149
 -2.93983
  2.29173
-0.136775
 0.442239
0.0754509
  -20.215
  -2.9421
  2.29168
-0.136924
 0.442471
  0.07531
 -20.2125
 -2.94226
  2.28171
-0.137102
 0.442933
0.0751065
 -20.2144
   -2.951
  2.28954
 -0.13755
 0.442787
0.0747476
 -20.2064
 -2.94501
  2.28219
-0.137264
 0.442518
0.0749521
 -20.2019
 -2.94818
  2.29079
-0.137424
 0.441736
0.0751904
 -20.2086
 -2.95011
  2.29635
-0.137568
 0.441965
0.0750178
 -20.2073
 -2.94455
  2.29728
-0.137184
 0.441746
 0.075279
 -20.2109
 -2.93904
   2.2979
-0.136911
 0.442118
0.0753471
 -20.2129
 -2.93912
  2.30286
-0.136853
  0.44201
0.0755279
 -20.2122
 -2.93397
  2.29008
-0.136723
 0.442854
0.0760016
  -20.211
 -2.93413
  2.29507
-0.136847
 0.442729
0.0763989
 -20.2125
 -2.93592
  2.29614
-0.136947
 0.442894
0.0763259
 -20.2128
 -2.94186
  2.29189
-0.137391
 0.443338
0.0756809
 -20.2058
 -2.94149
  2.29024
-0.137428
  0.44298
0.0758498
 -20.2066
 -2.94595
  2.27825
-0.137962
 0.443934
0.0757056
 -20.2062
 -2.95447
  2.29123
-0.138422
 0.443368
0.0754137
 -20.2018
 -2.95087
  2.28176
-0.138395
 0.443735
0.0754342
 -20.2007
 -2.95122
  2.28012
-0.138528
 0.443954
0.0754225
 -20.2041
 -2.95458
  2.28979
-0.138661
 0.443696
0.0753637
 -20.2039
 -2.94819
  2.27544
-0.138426
   0.4447
0.0755673
  -20.207
 -2.94661
  2.28428
-0.138151
  0.44446
0.0755531
  -20.209
 -2.94246
  2.27553
-0.137917
 0.445446
0.0755122
 -20.2142
 -2.94033
  2.28447
 -0.13762
 0.445435
0.0759311
 -20.2176
 -2.94483
  2.28807
-0.137955
 0.445656
0.0756741
  -20.209
 -2.94266
  2.27416
-0.137859
 0.446066
0.0758446
 -20.2049
 -2.94755
  2.28481
-0.138148
 0.445282
0.0759205
 -20.1986
 -2.94877
  2.28405
-0.138233
 0.445044
0.0759419
 -20.1978
 -2.95415
  2.28614
 -0.13856
 0.445099
0.0757554
 -20.1914
 -2.95305
  2.28386
-0.138621
 0.445001
 0.075996
 -20.1943
 -2.95118
  2.28443
-0.138469
 0.445421
0.0760364
 -20.1908
 -2.95206
  2.28542
-0.138612
 0.445262
0.0760438
 -20.1886
 -2.94933
  2.28334
-0.138554
 0.445464
0.0762193
 -20.1878
 -2.94896
  2.27981
-0.138617
 0.445909
0.0761088
 -20.1917
 -2.94706
  2.27954
-0.138476
 0.446564
0.0761226
 -20.1921
 -2.94268
  2.27287
-0.138278
 0.447018
0.0758274
 -20.1951
 -2.93829
   2.2695
-0.138125
 0.447609
0.0758057
 -20.1928
 -2.94558
  2.27587
-0.138551
 0.447204
0.0753581
 -20.1948
 -2.94198
  2.28487
-0.138217
 0.446769
0.0755867
  -20.196
 -2.94746
  2.28699
-0.138766
 0.446745
0.0749928
 -20.1911
 -2.95178
  2.28794
-0.139008
 0.446258
0.0747269
 -20.1868
 -2.94676
  2.27875
-0.138666
 0.446637
0.0748144
 -20.1818
 -2.94999
   2.2719
-0.139062
 0.446906
0.0748794
  -20.186
 -2.95134
  2.28014
 -0.13896
 0.446702
0.0749295
 -20.1803
 -2.94412
   2.2717
-0.138581
 0.446917
0.0752782
 -20.1813
 -2.94514
  2.27986
-0.138625
 0.446699
0.0753925
  -20.181
 -2.93911
   2.2822
-0.138277
 0.446683
0.0758162
 -20.1817
  -2.9363
  2.28818
-0.138043
 0.446491
 0.076144
 -20.1766
 -2.93913
  2.29021
-0.138299
 0.446299
0.0758293
  -20.181
 -2.94005
  2.29306
-0.138417
   0.4465
0.0754301
  -20.176
 -2.93801
  2.27906
-0.138515
 0.447084
0.0753954
  -20.177
 -2.94435
   2.2841
-0.138885
  0.44711
0.0752333
 -20.1739
 -2.94168
  2.27249
-0.138844
 0.447712
0.0751376
 -20.1699
 -2.94536
  2.28373
-0.139025
 0.446988
0.0750873
 -20.1671
 -2.94984
  2.28524
-0.139343
 0.446917
0.0749709
 -20.1669
 -2.94861
  2.27865
-0.139375
 0.447578
0.0752867
 -20.1697
 -2.94989
  2.28326
 -0.13936
 0.447513
0.0751076
 -20.1659
 -2.94902
   2.2754
 -0.13951
 0.447884
0.0748234
  -20.169
 -2.95291
    2.282
-0.139825
 0.447884
 0.074593
 -20.1718
 -2.94956
  2.28486
-0.139556
 0.448006
0.0745167
 -20.1731
 -2.94545
  2.28604
-0.139223
 0.448073
0.0748499
 -20.1659
 -2.94039
  2.27672
-0.139185
 0.448052
0.0752044
 -20.1669
 -2.94122
   2.2738
-0.139325
 0.448498
0.0750912
 -20.1659
 -2.94766
  2.27364
-0.139731
 0.448675
0.0747875
  -20.164
 -2.95222
  2.27508
-0.140088
 0.448664
0.0746956
 -20.1602
  -2.9513
  2.27274
-0.140079
 0.448656
 0.074731
 -20.1613
 -2.95615
  2.27335
-0.140588
  0.44873
0.0741923
 -20.1585
 -2.95501
  2.27349
 -0.14044
 0.448591
0.0744215
 -20.1579
 -2.96057
  2.27454
-0.140802
 0.448582
0.0742924
 -20.1574
 -2.95399
    2.261
-0.140519
 0.449306
0.0746018
 -20.1618
 -2.95343
  2.26804
-0.140249
 0.449158
0.0745209
 -20.1639
 -2.95021
  2.26828
-0.139867
 0.449358
0.0745209
 -20.1677
 -2.95035
  2.27064
-0.139815
 0.449593
0.0744249
 -20.1673
 -2.94935
  2.27137
-0.139808
 0.449767
0.0745255
 -20.1643
 -2.94616
  2.26693
-0.139779
 0.449867
0.0744061
 -20.1649
 -2.95024
  2.26596
-0.140121
 0.450085
0.0740082
  -20.161
 -2.94937
  2.26816
 -0.14006
 0.449653
0.0738949
  -20.158
 -2.95189
  2.27383
-0.140387
 0.449123
0.0739198
  -20.158
 -2.95994
  2.27138
-0.141106
 0.449395
0.0731119
 -20.1565
 -2.95407
  2.26616
-0.140774
 0.449595
0.0731756
  -20.154
 -2.95711
  2.27503
-0.140941
 0.448991
0.0731595
 -20.1534
 -2.95596
  2.27008
-0.140863
 0.449184
0.0728809
 -20.1535
  -2.9562
  2.26667
-0.140884
 0.449503
0.0730101
 -20.1558
 -2.95333
  2.26624
-0.140612
 0.449793
0.0733921
 -20.1594
 -2.94853
  2.26723
-0.140175
  0.45007
 0.073828
 -20.1642
 -2.95345
   2.2767
-0.140446
 0.449911
0.0737425
 -20.1614
 -2.95268
  2.27283
-0.140269
 0.449972
0.0734917
 -20.1624
 -2.94682
  2.26672
-0.139873
 0.450427
0.0733461
 -20.1572
 -2.94804
  2.26517
-0.140037
 0.450172
0.0733874
 -20.1563
 -2.95413
  2.27199
-0.140481
 0.449834
0.0733423
 -20.1519
 -2.95098
  2.26195
-0.140407
 0.450385
0.0736468
 -20.1498
 -2.95825
  2.26309
-0.140885
 0.450368
0.0734408
 -20.1476
 -2.95995
  2.26608
-0.140857
 0.450117
 0.073809
 -20.1469
 -2.95881
  2.26498
-0.140717
 0.450324
0.0739699
 -20.1459
 -2.95905
  2.27622
-0.140535
 0.449606
0.0737307
 -20.1448
 -2.96329
  2.27858
-0.140894
 0.449493
0.0735263
 -20.1422
 -2.95858
  2.26485
-0.140797
 0.450121
0.0735897
 -20.1473
  -2.9568
  2.27691
-0.140474
 0.449676
0.0734714
 -20.1506
 -2.95409
   2.2759
-0.140257
 0.449828
0.0731625
 -20.1514
 -2.95542
  2.26748
-0.140524
 0.450432
0.0728233
 -20.1543
 -2.95444
  2.26654
-0.140487
 0.450732
0.0731821
 -20.1511
  -2.9567
   2.2692
-0.140627
 0.450306
0.0732867
 -20.1507
 -2.95538
  2.26465
-0.140514
 0.450632
0.0732181
 -20.1504
 -2.96003
  2.27143
-0.140694
 0.450203
0.0730749
 -20.1459
 -2.96159
  2.26635
-0.140801
 0.450132
0.0726737
 -20.1479
 -2.96067
  2.26139
 -0.14086
 0.450511
0.0727121
-20.1457
-2.96438
 2.27384
-0.14091
0.449561
0.072332
  -20.145
 -2.95944
  2.27089
 -0.14065
 0.449609
0.0720852
 -20.1413
  -2.9527
  2.27241
-0.140144
 0.449148
0.0722626
 -20.1427
 -2.95415
  2.27078
-0.140336
 0.449542
0.0723366
 -20.1433
 -2.95106
  2.26609
-0.140166
 0.450083
0.0723888
 -20.1444
 -2.95099
  2.27685
 -0.13992
 0.449474
0.0725304
 -20.1469
 -2.95155
  2.27876
-0.139827
 0.449584
 0.072301
 -20.1423
 -2.95243
  2.27027
-0.140052
  0.44991
0.0722625
  -20.143
 -2.95556
  2.27413
-0.140182
 0.449876
0.0723887
 -20.1357
 -2.95665
  2.26287
 -0.14039
  0.45017
0.0722052
 -20.1347
 -2.95899
  2.26542
-0.140591
 0.449905
0.0719992
 -20.1319
 -2.96318
  2.26237
-0.140942
  0.44999
0.0720362
  -20.131
  -2.9594
   2.2541
-0.140756
 0.450495
 0.072431
 -20.1321
 -2.96058
  2.26081
-0.140681
 0.450081
 0.072491
 -20.1361
 -2.95989
  2.26501
-0.140654
 0.450178
0.0726449
 -20.1363
 -2.95529
  2.26419
-0.140341
 0.450292
 0.072703
 -20.1369
 -2.95824
  2.26817
-0.140602
 0.450135
0.0728618
  -20.133
 -2.95576
  2.26067
-0.140464
 0.450433
0.0732391
 -20.1364
 -2.95384
  2.26499
-0.140217
 0.450358
0.0731782
 -20.1322
 -2.95532
  2.26439
-0.140374
 0.450336
0.0731977
 -20.1307
 -2.95506
  2.25698
 -0.14062
 0.450835
0.0731303
-20.1301
-2.95958
 2.26459
-0.14092
0.450517
0.073121
 -20.1318
 -2.95989
  2.26878
-0.140952
 0.450428
0.0728904
 -20.1244
  -2.9595
  2.26127
-0.141015
 0.450543
0.0723099
 -20.1206
 -2.96125
  2.25631
-0.141204
 0.450962
0.0721253
 -20.1221
 -2.96471
  2.26012
-0.141256
 0.450937
 0.072205
 -20.1235
 -2.95959
  2.25491
-0.140901
 0.451292
0.0724603
 -20.1291
 -2.95601
  2.25561
-0.140619
 0.451648
0.0725865
 -20.1295
 -2.95708
  2.27003
-0.140569
 0.450765
0.0727906
  -20.133
 -2.95495
  2.26441
-0.140504
 0.451454
0.0729903
 -20.1302
 -2.95009
  2.25701
-0.140169
 0.451611
0.0734477
 -20.1306
 -2.95352
  2.26095
-0.140409
 0.451322
0.0732513
 -20.1286
 -2.95135
  2.26171
-0.140281
 0.451145
0.0733204
 -20.1285
  -2.9541
  2.26309
-0.140584
 0.451066
0.0730616
 -20.1223
 -2.95119
  2.25931
-0.140399
 0.451013
0.0732796
 -20.1231
 -2.95427
  2.26042
 -0.14061
  0.45106
0.0732963
 -20.1201
 -2.95994
   2.2724
-0.140856
 0.450036
0.0732753
  -20.122
 -2.95885
  2.27401
-0.140758
 0.449963
0.0731132
 -20.1158
 -2.95661
    2.263
-0.140714
 0.450189
0.0730143
 -20.1185
 -2.95802
   2.2703
-0.140751
 0.449994
0.0728807
 -20.1177
 -2.95519
  2.27178
 -0.14065
 0.449759
0.0729023
 -20.1186
 -2.95633
  2.27757
-0.140699
 0.449606
0.0728056
 -20.1183
 -2.95612
  2.27825
-0.140505
 0.449502
0.0727838
 -20.1184
 -2.95197
  2.27458
-0.140248
 0.449686
0.0729469
 -20.1187
 -2.95722
  2.27595
-0.140719
 0.449713
 0.072711
 -20.1131
 -2.95434
  2.26939
-0.140649
 0.449912
0.0731291
 -20.1155
 -2.95937
  2.28048
-0.140855
 0.449456
0.0730813
 -20.1175
 -2.95657
  2.27674
-0.140632
 0.449568
0.0730591
 -20.1159
 -2.96293
   2.2785
-0.141154
 0.449433
0.0729474
 -20.1139
 -2.96321
  2.27495
 -0.14123
 0.449725
0.0729019
 -20.1103
 -2.95914
  2.27162
-0.140977
 0.449595
0.0729606
 -20.1064
 -2.95871
    2.275
-0.140974
 0.449062
0.0729632
 -20.1092
 -2.95909
  2.27709
-0.140988
 0.449093
0.0731529
 -20.1095
 -2.95449
  2.27396
-0.140715
 0.449223
0.0733834
 -20.1147
  -2.9557
  2.28095
-0.140701
 0.449172
0.0732144
 -20.1172
 -2.95544
  2.28392
-0.140474
 0.449349
0.0730462
 -20.1183
 -2.95783
  2.28892
-0.140638
 0.449376
0.0731866
 -20.1172
 -2.96334
    2.282
-0.141221
 0.449958
0.0730595
 -20.1123
  -2.9588
  2.26996
-0.141032
 0.450471
0.0729752
 -20.1084
 -2.95797
  2.26943
-0.140894
 0.450536
0.0732388
 -20.1022
 -2.96299
  2.26869
-0.141246
 0.450464
0.0734231
 -20.1042
 -2.96073
  2.26572
-0.141086
 0.450971
 0.073681
 -20.1029
 -2.96299
  2.26865
 -0.14119
 0.450914
0.0736238
 -20.1044
 -2.96418
  2.26393
-0.141304
 0.451342
0.0733734
 -20.1036
 -2.95997
  2.26101
-0.140998
 0.451522
0.0735571
 -20.1033
  -2.9575
  2.26565
-0.140778
 0.451413
0.0737195
 -20.1027
 -2.95864
  2.27078
-0.140695
 0.450958
0.0735402
 -20.1047
 -2.95455
  2.26976
-0.140411
 0.450989
0.0737358
 -20.1068
 -2.95234
  2.27697
-0.140126
 0.450725
0.0739812
 -20.1099
 -2.95021
  2.27992
-0.139849
  0.45068
0.0739359
  -20.107
  -2.9523
  2.28135
 -0.14003
   0.4505
0.0738613
 -20.1046
 -2.95273
  2.27134
-0.140284
 0.450948
0.0735928
 -20.1017
 -2.95332
  2.26834
-0.140439
 0.450906
0.0735896
 -20.0995
 -2.95692
  2.26954
-0.140763
 0.450731
0.0734477
 -20.0986
 -2.96052
  2.27184
-0.141163
 0.450578
0.0735099
 -20.1018
  -2.9596
  2.27509
-0.141222
 0.450647
0.0737272
 -20.1055
 -2.95577
  2.28045
-0.140955
 0.450431
0.0736766
 -20.1041
 -2.95712
  2.27362
-0.141148
 0.450845
0.0733212
 -20.1012
 -2.95301
  2.26983
-0.140987
  0.45095
0.0733082
 -20.1038
 -2.95468
  2.27202
-0.141243
 0.451307
0.0734869
 -20.1033
  -2.9518
  2.26503
-0.141197
 0.451659
0.0733999
 -20.1062
 -2.95076
  2.26659
-0.141103
 0.451716
0.0736184
 -20.1045
 -2.94779
  2.26702
-0.140802
 0.451617
0.0740229
 -20.1045
 -2.95525
  2.26928
-0.141371
 0.451529
0.0736188
    -20.1
 -2.95548
  2.26791
-0.141423
 0.451472
0.0736222
 -20.0959
 -2.95507
  2.26472
-0.141435
 0.451294
0.0733905
  -20.092
 -2.96186
  2.25699
-0.142044
 0.451563
0.0725439
 -20.0936
 -2.96542
  2.26377
-0.142205
 0.451299
0.0722056
 -20.0933
 -2.96522
  2.25342
-0.142303
 0.451921
0.0722395
  -20.094
 -2.96444
  2.25504
-0.142305
 0.451871
0.0723581
 -20.0965
 -2.96055
  2.25742
-0.142073
 0.451806
0.0722569
 -20.0979
 -2.96065
  2.25676
-0.142027
 0.451991
0.0720293
 -20.0986
 -2.96388
   2.2563
-0.142192
 0.452238
  0.07192
 -20.0981
 -2.96236
  2.25917
-0.141966
 0.452058
0.0719671
 -20.0981
 -2.95595
  2.25521
-0.141531
 0.452543
0.0725489
 -20.0991
 -2.96247
  2.25901
-0.141959
 0.452442
0.0720269
 -20.0994
 -2.96393
  2.26965
-0.141884
 0.451671
0.0722554
 -20.0967
 -2.96178
  2.26051
-0.141854
 0.452145
0.0723375
 -20.0933
 -2.96152
  2.25827
-0.142035
  0.45204
 0.072358
 -20.0931
 -2.96259
   2.2523
-0.142325
 0.452394
0.0721955
 -20.0914
 -2.96002
  2.25537
-0.142212
 0.452153
0.0723234
 -20.0918
 -2.96551
  2.26625
-0.142371
 0.451529
0.0721022
 -20.0887
 -2.96346
  2.25878
-0.142411
 0.452005
0.0720977
 -20.0891
 -2.96074
  2.25294
-0.142359
 0.452383
0.0717498
 -20.0921
 -2.95808
  2.26529
-0.142016
 0.451613
0.0715184
  -20.093
 -2.96289
   2.2682
-0.142343
 0.451331
 0.070968
 -20.0922
 -2.95616
  2.26798
-0.141928
 0.451062
0.0711701
 -20.1037
 -2.93602
  2.18503
-0.141632
 0.456715
0.0709289
 -20.0464
 -3.03211
  2.51112
-0.146954
 0.445993
0.0657613
 -19.9577
 -2.90723
  2.12203
-0.148618
 0.482961
0.0599896
 -20.0268
 -2.92335
  2.17015
-0.153239
 0.508622
0.0509215
 -19.7748
 -2.94917
  2.24176
-0.152139
 0.507471
0.0461848
 -19.8824
 -2.84844
   1.9303
-0.144249
 0.553578
0.0387621
 -19.9839
 -3.29152
  2.72043
-0.161668
 0.542114
0.0234418
 -19.6989
 -2.86088
  1.82345
-0.137064
 0.587103
0.0273024
 -19.5207
 -3.03815
  1.85539
-0.143857
 0.586353
0.0253495
 -19.4217
 -2.98276
  1.68648
-0.141079
 0.619772
0.0141844
 -19.1637
  -3.2857
  2.13219
-0.153683
 0.598983
0.0103123
  -18.8643
   -3.0441
   1.60035
 -0.137074
  0.625723
0.00460068
  -19.1849
  -4.55754
    4.1892
 -0.210132
  0.541282
-0.0259661
  -17.7013
   -1.6938
  -1.34921
-0.0749476
  0.772397
 0.0323438
 -17.6862
 -2.28073
 -1.44567
-0.115923
 0.795652
0.0186846
  -18.8653
  -4.61525
   3.39488
 -0.216364
  0.628793
-0.0642333
  -18.0582
  -3.66162
   2.31901
 -0.162927
  0.665883
-0.0183364
  -18.4718
  -4.78194
   4.04827
  -0.22075
  0.623989
-0.0609895
  -16.4086
  -1.91852
  -3.18242
 -0.114746
   0.91215
0.00645888
  -17.0802
   -2.9123
  -1.94818
 -0.166532
  0.897934
-0.0300955
  -17.5691
  -3.88892
   2.57263
 -0.173432
  0.697024
-0.0400775
    -17.35
  -3.76956
   2.02448
 -0.175244
  0.744422
-0.0414807
   -15.9151
   -1.87293
   -3.81352
  -0.120764
   0.995848
-0.00117718
   -16.642
  -3.29234
  -1.26912
 -0.182796
  0.893368
-0.0535454
  -16.8509
  -3.84742
   1.52098
 -0.188969
  0.785964
-0.0489292
  -17.2816
  -4.75718
     3.062
 -0.234652
  0.745383
-0.0770694
   -15.4771
   -2.00572
   -3.24291
  -0.126606
    1.00176
-0.00882575
  -15.1365
  -1.67708
  -5.48136
 -0.129637
   1.09197
-0.0229473
 -17.3771
 -5.96408
  4.06671
-0.311894
 0.735725
-0.135461
  -15.7359
  -3.66557
   1.31457
 -0.187855
  0.806428
-0.0463899
  -15.2862
  -4.64438
   0.93694
 -0.266836
   0.80949
-0.0830749
  -14.0715
  -2.64367
  -3.52195
 -0.184737
  0.987642
-0.0552298
 -14.3459
 -3.08864
 -2.31652
-0.198583
 0.939825
-0.060198
 -14.8883
 -5.31381
  2.82728
-0.293378
 0.714654
-0.104853
  -12.3136
  -2.41345
  -1.85947
 -0.150144
  0.817564
-0.0270703
 -16.0949
 -6.71352
  2.72901
-0.404041
 0.853434
-0.201383
  -14.7362
  -2.05043
   -3.5168
 -0.152003
   1.12791
-0.0349493
  -13.8236
  -3.66096
 -0.348234
  -0.22459
  0.894754
-0.0683313
  -13.3576
  -1.76399
  -3.88568
 -0.135009
   1.07143
-0.0500248
  -14.2414
   -3.8677
 -0.117457
 -0.237927
  0.939768
-0.0776867
  -13.0403
  -1.86072
  -3.85825
  -0.14343
   1.07404
-0.0562918
 -14.6174
 -5.82159
  2.76367
-0.343816
 0.837747
-0.147698
  -12.1344
 -0.741715
  -5.23031
-0.0867576
   1.13188
-0.0073075
 -13.2363
 -3.84682
 -1.37991
-0.255526
 0.982905
-0.113055
  -12.0918
   -2.3128
  -4.49806
 -0.192548
   1.10763
-0.0792905
  -13.082
 -4.34122
 0.589611
-0.268441
 0.894989
-0.135571
 -13.7147
 -7.08531
  4.88185
-0.415146
 0.729969
-0.200814
  -11.5594
  -3.03343
  -2.30798
 -0.224601
   1.00851
-0.0948895
 -11.9093
 -4.36892
-0.566742
-0.294084
 0.926652
-0.153204
  -10.6585
  -2.28385
  -4.30379
 -0.197157
   1.06834
-0.0812246
  -11.515
 -3.73295
0.0978307
 -0.23839
 0.879142
-0.123092
 -11.5367
 -3.83958
-0.709647
-0.263697
 0.959906
-0.136952
 -10.7248
 -2.27205
 -4.20219
-0.198283
  1.11032
-0.100986
 -11.6411
 -4.07146
-0.263408
-0.272849
 0.957941
-0.158071
 -11.0637
 -3.21191
 -1.36265
-0.227119
 0.997064
-0.119881
 -10.8888
 -2.73534
 -3.15561
-0.216157
  1.09051
-0.126495
 -11.4979
 -4.69956
 0.119908
-0.310738
 0.946785
-0.178244
 -10.5119
 -2.86687
 -2.86356
-0.219821
  1.05911
-0.118554
 -10.0103
 -1.86107
 -4.82488
-0.172611
  1.13962
-0.106656
 -10.3822
 -4.25984
 -0.91569
-0.290388
 0.943583
-0.177922
 -9.49426
 -5.95295
  2.21587
-0.374879
 0.732905
-0.198002
 -10.2897
 -3.09094
 -2.28246
-0.227821
  1.05103
-0.161653
 -11.0611
 -1.29759
 -6.44261
-0.150194
  1.33168
-0.120094
 -10.5661
  -4.2571
 -1.00424
-0.289205
 0.997331
-0.180882
  -10.749
  -4.5454
  0.22394
-0.295849
 0.963922
-0.188041
 -9.45046
 -2.05559
 -3.57205
-0.165722
  1.09046
-0.112477
 -9.07621
 -1.87946
 -5.25919
-0.171124
  1.14586
-0.132581
 -9.82578
 -4.11694
 -1.66817
 -0.28163
 0.994426
-0.188793
 -10.1631
 -5.51322
  1.19543
-0.344737
 0.871827
-0.222498
 -8.43211
 -1.24535
 -4.98813
-0.117747
  1.10316
-0.098316
 -8.25411
 -1.91501
 -5.02108
-0.164595
  1.09265
-0.118742
 -8.88089
 -2.68659
 -4.92845
-0.217434
   1.1309
-0.177463
 -9.80923
 -4.45038
0.0874246
-0.271058
 0.901067
-0.192643
 -10.0387
 -5.43539
  2.91846
-0.304234
 0.769468
-0.221942
  -8.4058
 -2.42102
  -3.4008
-0.175868
  1.03039
  -0.1477
 -9.50077
 -4.89001
 0.247915
-0.300988
 0.891897
-0.206602
 -7.16248
 -2.72897
  -2.0789
-0.175584
 0.865013
 -0.13639
 -8.55741
 -2.26165
 -4.00498
-0.164538
    1.062
-0.156021
 -10.5209
 -2.18359
 -4.53612
-0.165286
  1.23627
-0.193854
 -10.1963
 -5.32994
  1.45091
-0.311795
 0.884335
-0.221595
 -9.07317
 -3.44749
-0.637149
-0.203777
 0.930357
-0.180205
 -7.36427
 -1.58437
 -5.31838
-0.127002
  1.05164
-0.136034
 -7.17563
 -3.17889
 -4.14373
-0.225723
 0.970313
-0.190151
 -7.93885
 -4.69021
 -1.07536
-0.295716
 0.868145
-0.233389
 -7.45108
 -3.32791
 -1.56687
-0.199954
 0.854357
-0.168611
 -7.04799
 -2.63039
 -3.55989
-0.176086
 0.940422
-0.171782
 -8.26981
 -4.75614
-0.847753
-0.293623
 0.880124
-0.246587
   -8.121
 -3.74856
 -1.68977
-0.235893
 0.938342
-0.200394
 -6.35958
  -2.6626
 -3.19945
-0.173197
  0.87996
-0.155756
 -8.26228
 -2.51727
 -3.37036
-0.162188
  1.01447
-0.203006
 -9.73577
 -4.02612
-0.658812
 -0.24009
 0.992844
-0.218989
 -7.57164
 -2.34759
 -2.75755
-0.146755
  0.95669
-0.148591
 -7.57979
 -2.20831
  -3.7114
-0.145241
 0.990484
-0.170056
 -7.07885
  -2.3529
 -4.07776
-0.158394
 0.964219
-0.178451
 -8.17088
 -4.19718
 -1.45254
-0.261622
  0.91795
 -0.23253
 -7.67746
 -3.09069
 -2.19908
-0.191352
 0.927947
-0.185862
  -6.8671
 -2.17066
 -4.93034
-0.156115
 0.995729
-0.181251
 -7.84396
 -4.73232
 -1.85219
-0.304983
 0.913017
 -0.26395
 -6.13805
 -3.21673
 -2.83813
-0.209578
  0.85328
-0.181521
 -7.65654
 -3.29085
 -3.22841
-0.219943
 0.980404
-0.230636
 -8.55328
 -2.39817
 -4.36947
-0.168502
   1.0995
-0.192984
 -6.99594
 -4.12854
 -1.14744
-0.253341
 0.820575
-0.213092
 -6.23585
 -3.52585
  -1.0374
-0.206668
 0.752574
 -0.19504
 -6.08518
 -2.25004
 -3.09149
-0.140863
 0.851817
-0.156417
 -6.43972
  -2.3766
 -3.55895
-0.158256
  0.91047
 -0.17102
 -7.01641
 -4.19222
-0.381622
-0.247224
 0.777795
-0.219504
 -6.48105
 -2.61447
 -2.59351
-0.159957
 0.854141
 -0.16765
 -5.55271
 -3.47285
 -2.73074
-0.224664
 0.797701
-0.189874
 -7.07414
 -2.99239
 -4.18472
-0.208153
 0.985201
-0.231164
 -8.78986
 -4.28721
 -1.90185
-0.272247
 0.991999
-0.237722
 -6.27402
 -2.39204
 -4.16541
-0.160104
 0.922538
-0.153612
 -6.36943
 -3.35312
 -3.94304
-0.224561
 0.908794
-0.209571
  -6.5116
  -3.1915
 -4.01181
-0.213428
 0.926558
-0.208954
 -7.49125
 -4.20906
 -1.98184
-0.258712
 0.884423
  -0.2221
 -6.85768
 -3.02593
 -2.90788
-0.186959
 0.905014
-0.170775
  -5.7478
 -3.01304
 -3.73399
-0.192541
 0.855405
-0.180184
 -8.33435
 -3.43751
  -2.7303
-0.212159
  1.00044
-0.225598
 -9.17415
 -2.49601
 -3.96531
 -0.16086
  1.13547
-0.183482
 -8.20519
 -4.37017
-0.960069
-0.256314
 0.902674
 -0.21665
 -8.01858
  -3.9547
 -1.45999
-0.231473
 0.911083
-0.200344
 -7.67383
 -3.44536
 -3.14849
-0.216577
 0.977043
-0.208648
 -8.00104
 -4.91811
-0.459761
-0.286354
  0.85054
-0.223767
 -7.50081
 -3.24657
 -4.24846
-0.220569
  1.04264
-0.185226
 -5.70085
 -2.25676
 -6.83063
-0.178981
  1.03538
-0.136594
   -9.069
 -4.40426
 -2.93093
-0.277917
  1.04399
-0.257907
 -9.84976
 -3.22837
 -4.19229
-0.214317
  1.19168
-0.175879
 -8.31934
 -4.46542
 -2.93334
-0.285588
  1.00346
-0.211597
 -9.77676
 -5.52114
 -1.32468
-0.339314
  1.01136
-0.251659
 -9.49048
 -3.70309
 -3.67014
-0.238202
  1.11757
-0.171855
 -9.33158
 -4.79531
 -2.65986
-0.307377
   1.0642
-0.205856
  -9.5834
 -4.58654
 -2.42308
-0.286187
   1.0578
-0.198748
 -11.9195
 -3.75741
 -3.41473
-0.239347
  1.27849
-0.182633
 -12.0772
 -4.23223
  -3.1676
-0.274174
  1.28919
-0.197116
 -10.9981
 -5.26277
 -2.25175
-0.333862
  1.14437
-0.195454
 -11.2383
 -3.26197
 -4.66575
-0.219261
  1.28712
-0.145442
 -11.3166
  -5.0565
 -2.51627
-0.322852
  1.18277
-0.188902
 -10.6455
  -4.8553
 -2.89897
-0.308181
  1.13449
-0.159478
 -12.6309
 -2.58493
 -7.57823
-0.208164
  1.54457
 -0.13215
  -13.829
 -3.47392
 -6.18673
-0.252277
  1.55052
-0.143424
 -12.1566
 -5.21412
 -2.29757
-0.319508
  1.18813
 -0.14682
 -13.4939
 -6.32881
 -1.34157
-0.389195
  1.23466
-0.203701
 -13.4509
 -5.01967
 -3.27474
-0.324752
   1.3581
-0.138267
   -11.87
 -4.92487
 -4.25228
-0.325689
   1.2749
-0.123949
 -14.4401
 -5.50573
 -3.68444
 -0.36598
  1.45447
-0.192592
 -16.8473
 -4.69992
 -3.88708
-0.307886
  1.63409
 -0.14813
 -14.9944
 -5.19864
 -3.36539
-0.338428
  1.48044
-0.116741
 -14.8534
 -5.34506
 -3.35006
-0.348598
   1.4687
-0.141194
 -15.2506
 -5.28492
 -3.45078
-0.344558
  1.49952
-0.121398
 -14.1254
 -5.63977
 -3.08459
 -0.36605
  1.40716
-0.111593
 -16.8427
 -5.47664
  -3.6981
-0.359544
   1.6295
-0.141162
  -18.983
 -4.72508
  -4.5915
-0.318181
  1.84576
-0.112905
 -17.4016
 -6.67585
 -2.68649
-0.432697
    1.625
-0.129933
 -17.6733
 -6.25991
 -2.80664
-0.399384
  1.63785
-0.114497
  -16.3339
  -5.39753
  -4.49287
  -0.35695
   1.63079
-0.0749327
 -18.7228
 -6.83286
 -3.57974
-0.448834
  1.75438
-0.154407
 -21.6023
 -6.49289
 -3.52648
 -0.42293
  1.96267
-0.137725
 -19.4608
 -6.25241
 -3.87807
-0.408565
  1.82648
-0.077052
 -19.5154
 -6.97226
 -3.34075
-0.451182
  1.79311
-0.115204
  -20.2526
  -6.78242
  -3.68224
 -0.435062
   1.83969
-0.0959588
   -18.758
  -7.03908
  -3.69186
 -0.457407
   1.75581
-0.0777797
 -21.6016
 -7.23394
 -3.58256
-0.465558
  1.94203
-0.111766
  -24.263
 -7.34532
  -3.4969
-0.473053
  2.13901
-0.107608
 -22.6395
 -7.27647
 -3.65205
-0.464847
   2.0169
-0.056015
  -22.7219
  -7.74164
  -3.95032
 -0.496692
   2.01632
-0.0614019
  -21.9782
  -8.03451
  -3.87749
 -0.518282
   1.97105
-0.0675643
   -25.055
  -8.31881
   -3.5339
 -0.529541
   2.15837
-0.0989564
  -26.8794
  -8.00237
  -3.94744
 -0.511211
   2.31554
-0.0623982
  -24.9583
  -8.36174
  -4.07257
 -0.538788
   2.18854
-0.0249968
  -25.1135
  -8.60994
  -4.11166
  -0.55137
   2.17786
-0.0400252
  -24.3483
  -8.96503
  -4.02124
 -0.576472
   2.12345
-0.0145109
 -27.9097
   -9.249
 -3.87832
-0.595448
   2.3762
-0.067834
  -30.4319
  -9.33099
  -3.26121
 -0.594614
   2.53788
-0.0193264
 -27.8829
 -8.02024
  -5.6868
-0.527833
  2.47623
0.0676161
  -28.9719
    -9.992
  -4.35575
 -0.649907
   2.46531
-0.0167446
 -28.6289
  -9.9788
 -3.41802
-0.636392
  2.39592
0.0529306
 -30.9788
 -10.0066
 -3.73382
-0.638491
   2.5663
0.0262236
 -33.0404
 -8.23641
 -7.83138
-0.568303
  2.95741
0.0960668
 -32.5148
 -11.7813
 -1.33985
-0.726232
   2.5162
0.0544757
 -32.8375
 -13.0433
  1.34693
 -0.77959
  2.38661
0.0396716
 -30.6433
 -10.0565
 -5.08752
-0.651318
  2.59484
 0.187164
 -34.0403
   -12.23
  -3.7928
-0.785271
  2.74051
0.0864411
 -36.3227
 -10.1763
 -6.08704
-0.671423
  3.06338
 0.184695
 -35.5204
 -11.6094
 -4.34941
-0.737862
  2.85951
 0.211654
 -36.2594
 -11.9053
 -4.98466
-0.769009
  2.95798
 0.227645
 -35.4533
 -11.4954
 -6.52719
-0.754754
  2.97036
 0.278586
 -40.2891
 -15.2524
-0.666469
 -0.94001
  2.96265
 0.167279
 -43.5168
 -16.2689
  1.60706
-0.989736
  3.10779
 0.208648
 -39.8402
 -11.7765
 -7.00429
-0.769434
  3.28293
  0.45336
 -39.9316
 -14.3954
   -6.102
-0.942215
  3.21452
 0.378323
 -44.1853
 -15.1646
 -4.79337
-0.980287
  3.44986
 0.388388
 -47.0279
 -12.8645
 -8.14908
-0.858501
  3.84812
 0.526012
-47.4748
-18.5798
0.328779
-1.15312
 3.38778
 0.42127
 -47.4626
  -17.141
-0.314183
 -1.06282
   3.4478
 0.434105
  -45.143
 -14.2216
 -6.51448
-0.937306
  3.63194
   0.5208
-47.5676
-16.3634
-4.00176
-1.06526
 3.68794
 0.36374
 -47.5207
  -13.667
 -6.33599
-0.903841
  3.82812
 0.440203
 -43.5441
 -14.8462
  -2.6173
-0.935238
  3.31857
 0.425888
 -41.963
-16.6817
0.452702
-1.03162
 3.04217
0.306635
 -37.8205
 -13.5216
 -4.56673
-0.880707
  3.05801
 0.421766
 -38.5295
 -12.8732
 -6.56845
-0.862463
  3.21409
 0.334212
 -39.7519
  -13.433
 -3.14357
-0.858371
  3.11771
 0.295118
 -36.0696
 -13.9924
-0.385917
-0.862159
  2.70358
 0.305257
 -33.7754
 -11.5299
 -5.25373
-0.759707
  2.84188
 0.347104
 -31.1404
 -11.2573
 -6.61717
-0.759736
  2.72326
 0.320132
  -31.643
 -12.2847
 -2.85619
-0.778722
  2.52626
 0.239236
 -32.3524
 -12.1197
 -1.39671
-0.760929
  2.55301
 0.222587
 -28.5543
 -10.0779
 -4.62896
-0.659677
  2.46484
 0.318068
 -25.9724
 -11.1849
 -2.22125
-0.697299
  2.09419
  0.25802
 -26.8395
 -10.0025
 -4.00367
-0.651434
  2.31148
 0.222024
 -28.0696
 -8.49223
 -4.40501
-0.545746
  2.41307
 0.256583
 -25.3434
 -9.86837
-0.931671
-0.598797
  2.02447
 0.238534
 -23.7502
 -11.3888
  1.24832
-0.680479
  1.78286
 0.170069
 -20.5929
 -6.02544
 -7.44362
-0.413083
  2.04547
 0.313925
 -23.7724
 -11.0998
-0.607143
-0.689594
  1.89419
0.0544194
 -23.7511
 -8.30596
 -3.04881
-0.527413
  2.06214
 0.187406
 -19.7455
 -4.60019
 -9.70903
-0.350294
  2.14635
 0.283352
 -20.5186
 -10.1098
 -1.58235
-0.632163
  1.71659
0.0399111
 -17.8637
 -8.83053
 -2.06617
-0.556772
  1.60058
 0.121285
  -18.718
 -8.24712
 -1.25678
 -0.50455
  1.62395
0.0639901
 -20.0135
 -7.38989
 -3.28547
-0.477544
  1.85937
0.0829541
 -15.6382
    -3.67
  -8.7793
-0.281457
  1.84556
  0.22206
 -15.6436
 -8.53654
-0.528963
 -0.51883
  1.37025
0.0151868
 -12.4183
 -4.09097
 -5.26928
-0.267326
  1.43403
 0.181467
  -15.5176
  -8.04708
   0.67335
 -0.471308
   1.31774
-0.0160124
   -15.71
 -4.49336
 -4.53061
-0.292808
  1.65917
 0.103925
 -12.5317
 -5.68124
 -2.64189
-0.348654
  1.31113
0.0759158
 -11.6241
 -4.74418
 -5.95972
-0.326415
  1.42837
0.0552313
 -10.2071
 -6.15003
 -2.50235
-0.378872
  1.13065
0.0175279
  -11.7999
  -4.94273
   -5.1277
 -0.329311
   1.39988
0.00651007
  -12.8823
  -5.48225
  -2.57555
 -0.335524
    1.3513
-0.0206941
 -9.46684
 -4.70256
 -4.52037
-0.304092
  1.20891
0.0367599
   -9.20102
   -5.13054
    -2.5639
   -0.30087
    1.04863
0.000859472
 -6.79365
 -3.84866
 -5.19414
-0.249848
  1.04532
0.0396239
  -9.46929
    -5.055
   -1.6178
 -0.283425
   1.02074
-0.0513244
 -10.6059
 -3.20907
 -4.34233
-0.193286
  1.28418
0.0179693
-7.86982
-3.92303
-1.83582
-0.20597
0.933583
0.016304
 -7.12644
 -2.83693
 -4.70476
-0.163969
  1.02418
0.0316027
   -5.67296
    -3.8732
   -2.44912
  -0.205979
   0.784581
-0.00175651
  -7.63735
  -2.76061
  -5.52889
 -0.177923
   1.13597
-0.0186095
 -8.55569
 -2.50699
 -4.49533
-0.139492
  1.12098
-0.012489
 -6.40246
 -6.59062
  1.87283
-0.349954
 0.614555
-0.110703
  -4.48305
 -0.907748
  -7.16167
-0.0629103
  0.979793
 0.0604364
 -3.67933
 -5.78829
-0.586576
-0.325135
 0.541128
-0.100449
  -4.07209
 -0.598295
  -8.41111
-0.0646979
    1.0371
 0.0338606
  -6.57281
  -2.47311
  -4.46512
 -0.140281
  0.967044
-0.0599654
 -5.41623
 -6.35792
  2.62619
  -0.3295
 0.506303
-0.140356
  -3.77447
 -0.662276
  -6.30259
-0.0459851
  0.910796
  0.053244
 -4.88874
 -4.88697
-0.692692
 -0.27375
 0.663167
-0.125115
  -2.27448
  0.449241
  -8.44092
0.00858666
  0.902886
 0.0785535
 -5.01424
 -3.21316
 -3.84936
-0.193577
 0.836699
-0.110324
 -7.20256
 -3.93212
0.0945527
-0.197703
 0.802908
-0.127536
  -3.42301
 0.0567294
  -6.48558
0.00398809
  0.886591
 0.0682001
  -3.4639
 -3.93184
 -2.60778
-0.230347
 0.656057
-0.125527
  -1.97595
  -2.54436
  -2.70266
 -0.131491
  0.558324
-0.0187131
 -3.92877
  -5.0304
   1.4592
-0.257036
  0.47507
-0.150373
   -4.50129
 -0.0225589
   -6.09265
-0.00310421
    0.96659
 0.00288462
  -2.57729
  -1.74161
  -5.07816
 -0.105648
  0.737419
-0.0368697
 -3.27327
 -5.53484
-0.112369
-0.312864
 0.509218
-0.157514
 -2.25111
0.0729211
 -5.76473
0.0121562
 0.783531
0.0428666
-0.569762
-0.119552
 -5.56811
0.0161175
  0.59467
0.0172197
 -3.58966
  -4.2428
 -2.48277
 -0.25245
 0.682705
-0.151758
  -5.01687
  -2.18308
  -2.76232
  -0.10844
  0.816483
-0.0688616
  -2.02779
 -0.151807
  -6.47091
-0.0033758
  0.776675
 0.0332442
 -1.40016
 0.596323
 -8.40005
0.0270045
 0.829369
0.0251807
   -2.0559
  -2.96057
  -1.85845
 -0.140081
  0.507553
-0.0926564
 -1.00524
 -5.59124
  3.07195
-0.265997
 0.170505
-0.134062
  -2.34112
 -0.332078
  -5.74226
-0.0123235
  0.788423
 -0.015114
  -3.47875
-0.0261341
  -6.45475
 0.0110672
  0.866918
-0.0132406
 -2.09953
 -4.03566
 0.549833
-0.188334
 0.400818
-0.118106
  -2.01563
   -2.4585
  -1.55559
 -0.105267
  0.525005
-0.0669258
  -2.00125
  -1.89277
  -1.97153
-0.0687776
   0.54493
-0.0504168
  -1.31815
  -1.21576
  -4.96616
-0.0602133
  0.659159
-0.0360612
  0.377013
 -0.635009
  -6.12093
-0.0308786
  0.591649
-0.0108537
  -2.40352
  -1.84611
  -3.74466
-0.0918103
  0.684115
 -0.100801
  -4.01381
  -1.96059
  -2.67934
-0.0869908
  0.753483
 -0.102951
   -1.4947
  -1.82905
  -1.95473
-0.0603501
  0.509409
-0.0420475
  -1.51978
  -2.53828
 -0.842006
-0.0950924
  0.441721
-0.0883589
  -1.17436
  -1.63735
  -3.48679
-0.0711484
  0.584084
-0.0582866
-0.322085
 0.211957
 -5.84236
0.0357335
 0.633854
0.0135323
   0.37903
  -2.44406
  -1.30943
 -0.089784
  0.311024
-0.0790901
  -1.85311
  -2.28776
  -1.26424
-0.0867389
  0.508398
 -0.104728
  -3.00144
  -1.40432
  -1.89165
-0.0307704
  0.627235
-0.0559592
  -0.337984
  -0.661522
   -4.05126
-0.00164959
   0.535925
 -0.0202369
-0.718003
 -3.27673
-0.806169
-0.150248
 0.394896
-0.136173
  -1.16943
  -2.68962
-0.0406851
-0.0973696
  0.390596
-0.0679292
-0.453334
  1.35979
 -6.69437
 0.105145
 0.713468
0.0286822
 -0.531453
  -1.08751
  -5.76234
-0.0580785
  0.655188
-0.0592553
  0.109545
  -2.73535
  -1.59624
 -0.118748
  0.372131
-0.0829713
   -1.72885
   0.706385
   -5.27352
  0.0749997
   0.736688
-0.00800516
  -2.51187
  -1.91747
  -2.24622
-0.0715988
  0.611525
 -0.080544
 -0.780213
 -0.969743
  -3.98329
-0.0260437
  0.577517
-0.0344055
   -1.0044
 -0.377052
  -4.59012
 0.0105379
  0.615106
-0.0285723
 -1.11068
 -2.87138
 -2.12363
-0.140258
 0.492744
-0.107179
 -0.823741
  -1.98339
  -2.36611
-0.0827664
  0.500778
-0.0653961
 -0.324551
 -0.550489
  -3.84264
 0.0067624
  0.522769
-0.0189717
   1.28742
  -3.42165
  -1.87194
 -0.175879
  0.297205
-0.0996288
 -0.141887
  -1.39024
  -4.33727
-0.0685012
  0.564112
-0.0716502
  -2.48665
 -0.765679
  -4.08906
-0.0205955
  0.725655
-0.0577913
 -0.666662
 -0.653565
  -4.41967
 -0.013521
  0.600467
-0.0235976
-0.902071
 -2.30981
  -3.1577
 -0.12411
 0.573809
-0.102725
 -0.327463
 -0.543575
  -3.94991
-0.0037902
  0.566376
-0.0154523
  0.226841
-0.0228846
  -3.99857
 0.0355934
  0.520245
-0.0163586
0.0827763
 -3.60441
-0.251561
-0.176745
 0.331742
-0.115544
 0.865315
   0.3499
 -5.67742
0.0341397
 0.587693
0.0224095
 0.846087
 -0.27869
 -4.13996
0.0153616
 0.482382
-0.020861
   1.4707
 -2.57088
 -1.70154
-0.118351
 0.305235
-0.076943
 -0.178575
 -0.110566
  -4.97248
0.00728245
  0.643384
 -0.026152
  -1.75991
  0.285658
  -5.85893
 0.0266077
  0.793878
-0.0260373
 0.178832
 -2.91971
 -2.89391
-0.165154
 0.481971
-0.103437
  0.744454
 -0.736119
  -4.67619
-0.0285909
   0.52894
-0.0425588
 0.0766492
  -2.10587
  -1.94157
-0.0936729
  0.436727
-0.0702972
   0.110828
  -0.413819
   -4.39201
-0.00688508
   0.579464
 -0.0290515
 0.812292
  1.15657
 -7.85061
0.0612232
 0.709046
0.0332777
 -0.140407
  -3.15984
-0.0778491
 -0.142276
  0.328126
  -0.13407
  -0.7194
 -3.66715
  2.42116
-0.150914
 0.257449
-0.116743
-0.0445211
    0.3753
   -5.0196
 0.0414952
  0.615606
 0.0143439
 0.662115
 -3.37194
 0.328566
-0.151211
 0.241311
-0.113807
  -1.47115
 -0.782165
  -2.63231
-0.0132766
   0.60325
-0.0666272
    -1.7759
  -0.548557
   -3.02575
0.000961094
   0.640433
  -0.030352
 -0.279114
  -2.39556
 -0.760322
-0.0935834
  0.371741
-0.0931008
-0.0796677
 -0.333891
  -2.58411
  0.031563
  0.462511
-0.0230521
-0.0801058
  -1.38855
   -1.7159
-0.0352708
  0.425779
 -0.047662
   0.463912
   0.132122
   -3.36761
  0.0552903
   0.473235
-0.00101081
  0.605963
-0.0254823
  -3.44506
 0.0477421
  0.449379
-0.0105386
  0.507596
  -1.64117
  -0.85002
-0.0329422
  0.309982
-0.0508197
 0.841172
 0.273989
 -2.47356
0.0817035
  0.39316
0.0144902
  0.448606
 -0.904595
  -1.03505
 0.0169036
  0.339457
-0.0194944
  0.732261
  0.151584
  -2.29089
 0.0783821
  0.382792
0.00863621
 0.937679
 0.216731
 -2.94022
0.0765466
 0.392165
0.0070121
  0.906526
  -1.90621
-0.0745014
-0.0422482
  0.250256
-0.0555024
  2.72708
0.0969225
 -1.92162
0.0790403
 0.219663
0.0377875
 0.0532384
  -1.08394
 -0.712419
0.00533863
  0.356685
-0.0567472
-0.690278
 0.801799
 -2.88642
 0.112297
 0.530812
0.0121354
   1.10268
  -1.89817
  0.060405
 -0.042192
  0.229614
-0.0562029
   0.939303
  -0.176912
   -2.22088
  0.0467302
   0.385819
-0.00725393
 0.832187
 0.652853
 -2.89829
 0.098965
  0.42865
0.0187596
  0.603099
-0.0543364
   -2.5097
 0.0569708
  0.406582
-0.0279051
  0.289648
  -1.39787
  0.690564
0.00290103
  0.255925
-0.0608517
 0.0504373
   -2.5935
   1.65103
-0.0772909
  0.244977
-0.0907038
 0.740885
  1.70808
 -4.63411
 0.149859
 0.542426
0.0353757
  0.185989
  -1.78385
  -1.41926
-0.0614536
   0.40571
-0.0888006
    0.60214
    1.01723
   -4.19513
   0.105468
   0.527353
-0.00285782
  0.606708
  -1.16187
  -0.95433
-0.0100183
   0.35499
-0.0680831
    1.26696
   0.701212
    -3.1728
  0.0970949
   0.421944
-0.00588287
   1.12911
  -1.78722
 -0.459449
-0.0513814
  0.296792
 -0.090683
    1.4109
  0.429593
  -2.91364
 0.0773573
  0.405622
-0.0170717
   1.21164
  -1.92846
 -0.015055
 -0.055583
  0.261215
-0.0968221
   1.69948
  0.405142
  -2.63414
 0.0800615
  0.363651
-0.0180834
   1.51778
  -1.84763
 -0.184642
 -0.053748
  0.253932
-0.0884198
   1.63339
  0.639521
  -3.04234
 0.0889082
  0.402947
-0.0160839
   2.58699
  -1.50472
 -0.757499
-0.0349708
  0.207168
-0.0729042
  0.543958
  0.239177
   -4.4002
 0.0378943
  0.570207
-0.0695147
   -1.45789
   -1.07641
  -0.724345
-0.00527986
   0.505897
  -0.106988
  0.172328
  -2.58316
    1.7687
-0.0780504
  0.244015
 -0.124885
   0.951988
    1.32646
   -5.16985
    0.10884
   0.582296
0.000344959
  0.683483
  -1.29321
  -1.05547
-0.0156927
   0.33696
-0.0858975
    1.2207
  0.658539
  -3.20984
 0.0944449
  0.434449
-0.0243946
   1.00077
 -0.323267
  -1.92542
 0.0447936
   0.36627
-0.0508446
  0.962891
 -0.818994
  -1.00322
 0.0210664
  0.323062
-0.0621747
     1.0629
    1.26019
   -3.59913
   0.139505
   0.454024
-0.00295144
  0.720584
 -0.660106
  -1.46674
 0.0314688
  0.353225
-0.0713779
   0.632698
   -1.40022
  0.0478453
-0.00230891
   0.281427
 -0.0894963
    1.14929
   0.685799
   -2.22316
   0.117569
   0.376118
-0.00859916
    1.2873
 -0.993071
 -0.632776
 0.0199397
  0.264118
-0.0833345
     1.21572
     -1.4054
    0.103145
-0.000831893
    0.229713
  -0.0861198
   1.64832
  0.323816
  -1.67194
   0.10001
  0.299071
-0.0201839
   1.57276
  -1.32364
  0.118546
0.00690328
  0.192874
-0.0894508
   1.92119
 0.0492675
  -1.74443
  0.083117
   0.26215
-0.0278241
   1.72989
 -0.994898
  0.900889
 0.0461153
  0.120248
-0.0669734
     1.418
  -1.22883
  0.701229
 0.0242532
  0.164374
-0.0700265
   1.17083
 -0.622521
 -0.453773
 0.0546991
  0.242664
-0.0572388
  0.947995
   1.21557
  -2.60691
  0.162006
  0.372617
0.00393699
  0.597125
 0.0837268
  -1.47483
 0.0961959
  0.336372
-0.0483488
  0.202216
 -0.301136
 -0.514458
 0.0805614
   0.31977
-0.0480597
  0.246278
  0.229401
 -0.676161
  0.115189
    0.3358
-0.0241608
  0.708993
   1.26158
  -2.27159
  0.173655
  0.368802
0.00319918
  0.677482
 -0.470016
  -0.62843
 0.0675761
  0.287839
-0.0683841
  0.893541
  -0.67861
  0.120067
 0.0617103
  0.232877
-0.0507357
   1.27516
  0.304853
 -0.264515
  0.126774
  0.231702
-0.0148524
    1.52483
   0.816473
   -1.39627
   0.151044
   0.264325
-0.00917985
   1.44628
  -1.04894
  0.645922
 0.0437976
  0.152298
-0.0680112
   1.62023
 -0.522835
  -0.02648
 0.0707158
   0.18467
-0.0470441
   1.60897
 -0.330796
 -0.190521
 0.0808356
  0.202904
-0.0417199
   1.60107
 -0.791051
  0.493822
 0.0591003
  0.158962
-0.0593923
    1.55693
   0.581941
   -1.00872
   0.138509
   0.248101
-0.00729565
     1.6423
    1.08025
   -2.02605
     0.1613
   0.296691
-0.00331417
   1.25762
 -0.413549
 -0.253249
 0.0755859
  0.229103
-0.0514527
   1.36143
  0.441247
 -0.807565
  0.129643
  0.253542
-0.0173665
   1.35088
0.00197621
 0.0469842
  0.108639
  0.208272
-0.0325993
   1.22992
 0.0522764
 -0.269426
  0.105512
  0.241976
-0.0386536
   1.04624
-0.0823364
 -0.435721
  0.091448
  0.271435
 -0.043084
   1.01609
 -0.384248
 -0.238975
 0.0723185
  0.262888
-0.0537377
  0.777561
 -0.654585
 -0.074998
 0.0536175
  0.278104
-0.0787306
  0.749638
  -0.72921
 -0.153374
 0.0459395
   0.29216
-0.0635402
   1.08447
  0.550492
  -2.44162
  0.107038
   0.39883
-0.0379849
   1.18699
 -0.544796
   -1.5614
 0.0408396
  0.335609
-0.0735426
   1.52688
 -0.110893
  -1.47421
 0.0725998
  0.311575
-0.0449939
   1.55998
   0.21977
  -1.74938
 0.0939949
  0.320812
-0.0390131
   1.48271
 -0.106106
  -1.10007
 0.0796857
  0.290011
-0.0473082
   1.45631
-0.0160315
  -1.11644
 0.0867462
  0.290538
-0.0407047
   1.26637
 -0.069255
 -0.710139
  0.090526
  0.273844
-0.0391144
   1.25889
-0.0829122
 -0.496886
 0.0936869
  0.256377
-0.0342403
   1.19944
 -0.163103
  -0.45098
 0.0884723
  0.254196
-0.0370257
   1.17154
 -0.256112
 -0.549716
 0.0795689
    0.2599
-0.0380381
   1.16194
 -0.356481
 -0.735275
 0.0685836
  0.270503
-0.0436251
   1.15896
 -0.411038
 -0.975033
 0.0605739
  0.282318
-0.0488041
   1.14881
 -0.434645
  -1.22595
 0.0547626
  0.294756
-0.0549369
    1.1182
 -0.420983
  -1.43468
 0.0526482
  0.306248
-0.0589639
   1.07104
 -0.385428
  -1.56695
 0.0533673
  0.313897
-0.0623464
    1.0163
 -0.322348
  -1.56938
 0.0584791
   0.31301
-0.0646415
  0.940226
 -0.237074
  -1.44309
 0.0674738
  0.305241
-0.0623196
  0.859649
 -0.169457
  -1.22261
 0.0765713
  0.291954
-0.0597933
  0.786073
 -0.128225
 -0.983527
 0.0837733
  0.277662
-0.0576248
  0.741814
 -0.111198
 -0.801381
 0.0879403
  0.265816
-0.0562934
  0.739911
 -0.108865
 -0.700758
 0.0893901
  0.257563
-0.0547785
  0.791938
  -0.13912
 -0.674833
 0.0867911
  0.251734
-0.0555664
  0.893928
 -0.199038
 -0.753563
 0.0799175
  0.250253
-0.0597773
   1.02014
 -0.272013
  -0.91947
 0.0705518
  0.252892
-0.0649201
   1.14597
 -0.342299
  -1.12317
 0.0609222
  0.257709
-0.0695201
    1.2599
 -0.389876
  -1.30201
 0.0536368
  0.260828
-0.0725961
   1.35316
 -0.417591
  -1.42165
 0.0491682
   0.26068
-0.0749255
     1.373
 -0.418392
  -1.45492
 0.0484779
  0.259509
-0.0754139
   1.30147
  -0.38802
  -1.40856
  0.051639
  0.259181
-0.0733833
   1.16688
 -0.343155
   -1.2724
 0.0576158
  0.256901
-0.0701202
   1.00257
 -0.287362
  -1.11242
 0.0647967
  0.255109
-0.0668158
  0.821426
 -0.234984
 -0.970897
 0.0714592
  0.255901
-0.0638889
  0.644316
 -0.196861
 -0.867913
  0.075998
   0.25972
-0.0614475
  0.500576
 -0.169811
 -0.841146
 0.0782042
   0.26686
-0.0606255
  0.429559
 -0.169248
 -0.889795
 0.0768575
  0.274973
-0.0614031
   0.44851
 -0.200952
  -1.01424
 0.0716269
  0.282926
-0.0641915
 0.554424
-0.252796
 -1.17859
0.0642128
 0.287651
-0.067746
  0.694134
 -0.297295
  -1.32817
 0.0576658
   0.28859
-0.0708116
  0.847094
 -0.347386
  -1.41162
  0.051927
  0.284102
-0.0726492
 0.992081
-0.382615
 -1.44864
0.0483978
  0.27663
-0.073113
   1.11453
 -0.405166
  -1.41254
 0.0474373
  0.265256
-0.0730502
  1.18369
-0.407547
 -1.30035
0.0493343
 0.252315
-0.071817
   1.18858
 -0.389066
  -1.16673
 0.0532374
  0.241984
-0.0694061
   1.12965
 -0.350041
  -1.03731
 0.0585972
   0.23622
-0.0667968
  1.04874
-0.305089
-0.939239
0.0637755
 0.234338
-0.064445
  0.961706
 -0.257325
 -0.895305
 0.0682746
  0.236761
-0.0628825
   0.89383
 -0.220512
 -0.911917
 0.0707146
  0.242396
-0.0619934
  0.838121
 -0.198183
 -0.965599
 0.0711475
  0.250179
-0.0619771
  0.808168
 -0.192089
  -1.05969
 0.0696505
    0.2592
-0.0622598
  0.804056
 -0.204258
  -1.16427
 0.0665448
  0.267255
-0.0636296
  0.817054
  -0.24174
  -1.23977
 0.0622784
  0.271989
-0.0660756
   0.82379
 -0.294726
  -1.28134
 0.0570835
  0.274618
-0.0682444
  0.822161
 -0.352758
  -1.29181
 0.0518339
  0.275423
-0.0709287
  0.810435
 -0.395073
   -1.2577
 0.0486771
  0.273721
-0.0725148
   0.79033
 -0.401508
  -1.18853
 0.0488085
  0.269821
-0.0723062
  0.761953
 -0.391449
  -1.10548
 0.0504218
  0.265449
-0.0712334
  0.73243
-0.362906
 -1.04281
0.0531106
 0.262679
-0.069672
  0.715238
 -0.312727
 -0.992792
 0.0572015
  0.259895
-0.0673258
  0.711773
  -0.24791
 -0.963805
 0.0620368
  0.257779
-0.0638832
  0.732135
 -0.186098
  -0.97352
 0.0657394
  0.256851
-0.0607115
  0.774355
 -0.149638
  -1.01242
 0.0670336
  0.256877
-0.0590022
  0.838803
 -0.139273
  -1.07021
 0.0659895
  0.256795
-0.0588824
   0.91298
 -0.152339
   -1.1347
 0.0631258
  0.256212
-0.0602119
   0.98137
 -0.189331
  -1.17238
 0.0590106
  0.254383
-0.0623034
   1.03281
 -0.261235
  -1.19354
 0.0525777
  0.252957
-0.0657005
   1.06094
 -0.321153
  -1.20473
 0.0474737
  0.252184
-0.0681766
   1.06612
  -0.36484
  -1.16774
 0.0445562
  0.249313
-0.0699605
   1.03204
 -0.376808
  -1.13106
 0.0440896
  0.248935
-0.0705269
  0.964957
 -0.373852
  -1.08457
 0.0447683
  0.249997
-0.0703832
  0.872734
 -0.346186
   -1.0575
 0.0470563
  0.254281
-0.0697921
  0.779212
 -0.291175
  -1.04637
 0.0510686
  0.259217
-0.0685244
  0.694382
 -0.228961
  -1.03829
 0.0555646
   0.26393
-0.0667255
  0.629771
 -0.178546
  -1.05992
 0.0586748
   0.26963
-0.0654649
 0.592226
-0.145338
 -1.09547
0.0602103
 0.274748
-0.064121
   0.59194
 -0.128308
  -1.13556
 0.0602852
  0.277941
-0.0629294
  0.646758
 -0.142005
  -1.15611
 0.0585739
   0.27581
-0.0628174
   0.73111
 -0.186569
  -1.17201
 0.0545276
  0.271533
-0.0643997
 0.822844
-0.249409
  -1.1975
0.0490719
 0.267547
-0.066185
    0.9097
 -0.313287
  -1.18297
 0.0442363
  0.261194
-0.0674071
  0.981283
 -0.348684
  -1.15813
 0.0417392
   0.25471
-0.0676346
   1.03089
 -0.368884
  -1.13568
 0.0403373
  0.249705
-0.0683893
   1.04195
 -0.373541
  -1.11461
 0.0401745
   0.24742
-0.0689281
    1.0137
 -0.345153
  -1.10517
  0.042215
  0.248357
-0.0678826
  0.961364
 -0.291227
  -1.09256
 0.0462219
  0.250512
-0.0663273
  0.895486
 -0.230964
  -1.07159
 0.0508626
  0.253132
-0.0648272
 0.836598
-0.179409
 -1.07546
0.0544812
 0.256848
-0.063559
  0.789021
 -0.146537
  -1.08688
 0.0565656
  0.260668
-0.0625057
  0.752067
 -0.132273
  -1.08945
 0.0573954
  0.263409
-0.0619085
  0.738577
 -0.138344
  -1.08511
 0.0567638
  0.263908
-0.0621882
  0.743415
 -0.175114
   -1.0973
  0.053526
  0.264618
-0.0633343
   0.75787
  -0.23282
  -1.10886
 0.0487146
  0.265003
-0.0653927
  0.77516
-0.279845
 -1.11502
0.0448529
 0.264699
 -0.06655
  0.791485
 -0.311326
  -1.11513
 0.0423428
  0.263772
-0.0674913
   0.80352
 -0.332684
  -1.10353
 0.0407397
  0.262193
-0.0685646
  0.807317
 -0.335163
  -1.10898
 0.0402058
  0.262459
-0.0687138
  0.807326
  -0.31311
  -1.11317
 0.0415738
  0.262704
-0.0677103
  0.810057
 -0.265191
  -1.10062
 0.0451769
  0.261346
-0.0655985
  0.813317
 -0.209481
  -1.08331
 0.0494582
  0.259549
-0.0632654
  0.815736
 -0.174471
  -1.07357
 0.0521727
  0.258684
-0.0617077
  0.819214
 -0.145825
  -1.07429
 0.0541788
  0.258372
-0.0604033
 0.824619
-0.135481
 -1.05925
0.0550851
 0.256866
-0.059339
  0.830455
 -0.144698
  -1.04879
 0.0545488
   0.25561
-0.0598639
  0.830777
 -0.179373
  -1.05079
 0.0518132
  0.255961
-0.0614328
  0.829393
 -0.228371
  -1.07528
  0.047782
  0.258098
-0.0635933
  0.822679
 -0.264148
  -1.08802
 0.0446742
  0.259544
-0.0652496
  0.816173
  -0.28693
  -1.09855
 0.0425966
  0.260811
-0.0664424
  0.806683
 -0.303311
  -1.10859
 0.0409962
  0.262337
-0.0673642
  0.786991
 -0.311175
  -1.12057
 0.0400113
  0.264698
-0.0682693
  0.770629
 -0.284446
  -1.12541
 0.0418065
   0.26569
-0.0679815
  0.748526
 -0.249233
  -1.10253
 0.0446376
  0.265097
-0.0670475
  0.731098
 -0.210569
  -1.07748
 0.0479375
  0.264255
-0.0653919
  0.716626
 -0.183926
  -1.06255
 0.0500832
  0.264023
-0.0642795
  0.716437
 -0.160841
  -1.04087
 0.0521042
  0.262417
-0.0630369
  0.729333
  -0.14755
  -1.01876
 0.0533535
  0.260027
-0.0615982
  0.761814
 -0.156201
  -1.00535
 0.0528285
  0.256926
-0.0610925
    0.8115
  -0.18026
  -1.02399
  0.050538
   0.25507
-0.0617101
  0.861895
 -0.223032
  -1.04024
  0.046976
  0.253096
-0.0635517
  0.905966
 -0.252669
  -1.07104
   0.04422
   0.25243
-0.0648895
  0.941604
 -0.274328
  -1.09478
   0.04215
  0.251631
-0.0656323
  0.951728
 -0.290523
  -1.11256
  0.040663
  0.252191
-0.0669371
  0.936624
 -0.288481
  -1.12979
 0.0406466
   0.25417
-0.0681524
  0.890442
 -0.273653
  -1.12382
 0.0419677
  0.256643
-0.0686251
  0.828272
  -0.24999
  -1.10183
 0.0442227
  0.258782
-0.0684835
  0.765582
  -0.22175
  -1.09207
 0.0466234
  0.261812
-0.0680437
   0.70739
 -0.204348
   -1.0658
 0.0483461
   0.26365
-0.0680242
  0.669955
 -0.191638
  -1.04895
 0.0495207
  0.264868
-0.0672646
 0.650318
-0.185155
 -1.03475
0.0500552
 0.265233
-0.066377
  0.657781
 -0.190944
  -1.03452
 0.0495234
  0.264866
-0.0656747
  0.687425
 -0.209083
  -1.04247
 0.0479556
  0.263635
-0.0660321
  0.738633
 -0.229258
  -1.07231
  0.045798
    0.2624
-0.0663668
  0.793597
  -0.25096
  -1.09741
 0.0436408
  0.260618
-0.0667925
  0.840003
 -0.267093
  -1.11329
  0.042056
  0.258621
-0.0673816
    0.8777
 -0.275243
  -1.12556
 0.0410848
  0.256923
-0.0675808
  0.900675
 -0.273279
  -1.14193
 0.0408913
  0.256175
-0.0674897
  0.909351
 -0.262803
  -1.13379
 0.0417418
  0.254814
-0.0672519
  0.902441
 -0.246851
  -1.10869
 0.0433388
  0.253357
-0.0668313
   0.88667
 -0.230837
  -1.08994
 0.0447933
  0.252828
-0.0665633
 0.859677
-0.219696
  -1.0646
0.0460091
 0.252791
-0.066364
  0.835005
 -0.207783
  -1.05208
 0.0470145
  0.253476
-0.0660561
  0.814038
 -0.202097
  -1.04826
 0.0475102
  0.254473
-0.0663956
  0.797362
  -0.20788
  -1.05674
 0.0468678
  0.256283
-0.0666979
  0.790813
 -0.222654
  -1.05895
 0.0456086
  0.256937
-0.0672215
   0.78955
 -0.239086
  -1.08155
 0.0438258
  0.258678
-0.0679932
  0.788604
 -0.248623
  -1.10844
 0.0425881
  0.260678
-0.0681301
  0.790636
 -0.263582
  -1.11419
 0.0413494
  0.261037
-0.0685056
  0.793514
 -0.269455
  -1.12293
 0.0406865
  0.261418
-0.0683537
  0.797565
 -0.266684
  -1.11251
 0.0410405
  0.260319
-0.0679493
  0.794262
 -0.254119
  -1.09956
   0.04223
  0.259448
-0.0674521
  0.794979
 -0.241579
  -1.07298
  0.043527
  0.257265
-0.0668572
  0.791902
 -0.225533
  -1.05374
  0.045024
  0.255969
-0.0663966
  0.790524
 -0.213332
  -1.02632
  0.046331
  0.253882
-0.0660328
  0.791546
  -0.20246
  -1.02722
 0.0469655
  0.253758
-0.0656506
  0.800148
 -0.202784
    -1.028
 0.0468174
  0.253275
-0.0656299
 0.808887
-0.211243
 -1.03894
0.0458691
 0.253595
-0.066065
  0.824838
 -0.221244
  -1.06064
 0.0447183
   0.25413
-0.0663796
  0.839671
 -0.234934
   -1.0797
 0.0432924
  0.254603
-0.0667241
  0.851217
 -0.249214
  -1.08925
 0.0419356
  0.254458
-0.0671806
  0.853281
 -0.260927
  -1.09543
 0.0409927
  0.254797
-0.0678447
  0.845569
 -0.266167
  -1.09887
  0.040553
  0.255475
-0.0682291
  0.824424
 -0.263753
   -1.0886
 0.0408728
   0.25607
-0.0684655
   0.80101
 -0.252826
  -1.07949
 0.0418958
  0.256765
-0.0681025
  0.768792
 -0.237391
   -1.0644
 0.0432515
  0.257709
-0.0677496
  0.738266
 -0.224317
  -1.05302
 0.0443646
  0.258725
-0.0677622
  0.715254
 -0.214749
  -1.04042
 0.0454121
  0.259366
-0.0675755
  0.705114
 -0.201111
  -1.03643
 0.0463889
  0.259725
-0.0669043
  0.709281
 -0.198991
  -1.03947
 0.0463406
   0.25994
-0.0662337
  0.725175
 -0.204154
  -1.05062
 0.0457196
  0.259811
-0.0657259
 0.755928
-0.214128
 -1.06101
 0.044715
 0.258727
 -0.06535
  0.795715
 -0.230662
  -1.07198
 0.0433267
  0.256926
-0.0653347
  0.831102
 -0.248246
  -1.07933
 0.0416861
  0.255281
-0.0654523
  0.863791
 -0.260298
  -1.09156
 0.0404861
   0.25386
-0.0656263
  0.884343
 -0.264716
  -1.09173
 0.0400964
  0.252474
-0.0655402
  0.890082
 -0.263379
  -1.08005
 0.0402755
   0.25117
-0.0655418
  0.882759
 -0.255135
   -1.0754
  0.040988
  0.251134
-0.0652929
 0.863419
-0.243045
 -1.07038
0.0419818
  0.25179
-0.065317
  0.833664
 -0.226593
  -1.05995
 0.0434361
  0.252885
-0.0650546
  0.805201
 -0.211956
  -1.04761
  0.044811
  0.253609
-0.0648224
  0.779686
 -0.202769
  -1.03627
 0.0456032
  0.254393
-0.0648801
  0.761922
 -0.201886
  -1.03961
 0.0455429
  0.255767
-0.0651037
  0.756765
  -0.20639
  -1.03923
 0.0451045
  0.255981
-0.0648852
  0.757064
 -0.217146
  -1.03987
 0.0441954
  0.255988
-0.0653164
  0.764674
 -0.229654
   -1.0518
 0.0429442
  0.256397
-0.0653106
  0.780971
 -0.243579
   -1.0639
 0.0415582
  0.256304
-0.0654526
  0.794441
 -0.253189
  -1.07308
 0.0406773
  0.256086
-0.0656881
  0.804153
 -0.258592
  -1.06899
 0.0402743
  0.255153
-0.0657157
  0.808627
 -0.257062
  -1.07964
 0.0401289
  0.255601
-0.0656222
  0.809406
 -0.250703
  -1.07647
 0.0405719
  0.255364
-0.0654711
  0.806153
 -0.236572
   -1.0719
  0.041679
  0.255067
-0.0650807
  0.796106
 -0.224568
  -1.04962
 0.0429412
    0.2541
-0.0650635
    0.7892
 -0.211123
  -1.04005
 0.0441033
  0.253818
-0.0649325
  0.782951
 -0.201553
  -1.02792
  0.044885
  0.253235
-0.0651166
  0.780904
 -0.203255
  -1.01107
 0.0451688
  0.252143
-0.0653106
   0.78049
 -0.208015
  -1.01898
 0.0446499
  0.252601
-0.0653244
  0.784542
 -0.219014
  -1.02277
 0.0437901
  0.252781
-0.0658794
  0.793211
 -0.234058
  -1.03802
 0.0423256
  0.253455
-0.0662629
