 0.132933
-0.913907
-0.605334
 0.175743
-0.445977
  -1.3284
 0.132159
-0.919774
-0.634242
 0.184442
-0.442856
 -1.32961
 0.145325
-0.905809
 -0.59737
  0.17234
-0.457088
 -1.31007
 0.142705
-0.911775
-0.634297
 0.190522
-0.445106
 -1.31559
 0.153377
-0.912653
-0.613067
 0.183779
-0.450475
  -1.3205
 0.141986
-0.917009
-0.613008
 0.184662
 -0.45857
 -1.32548
  0.14639
-0.909735
-0.626447
  0.18914
-0.446491
 -1.31086
 0.153696
-0.914581
-0.614321
 0.173644
-0.444671
 -1.33533
 0.145361
-0.906128
-0.616433
 0.178341
-0.450284
 -1.31174
 0.157542
-0.904889
 -0.62774
 0.182769
-0.439512
 -1.31468
 0.143697
-0.924787
-0.619194
 0.178056
-0.448227
 -1.31559
 0.140229
-0.917013
-0.608857
  0.19064
-0.448632
 -1.33506
 0.141881
-0.909041
-0.642139
 0.187187
-0.442152
 -1.31389
 0.146779
-0.919348
-0.622951
 0.186882
-0.437795
 -1.32048
 0.140107
-0.909832
-0.613956
 0.178157
-0.443024
 -1.30407
 0.122601
-0.932113
-0.628126
 0.179089
-0.454912
  -1.3295
 0.126243
-0.904743
-0.640201
 0.182176
 -0.43832
 -1.32172
 0.109799
-0.903866
-0.610171
  0.18536
-0.447165
 -1.32071
 0.108213
-0.933859
-0.653745
 0.185629
-0.454246
 -1.32726
0.0966435
-0.910772
-0.613222
 0.176172
-0.449315
 -1.32439
0.0744104
-0.929582
-0.612837
 0.177796
-0.441986
 -1.33315
0.0964178
-0.917859
-0.620062
 0.181229
-0.446155
 -1.33893
 0.130213
-0.905475
-0.646664
 0.177168
-0.441319
 -1.31295
 0.114708
-0.948224
-0.598918
 0.188991
-0.445971
 -1.33583
 0.120291
-0.938018
-0.620492
 0.189569
-0.446376
 -1.33515
 0.102691
-0.925502
-0.617623
 0.184406
-0.447273
 -1.33652
 0.112187
-0.921875
-0.611883
 0.180778
-0.439429
 -1.31828
0.0954755
-0.937896
 -0.61489
 0.187808
-0.453521
 -1.32543
0.0907317
-0.937029
-0.636095
 0.181857
-0.455565
 -1.32781
0.0891053
-0.927498
-0.610172
 0.189672
 -0.43882
 -1.34133
0.0725743
-0.929092
-0.622119
 0.184881
-0.444723
 -1.33007
0.0970619
-0.961475
 -0.61406
 0.183314
-0.452173
 -1.32078
0.0799042
-0.910343
-0.631128
 0.174998
-0.450612
 -1.30321
0.0920077
-0.924808
-0.635242
 0.187659
 -0.43928
   -1.307
0.0676618
-0.951692
-0.611292
 0.179347
-0.440783
 -1.32938
0.0529671
-0.936016
-0.632766
 0.176924
-0.450392
 -1.31879
0.0507078
-0.924693
 -0.60309
 0.183892
-0.447477
 -1.31499
0.0452825
-0.929065
-0.622152
 0.178284
-0.439832
 -1.32938
0.0331724
  -0.9314
-0.636273
 0.185074
-0.463491
 -1.31817
0.0522006
-0.957271
-0.627808
 0.182153
-0.442783
 -1.32915
0.0171754
-0.965598
-0.606326
 0.181448
 -0.44957
 -1.32749
 0.040432
-0.951128
-0.622315
 0.180519
 -0.44065
 -1.32066
0.0306547
 -0.94693
-0.667249
 0.183288
-0.440392
 -1.33336
-0.011873
-0.991698
-0.627875
 0.181531
-0.449468
 -1.33954
-0.0106047
 -0.954066
 -0.610945
  0.181639
 -0.451745
   -1.3116
-0.0319347
 -0.942633
 -0.610587
  0.184057
 -0.448827
  -1.32903
-0.0260386
 -0.975231
 -0.603754
  0.187489
 -0.463152
  -1.32645
-0.032267
-0.942292
-0.613922
  0.17927
-0.452515
 -1.33082
-0.0224738
 -0.973982
 -0.631815
  0.192083
 -0.462034
  -1.33396
-0.0432504
 -0.948469
 -0.612411
  0.180251
 -0.460765
  -1.32299
-0.033826
-0.986003
-0.606703
 0.184432
-0.460545
 -1.32363
-0.0266566
 -0.957783
 -0.653321
  0.183584
  -0.44157
  -1.31859
-0.0569878
 -0.992469
 -0.603456
  0.183747
 -0.467041
  -1.33986
-0.0556226
   -1.0071
 -0.619444
   0.18848
 -0.466177
   -1.3254
-0.068581
-0.938185
 -0.63878
 0.184434
-0.454775
 -1.33461
-0.0486039
  -1.01045
 -0.623802
  0.184652
 -0.440161
  -1.32395
-0.0636244
 -0.940196
 -0.615162
  0.190086
 -0.457489
  -1.32138
-0.0700459
 -0.966461
 -0.630993
  0.183085
 -0.466913
  -1.33161
-0.0889228
  -1.00654
 -0.604129
  0.180926
 -0.469703
  -1.33801
-0.068638
-0.971919
-0.633857
 0.183005
-0.448196
 -1.31194
-0.0771709
  -1.00475
 -0.640859
  0.183125
 -0.446869
    -1.335
-0.0854224
  -1.00559
 -0.640665
  0.179927
 -0.460743
  -1.32028
-0.113056
-0.956164
-0.579332
 0.193065
-0.473538
 -1.33582
-0.105911
 -0.98824
-0.613836
  0.17645
-0.454922
 -1.33898
-0.0928748
 -0.979287
 -0.587373
  0.196392
 -0.453281
  -1.32647
-0.101417
-0.990125
-0.618224
 0.179403
-0.461265
 -1.33768
-0.115521
 -1.00039
-0.622111
 0.174624
-0.450303
 -1.32491
-0.129824
-0.967725
-0.641133
 0.183766
 -0.46077
  -1.3226
-0.130744
 -1.00452
-0.614569
 0.185866
 -0.45453
 -1.33905
-0.112283
 -0.96276
-0.634462
 0.185032
-0.451336
 -1.31616
-0.118482
 -1.03012
-0.620183
  0.18376
-0.462985
 -1.33576
-0.125484
-0.965626
-0.593731
 0.182737
-0.446049
 -1.34584
-0.122121
 -0.99118
-0.638116
 0.178108
-0.461526
 -1.33221
-0.101608
 -1.00581
 -0.63969
 0.189011
-0.437578
 -1.31931
-0.146894
 -0.99025
-0.614626
 0.184941
-0.471904
 -1.32964
-0.134906
  -1.0139
-0.615828
 0.182796
-0.458015
 -1.32188
-0.148569
-0.982011
-0.616085
 0.198699
-0.464365
 -1.33256
-0.145429
  -1.0402
-0.663033
 0.188568
-0.451939
 -1.33956
-0.151983
-0.976848
-0.617392
 0.193087
-0.458834
  -1.3367
-0.152182
 -1.05183
-0.587785
 0.187251
-0.470994
 -1.33159
-0.193332
-0.993027
-0.576756
 0.186092
-0.465786
 -1.34359
-0.176112
-0.990091
-0.623195
 0.185474
-0.470286
 -1.31643
 -0.17514
  -1.0348
-0.598554
 0.186204
-0.475258
 -1.33399
-0.183772
 -1.02497
-0.628358
 0.193298
-0.459715
 -1.34575
-0.173903
-0.990076
-0.624878
 0.184365
-0.460824
 -1.33768
 -0.20483
 -1.01784
-0.650621
     0.18
 -0.44802
 -1.33232
-0.205341
-0.989166
 -0.62357
 0.184855
-0.465282
 -1.32204
-0.190232
 -1.05093
-0.631699
 0.186684
-0.466058
 -1.33389
-0.209247
-0.999475
-0.656025
 0.189551
 -0.46858
 -1.34062
-0.196193
 -1.02679
-0.622023
 0.182529
-0.455938
 -1.30907
-0.211277
 -1.01544
-0.599207
 0.180884
-0.469045
 -1.32564
-0.250116
 -1.00002
-0.616804
 0.194285
-0.465497
 -1.33362
-0.250987
 -1.01362
-0.601463
 0.187293
-0.472603
 -1.32428
-0.251736
 -1.06995
-0.596914
 0.188774
-0.476665
 -1.30928
-0.244553
 -1.01651
-0.630063
 0.185737
-0.474951
 -1.32001
-0.254374
 -1.03381
 -0.61208
 0.190137
-0.459949
 -1.34444
-0.266605
 -1.01729
-0.586523
 0.186244
-0.462967
 -1.32276
-0.265826
 -1.03891
-0.624772
 0.190932
-0.465029
 -1.32383
-0.264005
 -1.06695
-0.687301
 0.183869
 -0.45792
 -1.33158
-0.268789
 -1.03639
 -0.62083
  0.18582
-0.473503
 -1.30823
-0.323141
  -1.0666
-0.621842
 0.194707
-0.463001
 -1.33926
-0.340229
 -1.01312
-0.594519
 0.188575
-0.475043
 -1.32708
-0.314234
 -1.08699
 -0.62851
 0.192897
-0.471662
 -1.31712
-0.345932
  -1.0583
 -0.60857
  0.19101
-0.476129
 -1.32841
-0.359338
 -1.05271
-0.591195
 0.200938
-0.483064
  -1.3387
-0.388695
 -1.07725
-0.597108
 0.188658
-0.452442
 -1.33835
-0.350279
 -1.05868
-0.630008
  0.19354
 -0.48403
 -1.33595
 -0.34951
  -1.1043
-0.627185
 0.190274
-0.470152
 -1.33051
-0.391905
 -1.05657
-0.598934
 0.192928
-0.486686
 -1.33623
-0.425641
 -1.07177
-0.612942
  0.19355
-0.483237
 -1.33185
-0.423578
 -1.08149
-0.623718
 0.190884
-0.494494
 -1.33563
-0.419078
  -1.1004
-0.642074
 0.187873
-0.468856
 -1.33577
-0.476164
  -1.0958
-0.627395
  0.18675
-0.476639
 -1.31365
-0.487629
  -1.0717
-0.579469
  0.18476
-0.474272
 -1.32893
-0.494625
 -1.12216
-0.633392
 0.184313
-0.469651
 -1.32596
-0.513763
 -1.10364
-0.638483
 0.191516
-0.496517
 -1.32751
-0.539672
 -1.13032
-0.597582
 0.198766
-0.486952
 -1.33033
-0.552112
 -1.10561
-0.615071
 0.201286
-0.483148
  -1.3279
-0.549566
 -1.14253
-0.615773
 0.190548
-0.479436
 -1.32485
 -0.56243
 -1.16612
-0.607174
 0.188835
-0.483344
 -1.33007
-0.595318
 -1.12361
-0.588717
 0.194698
-0.484218
 -1.33253
-0.627922
 -1.16855
-0.578321
 0.188972
-0.481014
 -1.33664
-0.639724
  -1.1638
-0.630187
 0.201007
-0.476487
 -1.35097
-0.672055
 -1.16062
-0.628526
 0.188149
-0.484715
 -1.33383
-0.705085
 -1.17439
-0.560987
 0.195956
-0.491297
 -1.32602
-0.749346
 -1.19901
-0.607171
 0.196071
 -0.49262
 -1.33426
-0.751999
 -1.19789
-0.625002
 0.188569
-0.483005
 -1.33278
-0.754014
 -1.19675
-0.603832
 0.193533
-0.493812
   -1.335
-0.825668
 -1.19948
-0.582417
 0.192183
-0.499867
 -1.32411
-0.869181
 -1.27596
-0.596567
 0.191289
 -0.48175
 -1.32245
-0.861348
 -1.24122
-0.616711
 0.194572
-0.494173
 -1.31937
-0.919024
 -1.24868
-0.575527
 0.200265
-0.504434
 -1.32941
-0.919662
 -1.26362
-0.603748
 0.209094
-0.489672
 -1.31239
-0.975327
 -1.28485
-0.632052
 0.191066
-0.499202
 -1.31833
 -1.04121
  -1.3339
-0.576001
 0.203164
-0.517357
 -1.32667
 -1.09973
 -1.27173
-0.559255
 0.206007
-0.520442
 -1.31909
 -1.13763
 -1.34073
-0.614603
 0.199168
-0.514682
 -1.30958
 -1.17734
 -1.36248
-0.585022
 0.208983
-0.523592
 -1.30719
 -1.24104
 -1.34577
-0.532094
  0.20278
 -0.52684
 -1.29699
 -1.28932
 -1.37219
-0.595464
 0.200044
-0.514269
 -1.28674
 -1.37805
 -1.44063
-0.577756
 0.203047
-0.528653
 -1.29486
 -1.45985
 -1.43489
-0.571585
 0.216506
  -0.5172
 -1.28571
 -1.49753
 -1.42441
-0.539462
 0.210038
-0.526159
  -1.2847
 -1.63368
  -1.5318
-0.586073
 0.203845
-0.529998
 -1.28618
 -1.76065
 -1.55387
-0.595265
 0.223007
-0.522196
 -1.26517
 -1.85521
 -1.55674
-0.546872
 0.211171
-0.539035
 -1.25277
 -1.98488
 -1.65313
-0.542112
 0.208563
-0.530794
 -1.28071
 -2.08183
 -1.66527
-0.563913
 0.206445
-0.537158
 -1.26435
 -2.08622
 -1.67279
 -0.56111
 0.206133
-0.530176
 -1.26307
 -2.14429
 -1.68932
-0.557707
 0.203918
-0.533869
 -1.30054
 -2.15739
 -1.70342
  -0.5594
 0.213016
-0.544444
 -1.28004
 -2.15429
 -1.67196
-0.520426
 0.210102
-0.539204
 -1.29098
 -2.18192
 -1.65485
-0.580122
 0.213432
-0.536931
 -1.28115
  -2.3033
 -1.74131
-0.538522
 0.214267
-0.546946
 -1.28614
  -2.4296
 -1.74098
-0.508907
 0.203856
-0.547727
 -1.30474
 -2.37744
  -1.7185
-0.536841
 0.212595
-0.562751
 -1.29139
 -2.34039
 -1.73634
-0.579349
 0.215524
-0.550309
 -1.28843
 -2.45741
 -1.78351
-0.564353
 0.207855
-0.553636
 -1.28812
 -2.49352
 -1.74384
-0.528055
 0.215228
-0.574379
 -1.31008
 -2.52967
 -1.76524
 -0.53585
 0.229022
-0.572716
 -1.29487
 -2.67998
   -1.873
-0.540658
 0.221798
-0.583072
 -1.30831
 -2.70828
 -1.82084
-0.602084
 0.215948
-0.590272
 -1.28376
 -2.87032
 -1.88327
-0.537796
 0.225525
-0.605535
 -1.28293
 -3.03141
 -1.95983
-0.500491
 0.238923
-0.627283
 -1.27794
 -3.09104
 -1.92962
-0.530803
 0.236834
-0.632911
 -1.28022
 -2.89793
 -1.87209
-0.548549
 0.245805
-0.619719
 -1.25957
 -3.03708
 -1.97666
 -0.60131
 0.244618
-0.667058
 -1.29868
 -2.96907
 -1.90405
-0.550568
 0.249297
-0.666445
 -1.29873
 -3.03053
 -1.91456
-0.520974
 0.247718
-0.662115
 -1.27998
 -3.13491
 -1.95676
-0.577316
 0.239959
-0.658563
 -1.30729
 -3.20656
 -1.96937
-0.611634
 0.253171
-0.659417
 -1.30956
 -3.21981
 -1.97329
-0.575608
 0.251355
 -0.66719
 -1.32064
 -3.39248
 -2.00467
-0.555026
 0.241487
  -0.6847
 -1.31324
 -3.46167
 -2.06082
-0.566186
 0.244535
-0.687034
 -1.33297
 -3.47647
 -2.01799
-0.581804
 0.248579
-0.695146
 -1.32147
 -3.33425
  -1.9887
-0.598922
 0.258866
-0.689127
 -1.36748
 -3.52154
 -2.05471
-0.592888
 0.241045
-0.682755
 -1.37241
 -3.58023
 -2.03966
-0.570236
 0.256445
-0.672031
 -1.38546
 -3.71793
 -2.06458
-0.594191
 0.245746
  -0.6918
 -1.37626
 -3.79403
 -2.09843
-0.548527
 0.252184
-0.702941
 -1.38291
 -3.79235
  -2.0972
-0.578101
 0.260791
-0.705443
 -1.39009
 -3.92417
  -2.1038
-0.612159
 0.251781
-0.726723
 -1.40002
 -4.02598
  -2.1495
 -0.56066
 0.268377
-0.724263
 -1.40085
 -4.07441
 -2.18323
-0.577915
 0.255977
-0.729201
 -1.38009
 -4.12575
 -2.19258
-0.589101
 0.271584
-0.756833
  -1.4182
 -4.18586
  -2.1865
 -0.61987
 0.260421
-0.742458
 -1.40688
 -4.31042
 -2.25854
-0.559437
  0.27002
-0.756325
 -1.41712
  -4.3563
 -2.25209
-0.613529
 0.263397
-0.765439
 -1.43747
 -4.40743
  -2.2636
-0.637437
 0.276891
-0.765045
 -1.42859
  -4.4358
 -2.27089
 -0.56274
 0.278853
-0.773492
 -1.44404
 -4.52256
 -2.25583
-0.556462
 0.276006
-0.788001
 -1.42457
 -4.60437
 -2.28979
-0.634053
 0.277454
-0.786983
 -1.42627
 -4.69794
 -2.35636
 -0.61964
  0.27417
-0.804497
 -1.44174
 -4.78752
 -2.30838
-0.541395
 0.269215
-0.814032
 -1.43807
 -4.81941
 -2.34242
-0.634572
 0.285418
-0.830232
 -1.46515
 -4.86971
 -2.36546
-0.633799
  0.28713
-0.825161
 -1.45433
 -4.93636
   -2.371
-0.616568
 0.297372
-0.828269
 -1.47506
 -5.03478
 -2.43387
-0.575744
  0.29102
-0.841795
 -1.48339
  -5.0191
 -2.44364
-0.654637
 0.283962
-0.851336
 -1.48284
 -5.08936
 -2.38587
-0.664392
 0.277654
-0.847862
 -1.48151
 -5.21597
  -2.4551
-0.569223
 0.300312
-0.877384
  -1.4941
 -5.25062
 -2.47108
-0.676073
 0.298928
-0.861628
 -1.50838
 -5.27204
 -2.42558
-0.662217
 0.302421
-0.876007
 -1.48706
 -5.33013
 -2.50841
 -0.62489
 0.305583
-0.885645
 -1.50683
 -5.36658
 -2.49715
-0.647086
 0.301013
-0.889748
 -1.49148
 -5.49011
 -2.54446
-0.658085
 0.295338
 -0.90817
 -1.48632
 -5.53891
 -2.43342
-0.726415
  0.28972
-0.916153
   -1.491
  -5.6277
 -2.59832
-0.631108
 0.309949
-0.931862
 -1.50955
 -5.62691
 -2.52672
-0.674887
 0.319977
-0.952053
 -1.51436
 -5.68549
 -2.54174
-0.662812
 0.317068
-0.958781
 -1.51496
 -5.72946
 -2.60675
-0.619212
  0.31082
-0.962016
 -1.52651
 -5.77754
 -2.57418
-0.682387
 0.312752
 -0.95834
 -1.52275
 -5.86508
 -2.57985
-0.666008
 0.317344
-0.979574
 -1.50618
 -5.86446
 -2.63156
-0.645718
 0.323244
-0.982794
 -1.54282
 -5.98694
  -2.5828
-0.688332
 0.321193
 -1.00929
 -1.52976
 -5.99645
  -2.6617
-0.683462
 0.332092
 -1.01687
 -1.55155
  -6.0258
 -2.63382
-0.695346
 0.339301
 -1.00184
 -1.56041
 -6.02667
 -2.62183
-0.673175
  0.32958
 -1.00632
  -1.5627
 -6.10241
 -2.68697
-0.723034
 0.337754
  -1.0178
 -1.57865
-6.19502
-2.66389
-0.70885
0.332095
-1.03301
-1.57785
 -6.23426
 -2.65795
-0.733592
 0.330331
 -1.02586
 -1.57614
 -6.24603
 -2.64373
-0.736819
 0.329071
 -1.03143
 -1.59073
 -6.24576
 -2.71384
-0.737223
 0.324149
  -1.0276
 -1.59383
-6.31927
-2.67271
-0.68856
 0.34151
-1.06809
-1.59718
 -6.35262
 -2.69227
-0.750925
 0.341162
  -1.0614
 -1.59887
  -6.4554
 -2.73595
-0.727506
 0.341306
 -1.05876
 -1.62924
 -6.42179
 -2.70245
-0.698301
 0.343715
 -1.07104
 -1.63252
 -6.45933
 -2.66141
-0.728286
 0.338373
 -1.07712
 -1.61387
 -6.53137
 -2.78378
-0.769332
 0.344022
 -1.07356
 -1.64651
 -6.50154
 -2.71455
-0.688188
 0.351468
 -1.08824
 -1.62414
 -6.55369
 -2.70767
-0.727242
 0.350723
 -1.11142
 -1.64409
-6.52752
-2.73795
-0.74862
0.360065
-1.10123
-1.64449
 -6.59063
  -2.7177
-0.766275
 0.358548
  -1.0919
 -1.63148
 -6.67785
  -2.7424
-0.743501
 0.346638
 -1.10745
 -1.67007
 -6.65632
 -2.73684
-0.747707
 0.350777
 -1.11377
 -1.66742
 -6.70836
 -2.73912
-0.814458
 0.351962
  -1.1112
 -1.67238
  -6.6355
 -2.71804
-0.709255
  0.35717
 -1.12291
 -1.64931
 -6.68352
 -2.74535
-0.748616
 0.344854
 -1.12119
 -1.66137
 -6.74963
 -2.81347
-0.777178
  0.36203
 -1.13176
 -1.68812
 -6.70848
 -2.65962
-0.777788
 0.353688
 -1.12914
 -1.67159
 -6.73591
 -2.77909
-0.689923
 0.375201
 -1.13893
 -1.67632
 -6.73066
 -2.73002
-0.796835
 0.353999
 -1.10627
 -1.68365
 -6.70061
 -2.72402
-0.762564
 0.358878
 -1.12203
  -1.6904
 -6.71732
 -2.76465
-0.718223
 0.346279
 -1.11462
 -1.70811
 -6.72259
 -2.72304
-0.833556
 0.344401
 -1.10494
 -1.69802
  -6.7175
   -2.723
-0.800504
 0.356921
  -1.0957
 -1.70782
-6.75935
-2.72242
-0.78878
0.349029
-1.11877
-1.70467
 -6.79186
 -2.73082
-0.759796
 0.352559
 -1.11567
  -1.7319
 -6.75748
  -2.7129
-0.814178
 0.362623
 -1.12538
 -1.72195
 -6.69233
 -2.72439
-0.790517
 0.358558
 -1.10788
 -1.72533
 -6.65266
 -2.69267
-0.782231
 0.348736
 -1.12007
 -1.71078
 -6.73312
 -2.69381
-0.804064
 0.362578
 -1.13641
 -1.73432
  -6.7366
 -2.67843
-0.793143
 0.363328
 -1.13453
 -1.73677
 -6.66608
 -2.68071
-0.802025
 0.348737
 -1.12261
 -1.72521
  -6.7008
 -2.73156
-0.776249
 0.359727
 -1.14275
 -1.75906
-6.61985
-2.65064
-0.83046
0.353819
-1.13359
 -1.7167
 -6.59708
 -2.65748
-0.810062
 0.362294
 -1.14426
 -1.73226
 -6.59353
 -2.71426
-0.796474
 0.352885
 -1.14191
 -1.75772
  -6.5849
 -2.61553
-0.832757
 0.354956
 -1.15508
  -1.7465
 -6.57285
  -2.6295
-0.808729
 0.359617
 -1.15918
 -1.72785
 -6.55177
  -2.6797
-0.757501
 0.355335
 -1.16591
 -1.74026
-6.55745
-2.65102
-0.82677
0.357888
-1.16806
-1.74062
 -6.49833
 -2.59366
-0.781346
 0.356603
 -1.16948
 -1.73046
 -6.42357
 -2.55031
-0.781795
 0.369871
 -1.16865
 -1.73495
-6.36831
-2.64488
 -0.8395
0.358436
-1.14888
-1.75094
-6.35405
-2.61408
-0.76779
0.366242
 -1.1621
-1.75592
  -6.3177
 -2.51273
-0.846953
 0.356448
 -1.15341
 -1.72732
 -6.25052
  -2.5905
-0.815852
  0.35976
 -1.14094
 -1.74385
 -6.21484
 -2.53249
-0.814616
 0.361858
 -1.14293
 -1.73493
 -6.25773
  -2.5195
-0.833683
 0.358063
 -1.14538
  -1.7479
-6.18427
-2.53015
-0.80449
0.360766
-1.14338
  -1.736
 -6.13158
 -2.49326
-0.820664
   0.3459
 -1.12347
 -1.73404
-6.06142
-2.53589
-0.83296
0.348209
-1.12714
 -1.7386
 -6.05843
 -2.47719
-0.794631
 0.353871
  -1.1324
 -1.73447
 -6.01574
 -2.47532
-0.829399
 0.352297
 -1.11461
 -1.72391
 -5.99376
 -2.43588
-0.803682
 0.364162
 -1.11778
 -1.72785
 -5.91606
 -2.47403
-0.796682
 0.365372
 -1.11356
 -1.72586
-5.88305
-2.42573
-0.83167
0.339394
-1.09159
-1.74735
  -5.8604
 -2.43782
-0.766874
 0.356458
 -1.10576
 -1.73374
 -5.79694
 -2.37673
-0.806292
 0.358318
 -1.08899
 -1.73185
 -5.72232
 -2.41512
-0.849282
 0.341239
 -1.08753
 -1.76331
 -5.63983
 -2.40327
-0.809117
 0.328217
 -1.07032
 -1.74986
    -5.61
 -2.30427
-0.847669
 0.338856
 -1.04994
 -1.73351
 -5.61075
 -2.35768
-0.784923
 0.339118
 -1.05219
  -1.7617
 -5.49038
 -2.31001
-0.828918
 0.331652
 -1.04721
 -1.74467
-5.37477
-2.31616
-0.82333
0.334434
-1.04196
-1.74339
 -5.32442
 -2.24037
-0.797525
 0.335331
 -1.04911
 -1.73367
  -5.2226
 -2.20034
-0.817088
 0.330138
 -1.03291
 -1.73558
 -5.15705
 -2.26355
-0.774428
 0.338361
 -1.04812
 -1.74245
-5.05494
-2.19242
-0.83681
0.314119
  -1.012
-1.74202
 -4.96333
 -2.14008
-0.805258
 0.332155
 -1.03002
 -1.74306
-4.93997
-2.17683
  -0.801
  0.3306
-1.02076
-1.74271
-4.89123
-2.13158
 -0.8169
0.320318
-1.01829
-1.74247
 -4.80024
  -2.1638
-0.805377
 0.326222
 -1.00574
 -1.73249
 -4.73955
 -2.09826
-0.814693
 0.322446
 -1.00317
 -1.73854
 -4.66655
 -2.06575
-0.794897
 0.322514
 -1.00896
 -1.73037
 -4.58388
  -2.0826
-0.813907
 0.329565
 -1.00939
 -1.73302
 -4.53402
 -2.08964
-0.772734
 0.324555
 -0.99868
 -1.73348
  -4.4729
 -2.02951
-0.842872
 0.311171
-0.984326
  -1.7298
 -4.39019
 -1.95881
-0.811118
 0.315257
-0.980034
 -1.70599
 -4.36214
 -2.00425
-0.772561
 0.321891
-0.996169
 -1.71141
 -4.36443
 -1.97992
-0.806422
 0.314009
-0.983436
 -1.69596
 -4.29045
 -1.99357
-0.809961
 0.321947
-0.993453
 -1.71287
-4.22797
-1.95245
-0.81076
0.317061
-0.97614
 -1.7106
 -4.15625
 -1.94055
-0.809121
 0.322183
 -0.97038
   -1.693
 -4.07504
  -1.8822
-0.800033
 0.314203
 -0.96091
 -1.69679
 -3.99894
 -1.95669
-0.817422
 0.324741
-0.955946
 -1.70309
 -3.93166
 -1.88292
-0.776471
  0.31139
-0.950545
 -1.69988
 -3.85866
  -1.8704
-0.815272
 0.307999
-0.946201
  -1.6891
 -3.84466
 -1.85939
-0.822222
 0.316344
-0.946669
 -1.69426
  -3.7716
 -1.82556
-0.764607
 0.311832
-0.942835
 -1.65835
 -3.74991
 -1.84196
-0.845634
 0.311788
-0.947024
 -1.67539
 -3.67503
 -1.81496
-0.807544
 0.314615
-0.936624
 -1.67179
 -3.63476
 -1.79875
 -0.74315
 0.310208
-0.937279
 -1.67686
 -3.58195
 -1.78741
-0.764468
 0.306111
-0.934887
 -1.65851
 -3.50712
 -1.79071
-0.799764
 0.296816
-0.918535
 -1.65824
 -3.44985
 -1.75331
-0.800846
 0.299421
 -0.90706
 -1.64799
 -3.41711
 -1.79895
-0.727552
 0.295868
-0.904383
 -1.67747
 -3.38492
 -1.71545
-0.841685
 0.291604
-0.889734
  -1.6504
 -3.35197
 -1.71298
-0.816429
 0.292594
 -0.88793
 -1.64553
 -3.31437
 -1.73619
-0.755753
 0.299163
-0.890477
 -1.65497
 -3.25092
 -1.71883
 -0.79549
 0.283225
-0.874294
 -1.64844
 -3.17732
 -1.68222
-0.819761
 0.282018
-0.869797
 -1.64118
 -3.13374
 -1.67969
-0.794493
 0.294436
-0.858829
 -1.65379
 -3.09836
 -1.69653
-0.774178
  0.29068
-0.860443
 -1.65779
 -3.08354
 -1.64001
-0.789077
 0.278775
-0.859273
 -1.63925
 -3.00352
 -1.64339
 -0.77784
 0.292175
-0.852914
 -1.62597
 -2.97926
 -1.65028
-0.795321
 0.288298
-0.838141
 -1.63373
 -2.93089
 -1.61864
-0.770435
 0.281397
-0.836394
 -1.62605
 -2.86965
 -1.64969
 -0.78688
 0.284982
-0.826331
 -1.62655
  -2.8352
 -1.60292
-0.785694
 0.283411
-0.823787
 -1.62728
 -2.80116
 -1.59012
-0.811939
 0.288187
  -0.8264
 -1.63285
 -2.76759
 -1.57965
-0.729562
 0.286672
-0.827821
 -1.62489
 -2.75149
 -1.60854
 -0.80026
 0.270942
-0.820293
 -1.60676
 -2.68737
 -1.56303
-0.777604
 0.280689
-0.818385
 -1.61507
 -2.68467
 -1.55622
-0.752077
 0.278947
-0.820979
 -1.61805
  -2.6409
  -1.5406
-0.776042
  0.28599
-0.816945
 -1.61707
 -2.62893
 -1.57484
-0.784239
 0.272288
-0.807289
  -1.6044
 -2.59753
 -1.56559
-0.748037
 0.271922
-0.807844
 -1.61268
   -2.579
 -1.51724
-0.804988
 0.270796
-0.806299
 -1.60755
 -2.5467
-1.51131
-0.76366
0.277846
-0.80248
 -1.5927
 -2.54193
  -1.5172
-0.804313
 0.266344
-0.798707
 -1.59835
 -2.53541
 -1.54019
-0.738949
 0.276194
-0.811012
 -1.59461
 -2.51701
 -1.53104
-0.730441
 0.267115
-0.812442
 -1.60214
 -2.44955
 -1.50235
-0.760079
 0.278966
-0.807199
 -1.59297
 -2.44774
 -1.54342
-0.748957
  0.27229
-0.797956
 -1.60635
 -2.43154
 -1.47467
-0.766702
 0.267607
-0.792031
 -1.60049
 -2.41272
 -1.51745
-0.741455
 0.269994
-0.799688
 -1.58949
 -2.37916
 -1.47738
-0.775965
 0.275486
-0.782631
 -1.58711
 -2.37923
  -1.4676
-0.759833
 0.272509
-0.778209
 -1.58827
-2.36816
-1.47033
-0.74711
0.275552
-0.79214
-1.56587
 -2.35127
   -1.472
-0.756275
 0.273248
-0.789894
 -1.58425
 -2.29195
 -1.48952
-0.813276
 0.261026
-0.762655
 -1.57435
 -2.30791
 -1.48812
-0.750333
 0.272861
-0.782728
 -1.60436
 -2.28064
  -1.4985
-0.752183
 0.269566
-0.776781
 -1.58763
 -2.27728
 -1.41694
-0.738274
 0.278819
-0.778279
 -1.58517
 -2.23508
 -1.45691
-0.753975
 0.267973
-0.776938
 -1.57355
 -2.23191
 -1.47951
-0.779086
 0.265896
-0.765711
 -1.58579
 -2.20283
 -1.47879
-0.752152
  0.26593
-0.771246
 -1.56957
 -2.18157
 -1.42275
-0.785174
 0.261108
-0.751685
 -1.56539
 -2.18717
 -1.45777
-0.760101
  0.26605
-0.767418
 -1.58658
 -2.16985
 -1.41782
-0.747824
 0.263254
-0.765851
   -1.573
 -2.13189
 -1.44784
-0.772054
 0.259771
-0.752709
 -1.57217
 -2.10544
 -1.43728
 -0.76208
 0.260487
-0.754761
 -1.57084
 -2.11178
 -1.42702
-0.742381
 0.269632
-0.765534
  -1.5753
 -2.13053
 -1.40319
-0.760359
 0.257852
-0.760217
 -1.55188
 -2.10847
 -1.43249
-0.747394
 0.268819
-0.760839
 -1.55287
 -2.09504
 -1.42673
-0.715306
 0.267684
-0.767771
 -1.56015
 -2.08161
 -1.40901
-0.769082
 0.254671
-0.757266
 -1.55763
 -2.08591
 -1.43967
-0.748187
 0.272181
-0.753834
 -1.55893
 -2.07717
 -1.44234
-0.734733
 0.256392
-0.766557
 -1.55236
 -2.05254
 -1.38883
-0.744582
 0.264862
-0.745465
 -1.54885
 -2.04169
 -1.42587
-0.756438
 0.268099
-0.751682
 -1.54585
 -2.07376
 -1.41381
-0.748977
 0.255722
-0.745646
 -1.54172
 -2.06501
 -1.42412
-0.743373
 0.254145
-0.752497
 -1.55466
 -2.06777
 -1.40131
-0.706608
 0.264727
-0.759927
 -1.56619
  -2.0198
 -1.38103
-0.778145
  0.26012
-0.739013
 -1.55467
 -2.05234
  -1.4172
-0.752338
 0.256358
-0.746069
 -1.55975
 -2.03657
 -1.42104
-0.740148
 0.258292
-0.733362
 -1.55774
 -2.04836
 -1.41361
-0.728676
 0.267395
-0.752436
 -1.56441
 -2.03872
 -1.39382
-0.746455
 0.264583
-0.739534
 -1.56054
 -2.00981
 -1.39474
-0.772842
 0.264125
-0.731178
 -1.54479
   -2.004
  -1.4269
-0.764237
 0.258122
 -0.72497
 -1.55653
 -1.99206
  -1.4152
-0.754147
 0.256738
-0.721883
 -1.57382
 -1.96202
   -1.385
-0.752839
 0.260863
-0.730385
 -1.56302
 -1.95135
 -1.38778
-0.754859
 0.246306
-0.729939
 -1.56089
 -1.96125
 -1.39619
-0.729203
 0.254682
-0.736305
 -1.56259
  -1.9611
 -1.37872
-0.707537
 0.254177
-0.736833
 -1.55571
 -1.97313
 -1.39035
-0.753312
 0.258557
-0.731619
 -1.58712
 -1.97249
 -1.40346
-0.764301
 0.250953
-0.727808
  -1.5584
  -1.9699
 -1.39471
-0.738042
  0.26341
-0.735426
 -1.56041
 -1.98171
 -1.38927
-0.743613
   0.2625
 -0.73591
 -1.55613
  -1.9814
 -1.38172
-0.742911
 0.262628
-0.731479
 -1.56659
 -1.97568
 -1.40744
-0.746058
 0.249026
-0.739825
 -1.56044
 -1.96651
 -1.37582
-0.751722
 0.261184
-0.732824
 -1.56508
 -1.95926
 -1.40541
-0.737184
 0.261032
-0.734512
 -1.56898
 -1.97669
 -1.37638
-0.729962
 0.258581
-0.730328
  -1.5562
  -1.9885
 -1.38653
-0.711628
 0.266662
-0.746225
 -1.54859
 -1.98598
 -1.38141
-0.742157
 0.260197
-0.734697
 -1.56133
 -1.94114
 -1.39698
-0.748661
 0.256345
-0.739961
 -1.54337
 -1.96572
 -1.39826
-0.760076
 0.256392
-0.731201
 -1.56136
-1.96165
-1.39725
-0.75012
0.255986
-0.72538
-1.56211
 -1.94864
 -1.39082
-0.751286
 0.262514
 -0.72981
 -1.55353
 -1.92755
 -1.37559
-0.744932
 0.251075
-0.715627
 -1.54742
 -1.95351
 -1.38642
-0.735047
 0.264617
 -0.72862
 -1.56786
 -1.96396
 -1.38804
-0.738891
 0.251317
-0.736105
 -1.54624
  -1.9433
  -1.3945
-0.725616
 0.266878
-0.750869
 -1.55878
 -1.96127
 -1.38908
-0.731609
  0.26063
-0.740882
 -1.57021
  -1.9493
 -1.39624
-0.736628
 0.258218
 -0.73112
 -1.55441
 -1.93575
 -1.38442
-0.727721
 0.250892
-0.738505
 -1.53925
   -1.943
 -1.36983
-0.734598
 0.266085
 -0.73591
 -1.56803
 -1.93342
 -1.37663
-0.746243
 0.256759
 -0.72588
 -1.54913
 -1.93852
 -1.37195
-0.749811
 0.264416
-0.721001
 -1.54407
 -1.96012
 -1.38616
-0.750744
 0.254119
-0.723329
 -1.56177
 -1.94774
 -1.37818
-0.755178
 0.254218
-0.735729
 -1.54738
 -1.92776
 -1.37443
-0.747321
  0.25335
-0.717581
 -1.53529
 -1.95188
 -1.38544
-0.744097
 0.261676
-0.743521
  -1.5575
 -1.94375
 -1.38515
-0.742897
 0.254348
 -0.73213
 -1.55419
 -1.93987
 -1.38328
-0.737273
 0.262759
-0.737976
 -1.54471
 -1.95803
 -1.39374
-0.733929
 0.259811
-0.742143
 -1.56354
 -1.94993
 -1.38437
-0.735313
 0.260224
-0.738859
 -1.56016
 -1.94519
 -1.38762
-0.744119
 0.254622
-0.733002
 -1.56196
 -1.93849
 -1.38047
-0.729446
 0.258129
-0.737495
 -1.53941
 -1.95684
 -1.39069
-0.733897
 0.253146
-0.738303
  -1.5578
 -1.94674
 -1.38106
-0.741804
 0.256646
-0.729254
 -1.54293
   -1.948
 -1.38518
-0.749591
 0.250911
-0.728281
 -1.55119
 -1.92804
 -1.37252
-0.746578
 0.258533
-0.721072
 -1.54118
 -1.95678
 -1.39086
-0.750796
 0.259384
-0.732533
  -1.5595
 -1.93579
 -1.37499
-0.741063
 0.253777
-0.730719
 -1.55055
 -1.95665
 -1.38251
-0.746757
 0.258529
-0.729915
  -1.5651
 -1.92936
 -1.37466
-0.739019
 0.265534
-0.732936
  -1.5535
 -1.94592
 -1.39258
-0.732939
 0.253687
-0.735918
  -1.5647
 -1.92692
 -1.37644
-0.736506
 0.260753
-0.725387
 -1.54354
 -1.95766
 -1.39472
-0.731755
 0.260856
-0.734648
 -1.55986
 -1.92541
 -1.37384
 -0.73109
 0.261842
-0.730741
  -1.5472
 -1.93452
 -1.38852
-0.747731
  0.25709
 -0.73206
 -1.57038
 -1.95724
 -1.38772
-0.739849
 0.267153
-0.736166
 -1.55846
  -1.9462
 -1.38313
-0.745384
 0.256377
-0.727802
 -1.55301
 -1.94867
 -1.38116
 -0.74555
 0.260414
-0.732399
 -1.55622
 -1.95519
 -1.38774
 -0.74115
 0.261129
-0.723746
 -1.56824
   -1.949
 -1.38024
-0.747809
 0.260391
-0.743593
 -1.55754
 -1.93766
 -1.37594
-0.742244
  0.24757
 -0.71683
 -1.55349
 -1.92038
 -1.36967
-0.741197
 0.257194
-0.722805
 -1.54329
  -1.9241
 -1.37189
-0.738843
 0.252733
-0.727746
 -1.54384
 -1.94814
 -1.38424
-0.741939
 0.251262
-0.736171
 -1.55319
 -1.95004
 -1.38448
-0.740076
  0.24896
-0.727476
 -1.57181
 -1.92901
 -1.37678
 -0.74441
  0.26006
-0.727235
 -1.54756
 -1.94045
 -1.38216
-0.737311
 0.248045
-0.741628
   -1.544
 -1.93867
 -1.38045
-0.739697
 0.252876
-0.738021
 -1.54571
 -1.95944
 -1.38856
-0.746556
 0.252919
-0.729803
 -1.56531
 -1.92644
 -1.36919
-0.740504
 0.266499
 -0.72558
 -1.55836
 -1.93556
 -1.38454
-0.743186
 0.253509
-0.735017
 -1.55937
 -1.92074
 -1.37724
-0.742113
 0.252021
-0.724821
 -1.54894
 -1.94871
 -1.38108
-0.745446
 0.259481
-0.728382
 -1.54945
 -1.93148
 -1.37551
-0.743322
 0.258413
-0.737813
 -1.54866
 -1.93517
 -1.37655
-0.737709
  0.26123
-0.726204
 -1.54484
 -1.94916
 -1.38691
-0.739951
 0.263376
-0.727581
 -1.56162
  -1.9369
 -1.37895
-0.731968
 0.251856
-0.740859
 -1.54782
 -1.95814
 -1.38446
 -0.73897
 0.258656
-0.731001
 -1.56622
 -1.93154
 -1.37459
-0.744477
 0.261258
-0.720159
  -1.5442
 -1.95641
 -1.38429
-0.743072
 0.250775
-0.733118
 -1.55228
 -1.96066
   -1.392
-0.743122
 0.251265
 -0.72911
 -1.56698
 -1.94884
 -1.38822
 -0.73776
 0.264119
-0.736732
 -1.56665
 -1.93904
 -1.37904
-0.737535
 0.249445
-0.736003
 -1.54748
 -1.94881
 -1.38974
-0.744047
 0.252196
-0.727882
 -1.55356
 -1.93895
 -1.37911
 -0.73981
 0.253289
-0.733929
 -1.54748
 -1.93139
 -1.37515
-0.736696
 0.263053
-0.739975
 -1.54879
 -1.93558
 -1.37555
-0.740027
 0.255261
-0.730866
  -1.5509
 -1.95768
 -1.38722
 -0.74092
 0.252663
-0.735238
 -1.56042
 -1.92764
 -1.37417
-0.741024
 0.255028
-0.724645
 -1.54219
 -1.92738
 -1.37458
-0.733483
  0.25895
-0.736016
 -1.55618
 -1.92048
 -1.37857
-0.741937
  0.25163
-0.728792
 -1.54259
 -1.95119
 -1.38913
-0.744072
 0.246796
-0.734824
 -1.55733
 -1.95449
 -1.38231
-0.745989
 0.255824
-0.713746
 -1.57734
 -1.95581
 -1.38639
-0.746549
 0.255455
-0.734481
 -1.55998
 -1.93705
 -1.38698
-0.744209
 0.253777
-0.735666
 -1.55796
 -1.95698
 -1.38117
-0.744699
 0.256084
-0.731762
 -1.56907
 -1.96195
 -1.38628
-0.742157
 0.256418
 -0.73251
 -1.56181
   -1.936
  -1.3826
-0.742229
 0.253633
-0.735698
 -1.56302
 -1.92532
 -1.37458
-0.744736
 0.261638
-0.728485
 -1.55837
 -1.94703
 -1.37869
-0.744814
 0.264218
-0.730954
 -1.56682
 -1.95099
 -1.37996
-0.741287
 0.254713
-0.721328
 -1.56288
 -1.94622
 -1.38238
-0.744687
 0.258239
-0.724227
 -1.56888
 -1.93644
 -1.37999
-0.744796
 0.258285
-0.725565
 -1.57115
 -1.94637
 -1.38235
-0.742094
 0.255363
-0.729726
 -1.55274
 -1.92711
 -1.37628
-0.742269
 0.256817
-0.731972
 -1.55208
 -1.94113
  -1.3875
-0.745249
  0.25404
-0.741814
 -1.55516
 -1.95502
 -1.38992
-0.741836
 0.250836
-0.733529
 -1.55513
 -1.92561
 -1.37335
 -0.74465
  0.26396
-0.731829
 -1.55078
 -1.91774
 -1.37221
-0.740236
  0.24962
-0.715966
 -1.55653
-1.95389
-1.38635
-0.74306
  0.2477
-0.73252
-1.55585
 -1.91551
 -1.37311
-0.740145
 0.249796
 -0.72261
 -1.55469
 -1.93405
 -1.37361
-0.737663
 0.251475
-0.727281
 -1.54125
 -1.91555
 -1.37206
-0.734544
 0.256084
-0.719571
 -1.54773
 -1.94911
 -1.38008
-0.737459
 0.249825
-0.730457
  -1.5424
 -1.95314
 -1.37963
-0.745941
 0.258901
-0.731902
 -1.57102
 -1.93474
 -1.37938
-0.739905
 0.251201
-0.731801
 -1.55276
  -1.9554
 -1.38741
-0.744622
 0.256431
-0.727519
 -1.57461
 -1.93214
 -1.38128
-0.737692
  0.25235
-0.731252
 -1.55638
 -1.93001
 -1.38172
 -0.74318
 0.253783
-0.730692
 -1.55198
 -1.94008
 -1.38227
-0.744639
 0.257682
-0.728314
 -1.56711
 -1.95292
 -1.38957
-0.744305
 0.255257
-0.734244
 -1.56423
 -1.91979
 -1.37169
-0.744673
  0.26095
-0.720272
  -1.5488
 -1.94388
 -1.37602
-0.735413
 0.248536
-0.732023
 -1.54576
 -1.92362
 -1.37397
-0.739852
 0.254558
 -0.73472
 -1.53998
 -1.92471
 -1.37681
 -0.73779
 0.264527
-0.734812
 -1.54818
 -1.91105
 -1.36604
-0.739027
 0.251701
-0.730686
 -1.54252
 -1.90445
 -1.37498
-0.739055
 0.259337
-0.721904
 -1.55467
 -1.94131
 -1.38681
-0.746478
 0.250701
-0.734085
  -1.5596
 -1.96545
 -1.38936
-0.743203
 0.253967
-0.739399
 -1.56483
 -1.92816
 -1.38061
-0.744316
 0.256019
-0.728164
 -1.54941
 -1.94782
 -1.38536
-0.739858
 0.249179
-0.733875
 -1.56081
 -1.91454
 -1.37558
-0.740374
 0.264196
-0.723183
 -1.56282
 -1.95226
 -1.38321
-0.745832
 0.256022
 -0.72027
 -1.57092
 -1.91392
 -1.36965
-0.733723
 0.260821
-0.721912
 -1.55594
 -1.94013
 -1.38235
-0.742446
 0.255743
-0.738169
  -1.5715
 -1.93264
 -1.37774
-0.734469
 0.265205
-0.725514
 -1.54819
 -1.95285
 -1.38076
-0.745646
 0.260655
-0.726959
 -1.55573
 -1.92941
 -1.37551
-0.740037
 0.255667
 -0.73884
 -1.55133
 -1.92953
  -1.3826
-0.736643
 0.261101
-0.732269
 -1.55734
 -1.94488
 -1.37927
 -0.74268
 0.256751
-0.724569
 -1.57455
 -1.91376
 -1.37151
-0.742259
 0.256551
-0.726317
 -1.54245
 -1.94722
  -1.3869
-0.749098
 0.258197
-0.723364
 -1.57295
 -1.94939
 -1.39503
-0.739882
 0.254669
-0.727128
 -1.57456
 -1.91545
 -1.38104
-0.739967
 0.257244
-0.717754
   -1.554
 -1.94412
 -1.38311
-0.744462
 0.251545
-0.720208
 -1.56043
 -1.94176
 -1.38313
-0.741351
  0.26279
-0.725979
 -1.56758
 -1.94919
 -1.37849
-0.745912
 0.261268
-0.724324
 -1.56435
 -1.91487
 -1.38379
-0.739808
 0.257387
-0.729819
 -1.55265
 -1.93398
 -1.37323
-0.741284
  0.25983
-0.731909
 -1.54991
 -1.91229
 -1.37675
-0.736704
 0.259131
-0.720287
 -1.55017
 -1.93487
 -1.37859
-0.746725
 0.258875
-0.738849
 -1.55406
 -1.93374
 -1.37442
 -0.74111
 0.257527
-0.728214
 -1.54375
 -1.92719
 -1.37518
-0.745014
 0.262973
-0.733938
 -1.57198
 -1.91348
 -1.37272
-0.742271
 0.254245
-0.722855
 -1.54546
 -1.94782
 -1.39264
 -0.74107
 0.258266
-0.724284
 -1.57137
 -1.92492
 -1.37678
-0.742251
 0.251305
-0.715615
 -1.55084
  -1.9409
 -1.38789
-0.744499
 0.252633
-0.730898
 -1.57184
 -1.91677
 -1.37476
-0.738099
  0.26709
 -0.72892
 -1.55752
 -1.90371
 -1.36934
 -0.73924
 0.259422
-0.716553
  -1.5523
  -1.9319
 -1.38219
-0.743463
 0.253209
-0.728483
 -1.56579
 -1.94675
 -1.38898
-0.739749
 0.256295
-0.727759
 -1.55598
 -1.92029
 -1.37873
 -0.73657
 0.250636
-0.719757
 -1.55016
 -1.91907
 -1.37448
-0.736717
 0.260287
-0.724134
 -1.54589
 -1.92456
  -1.3771
-0.736731
 0.262179
-0.719656
 -1.54892
 -1.94456
  -1.3813
-0.743395
 0.253574
-0.728438
 -1.55931
 -1.93006
 -1.37277
 -0.73798
 0.252647
-0.732737
 -1.55487
 -1.9115
-1.37223
-0.74243
0.253874
-0.72175
-1.55237
 -1.92451
 -1.37899
 -0.74097
 0.252112
-0.736225
 -1.54898
 -1.95265
 -1.38948
-0.734514
 0.258688
-0.726315
  -1.5719
  -1.9492
 -1.37925
-0.744525
 0.256549
-0.733961
 -1.55527
  -1.9443
 -1.38986
-0.742128
 0.263403
-0.727654
 -1.56115
 -1.92423
  -1.3713
-0.737847
 0.252497
-0.732504
 -1.54572
  -1.9505
 -1.38047
  -0.7404
  0.26926
-0.722345
  -1.5655
 -1.94824
 -1.38262
-0.738035
 0.255195
-0.729746
 -1.57119
  -1.9216
 -1.37295
-0.743563
 0.260649
 -0.73046
 -1.55116
 -1.93061
 -1.37811
-0.737623
 0.262821
-0.726906
  -1.5392
 -1.93226
 -1.38031
 -0.74469
  0.25718
-0.726973
 -1.56486
 -1.94485
 -1.38001
-0.743367
 0.254946
-0.728007
  -1.5541
 -1.94129
 -1.37819
-0.737463
 0.250282
 -0.73289
 -1.53776
 -1.93054
 -1.37855
 -0.74498
 0.258161
-0.725673
 -1.57574
 -1.92608
 -1.38028
-0.744761
 0.257563
-0.735068
 -1.56987
 -1.94334
 -1.38547
-0.737836
  0.26038
-0.733532
 -1.56382
 -1.94556
 -1.38636
-0.744371
 0.247087
-0.730843
 -1.56369
 -1.92397
  -1.3719
-0.741268
 0.255695
 -0.72188
 -1.54622
 -1.94821
  -1.3834
-0.740989
  0.25223
-0.728352
 -1.55311
 -1.92674
 -1.37648
-0.736822
 0.265832
-0.728338
 -1.55035
 -1.92085
 -1.37672
-0.741167
 0.252746
-0.733469
 -1.55302
 -1.92176
 -1.37272
-0.741059
 0.254932
-0.724514
 -1.53761
 -1.93541
 -1.37511
 -0.73568
 0.261903
-0.723158
 -1.54664
 -1.93435
 -1.37888
-0.735812
 0.265904
-0.722299
 -1.55772
 -1.93067
 -1.38615
-0.737633
 0.262187
-0.724426
  -1.5522
  -1.9535
 -1.38747
-0.740821
 0.250642
-0.732747
 -1.55194
 -1.92685
 -1.37747
-0.742089
  0.25458
-0.728146
 -1.54134
 -1.94105
 -1.37834
-0.742227
 0.257987
-0.728969
 -1.54692
 -1.92224
 -1.37935
 -0.73637
 0.252963
-0.728398
 -1.53847
 -1.92708
 -1.37525
-0.736937
 0.263165
-0.729151
 -1.55429
 -1.95138
 -1.38782
-0.744454
  0.24727
-0.730951
 -1.56827
 -1.92523
 -1.38288
-0.739025
 0.261945
-0.724166
 -1.56042
 -1.92459
 -1.37794
-0.745929
 0.257141
-0.733234
 -1.56666
  -1.9443
 -1.38111
-0.736972
 0.265137
-0.741249
 -1.56604
 -1.94583
 -1.38351
-0.742461
 0.261192
-0.724451
 -1.56497
 -1.94116
 -1.37771
-0.741468
 0.256728
-0.730315
 -1.56495
 -1.90876
 -1.36618
-0.740405
 0.256658
-0.727676
 -1.54977
 -1.93667
 -1.37989
-0.739919
  0.25163
-0.733006
 -1.55043
 -1.94847
 -1.38997
-0.736573
 0.258333
-0.730439
 -1.56319
 -1.93139
 -1.37575
-0.740069
 0.252282
-0.724717
  -1.5494
  -1.9323
  -1.3798
-0.735683
 0.257047
-0.727196
 -1.55822
 -1.91187
  -1.3704
 -0.74354
 0.258824
-0.723893
 -1.54447
 -1.94852
 -1.38934
-0.735633
 0.262076
-0.734312
 -1.56969
 -1.94553
 -1.37733
-0.738759
    0.255
-0.734049
 -1.54134
 -1.94642
 -1.38107
-0.745049
 0.258699
-0.720356
 -1.57981
 -1.91425
 -1.36898
-0.742592
 0.259305
-0.725913
 -1.55038
 -1.92205
 -1.38045
-0.742226
  0.25165
-0.734547
 -1.55682
 -1.93007
 -1.37978
-0.732396
 0.263305
-0.729976
 -1.55856
 -1.92883
 -1.37788
-0.740159
 0.250136
-0.728132
 -1.55974
 -1.90777
 -1.36971
-0.735811
 0.261062
-0.728587
 -1.54717
 -1.93689
  -1.3781
-0.743671
  0.25942
-0.729775
 -1.56324
 -1.91958
 -1.37291
-0.742421
 0.255799
-0.722647
 -1.54941
 -1.92585
 -1.38081
-0.737737
 0.256116
-0.717852
 -1.55049
 -1.92121
 -1.37495
 -0.73429
 0.252813
-0.728316
 -1.53894
 -1.93676
 -1.37998
 -0.74215
 0.246437
-0.729188
 -1.55275
 -1.93102
 -1.37679
 -0.73328
 0.257461
-0.734742
 -1.54536
 -1.93249
 -1.37989
-0.743581
 0.254773
-0.740418
 -1.56652
 -1.94363
  -1.3846
-0.746636
 0.260974
-0.728745
  -1.5539
 -1.94494
  -1.3796
-0.747096
 0.253316
-0.727228
 -1.57206
 -1.92024
 -1.37847
  -0.7376
 0.263029
-0.740305
 -1.54012
 -1.94848
 -1.38223
 -0.74328
 0.253403
-0.726976
 -1.55246
 -1.93279
 -1.37893
-0.739807
 0.251843
 -0.73411
 -1.54352
 -1.92586
 -1.38098
-0.735663
 0.255117
-0.731715
 -1.56165
 -1.92143
 -1.38263
-0.735406
 0.253569
-0.737219
  -1.5536
 -1.93187
  -1.3826
-0.747808
 0.255709
-0.737679
 -1.55855
 -1.94193
 -1.38441
 -0.74882
 0.249229
-0.733402
  -1.5583
 -1.92665
 -1.37815
-0.743287
 0.255814
-0.727384
 -1.54623
 -1.92555
 -1.37441
-0.739913
 0.254029
-0.732151
 -1.54004
 -1.91773
 -1.38034
-0.737721
 0.257079
-0.728388
 -1.55086
 -1.94515
 -1.38606
-0.740252
 0.264605
-0.732906
 -1.57065
 -1.93677
 -1.37823
-0.737989
 0.258405
  -0.7204
 -1.55707
 -1.91963
 -1.37245
-0.743656
   0.2603
-0.729235
 -1.55349
 -1.92978
 -1.38192
-0.735596
 0.254909
-0.730378
 -1.55939
  -1.9236
 -1.37274
-0.744979
 0.261732
-0.723164
 -1.56247
  -1.9537
 -1.38655
-0.747907
 0.251391
-0.729723
 -1.56956
 -1.91415
 -1.37862
-0.744458
 0.255915
-0.734915
 -1.55218
 -1.9103
-1.36866
-0.74351
0.255771
-0.72326
-1.54156
 -1.92501
 -1.37554
-0.738089
 0.260934
-0.731961
 -1.55908
 -1.91886
 -1.37532
-0.740051
 0.262319
 -0.72596
 -1.54377
 -1.95337
 -1.38766
  -0.7455
 0.254278
-0.729848
 -1.56108
 -1.93643
 -1.38011
-0.744684
 0.260257
-0.732983
 -1.56178
 -1.94051
 -1.38096
-0.744767
 0.249103
-0.722468
 -1.57121
 -1.91052
  -1.3673
-0.741599
 0.257315
-0.724356
 -1.55472
  -1.9466
 -1.38897
-0.740022
 0.260362
-0.726968
 -1.56518
 -1.93813
 -1.38182
-0.744538
 0.258322
-0.730624
 -1.55788
 -1.92846
 -1.38019
-0.740918
 0.250746
-0.747451
 -1.54868
 -1.93406
 -1.38194
 -0.74221
 0.251428
-0.726566
 -1.55638
 -1.92093
 -1.37616
-0.734294
 0.250501
-0.724855
 -1.54195
 -1.93146
 -1.38386
-0.737663
  0.25468
-0.734626
 -1.55526
 -1.92055
 -1.37735
-0.746587
 0.259792
-0.720424
 -1.53977
 -1.91637
  -1.3772
-0.737751
 0.258477
-0.722536
 -1.54517
 -1.94594
 -1.38264
-0.736879
  0.26533
-0.730211
 -1.56237
 -1.94106
 -1.37791
-0.733309
  0.25877
-0.733207
 -1.54705
 -1.92919
  -1.3839
-0.740994
 0.261539
-0.721539
 -1.54895
 -1.93107
 -1.37723
-0.740042
 0.253774
-0.736586
 -1.55201
 -1.91961
 -1.37287
-0.740413
 0.251944
-0.725069
 -1.56316
 -1.90609
 -1.36772
-0.738407
 0.257082
-0.707123
  -1.5608
  -1.9314
 -1.37535
-0.743761
 0.255621
-0.726705
   -1.565
 -1.93071
 -1.37811
-0.746016
 0.258647
-0.733039
 -1.57062
 -1.90303
 -1.37308
-0.744504
 0.257362
-0.730285
 -1.54418
 -1.92505
 -1.37534
-0.735736
 0.260185
-0.729011
 -1.55234
 -1.92115
 -1.37379
-0.739202
 0.265888
 -0.72319
  -1.5521
 -1.91459
 -1.37596
-0.736749
 0.255907
-0.718423
 -1.54958
 -1.90776
 -1.37022
 -0.74928
  0.25797
-0.714684
 -1.55176
  -1.9318
 -1.38228
-0.746148
 0.252077
-0.724106
 -1.58648
 -1.93543
 -1.38502
-0.742233
 0.249076
-0.728643
 -1.56445
 -1.94434
 -1.38997
-0.744578
 0.258231
 -0.72406
 -1.57264
 -1.95411
 -1.38324
-0.736973
 0.261272
-0.724698
 -1.56875
 -1.92708
 -1.38416
-0.740057
  0.26046
-0.729412
 -1.56056
 -1.90193
 -1.36839
-0.740268
 0.259555
 -0.72258
 -1.54492
 -1.91103
 -1.37306
-0.733557
 0.262372
-0.728037
 -1.55078
 -1.91124
 -1.37349
-0.742246
 0.252555
-0.721823
 -1.54382
 -1.92922
 -1.37562
 -0.74273
 0.259541
-0.737221
 -1.56966
 -1.92172
 -1.37267
-0.741299
 0.253976
-0.720972
 -1.54917
 -1.92126
 -1.37469
-0.742312
 0.254813
-0.724179
  -1.5477
 -1.92341
 -1.37355
-0.735665
 0.261178
-0.727247
 -1.54489
 -1.94361
 -1.38413
-0.737958
   0.2608
-0.729441
 -1.56559
 -1.92889
 -1.37791
-0.739838
   0.2511
-0.731557
  -1.5436
 -1.93089
 -1.37691
-0.738013
 0.260145
-0.728068
 -1.55688
 -1.93145
 -1.37485
-0.732394
 0.257568
-0.735543
  -1.5536
 -1.92309
 -1.37527
-0.744705
 0.259022
-0.723556
 -1.55454
 -1.91298
 -1.36646
-0.741418
 0.249065
 -0.71951
 -1.54733
 -1.94288
 -1.37874
-0.744769
 0.259329
-0.717025
 -1.56093
 -1.92963
 -1.38203
-0.739966
 0.262604
-0.725997
 -1.55022
 -1.92126
 -1.37481
-0.742207
  0.25672
-0.731727
 -1.54292
 -1.93582
 -1.37415
-0.740273
 0.254781
-0.722987
 -1.55506
 -1.93406
 -1.38182
-0.742313
  0.24952
-0.719017
 -1.56116
 -1.90823
 -1.37671
-0.740156
  0.25733
 -0.72458
 -1.55487
 -1.91399
 -1.37957
-0.742254
 0.246902
-0.722087
 -1.55778
 -1.93322
 -1.37607
-0.735725
 0.258034
-0.731047
 -1.55394
 -1.92213
 -1.37932
-0.736498
 0.256991
-0.727502
 -1.54308
 -1.92501
 -1.37495
-0.739246
 0.268528
-0.733526
 -1.55641
 -1.94088
 -1.37898
-0.741416
 0.255364
 -0.73063
 -1.56556
 -1.95036
 -1.38212
-0.744787
 0.260401
-0.726454
 -1.56818
 -1.92511
 -1.37604
-0.744983
 0.253197
-0.735052
 -1.57487
  -1.9375
 -1.37612
-0.740009
 0.256656
-0.735843
 -1.54618
 -1.91324
 -1.37335
-0.743666
 0.254563
-0.718423
 -1.55732
 -1.93533
 -1.38461
-0.747892
 0.260317
-0.727077
 -1.56175
-1.92265
-1.36896
-0.73901
0.257067
-0.73343
-1.54014
 -1.94152
  -1.3768
-0.737822
 0.249745
-0.725256
 -1.55109
  -1.9171
 -1.37548
 -0.73877
 0.246272
-0.725089
 -1.54412
 -1.93522
 -1.38535
-0.746715
  0.25962
-0.735936
 -1.56186
 -1.95198
 -1.39227
 -0.73891
 0.260601
-0.727576
 -1.57071
 -1.93017
 -1.37948
 -0.74015
 0.265316
-0.725489
 -1.55357
 -1.91297
 -1.37369
-0.733481
 0.264647
-0.736922
 -1.54826
 -1.93757
 -1.38412
-0.744651
  0.25179
-0.716152
 -1.56868
 -1.94848
 -1.38287
-0.742072
 0.246759
-0.729185
 -1.55274
 -1.92753
 -1.37473
-0.733429
  0.25189
-0.741803
 -1.55372
 -1.91911
 -1.37539
 -0.74005
 0.249238
-0.725346
 -1.55065
 -1.92145
  -1.3738
-0.736744
 0.253965
-0.727177
 -1.54746
 -1.93231
 -1.37966
-0.746112
 0.258841
-0.722232
 -1.57611
 -1.91567
 -1.37963
-0.735743
 0.259985
-0.723555
 -1.56022
 -1.91954
 -1.38095
-0.737873
 0.263387
 -0.73649
 -1.55753
 -1.91645
  -1.3781
 -0.74095
 0.247398
-0.723641
 -1.54536
 -1.93209
 -1.37336
-0.740195
 0.247859
-0.730129
 -1.55487
  -1.9207
 -1.37737
-0.742113
 0.254003
-0.732354
 -1.54416
 -1.94845
 -1.38134
-0.737933
  0.26158
-0.731954
 -1.55905
 -1.94288
 -1.38732
-0.741218
 0.257226
-0.720461
  -1.5673
 -1.92117
 -1.38259
-0.740016
 0.263393
-0.724392
 -1.55382
 -1.91304
 -1.36518
-0.741686
  0.25945
-0.721175
 -1.55355
 -1.92572
 -1.38163
-0.736598
 0.256366
-0.730602
  -1.5528
  -1.9419
 -1.38388
-0.742021
 0.251966
-0.727666
 -1.54946
 -1.92707
 -1.37597
-0.735755
 0.257462
-0.735253
 -1.55676
 -1.91503
 -1.37518
 -0.74109
 0.251645
-0.729461
 -1.54625
 -1.91305
 -1.37355
-0.737839
   0.2595
-0.715464
 -1.54182
 -1.93028
 -1.38784
-0.740143
 0.264421
-0.739476
 -1.57072
 -1.92244
 -1.37831
-0.743554
 0.251797
-0.717827
 -1.56087
 -1.90808
  -1.3689
-0.744537
 0.262591
 -0.72758
 -1.53486
 -1.93852
 -1.37149
-0.739142
 0.257582
-0.728235
  -1.5488
 -1.95624
 -1.38492
-0.742189
 0.248236
-0.734527
 -1.56176
 -1.94186
 -1.38455
-0.740992
 0.245317
-0.730108
  -1.5589
 -1.90795
 -1.36879
-0.747147
 0.263566
-0.714415
  -1.5512
 -1.94053
 -1.38025
-0.743605
 0.256899
-0.724978
 -1.56399
 -1.91206
 -1.37027
-0.738989
 0.251135
-0.728042
 -1.54447
 -1.92707
 -1.37586
-0.733527
 0.257659
-0.736312
 -1.55679
 -1.92826
 -1.37127
-0.744859
 0.257112
-0.727005
 -1.55652
 -1.94444
 -1.38981
-0.737744
 0.256689
-0.735802
 -1.56793
 -1.92361
 -1.37371
-0.740039
 0.250797
-0.719493
 -1.54496
 -1.92779
 -1.37325
-0.733269
 0.255397
-0.732461
 -1.53958
 -1.9252
-1.37475
-0.73475
0.259887
 -0.7339
-1.55881
 -1.93052
 -1.37827
-0.737909
 0.264734
-0.734915
 -1.55275
 -1.92458
 -1.37839
-0.742172
 0.254741
-0.735023
 -1.54867
 -1.92464
 -1.37681
-0.740369
 0.262464
-0.726425
 -1.56209
 -1.91725
 -1.37387
-0.744603
 0.259817
-0.727216
 -1.54758
 -1.90929
 -1.37147
-0.740267
 0.265859
-0.718306
 -1.54565
 -1.93687
 -1.37822
-0.735662
 0.255514
-0.726249
 -1.55468
 -1.94014
 -1.38174
-0.735493
 0.257583
-0.728298
  -1.5513
 -1.91001
 -1.36843
-0.741514
 0.268086
-0.721393
 -1.54627
 -1.92382
 -1.38034
-0.731211
 0.261085
-0.739149
 -1.55929
 -1.92478
 -1.37661
-0.746013
 0.262529
 -0.73191
 -1.56607
 -1.92771
 -1.37416
-0.738701
 0.252208
 -0.73036
 -1.53521
 -1.91624
 -1.37732
-0.735541
  0.26652
-0.737912
 -1.54484
-1.92013
 -1.3784
 -0.7424
0.262856
-0.72219
-1.55423
 -1.93237
 -1.38818
-0.740012
   0.2579
-0.730154
 -1.56637
 -1.92786
 -1.37351
-0.737767
 0.250958
-0.731473
 -1.54407
 -1.90546
 -1.37938
-0.741192
 0.259527
-0.721975
 -1.55419
-1.92783
-1.38089
-0.73676
0.263084
 -0.7345
-1.55665
 -1.90285
 -1.36536
-0.741383
 0.252749
-0.723804
 -1.54328
 -1.91445
 -1.37793
-0.740928
 0.251785
-0.741527
  -1.5449
 -1.91167
 -1.37087
-0.740287
 0.260455
-0.725249
 -1.54942
 -1.92728
 -1.37554
-0.741197
 0.254682
-0.728948
 -1.54958
 -1.92725
 -1.37605
-0.739819
 0.251138
-0.726018
 -1.53853
 -1.92298
 -1.37655
-0.740095
 0.251879
-0.735683
 -1.55496
 -1.92972
 -1.37397
-0.748168
 0.259072
-0.734378
 -1.55947
 -1.92116
 -1.37439
-0.735715
 0.260395
-0.730232
 -1.55002
 -1.94969
 -1.38489
-0.736626
 0.259726
-0.730086
 -1.55611
 -1.93621
 -1.38164
 -0.74114
  0.24865
-0.721116
 -1.55853
 -1.91095
  -1.3745
-0.737885
 0.250632
-0.720596
 -1.55148
 -1.92048
 -1.37818
  -0.7433
 0.257144
-0.739256
 -1.54885
 -1.92468
 -1.37696
-0.742365
 0.263228
-0.728908
  -1.5505
 -1.94271
 -1.37949
-0.746194
 0.256514
-0.717625
 -1.57954
 -1.91496
 -1.37435
 -0.74236
 0.260424
-0.718573
  -1.5462
 -1.92864
 -1.37821
-0.734227
 0.256978
-0.732723
 -1.53945
 -1.91535
 -1.37296
-0.733605
 0.257335
-0.736316
 -1.55681
 -1.92111
 -1.37587
 -0.73981
 0.249618
-0.726333
 -1.53916
 -1.92572
 -1.37374
-0.738888
  0.25278
-0.733148
 -1.54432
 -1.94018
 -1.38206
 -0.74236
 0.251989
-0.722593
 -1.56273
 -1.95019
 -1.38247
-0.739217
 0.262234
-0.728751
 -1.56859
 -1.93003
 -1.37311
-0.742374
  0.25419
-0.738159
 -1.55003
 -1.92923
 -1.37582
-0.747096
 0.259149
-0.734987
 -1.56501
 -1.93129
 -1.38333
-0.731178
 0.261445
-0.728225
  -1.5602
 -1.93509
 -1.37711
-0.734557
 0.254851
-0.729685
 -1.55431
 -1.92236
 -1.37714
-0.733619
 0.264419
-0.723674
 -1.55839
 -1.95187
 -1.38425
-0.739109
 0.261249
-0.730282
 -1.56688
 -1.91148
 -1.37217
-0.742524
  0.25295
-0.717968
 -1.55476
 -1.92802
 -1.37927
-0.734783
  0.26582
-0.722909
 -1.56327
 -1.94069
 -1.37979
-0.732101
 0.254809
-0.734714
 -1.54798
 -1.93439
 -1.38021
-0.733168
 0.253582
-0.730258
 -1.54672
 -1.94765
 -1.38606
-0.743137
 0.249325
-0.727916
 -1.55431
 -1.93551
 -1.38339
-0.738062
 0.257952
-0.724762
 -1.57094
 -1.90588
 -1.36955
-0.744927
 0.253946
-0.716714
  -1.5587
 -1.94343
 -1.38576
-0.744456
 0.254812
-0.727474
  -1.5615
 -1.92145
 -1.38212
-0.741031
 0.258865
-0.729003
 -1.55106
 -1.91095
 -1.37451
-0.735552
 0.252736
-0.729205
 -1.54673
 -1.93515
 -1.38588
-0.745517
 0.256067
-0.733239
 -1.55998
 -1.92629
 -1.37187
-0.739966
 0.247709
-0.729781
 -1.54113
 -1.91144
 -1.37231
-0.742599
  0.25485
 -0.72575
 -1.55914
 -1.93701
 -1.37796
-0.741357
 0.254625
 -0.72796
 -1.56105
 -1.90784
 -1.37001
-0.742588
  0.25547
-0.722766
 -1.55401
 -1.92472
 -1.37817
-0.739821
 0.248998
-0.729316
 -1.54429
 -1.90851
 -1.37531
-0.740308
 0.256781
-0.716718
 -1.55903
 -1.92696
 -1.38435
-0.734324
 0.260398
-0.723812
   -1.552
 -1.93078
 -1.38585
 -0.74123
 0.262439
-0.731203
 -1.56538
 -1.94231
 -1.38136
-0.744711
  0.25756
-0.721542
 -1.56436
  -1.9352
 -1.38448
-0.735564
 0.260843
 -0.72477
 -1.55787
 -1.91585
 -1.37056
-0.738024
 0.263706
-0.732324
 -1.54637
 -1.91673
 -1.37622
-0.744485
 0.254247
-0.716286
 -1.54682
 -1.92641
 -1.37885
 -0.74467
 0.257043
-0.726853
 -1.56029
 -1.92158
 -1.38097
 -0.73366
 0.255342
-0.722086
 -1.57177
 -1.93266
 -1.37955
-0.738824
 0.249232
-0.735538
   -1.553
 -1.91763
 -1.37208
-0.735798
 0.256016
-0.724606
 -1.55184
 -1.91804
 -1.37018
-0.736828
 0.259983
-0.722866
 -1.54174
 -1.90696
 -1.37303
-0.741299
 0.262287
 -0.72131
 -1.54649
 -1.90484
 -1.37301
-0.740201
 0.262396
-0.716379
 -1.54696
  -1.9181
 -1.37087
-0.746075
 0.252993
-0.728907
 -1.56427
 -1.91306
 -1.36521
-0.743879
 0.258304
-0.716225
 -1.55133
 -1.90692
 -1.37278
-0.734822
 0.263805
-0.728612
 -1.55794
 -1.91168
 -1.36298
-0.742571
 0.256863
  -0.7278
 -1.54094
 -1.91656
 -1.37761
-0.741991
 0.251893
-0.730002
 -1.54027
 -1.91463
 -1.36738
-0.737825
 0.260082
-0.723492
 -1.53388
-1.89865
-1.36529
-0.75933
0.264365
-0.71776
-1.55211
 -1.89681
 -1.38071
-0.727376
 0.260969
-0.730871
 -1.55157
  -1.8863
 -1.38181
-0.735209
 0.258933
-0.728483
  -1.5508
 -1.87981
 -1.35618
-0.728199
 0.266957
-0.722717
 -1.54479
 -1.88984
  -1.3585
-0.721319
 0.256251
-0.731816
 -1.55385
 -1.88791
 -1.39318
-0.738891
 0.256335
-0.729241
 -1.54649
 -1.88946
 -1.35125
-0.724837
 0.261956
-0.731595
 -1.55032
 -1.85582
 -1.38027
-0.733538
 0.254003
-0.729713
 -1.53986
 -1.85821
 -1.35117
 -0.71827
 0.264796
-0.729887
 -1.55662
 -1.86724
 -1.36642
-0.737856
 0.259248
-0.721055
 -1.55734
  -1.8822
 -1.38172
-0.728695
 0.251462
 -0.72344
 -1.56999
 -1.86066
 -1.36078
-0.764543
 0.259739
-0.714397
 -1.54273
 -1.86666
 -1.37728
-0.727416
 0.262036
-0.738648
 -1.55321
  -1.8865
 -1.35566
-0.734811
 0.261088
-0.737375
 -1.53826
 -1.88866
 -1.36406
-0.746974
  0.26144
-0.725979
  -1.5508
 -1.87061
 -1.37823
-0.729813
  0.26163
-0.736512
 -1.56007
 -1.87468
 -1.37083
-0.739776
 0.257916
-0.725569
 -1.54454
 -1.86086
 -1.36941
-0.753071
 0.250545
-0.719602
 -1.55181
 -1.89654
 -1.37542
-0.746358
  0.25666
-0.730264
 -1.56412
 -1.89534
 -1.38868
-0.725326
 0.255068
-0.736549
 -1.53477
 -1.89568
 -1.35192
-0.730355
 0.263329
-0.724895
 -1.55215
 -1.91476
 -1.38572
-0.732052
 0.258858
-0.733038
 -1.54461
 -1.89665
 -1.35051
-0.747519
 0.254085
-0.726575
 -1.54108
 -1.90653
 -1.39598
-0.753816
 0.254653
-0.743431
 -1.55093
 -1.90996
 -1.35376
-0.735365
 0.258591
-0.720655
 -1.53727
 -1.91954
 -1.37274
-0.717071
 0.264478
-0.732905
 -1.53641
 -1.93134
 -1.35091
-0.726828
 0.254294
-0.736287
 -1.54473
 -1.93159
 -1.41225
-0.777337
 0.249706
-0.727977
 -1.56384
  -1.9493
 -1.42181
-0.733559
 0.260268
-0.743864
 -1.55424
 -1.95744
 -1.40609
-0.754295
 0.258138
-0.737343
 -1.54517
  -1.9587
 -1.39976
-0.730345
 0.255673
-0.742602
 -1.56616
 -1.99503
 -1.36222
-0.747779
 0.258645
-0.744452
 -1.55019
 -1.98914
 -1.41815
-0.704922
 0.267995
 -0.75812
 -1.56523
 -2.03231
 -1.39724
-0.761029
 0.264555
-0.756747
 -1.55199
 -2.00721
 -1.39773
-0.745208
  0.25746
 -0.73345
 -1.55681
 -2.00937
  -1.3903
-0.754952
 0.259817
 -0.74846
 -1.54973
 -2.04858
 -1.40677
-0.744875
 0.263546
-0.748496
 -1.56038
 -2.05792
 -1.41155
-0.772917
 0.267335
-0.752662
 -1.55985
 -2.07915
 -1.39184
-0.757985
 0.262187
-0.749267
 -1.56271
 -2.08005
  -1.4371
-0.710893
 0.262095
-0.758124
 -1.56079
 -2.10777
 -1.41331
-0.805306
 0.256447
 -0.75666
 -1.56188
 -2.09956
 -1.44423
 -0.74845
 0.259442
-0.758077
 -1.56189
 -2.12719
  -1.4163
-0.770021
 0.263562
-0.770504
 -1.58078
 -2.14045
 -1.43028
-0.748696
 0.252503
-0.760736
 -1.55502
 -2.17811
  -1.4619
-0.749226
 0.262667
-0.763465
 -1.58352
 -2.17381
 -1.43689
-0.766933
 0.267223
-0.752102
 -1.58553
 -2.17836
 -1.42655
-0.763534
 0.268376
-0.751126
 -1.57562
 -2.22271
 -1.48974
-0.742963
 0.276194
-0.771983
 -1.57977
 -2.24149
 -1.47553
-0.800474
 0.261851
-0.758106
  -1.5934
  -2.2431
 -1.43352
-0.769373
 0.262166
-0.770083
 -1.59309
 -2.27509
 -1.48848
-0.762066
 0.268593
-0.763164
 -1.59505
-2.32933
-1.47052
-0.75681
0.267648
-0.78377
-1.58894
 -2.35639
 -1.46076
 -0.75049
 0.273996
-0.789815
 -1.57919
 -2.34163
 -1.46282
-0.761238
  0.26893
-0.775759
 -1.57488
 -2.38623
 -1.49359
-0.786278
 0.267033
-0.777434
 -1.59627
 -2.41086
 -1.48394
-0.752022
 0.276555
-0.798815
 -1.57405
  -2.4254
 -1.48503
-0.770995
 0.271811
-0.788395
 -1.58598
 -2.46227
 -1.51962
-0.733175
 0.268991
-0.799942
 -1.59268
  -2.4898
 -1.51191
-0.794736
 0.265955
-0.795779
 -1.60092
 -2.51304
 -1.53384
-0.763943
  0.27012
-0.795311
 -1.59191
 -2.51001
 -1.51201
-0.769009
 0.276627
-0.798916
  -1.5885
 -2.59125
 -1.54491
-0.779833
 0.272071
-0.804513
 -1.60972
 -2.59824
 -1.55934
-0.785659
 0.275201
-0.814742
 -1.59421
  -2.6303
 -1.54343
-0.756648
 0.285933
-0.806339
 -1.60322
 -2.65408
 -1.56758
-0.766334
   0.2706
-0.814886
 -1.58779
   -2.689
 -1.56993
-0.808117
 0.273111
-0.806254
 -1.62398
 -2.73939
 -1.58017
-0.741109
 0.284086
-0.823133
 -1.61676
 -2.75626
 -1.55611
-0.794165
 0.284641
-0.829162
 -1.60725
 -2.76098
 -1.57734
-0.759333
 0.276959
-0.817795
 -1.61427
 -2.82144
 -1.57799
-0.793799
 0.271689
-0.825876
 -1.60744
 -2.83599
 -1.59117
-0.739244
 0.281454
-0.830334
 -1.63086
 -2.87019
 -1.64923
-0.783783
 0.279739
-0.825538
 -1.63785
 -2.90189
 -1.62997
-0.783387
 0.277274
-0.840901
 -1.62926
 -2.94195
 -1.63326
 -0.75102
 0.283839
-0.837639
 -1.62119
 -2.98653
 -1.65718
-0.798039
 0.282365
-0.838654
 -1.62455
 -3.05269
 -1.64918
-0.781874
 0.272266
-0.840037
 -1.64149
 -3.09606
 -1.66008
-0.820171
 0.278079
-0.837066
  -1.6326
 -3.17975
 -1.69773
-0.791296
 0.284714
-0.857505
 -1.64121
 -3.20448
 -1.71603
-0.815002
 0.291121
-0.854406
 -1.63639
 -3.28179
 -1.71241
-0.803156
 0.292785
-0.854564
 -1.64234
 -3.33703
 -1.71669
-0.803377
 0.292757
-0.883001
  -1.6252
 -3.40121
  -1.7332
-0.782686
 0.290006
-0.890172
  -1.6283
 -3.46151
 -1.74943
-0.781284
 0.288244
-0.906151
 -1.65547
 -3.50051
 -1.80226
-0.788199
 0.295077
-0.904009
 -1.64323
 -3.58642
   -1.795
-0.723842
 0.305115
-0.937864
 -1.65038
 -3.66476
 -1.79138
-0.792674
  0.30891
 -0.92568
 -1.64064
 -3.71127
  -1.8437
-0.698269
 0.302202
-0.938296
 -1.64372
 -3.75599
 -1.82762
-0.814788
 0.299401
-0.921137
 -1.64812
 -3.81383
 -1.91308
 -0.79437
 0.299122
-0.930722
  -1.6455
 -3.87784
 -1.86429
-0.826182
 0.301334
-0.931979
 -1.66385
 -3.94562
 -1.88134
-0.763021
 0.300485
-0.945115
 -1.64648
 -3.97795
 -1.87696
-0.781776
 0.293223
-0.938815
 -1.65829
 -4.02567
 -1.86918
-0.823755
 0.299314
-0.935405
 -1.65369
 -4.05542
 -1.99183
-0.792074
 0.309525
-0.933842
 -1.66587
 -4.11199
   -1.913
-0.803672
 0.311439
-0.949012
 -1.68081
  -4.1958
 -1.96805
-0.793491
 0.310668
-0.947375
 -1.67905
 -4.25816
 -1.93965
-0.760207
 0.315652
-0.964647
 -1.66891
 -4.30034
 -2.02507
-0.818937
 0.309592
-0.950788
 -1.69651
  -4.3612
 -2.01411
-0.810081
 0.300682
-0.955246
 -1.67553
 -4.41606
  -1.9917
-0.805305
 0.310176
-0.949196
 -1.68204
 -4.48673
 -2.06562
-0.795906
 0.322526
-0.949963
 -1.69292
 -4.55845
 -2.07105
-0.807428
 0.304266
-0.964912
 -1.70195
 -4.62213
 -2.06622
 -0.85323
 0.313193
-0.965547
 -1.69413
 -4.68494
 -2.13592
-0.741673
 0.307664
-0.983452
 -1.71332
  -4.7253
 -2.08401
-0.829781
 0.321723
 -0.98105
 -1.70018
 -4.81764
 -2.17335
-0.826295
 0.311634
-0.980163
 -1.71284
 -4.91866
 -2.13866
-0.769984
 0.322262
 -1.00752
 -1.68221
 -5.04822
 -2.17922
-0.811592
 0.320948
 -1.00113
 -1.69281
 -5.14601
 -2.24438
-0.777196
 0.325512
 -1.02957
 -1.71248
 -5.20133
  -2.2556
-0.801746
 0.338094
 -1.03624
 -1.70977
 -5.28991
 -2.24958
-0.772341
 0.325679
  -1.0547
 -1.68816
 -5.37008
 -2.25915
-0.772403
 0.340974
 -1.06116
 -1.68981
 -5.34074
 -2.29514
-0.783916
 0.341848
 -1.04359
 -1.69851
 -5.33336
 -2.35072
-0.775452
  0.33987
 -1.04137
 -1.70061
 -5.41197
 -2.29235
-0.802181
 0.330856
 -1.04065
  -1.7177
 -5.44643
 -2.31285
-0.798968
 0.326434
 -1.03566
 -1.70277
 -5.52144
 -2.35179
-0.783944
 0.335956
 -1.04287
 -1.70352
 -5.57188
 -2.35914
-0.808863
 0.322184
 -1.03593
  -1.7068
 -5.62987
 -2.36726
-0.818949
 0.331946
  -1.0443
 -1.70956
-5.67766
-2.38987
-0.78792
 0.33307
-1.04589
-1.71601
 -5.70769
 -2.37797
-0.785753
 0.327086
 -1.04165
 -1.69143
 -5.76089
 -2.40867
-0.840698
 0.330149
 -1.03707
 -1.72203
 -5.75255
 -2.42354
-0.789121
 0.328129
 -1.03491
  -1.7146
  -5.7682
 -2.39671
-0.850568
 0.331028
 -1.03905
 -1.70809
 -5.87194
 -2.48597
-0.790053
 0.344814
 -1.04836
 -1.71997
   -5.927
 -2.41529
-0.802166
 0.331927
 -1.06535
 -1.69769
 -5.93544
 -2.46746
-0.828701
 0.333548
 -1.06765
 -1.71223
 -6.01591
 -2.50988
-0.809543
  0.33757
  -1.0702
 -1.71385
 -6.04801
 -2.53862
-0.759858
 0.336494
 -1.09079
 -1.70258
  -6.0892
 -2.44777
-0.799972
 0.339808
  -1.0871
 -1.70129
 -6.10018
 -2.53844
-0.797838
 0.347914
 -1.08724
 -1.69642
 -6.1256
-2.54446
-0.78375
0.347003
-1.10054
-1.70985
  -6.1853
 -2.53717
-0.775957
 0.352557
 -1.11759
 -1.70371
 -6.25258
 -2.56593
-0.760706
 0.354246
 -1.11192
 -1.69873
 -6.28548
 -2.52039
-0.827324
 0.347259
   -1.125
 -1.68052
 -6.28245
 -2.59717
-0.755176
 0.351803
 -1.12197
 -1.69091
 -6.29376
 -2.56772
-0.761613
 0.356805
  -1.1298
 -1.69363
 -6.2961
-2.58787
 -0.8231
0.341165
-1.11008
-1.68164
 -6.33481
 -2.59478
-0.754103
 0.348173
 -1.11291
 -1.67942
-6.35949
-2.61623
-0.80853
0.340129
-1.10663
-1.69273
 -6.36076
 -2.60923
-0.785792
 0.345309
 -1.11311
 -1.70195
 -6.37334
 -2.59942
-0.773332
 0.337947
 -1.09959
  -1.6834
 -6.40101
 -2.59001
-0.831792
 0.345362
  -1.1025
 -1.68602
 -6.39862
 -2.62082
-0.747873
  0.35378
 -1.11159
 -1.68901
-6.39445
-2.64146
-0.80409
0.345603
-1.08435
-1.68771
 -6.36203
 -2.65357
-0.790499
 0.350966
 -1.08612
 -1.68432
 -6.37866
 -2.60839
-0.733349
 0.343947
 -1.09821
 -1.68467
-6.45658
-2.64801
-0.77087
0.342299
-1.09574
-1.69201
 -6.45519
 -2.66185
-0.774378
 0.337723
 -1.07536
 -1.68076
 -6.41593
 -2.62954
-0.817599
 0.333546
 -1.06966
 -1.67691
 -6.40061
 -2.63019
-0.747109
 0.330604
 -1.07828
 -1.65298
 -6.45968
 -2.64882
-0.721093
 0.333842
 -1.07641
 -1.68162
 -6.46365
 -2.61639
-0.767222
 0.341421
 -1.06725
 -1.68664
 -6.42703
  -2.6622
-0.709425
 0.334772
 -1.06621
 -1.68127
 -6.43449
 -2.66647
-0.754685
 0.332719
 -1.03384
  -1.6855
 -6.43889
 -2.63125
-0.755088
 0.334129
 -1.04378
 -1.65667
 -6.43052
 -2.64695
-0.741133
 0.339989
 -1.02945
 -1.66159
 -6.45333
 -2.68134
-0.737563
 0.331161
 -1.03675
 -1.67275
 -6.39666
 -2.64237
-0.760644
 0.327276
 -1.02488
 -1.67414
-6.31733
-2.62088
-0.77032
0.318498
-1.01468
-1.65712
-6.37111
-2.63453
-0.73054
0.330809
-1.00455
-1.65506
 -6.3997
-2.69781
-0.77966
0.325234
-1.00066
-1.68545
 -6.38094
 -2.59511
-0.736708
 0.317534
  -1.0067
 -1.64401
 -6.29036
  -2.6093
-0.734016
 0.323379
 -1.00024
 -1.64541
 -6.28436
 -2.67525
 -0.71187
   0.3227
-0.998666
 -1.64824
 -6.34219
 -2.62504
-0.720515
 0.323402
 -1.00746
 -1.66055
 -6.33658
 -2.63109
-0.693595
  0.31716
  -1.0142
 -1.63524
 -6.27247
  -2.6477
-0.689071
 0.316326
 -1.01171
 -1.62328
 -6.23125
 -2.60632
-0.754519
 0.323692
 -0.99416
 -1.63536
  -6.2039
 -2.60717
-0.732625
  0.32303
-0.990377
 -1.61255
 -6.21183
 -2.65646
 -0.68261
 0.335909
-0.994879
 -1.62109
 -6.19676
 -2.60316
-0.705572
 0.315135
  -1.0037
 -1.60095
 -6.10639
 -2.62689
-0.739469
 0.321499
 -1.00051
 -1.60466
 -6.04781
 -2.65117
 -0.69098
 0.326364
-0.979126
  -1.6012
 -6.04891
 -2.58107
-0.711305
 0.316224
-0.983928
 -1.58747
 -6.10246
 -2.62413
-0.707484
 0.328744
-0.998986
 -1.58475
 -5.99372
  -2.5949
-0.722976
 0.326584
-0.971865
 -1.56549
 -5.95024
 -2.59066
-0.641649
 0.335454
-0.992633
 -1.55428
 -5.93212
 -2.55961
-0.682715
 0.307194
 -0.98707
 -1.55112
 -5.88786
 -2.56326
-0.698661
  0.31253
-0.976051
  -1.5255
 -5.88989
 -2.60224
-0.646266
 0.323037
-0.977622
  -1.5394
 -5.80527
 -2.54333
-0.676388
  0.31262
-0.970854
 -1.53196
 -5.72711
 -2.52537
-0.705155
 0.309745
-0.946646
 -1.50664
 -5.71203
 -2.57404
 -0.62758
 0.315407
-0.955999
 -1.52845
 -5.68512
 -2.51651
-0.680434
 0.316828
-0.937012
 -1.52082
 -5.60872
 -2.52436
-0.685224
 0.302877
-0.916782
 -1.53166
 -5.52737
 -2.55024
-0.650906
 0.303822
-0.914392
 -1.51868
 -5.49881
 -2.44513
-0.628234
 0.303156
-0.919164
 -1.50177
 -5.49072
 -2.52298
 -0.68828
 0.304852
-0.900693
 -1.51567
 -5.44471
 -2.48073
-0.655568
 0.293855
-0.888174
 -1.50358
 -5.32425
 -2.42784
-0.619446
 0.301169
-0.866304
 -1.48692
 -5.23614
 -2.44422
-0.664462
 0.285293
-0.863781
 -1.49563
 -5.26286
  -2.4337
-0.635933
 0.286643
-0.846141
 -1.49904
 -5.15492
 -2.35046
-0.649934
 0.282792
-0.830506
 -1.46799
 -5.19381
 -2.42314
-0.572795
 0.298611
-0.839681
 -1.49435
 -5.07763
 -2.45529
-0.680493
 0.280004
-0.809029
 -1.48142
 -4.98084
 -2.29752
-0.651326
 0.278744
-0.799178
 -1.49197
 -5.00706
 -2.43329
-0.563984
 0.276978
 -0.81838
 -1.48083
 -4.88606
 -2.33015
-0.658429
 0.271269
 -0.77758
 -1.48217
 -4.80931
 -2.34615
-0.610939
 0.268229
-0.800622
 -1.46622
 -4.70183
 -2.28549
-0.627473
 0.266601
-0.771302
 -1.47602
 -4.68454
 -2.30586
-0.647351
 0.270975
-0.758599
 -1.45918
 -4.68178
 -2.33105
-0.572938
 0.261045
-0.766406
 -1.45193
 -4.56857
 -2.22614
-0.587535
 0.269367
-0.749819
 -1.42759
 -4.53689
 -2.29638
-0.569616
 0.262677
 -0.75514
  -1.4306
 -4.39865
 -2.21271
-0.623116
 0.250444
-0.751156
 -1.42562
 -4.37358
   -2.203
-0.606229
 0.261267
-0.731051
 -1.42329
 -4.37979
 -2.25222
-0.532357
 0.247522
-0.756435
 -1.41895
 -4.23132
 -2.13478
-0.626132
 0.238563
-0.716583
 -1.40314
  -4.1316
 -2.19376
-0.604742
 0.237328
-0.699939
 -1.40046
 -4.06013
 -2.12663
-0.554812
 0.248436
-0.707395
 -1.38938
 -4.05425
 -2.16804
-0.576234
 0.251462
-0.705462
 -1.40835
 -3.95125
 -2.12661
-0.650909
 0.247575
-0.693344
 -1.41335
 -3.85229
 -2.09476
-0.582996
 0.249497
-0.673091
 -1.39403
 -3.78864
 -2.08373
-0.569926
 0.243887
-0.682301
 -1.40356
  -3.6989
 -2.02224
-0.641773
 0.241227
-0.685636
 -1.39725
 -3.73114
 -2.08117
-0.583137
 0.244569
-0.664886
 -1.37883
 -3.58907
 -2.02699
-0.569594
 0.238822
-0.677306
 -1.37281
 -3.47418
 -2.02149
-0.568641
 0.238804
-0.662468
 -1.40496
  -3.3796
 -1.98719
-0.623693
 0.242474
-0.663758
 -1.38315
 -3.33738
 -1.96178
-0.545388
 0.235155
-0.664879
 -1.36463
 -3.28436
 -1.92196
-0.501704
 0.243857
-0.676547
 -1.34514
 -3.17968
 -1.91276
-0.566446
 0.238258
-0.663952
 -1.35014
  -3.0629
 -1.90569
-0.550116
 0.236529
-0.642909
 -1.36004
 -2.98749
 -1.84176
-0.556422
 0.231819
-0.643802
 -1.34554
 -2.94151
 -1.81727
-0.543475
 0.232483
 -0.63705
 -1.34961
 -2.80578
 -1.86655
-0.607345
 0.233201
-0.617313
 -1.35843
 -2.67986
 -1.77103
-0.592724
 0.222342
 -0.61305
 -1.33896
 -2.63334
 -1.75391
-0.549558
 0.234213
-0.607526
 -1.34841
 -2.53942
 -1.74978
-0.552729
 0.213638
-0.592264
 -1.35107
 -2.56602
 -1.76093
-0.581695
 0.213577
-0.596923
 -1.35605
 -2.50734
 -1.69491
-0.589825
 0.220183
-0.588938
 -1.33903
 -2.42694
 -1.72245
-0.513356
 0.229427
-0.590446
 -1.33594
 -2.26062
 -1.64517
-0.589738
 0.208224
-0.562787
 -1.32785
 -2.25223
 -1.64736
 -0.64566
  0.21329
-0.548649
 -1.32969
 -2.22734
 -1.66243
-0.596236
 0.208841
-0.555345
 -1.32615
 -2.16234
  -1.6377
-0.534716
 0.210644
-0.587975
 -1.32004
 -2.07182
 -1.59454
-0.592072
 0.226044
 -0.57773
 -1.26898
-2.87883
-1.89769
-0.60876
0.220952
-0.57204
-1.29092
 -1.86864
 -1.60349
-0.585652
 0.198507
-0.518026
 -1.27424
 -2.58712
 -1.77156
-0.512488
 0.213841
-0.543016
 -1.29356
 -2.00715
 -1.59966
-0.523016
 0.212367
 -0.52287
 -1.34202
  -1.8252
 -1.54192
-0.575385
 0.194837
-0.489941
 -1.32567
 -2.23111
 -1.70229
-0.531187
 0.201443
-0.502562
 -1.30845
  -1.9671
 -1.60619
-0.570242
 0.209789
-0.533023
 -1.29617
 -1.80308
 -1.56531
-0.575629
 0.207941
-0.526019
 -1.28957
  -1.9785
 -1.61684
-0.529106
 0.208889
 -0.50826
 -1.25248
 -1.64397
 -1.45958
 -0.55037
 0.210927
-0.525615
 -1.29033
 -1.93779
 -1.59008
-0.552278
 0.206428
-0.540705
 -1.26284
 -1.80986
 -1.56229
-0.562102
 0.207486
-0.524628
 -1.27886
 -1.48831
 -1.47732
-0.531351
 0.206369
-0.531619
 -1.29259
 -1.56484
 -1.49991
-0.631207
  0.20421
 -0.50213
 -1.25969
 -1.45915
 -1.42915
-0.565227
 0.213415
-0.531607
 -1.26004
 -1.35532
 -1.44742
 -0.56945
 0.204056
-0.522054
 -1.28568
 -1.30332
 -1.34825
-0.600719
 0.199212
-0.518553
   -1.283
  -1.1279
 -1.36963
-0.595516
 0.204063
-0.511379
 -1.30056
 -1.01269
 -1.23796
-0.569471
 0.201947
    -0.51
 -1.28627
 -1.20295
 -1.34232
-0.571743
 0.203411
 -0.55036
 -1.30155
-0.928125
  -1.2809
-0.620505
 0.200889
 -0.50318
 -1.31593
 -1.00523
 -1.31757
-0.543575
 0.209546
-0.526373
 -1.32038
-0.798736
 -1.18244
-0.604811
 0.193277
-0.497052
   -1.323
-0.823301
 -1.24411
-0.621478
 0.195295
-0.499795
 -1.33392
-0.794173
 -1.23533
-0.619417
 0.206137
-0.505533
 -1.31494
-0.806422
 -1.19214
 -0.59976
 0.210696
-0.497437
   -1.313
-0.763558
 -1.18007
-0.563399
 0.202762
-0.504314
 -1.32791
-0.626699
 -1.18282
-0.613149
 0.202305
-0.493815
 -1.32469
-0.730932
 -1.18917
-0.613299
  0.20002
-0.508621
 -1.34446
-0.659331
 -1.19246
-0.588182
 0.202418
-0.504848
 -1.32391
-0.633118
 -1.09696
-0.605147
 0.197001
-0.498477
 -1.33445
-0.524115
 -1.17677
-0.569947
 0.193795
-0.493633
 -1.34324
-0.531886
 -1.17268
-0.615821
 0.193381
-0.491568
  -1.3403
 -0.53636
 -1.09541
-0.629648
 0.195989
-0.490309
 -1.33054
-0.538027
 -1.13632
-0.561252
 0.199045
 -0.50896
 -1.32733
-0.479301
  -1.1157
-0.617084
 0.194932
-0.481851
 -1.34789
-0.450725
 -1.10695
-0.627268
 0.185184
-0.478744
 -1.33769
-0.484951
 -1.10224
-0.627588
 0.194687
-0.490396
 -1.33568
-0.472806
 -1.05803
-0.611202
 0.195368
-0.497195
 -1.32637
-0.432822
 -1.13883
-0.653051
 0.193644
-0.487443
 -1.33255
-0.380033
 -1.05663
-0.642952
 0.195999
 -0.48889
 -1.34912
-0.396683
 -1.09687
-0.611415
 0.193792
-0.479517
 -1.33373
-0.384548
 -1.03575
-0.614713
  0.20311
-0.485084
 -1.33151
 -0.36437
  -1.0853
 -0.62093
 0.192345
-0.477089
 -1.34778
-0.335828
 -1.08346
-0.628569
 0.195519
-0.485324
 -1.33583
-0.280206
  -0.9972
-0.618859
 0.190368
-0.484732
 -1.31871
 -0.30324
 -1.09718
-0.612215
 0.190888
-0.482345
 -1.32866
-0.315231
 -1.00824
-0.658584
 0.185767
 -0.47444
 -1.31781
-0.296067
 -1.10153
-0.623246
 0.190305
-0.485172
 -1.33535
-0.292037
 -1.00685
-0.621159
 0.192467
-0.468666
 -1.33821
-0.228131
 -1.03226
-0.635246
 0.195605
-0.485229
 -1.31953
-0.249043
 -1.02321
-0.634649
 0.189317
-0.475957
 -1.32925
-0.254475
 -1.03452
 -0.62896
 0.191105
-0.483948
 -1.34764
-0.218655
 -1.01798
-0.585548
 0.188683
-0.471352
 -1.32181
-0.217335
-0.993584
-0.661366
 0.182872
-0.480776
 -1.34269
-0.222994
 -1.05218
 -0.62816
 0.193641
-0.484854
 -1.34123
-0.212827
-0.999473
-0.598737
 0.190616
-0.479447
 -1.34029
-0.200057
 -1.01091
-0.620324
 0.188017
-0.473824
 -1.33237
-0.146641
-0.974609
-0.611174
 0.183718
-0.463394
 -1.31348
-0.123099
 -1.03683
-0.625154
 0.187423
-0.472254
 -1.34424
-0.157336
 -1.02166
-0.583406
 0.191677
-0.484702
 -1.33957
-0.171393
-0.959233
-0.627439
 0.180823
-0.471274
 -1.32503
-0.156592
 -1.02671
-0.600325
 0.188744
-0.488509
 -1.32012
-0.121523
 -0.97497
-0.606865
 0.185715
-0.469307
 -1.32805
-0.117726
 -1.02738
-0.655054
 0.184972
-0.477071
 -1.32935
-0.129742
 -1.01704
-0.615741
 0.196619
-0.464735
 -1.33954
 -0.14499
-0.956329
-0.621092
  0.19023
-0.478867
 -1.33384
-0.113597
 -1.00859
-0.606738
 0.182654
-0.480246
 -1.32379
-0.103767
-0.964291
-0.641226
 0.189658
-0.466913
 -1.34422
-0.109848
 -1.04133
-0.637386
 0.184447
-0.466284
 -1.34305
-0.120156
-0.956181
-0.619026
 0.183288
-0.464494
 -1.32843
-0.116202
-0.972089
-0.631987
 0.193939
-0.470729
 -1.32631
-0.0949495
 -0.958082
 -0.647969
  0.188456
 -0.460224
  -1.31952
-0.0914904
 -0.996051
 -0.627346
  0.185279
 -0.450154
  -1.35525
-0.0811861
 -0.980074
  -0.64535
  0.192515
 -0.466681
  -1.33824
-0.0801372
 -0.976801
 -0.651063
  0.185946
 -0.468437
  -1.34106
-0.0697268
 -0.983865
 -0.612595
  0.182995
 -0.461427
  -1.32728
-0.0552103
 -0.925376
 -0.626541
  0.184306
 -0.461741
  -1.31006
-0.0489419
 -0.993961
 -0.650137
  0.181811
 -0.442476
  -1.32845
-0.0591436
 -0.951462
 -0.637299
   0.19192
 -0.473462
  -1.33903
-0.0709877
 -0.970132
 -0.619758
  0.192776
 -0.471424
   -1.3313
-0.0362488
 -0.960255
 -0.614145
  0.183028
 -0.460028
  -1.32229
-0.0433697
 -0.973669
 -0.617135
  0.183169
 -0.464788
  -1.32513
-0.0330196
 -0.946672
 -0.605789
   0.18898
 -0.450937
  -1.31946
-0.023318
-0.977449
-0.608187
 0.196266
-0.457594
 -1.32996
-0.0319138
 -0.970554
  -0.63712
  0.181381
   -0.4515
  -1.32655
-0.0025574
 -0.970536
 -0.621908
  0.187277
 -0.463118
  -1.34425
-0.0158595
   -0.9577
 -0.620017
  0.197617
 -0.468539
  -1.32976
-0.0288327
 -0.923726
 -0.627735
  0.176369
 -0.462301
   -1.3282
-0.0168648
 -0.971053
 -0.615152
    0.1873
 -0.467616
  -1.33619
-0.0188149
 -0.947845
 -0.622355
  0.174995
 -0.469308
  -1.32695
-0.0161101
 -0.965618
 -0.619906
  0.186937
 -0.460216
  -1.33837
0.00367295
 -0.935977
 -0.609695
  0.187098
  -0.46486
  -1.33417
0.0314212
-0.957477
-0.642499
 0.184964
-0.449202
 -1.33942
0.0247876
-0.930417
-0.629622
  0.18338
-0.460776
 -1.31938
0.0391882
-0.987845
-0.629423
  0.19314
-0.460547
 -1.35025
 0.056884
-0.892762
-0.645366
 0.182641
 -0.44349
 -1.31458
0.0377135
 -0.93192
-0.618372
  0.18561
-0.461488
 -1.31989
0.0541998
-0.949378
 -0.60973
 0.171749
-0.459816
 -1.31676
 0.072848
   -0.906
-0.615982
 0.184977
-0.452731
 -1.32162
0.0861781
-0.958944
-0.581784
 0.183523
-0.450881
 -1.32236
0.0933998
-0.875545
-0.686135
 0.178548
-0.451091
 -1.32891
 0.123419
 -0.95481
-0.668421
 0.183966
-0.446848
  -1.3132
 0.101986
-0.921771
-0.580859
 0.187525
-0.464658
 -1.33153
0.0909042
-0.890296
-0.649584
 0.170719
-0.457997
  -1.3211
 0.105527
-0.930983
-0.630547
 0.179062
-0.448595
 -1.33173
0.0994381
 -0.89641
-0.609387
 0.180767
-0.446899
 -1.32977
 0.104634
 -0.92829
-0.646111
 0.180589
-0.453029
 -1.33153
   0.1272
-0.931701
-0.580165
 0.192146
-0.468399
 -1.32513
 0.109687
-0.904719
-0.625678
 0.183794
-0.439907
 -1.32047
 0.118816
-0.926778
-0.624645
 0.169572
-0.452224
 -1.31994
 0.103999
-0.963146
-0.573931
 0.190308
-0.459178
 -1.34464
  0.10452
-0.917224
 -0.63012
 0.192885
 -0.45306
 -1.33652
 0.117297
-0.892788
-0.612827
 0.191191
-0.450242
 -1.32081
 0.117677
-0.944856
-0.594444
 0.187715
-0.466062
 -1.33189
 0.121696
  -0.8794
 -0.64589
 0.177631
-0.445009
 -1.33418
 0.129755
-0.901431
-0.606074
 0.184639
-0.460217
 -1.33104
 0.131227
-0.931254
-0.590854
 0.182847
-0.442316
 -1.33757
 0.130067
-0.903431
-0.636283
 0.183409
-0.445336
 -1.33101
  0.13781
-0.908338
-0.628434
 0.189728
-0.443228
 -1.33247
 0.168889
-0.925491
-0.635652
 0.183314
-0.430365
 -1.33282
 0.141497
-0.923319
-0.615566
 0.178255
-0.443156
 -1.32693
 0.158112
-0.882861
-0.649172
 0.178537
-0.442879
 -1.31967
 0.169986
-0.914609
-0.643634
  0.17709
-0.449955
 -1.32675
 0.178295
-0.872249
-0.647362
 0.177859
-0.437569
 -1.32427
 0.152093
-0.934376
-0.617202
 0.170823
-0.454245
 -1.32368
 0.164749
 -0.86739
-0.628354
  0.17818
-0.451042
 -1.31406
  0.17426
-0.898242
-0.661978
 0.186158
 -0.43374
 -1.31917
  0.17741
 -0.89321
-0.633129
 0.180758
-0.438873
 -1.32312
 0.179395
 -0.95009
-0.614741
 0.190209
-0.443273
   -1.337
 0.154476
-0.883851
-0.626543
 0.180106
-0.440006
 -1.31172
 0.171924
  -0.8865
-0.621143
 0.181222
-0.435795
 -1.32692
 0.174956
-0.932542
-0.649851
 0.197952
-0.441298
  -1.3355
 0.175344
  -0.9095
-0.635725
 0.184274
-0.440228
 -1.32323
 0.160577
-0.924569
-0.609509
 0.183228
-0.448843
 -1.32274
 0.175722
 -0.88628
-0.627465
 0.179535
-0.446654
 -1.32176
 0.180096
-0.895313
-0.628571
   0.1829
-0.444032
 -1.33798
 0.152732
-0.911192
-0.620888
 0.178779
-0.447841
 -1.31946
 0.183793
-0.893418
-0.624837
 0.188076
-0.437209
 -1.31728
 0.177695
-0.910998
 -0.60959
 0.182397
 -0.44413
 -1.31839
 0.153121
-0.910903
-0.581838
  0.18233
-0.450158
 -1.32135
  0.16606
-0.881486
 -0.61827
 0.176418
 -0.44128
 -1.30974
 0.177218
-0.918745
-0.622547
 0.180738
-0.447403
 -1.31873
 0.155593
 -0.89901
-0.640101
 0.180493
-0.443064
 -1.32446
 0.177216
 -0.92661
 -0.62026
  0.18433
-0.444836
 -1.32722
 0.187365
 -0.90742
 -0.60183
 0.187994
-0.439847
 -1.31609
 0.172793
-0.875639
 -0.62188
 0.178109
-0.454619
 -1.31852
  0.19908
-0.932463
-0.628706
 0.178794
-0.451909
 -1.31808
 0.188691
 -0.88119
-0.628325
 0.177547
-0.441483
 -1.31624
 0.186257
-0.904537
-0.627425
 0.183308
-0.440543
 -1.31088
 0.166683
-0.908836
-0.603974
 0.173614
-0.448052
 -1.31847
 0.155879
-0.890609
-0.623568
 0.179204
-0.450119
 -1.31442
 0.166833
-0.907562
-0.606765
 0.186957
-0.444058
 -1.33626
  0.16864
 -0.91693
-0.639563
 0.181875
 -0.43618
   -1.321
 0.166935
-0.900853
-0.618746
 0.180885
 -0.44584
 -1.31179
 0.159382
-0.903365
-0.617939
 0.181885
-0.443954
 -1.33052
 0.177269
-0.900069
-0.625991
    0.188
-0.446651
 -1.33517
 0.157152
-0.911074
-0.626628
 0.187173
-0.440642
 -1.32893
 0.178598
-0.905745
-0.628934
 0.185752
-0.436905
 -1.32442
 0.181948
-0.902438
-0.618989
 0.182851
-0.444066
 -1.32585
 0.159275
-0.911373
-0.615323
 0.183391
-0.449692
 -1.32502
  0.17819
-0.904418
-0.624657
 0.180398
-0.444887
 -1.33515
  0.16161
-0.913156
-0.618474
  0.18155
-0.459179
 -1.32102
 0.177163
-0.916546
-0.624069
 0.187186
-0.437015
 -1.32268
 0.163478
-0.902768
-0.616803
 0.185633
-0.436508
 -1.32422
 0.157687
-0.905287
-0.617926
 0.182761
-0.453249
 -1.33319
  0.17581
-0.903344
 -0.61998
  0.18146
-0.443777
 -1.32092
 0.150124
-0.908416
-0.617878
 0.179967
-0.447249
 -1.33627
 0.161663
-0.912622
-0.622234
 0.191861
-0.455261
 -1.33451
 0.174084
-0.904395
 -0.62338
 0.183988
-0.430593
 -1.32153
 0.160384
 -0.90893
 -0.62193
 0.179777
-0.458033
 -1.31878
 0.180447
-0.904809
-0.620201
    0.186
-0.440054
 -1.33148
 0.167188
-0.910275
-0.618915
 0.184654
-0.450566
 -1.33443
 0.185881
-0.901825
-0.630244
 0.188018
-0.430284
 -1.32368
 0.167026
-0.909914
-0.626547
  0.18568
-0.442046
 -1.32268
 0.162487
-0.908859
-0.620992
 0.178853
-0.449457
 -1.32625
 0.169118
-0.909993
-0.623439
 0.183827
-0.447237
  -1.3367
 0.176894
-0.907682
-0.620933
 0.185615
-0.437776
 -1.31641
 0.164807
-0.909067
-0.624579
 0.187542
-0.444381
 -1.33352
 0.185365
-0.909164
-0.624271
 0.180287
-0.440181
 -1.32241
 0.184894
-0.898319
-0.620273
 0.183068
-0.440722
 -1.32438
 0.157831
-0.907061
-0.618764
 0.175492
-0.441922
 -1.32298
 0.152304
-0.909252
-0.620095
  0.18187
-0.444153
 -1.33466
 0.172726
-0.908446
-0.626694
 0.180379
-0.439447
 -1.32965
 0.155569
-0.906691
-0.622964
 0.179716
-0.451874
  -1.3082
 0.156539
-0.910338
-0.618535
 0.181034
-0.457934
 -1.31691
 0.168901
-0.901375
-0.626841
 0.180833
-0.440798
 -1.32355
 0.151564
-0.914769
-0.617609
 0.182028
-0.450427
 -1.33247
 0.162598
-0.917796
-0.619772
 0.184337
-0.466273
 -1.33679
  0.14655
-0.910621
-0.617827
 0.187261
-0.447935
 -1.33232
 0.185425
-0.909873
-0.618767
 0.177863
-0.460084
 -1.33149
 0.174318
-0.905716
-0.621294
 0.184591
-0.439872
 -1.33115
 0.145104
-0.913692
 -0.61552
 0.182045
-0.455881
 -1.33799
 0.153679
-0.906435
-0.626825
  0.18269
-0.435088
  -1.3289
 0.171552
-0.895817
-0.631411
 0.180921
-0.452212
 -1.32061
 0.156441
-0.908467
-0.620157
 0.194051
-0.458611
 -1.33199
 0.159657
-0.906251
-0.619926
 0.177557
-0.455824
 -1.32454
 0.157734
-0.906249
-0.627639
   0.1861
-0.442698
 -1.31293
 0.163452
-0.903454
 -0.61581
 0.183757
-0.441714
 -1.33133
 0.165736
-0.905243
  -0.6233
 0.178645
-0.437408
 -1.32071
 0.142472
-0.919923
-0.619574
 0.185083
-0.455147
 -1.32665
 0.161135
-0.911758
-0.618672
   0.1807
-0.451319
 -1.32524
 0.151604
-0.906271
-0.618983
 0.187261
-0.459559
 -1.32812
 0.163895
-0.906488
-0.622063
 0.178352
 -0.44748
 -1.31848
 0.152464
-0.910586
-0.619698
 0.177519
-0.448851
 -1.31911
  0.15459
-0.910063
-0.622497
 0.179028
-0.438516
 -1.34457
 0.154206
-0.909418
-0.626551
 0.181742
-0.459587
 -1.32489
 0.154832
-0.911334
-0.619937
 0.179813
-0.447178
 -1.33125
 0.164247
-0.907662
-0.619693
 0.182205
-0.451471
 -1.31218
 0.177634
-0.902571
-0.627837
 0.187933
-0.440772
 -1.31594
 0.165423
-0.904036
-0.623576
 0.175956
-0.438483
 -1.33381
  0.14816
-0.917776
-0.620932
 0.181553
-0.447556
 -1.33569
 0.177351
-0.901168
-0.627993
 0.187364
-0.432918
 -1.32012
 0.159931
-0.907798
-0.624197
 0.176792
-0.457652
 -1.31812
 0.144762
-0.912589
-0.619679
  0.18306
-0.452924
 -1.31899
 0.157349
-0.912746
 -0.61878
 0.185489
-0.452964
 -1.32978
 0.162748
-0.909108
-0.619887
 0.185446
-0.435877
 -1.32012
 0.146928
-0.913299
-0.617506
 0.177483
-0.454237
 -1.32651
 0.162995
-0.902135
-0.623505
 0.185984
-0.449337
 -1.32309
 0.153065
-0.920788
-0.622892
 0.187508
-0.454026
 -1.32588
 0.162623
-0.909251
-0.615396
 0.181613
-0.455492
 -1.32427
 0.149288
 -0.91383
-0.617447
 0.181912
-0.443382
 -1.32057
 0.157214
-0.911998
-0.619865
  0.18617
-0.443979
  -1.3251
  0.15742
-0.904817
-0.623462
 0.183824
-0.445886
 -1.32609
 0.168459
-0.907747
-0.620014
 0.177198
-0.438182
 -1.32923
 0.162401
-0.908345
-0.626554
 0.184092
-0.441071
 -1.31917
 0.143921
-0.909392
 -0.62095
 0.178371
-0.445605
 -1.32217
 0.153901
-0.915822
-0.621943
 0.185928
-0.453769
 -1.32602
  0.15181
-0.915041
-0.622247
 0.191685
-0.454014
 -1.33685
 0.153242
-0.912837
 -0.61775
 0.181147
-0.441207
  -1.3344
  0.15296
 -0.91156
-0.617799
 0.182506
-0.440889
 -1.33378
 0.151476
-0.914774
-0.619818
 0.175929
-0.442704
 -1.33262
 0.153747
-0.907558
-0.619724
 0.175833
  -0.4479
 -1.31558
 0.160585
-0.908506
-0.620126
 0.189091
 -0.44481
 -1.33071
 0.169443
-0.903074
-0.625611
  0.18407
-0.436216
 -1.31778
 0.172336
-0.906431
-0.623186
  0.18675
-0.447292
 -1.31483
 0.165036
-0.901842
-0.619932
 0.184383
-0.437434
 -1.31006
 0.152703
-0.911038
-0.621288
 0.174894
-0.433269
 -1.34275
 0.153551
-0.914884
-0.626437
 0.183807
-0.456252
 -1.32749
 0.161043
-0.911911
-0.620855
 0.176472
-0.451282
 -1.32517
 0.156391
 -0.90949
-0.619512
 0.180834
-0.444897
 -1.30547
 0.147766
-0.916596
-0.620792
 0.179849
-0.451908
 -1.32806
  0.16393
-0.907109
-0.622914
 0.174617
-0.443476
  -1.3074
 0.147055
-0.912954
-0.627954
 0.185421
-0.439468
 -1.34011
 0.141585
-0.908019
-0.622099
 0.182707
-0.445301
 -1.31892
 0.157982
 -0.90742
-0.625641
 0.179948
-0.441696
 -1.32969
 0.168976
-0.901609
-0.618832
 0.178918
-0.444892
 -1.31478
 0.144643
-0.911201
-0.617904
  0.18864
-0.453143
 -1.33676
  0.15272
 -0.91127
-0.620717
 0.183777
-0.450583
 -1.31247
 0.164911
-0.901534
 -0.62577
 0.182528
-0.435515
 -1.32341
 0.166097
-0.906921
 -0.62563
 0.180939
-0.452231
 -1.33004
 0.167955
-0.906141
 -0.62079
 0.180988
-0.452511
 -1.30951
 0.156044
-0.916411
-0.617454
 0.180558
-0.456017
 -1.32899
 0.145519
-0.906954
-0.622364
 0.180983
-0.439232
 -1.33056
 0.150953
-0.912556
-0.619835
 0.183458
-0.461157
 -1.32856
 0.160684
 -0.90993
-0.619929
 0.180625
-0.450947
 -1.32886
 0.161087
-0.903039
-0.622256
 0.180885
-0.440202
 -1.31909
 0.143754
-0.917006
-0.621829
 0.183203
-0.453136
 -1.32309
 0.165178
-0.910897
  -0.6212
 0.184749
-0.450822
 -1.33667
 0.157566
 -0.91319
-0.620277
 0.182865
-0.437263
 -1.34884
 0.162077
-0.907423
-0.618482
 0.180393
-0.449675
 -1.30735
 0.143024
-0.905723
-0.625789
 0.176071
-0.436276
 -1.33419
 0.153221
-0.912953
-0.617556
 0.183085
-0.448617
 -1.32502
 0.169998
-0.904807
-0.624545
 0.187228
-0.431916
 -1.32117
 0.165803
-0.905092
-0.618703
 0.185034
-0.445905
 -1.31143
 0.148771
-0.912404
-0.623093
 0.179314
-0.449584
 -1.32389
 0.148147
 -0.90887
-0.617904
 0.184253
-0.447406
   -1.334
 0.155884
 -0.90624
-0.619315
 0.185341
 -0.44135
 -1.34302
 0.170375
-0.906813
-0.623228
 0.185203
 -0.44097
 -1.31729
 0.158465
-0.908796
-0.627949
 0.187427
-0.442798
 -1.33253
 0.150523
-0.911214
-0.621954
 0.177703
-0.449128
 -1.32133
  0.15962
-0.914078
 -0.61969
  0.17905
-0.444303
 -1.32405
 0.162104
  -0.9072
-0.629194
  0.18023
-0.437452
 -1.33922
 0.167374
 -0.90355
-0.625464
 0.179453
-0.434562
 -1.31323
 0.150109
-0.909314
-0.622987
  0.18167
 -0.44736
 -1.31124
 0.166965
-0.901756
-0.624565
 0.181484
-0.443037
 -1.32125
 0.159712
-0.906171
-0.622132
 0.179508
-0.445943
 -1.32018
 0.158246
-0.916477
-0.633122
 0.189943
-0.440298
 -1.32444
 0.150801
-0.911845
-0.623113
 0.182982
 -0.44722
 -1.32167
 0.148898
-0.912159
-0.618865
 0.183743
-0.450925
 -1.33315
 0.150629
 -0.91091
-0.615356
 0.183301
-0.455171
 -1.32364
 0.139186
-0.915791
 -0.61853
 0.172343
-0.444166
 -1.32706
 0.164298
-0.899168
-0.625897
 0.183127
-0.443689
 -1.32651
 0.150521
 -0.91099
-0.617499
 0.178104
-0.451246
 -1.32139
 0.168651
-0.899605
-0.619964
 0.185962
-0.438331
 -1.30713
 0.144949
-0.913894
-0.621912
 0.175545
-0.445676
 -1.32433
 0.161502
-0.904889
-0.618944
 0.178086
-0.446795
 -1.32681
 0.154326
-0.917937
 -0.61504
 0.177862
-0.450821
 -1.32294
 0.144237
-0.910577
 -0.61885
 0.177208
-0.447232
 -1.33198
 0.171888
-0.912877
-0.618714
 0.181883
-0.440007
 -1.32746
 0.163961
-0.906261
-0.619848
 0.181646
-0.443617
 -1.31635
 0.150115
 -0.91732
-0.623272
 0.180022
-0.441517
 -1.34039
 0.152535
-0.909981
-0.621266
 0.184147
 -0.44712
 -1.33716
 0.154189
-0.908616
-0.619784
 0.180634
-0.438507
 -1.31648
 0.138768
-0.912531
-0.617876
 0.186882
-0.445479
 -1.33697
 0.149829
-0.907372
-0.622419
   0.1858
-0.447523
 -1.33326
 0.161414
-0.905106
-0.621072
 0.174813
-0.450529
 -1.32435
 0.151049
-0.913747
-0.621675
 0.175001
-0.449514
  -1.3134
 0.166065
-0.906233
-0.618668
 0.181755
-0.438561
 -1.31226
  0.16006
-0.906153
-0.626738
 0.194303
-0.435831
 -1.31807
 0.150178
-0.908374
-0.617872
 0.188886
-0.448808
 -1.32939
 0.154549
 -0.91012
-0.619935
 0.182147
-0.450627
 -1.32824
 0.151389
-0.907251
-0.624236
 0.171011
-0.456638
 -1.32146
 0.155633
-0.906709
-0.620829
 0.181913
 -0.46068
  -1.3126
 0.155387
-0.905215
-0.618935
 0.181531
-0.454135
 -1.32597
 0.169398
-0.911869
-0.626593
 0.176571
-0.434934
 -1.33102
 0.152611
-0.911238
-0.620632
 0.178785
-0.447715
 -1.31025
  0.15746
-0.905012
-0.625815
 0.184587
-0.448846
 -1.33283
 0.163048
-0.910522
 -0.61982
 0.186021
-0.443857
 -1.32053
 0.144803
-0.913353
-0.623206
 0.174094
-0.445749
 -1.33316
  0.16468
-0.909746
-0.620924
 0.179011
-0.456072
 -1.32442
 0.160857
-0.910864
-0.627686
 0.180309
-0.442994
  -1.3269
  0.16324
-0.904025
-0.624397
 0.175881
-0.443039
 -1.31957
 0.144515
-0.911209
 -0.62001
 0.182489
-0.445323
 -1.33233
 0.151749
 -0.90686
-0.619971
 0.187564
-0.454654
 -1.32166
 0.150385
-0.909043
-0.621405
 0.187993
-0.439456
 -1.33905
 0.147986
-0.909158
-0.621902
 0.180805
-0.449581
 -1.31318
 0.137101
-0.914858
-0.631232
 0.182774
-0.433123
 -1.33987
  0.16889
-0.901529
-0.626518
 0.183815
-0.451817
 -1.30719
 0.152624
-0.909827
-0.619087
 0.188388
-0.447153
 -1.33723
 0.155332
-0.913211
-0.620779
 0.183764
 -0.44521
 -1.31846
 0.140323
-0.911168
-0.624391
 0.184201
-0.445315
 -1.32699
 0.148829
-0.912861
-0.621857
 0.174803
-0.442999
 -1.31983
 0.160527
-0.908413
 -0.61991
 0.188152
-0.440668
 -1.31936
 0.141535
-0.916022
-0.617453
 0.185338
-0.456272
 -1.32479
 0.152465
-0.910759
-0.621874
 0.178299
-0.451556
 -1.31668
 0.144691
-0.912754
-0.621947
 0.178828
-0.453018
  -1.3235
 0.151399
-0.914083
-0.616511
 0.180859
 -0.45128
 -1.33216
 0.161173
 -0.91148
-0.624414
 0.188872
-0.454756
 -1.32927
 0.141922
-0.916967
-0.615469
 0.185319
-0.445445
 -1.33725
 0.151137
-0.905146
-0.623046
 0.183261
-0.453753
 -1.30689
 0.152938
-0.903027
-0.623645
 0.183446
-0.432608
 -1.32979
 0.149126
-0.913578
-0.620722
 0.183169
-0.453576
 -1.31759
 0.145003
-0.914268
-0.613784
 0.175489
-0.457338
 -1.31077
 0.154512
  -0.9101
-0.619756
 0.182161
-0.450376
 -1.31907
 0.175055
-0.899879
-0.629268
 0.192664
 -0.43663
 -1.32363
 0.154972
-0.903191
-0.620072
  0.18357
-0.444832
 -1.32068
 0.150127
-0.909024
-0.621006
 0.178976
 -0.43724
 -1.32304
 0.149644
-0.906762
-0.621254
 0.185527
-0.452174
 -1.33055
 0.162623
-0.909224
-0.620058
 0.177366
-0.438304
  -1.3338
 0.149162
-0.913487
-0.618673
 0.183359
-0.454884
 -1.32679
  0.14758
-0.915797
-0.619784
 0.176687
-0.445255
 -1.33254
 0.165353
-0.912218
-0.618682
 0.181494
-0.460632
  -1.3279
 0.151901
-0.908019
-0.622131
 0.178123
-0.439618
 -1.32264
 0.158406
-0.908901
-0.617615
 0.180648
-0.445115
 -1.32158
 0.154547
-0.909446
-0.625808
 0.184529
-0.431211
 -1.33749
 0.154833
-0.911458
-0.619833
 0.181757
-0.454711
 -1.32646
 0.161435
-0.913043
-0.618715
 0.179355
-0.451756
 -1.33044
 0.162382
-0.908093
-0.620183
 0.180641
-0.445772
 -1.33756
  0.15356
-0.914264
-0.621934
 0.183454
-0.438006
 -1.32124
 0.144624
-0.920942
-0.626329
 0.176801
-0.444558
 -1.33426
 0.151477
-0.914837
-0.619766
 0.176903
 -0.44647
 -1.33022
 0.154812
-0.911323
-0.619848
 0.179834
-0.447051
 -1.32667
 0.149416
-0.905831
-0.617841
 0.182569
-0.446331
  -1.3259
  0.14022
-0.909992
-0.616749
 0.185672
-0.440814
  -1.3316
 0.156434
-0.909311
 -0.62981
 0.186667
-0.438684
 -1.31424
 0.150281
-0.910039
-0.623958
 0.183885
-0.450119
 -1.30457
 0.147056
-0.913867
-0.620732
 0.175658
 -0.44062
 -1.32024
 0.163375
-0.912589
-0.618635
 0.179949
-0.454185
 -1.32579
 0.166075
-0.906561
 -0.62119
 0.179423
-0.446686
 -1.33031
 0.162467
-0.899969
-0.622329
 0.183236
-0.438227
  -1.3156
 0.154103
 -0.90883
-0.621911
 0.177364
 -0.44224
 -1.31402
 0.161186
 -0.91121
 -0.62426
  0.19004
-0.441928
 -1.31817
 0.167507
-0.903998
-0.622306
 0.176086
-0.433303
 -1.32513
 0.146188
-0.908667
-0.619105
 0.190309
-0.442623
  -1.3338
 0.150823
-0.911868
-0.620871
 0.185111
-0.455937
 -1.32149
 0.165294
-0.911986
-0.620902
 0.176489
-0.440361
 -1.32611
 0.156886
-0.911182
-0.626676
 0.183854
-0.445528
 -1.33113
 0.167771
-0.913318
-0.619615
 0.181208
-0.442133
 -1.31787
 0.151084
-0.913009
-0.620836
  0.18183
-0.448594
 -1.32232
 0.155499
-0.905835
-0.622021
 0.180667
-0.444159
 -1.31272
 0.158969
-0.910983
-0.620901
 0.185334
-0.446233
 -1.32011
 0.144858
-0.913304
-0.620742
 0.180276
-0.453068
 -1.31926
 0.152554
-0.910494
-0.617467
  0.18274
-0.452648
 -1.31677
 0.167355
-0.902956
-0.626532
 0.187065
-0.435977
 -1.30597
 0.156601
-0.909198
-0.627988
 0.190884
-0.439216
 -1.33263
 0.150521
-0.910407
-0.618656
  0.18571
-0.452786
 -1.31872
  0.15669
-0.909709
-0.626425
 0.192351
-0.438769
 -1.31006
 0.146365
-0.910747
-0.617604
 0.180211
-0.453603
 -1.32528
 0.150394
-0.909939
-0.619988
 0.185218
-0.456752
 -1.32973
 0.167064
-0.910384
-0.625516
 0.181108
-0.435686
  -1.3278
 0.151405
-0.914431
-0.620861
  0.18239
-0.456697
 -1.32731
 0.144229
-0.919066
 -0.62512
 0.182893
-0.451508
 -1.32399
 0.141908
 -0.91718
-0.619834
 0.184928
-0.443202
  -1.3326
  0.16719
-0.902225
-0.621402
  0.18312
 -0.44452
 -1.33079
 0.141498
-0.915987
-0.619606
 0.183222
-0.447427
 -1.32039
 0.169189
 -0.91085
 -0.61871
 0.175941
-0.438867
 -1.32622
 0.141836
-0.917309
-0.617493
 0.183977
-0.456713
 -1.32999
 0.151711
-0.906714
-0.619896
  0.18565
-0.446868
 -1.31729
 0.156567
-0.910259
-0.618604
 0.180153
-0.454131
 -1.31931
 0.156344
-0.908998
-0.621253
 0.179366
-0.445593
  -1.3372
 0.147961
-0.907613
 -0.61795
 0.190621
-0.449828
 -1.33102
 0.157097
 -0.90322
-0.621262
 0.182512
-0.435075
 -1.32353
 0.144575
-0.911902
-0.620896
 0.179705
-0.445215
 -1.32344
 0.146219
-0.910871
-0.619516
  0.17599
-0.453195
 -1.31146
 0.148674
-0.910931
-0.621011
 0.188957
-0.448271
 -1.32337
 0.147194
-0.914852
-0.621767
 0.176708
-0.456081
 -1.32009
 0.154609
-0.910752
-0.620873
 0.178401
 -0.44675
 -1.32174
 0.150283
-0.909832
-0.622287
 0.177129
-0.441523
 -1.33467
 0.157276
-0.912917
-0.625206
 0.182996
-0.441754
 -1.31615
 0.152147
-0.908798
-0.621127
 0.182442
-0.451471
 -1.32953
 0.154977
  -0.9117
-0.616468
 0.180517
-0.444393
 -1.32485
 0.174501
-0.906482
-0.624554
  0.18569
-0.437782
 -1.32685
 0.166131
-0.906611
-0.623286
 0.183273
-0.444352
 -1.32115
  0.15273
-0.911437
-0.618733
 0.182815
-0.464592
 -1.32819
 0.149732
-0.906357
-0.619283
  0.18591
-0.437136
  -1.3402
 0.151065
-0.905086
-0.620862
 0.179421
-0.455961
 -1.31147
 0.150428
-0.909223
-0.626092
 0.186621
 -0.43382
 -1.35055
 0.174665
-0.898945
-0.621289
 0.183955
-0.442616
 -1.31876
 0.154697
-0.910472
-0.618798
 0.180711
-0.439248
  -1.3266
 0.145414
-0.914989
-0.617398
 0.184597
-0.453594
 -1.32028
 0.168537
-0.907621
-0.629985
  0.18902
-0.438105
 -1.31949
 0.137731
-0.916926
-0.619849
 0.187036
-0.445436
 -1.33191
 0.162027
-0.914752
-0.619708
 0.185404
 -0.44123
 -1.32248
 0.159027
-0.902727
-0.629227
 0.187975
-0.444928
 -1.32962
 0.162127
-0.908185
 -0.62201
 0.171426
-0.442496
 -1.32152
 0.149786
-0.916783
 -0.62174
 0.176695
-0.450586
  -1.3215
 0.133891
-0.918582
-0.620754
 0.184033
-0.444113
 -1.32534
 0.155204
-0.912518
-0.617655
 0.183675
-0.451294
 -1.32953
 0.163836
-0.905243
-0.626947
 0.185467
-0.435703
 -1.33183
 0.151303
 -0.90557
-0.621946
 0.182782
-0.446268
 -1.30744
 0.142802
-0.912908
-0.619772
 0.180559
-0.442836
 -1.32385
 0.170363
-0.906373
-0.624644
 0.189716
-0.447801
 -1.33052
 0.150931
-0.911599
-0.618885
 0.187417
 -0.44856
 -1.33093
 0.171126
-0.901887
-0.622233
  0.17959
-0.441735
 -1.31739
 0.147467
-0.914712
-0.624241
 0.186694
-0.444411
 -1.32495
 0.145152
-0.913722
-0.617537
 0.185951
-0.453401
 -1.32425
  0.14094
 -0.91408
-0.618496
 0.179304
-0.449018
 -1.31943
 0.153909
-0.916156
-0.628626
  0.18534
-0.450592
 -1.32592
 0.158526
-0.909801
-0.620945
 0.178612
-0.448091
 -1.32401
 0.154948
-0.911649
-0.624424
 0.185393
-0.451692
 -1.33101
 0.156454
-0.909645
-0.619676
 0.182758
-0.452805
 -1.31442
 0.156413
-0.908412
-0.624648
 0.189846
-0.441157
 -1.33235
 0.151731
-0.906723
-0.619986
 0.185645
-0.446993
 -1.32187
 0.165906
-0.905903
-0.624327
 0.179916
-0.436392
 -1.31644
 0.160949
-0.911083
-0.617563
 0.179482
-0.452196
 -1.32493
 0.154445
-0.910326
-0.621974
 0.178886
-0.454234
 -1.32119
 0.143503
-0.916446
-0.620707
 0.178894
-0.458934
 -1.32493
 0.166274
-0.906929
-0.617538
 0.185127
-0.446395
 -1.31238
 0.169846
-0.905249
 -0.62889
 0.180686
-0.439507
 -1.32082
 0.150207
-0.909126
-0.621311
 0.179922
-0.441506
 -1.33898
 0.154212
-0.908638
-0.617541
 0.182764
-0.447224
  -1.3163
