    0.469076
    0.115538
   0.0105736
 -0.00822106
-1.49739e-05
  0.00220361
  0.463574
  0.140804
-0.0058277
-0.0021893
 0.0155342
  0.027686
    0.481746
    0.105422
    0.017743
 -0.00678264
-0.000554814
 -0.00581294
  0.455038
  0.158381
 -0.013432
-0.0107903
0.00255581
 0.0117475
   0.449528
   0.119954
 0.00544407
-0.00543093
 0.00158646
0.000535529
  0.443171
   0.13017
-0.0240086
0.00152806
0.00540595
0.00808102
    0.43973
   0.134985
 -0.0326423
-0.00802699
-0.00304231
  0.0172154
    0.431902
    0.133042
  -0.0426199
 -0.00722729
-0.000936721
   0.0109386
   0.439037
   0.119629
 -0.0264345
-0.00996403
-0.00617766
 0.00325321
   0.46271
 0.0808709
-0.0405056
 -0.005152
 0.0192035
 0.0254429
     0.49987
   0.0802403
  -0.0128094
  -0.0105916
-0.000558921
   0.0370228
   0.635036
   0.085773
 -0.0599201
-0.00262078
 0.00505134
  0.0290401
  0.701139
  0.158312
 0.0554201
-0.0148647
 0.0379657
 0.0295279
   0.719034
   0.162193
  0.0646891
-0.00887101
  0.0479322
  0.0317626
  0.688242
  0.132999
 0.0266052
-0.0215518
 0.0467738
 0.0418283
   0.725921
    0.24028
  0.0194855
-0.00859207
  0.0381582
  0.0347157
  0.734682
  0.173509
 0.0159006
-0.0122369
  0.023232
 0.0117531
  0.721825
  0.201308
 0.0461673
-0.0330129
 0.0434132
 0.0263231
   0.70224
  0.162164
0.00396933
 -0.011987
 0.0306224
 0.0143897
  0.667936
  0.176146
 0.0571192
-0.0171368
 0.0381797
 0.0107187
   0.682069
   0.259855
 -0.0251227
-0.00886073
  0.0255046
  0.0181688
   0.67787
  0.142544
 0.0230911
-0.0120081
 0.0246362
 0.0449023
   0.721513
   0.250154
 -0.0705309
-0.00808841
  0.0247407
  0.0225607
   0.685056
   0.148252
  0.0519819
-0.00457404
  0.0381037
  0.0372743
  0.718196
  0.245219
-0.0297259
 -0.020265
 0.0274722
 0.0202802
    0.72752
   0.179435
-0.00917258
-0.00116654
   0.028679
  0.0325673
   0.766746
   0.231571
-0.00761363
 -0.0139916
  0.0106217
   0.014229
   0.737493
   0.153164
 -0.0135593
-0.00852813
  0.0288469
  0.0370584
   0.747404
  0.0922283
-0.00226655
-0.00407757
   0.036026
  0.0296329
   0.701977
   0.273024
  0.0124873
-0.00175376
  0.0280314
  0.0236255
  0.755387
  0.191931
 -0.010803
-0.0109247
 0.0300923
 0.0230586
   0.76592
  0.208009
 0.0296376
-0.0214562
 0.0238526
 0.0304884
  0.787575
  0.186531
-0.0449131
-0.0113596
 0.0303826
 0.0217363
   0.784881
   0.207881
 -0.0329077
-0.00785127
   0.029013
  0.0313441
    0.773779
    0.173996
-0.000570486
   -0.014499
   0.0207129
   0.0211908
   0.78959
  0.195768
 0.0378666
-0.0115564
 0.0288535
 0.0201106
  0.795341
  0.197941
 0.0124113
-0.0126915
 0.0360697
 0.0281585
  0.808423
  0.230939
-0.0246583
-0.0128824
 0.0299662
 0.0296448
   0.812427
   0.160373
  0.0382666
-0.00297948
  0.0337359
  0.0415578
  0.824605
  0.248977
-0.0155984
-0.0279027
 0.0319268
 0.0250098
  0.850326
  0.165415
 0.0110238
-0.0111887
 0.0366362
 0.0381032
  0.861127
  0.243575
-0.0684512
-0.0193412
  0.027629
 0.0295459
  0.852306
  0.194542
 0.0110049
0.00529802
 0.0322922
 0.0404426
   0.854863
   0.297706
-0.00678448
 -0.0249808
  0.0341052
  0.0211471
   0.820509
   0.168801
-0.00675879
  -0.012971
  0.0327128
  0.0203163
   0.87385
  0.223215
-0.0617902
-0.0280336
 0.0400422
 0.0154653
  0.843219
  0.213856
 0.0175853
-0.0171816
 0.0437156
 0.0123338
  0.877423
    0.2546
 0.0155521
-0.0148288
 0.0412275
 0.0382981
  0.892388
  0.215903
 0.0216518
-0.0170529
 0.0504846
 0.0191105
  0.902396
  0.227005
-0.0300405
-0.0141192
 0.0488908
   0.04515
   0.898816
   0.225794
  0.0301025
-0.00224781
  0.0546089
  0.0331224
  0.908628
  0.235452
 0.0369919
-0.0164487
 0.0419064
 0.0451101
   0.932458
   0.231546
 0.00395848
-0.00226529
  0.0412017
  0.0190938
   0.924482
   0.229825
   0.022073
-0.00713417
  0.0349604
  0.0316467
  0.948161
  0.234388
-0.0559986
-0.0135274
 0.0437446
 0.0365287
  0.939654
  0.172021
 0.0372184
-0.0177881
 0.0519034
 0.0441853
  0.954495
  0.241932
-0.0449691
-0.0177761
 0.0376475
 0.0192671
  0.895576
   0.23775
 0.0350828
-0.0178445
 0.0364644
 0.0310827
   0.969276
   0.278148
 -0.0489925
-0.00544369
  0.0309859
  0.0404939
     0.9591
   0.160438
  0.0165755
-0.00350573
  0.0531733
  0.0275952
     0.9993
   0.371061
 -0.0397135
 -0.0164959
  0.0361716
-0.00449958
    0.962331
    0.234808
-0.000231787
  -0.0215396
   0.0466015
   0.0329121
   1.05616
  0.276533
-0.0259134
-0.0190849
 0.0577794
 0.0232078
   1.03438
  0.290254
-0.0240887
-0.0157408
 0.0338064
 0.0318398
   1.08618
  0.235263
  0.011658
-0.0202088
 0.0470318
 0.0367518
   1.13517
  0.364164
 0.0191118
-0.0237765
 0.0601923
 0.0253741
   1.15051
  0.279743
-0.0145541
-0.0142885
 0.0468515
 0.0403668
   1.18008
  0.311511
-0.0299381
-0.0286845
  0.047416
 0.0365658
    1.1964
  0.250487
-0.0382415
 -0.018976
 0.0536973
  0.049208
   1.24079
   0.29989
 0.0415598
-0.0212982
 0.0549777
 0.0382845
   1.29697
  0.324724
 0.0212709
-0.0252952
 0.0564735
 0.0316531
   1.28703
  0.297693
-0.0290127
-0.0107135
 0.0571304
 0.0502917
    1.25053
    0.34939
-0.00693304
-0.00805646
  0.0573453
  0.0529216
   1.26968
  0.336756
 0.0241679
-0.0121571
 0.0520145
 0.0225401
    1.32229
   0.332789
-0.00625888
 -0.0184288
  0.0698049
   0.048369
   1.32094
   0.30251
-0.0148396
-0.0156238
 0.0579009
 0.0555422
   1.31529
  0.326736
 -0.012918
-0.0150755
 0.0374573
 0.0542994
   1.35503
  0.359733
-0.0263251
-0.0266774
 0.0552355
 0.0307668
   1.32135
  0.308896
-0.0206196
-0.0197532
 0.0558522
 0.0322259
   1.35423
  0.328298
-0.0399852
-0.0187481
 0.0576498
  0.057635
   1.39169
  0.336796
 0.0668255
-0.0145319
 0.0727418
 0.0457116
    1.4166
  0.345265
 0.0180898
-0.0167906
 0.0735135
 0.0585647
     1.399
  0.304146
0.00603167
-0.0187097
 0.0589718
 0.0646615
   1.44502
  0.337856
0.00844704
-0.0208395
 0.0743281
 0.0520749
    1.53021
   0.345116
-0.00768942
 -0.0141897
  0.0649062
  0.0609218
   1.49049
  0.410386
  0.058206
-0.0150216
 0.0610101
 0.0590775
   1.52714
  0.412461
-0.0281594
-0.0154382
 0.0598514
  0.048405
   1.50759
   0.38828
-0.0332226
-0.0285419
 0.0631363
 0.0489333
   1.57254
  0.465778
-0.0723858
 -0.023884
 0.0651937
 0.0218742
   1.55489
  0.398979
0.00420268
-0.0218312
 0.0759912
  0.033831
   1.59478
  0.387513
-0.0219984
-0.0166596
 0.0651119
 0.0492472
    1.65832
   0.480287
-0.00452727
 -0.0183617
  0.0772292
  0.0465709
   1.70497
  0.429974
-0.0188262
-0.0171312
 0.0846006
 0.0441726
    1.68876
   0.427643
-0.00842033
 -0.0279865
  0.0795972
  0.0635869
   1.72785
  0.465034
0.00196797
-0.0237537
 0.0878479
 0.0546099
   1.74985
  0.459589
0.00286925
-0.0151883
 0.0676396
 0.0656656
   1.74691
  0.435239
0.00765038
-0.0257003
 0.0713962
  0.062907
   1.74321
  0.496128
-0.0653561
-0.0312083
 0.0664205
 0.0650535
    1.74012
   0.401862
-0.00776467
 -0.0281346
  0.0876489
  0.0629507
    1.7619
  0.398011
0.00799482
-0.0175534
 0.0789456
 0.0798121
  1.78547
 0.492738
0.0125344
-0.032039
0.0875322
0.0793256
   1.79894
   0.44474
 0.0326007
-0.0163975
 0.0963828
 0.0908537
   1.85022
  0.498452
-0.0440485
-0.0286074
 0.0766731
 0.0702231
   1.84089
  0.467693
-0.0333685
-0.0254064
  0.084791
 0.0855086
   1.84235
  0.460601
 0.0500532
-0.0363731
 0.0993499
 0.0852421
   1.88264
  0.520711
-0.0124367
-0.0207705
 0.0978002
 0.0691219
   1.87095
  0.480169
-0.0726076
-0.0305942
 0.0861286
 0.0804929
   1.91837
  0.462664
-0.0209709
-0.0316169
 0.0923748
 0.0938224
   1.91731
  0.485732
-0.0067884
-0.0331219
  0.100352
  0.105263
   1.96709
  0.467476
 0.0299079
-0.0271843
  0.111049
  0.099302
   1.99739
  0.523842
-0.0617621
 -0.027262
 0.0886948
 0.0849385
   1.96208
  0.471671
-0.0186039
-0.0240875
   0.10463
  0.115248
    2.00257
   0.573953
-0.00798997
 -0.0263518
  0.0956704
  0.0847607
   2.04181
  0.501355
 0.0519794
-0.0305609
   0.10659
 0.0883147
   2.07799
   0.52366
-0.0078521
-0.0356173
  0.110361
  0.103426
   2.06749
   0.51556
  -0.04465
-0.0304594
 0.0974448
  0.109838
   2.10301
  0.612046
-0.0284282
-0.0451501
  0.112629
 0.0865644
   2.10917
   0.50518
  0.027042
-0.0329683
  0.118744
  0.104796
   2.15889
  0.577046
-0.0251653
-0.0305146
  0.118577
 0.0976528
   2.16275
  0.578738
 -0.028644
-0.0224737
  0.113614
 0.0880989
   2.19356
  0.569665
0.00019598
-0.0323868
  0.108105
  0.114894
   2.25683
  0.591962
-0.0132783
-0.0240322
  0.111845
  0.112216
   2.31322
   0.58842
-0.0231857
-0.0348169
  0.126156
  0.109621
   2.37005
  0.629474
-0.0303534
-0.0317476
  0.129221
  0.113151
   2.36661
  0.617328
0.00751515
-0.0307528
  0.124158
  0.111829
   2.42603
  0.619865
-0.0138498
-0.0275805
  0.125786
   0.12305
    2.50583
   0.642191
-0.00771371
 -0.0179204
   0.130632
   0.114243
   2.55248
  0.691369
-0.0223817
-0.0203243
  0.138885
  0.122579
    2.57733
   0.653713
-0.00600961
 -0.0264956
   0.134593
   0.105509
     2.61679
    0.707512
-0.000783603
  -0.0308872
    0.142748
    0.141987
   2.68178
  0.657295
-0.0299601
-0.0348279
  0.137907
  0.139719
   2.71269
  0.721061
-0.0129717
-0.0358544
  0.145289
  0.133177
     2.7546
   0.754941
0.000158174
 -0.0352113
   0.150876
   0.139754
    2.8122
  0.702739
-0.0152659
-0.0254047
  0.162778
  0.130472
    2.86857
   0.772124
-0.00633914
 -0.0285907
   0.163253
   0.124376
   2.91884
  0.785647
-0.0321052
-0.0436555
  0.157818
  0.138605
   2.94862
  0.736992
-0.0108861
-0.0439977
  0.166212
  0.157086
   3.01144
  0.797681
 -0.018785
-0.0336343
  0.173039
   0.14301
   3.08534
  0.825692
 0.0054099
-0.0448963
  0.178652
  0.139334
   3.12065
  0.825313
-0.0306761
-0.0435418
  0.188912
  0.140979
   3.17366
  0.792893
0.00416714
 -0.035453
  0.178474
  0.166776
   3.20503
  0.854786
 0.0368878
-0.0389939
  0.192728
  0.174363
   3.27305
  0.855243
-0.0144963
-0.0364011
  0.185936
  0.165791
     3.321
  0.898672
-0.0247753
-0.0368901
  0.180645
  0.180792
   3.44298
  0.922888
-0.0170326
-0.0597778
  0.191785
  0.164703
  3.50471
 0.871614
0.0167439
-0.039703
  0.19623
 0.168646
   3.57228
  0.982339
-0.0490356
-0.0465584
   0.19491
  0.175774
   3.61667
  0.969258
-0.0758066
 -0.041703
  0.190996
  0.185701
    3.7633
   1.04264
-0.0229982
-0.0393054
  0.206116
  0.197118
    3.80895
   0.951674
-0.00177313
 -0.0401395
   0.216214
   0.228113
    3.86788
   0.982796
0.000731114
 -0.0403799
   0.215969
   0.217711
    3.9336
    1.0377
-0.0366268
-0.0545657
  0.232569
  0.208604
   3.98339
   1.05598
-0.0753087
-0.0450742
  0.230236
   0.22345
   4.11164
   1.12641
 0.0163206
-0.0560564
  0.241656
  0.202509
   4.15346
   1.07931
 0.0178137
-0.0564333
  0.252337
  0.225169
   4.25047
   1.11604
 0.0606046
-0.0557812
  0.261332
  0.228336
   4.31086
   1.15079
-0.0426171
-0.0502596
  0.259961
  0.228478
   4.38086
   1.16909
-0.0338384
-0.0555739
  0.251206
   0.23383
   4.53759
   1.20743
-0.0137617
-0.0520309
  0.269259
  0.253279
   4.57611
   1.16474
 0.0506754
-0.0556855
  0.277168
  0.244928
    4.6639
   1.27927
-0.0436155
-0.0480368
  0.286959
  0.245052
   4.75728
   1.26641
-0.0886637
-0.0660894
  0.281663
  0.254492
   4.87119
   1.25555
-0.0511213
  -0.06649
  0.269873
  0.270053
   5.04311
   1.36311
-0.0155651
-0.0624515
  0.302071
  0.258389
   5.13014
   1.38912
0.00701543
-0.0639768
  0.313116
  0.259598
   5.24297
   1.38309
-0.0830519
-0.0718891
   0.31737
  0.275307
   5.32573
   1.34697
-0.0420912
-0.0653586
  0.317154
  0.299393
    5.5217
   1.49263
 0.0429111
-0.0754371
  0.345329
  0.308854
    5.65784
     1.5478
-0.00384294
 -0.0744451
    0.34309
   0.302483
   5.78642
    1.5363
-0.0640106
-0.0783837
   0.34463
  0.316171
   5.82891
   1.50439
-0.0393556
-0.0732919
    0.3464
  0.320975
   5.97339
   1.63161
-0.0642035
-0.0781299
   0.36282
  0.311087
    6.07305
    1.59424
-0.00849866
 -0.0732628
   0.376008
   0.353349
   6.23044
   1.68299
-0.0201855
-0.0735144
  0.380243
  0.348219
   6.39596
   1.74486
 -0.057321
-0.0811948
  0.388943
  0.355338
   6.52342
   1.73933
-0.0669299
 -0.079592
   0.40385
  0.384447
   6.64547
   1.74717
-0.0327928
-0.0861744
  0.416386
  0.400041
   6.83978
   1.87327
-0.0570023
-0.0902182
  0.430133
    0.3938
   6.97688
   1.85147
-0.0311245
-0.0915729
  0.430849
  0.411245
   7.12505
   1.91015
-0.0285355
-0.0771475
  0.443342
  0.427781
   7.28853
   1.96227
-0.0268842
-0.0882589
  0.447647
  0.439541
    7.49682
    2.05489
-0.00511146
 -0.0893235
   0.478159
   0.439587
   7.65798
   2.08181
-0.0392534
-0.0930075
  0.477231
  0.469639
     7.799
   2.07012
-0.0218936
 -0.092384
  0.473823
  0.482833
  7.99895
  2.17047
-0.046079
-0.107946
 0.494282
 0.480552
   8.14492
   2.20134
-0.0761803
 -0.100481
  0.484501
  0.501831
  8.40559
  2.30936
-0.037889
-0.100524
 0.519305
 0.519989
   8.70673
   2.37483
-0.0810974
 -0.106736
  0.530605
  0.561709
   8.86661
   2.37105
-0.0397151
 -0.111201
  0.555225
  0.571156
   9.05749
   2.48664
-0.0977262
-0.0956766
  0.548579
  0.570559
  9.29329
  2.53911
-0.042023
-0.104677
 0.566717
 0.602063
   9.45763
   2.59816
-0.0432914
 -0.103022
  0.576502
  0.634488
   9.77985
   2.71474
-0.0741107
 -0.117467
  0.601522
   0.61562
   9.94151
   2.64979
-0.0585291
 -0.114387
  0.617019
  0.659488
   10.1272
   2.83123
-0.0952159
  -0.12965
  0.633954
  0.656893
   10.3937
   2.85072
-0.0333871
 -0.113215
  0.645706
   0.69488
   10.7014
   2.95854
-0.0753487
   -0.1286
  0.657022
  0.708646
     10.88
   2.97362
-0.0312778
 -0.126274
   0.66972
  0.755926
  11.1259
  3.09082
-0.130302
-0.135913
 0.674947
 0.765126
    11.307
   3.06623
-0.0631469
 -0.143069
   0.69485
  0.801159
  11.5951
  3.21658
-0.101253
-0.141135
 0.707054
  0.81502
    11.829
   3.18758
-0.0280529
 -0.142564
   0.73404
  0.842524
   12.0805
   3.39034
-0.0930086
  -0.13354
  0.728003
  0.853273
  12.4224
  3.42052
-0.125788
-0.153078
 0.733156
 0.892111
  12.7339
  3.43136
-0.113492
-0.149873
 0.746563
 0.917524
   12.9426
   3.61424
-0.0955309
 -0.137857
  0.754416
  0.925233
    13.275
   3.67677
-0.0819438
 -0.146937
   0.76256
  0.927939
  13.4637
  3.71892
-0.146103
-0.147101
 0.751935
 0.962399
  13.7089
  3.76613
-0.112499
-0.149477
 0.768282
 0.952994
  13.9524
  3.87704
-0.101224
-0.142708
 0.784004
 0.966898
  14.3395
  3.96429
-0.133584
-0.138656
 0.790177
 0.989608
   14.6066
   3.97038
-0.0968173
 -0.145149
  0.810973
    1.0322
  14.9234
  4.18528
-0.132863
-0.144791
  0.82567
  1.04871
  15.3754
  4.22177
-0.151508
-0.159699
  0.83591
  1.08536
    15.57
  4.23821
 -0.13836
-0.161643
 0.859443
  1.10017
  15.8668
   4.4229
-0.157457
-0.164547
 0.880816
  1.12562
  16.1838
  4.41894
-0.101293
-0.161271
 0.893495
  1.16297
   16.374
  4.50889
-0.180972
 -0.16327
 0.880638
    1.185
  16.7436
  4.61837
-0.170761
-0.162563
 0.890493
   1.2061
  17.0938
   4.6586
-0.197694
-0.167336
  0.90453
  1.23305
   17.367
  4.76563
-0.142823
 -0.16277
 0.919687
  1.25918
  17.7043
  4.89948
-0.160214
-0.161188
 0.937352
  1.27364
  18.1622
  5.03801
-0.188283
-0.162738
 0.941121
  1.29766
  18.5609
  5.07388
-0.181522
-0.170595
 0.948743
  1.35782
  18.7973
  5.12435
-0.156274
-0.168963
 0.953819
  1.39178
  18.9988
  5.27321
-0.179625
-0.173189
 0.955589
  1.38098
  19.2256
  5.24873
-0.190615
-0.166761
 0.963018
  1.39808
  19.3289
  5.29331
-0.188407
-0.165579
 0.957289
  1.39065
  19.4695
  5.32855
-0.190714
-0.172379
 0.963513
  1.39892
  19.5446
  5.31727
-0.215603
-0.157202
 0.960373
  1.37225
  19.4063
  5.24267
-0.210899
-0.166352
 0.950128
  1.34835
  19.0346
  5.16089
-0.130553
-0.156023
 0.958488
  1.28247
  18.6843
  5.07328
-0.166232
-0.166124
 0.928103
  1.20236
  18.2321
  4.86412
 -0.17746
-0.159695
 0.912207
  1.15605
  17.4307
  4.59911
-0.171314
-0.156885
 0.867376
  1.05284
  16.3963
   4.2709
-0.114007
-0.141581
 0.833705
 0.932194
  15.7767
  4.19739
 -0.14889
-0.132188
 0.786845
 0.851186
   15.0633
   3.88458
-0.0928891
 -0.114349
  0.762413
  0.794947
  14.4451
  3.73111
-0.135412
-0.120754
 0.716856
 0.720096
   13.9315
   3.52685
-0.0792205
 -0.122691
  0.684583
  0.649247
   13.3904
   3.42656
-0.0742957
 -0.120582
  0.660139
  0.602019
   12.7932
   3.20991
-0.0948791
    -0.106
  0.612424
  0.551264
   12.4495
   3.06743
-0.0764996
 -0.112872
  0.606941
  0.511441
   11.9739
   2.98821
-0.0761576
 -0.103809
  0.562428
  0.474907
   11.5296
   2.82595
-0.0428686
-0.0969249
  0.542172
  0.436464
  11.1063
  2.72476
-0.121971
-0.093519
 0.494368
 0.401968
   10.6222
   2.54677
 -0.100684
-0.0845925
   0.46337
   0.40614
   10.2999
   2.52121
-0.0511129
-0.0756229
  0.467531
  0.344458
   9.93504
   2.44562
 -0.041746
-0.0677335
  0.440638
  0.312065
   9.56933
   2.24518
-0.0572651
-0.0735422
  0.424349
  0.312777
   9.24249
   2.18504
-0.0430337
-0.0625086
   0.41089
  0.295827
   9.12076
   2.18368
-0.0311919
-0.0690775
  0.399294
  0.274066
   8.95774
   2.09175
-0.0403689
-0.0673585
  0.381351
  0.282372
   8.81255
    2.0582
-0.0406913
-0.0673579
  0.386161
  0.263255
    8.6192
   2.05504
-0.0696896
-0.0642345
  0.372448
  0.248221
   8.46349
   1.91267
 -0.046814
-0.0585789
  0.354043
  0.261453
   8.30726
    1.9183
-0.0340564
-0.0657684
   0.36022
  0.229565
   8.24194
   1.96921
-0.0458213
-0.0642401
  0.333004
  0.207018
   8.09685
   1.87066
-0.0913463
-0.0603342
  0.317007
  0.209182
   7.91633
   1.78236
-0.0795789
-0.0638882
  0.300849
  0.207089
   7.84499
   1.77115
-0.0432253
-0.0530283
  0.316206
  0.209989
   7.80365
   1.85359
-0.0698059
-0.0557297
  0.320263
  0.186451
   7.76586
    1.7276
-0.0550715
-0.0595718
  0.315746
  0.206426
    7.6954
   1.76459
-0.0467464
-0.0652645
   0.31638
  0.167391
   7.63319
   1.74768
-0.0190313
-0.0704353
  0.325127
  0.176626
   7.56507
   1.75748
-0.0314669
-0.0601888
  0.316742
   0.16048
    7.51758
    1.64885
-0.00720566
 -0.0483496
   0.319879
   0.166242
   7.45692
   1.75252
-0.0585114
-0.0495031
  0.309449
  0.138343
   7.41035
   1.66445
 -0.099356
-0.0568884
  0.300284
  0.128379
   7.36025
   1.62191
-0.0835792
-0.0482013
  0.295814
  0.126148
   7.28643
   1.67392
-0.0239566
-0.0638184
  0.309595
  0.118924
   7.25449
   1.67015
-0.0269143
-0.0538478
  0.312791
   0.11277
   7.20096
   1.58698
-0.0535132
-0.0433632
   0.29043
 0.0985502
    7.1024
   1.59233
-0.0549313
-0.0561522
  0.282283
 0.0898445
   7.05765
   1.57183
-0.0393226
-0.0506624
  0.278778
  0.105095
   7.02134
     1.559
-0.0777824
-0.0446929
  0.276721
 0.0838788
    6.9442
   1.54383
-0.0506454
-0.0426616
  0.261604
 0.0739716
   6.85101
   1.49881
-0.0514553
-0.0582633
  0.291253
 0.0793672
   6.77329
   1.46848
-0.0476403
 -0.050981
  0.275627
 0.0756072
   6.74256
   1.51391
 0.0113208
-0.0467508
  0.273051
 0.0754328
   6.70343
   1.48655
-0.0324944
-0.0353336
  0.265895
  0.053894
   6.66508
   1.46343
  -0.10284
-0.0437456
  0.261622
 0.0687581
   6.65144
   1.41517
-0.0407821
-0.0325188
  0.260556
 0.0614727
   6.60417
   1.45862
-0.0915415
-0.0431724
  0.254755
 0.0524001
   6.58644
   1.42769
-0.0394289
-0.0478365
  0.272001
 0.0583946
   6.56541
   1.41037
 -0.056223
-0.0519657
  0.271525
 0.0425221
   6.50093
   1.40475
-0.0162026
-0.0361579
  0.258631
 0.0402188
  6.45312
  1.44186
-0.035453
-0.048003
 0.262482
0.0415283
   6.42513
   1.38295
-0.0472076
-0.0506943
  0.271193
   0.04874
   6.37529
   1.31972
 -0.038415
-0.0527164
   0.26352
 0.0449161
   6.28191
    1.3591
 -0.054255
-0.0449105
  0.255532
 0.0374282
    6.20785
     1.3133
-0.00991521
 -0.0360747
   0.257023
  0.0371732
   6.18633
   1.36134
-0.0556801
-0.0442762
  0.244232
 0.0143495
   6.16283
   1.32016
-0.0559495
-0.0352384
  0.245854
 0.0197322
   6.10346
   1.26184
-0.0458356
-0.0417701
  0.227944
 0.0145573
   6.02981
   1.26844
-0.0268982
-0.0432798
  0.244747
0.00994488
   5.94496
   1.31536
-0.0220585
-0.0432609
  0.247292
0.00822943
   5.92652
   1.25064
-0.0683445
-0.0393935
  0.234729
0.00877866
   5.87281
   1.22357
-0.0321835
 -0.032836
  0.223657
-0.0026452
   5.77604
   1.21291
-0.0146152
-0.0399823
  0.224939
0.00695452
    5.71872
    1.21006
 -0.0486397
 -0.0425964
   0.213566
-0.00338478
    5.6952
   1.22385
-0.0710367
-0.0350936
  0.217714
0.00478568
   5.66899
   1.12888
-0.0220676
-0.0461921
  0.228038
 0.0101151
   5.62565
   1.18378
0.00127287
-0.0431147
  0.220849
0.00118597
   5.59825
   1.19518
-0.0408593
-0.0342129
  0.197852
-0.0264867
     5.53596
     1.15175
  -0.0575913
  -0.0348136
     0.20696
-0.000367701
   5.53216
   1.14967
-0.0358104
-0.0356393
  0.195055
-0.0126748
    5.50481
    1.17022
 -0.0783547
 -0.0382251
   0.197446
-0.00247754
    5.43508
    1.07721
 -0.0366519
 -0.0407135
   0.217522
7.33589e-05
   5.42269
   1.12372
-0.0374909
-0.0277993
  0.204614
-0.0143215
    5.34356
    1.09874
 -0.0169317
 -0.0333608
   0.197803
-0.00570623
   5.36557
   1.17413
-0.0310508
-0.0385242
  0.200977
 -0.033196
   5.31249
   1.05317
-0.0055256
-0.0370896
  0.201398
-0.0110246
   5.27182
   1.06838
-0.0456991
-0.0420244
  0.203219
-0.0110576
   5.24138
   1.05717
-0.0167274
-0.0374689
  0.196966
-0.0153843
   5.24572
   1.11057
-0.0167405
-0.0367933
  0.185778
-0.0289277
   5.21124
    1.0799
-0.0641091
-0.0422442
  0.183449
-0.0249711
   5.16284
   1.01228
-0.0106618
-0.0334265
  0.196273
-0.0215108
   5.12724
    1.0694
-0.0498056
-0.0306255
   0.18785
-0.0229506
   5.11411
   1.02698
 0.0117558
-0.0325129
  0.188042
-0.0145573
   5.12133
    1.0948
-0.0533953
-0.0364466
  0.187681
 -0.033062
   5.06638
  0.989804
-0.0144818
-0.0437494
  0.177683
-0.0310086
   5.03824
    1.0597
-0.0337378
 -0.036831
  0.170866
-0.0546752
    4.9979
   1.01158
-0.0565855
-0.0249203
  0.178107
-0.0375886
   4.94427
  0.964936
-0.0149594
-0.0333052
  0.171688
-0.0214897
    4.9724
   1.04134
-0.0704724
 -0.026157
  0.153094
-0.0360346
    4.9147
  0.976421
  0.031678
-0.0382925
  0.171327
-0.0282092
   4.85767
   1.01045
-0.0366553
-0.0277724
  0.165769
-0.0309797
     4.82426
    0.956518
-0.000233396
   -0.031647
      0.1552
  -0.0390323
   4.82457
   1.01037
-0.0812563
-0.0310387
   0.16562
-0.0346327
   4.76559
  0.951666
-0.0130265
-0.0326759
  0.164986
-0.0263052
   4.75993
   0.99518
-0.0851999
-0.0252317
  0.147904
-0.0259159
    4.6923
  0.956413
-0.0377835
-0.0253289
   0.15038
-0.0358764
   4.68762
  0.949907
-0.0697077
-0.0309146
  0.165327
-0.0174613
   4.64536
  0.954433
 0.0155574
-0.0320751
    0.1793
-0.0282815
   4.62788
  0.949795
-0.0678981
-0.0247794
   0.16402
-0.0288771
   4.57193
  0.913732
  0.013924
-0.0267086
  0.158876
-0.0408048
   4.56728
  0.935227
-0.0609147
-0.0232401
  0.165688
-0.0176824
   4.51963
  0.853435
 0.0296966
-0.0308151
  0.180366
-0.0186053
   4.52635
  0.941988
-0.0371124
-0.0282304
  0.157725
-0.0200988
    4.44735
   0.835856
  0.0057365
 -0.0209616
   0.156159
0.000303575
   4.45744
  0.918131
-0.0708531
-0.0237547
  0.154565
-0.0356745
   4.39058
  0.811904
0.00979103
-0.0316012
  0.160125
-0.0107417
   4.40565
  0.918264
-0.0457382
-0.0320342
  0.150228
-0.0243345
   4.38782
  0.869728
-0.0547017
 -0.024133
  0.142828
-0.0286019
   4.32955
  0.862829
-0.0348323
 -0.025202
  0.144419
-0.0211181
   4.31287
   0.90864
-0.0624823
-0.0309325
  0.147623
-0.0313746
   4.31152
  0.795984
  0.023867
-0.0348429
  0.160202
-0.0216045
   4.31467
  0.947794
-0.0610629
-0.0149706
  0.145055
-0.0451761
   4.27135
  0.817841
-0.0106479
-0.0357301
  0.150948
-0.0370077
   4.22792
  0.855399
-0.0243996
-0.0324482
  0.151436
-0.0242224
    4.2347
  0.879426
 -0.046807
-0.0363735
  0.151481
-0.0450882
   4.22572
  0.792716
 0.0110881
-0.0207613
  0.144064
-0.0408124
   4.21486
  0.895448
-0.0539551
-0.0209536
  0.135349
-0.0344572
   4.18999
  0.794161
-0.0436083
-0.0291144
  0.128072
-0.0385319
   4.17814
  0.846611
-0.0509922
-0.0310442
  0.129384
 -0.031871
   4.13806
  0.797258
 -0.010517
-0.0172964
  0.136355
-0.0311828
   4.14543
  0.873895
-0.0319459
-0.0155766
  0.123147
-0.0427275
    4.10746
   0.748921
0.000798449
 -0.0268763
   0.134531
 -0.0329789
   4.12273
  0.800029
 -0.018001
-0.0232758
  0.125661
-0.0431219
   4.10404
  0.827857
0.00551006
-0.0263137
  0.130754
  -0.04325
   4.07213
  0.822474
-0.0419206
-0.0284633
  0.125347
-0.0463677
   4.06791
   0.79452
-0.0193234
-0.0370538
  0.129259
-0.0597916
   4.07131
  0.835365
-0.0180639
-0.0250334
  0.131177
-0.0740854
    4.0713
  0.835031
-0.0499584
-0.0290698
  0.126271
-0.0654659
   4.06997
  0.776794
-0.0402978
-0.0284266
  0.120239
-0.0664177
   4.06758
  0.915617
-0.0324326
-0.0311544
  0.135714
-0.0629348
     4.06845
    0.784683
-0.000115698
  -0.0233642
    0.140323
  -0.0626227
   4.04386
  0.837386
-0.0494104
-0.0323267
  0.118876
-0.0559162
   4.04748
  0.831645
-0.0230834
-0.0232545
  0.131901
-0.0630883
   4.03109
  0.749091
-0.0250457
-0.0247995
  0.130563
-0.0352759
    4.0381
  0.828254
 -0.019823
-0.0153427
  0.124231
-0.0493696
   4.04221
  0.819479
-0.0407774
-0.0106614
  0.125559
-0.0644889
    4.0342
  0.789973
-0.0319697
-0.0222991
  0.135438
-0.0676362
     4.0053
    0.77999
-0.00856414
 -0.0345284
   0.139589
 -0.0511183
   4.02693
  0.784922
-0.0086108
 -0.035584
  0.141874
-0.0372916
   4.02841
  0.788722
-0.0289993
-0.0186555
  0.133458
-0.0521222
   3.97186
  0.765364
-0.0154371
-0.0175469
   0.13164
-0.0298987
   3.96245
  0.833216
-0.0686633
-0.0241109
  0.121487
-0.0442508
   3.94071
  0.710253
-0.0320759
-0.0225529
  0.125012
-0.0480337
    3.9102
  0.773128
-0.0386544
 -0.017431
  0.128642
-0.0368747
    3.87172
   0.852346
0.000615397
 -0.0180967
   0.138432
 -0.0479826
    3.8385
  0.706675
-0.0428461
-0.0192395
  0.127437
-0.0271579
   3.84623
  0.790798
-0.0197762
-0.0241995
  0.135948
-0.0460833
   3.87392
  0.739806
-0.0727025
-0.0371554
  0.128287
-0.0348283
    3.83586
   0.727216
-0.00642576
 -0.0277218
   0.143716
 -0.0269246
    3.8258
  0.771217
 0.0112159
-0.0289341
   0.13842
-0.0474681
   3.83594
  0.754364
-0.0314397
-0.0216532
  0.131886
-0.0387845
   3.79498
  0.743237
-0.0145288
-0.0259453
  0.126681
-0.0367552
    3.8223
  0.750806
-0.0202944
-0.0237341
  0.143736
-0.0457304
   3.80219
  0.748068
-0.0336512
-0.0254421
   0.13935
-0.0506878
   3.82363
  0.753275
-0.0548217
-0.0266548
  0.127231
-0.0431273
   3.78689
  0.760428
-0.0327551
-0.0320471
  0.132759
-0.0330839
    3.7847
  0.724636
-0.0514801
-0.0241823
    0.1161
-0.0344218
   3.79729
  0.769902
-0.0514344
 -0.023612
  0.129403
-0.0378178
   3.78742
   0.74941
-0.0341849
-0.0241675
  0.129295
-0.0461882
    3.76064
   0.712556
-0.00767939
  -0.028514
   0.131058
 -0.0284596
   3.75438
  0.758568
 -0.017561
-0.0271947
  0.135539
-0.0454597
   3.74611
   0.71334
-0.0195684
-0.0224027
  0.129163
 -0.038978
   3.75979
  0.752063
-0.0445423
-0.0330752
  0.132264
-0.0540964
   3.73464
  0.736849
-0.0377389
-0.0233156
  0.143415
-0.0543601
   3.72378
  0.739428
-0.0329755
-0.0205319
  0.139285
-0.0548154
   3.67716
  0.726702
-0.0235149
-0.0185349
  0.131468
-0.0432112
   3.63632
  0.732492
-0.0340933
-0.0314964
  0.128932
-0.0429268
   3.59819
  0.709153
 -0.041011
-0.0308273
  0.117819
-0.0407265
   3.59256
  0.707207
-0.0258005
-0.0231706
  0.123818
-0.0663164
    3.5666
   0.70302
 -0.024487
-0.0253761
  0.118128
-0.0628386
   3.50255
  0.686077
-0.0371589
-0.0169339
  0.112709
-0.0431735
   3.47068
  0.680181
 -0.027074
-0.0247173
  0.114295
-0.0466193
   3.46237
  0.679757
-0.0270831
 -0.033639
  0.122933
-0.0469974
   3.46548
  0.676622
-0.0269623
-0.0226878
  0.130919
-0.0404607
   3.44907
  0.675752
-0.0381589
-0.0194804
  0.111264
-0.0487611
   3.47356
  0.685275
-0.0337403
-0.0297906
  0.116433
-0.0459373
   3.47457
  0.681897
-0.0260588
-0.0197083
  0.122949
-0.0537054
   3.44826
  0.678589
-0.0303813
-0.0277785
   0.11721
-0.0526344
   3.43141
  0.671203
-0.0267046
-0.0296706
   0.12208
-0.0350137
   3.42666
  0.674374
-0.0314082
-0.0206937
  0.119671
-0.0598446
   3.39591
  0.665236
-0.0195703
-0.0165916
  0.119961
-0.0320821
   3.35782
   0.65868
-0.0297337
-0.0249322
  0.103524
-0.0445433
   3.34411
  0.655929
-0.0216692
-0.0239085
  0.114134
-0.0379963
   3.35606
  0.658249
 -0.025197
-0.0186406
  0.114014
-0.0467971
   3.32775
  0.655501
-0.0305561
-0.0231009
   0.12347
-0.0480212
   3.31595
  0.653272
-0.0314449
-0.0172367
   0.11188
-0.0417399
   3.34455
  0.653476
-0.0263804
-0.0245577
  0.103921
-0.0459988
   3.30223
  0.649639
-0.0268898
-0.0182582
  0.100133
-0.0375296
   3.32004
  0.653333
-0.0257446
-0.0210152
  0.116295
-0.0322702
   3.31978
  0.654557
-0.0257503
 -0.018788
  0.112783
-0.0352845
   3.34434
  0.654244
-0.0275232
 -0.026732
  0.106951
-0.0484911
   3.33342
   0.65729
-0.0293304
-0.0268884
  0.114838
-0.0393278
   3.32262
   0.65039
-0.0350111
-0.0248164
  0.112693
-0.0416486
   3.31017
  0.651389
-0.0305846
-0.0168608
  0.116912
-0.0574107
   3.30619
  0.650811
-0.0269224
-0.0167365
  0.111439
 -0.041886
   3.29785
  0.651267
-0.0345423
-0.0164309
  0.110151
-0.0380752
   3.27887
  0.643623
-0.0256768
-0.0172675
  0.104886
-0.0394834
   3.28301
  0.644044
-0.0247471
-0.0136569
  0.113346
 -0.050513
   3.26808
  0.644828
-0.0335598
-0.0234724
  0.100925
-0.0477626
   3.23652
  0.638807
 -0.028701
 -0.023912
  0.113409
-0.0391224
   3.24729
  0.636054
-0.0313789
-0.0292351
  0.110139
-0.0480196
   3.23831
  0.639868
-0.0276396
-0.0257259
  0.114936
-0.0417071
   3.25008
  0.634211
-0.0234238
-0.0153407
  0.106411
-0.0429039
   3.25727
  0.638415
-0.0334825
-0.0199782
  0.105766
-0.0435355
   3.28207
  0.646654
 -0.029296
-0.0268044
  0.107983
 -0.051641
   3.28263
  0.644738
-0.0280886
-0.0228032
   0.10942
-0.0461496
   3.30725
  0.654512
-0.0258458
-0.0257366
  0.119329
-0.0455269
   3.32233
  0.653076
-0.0243664
-0.0141609
  0.111472
-0.0206808
   3.33413
  0.653701
-0.0343592
-0.0258815
  0.109459
 -0.062667
   3.31718
  0.657987
  -0.02533
-0.0102059
  0.113094
-0.0257778
   3.30273
  0.647501
-0.0293427
 -0.019522
  0.111218
-0.0474339
   3.30445
   0.64827
-0.0240134
-0.0249264
  0.110204
-0.0570368
   3.28842
  0.646379
-0.0327016
-0.0235594
  0.111282
-0.0528552
   3.25403
  0.634493
-0.0243758
-0.0225865
  0.106594
-0.0287276
   3.24778
  0.644196
-0.0307216
-0.0212567
  0.112744
-0.0311671
   3.23842
  0.630649
-0.0299806
-0.0224987
  0.113383
-0.0350264
   3.23594
  0.631179
-0.0279358
-0.0322894
  0.106834
-0.0403491
   3.24382
  0.643076
-0.0310398
-0.0180231
  0.098959
-0.0475403
   3.27155
   0.63955
-0.0281123
-0.0171246
   0.11084
-0.0495213
   3.28675
  0.644816
-0.0248649
-0.0206868
  0.106308
-0.0505904
   3.30293
  0.655753
-0.0313108
-0.0205162
   0.11502
-0.0464639
   3.32109
   0.65707
-0.0294531
-0.0221957
  0.107996
-0.0545431
   3.33443
  0.652867
-0.0262767
-0.0268271
  0.120926
-0.0485567
   3.34132
  0.659665
-0.0258422
-0.0199785
  0.115351
-0.0351853
   3.34957
  0.659595
-0.0271332
-0.0195582
  0.112392
-0.0388537
   3.35934
  0.661134
-0.0284878
-0.0253502
  0.105249
-0.0431763
   3.35884
  0.654173
-0.0244618
-0.0241826
  0.106873
-0.0561859
   3.34849
  0.655183
-0.0272694
-0.0174546
  0.103547
-0.0394699
   3.33914
  0.661057
 -0.024594
-0.0107067
  0.112618
-0.0363024
   3.30007
  0.640687
-0.0282577
-0.0220281
  0.104373
-0.0378871
   3.29598
  0.649293
-0.0303415
-0.0259754
  0.108931
-0.0443865
   3.27716
  0.642101
-0.0255961
 -0.020911
  0.114763
-0.0340338
   3.26589
  0.637593
-0.0289256
-0.0153938
  0.110365
 -0.035456
   3.28253
  0.645469
-0.0291563
-0.0200067
  0.109511
-0.0464585
   3.29199
  0.648957
-0.0291666
-0.0226571
  0.107518
-0.0447965
   3.31359
  0.654002
-0.0294573
-0.0190041
  0.107423
-0.0562621
   3.30853
  0.649439
-0.0282637
-0.0161976
   0.10857
-0.0501475
   3.32186
  0.653197
-0.0318258
-0.0242963
 0.0983718
-0.0527828
   3.33998
  0.655324
-0.0241332
-0.0289979
  0.117522
-0.0515794
   3.32741
  0.657207
-0.0268825
-0.0214553
   0.11705
-0.0354425
    3.3683
   0.65852
 -0.029734
-0.0186162
 0.0997264
-0.0434074
   3.37474
  0.656344
-0.0200816
-0.0309422
  0.110228
-0.0509358
   3.39251
  0.661894
-0.0220446
  -0.01271
  0.109291
 -0.044785
   3.35561
  0.650882
-0.0261623
-0.0234842
  0.110765
-0.0272894
   3.36224
  0.657617
-0.0222491
 -0.022398
   0.11117
-0.0620075
   3.33919
   0.66897
-0.0347174
-0.0179548
  0.111404
-0.0486141
   3.33402
  0.654274
-0.0329748
-0.0271942
  0.109381
-0.0492446
   3.31493
  0.657289
-0.0314499
 -0.023112
  0.118626
-0.0480127
    3.3038
   0.65154
-0.0273232
-0.0174915
   0.10221
 -0.063338
   3.28725
   0.64332
-0.0301446
-0.0178417
  0.112069
-0.0356493
    3.30222
   0.650771
 -0.0302382
-0.00904382
   0.108948
 -0.0468256
    3.30234
   0.650716
 -0.0279631
-0.00516991
   0.110964
 -0.0468781
   3.28354
  0.641688
-0.0289247
-0.0158371
  0.110275
-0.0308413
   3.30579
  0.653009
-0.0280128
-0.0144142
  0.119604
-0.0472348
   3.29929
  0.644673
-0.0280201
-0.0197038
  0.112843
-0.0350301
   3.32163
  0.654707
-0.0292921
-0.0274817
  0.118728
-0.0415525
   3.33782
   0.65724
-0.0293638
-0.0177412
  0.123961
-0.0454663
    3.3351
  0.658651
-0.0350802
-0.0273295
  0.109469
-0.0487684
   3.33387
  0.656067
-0.0270399
-0.0203178
  0.117519
-0.0387643
   3.34626
  0.655325
-0.0261836
-0.0234919
  0.105355
-0.0397241
    3.3265
  0.660375
-0.0280886
 -0.028156
  0.114948
-0.0415504
   3.32617
  0.654333
-0.0271331
-0.0117999
  0.118373
-0.0503007
   3.32106
  0.657589
-0.0335582
-0.0261489
  0.124786
-0.0379889
   3.29789
  0.650262
-0.0291568
-0.0219042
  0.103626
-0.0425829
   3.31528
  0.655115
-0.0305782
-0.0246498
  0.106842
-0.0542109
   3.31164
  0.652869
-0.0305168
-0.0252591
  0.103895
-0.0490602
   3.29757
    0.6517
-0.0292765
-0.0224205
  0.111793
-0.0522065
   3.30625
  0.650888
-0.0244003
-0.0185787
  0.119918
-0.0279957
   3.29589
  0.651089
-0.0244983
-0.0142146
  0.114313
-0.0408872
   3.31407
  0.652924
 -0.029123
 -0.013908
  0.116461
-0.0417361
   3.35021
  0.656352
-0.0264197
-0.0202685
   0.10915
 -0.053425
   3.34263
   0.65291
-0.0218446
-0.0245514
  0.104716
-0.0438114
   3.34461
  0.653485
-0.0243093
-0.0199017
   0.10232
-0.0575973
   3.34554
  0.658483
-0.0251612
-0.0223057
  0.106317
-0.0504851
    3.3324
    0.6619
-0.0304781
 -0.024166
  0.115025
 -0.050688
   3.32068
  0.650921
-0.0281388
-0.0137372
  0.109053
-0.0403443
   3.30795
   0.65198
-0.0302305
 -0.016359
  0.103055
-0.0399936
   3.33679
  0.651866
-0.0283628
-0.0197465
  0.102393
-0.0391482
   3.31149
  0.654684
-0.0267725
-0.0172854
  0.107078
-0.0363408
    3.3133
  0.655443
-0.0312228
-0.0230951
  0.112931
-0.0337508
   3.32075
  0.650373
-0.0292459
-0.0172245
    0.1117
  -0.03762
   3.32502
  0.658169
-0.0292711
-0.0246009
  0.118071
 -0.045135
   3.33873
  0.661253
 -0.029488
-0.0235538
  0.111799
-0.0521324
   3.31413
  0.651323
-0.0247585
-0.0277515
   0.11534
-0.0365391
   3.32663
  0.660318
-0.0257231
-0.0242394
  0.116872
  -0.03702
   3.31763
  0.654831
-0.0267936
-0.0196763
  0.110591
-0.0333166
   3.34103
  0.659722
-0.0263238
-0.0291767
  0.117702
-0.0556888
   3.33488
  0.660911
-0.0258984
-0.0171911
  0.116112
-0.0456318
   3.35475
  0.653691
-0.0234316
-0.0231759
 0.0969033
-0.0613396
    3.34486
   0.663249
  -0.025904
-0.00907309
   0.116786
   -0.04797
   3.32836
  0.652585
-0.0259956
-0.0225227
  0.109443
-0.0380102
    3.3447
  0.653679
-0.0263485
-0.0164927
  0.105922
-0.0506164
   3.33589
  0.655796
-0.0261614
-0.0226591
  0.115046
-0.0476788
   3.33608
  0.664004
-0.0304625
-0.0217265
  0.110186
-0.0514333
   3.33594
  0.655965
-0.0306226
-0.0173675
  0.110076
-0.0500047
   3.34068
  0.661389
 -0.035191
-0.0270937
  0.113744
-0.0561795
   3.32674
  0.659152
-0.0307725
-0.0237028
  0.107316
 -0.063991
   3.33452
  0.661512
-0.0292062
-0.0254214
  0.108293
-0.0390655
   3.30392
  0.651748
-0.0313726
-0.0129013
  0.100673
 -0.044951
   3.35044
  0.655174
-0.0286897
-0.0214433
  0.107799
-0.0527557
   3.34782
  0.657054
-0.0242243
 -0.027747
  0.111157
 -0.054006
   3.35137
  0.651255
-0.0263678
-0.0215534
  0.108764
-0.0417395
   3.36159
  0.660573
-0.0307963
-0.0237571
  0.110073
-0.0469866
   3.35857
  0.655719
-0.0286379
-0.0232498
  0.108656
-0.0452029
    3.3411
   0.65148
-0.0260568
-0.0178893
  0.106592
-0.0339177
    3.3492
  0.660463
-0.0329225
-0.0245954
  0.108633
 -0.048223
   3.33203
  0.654989
-0.0284169
-0.0177611
  0.112466
-0.0523101
   3.32391
  0.653821
-0.0273422
-0.0245513
  0.118166
-0.0547768
    3.3176
  0.655595
-0.0279057
 -0.012867
  0.111728
-0.0382244
   3.32044
  0.650853
-0.0263073
-0.0230732
  0.112374
-0.0562989
   3.29823
  0.648968
-0.0292028
-0.0183336
   0.10049
-0.0443461
   3.31256
  0.658338
-0.0283067
  -0.01956
  0.103734
-0.0608545
   3.32539
  0.657335
-0.0282702
-0.0117436
  0.105638
-0.0543997
   3.30435
  0.649812
-0.0255938
-0.0208637
  0.117528
-0.0299777
   3.30971
  0.644262
-0.0259787
-0.0176642
  0.109244
-0.0384984
    3.3136
  0.645271
-0.0304646
-0.0162177
  0.101992
 -0.038538
     3.3427
    0.66401
 -0.0234378
-0.00835499
   0.120518
  -0.039418
   3.35051
  0.655787
-0.0251152
-0.0157842
  0.114677
-0.0461889
   3.34835
  0.664798
-0.0269407
-0.0239888
  0.119242
-0.0365962
   3.35503
    0.6628
-0.0216197
 -0.021998
  0.122789
-0.0442824
   3.32145
  0.656288
-0.0258419
-0.0160631
  0.106798
-0.0429381
    3.3166
    0.6502
-0.0326608
-0.0176406
  0.107302
 -0.042525
   3.33523
  0.659162
-0.0290966
-0.0217671
  0.117225
-0.0330717
   3.31313
  0.655449
-0.0316236
-0.0273218
  0.112343
-0.0520671
   3.33329
  0.657408
-0.0341919
-0.0240406
  0.101585
-0.0601469
   3.30447
  0.648872
-0.0347791
-0.0207064
  0.109374
-0.0407468
   3.31395
  0.651667
-0.0270922
 -0.035242
  0.128804
-0.0407161
   3.31012
  0.651335
-0.0303991
-0.0199188
   0.11188
-0.0460257
   3.32007
   0.65283
-0.0269691
-0.0236764
  0.115233
-0.0365106
   3.31026
  0.659587
-0.0322746
-0.0257964
  0.118438
-0.0380748
   3.32066
  0.649659
-0.0264769
-0.0253879
  0.116069
-0.0624507
   3.34245
  0.653904
-0.0274944
-0.0223491
  0.106668
-0.0508345
   3.32303
   0.64901
-0.0282565
-0.0235377
  0.120343
-0.0387602
   3.33054
  0.652638
 -0.029341
-0.0172183
  0.110466
-0.0399243
   3.36049
  0.656153
-0.0288302
-0.0227937
  0.106274
 -0.054425
    3.3438
   0.65742
-0.0260404
-0.0204072
  0.104606
-0.0387343
   3.35425
  0.655738
-0.0264561
-0.0276961
 0.0978386
-0.0460812
   3.35692
  0.654605
-0.0273333
-0.0175194
  0.109053
-0.0380876
   3.34961
  0.658363
-0.0294888
-0.0288441
  0.109131
-0.0381502
   3.34589
  0.656568
-0.0240816
-0.0273318
  0.109736
-0.0471642
   3.34657
  0.663248
-0.0315664
-0.0246937
  0.115684
-0.0427992
   3.34528
   0.66074
 -0.028174
-0.0156169
  0.114099
-0.0420662
   3.33577
  0.657083
-0.0237021
-0.0182581
  0.121061
-0.0414035
   3.32419
  0.653109
-0.0257793
 -0.023079
   0.11857
-0.0315702
   3.34777
  0.657274
-0.0308694
-0.0262871
  0.104078
-0.0516955
   3.31243
  0.650256
-0.0258217
-0.0210115
  0.110967
-0.0363521
    3.3469
  0.662431
-0.0259499
-0.0197426
  0.119625
-0.0425974
   3.34808
  0.657041
 -0.023825
 -0.018593
  0.108897
-0.0380878
   3.32217
  0.652703
-0.0303765
-0.0206408
  0.107608
-0.0385834
   3.32496
  0.658553
-0.0304186
 -0.017359
 0.0989722
-0.0481772
   3.34822
  0.656305
-0.0284231
 -0.024117
  0.125857
-0.0438139
    3.3581
   0.66714
-0.0271652
-0.0249399
  0.121991
-0.0456868
   3.36052
  0.665578
-0.0239165
-0.0255919
  0.124956
-0.0470566
   3.36581
  0.660126
-0.0263461
-0.0270534
  0.118273
-0.0439777
    3.3571
  0.653962
 -0.028408
-0.0151634
  0.104961
-0.0355584
   3.36739
  0.661647
-0.0244544
-0.0286496
   0.11258
-0.0608166
   3.34267
  0.653157
-0.0262506
-0.0201328
  0.103547
-0.0437571
   3.35964
  0.659287
-0.0297707
 -0.029365
  0.103897
-0.0467834
   3.33602
  0.655914
-0.0280731
-0.0182936
  0.114664
-0.0339107
   3.33572
  0.656551
 -0.029323
-0.0236507
  0.112937
-0.0387674
   3.35285
  0.653328
-0.0230941
-0.0244618
  0.102993
-0.0451543
   3.35825
  0.657165
-0.0287559
-0.0237653
  0.116822
-0.0548269
   3.35475
  0.653915
-0.0254639
-0.0246956
  0.103351
-0.0519605
   3.32452
  0.660695
-0.0313337
-0.0198776
  0.109801
-0.0419617
   3.35669
  0.655149
-0.0265395
-0.0182165
  0.105725
-0.0545449
   3.35794
  0.658112
-0.0265967
-0.0239884
  0.105724
-0.0580372
   3.33448
  0.662396
-0.0281116
-0.0214956
  0.122079
-0.0460372
   3.33012
  0.654434
-0.0282345
-0.0164302
  0.107152
-0.0432651
   3.34656
  0.654622
-0.0227892
 -0.018361
  0.108235
-0.0394872
   3.33129
  0.658824
 -0.028105
-0.0136062
   0.11315
-0.0450456
   3.36072
  0.655471
-0.0275351
-0.0214488
  0.106954
-0.0449678
   3.33489
  0.651735
-0.0304225
-0.0177945
  0.112451
-0.0343144
   3.35151
  0.650789
-0.0297061
-0.0199308
  0.107504
-0.0413781
   3.33342
  0.657912
-0.0282088
-0.0184771
  0.109341
-0.0444499
   3.35587
   0.65831
-0.0251493
-0.0267134
  0.112012
-0.0421784
   3.35341
  0.659892
-0.0285745
-0.0261465
  0.109231
-0.0499749
   3.31733
  0.646818
-0.0294543
-0.0184049
  0.104847
-0.0433822
   3.32987
  0.655671
-0.0238107
-0.0172674
   0.11735
-0.0483772
     3.308
  0.651931
-0.0256664
-0.0184676
  0.112781
-0.0353063
   3.33498
  0.659718
-0.0283906
-0.0225065
   0.11399
-0.0541124
   3.32487
   0.65877
-0.0302556
-0.0249026
  0.113222
-0.0386394
   3.31023
  0.650213
-0.0349421
-0.0249671
  0.108512
 -0.045303
   3.30541
  0.653619
-0.0292146
-0.0237853
  0.116831
-0.0474918
    3.3295
   0.65636
-0.0275201
-0.0216558
  0.110945
-0.0647442
   3.32088
  0.648852
-0.0252859
   -0.0223
  0.109146
-0.0577542
   3.32953
  0.657802
-0.0268337
-0.0137183
  0.120287
 -0.037737
   3.32892
  0.658461
 -0.033093
 -0.025251
  0.107293
-0.0655799
   3.32574
  0.655608
-0.0270347
-0.0193844
  0.120462
-0.0439383
   3.31079
  0.647957
-0.0270085
-0.0255246
  0.112088
-0.0353193
   3.32984
  0.655855
-0.0281781
-0.0168605
  0.115135
-0.0437225
     3.318
  0.652824
-0.0234849
-0.0248831
  0.115073
-0.0300308
   3.32795
  0.654144
-0.0282465
-0.0277417
  0.119302
-0.0406181
   3.34742
  0.660124
-0.0306233
-0.0181226
  0.118061
-0.0504414
   3.34753
   0.65913
-0.0274813
-0.0184849
  0.107629
-0.0573098
   3.34102
  0.661238
-0.0283677
-0.0154721
  0.119793
-0.0563395
   3.33457
  0.652881
 -0.028197
-0.0206753
  0.112848
-0.0349675
   3.32988
  0.655022
-0.0270271
-0.0227555
  0.110106
-0.0366107
   3.35782
  0.658795
-0.0252021
-0.0270869
  0.113341
-0.0444365
   3.37545
   0.66251
-0.0208066
-0.0301627
  0.106727
 -0.040053
   3.37521
  0.656404
-0.0173036
-0.0147313
  0.114739
-0.0327089
    3.3691
   0.66398
-0.0228577
 -0.024837
  0.114891
-0.0411365
   3.38734
   0.66504
-0.0244536
-0.0276381
  0.118284
-0.0554629
   3.38432
  0.660209
 -0.024484
-0.0260328
  0.111913
 -0.051441
   3.38139
  0.663626
-0.0243796
 -0.031489
  0.117237
-0.0508727
   3.37441
   0.65927
-0.0262201
 -0.019403
  0.109162
-0.0337999
   3.38694
  0.657706
-0.0278235
-0.0283257
  0.115112
-0.0451056
   3.36229
  0.656956
-0.0230895
-0.0288977
  0.108695
 -0.043315
   3.37627
  0.659363
-0.0319699
 -0.026998
  0.110153
-0.0378293
   3.36306
  0.653989
-0.0241398
-0.0278583
  0.116475
-0.0369775
   3.37938
  0.663822
-0.0231161
-0.0293726
  0.120863
-0.0465786
   3.38147
  0.664149
-0.0251993
-0.0218497
  0.106513
 -0.040005
   3.38965
  0.664321
-0.0287938
-0.0230762
  0.110277
-0.0480432
   3.37407
  0.660828
-0.0307586
-0.0186408
  0.111312
-0.0411486
   3.37248
  0.657497
-0.0243289
-0.0305939
  0.114666
-0.0444817
    3.3724
  0.659317
-0.0228707
-0.0166394
   0.11014
-0.0365036
   3.35448
  0.656254
-0.0306151
-0.0177816
  0.109982
-0.0389215
   3.36414
  0.658402
   -0.0288
-0.0221406
  0.109129
 -0.054994
   3.32557
  0.655631
-0.0313651
-0.0261323
  0.112353
-0.0324619
   3.33695
  0.660363
-0.0308034
-0.0187285
  0.115395
-0.0655187
   3.33198
  0.654426
-0.0296546
-0.0253472
  0.114251
-0.0541528
   3.32377
  0.664104
-0.0346253
 -0.019157
  0.112347
-0.0456883
   3.32872
  0.659634
-0.0306418
-0.0239904
   0.10846
-0.0570844
    3.2988
  0.646673
-0.0292642
-0.0196926
  0.112452
-0.0451226
    3.3039
  0.651716
-0.0267149
-0.0198947
  0.113153
-0.0332831
   3.29408
  0.650156
-0.0277815
-0.0122193
  0.111725
-0.0382675
   3.30208
  0.650658
-0.0257624
-0.0192632
  0.116764
-0.0421036
   3.30192
  0.651031
-0.0323894
 -0.024517
  0.120226
-0.0372189
   3.30771
  0.651844
-0.0262566
 -0.025921
   0.10753
-0.0605687
   3.31305
  0.656077
-0.0304628
-0.0247075
  0.113496
-0.0524113
   3.31023
  0.651296
-0.0281231
-0.0160446
  0.113897
-0.0460787
   3.29493
  0.645613
-0.0269314
-0.0191285
  0.110857
-0.0406405
   3.30599
    0.6523
 -0.026853
-0.0122417
  0.116574
-0.0447426
   3.30609
  0.650153
-0.0284818
-0.0217944
  0.102004
-0.0600366
   3.28906
  0.643414
-0.0237393
-0.0260435
  0.110965
-0.0449457
   3.30324
   0.65416
-0.0226128
-0.0226869
  0.119161
-0.0551416
   3.27289
  0.642684
-0.0301625
-0.0185741
  0.110546
-0.0438301
    3.2803
  0.646574
-0.0289327
-0.0218099
  0.123766
-0.0398988
   3.29165
   0.64957
-0.0284481
-0.0283252
  0.107129
-0.0634399
   3.28505
  0.652484
-0.0346436
-0.0211523
  0.113183
-0.0513362
    3.2745
   0.64556
-0.0254475
-0.0124572
  0.115348
-0.0382796
   3.25604
  0.634402
-0.0233849
-0.0266726
  0.111723
-0.0328832
   3.28423
  0.647995
-0.0278998
-0.0132267
  0.117036
-0.0473343
    3.29399
    0.65078
 -0.0267123
-0.00964736
   0.112968
 -0.0431944
    3.2973
  0.643766
-0.0338967
-0.0208388
  0.104712
-0.0484874
   3.30239
  0.648361
-0.0327587
 -0.025571
  0.112229
-0.0498773
   3.30478
  0.656594
-0.0257487
-0.0217808
  0.114777
-0.0469202
   3.30063
  0.647623
-0.0258878
-0.0216448
  0.114949
-0.0431603
   3.31582
  0.653276
-0.0272139
-0.0226603
  0.117126
-0.0531641
   3.31174
  0.652631
-0.0338756
 -0.026339
  0.114222
-0.0507254
   3.31378
  0.653353
-0.0261433
-0.0188434
   0.11324
-0.0582127
   3.30508
  0.655524
-0.0280107
-0.0198138
  0.118273
-0.0484706
   3.30166
  0.651763
-0.0235836
-0.0262002
  0.116207
-0.0427391
   3.29509
  0.654394
-0.0277056
 -0.016592
   0.11192
-0.0378116
   3.29741
  0.653413
-0.0256304
-0.0127035
  0.107373
-0.0442488
   3.29798
  0.651013
-0.0235575
-0.0142866
  0.120489
-0.0496437
   3.30774
  0.652086
-0.0307565
 -0.021544
  0.106452
 -0.065097
   3.28799
  0.647954
-0.0313415
-0.0239992
 0.0951503
-0.0404042
   3.28907
  0.643577
-0.0279279
-0.0255511
  0.108565
-0.0311238
   3.29204
  0.648559
-0.0345945
-0.0248241
  0.104058
-0.0352156
   3.29035
  0.647401
-0.0269882
-0.0225122
  0.119595
-0.0485679
   3.30737
   0.65456
-0.0278543
-0.0196287
  0.111343
-0.0365218
    3.3071
  0.655477
-0.0313611
-0.0225774
  0.117296
-0.0457659
   3.31331
  0.655525
-0.0293399
 -0.020308
  0.119206
-0.0543413
   3.29888
  0.646487
-0.0268214
-0.0188746
  0.109438
 -0.033789
   3.32349
  0.655582
 -0.028388
-0.0217528
  0.106004
-0.0536768
   3.32713
  0.657954
-0.0283471
-0.0228867
  0.116553
-0.0540679
    3.3021
  0.651187
 -0.024663
-0.0108481
   0.11127
-0.0472247
    3.3145
  0.649535
-0.0282804
-0.0266579
  0.110081
-0.0425075
   3.32528
  0.658088
-0.0267312
 -0.015672
  0.116964
-0.0338367
   3.32447
  0.652622
-0.0293079
-0.0116872
    0.1118
-0.0451702
    3.3229
  0.657983
-0.0363966
-0.0230246
  0.110214
-0.0680662
   3.31946
  0.656182
-0.0278976
-0.0190402
  0.119704
 -0.035707
   3.32643
  0.651856
-0.0319037
-0.0214318
  0.110052
-0.0558905
   3.32611
  0.653764
-0.0328028
-0.0163207
  0.106448
-0.0500467
   3.33531
  0.657999
-0.0320435
-0.0223699
  0.112715
-0.0668657
   3.32684
  0.659852
-0.0291545
-0.0177337
  0.112857
-0.0436399
   3.33772
  0.657106
-0.0295078
-0.0200545
  0.115404
-0.0502108
   3.32848
  0.661407
-0.0269443
-0.0200731
  0.110689
-0.0443475
    3.3113
  0.646153
-0.0281186
-0.0213843
  0.112555
-0.0343756
   3.30705
  0.647052
-0.0291429
-0.0147413
  0.102677
-0.0355608
   3.32316
   0.65664
-0.0316971
-0.0313305
  0.122314
-0.0511798
   3.33352
  0.657402
-0.0317809
-0.0160681
  0.104463
-0.0556346
   3.32489
  0.658684
-0.0280283
-0.0250845
  0.114284
-0.0386757
   3.33107
  0.658935
-0.0325631
 -0.021312
  0.109025
-0.0403571
    3.3413
   0.65983
 -0.028425
-0.0150419
  0.111808
-0.0558826
   3.32715
  0.658009
-0.0282048
-0.0237162
  0.120262
 -0.047104
    3.3163
  0.651205
-0.0282575
-0.0198319
  0.104959
-0.0455944
   3.33727
  0.659056
-0.0305787
-0.0199563
   0.11483
-0.0511348
   3.33073
  0.660669
-0.0271724
-0.0178322
  0.112866
-0.0551566
   3.32698
  0.658478
-0.0293867
-0.0223164
  0.107904
-0.0499514
   3.32897
  0.659817
-0.0301795
-0.0174951
  0.117696
 -0.038609
   3.32901
  0.658771
-0.0269947
-0.0218705
  0.106218
-0.0408766
   3.31658
  0.649867
-0.0238301
 -0.023339
  0.114487
-0.0448549
    3.3324
  0.661864
-0.0305262
-0.0232951
  0.111223
-0.0530691
   3.31164
  0.654314
-0.0256245
-0.0196017
  0.123329
-0.0356979
   3.29938
  0.643871
-0.0270485
-0.0207581
   0.10515
-0.0394834
   3.31208
  0.653115
-0.0255761
-0.0128463
  0.124948
-0.0350984
   3.32779
  0.654767
-0.0296879
-0.0233299
  0.112067
-0.0594363
   3.31738
  0.655806
-0.0279664
-0.0245515
  0.125207
-0.0378372
    3.3181
  0.652439
-0.0269522
-0.0242193
  0.117797
-0.0364559
   3.32227
  0.651384
-0.0329741
-0.0242129
 0.0978833
-0.0518237
   3.30221
  0.649932
-0.0245149
-0.0219746
   0.11649
-0.0326298
    3.3084
  0.650099
 -0.026912
-0.0184256
  0.112385
-0.0389292
   3.32522
  0.657391
-0.0281667
-0.0215558
   0.11124
-0.0450225
   3.32475
  0.659499
-0.0314145
-0.0221487
  0.113405
-0.0435309
   3.32778
  0.655265
-0.0261211
-0.0208114
  0.114098
-0.0506495
    3.3276
  0.656122
-0.0318767
-0.0168646
  0.108447
-0.0624317
   3.34579
  0.658857
 -0.027145
-0.0117024
  0.115719
-0.0457429
   3.32672
  0.660298
-0.0235354
-0.0204097
   0.11898
-0.0416578
    3.3215
  0.655958
-0.0268805
-0.0222099
  0.120941
-0.0376583
   3.32695
  0.659409
-0.0347752
-0.0150568
  0.106734
-0.0456221
   3.32122
  0.656836
-0.0326311
-0.0231909
  0.118137
-0.0470431
   3.33964
  0.666888
-0.0293638
-0.0185021
  0.114284
-0.0569287
   3.32409
  0.653772
-0.0268994
-0.0194108
   0.11486
-0.0342596
   3.33488
  0.660524
-0.0315991
-0.0194859
  0.112927
-0.0498009
   3.30809
  0.651445
-0.0314283
-0.0149623
  0.102948
-0.0442519
   3.33029
   0.65333
-0.0285321
-0.0197019
  0.114832
-0.0562049
   3.33655
  0.661634
-0.0328123
-0.0251733
  0.112437
-0.0523333
   3.30135
  0.644345
-0.0270118
-0.0210884
  0.106387
-0.0371593
   3.31921
  0.656218
-0.0303953
-0.0270544
  0.116917
-0.0448033
   3.30781
  0.652263
-0.0324334
-0.0228924
  0.112534
-0.0373851
   3.32995
   0.65517
-0.0292092
-0.0185191
  0.109998
 -0.036593
   3.33237
  0.653331
-0.0239787
-0.0167799
  0.102713
-0.0497221
   3.33188
  0.655576
-0.0272116
-0.0191589
  0.112571
 -0.048054
   3.33555
  0.657802
-0.0270946
-0.0184635
  0.115334
-0.0440385
   3.35418
  0.656811
-0.0297279
-0.0233633
  0.109408
-0.0483976
   3.32543
  0.656239
-0.0327166
-0.0216771
  0.105025
 -0.046697
   3.34448
  0.663925
-0.0270553
-0.0193158
  0.117814
-0.0458474
   3.31229
  0.650188
 -0.026097
-0.0242807
  0.106394
-0.0478823
   3.34475
  0.652753
 -0.033245
-0.0223176
  0.105476
 -0.056645
   3.34355
  0.658641
-0.0318038
 -0.020949
  0.118236
-0.0523678
   3.32785
  0.655151
-0.0237152
-0.0209067
  0.114976
-0.0415192
   3.32955
  0.657592
-0.0247101
 -0.012157
  0.113747
 -0.042533
   3.33959
  0.658204
-0.0284027
-0.0178119
  0.117884
-0.0528126
   3.32972
  0.655857
-0.0305032
-0.0198631
  0.109318
-0.0460494
   3.30638
   0.64888
-0.0257416
-0.0297904
  0.112765
-0.0293653
   3.32339
  0.655931
-0.0330081
-0.0232612
  0.111758
-0.0625942
   3.30487
   0.64731
-0.0282313
-0.0177236
  0.109515
 -0.047202
   3.32874
   0.65963
-0.0305527
-0.0239476
  0.108369
-0.0525007
    3.3369
  0.660395
-0.0328099
-0.0224741
  0.113102
-0.0517163
   3.29479
  0.645768
-0.0314344
  -0.02282
  0.107779
-0.0405526
   3.32717
  0.657875
-0.0282194
-0.0219291
  0.112568
-0.0472816
   3.30313
  0.654404
-0.0312661
-0.0249723
   0.10979
-0.0390283
   3.30787
  0.652372
-0.0244793
 -0.018078
  0.105193
-0.0312262
   3.31384
  0.653328
-0.0258759
-0.0187153
  0.112964
-0.0444626
   3.31312
  0.656754
-0.0333717
-0.0157152
  0.105419
-0.0345442
   3.29437
  0.647536
-0.0281391
-0.0231288
   0.10942
-0.0461324
   3.33226
  0.653055
-0.0274717
-0.0268849
  0.115023
-0.0535554
   3.31762
  0.654348
-0.0282548
-0.0233349
  0.113606
 -0.048927
   3.31455
  0.659139
-0.0279193
-0.0242085
  0.123883
-0.0420473
   3.31957
  0.645541
 -0.028594
 -0.025676
  0.117474
-0.0513093
   3.31569
  0.653294
-0.0317296
-0.0245663
  0.106353
-0.0532525
    3.3114
  0.655176
-0.0311958
-0.0204967
  0.120342
-0.0359166
   3.30184
  0.651522
-0.0313347
-0.0201582
  0.113777
-0.0423226
   3.29236
  0.647668
 -0.026928
-0.0201407
  0.109244
-0.0442171
   3.30982
  0.651907
-0.0295091
 -0.025501
  0.111306
-0.0555024
   3.29914
  0.654624
-0.0264737
 -0.020007
  0.114211
-0.0282716
    3.3082
  0.650321
-0.0294393
-0.0242147
  0.118337
-0.0524499
   3.29826
  0.649086
-0.0268181
-0.0211316
  0.112955
-0.0372426
   3.29135
  0.642809
 -0.025877
-0.0243647
  0.115606
-0.0395882
   3.31799
  0.652949
-0.0260757
-0.0199456
  0.111532
-0.0507265
   3.30672
  0.647438
-0.0237937
-0.0256149
  0.107074
-0.0427109
   3.31291
  0.657311
-0.0281459
-0.0194769
  0.115801
-0.0530991
   3.29686
  0.646174
-0.0270216
-0.0204157
  0.116078
-0.0451033
    3.3157
  0.653272
-0.0295393
-0.0256625
  0.111308
-0.0554918
   3.29888
  0.645635
-0.0339252
-0.0256988
  0.113069
-0.0511865
    3.29769
   0.652924
  -0.024366
-0.00913396
   0.116793
 -0.0392161
   3.27414
  0.645042
 -0.029069
-0.0329429
  0.117101
-0.0422391
   3.27327
  0.649849
-0.0345999
-0.0217435
  0.117074
-0.0535605
   3.26924
  0.639419
-0.0249663
-0.0247849
   0.10135
-0.0569363
   3.25233
  0.641941
-0.0277821
 -0.023769
  0.117021
-0.0479144
   3.23002
  0.631456
-0.0197503
-0.0187211
   0.10549
-0.0324932
   3.24811
  0.651394
-0.0521296
-0.0191436
  0.100327
-0.0520481
   3.18041
  0.623061
-0.0260846
-0.0147123
  0.105442
-0.0336772
   3.11865
  0.622328
0.00473442
-0.0145395
  0.103229
-0.0326691
   3.10262
  0.628467
-0.0288252
-0.0207131
  0.108381
-0.0560448
   3.07619
  0.571704
-0.0389413
-0.0180703
  0.088147
-0.0439149
   3.05289
   0.58336
-0.0442728
 -0.020714
 0.0949777
-0.0468924
   3.03375
  0.612513
-0.0134839
-0.0240038
 0.0835965
 -0.050801
   2.99651
  0.605127
-0.0453304
 -0.015795
 0.0919146
-0.0335364
    2.96593
   0.576338
 -0.0561241
-0.00749776
  0.0773399
 -0.0393948
   2.98339
  0.581123
-0.0282556
-0.0142191
 0.0894357
-0.0315683
    2.96427
   0.610248
-0.00514938
 -0.0191796
   0.090242
  -0.043857
   2.98615
  0.577958
-0.0532138
-0.0118752
 0.0878956
-0.0490831
     2.9382
    0.53401
-0.00100065
 -0.0219611
  0.0897439
 -0.0179587
   2.99436
  0.631808
-0.0294699
-0.0213117
 0.0801154
 -0.045028
   2.99363
  0.607639
-0.0402654
-0.0210639
 0.0843359
-0.0560038
   2.99937
  0.574042
-0.0218283
 -0.018247
 0.0936355
-0.0334584
   3.03695
  0.617175
-0.0188154
-0.0244679
 0.0909864
-0.0291381
   3.02407
  0.609714
-0.0268713
-0.0241954
 0.0779819
-0.0384915
    3.0216
  0.521937
-0.0398764
-0.0130955
 0.0868307
-0.0173378
   3.02638
  0.590795
-0.0193915
-0.0236947
 0.0893081
-0.0362321
   3.02621
  0.602339
0.00452681
-0.0101468
  0.101115
 -0.042713
   3.05054
  0.602253
 -0.042639
-0.0259242
  0.086761
-0.0401029
   3.04267
  0.528265
 -0.035426
-0.0233224
 0.0978716
-0.0314788
    3.07093
   0.605465
-0.00870404
 -0.0104612
  0.0959841
 -0.0271413
    3.07263
   0.598389
  0.0145968
-0.00297377
  0.0851376
 -0.0252331
   3.10775
  0.623319
0.00099159
-0.0216845
 0.0852369
-0.0505157
   3.07413
   0.58994
 -0.058193
-0.0192093
 0.0783629
-0.0264853
   3.08194
  0.582725
-0.0263113
-0.0207279
 0.0821088
-0.0260745
   3.09656
  0.654789
 0.0130135
-0.0180754
 0.0838112
-0.0557115
   3.09745
  0.660143
-0.0256515
 -0.015556
 0.0742143
-0.0450047
    3.1277
  0.599934
-0.0798792
-0.0131042
 0.0738454
-0.0266988
   3.11835
  0.613555
-0.0508029
-0.0161676
 0.0789503
-0.0354977
   3.14464
  0.652557
-0.0213162
 -0.011782
 0.0719506
-0.0435624
    3.1555
  0.623072
-0.0343885
-0.0120676
  0.077479
-0.0323151
     3.1733
   0.636174
  -0.039995
-0.00751256
  0.0853466
 -0.0429771
   3.18663
  0.613251
-0.0297069
-0.0126602
 0.0835627
-0.0336158
   3.21615
  0.610462
 0.0111591
-0.0133899
  0.082534
 -0.031236
    3.20877
    0.67988
-0.00224123
 -0.0093626
  0.0748004
 -0.0299024
   3.24082
  0.610976
-0.0156444
-0.0158766
 0.0933331
-0.0271135
   3.25972
  0.653627
-0.0373315
-0.0251468
 0.0779488
-0.0374134
    3.24886
   0.648916
 -0.0313492
-0.00988427
  0.0881645
 -0.0297039
   3.23797
  0.605086
-0.0223763
-0.0133401
 0.0758803
-0.0271236
   3.23601
  0.669163
-0.0348991
-0.0128797
 0.0953079
-0.0309175
    3.23515
   0.636873
 -0.0253755
-0.00794336
  0.0886632
 -0.0212283
   3.22619
  0.666048
-0.0235331
-0.0201544
 0.0923364
-0.0335366
   3.24262
  0.611853
-0.0260253
-0.0192604
 0.0881154
-0.0154557
   3.24596
  0.669729
-0.0345863
-0.0205017
  0.084084
-0.0281664
   3.25354
  0.653776
-0.0409111
-0.0250373
 0.0837957
-0.0378442
    3.27554
   0.639635
-0.00328289
  -0.018297
  0.0883379
 -0.0260436
   3.29152
  0.688621
-0.0409644
-0.0107541
 0.0911059
-0.0224559
   3.29819
  0.595666
 0.0198216
 -0.009691
  0.108179
-0.0243858
   3.32904
  0.731652
-0.0237845
-0.0196728
 0.0953924
-0.0370126
   3.32623
  0.608344
 0.0246411
-0.0150742
   0.10445
0.00217651
   3.38089
  0.684805
 -0.036305
-0.0174591
 0.0919481
-0.0432165
   3.36264
   0.68353
-0.0302624
-0.0199026
 0.0934348
-0.0219833
    3.39171
   0.673017
-0.00876352
 -0.0233652
  0.0895724
 -0.0265166
    3.4157
  0.704282
-0.0735857
-0.0234413
 0.0968361
-0.0165787
    3.41575
   0.667989
 -0.0108986
 -0.0179546
  0.0884139
-0.00542692
   3.45906
  0.714035
 -0.071413
-0.0125352
 0.0818568
-0.0169878
   3.44845
  0.669443
0.00133903
-0.0210784
 0.0996083
-0.0072046
     3.47911
    0.735038
-0.000327881
  -0.0196382
    0.106286
  -0.0135905
   3.54455
     0.692
-0.0336044
-0.0177822
  0.106091
-0.0280111
    3.52223
   0.717926
  0.0081028
  -0.017793
   0.101266
-0.00591829
   3.53975
  0.712989
 -0.045935
-0.0191988
 0.0983489
-0.0240804
   3.55113
  0.718325
0.00771874
-0.0156751
  0.113222
-0.0162566
   3.60162
  0.721838
-0.0543264
-0.0245521
 0.0949612
 -0.014086
    3.61155
   0.707734
 -0.0267786
-0.00807308
   0.112926
-0.00277905
     3.6329
   0.786226
-0.00972037
-0.00800223
   0.103917
 -0.0178605
   3.64083
  0.704981
-0.0179479
-0.0126695
  0.099866
-0.0106221
   3.65786
    0.7561
-0.0304788
-0.0212377
 0.0887542
-0.0208879
     3.67022
    0.729056
    -0.02002
  -0.0245815
   0.0980855
-0.000264773
   3.69079
  0.784349
-0.0581771
-0.0173624
 0.0888875
 -0.015475
    3.69213
   0.742813
-0.00220834
 -0.0180627
   0.112409
-0.00256127
   3.75479
  0.803254
-0.0413797
-0.0155164
  0.106045
-0.0176806
   3.77711
  0.723116
-0.0312797
-0.0155308
  0.113346
-0.0077933
   3.80028
  0.711109
 -0.031449
-0.0249109
  0.108746
0.00957807
    3.8306
  0.805751
-0.0246692
-0.0164921
  0.103971
-0.0068623
   3.82881
  0.722819
 0.0101106
-0.0142373
   0.10738
0.00494976
   3.88309
   0.80202
-0.0597518
-0.0159229
  0.109659
-0.0110108
   3.87794
  0.742226
0.00248846
-0.0249093
  0.115792
 0.0135478
   3.95352
  0.910273
 -0.053068
-0.0201815
  0.118006
-0.0151116
   3.95562
  0.810004
-0.0400788
-0.0194454
   0.11921
0.00173664
   3.99307
  0.799161
-0.0817586
-0.0253046
  0.117035
 0.0132803
    4.03286
   0.852433
-0.00273025
 -0.0147351
   0.130401
 -0.0111408
    4.07998
   0.899651
-0.00827977
 -0.0174245
   0.134913
-0.00250567
    4.10662
   0.846009
8.96947e-05
  -0.013951
   0.131808
 0.00216476
     4.1249
    0.87322
 -0.0553535
 -0.0292538
   0.132657
-0.00098757
     4.1737
    0.78442
 -0.0398459
 -0.0357091
   0.134641
-0.00729893
   4.19256
  0.867654
-0.0247666
-0.0219828
  0.153293
 0.0126595
    4.22713
   0.922392
-0.00875436
 -0.0366587
   0.139173
-0.00819149
   4.25826
  0.804612
-0.0411442
-0.0222956
  0.134668
 0.0107451
   4.28932
  0.887053
-0.0356425
-0.0204726
   0.14658
 0.0190527
   4.32367
  0.872335
 0.0150731
-0.0219139
  0.155958
 0.0319206
   4.37185
  0.914549
-0.0523349
-0.0229909
  0.151522
 0.0208663
    4.3738
  0.879048
-0.0166107
-0.0166576
   0.14792
 0.0220098
    4.40179
   0.946663
-0.00880468
 -0.0185209
   0.157717
-0.00217841
   4.43421
  0.930148
 0.0104972
-0.0287347
   0.15221
 0.0171437
   4.46536
  0.901694
-0.0591516
 -0.026927
   0.14504
0.00527068
   4.48949
  0.940579
 -0.060421
-0.0350969
   0.14606
 0.0264687
   4.52005
  0.951861
-0.0507587
 -0.028668
   0.14625
  0.007937
   4.54786
   1.03087
-0.0571726
-0.0223659
  0.150278
 0.0270974
   4.58982
  0.901403
-0.0578301
-0.0130876
  0.158425
 0.0422941
    4.62739
   0.997392
-0.00146076
 -0.0350728
    0.16075
  0.0148621
   4.67108
   1.00688
-0.0119675
-0.0223763
  0.167533
 0.0364946
   4.71077
  0.994406
-0.0694991
-0.0358825
  0.165422
 0.0474621
    4.7693
   1.01053
-0.0341794
-0.0274499
  0.181581
 0.0335287
   4.80833
   1.05695
0.00601797
-0.0324138
  0.190341
 0.0463719
   4.89269
   1.06661
-0.0594952
-0.0389881
  0.194482
 0.0385871
    4.9163
   1.05427
-0.0185951
-0.0311358
  0.194301
 0.0423431
   4.97185
   1.10077
-0.0710657
-0.0315254
  0.194176
 0.0431675
   4.97977
   1.02954
-0.0415362
-0.0340515
  0.209809
  0.051368
   5.04958
   1.11374
0.00927649
-0.0337439
  0.217315
 0.0606284
   5.10261
   1.14456
-0.0250215
-0.0315372
  0.227565
 0.0631409
   5.14041
   1.07709
 -0.049689
-0.0359649
   0.21666
 0.0701856
   5.20326
   1.12817
 -0.050282
-0.0290134
  0.208978
 0.0665699
  5.25888
  1.14651
-0.116355
-0.031207
 0.203365
0.0627686
   5.27952
   1.17389
-0.0263559
-0.0409573
  0.229283
 0.0783223
   5.34917
   1.16006
 -0.026864
-0.0294436
  0.252133
 0.0886455
   5.40291
   1.21321
-0.0246692
-0.0410639
  0.251861
 0.0834029
   5.44468
    1.1741
-0.0412981
-0.0438562
  0.233969
  0.106743
   5.50687
   1.20095
-0.0331841
-0.0403063
  0.242724
  0.107691
    5.57895
    1.26506
-0.00679745
 -0.0448474
   0.249507
  0.0958469
   5.60466
      1.27
-0.0460149
-0.0520237
  0.266502
   0.10349
   5.65297
   1.22136
-0.0647344
-0.0409289
  0.255116
 0.0955446
   5.68934
   1.30574
-0.0726814
-0.0544532
  0.256942
 0.0995371
   5.73771
   1.23962
-0.0510836
-0.0417812
  0.263027
  0.116764
    5.7883
   1.28025
 0.0146124
-0.0466945
  0.267298
  0.125438
   5.83683
   1.33048
-0.0358234
-0.0457768
  0.268524
  0.119135
   5.91251
   1.34261
-0.0424199
-0.0431907
  0.266001
  0.106101
   5.96666
   1.37587
-0.0510212
-0.0576792
  0.265512
  0.129237
   6.06525
   1.36021
-0.0929072
-0.0543504
  0.265961
  0.129284
   6.14119
   1.43588
-0.0570849
-0.0497356
  0.282922
  0.123799
   6.20819
   1.42284
-0.0599738
 -0.049016
  0.284548
  0.130925
   6.24938
   1.46074
-0.0373527
-0.0449316
  0.294967
  0.149212
   6.37401
   1.51129
-0.0357614
-0.0548397
  0.310251
  0.144283
   6.45487
   1.47269
-0.0661042
-0.0634957
  0.311409
  0.157135
   6.50945
   1.56035
-0.0518301
-0.0594494
  0.312111
  0.169544
    6.5773
   1.53457
-0.0509619
 -0.058772
  0.314917
  0.179879
    6.6885
   1.56269
-0.0668231
-0.0676885
  0.325945
  0.186994
   6.74418
    1.5269
 -0.048053
-0.0638889
  0.325039
  0.190736
    6.8395
    1.6349
-0.0480679
-0.0655904
  0.343231
  0.187818
   6.89776
   1.63303
-0.0417067
 -0.063916
   0.33674
  0.199022
   6.95777
    1.6148
-0.0727337
 -0.065261
  0.351067
  0.213956
   7.02903
   1.68349
-0.0515032
-0.0623512
  0.356233
  0.222901
    7.0977
   1.69131
-0.0351611
-0.0532514
  0.360456
  0.228317
    7.1685
   1.72364
-0.0304284
-0.0682502
  0.361632
  0.234741
   7.21902
   1.71921
-0.0483857
-0.0731006
  0.368584
  0.243637
   7.29948
     1.801
 -0.107118
-0.0765971
  0.365073
  0.242294
   7.36939
   1.77565
-0.0305775
-0.0703749
  0.371573
  0.244218
   7.41706
   1.81215
-0.0955787
-0.0624645
  0.360321
  0.265234
   7.47969
   1.84563
-0.0565786
-0.0640777
   0.37646
  0.259473
   7.55666
   1.80707
-0.0707322
-0.0627116
  0.368199
   0.29328
   7.68699
   1.95109
-0.0486357
-0.0739027
  0.394615
  0.285445
   7.77999
   1.87903
-0.0488027
-0.0615839
  0.382665
   0.31076
   7.81581
   1.92041
-0.0438714
-0.0709177
  0.387494
  0.299811
   7.89046
   1.98323
-0.0806194
-0.0721373
  0.397009
  0.317047
   7.92363
   1.91869
-0.0869349
-0.0748405
  0.387992
  0.341761
   8.07173
   2.03128
 -0.074431
-0.0715056
  0.404941
   0.34397
   8.14003
   2.03982
-0.0568526
 -0.074627
   0.41894
  0.351642
   8.18656
   2.07112
-0.0684197
-0.0789405
  0.417907
  0.368249
   8.28457
   2.05999
 -0.051588
-0.0651704
   0.43653
  0.393058
    8.3991
   2.16367
-0.0575949
-0.0808742
  0.444861
  0.396631
   8.54796
    2.2001
-0.0955783
-0.0809811
  0.460345
  0.423371
    8.5998
   2.18979
-0.0427405
 -0.080589
  0.459516
  0.419995
   8.61937
   2.23118
-0.0644786
-0.0810456
  0.461528
  0.429288
   8.69305
   2.22593
-0.0251151
-0.0816422
  0.480234
  0.463385
   8.88779
   2.34125
-0.0724362
-0.0842443
  0.473728
  0.478317
   9.02237
   2.29315
-0.0882475
-0.0910406
  0.468789
  0.484379
   9.06116
   2.30563
-0.0728837
-0.0867115
   0.47889
  0.523348
   9.01622
   2.34854
-0.0418255
-0.0917584
   0.48341
  0.513053
   9.15892
   2.46645
-0.0586795
-0.0882918
  0.478354
    0.5242
   9.29528
   2.41159
-0.0969985
 -0.084965
  0.464456
  0.552754
   9.48959
   2.51187
 -0.120902
-0.0826192
  0.488687
  0.563572
   9.55307
   2.54088
-0.0730673
-0.0946006
  0.501603
  0.585179
   9.63113
   2.63399
-0.0507233
 -0.098549
  0.515989
  0.600135
    9.7987
    2.6695
-0.0804072
-0.0991148
  0.531641
  0.618105
   10.0854
   2.68026
-0.0840598
 -0.103607
  0.543487
  0.659398
   10.3259
   2.92304
-0.0863969
 -0.101099
  0.567246
  0.680285
   10.4969
   2.77049
-0.0664231
 -0.100107
  0.569203
    0.7337
   10.4519
   2.89689
-0.0733424
-0.0988507
  0.588562
  0.734939
   10.7909
    3.0318
-0.0268638
 -0.107477
  0.602734
  0.780289
    11.038
    3.0796
-0.0781744
 -0.124728
  0.617472
  0.830095
   11.199
  3.12647
-0.120775
-0.114671
 0.617841
 0.864981
  11.3631
  3.22223
-0.137426
 -0.12363
 0.633964
 0.897077
  11.4398
  3.23959
-0.132032
-0.122194
 0.631941
 0.941258
   11.4942
   3.27289
-0.0719533
 -0.120866
  0.644695
  0.948081
   11.0478
   3.13737
-0.0877451
 -0.109606
  0.615874
  0.861529
    10.553
   2.94948
-0.0463242
 -0.120145
  0.608624
  0.778511
   10.2057
   2.95176
-0.0630019
 -0.107818
  0.585533
  0.741166
   9.87899
   2.73419
-0.0593532
 -0.109615
  0.555804
  0.723889
   9.63557
   2.66993
-0.0833187
-0.0961031
  0.535209
  0.696003
   9.57748
   2.70706
-0.0491673
-0.0979728
  0.528474
  0.695339
   9.30789
   2.59325
-0.0497292
-0.0913774
  0.496124
  0.653466
   9.08517
   2.53714
-0.0851411
-0.0899273
  0.469309
  0.655992
   8.84629
    2.3794
 -0.101042
-0.0827069
  0.436427
   0.64397
   8.77176
    2.4803
-0.0584824
-0.0786304
    0.4361
  0.615392
   8.75446
   2.45604
-0.0600326
-0.0834537
  0.441074
  0.606592
   8.48057
   2.35338
0.00574866
-0.0701902
  0.419297
  0.597607
   8.40669
   2.35921
-0.0434356
-0.0780274
  0.406005
   0.57934
    8.2687
   2.22109
-0.0252428
-0.0798853
  0.404873
  0.577399
   8.14825
    2.3145
-0.0890023
-0.0743067
  0.377445
  0.545422
   8.03656
   2.20761
 -0.014769
-0.0606563
  0.362464
  0.569342
   7.74242
   2.16483
-0.0567652
-0.0706205
  0.365468
   0.52024
   7.56333
   2.07104
 -0.027304
-0.0684495
  0.339895
  0.516563
   7.50113
    2.1077
-0.0655294
 -0.072749
  0.323162
  0.511965
   7.27298
   1.97655
-0.0389061
-0.0625219
  0.317411
  0.503183
   7.15029
   1.98029
-0.0678957
-0.0540904
  0.296698
  0.472441
    6.82297
    1.86701
8.59116e-05
  -0.052509
   0.289101
   0.466969
   6.72519
   1.83306
-0.0350158
-0.0584749
  0.291204
  0.443967
   6.47988
   1.76782
 -0.045267
-0.0504294
  0.266042
  0.440124
   6.34542
   1.73189
-0.0388918
-0.0546352
  0.263944
  0.420994
   6.15638
   1.73626
-0.0385693
-0.0595566
  0.262833
  0.393238
   5.95828
    1.5643
  0.024951
-0.0453058
  0.254922
  0.407009
   5.91983
    1.6508
-0.0486298
-0.0476602
  0.238834
  0.374517
   5.77709
   1.51587
-0.0237982
-0.0435995
  0.226206
   0.39971
   5.59231
   1.55682
-0.0498637
-0.0391143
  0.216498
  0.372504
   5.36093
    1.4292
-0.0176893
-0.0434444
  0.212826
  0.356933
   5.19838
   1.39966
-0.0364584
-0.0377453
  0.210743
  0.333026
    5.1459
    1.4576
-0.0413729
-0.0381296
  0.191527
  0.322374
   4.99017
    1.2696
 0.0113463
-0.0484634
   0.20372
  0.336278
   4.82939
   1.36072
-0.0289051
-0.0290386
  0.179106
  0.308999
   4.62444
   1.20658
-0.0053485
-0.0453239
  0.174933
  0.313732
   4.50344
   1.18663
-0.0511837
-0.0258521
  0.178718
  0.296154
   4.42262
   1.15087
 0.0254574
-0.0249809
  0.163268
  0.272091
   4.32843
   1.18267
-0.0297574
-0.0312354
  0.143777
     0.265
   4.15084
    1.1281
 0.0317707
-0.0335269
  0.145776
  0.258698
   4.06592
   1.10148
-0.0297984
-0.0303481
  0.134063
  0.234822
   3.93703
   1.02299
-0.0746323
-0.0310383
  0.117516
  0.254731
   3.76581
   0.96759
-0.0273669
-0.0279591
  0.105794
  0.240883
   3.65789
   1.00746
 0.0181484
-0.0177931
  0.102962
  0.221469
   3.56994
  0.985458
-0.0389484
 -0.016752
  0.107567
  0.202194
   3.43714
  0.878435
-0.0136018
-0.0195484
 0.0915663
   0.21318
   3.42309
   0.91295
-0.0463758
-0.0143699
 0.0836981
  0.187728
   3.27013
  0.868269
 0.0303224
-0.0200608
 0.0931681
  0.195103
   3.13712
  0.844233
-0.0346462
-0.0172283
 0.0755584
  0.178633
    3.0407
  0.750401
-0.0350562
-0.0199817
 0.0765891
  0.198319
    3.01319
   0.835539
0.000584928
 -0.0176377
  0.0775537
   0.176392
   2.93725
  0.786217
-0.0188625
-0.0365294
 0.0803756
  0.183207
   2.82781
  0.714283
-0.0196723
-0.0214223
 0.0717013
  0.158799
   2.70651
  0.667214
-0.0248545
-0.0136865
 0.0649518
   0.16764
   2.62328
  0.687926
0.00835495
-0.0122237
  0.052844
  0.146615
   2.62448
  0.728781
-0.0461181
-0.0116812
 0.0672783
  0.158341
   2.55928
   0.66947
0.00589807
-0.0123502
 0.0601398
  0.121079
   2.47018
  0.670425
-0.0340813
 -0.020115
 0.0677568
  0.124634
    2.33237
   0.550951
0.000466562
-0.00774243
  0.0502489
   0.151676
   2.27665
  0.577082
 -0.027704
-0.0152582
 0.0533925
  0.128065
    2.2585
  0.610834
-0.0154296
-0.0253393
  0.056534
  0.130331
   2.20985
  0.525339
 0.0231474
-0.0228464
   0.05848
  0.137843
   2.09895
  0.541179
 0.0260758
-0.0159748
 0.0411229
  0.133504
    2.0129
  0.465448
 -0.075355
-0.0139483
 0.0434255
  0.130545
   1.96702
  0.522211
-0.0111674
-0.0125188
 0.0426259
  0.118457
    1.92928
   0.488876
  0.0359401
-0.00491913
  0.0391209
   0.104395
   1.89529
  0.501353
-0.0212498
-0.0122305
 0.0362545
  0.109212
   1.78805
  0.382314
0.00254303
-0.0131388
 0.0277387
  0.117409
     1.7216
    0.42004
  -0.040876
-0.00943105
   0.024238
  0.0808001
   1.69559
    0.4707
-0.0203375
-0.0102973
    0.0138
 0.0825701
   1.67136
  0.459408
-0.0135867
-0.0129328
 0.0230751
 0.0919472
   1.60079
  0.350989
-0.0405761
-0.0153302
 0.0158578
 0.0766749
    1.51096
   0.365729
-0.00550578
-0.00472267
 0.00878543
  0.0761789
   1.45516
  0.402172
 0.0271412
-0.0132165
 0.0299178
 0.0679737
    1.47309
   0.360114
  -0.024423
-0.00142989
  0.0149022
  0.0688991
   1.40772
  0.329119
-0.0100432
-0.0123998
 0.0289978
 0.0691362
     1.3701
   0.349534
  0.0277012
-0.00556613
   0.013957
  0.0598624
    1.30416
   0.302648
 -0.0233524
-0.00632547
0.000719895
  0.0447446
   1.29753
  0.332493
-0.0213247
-0.0025691
0.00927048
 0.0438538
    1.25223
   0.305614
-0.00422421
 0.00323509
  0.0050312
  0.0687495
     1.20603
    0.227343
-8.41404e-05
  0.00380628
  0.00422765
   0.0726739
   1.13721
  0.318628
-0.0208462
-0.0166577
0.00222722
 0.0441186
    1.12522
   0.299446
 -0.0270537
-0.00598737
5.27939e-05
  0.0290151
    1.08141
    0.22929
  0.0231778
-0.00519216
 0.00382163
  0.0431533
   1.07516
   0.25758
-0.0312332
-0.0006897
0.00853142
 0.0596548
    1.04441
   0.227828
 0.00214111
-0.00844951
0.000597771
  0.0270499
    1.01758
   0.310003
-0.00625835
-0.00225981
-0.00780178
  0.0292384
   0.996441
   0.212678
  0.0128874
-0.00381388
0.000509919
  0.0511566
   0.959661
   0.183746
-0.00296144
-0.00558353
  0.0048853
  0.0547817
   0.956391
   0.241762
 -0.0556248
 -0.0136638
-0.00560399
  0.0205562
    0.907378
    0.257335
    0.028958
  -0.0183606
-0.000446347
   0.0197007
  0.874986
  0.209656
0.00818492
-0.0166915
0.00709934
 0.0305991
   0.867944
     0.1979
-0.00740279
  0.0137786
-0.00807819
  0.0331311
   0.869486
    0.22574
-0.00802474
-0.00315367
  -0.003884
  0.0274306
   0.799984
    0.16808
 0.00606036
-0.00787905
-0.00283665
  0.0461339
   0.778209
   0.191154
  -0.015688
-0.00770811
 0.00729613
  0.0251847
   0.759299
   0.173166
  -0.028331
 -0.0177111
-0.00368378
  0.0319439
    0.74506
    0.19962
 -0.0733417
 -0.0124371
-0.00681536
  0.0201727
  0.715567
   0.11152
 0.0327289
 -0.012488
-0.0120837
 0.0227591
   0.696017
   0.180038
-0.00760446
-0.00339699
-0.00718565
 0.00667932
   0.667483
  0.0965759
-0.00813093
-0.00966174
-0.00508794
  0.0313138
   0.633472
   0.173472
  -0.043527
-0.00767275
-0.00432527
  0.0208925
   0.594268
    0.11884
  0.0313368
-0.00892078
-0.00813821
   0.026717
   0.621235
   0.200298
 -0.0349276
-0.00308079
-0.00419212
 0.00880135
   0.618271
     0.1133
-0.00708598
-0.00981898
0.000568826
  0.0250596
   0.591081
   0.151414
 -0.0146398
-0.00426993
 -0.0039442
  0.0181667
   0.602162
   0.121354
  0.0246721
-0.00439793
 0.00730868
  0.0248928
  0.601408
  0.151736
   0.00527
-0.0050603
 0.0128252
 0.0117481
   0.548183
   0.175701
  -0.035901
-0.00802352
 -0.0170673
  0.0119522
   0.567234
    0.12103
 0.00291581
-0.00183158
 0.00983246
  0.0314959
   0.581613
   0.165406
 -0.0310422
-0.00806084
-0.00138285
  0.0137681
    0.54292
   0.045966
  0.0111504
-0.00637777
 0.00469435
  0.0405056
   0.554487
   0.131107
   0.015371
-0.00237855
-0.00354225
  0.0242927
  0.549353
  0.100176
 0.0113077
0.00430013
0.00540578
 0.0248506
   0.521072
   0.105831
 -0.0150989
-0.00328605
  0.0129895
  0.0184363
   0.492263
  0.0679706
 -0.0282209
-0.00740513
-0.00952571
  0.0192891
   0.504063
   0.152242
 -0.0508397
-0.00622356
-0.00307052
-0.00150484
  0.485008
 0.0453047
 0.0568522
-0.0108044
0.00454638
0.00450381
   0.482567
   0.183157
 -0.0373923
-0.00583515
-0.00763981
-0.00316551
   0.523039
  0.0959509
 -0.0163728
 -0.0126321
-0.00187444
  0.0298384
   0.490677
  0.0384743
 -0.0210882
-0.00952108
 -0.0107816
  0.0233829
    0.49954
   0.136132
  0.0458321
-0.00479237
  0.0037208
-0.00615589
   0.505546
   0.145835
  0.0395704
-0.00950979
 0.00416783
   0.008664
  0.489511
  0.106788
-0.0094884
-0.0156322
0.00862513
0.00272966
   0.502475
  0.0675358
 -0.0445554
 -0.0149625
0.000748488
 -0.0102137
    0.475607
    0.140905
    0.028373
  -0.0123685
  0.00606026
-0.000812311
   0.487076
   0.100477
  0.0487154
-0.00872484
  0.0115526
  0.0207725
   0.494973
   0.101707
 -0.0673078
-0.00738291
-0.00340224
  0.0244041
  0.475691
 0.0155106
-0.0282454
0.00796874
-0.0108574
 0.0258939
    0.465049
    0.179062
  0.00622998
 -0.00122352
 -0.00149799
-0.000629998
   0.456299
   0.135532
 0.00960961
-0.00765248
  0.0043035
 0.00740673
  0.418755
 0.0909432
 -0.112751
-0.0082418
-0.0212466
 0.0137705
   0.438688
   0.121096
 -0.0365512
 -0.0126794
-0.00825708
0.000586168
   0.453429
   0.138295
 -0.0285081
 -0.0106351
1.71801e-05
-0.00832215
  0.430228
 0.0865729
  0.025272
-0.0106276
0.00487587
 0.0083798
   0.467833
   0.138959
 -0.0205739
-0.00243457
 -0.0171932
-0.00115063
    0.487298
   0.0909976
  0.00599506
-0.000570623
   0.0079748
   0.0113577
   0.490983
   0.191268
 -0.0171137
-0.00968533
 0.00401833
-0.00654404
  0.479466
 0.0975643
 0.0532531
-0.0135617
 0.0275084
 0.0193806
   0.472856
   0.144027
 -0.0523958
 -0.0110085
-0.00320989
  0.0175138
   0.470092
  0.0933283
 -0.0180873
-0.00504851
-0.00437191
  0.0207141
   0.462755
   0.116628
  0.0159284
-0.00288258
 0.00270147
 0.00510149
    0.482513
    0.101132
 -0.00958431
  -0.0133978
-0.000127092
 -0.00248037
   0.477248
  0.0716677
  -0.015495
-0.00187318
  0.0125216
  0.0136025
   0.449845
  0.0372002
-0.00372987
-0.00999566
  0.0102381
  0.0284139
  0.412213
  0.129317
-0.0310027
-0.0112757
0.00151016
 0.0120572
   0.416307
  0.0306904
  0.0187908
-0.00400568
 0.00349238
   0.026309
   0.429285
   0.162527
 -0.0407851
 -0.0133605
-0.00011837
 -0.0126151
   0.399503
-0.00510491
  0.0200369
 -0.0155276
  0.0190761
  0.0233722
  0.399163
  0.106521
-0.0113688
0.00360062
0.00336286
0.00871887
  0.384318
 0.0893911
 0.0216123
 -0.005978
 0.0139162
0.00688026
   0.37335
 0.0572888
 0.0255144
0.00568645
   0.01552
 0.0135928
    0.37025
   0.167964
 -0.0509537
 -0.0126478
-0.00396179
-0.00293339
   0.35693
 0.0098612
 0.0275894
-0.0114055
 0.0128264
 0.0225048
   0.359772
  0.0879579
 -0.0463266
-0.00652504
 0.00436635
 0.00356858
    0.343219
   0.0434045
   0.0129301
-0.000811403
  0.00265356
  0.00794037
   0.315801
   0.108008
-0.00176452
 -0.0143798
 0.00512874
 0.00310765
   0.322352
  0.0260732
 -0.0127557
-0.00750899
  0.0127603
  0.0200455
   0.329517
  0.0579649
 -0.0298654
-0.00520402
 0.00510272
  0.0134279
   0.300733
  0.0661595
 0.00314376
-0.00938618
 0.00575267
  0.0184861
   0.318786
   0.104623
  0.0170093
-0.00966011
   0.017342
-0.00707391
   0.300624
  0.0847632
  0.0100312
-0.00981188
  0.0197181
-0.00392951
   0.304222
  0.0233104
  0.0173769
  -0.009973
-0.00146268
  0.0150698
   0.286289
   0.101833
 -0.0372552
    -0.0125
 0.00817824
-0.00218739
   0.283709
  0.0325727
  0.0335198
-0.00484661
  0.0110552
  0.0102359
    0.25767
   0.109488
  -0.030092
 -0.0133294
 0.00939872
-0.00698409
  0.234317
-0.0417361
 0.0298548
-0.0174962
0.00541441
 0.0305283
    0.245308
   0.0923294
  -0.0657366
 -0.00301814
-0.000387775
   0.0103444
  0.229507
  0.015935
 0.0701929
-0.0115668
 0.0140575
0.00106622
  0.226714
  0.082271
-0.0469537
-0.0136644
0.00104152
 0.0121347
     0.2303
  0.0225426
  0.0137035
-0.00309984
  0.0133734
 0.00780615
    0.226079
   0.0399167
  -0.0473257
  -0.0074769
 -0.00616163
-0.000448625
   0.216925
-0.00275699
  0.0195463
  -0.019543
 -0.0110008
 0.00809828
   0.182653
  0.0938025
 -0.0452876
 -0.0151798
-0.00621974
-0.00074757
    0.198122
    0.008008
  0.00320095
  -0.0135472
-0.000531421
 -0.00477729
  0.202019
 0.0824228
-0.0432998
 -0.010095
0.00726486
 0.0115793
   0.175318
 -0.0169582
   0.011206
-0.00371088
  0.0109005
  0.0225712
  0.178474
 0.0410617
 -0.034304
-0.0064921
 0.0087784
0.00496881
   0.169557
-0.00132984
  0.0245953
-0.00998336
  0.0268964
-0.00388744
   0.147183
  0.0588081
-0.00241922
 -0.0245547
  0.0135847
0.000983639
  0.148425
-0.0372615
 0.0114533
-0.0244529
 0.0112842
0.00407111
  0.154483
 0.0912924
-0.0284236
 -0.010319
 0.0085588
-0.0123315
    0.171881
  0.00727337
   -0.016349
-4.23956e-05
   0.0154167
 -0.00365381
    0.12725
  0.0659072
 -0.0320974
  -0.013039
  0.0174034
-0.00755686
  0.149076
0.00716584
0.00298828
-0.0110903
 0.0311198
0.00489132
   0.158995
  0.0536563
  0.0363836
  -0.013861
  0.0263476
-0.00392433
  0.140763
 0.0446151
-0.0136179
0.00325277
  0.016396
0.00046341
   0.144821
 -0.0195418
  0.0165469
-0.00583845
  0.0175036
-0.00487789
   0.123681
  0.0638321
 -0.0262191
-0.00858692
 0.00595876
 0.00836078
   0.146949
 -0.0196435
  0.0154771
-0.00472856
   0.018541
-0.00222856
    0.12707
  0.0131284
 0.00659341
-0.00827739
  0.0277602
-0.00525109
      0.139
 -0.0302054
 0.00189998
  -0.005062
  0.0133783
0.000107461
   0.140116
 -0.0256253
 -0.0100264
-0.00833224
  0.0319042
  0.0107675
  0.131173
 0.0123619
  0.033202
-0.0129761
  0.014174
 -0.003917
   0.114563
  0.0753404
-0.00842238
 -0.0167149
 0.00059698
 -0.0105334
   0.106272
 -0.0136094
 -0.0386472
-0.00471524
 0.00988616
-0.00697325
  0.121725
 0.0446783
-0.0270635
-0.0104863
0.00229623
-0.0035529
   0.134843
  0.0332762
  0.0235297
-0.00501295
  0.0203493
 -0.0195552
   0.119264
  0.0118696
-0.00457764
 0.00119348
  0.0232406
 -0.0120218
    0.111697
   0.0809709
   0.0154867
-0.000633967
    0.014332
 -0.00758613
    0.102448
   0.0127386
  -0.0421035
 -0.00623383
    0.027966
-0.000651723
  0.0959666
  0.0221381
 -0.0262569
 -0.0112366
  0.0151793
-0.00236844
  0.124988
 0.0660092
0.00322565
-0.0166542
 0.0128341
 -0.023585
   0.103632
 -0.0379239
  0.0299037
-0.00457792
  0.0189115
 -0.0015092
  0.0836779
  0.0751775
 -0.0391922
 -0.0155228
 0.00123179
-0.00766267
   0.071695
-0.00600222
  0.0203067
-0.00263607
  0.0244334
  0.0058641
   0.0773675
   0.0321898
  -0.0193135
-2.69917e-05
   0.0183387
  -0.0232772
  0.127353
 0.0129045
 -0.101397
0.00377902
 0.0177396
0.00013748
 0.0988844
-0.0430465
-0.0066317
0.00720792
 0.0196879
0.00677609
    0.130378
  -0.0104808
  -0.0062226
 -0.00389778
   0.0139389
-0.000536907
   0.154095
 -0.0603339
  0.0446337
-0.00392725
  0.0253259
  0.0047757
    0.145706
   0.0304707
   0.0216341
  -0.0118377
   0.0242046
-0.000796021
    0.128208
-0.000981537
   0.0446822
 -0.00553532
   0.0213803
   0.0152566
   0.152678
  0.0181158
  0.0199165
-0.00680608
  0.0201813
 -0.0126387
   0.131204
 0.00369287
  0.0243409
-0.00967142
  0.0297779
-0.00358553
  0.128426
0.00645494
0.00673935
-0.0131638
 0.0184299
0.00687999
  0.150937
 0.0253011
0.00446192
-0.0135826
 0.0228204
-0.0129573
    0.137181
   0.0327868
 -0.00725924
-0.000893133
   0.0233443
  -0.0105638
    0.130361
   0.0444776
 -0.00892166
 -0.00163051
   0.0146166
-0.000920067
   0.138879
  0.0253616
-0.00970932
-0.00166052
   0.026346
-0.00895941
   0.152015
  0.0395651
 -0.0207043
-0.00622533
  0.0182049
 -0.0115059
   0.134506
  0.0262624
 -0.0207524
-0.00449828
  0.0254023
-0.00470731
   0.139716
   0.038888
 -0.0238784
 -0.0105168
  0.0193131
-0.00543856
    0.16803
  0.0327662
 -0.0108851
-0.00683202
  0.0205378
-0.00240349
    0.14794
  0.0302541
-0.00397088
-0.00603024
  0.0142278
 0.00286844
   0.154099
  0.0209406
-8.5192e-06
 -0.0108397
  0.0225869
-0.00346711
   0.149817
  0.0314953
 -0.0108043
-0.00726026
  0.0365973
-0.00792052
   0.151352
  0.0330828
 -0.0152135
 -0.0103531
  0.0186034
-0.00190992
   0.157591
  0.0329683
  0.0014546
-0.00874256
  0.0192089
-0.00203398
   0.170963
  0.0286388
-0.00775368
 -0.0101993
  0.0229202
-0.00250397
   0.133776
  0.0284909
-0.00382559
 -0.0156377
  0.0265585
 0.00944482
    0.142251
   0.0277011
  -0.0119032
  -0.0147145
   0.0327654
-0.000101846
   0.138146
  0.0272484
 -0.0153535
 -0.0115312
  0.0129859
-0.00537159
  0.117708
 0.0268932
-0.0071095
  -0.01031
 0.0234118
0.00387194
   0.132315
   0.026451
 -0.0074625
 -0.0079616
  0.0298706
-0.00785981
     0.1228
  0.0320961
 -0.0114293
-0.00332521
  0.0105776
 0.00407509
   0.154106
  0.0305733
-0.00636413
-0.00426714
  0.0178231
-0.00324834
   0.148716
  0.0266739
-0.00217316
-0.00997352
  0.0311394
 -0.0132495
   0.141009
  0.0246962
-0.00161214
-0.00833051
  0.0254376
  0.0141157
   0.155188
  0.0260662
-0.00305065
-0.00408659
  0.0236318
 0.00127664
   0.135853
  0.0280023
-0.00282626
 -0.0152182
  0.0124094
 0.00713054
   0.146489
   0.028105
-0.00503236
-0.00331611
  0.0210589
 0.00625777
   0.136139
  0.0277601
-0.00615317
-0.00732002
  0.0208554
 0.00306609
   0.127708
  0.0280458
 -0.0139323
-0.00931346
  0.0110091
 0.00212471
  0.134547
 0.0251859
 -0.013218
-0.0110629
 0.0238308
-0.0114574
   0.138446
  0.0267303
 -0.0118014
-0.00904004
  0.0272649
  0.0020202
   0.145313
  0.0232162
-0.00662986
-0.00978244
    0.01808
-0.00758019
   0.141529
  0.0223675
-0.00853063
-0.00472319
  0.0151272
 0.00612467
  0.129286
 0.0210833
-0.0129338
-0.0116647
 0.0151733
0.00794815
   0.125253
  0.0212266
-0.00618391
-0.00701445
  0.0209389
 0.00492987
  0.125155
 0.0206304
0.00253389
-0.0140971
 0.0156695
4.8347e-05
    0.12854
  0.0250789
-0.00268668
-0.00479684
  0.0175574
 0.00777069
   0.152287
  0.0286577
-0.00447827
-0.00872647
  0.0127903
  -0.016514
    0.1566
 0.0275592
 0.0010969
-0.0157118
 0.0246882
-0.0108158
   0.137973
  0.0283561
-0.00621676
 -0.0135467
  0.0289164
0.000998551
   0.131068
  0.0228699
 -0.0106912
-0.00772823
  0.0227093
 0.00280834
   0.125334
  0.0201474
 -0.0130893
 -0.0110353
  0.0127995
-0.00128708
   0.140369
  0.0264054
 -0.0153801
 -0.0123444
  0.0101292
-0.00479819
   0.130049
  0.0184665
-0.00657937
-0.00383403
  0.0249287
 -0.0114638
   0.136557
  0.0254749
-0.00869808
 -0.0117627
  0.0271879
-0.00920515
   0.141814
   0.029252
 -0.0154023
-0.00732652
0.000552534
 -0.0108839
   0.127731
  0.0193809
-0.00870297
-0.00685487
  0.0256672
-0.00740946
   0.132265
  0.0174271
-0.00417932
 -0.0087704
  0.0218894
 0.00283727
   0.123457
  0.0201306
 -0.0029354
-0.00743943
  0.0294178
-0.00154199
   0.121403
  0.0201495
-0.00374511
-0.00641681
  0.0192455
   0.013992
    0.131865
   0.0284592
-0.000406365
 -0.00702844
    0.020807
  0.00654919
    0.149687
   0.0317539
  0.00272973
 -0.00559814
   0.0190328
-0.000127174
   0.137753
   0.029422
-0.00613242
-0.00947557
  0.0176233
 0.00238643
   0.141982
  0.0303964
-0.00368657
 0.00183551
  0.0240327
  0.0069671
   0.144127
  0.0291411
-0.00944154
-0.00619534
  0.0208323
 0.00576258
   0.143255
  0.0235134
-0.00765224
-0.00752843
  0.0207388
-0.00782994
  0.145548
 0.0222928
-0.0152833
-0.0102931
 0.0132558
0.00694041
   0.161773
  0.0235404
 -0.0134051
 -0.0120742
  0.0252375
-0.00532354
   0.160316
  0.0302136
-0.00963591
-0.00906002
  0.0190169
 0.00473302
   0.149173
  0.0256514
-0.00627709
-0.00274287
   0.030356
 0.00117675
   0.150498
  0.0372335
-0.00272499
 -0.0113155
  0.0364712
-0.00174941
   0.145748
  0.0313783
-0.00176979
-0.00501627
  0.0346766
-0.00655842
   0.149128
  0.0344799
0.000551503
-0.00361737
  0.0224476
-0.00355779
   0.120549
   0.032491
-0.00261498
-0.00645949
  0.0130162
-0.00359662
   0.123659
  0.0281925
 0.00522594
-0.00606429
  0.0182901
 0.00538488
   0.122725
  0.0227131
 -0.0117875
-0.00847271
 0.00835671
 0.00157956
   0.140932
   0.034088
-0.00150268
-0.00735683
  0.0269842
   0.002869
   0.149744
  0.0323256
-0.00840744
 0.00338988
  0.0157386
-0.00455771
    0.13978
  0.0296311
 -0.0140679
-0.00789439
  0.0156679
 -0.0040214
   0.138478
  0.0269888
-0.00598725
-0.00492191
  0.0226624
  0.0105928
   0.150861
  0.0266897
-0.00744914
-0.00750968
  0.0259678
0.000838405
   0.172321
  0.0315462
-0.00329489
  -0.013197
   0.029889
 -0.0082886
   0.172097
   0.041576
-0.00415239
 -0.0134006
  0.0303809
 -0.0106587
   0.162217
  0.0311625
-0.00191815
-0.00920014
  0.0324748
-0.00237194
   0.152289
  0.0288602
-0.00649216
 -0.0102608
  0.0192305
-0.00713209
   0.160971
  0.0361761
-0.00416472
-0.00994014
  0.0230643
-0.00960709
   0.149281
  0.0335967
-0.00849306
-0.00427951
  0.0180056
-0.00736812
  0.130717
 0.0233972
-0.0140364
-0.0150764
 0.0110781
0.00697558
   0.159962
  0.0322021
  -0.010661
-0.00490567
  0.0194026
 0.00379694
  0.146307
  0.027863
-0.0132806
-0.0105044
 0.0200338
-0.0138213
   0.152896
  0.0272395
 -0.0096439
-0.00272757
  0.0233025
0.000805726
   0.138263
  0.0271814
 -0.0108472
-0.00875864
   0.019961
-0.00765739
   0.139288
  0.0233028
-0.00848117
-0.00482818
   0.021876
 0.00334751
   0.132734
  0.0242659
-0.00185396
 -0.0124445
  0.0315121
-0.00241309
   0.150014
  0.0293666
-0.00212908
 -0.0121103
  0.0156537
   -0.01253
    0.127489
   0.0287018
-0.000533858
    -0.01311
   0.0167113
  0.00129007
    0.151759
   0.0318294
-0.000699118
 -0.00526202
   0.0229983
 -0.00422353
   0.139947
  0.0297773
-0.00154508
-0.00206658
  0.0229004
 0.00461855
   0.149701
  0.0322537
 -0.0016517
-0.00476865
  0.0332526
0.000293807
   0.155555
  0.0337462
-0.00609182
-0.00364794
  0.0272359
  0.0025759
  0.156956
 0.0357173
-0.0108619
-0.0113973
 0.0289006
-0.0115886
  0.148833
 0.0258195
-0.0130982
-0.0143565
 0.0242928
0.00131734
   0.167821
  0.0335285
 -0.0120189
-0.00900715
  0.0235664
-0.00489583
   0.159764
   0.032295
-0.00849627
 -0.0167895
  0.0339298
 0.00414659
   0.166015
  0.0320512
-0.00430562
 -0.0120192
  0.0254222
 -0.0070229
   0.147504
  0.0231086
-0.00959191
-0.00746241
  0.0138769
  0.0110568
    0.148492
   0.0280318
 -0.00405231
 -0.00832035
   0.0300817
-0.000100245
   0.143987
  0.0306558
-0.00362403
  0.0042142
  0.0136813
  0.0113131
   0.128419
  0.0255327
0.000763088
-0.00638298
  0.0187211
  0.0119907
   0.149549
  0.0327383
-0.00493433
-0.00221378
  0.0158468
 0.00425765
   0.135284
  0.0303203
-0.00857497
 -0.0166635
  0.0176904
-0.00729713
   0.134391
  0.0267773
-0.00740462
-0.00156667
  0.0205741
-0.00811136
   0.145421
  0.0321851
 -0.0118186
-0.00688282
  0.0170214
  -0.004678
   0.141302
  0.0321819
 -0.0149959
-0.00988875
  0.0239253
 0.00214276
   0.137919
  0.0288443
-0.00724615
-0.00803453
  0.0174271
 0.00271455
  0.128604
 0.0249345
-0.0105381
-0.0046403
 0.0219629
0.00380192
   0.148695
  0.0273154
-0.00509086
-0.00504719
  0.0220977
 0.00463007
   0.144629
  0.0266459
-0.00956818
-0.00982458
  0.0241424
 0.00482639
   0.138524
  0.0251741
  -0.012059
 -0.0158676
  0.0136612
-0.00447371
   0.143243
  0.0332442
-0.00594572
-0.00103519
  0.0113801
 0.00552326
    0.152263
   0.0386812
-0.000389301
 -0.00776389
   0.0274737
  0.00192941
  0.145034
 0.0338914
-0.0105864
-0.0051335
0.00972225
-0.0012359
    0.160927
   0.0365836
  -0.0106561
   -0.011112
   0.0273797
-0.000153751
   0.158044
  0.0309082
-0.00511919
  -0.013547
  0.0268341
 0.00648067
  0.159197
 0.0347993
-0.0130714
-0.0101924
 0.0171963
 -0.006576
     0.13055
   0.0253562
  -0.0106399
 -0.00413355
   0.0194949
-0.000838207
   0.133132
  0.0226224
-0.00956819
 -0.0108583
  0.0238494
 0.00543747
   0.160444
  0.0295711
-0.00878953
-0.00791385
  0.0201679
 -0.0087237
   0.136804
  0.0247263
-0.00954787
-0.00841215
  0.0190135
 0.00469151
   0.132373
  0.0263052
-0.00725995
-0.00609097
  0.0219879
 0.00112379
  0.157383
 0.0336421
0.00248451
-0.0111387
 0.0233935
-0.0091481
   0.157917
  0.0318455
-0.00072814
-0.00586408
  0.0188137
-0.00137891
