-1.51814
 1.84146
0.466099
-1.05218
 1.14415
 1.22164
0.397114
-1.51814
 1.84146
0.466099
-1.05218
 1.14415
 1.22164
0.397114
-1.51814
 1.84146
0.466099
-1.05218
 1.14415
 1.22164
0.397114
-1.51814
 1.84146
  0.4661
-1.05218
 1.14415
 1.22164
0.397113
-1.51814
 1.84146
0.466116
-1.05218
 1.14416
 1.22164
0.397104
-1.51814
 1.84146
0.466137
-1.05217
 1.14418
 1.22167
0.397087
-1.51815
 1.84145
0.466165
-1.05216
 1.14423
 1.22173
0.397045
-1.51816
 1.84143
0.466199
-1.05217
 1.14437
 1.22189
0.396918
-1.51818
 1.84141
0.466206
-1.05221
 1.14466
 1.22214
0.396695
-1.51818
 1.84136
0.466184
-1.05232
 1.14506
 1.22249
0.396392
 -1.5182
 1.84126
0.466059
-1.05252
 1.14555
 1.22294
0.396029
-1.51824
  1.8411
0.465797
-1.05281
 1.14612
 1.22352
0.395643
-1.51828
 1.84087
  0.4653
-1.05318
 1.14681
 1.22425
0.395228
-1.51828
 1.84063
0.464582
-1.05367
 1.14759
 1.22506
0.394746
-1.51825
 1.84031
0.463748
-1.05424
 1.14846
 1.22589
0.394226
-1.51827
 1.83986
0.462805
-1.05469
 1.14936
 1.22677
0.393705
-1.51825
 1.83944
0.461772
-1.05525
 1.15024
 1.22764
0.393212
-1.51824
 1.83901
0.460725
-1.05583
 1.15113
 1.22853
0.392707
-1.51826
 1.83867
0.459594
 -1.0565
 1.15198
 1.22935
0.392207
-1.51826
 1.83835
0.458522
-1.05715
 1.15277
 1.23008
0.391746
-1.51837
 1.83788
0.457505
-1.05748
 1.15352
 1.23075
0.391363
-1.51842
 1.83755
0.456544
-1.05793
 1.15417
 1.23132
0.391046
-1.51853
 1.83716
0.455646
-1.05824
 1.15475
 1.23188
0.390741
 -1.5186
 1.83693
0.454748
-1.05868
 1.15526
  1.2324
0.390436
-1.51872
 1.83668
0.453877
-1.05903
 1.15577
  1.2329
0.390158
-1.51881
 1.83635
0.453109
 -1.0593
 1.15623
 1.23338
0.389902
-1.51899
 1.83609
0.452281
-1.05954
  1.1567
 1.23388
0.389635
-1.51906
 1.83578
0.451583
-1.05981
 1.15716
 1.23436
0.389377
-1.51913
 1.83554
0.450832
-1.06023
 1.15762
 1.23482
0.389109
-1.51931
 1.83524
0.450058
-1.06046
 1.15809
 1.23533
0.388831
-1.51942
 1.83492
0.449329
-1.06074
 1.15854
 1.23587
0.388536
-1.51956
 1.83464
0.448561
-1.06099
   1.159
 1.23637
0.388225
-1.51965
 1.83434
0.447897
-1.06123
 1.15947
 1.23686
0.387938
-1.51978
 1.83414
0.447144
-1.06154
 1.15994
 1.23736
0.387665
-1.51982
  1.8339
0.446457
-1.06184
 1.16042
 1.23792
0.387385
-1.51991
 1.83369
 0.44573
-1.06216
  1.1609
 1.23848
0.387094
-1.51995
 1.83339
0.445102
-1.06236
 1.16138
 1.23898
0.386771
-1.52003
 1.83315
0.444405
-1.06261
 1.16188
  1.2395
0.386441
-1.52003
 1.83299
 0.44372
-1.06291
 1.16236
 1.24004
0.386106
-1.52008
 1.83279
0.443009
-1.06315
 1.16286
 1.24053
0.385797
-1.52008
 1.83258
0.442328
-1.06341
 1.16335
   1.241
0.385498
-1.52015
 1.83229
0.441644
-1.06362
 1.16385
 1.24153
0.385189
-1.52014
 1.83202
 0.44097
-1.06394
 1.16434
 1.24204
 0.38487
-1.52018
 1.83175
0.440233
-1.06422
 1.16484
 1.24252
0.384547
-1.52017
 1.83152
0.439514
-1.06468
 1.16532
 1.24298
0.384226
-1.52021
 1.83124
0.438765
-1.06506
 1.16583
 1.24347
0.383914
-1.52021
 1.83097
0.438056
-1.06543
 1.16633
 1.24402
 0.38362
-1.52025
 1.83066
0.437332
-1.06567
 1.16685
 1.24455
0.383329
-1.52025
 1.83039
0.436664
-1.06597
 1.16732
 1.24503
0.383016
-1.52028
 1.83008
0.435975
 -1.0662
 1.16779
 1.24552
0.382711
-1.52026
 1.82992
0.435264
-1.06656
 1.16826
 1.24603
0.382424
-1.52031
 1.82969
0.434556
-1.06682
 1.16873
 1.24653
 0.38215
-1.52029
 1.82942
0.433947
-1.06708
 1.16923
 1.24704
0.381891
-1.52035
  1.8292
0.433276
-1.06731
 1.16973
 1.24758
0.381632
-1.52043
 1.82898
0.432617
-1.06756
 1.17022
 1.24812
0.381379
-1.52044
 1.82881
 0.43197
-1.06796
 1.17069
 1.24861
0.381107
-1.52053
  1.8286
0.431302
-1.06832
 1.17116
 1.24913
 0.38082
-1.52058
 1.82839
0.430647
-1.06868
 1.17163
 1.24967
0.380522
 -1.5207
 1.82807
0.429949
-1.06891
 1.17211
 1.25023
0.380235
-1.52071
 1.82789
0.429207
-1.06935
 1.17258
 1.25075
0.379972
-1.52081
 1.82755
0.428493
-1.06953
 1.17308
  1.2513
0.379707
-1.52081
 1.82727
0.427819
-1.06987
 1.17354
 1.25185
0.379434
-1.52086
 1.82703
0.427026
-1.07025
   1.174
 1.25236
0.379165
-1.52094
 1.82676
0.426244
-1.07054
 1.17446
 1.25288
0.378877
-1.52098
 1.82651
0.425502
-1.07091
 1.17489
 1.25344
0.378576
-1.52106
 1.82616
0.424768
-1.07109
 1.17534
 1.25398
 0.37828
-1.52111
 1.82583
0.424055
 -1.0713
 1.17581
 1.25446
0.378006
-1.52118
 1.82559
0.423282
-1.07155
 1.17628
 1.25493
0.377738
-1.52118
 1.82536
0.422599
-1.07186
 1.17673
 1.25545
0.377458
-1.52128
 1.82516
0.421845
-1.07209
 1.17721
 1.25596
0.377172
-1.52139
 1.82482
0.421143
-1.07221
 1.17766
 1.25646
0.376892
-1.52143
 1.82453
0.420544
-1.07243
 1.17809
 1.25695
0.376594
 -1.5215
 1.82435
0.419838
-1.07268
 1.17855
 1.25745
0.376299
-1.52152
 1.82414
0.419181
 -1.0729
   1.179
 1.25796
0.376027
-1.52162
 1.82388
0.418491
-1.07309
 1.17947
 1.25843
0.375767
-1.52171
 1.82373
0.417795
-1.07334
 1.17995
  1.2589
  0.3755
-1.52174
 1.82347
0.417188
-1.07356
 1.18042
 1.25943
 0.37521
-1.52179
 1.82319
0.416541
-1.07373
 1.18088
 1.25994
0.374928
-1.52178
 1.82308
0.415864
 -1.0741
 1.18134
 1.26038
0.374639
-1.52185
 1.82292
0.415176
-1.07442
 1.18179
 1.26088
0.374345
-1.52191
 1.82269
0.414528
-1.07462
 1.18228
 1.26143
0.374079
-1.52192
 1.82249
0.413911
-1.07486
 1.18275
 1.26197
0.373821
-1.52193
 1.82237
0.413264
 -1.0752
 1.18321
 1.26243
0.373564
-1.52197
 1.82225
0.412522
-1.07557
 1.18366
 1.26291
0.373297
-1.52199
 1.82196
0.411856
-1.07582
 1.18412
 1.26346
0.373008
-1.52205
 1.82177
0.411127
-1.07616
 1.18457
 1.26398
0.372726
-1.52202
 1.82155
0.410496
-1.07652
 1.18501
 1.26446
0.372441
-1.52204
 1.82134
0.409806
-1.07692
 1.18546
 1.26494
0.372171
-1.52211
 1.82105
0.409077
-1.07714
  1.1859
 1.26546
0.371915
-1.52211
 1.82092
0.408366
-1.07752
 1.18635
 1.26596
0.371664
-1.52218
 1.82078
0.407626
-1.07791
  1.1868
 1.26644
0.371412
-1.52227
 1.82045
0.406935
-1.07805
 1.18726
 1.26692
0.371139
-1.52228
 1.82014
  0.4063
-1.07825
  1.1877
 1.26745
0.370842
-1.52229
 1.82001
0.405573
-1.07867
 1.18815
 1.26794
0.370556
-1.52236
 1.81976
 0.40484
 -1.0789
 1.18859
  1.2684
0.370286
-1.52239
 1.81943
 0.40421
-1.07904
 1.18904
  1.2689
0.370024
-1.52246
 1.81916
0.403542
-1.07926
 1.18949
 1.26944
0.369771
-1.52255
  1.8188
0.402871
-1.07934
 1.18995
 1.26996
0.369521
-1.52254
  1.8186
0.402227
-1.07964
  1.1904
 1.27044
0.369256
-1.52256
 1.81841
0.401579
   -1.08
 1.19082
 1.27096
0.368983
-1.52265
 1.81809
0.400902
-1.08013
 1.19128
 1.27148
0.368696
-1.52268
 1.81776
0.400279
-1.08028
 1.19174
   1.272
0.368418
-1.52274
 1.81745
 0.39961
-1.08044
 1.19218
  1.2725
0.368174
-1.52281
 1.81721
0.398913
-1.08066
 1.19261
 1.27302
0.367925
-1.52277
 1.81697
0.398277
-1.08095
 1.19306
 1.27353
0.367675
-1.52279
 1.81664
0.397658
-1.08108
  1.1935
 1.27402
 0.36742
-1.52283
 1.81639
0.396967
-1.08128
 1.19391
 1.27451
0.367156
 -1.5228
 1.81617
0.396313
-1.08154
 1.19433
 1.27501
0.366884
-1.52285
 1.81594
0.395628
-1.08172
 1.19477
  1.2755
0.366608
-1.52289
 1.81567
0.394983
-1.08194
 1.19519
 1.27595
 0.36634
-1.52287
 1.81534
0.394386
-1.08214
 1.19561
 1.27643
0.366096
-1.52286
 1.81518
 0.39372
-1.08253
 1.19602
 1.27691
0.365852
-1.52292
 1.81496
0.393029
-1.08278
 1.19645
 1.27741
0.365595
-1.52292
 1.81472
0.392402
-1.08305
 1.19685
 1.27787
0.365332
-1.52296
 1.81451
0.391759
 -1.0833
 1.19727
 1.27831
0.365067
-1.52301
 1.81433
0.391106
 -1.0836
 1.19768
 1.27877
0.364796
-1.52306
 1.81411
0.390448
 -1.0838
 1.19812
 1.27927
0.364526
-1.52306
 1.81394
0.389815
-1.08416
 1.19855
 1.27974
0.364272
-1.52309
 1.81375
0.389193
-1.08444
 1.19896
 1.28018
0.364034
-1.52315
 1.81358
0.388528
-1.08473
 1.19936
 1.28067
  0.3638
-1.52316
 1.81342
 0.38788
  -1.085
 1.19975
 1.28118
 0.36355
-1.52319
 1.81326
0.387232
-1.08527
 1.20016
 1.28165
0.363281
-1.52325
 1.81307
0.386589
-1.08551
 1.20057
 1.28209
0.363014
-1.52331
 1.81291
 0.38593
-1.08579
 1.20099
 1.28258
0.362753
-1.52331
 1.81273
0.385337
-1.08606
 1.20141
 1.28313
0.362497
-1.52333
 1.81259
0.384719
-1.08639
  1.2018
 1.28365
 0.36225
-1.52341
  1.8124
 0.38405
-1.08662
 1.20218
 1.28409
0.362007
-1.52348
 1.81221
0.383398
-1.08684
 1.20255
 1.28457
0.361777
-1.52348
 1.81204
0.382836
-1.08714
 1.20292
  1.2851
0.361536
-1.52351
 1.81187
 0.38224
-1.08734
  1.2033
 1.28559
0.361274
-1.52359
 1.81171
0.381598
 -1.0876
 1.20367
 1.28604
0.361014
-1.52366
 1.81153
0.380972
-1.08785
 1.20408
 1.28651
0.360778
-1.52367
 1.81131
0.380415
-1.08806
 1.20449
   1.287
0.360566
-1.52369
 1.81114
0.379825
-1.08836
 1.20489
 1.28749
0.360378
-1.52376
 1.81096
0.379181
 -1.0886
 1.20528
 1.28794
0.360184
-1.52383
 1.81075
0.378564
 -1.0888
 1.20566
 1.28842
0.359976
-1.52383
 1.81056
0.378014
-1.08912
 1.20603
 1.28891
0.359761
-1.52385
 1.81033
0.377442
-1.08932
 1.20642
 1.28939
 0.35955
-1.52392
 1.81014
0.376776
-1.08954
 1.20679
 1.28988
0.359319
-1.52398
 1.80995
0.376133
-1.08978
 1.20719
 1.29035
0.359078
-1.52398
 1.80975
0.375557
-1.09008
  1.2076
 1.29081
0.358839
-1.52399
 1.80956
0.374929
-1.09031
   1.208
 1.29126
0.358604
-1.52406
 1.80942
0.374264
-1.09057
 1.20836
 1.29168
0.358393
-1.52414
 1.80918
0.373644
-1.09073
 1.20875
 1.29215
0.358182
-1.52414
 1.80896
0.373074
-1.09086
 1.20913
 1.29263
0.357963
-1.52414
 1.80882
0.372449
 -1.0911
  1.2095
 1.29311
0.357716
-1.52417
 1.80864
0.371809
-1.09127
 1.20988
 1.29355
0.357463
 -1.5242
 1.80845
0.371168
-1.09145
 1.21024
 1.29394
0.357215
-1.52427
 1.80822
0.370535
-1.09158
 1.21062
  1.2944
0.356956
-1.52425
 1.80809
0.369972
 -1.0919
 1.21102
 1.29487
0.356704
-1.52423
 1.80792
0.369448
 -1.0922
 1.21141
  1.2953
0.356476
-1.52428
 1.80767
0.368902
-1.09243
 1.21178
 1.29571
0.356261
-1.52432
 1.80745
0.368323
-1.09272
 1.21216
 1.29615
0.356046
-1.52441
 1.80725
0.367743
-1.09299
 1.21254
 1.29661
0.355822
-1.52438
 1.80711
0.367239
-1.09338
 1.21289
 1.29708
0.355582
-1.52436
   1.807
0.366733
-1.09369
 1.21326
  1.2975
0.355342
 -1.5244
 1.80682
0.366197
-1.09386
 1.21364
 1.29793
0.355106
-1.52443
 1.80665
0.365645
-1.09406
 1.21401
 1.29838
0.354868
-1.52448
 1.80655
 0.36507
-1.09427
 1.21437
 1.29885
0.354641
-1.52444
 1.80647
0.364555
-1.09462
 1.21474
 1.29929
 0.35443
-1.52444
 1.80629
0.364078
 -1.0948
 1.21511
 1.29969
0.354229
-1.52448
 1.80613
0.363515
-1.09499
 1.21548
 1.30009
0.354029
-1.52449
 1.80606
0.362881
-1.09528
 1.21582
 1.30053
0.353824
-1.52455
 1.80594
0.362261
-1.09549
 1.21617
 1.30098
0.353601
-1.52452
 1.80575
0.361785
-1.09565
 1.21653
 1.30143
0.353366
-1.52452
 1.80561
0.361295
-1.09589
 1.21688
 1.30185
0.353132
-1.52454
 1.80553
0.360692
-1.09622
 1.21724
 1.30228
0.352912
-1.52458
 1.80537
0.360105
-1.09637
  1.2176
 1.30278
 0.35269
-1.52468
 1.80516
0.359534
-1.09651
 1.21796
 1.30327
 0.35249
-1.52467
 1.80497
0.359069
-1.09672
 1.21832
 1.30369
0.352295
-1.52467
 1.80485
0.358536
-1.09703
 1.21867
  1.3041
0.352101
-1.52473
 1.80462
0.357971
-1.09717
 1.21903
 1.30455
0.351905
-1.52474
 1.80449
0.357378
-1.09746
 1.21937
 1.30501
0.351701
-1.52479
 1.80433
0.356761
-1.09769
 1.21973
 1.30545
0.351484
-1.52489
 1.80409
0.356204
-1.09779
 1.22009
 1.30585
0.351254
-1.52488
 1.80389
0.355727
-1.09798
 1.22043
 1.30626
0.351029
-1.52487
 1.80375
0.355207
-1.09824
 1.22075
  1.3067
 0.35082
-1.52492
 1.80354
0.354647
-1.09838
  1.2211
 1.30716
0.350623
-1.52492
 1.80343
0.354091
-1.09865
  1.2214
 1.30755
0.350428
-1.52494
 1.80326
0.353545
-1.09885
 1.22173
 1.30794
 0.35024
-1.52501
 1.80305
0.352988
-1.09894
 1.22206
 1.30835
0.350047
-1.52508
 1.80291
0.352439
-1.09913
 1.22236
  1.3088
0.349858
-1.52505
 1.80273
0.352007
-1.09931
 1.22269
 1.30924
0.349657
-1.52508
 1.80264
0.351479
-1.09955
 1.22302
 1.30962
0.349454
-1.52512
 1.80253
0.350915
-1.09973
 1.22334
 1.31003
0.349238
-1.52512
  1.8024
0.350404
 -1.0999
 1.22367
 1.31045
0.349017
-1.52518
 1.80225
0.349849
    -1.1
   1.224
 1.31086
0.348814
-1.52525
 1.80212
0.349319
-1.10013
 1.22431
 1.31126
0.348661
-1.52521
 1.80204
0.348838
-1.10044
 1.22462
 1.31166
0.348501
-1.52523
 1.80182
0.348371
 -1.1006
 1.22494
 1.31211
 0.34834
-1.52527
 1.80168
0.347819
-1.10085
 1.22527
 1.31257
0.348176
-1.52526
 1.80152
0.347282
-1.10111
  1.2256
   1.313
0.348002
-1.52527
 1.80132
 0.34676
-1.10126
 1.22592
  1.3134
0.347826
-1.52526
 1.80118
 0.34624
-1.10155
 1.22623
 1.31383
0.347639
-1.52529
 1.80096
0.345739
-1.10166
 1.22656
 1.31427
 0.34745
-1.52534
 1.80081
0.345193
-1.10189
 1.22685
 1.31466
0.347256
-1.52531
  1.8006
0.344761
-1.10208
 1.22717
 1.31503
0.347057
-1.52531
 1.80041
0.344309
-1.10228
  1.2275
 1.31537
0.346856
-1.52534
  1.8002
 0.34381
-1.10236
 1.22783
 1.31572
0.346675
-1.52531
 1.80014
0.343304
-1.10262
 1.22814
 1.31608
0.346506
-1.52531
 1.79998
0.342843
-1.10268
 1.22847
 1.31649
0.346337
-1.52531
 1.79995
0.342343
-1.10289
 1.22878
 1.31686
0.346158
-1.52535
 1.79979
0.341862
-1.10292
 1.22911
 1.31722
0.345976
-1.52541
 1.79969
 0.34139
-1.10299
 1.22941
 1.31757
0.345789
-1.52535
 1.79967
0.340967
-1.10326
 1.22968
 1.31796
 0.34559
-1.52535
 1.79954
0.340543
-1.10338
 1.22997
 1.31838
0.345398
-1.52539
 1.79947
0.340028
-1.10357
 1.23022
 1.31876
0.345203
-1.52538
 1.79936
0.339536
-1.10382
 1.23048
 1.31909
0.345011
-1.52537
 1.79935
0.339023
-1.10409
 1.23075
  1.3194
0.344823
-1.52538
  1.7992
0.338562
 -1.1042
   1.231
  1.3198
0.344646
-1.52538
 1.79906
0.338102
-1.10435
 1.23124
 1.32026
0.344483
-1.52538
  1.7991
0.337566
-1.10467
 1.23151
 1.32067
0.344332
-1.52544
 1.79895
0.337071
-1.10479
  1.2318
 1.32104
0.344164
-1.52542
 1.79877
0.336702
-1.10493
 1.23209
 1.32142
0.343992
 -1.5254
 1.79872
0.336274
-1.10525
 1.23238
 1.32182
0.343801
-1.52544
 1.79854
0.335791
-1.10534
 1.23268
 1.32224
0.343609
-1.52543
 1.79848
0.335303
-1.10557
 1.23296
 1.32265
0.343416
-1.52542
 1.79833
0.334861
-1.10577
 1.23323
 1.32303
0.343226
-1.52542
 1.79811
0.334454
-1.10584
 1.23348
 1.32334
0.343043
-1.52541
 1.79803
0.333979
-1.10607
 1.23375
 1.32367
 0.34287
-1.52539
 1.79791
0.333532
-1.10625
 1.23403
 1.32403
  0.3427
-1.52542
 1.79771
0.333068
 -1.1063
 1.23431
 1.32442
0.342527
-1.52545
 1.79751
0.332624
-1.10642
 1.23455
  1.3248
0.342365
 -1.5254
 1.79744
0.332227
-1.10667
 1.23483
 1.32512
0.342209
-1.52537
 1.79737
0.331812
-1.10695
 1.23514
 1.32543
0.342051
-1.52541
 1.79713
0.331361
-1.10698
 1.23545
 1.32578
0.341876
 -1.5254
 1.79702
 0.33092
-1.10716
 1.23572
 1.32615
0.341698
-1.52537
 1.79691
0.330501
-1.10731
 1.23603
  1.3265
0.341519
-1.52536
 1.79674
 0.33009
 -1.1074
 1.23631
 1.32686
0.341354
-1.52535
 1.79656
 0.32969
-1.10753
 1.23658
 1.32718
0.341214
-1.52534
 1.79647
0.329227
-1.10775
 1.23684
  1.3275
0.341085
-1.52532
 1.79637
0.328761
-1.10797
 1.23709
 1.32784
0.340962
-1.52535
 1.79612
0.328324
-1.10799
 1.23737
 1.32822
0.340848
-1.52539
 1.79594
0.327841
-1.10812
 1.23762
 1.32857
0.340736
-1.52534
 1.79587
0.327412
-1.10832
 1.23787
 1.32889
0.340613
-1.52534
 1.79578
0.326944
-1.10853
 1.23812
 1.32921
0.340481
-1.52544
 1.79556
0.326429
-1.10854
 1.23839
 1.32956
0.340345
-1.52549
 1.79536
0.325932
-1.10861
 1.23867
  1.3299
0.340182
-1.52556
 1.79512
0.325427
-1.10861
 1.23896
 1.33025
0.340021
-1.52564
 1.79506
0.324836
-1.10879
 1.23922
 1.33058
0.339847
-1.52576
 1.79491
0.324269
-1.10881
 1.23949
 1.33089
0.339662
-1.52591
 1.79474
0.323712
-1.10888
 1.23973
 1.33123
0.339474
-1.52606
 1.79459
0.323166
-1.10891
 1.23997
 1.33159
0.339292
-1.52625
 1.79441
  0.3226
-1.10889
 1.24021
 1.33195
0.339109
-1.52644
 1.79421
 0.32206
-1.10888
 1.24042
  1.3323
0.338947
-1.52662
 1.79396
0.321533
-1.10891
 1.24064
 1.33259
0.338802
-1.52683
 1.79382
0.320936
 -1.1091
 1.24086
 1.33283
0.338656
-1.52707
 1.79361
0.320343
-1.10921
 1.24109
  1.3331
0.338521
-1.52726
 1.79335
0.319874
-1.10925
 1.24132
 1.33341
0.338377
-1.52743
 1.79319
0.319408
-1.10938
 1.24153
 1.33372
 0.33822
-1.52764
 1.79303
0.318908
-1.10942
 1.24178
 1.33402
0.338068
-1.52783
 1.79285
0.318423
-1.10939
 1.24203
 1.33431
0.337933
-1.52799
 1.79272
0.317963
-1.10946
 1.24227
 1.33459
0.337817
-1.52813
  1.7926
0.317535
-1.10954
 1.24251
 1.33485
0.337697
-1.52828
 1.79243
0.317116
-1.10953
 1.24275
 1.33511
0.337563
-1.52838
 1.79233
0.316707
-1.10966
 1.24298
 1.33544
0.337427
-1.52846
 1.79223
0.316306
-1.10976
 1.24321
 1.33578
0.337288
-1.52855
 1.79204
 0.31593
-1.10975
 1.24343
 1.33611
0.337156
 -1.5286
 1.79188
0.315551
-1.10985
 1.24365
 1.33641
0.337031
-1.52861
 1.79187
 0.31515
-1.11009
 1.24387
 1.33666
0.336916
-1.52863
 1.79181
0.314773
-1.11029
 1.24407
 1.33692
0.336813
-1.52866
 1.79163
0.314428
-1.11034
 1.24428
 1.33723
0.336708
-1.52867
 1.79154
0.314076
-1.11052
 1.24448
 1.33759
0.336607
 -1.5287
 1.79147
0.313694
-1.11068
 1.24469
 1.33795
0.336501
-1.52874
 1.79139
0.313332
-1.11085
 1.24489
 1.33829
0.336395
-1.52871
 1.79132
0.313078
-1.11104
 1.24512
  1.3386
0.336279
 -1.5287
 1.79131
0.312785
-1.11132
 1.24534
 1.33887
0.336149
-1.52871
 1.79119
0.312483
-1.11138
 1.24557
 1.33914
 0.33601
 -1.5287
  1.7911
0.312175
-1.11148
 1.24577
 1.33943
 0.33587
-1.52867
 1.79111
0.311834
 -1.1117
 1.24598
 1.33976
0.335743
-1.52864
 1.79107
0.311503
-1.11187
 1.24619
 1.34008
0.335618
-1.52863
 1.79097
0.311191
-1.11199
 1.24639
 1.34034
0.335484
-1.52861
 1.79091
0.310885
-1.11219
 1.24659
 1.34053
0.335348
-1.52857
 1.79085
0.310584
-1.11234
 1.24679
 1.34071
0.335215
-1.52854
 1.79079
0.310269
-1.11246
 1.24699
  1.3409
 0.33509
 -1.5285
 1.79071
0.309949
 -1.1126
 1.24719
 1.34111
0.334978
-1.52847
 1.79063
0.309618
-1.11273
 1.24738
 1.34138
0.334875
-1.52843
 1.79057
0.309289
 -1.1129
 1.24757
 1.34168
0.334772
-1.52839
 1.79054
0.308961
-1.11312
 1.24775
 1.34198
0.334674
-1.52837
 1.79047
0.308655
-1.11323
 1.24793
 1.34227
0.334578
-1.52835
 1.79037
0.308373
-1.11331
 1.24812
 1.34254
0.334481
-1.52832
 1.79028
0.308089
-1.11339
  1.2483
 1.34276
0.334378
-1.52828
 1.79026
0.307766
-1.11354
 1.24849
 1.34296
0.334277
-1.52823
  1.7902
0.307467
-1.11365
 1.24868
  1.3432
0.334158
-1.52819
 1.79014
0.307162
-1.11377
 1.24886
 1.34348
0.334019
-1.52814
 1.79012
0.306858
-1.11394
 1.24904
 1.34378
0.333872
-1.52813
 1.79008
0.306541
-1.11406
 1.24921
 1.34406
0.333727
-1.52815
 1.78997
0.306261
-1.11408
 1.24941
 1.34436
0.333588
-1.52811
 1.78991
0.306046
-1.11419
  1.2496
  1.3446
0.333466
-1.52807
 1.78988
0.305786
-1.11435
 1.24977
  1.3448
0.333338
-1.52808
 1.78985
0.305468
-1.11448
 1.24992
 1.34502
0.333211
-1.52807
 1.78981
0.305157
-1.11464
 1.25008
 1.34527
0.333103
-1.52807
 1.78971
0.304872
-1.11467
 1.25023
 1.34551
0.333016
-1.52805
 1.78963
0.304629
-1.11474
 1.25038
 1.34579
0.332937
-1.52804
 1.78964
0.304317
-1.11492
 1.25054
 1.34604
 0.33286
-1.52802
 1.78961
0.304026
-1.11505
  1.2507
 1.34627
0.332781
-1.52801
  1.7895
0.303784
-1.11508
 1.25086
 1.34652
0.332704
  -1.528
 1.78944
0.303502
-1.11516
 1.25103
 1.34674
0.332629
-1.52797
 1.78943
0.303195
-1.11529
 1.25119
 1.34692
0.332558
-1.52796
 1.78941
0.302908
-1.11536
 1.25136
 1.34713
0.332484
-1.52793
 1.78933
0.302665
-1.11541
 1.25153
 1.34736
0.332403
-1.52792
 1.78925
0.302422
-1.11542
 1.25168
 1.34758
0.332322
 -1.5279
 1.78926
0.302137
-1.11558
 1.25183
 1.34781
0.332234
-1.52789
 1.78922
0.301864
 -1.1157
 1.25198
 1.34805
0.332131
-1.52788
  1.7891
0.301635
-1.11571
 1.25215
 1.34827
0.332023
-1.52788
 1.78902
0.301384
-1.11578
 1.25231
 1.34847
0.331913
-1.52785
 1.78897
0.301109
-1.11589
 1.25245
 1.34864
0.331792
-1.52784
 1.78886
0.300862
 -1.1159
 1.25261
 1.34883
0.331668
 -1.5278
 1.78886
0.300598
-1.11611
 1.25275
 1.34901
0.331547
-1.52777
 1.78878
0.300347
-1.11622
 1.25291
 1.34921
0.331438
-1.52777
 1.78864
0.300132
-1.11627
 1.25307
 1.34943
0.331342
-1.52777
 1.78852
0.299907
-1.11631
 1.25321
 1.34965
0.331248
-1.52775
  1.7885
0.299657
-1.11644
 1.25334
 1.34985
0.331162
-1.52772
 1.78848
0.299427
-1.11658
 1.25346
 1.35006
0.331075
-1.52771
 1.78843
0.299199
-1.11666
 1.25358
 1.35025
0.330995
-1.52771
 1.78831
0.298982
-1.11667
 1.25371
 1.35042
 0.33092
-1.52769
 1.78827
0.298774
-1.11677
 1.25383
 1.35057
0.330843
-1.52766
  1.7883
0.298535
-1.11696
 1.25396
 1.35073
0.330769
-1.52765
 1.78826
0.298303
  -1.117
  1.2541
 1.35092
0.330699
-1.52764
 1.78824
 0.29809
-1.11704
 1.25423
 1.35111
0.330631
-1.52764
 1.78817
0.297904
-1.11698
 1.25437
 1.35132
0.330564
 -1.5276
 1.78821
0.297685
-1.11706
  1.2545
 1.35152
0.330496
-1.52758
  1.7882
 0.29747
-1.11706
 1.25463
 1.35168
0.330425
-1.52758
 1.78813
0.297267
-1.11705
 1.25474
 1.35185
0.330357
-1.52755
 1.78814
0.297034
-1.11719
 1.25485
 1.35197
0.330285
-1.52758
 1.78802
0.296818
-1.11721
 1.25498
  1.3521
0.330215
-1.52763
 1.78798
0.296542
-1.11732
  1.2551
 1.35224
0.330139
 -1.5276
 1.78787
0.296397
-1.11743
 1.25521
 1.35239
0.330058
-1.52761
 1.78784
0.296232
-1.11757
  1.2553
 1.35248
0.329977
-1.52764
  1.7877
0.296027
-1.11752
  1.2554
 1.35264
0.329898
-1.52763
 1.78765
0.295831
-1.11755
 1.25549
 1.35281
0.329819
-1.52764
 1.78749
0.295664
-1.11748
 1.25559
   1.353
0.329737
-1.52764
 1.78742
0.295467
-1.11754
 1.25569
 1.35316
0.329649
-1.52764
 1.78731
0.295297
-1.11758
 1.25581
 1.35334
0.329585
-1.52764
 1.78721
0.295098
-1.11765
 1.25594
 1.35352
0.329539
-1.52765
 1.78701
0.294928
-1.11762
 1.25606
 1.35371
0.329497
-1.52765
 1.78697
0.294726
-1.11773
 1.25617
 1.35386
0.329457
-1.52765
 1.78682
0.294553
-1.11769
 1.25628
 1.35398
0.329419
-1.52765
 1.78679
0.294375
-1.11778
 1.25639
 1.35409
 0.32938
-1.52765
 1.78664
0.294218
 -1.1177
 1.25652
 1.35424
0.329343
-1.52766
 1.78662
0.294047
-1.11779
 1.25662
 1.35434
 0.32931
-1.52766
 1.78648
0.293915
-1.11772
 1.25674
 1.35446
0.329282
-1.52765
 1.78655
0.293734
 -1.1179
 1.25679
 1.35457
0.329253
-1.52767
 1.78644
  0.2936
-1.11785
 1.25686
 1.35468
0.329225
-1.52767
 1.78634
0.293473
-1.11782
 1.25693
 1.35482
0.329186
-1.52766
 1.78639
0.293311
-1.11796
   1.257
 1.35499
0.329128
-1.52767
 1.78635
 0.29315
-1.11798
 1.25708
 1.35515
0.329063
-1.52767
 1.78642
0.292985
-1.11815
 1.25716
 1.35529
0.328998
-1.52768
 1.78631
0.292862
-1.11808
 1.25726
 1.35547
0.328929
-1.52767
 1.78632
0.292708
-1.11817
 1.25732
 1.35563
0.328858
-1.52767
 1.78635
0.292556
-1.11829
 1.25739
 1.35572
0.328791
-1.52767
  1.7863
0.292409
 -1.1183
 1.25747
 1.35578
0.328725
-1.52767
 1.78636
0.292252
-1.11849
 1.25756
 1.35583
0.328661
-1.52768
 1.78628
0.292132
-1.11847
 1.25765
 1.35588
0.328602
-1.52768
 1.78626
0.292006
-1.11854
 1.25771
 1.35593
0.328543
-1.52768
 1.78631
0.291861
-1.11863
 1.25778
 1.35596
0.328484
-1.52768
 1.78632
0.291735
-1.11875
 1.25786
 1.35604
 0.32843
-1.52768
 1.78629
0.291643
-1.11874
 1.25794
 1.35613
0.328374
-1.52768
  1.7864
0.291518
-1.11893
 1.25799
 1.35622
0.328317
-1.52768
 1.78639
0.291413
-1.11901
 1.25808
 1.35632
0.328263
-1.52769
 1.78636
0.291331
-1.11903
 1.25815
 1.35643
0.328207
-1.52769
 1.78638
0.291248
-1.11915
 1.25821
 1.35657
0.328158
-1.52769
 1.78646
 0.29114
-1.11934
 1.25827
 1.35668
0.328131
-1.52769
 1.78645
0.291054
-1.11938
 1.25835
  1.3568
0.328114
-1.52769
 1.78643
0.290995
-1.11941
 1.25841
 1.35692
0.328096
-1.52769
  1.7865
0.290897
-1.11953
 1.25847
 1.35703
0.328078
-1.52769
 1.78645
0.290814
-1.11947
 1.25853
 1.35718
0.328057
-1.52769
 1.78642
0.290732
 -1.1195
 1.25859
 1.35736
0.328034
-1.52769
 1.78639
0.290638
-1.11953
 1.25866
 1.35747
 0.32801
-1.52769
 1.78639
0.290537
-1.11954
 1.25871
  1.3575
0.327988
-1.52769
 1.78639
0.290437
-1.11964
 1.25876
 1.35752
0.327965
-1.52769
 1.78627
 0.29036
-1.11958
 1.25882
 1.35755
0.327941
-1.52769
 1.78612
0.290272
-1.11948
 1.25887
 1.35758
0.327915
-1.52769
 1.78612
0.290162
-1.11953
 1.25891
  1.3576
 0.32789
-1.52769
  1.7861
0.290051
-1.11952
 1.25895
 1.35763
0.327865
-1.52769
 1.78601
0.289973
-1.11946
 1.25899
 1.35767
0.327839
 -1.5277
 1.78592
0.289895
-1.11939
 1.25903
  1.3577
0.327812
 -1.5277
 1.78583
 0.28981
-1.11935
 1.25907
 1.35773
0.327786
-1.52769
  1.7857
0.289727
 -1.1193
 1.25911
 1.35776
0.327764
-1.52769
 1.78566
0.289615
-1.11944
 1.25915
 1.35778
0.327738
 -1.5277
 1.78555
0.289528
-1.11955
 1.25918
 1.35782
0.327712
-1.52772
  1.7854
0.289471
 -1.1195
 1.25921
 1.35788
0.327689
-1.52772
 1.78534
0.289401
 -1.1196
 1.25924
 1.35796
0.327667
-1.52773
 1.78524
 0.28935
-1.11956
 1.25926
 1.35802
0.327644
-1.52774
 1.78513
0.289324
-1.11957
 1.25927
 1.35808
 0.32762
-1.52774
 1.78514
0.289273
 -1.1197
 1.25929
 1.35812
0.327589
-1.52776
 1.78508
 0.28923
-1.11973
 1.25932
 1.35815
0.327561
-1.52778
   1.785
0.289216
-1.11976
 1.25932
  1.3582
0.327535
-1.52778
 1.78498
 0.28919
-1.11977
 1.25933
 1.35823
0.327509
-1.52779
 1.78496
0.289172
-1.11978
 1.25936
 1.35824
0.327488
-1.52779
 1.78497
 0.28915
-1.11979
 1.25938
 1.35825
0.327464
-1.52779
 1.78497
0.289128
-1.11981
 1.25939
 1.35827
0.327445
-1.52779
 1.78498
0.289102
-1.11983
  1.2594
 1.35831
0.327442
-1.52779
 1.78497
0.289091
-1.11986
 1.25941
 1.35835
0.327442
-1.52779
 1.78494
 0.28907
 -1.1199
 1.25942
 1.35837
0.327442
-1.52779
 1.78497
0.289043
-1.11998
 1.25944
 1.35838
0.327442
-1.52778
   1.785
0.289017
-1.12011
 1.25947
 1.35842
0.327442
-1.52778
 1.78498
0.289002
-1.12015
 1.25949
 1.35847
0.327441
-1.52777
 1.78499
0.288995
-1.12021
  1.2595
 1.35851
0.327441
-1.52777
 1.78499
 0.28898
-1.12026
 1.25951
 1.35854
0.327441
-1.52776
   1.785
0.288969
-1.12032
 1.25952
 1.35857
0.327441
-1.52776
 1.78501
0.288949
-1.12036
 1.25952
  1.3586
 0.32744
-1.52775
 1.78502
0.288942
-1.12038
 1.25953
 1.35864
 0.32744
-1.52775
 1.78503
0.288927
 -1.1204
 1.25954
 1.35867
 0.32744
-1.52774
 1.78505
0.288918
 -1.1204
 1.25955
 1.35867
 0.32744
-1.52773
 1.78507
0.288912
-1.12039
 1.25955
 1.35867
 0.32744
-1.52772
 1.78509
0.288909
-1.12038
 1.25956
 1.35867
 0.32744
-1.52771
 1.78511
0.288909
-1.12037
 1.25956
 1.35867
0.327439
 -1.5277
 1.78512
0.288911
-1.12035
 1.25957
 1.35866
0.327439
-1.52769
 1.78513
0.288914
-1.12034
 1.25957
 1.35866
0.327439
-1.52768
 1.78515
 0.28892
-1.12032
 1.25956
 1.35865
0.327439
-1.52767
 1.78516
0.288926
 -1.1203
 1.25956
 1.35864
0.327439
-1.52766
 1.78516
0.288933
-1.12028
 1.25956
 1.35863
0.327439
-1.52766
 1.78517
 0.28894
-1.12027
 1.25956
 1.35863
0.327439
-1.52765
 1.78518
0.288947
-1.12025
 1.25956
 1.35863
0.327438
-1.52765
 1.78519
0.288953
-1.12024
 1.25956
 1.35863
0.327438
-1.52764
 1.78519
0.288958
-1.12023
 1.25956
 1.35862
0.327438
-1.52764
  1.7852
0.288961
-1.12023
 1.25956
 1.35862
0.327438
-1.52764
  1.7852
0.288964
-1.12022
 1.25956
 1.35862
0.327438
-1.52763
 1.78521
0.288966
-1.12022
 1.25956
 1.35862
0.327438
-1.52763
 1.78521
0.288969
-1.12021
 1.25956
 1.35862
0.327438
-1.52762
 1.78522
0.288971
-1.12021
 1.25956
 1.35862
0.327438
-1.52762
 1.78522
0.288972
-1.12021
 1.25956
 1.35862
0.327437
-1.52762
 1.78522
0.288974
-1.12021
 1.25956
 1.35862
0.327437
-1.52761
 1.78523
0.288975
-1.12021
 1.25956
 1.35862
0.327437
-1.52761
 1.78523
0.288975
-1.12021
 1.25956
 1.35862
0.327437
-1.52761
 1.78523
0.288976
-1.12021
 1.25956
 1.35862
0.327437
-1.52761
 1.78524
0.288976
-1.12021
 1.25956
 1.35862
0.327437
-1.52761
 1.78524
0.288976
-1.12021
 1.25956
 1.35862
0.327437
-1.52761
 1.78524
0.288977
-1.12021
 1.25956
 1.35862
0.327437
 -1.5276
 1.78525
0.288977
-1.12021
 1.25956
 1.35862
0.327437
 -1.5276
 1.78525
0.288977
 -1.1202
 1.25956
 1.35862
0.327436
 -1.5276
 1.78525
0.288977
 -1.1202
 1.25956
 1.35862
0.327436
 -1.5276
 1.78525
0.288978
 -1.1202
 1.25956
 1.35862
0.327436
 -1.5276
 1.78525
0.288978
 -1.1202
 1.25956
 1.35862
0.327436
 -1.5276
 1.78525
0.288978
 -1.1202
 1.25956
 1.35862
0.327436
 -1.5276
 1.78525
0.288978
 -1.1202
 1.25956
 1.35862
0.327436
 -1.5276
 1.78526
0.288978
 -1.1202
 1.25956
 1.35862
0.327436
 -1.5276
 1.78526
0.288979
 -1.1202
 1.25956
 1.35862
0.327436
 -1.5276
 1.78526
0.288979
 -1.1202
 1.25956
 1.35862
0.327436
-1.52759
 1.78526
0.288979
 -1.1202
 1.25956
 1.35862
0.327436
-1.52759
 1.78526
0.288979
 -1.1202
 1.25956
 1.35862
0.327435
-1.52759
 1.78526
0.288979
 -1.1202
 1.25956
 1.35862
0.327435
-1.52759
 1.78526
 0.28898
 -1.1202
 1.25956
 1.35862
0.327435
-1.52759
 1.78526
 0.28898
 -1.1202
 1.25956
 1.35862
0.327435
-1.52759
 1.78526
 0.28898
 -1.1202
 1.25956
 1.35862
0.327435
-1.52759
 1.78526
 0.28898
 -1.1202
 1.25956
 1.35862
0.327435
-1.52759
 1.78526
 0.28898
 -1.1202
 1.25956
 1.35862
0.327435
-1.52759
 1.78526
 0.28898
 -1.1202
 1.25956
 1.35862
0.327435
-1.52759
 1.78526
 0.28898
 -1.1202
 1.25956
 1.35862
0.327435
-1.52759
 1.78526
 0.28898
 -1.1202
 1.25956
 1.35862
0.327435
-1.52759
 1.78526
 0.28898
 -1.1202
 1.25956
 1.35862
0.327434
-1.52759
 1.78526
0.288981
 -1.1202
 1.25956
 1.35862
0.327434
-1.52759
 1.78526
0.288981
 -1.1202
 1.25956
 1.35862
0.327434
-1.52759
 1.78526
0.288981
 -1.1202
 1.25956
 1.35862
0.327434
-1.52759
 1.78526
0.288981
 -1.1202
 1.25956
 1.35862
0.327434
-1.52759
 1.78526
0.288981
 -1.1202
 1.25956
 1.35862
0.327434
-1.52759
 1.78526
0.288981
 -1.1202
 1.25956
 1.35862
0.327434
-1.52759
 1.78526
0.288982
 -1.1202
 1.25956
 1.35862
0.327434
-1.52759
 1.78526
0.288982
 -1.1202
 1.25956
 1.35862
0.327434
-1.52759
 1.78526
0.288982
 -1.1202
 1.25956
 1.35862
0.327434
-1.52759
 1.78526
0.288982
 -1.1202
 1.25956
 1.35862
0.327434
-1.52759
 1.78526
0.288982
 -1.1202
 1.25956
 1.35862
0.327434
-1.52759
 1.78526
0.288982
 -1.1202
 1.25956
 1.35862
0.327434
-1.52759
 1.78526
0.288982
 -1.1202
 1.25956
 1.35862
0.327433
-1.52758
 1.78526
0.288982
 -1.1202
 1.25956
 1.35862
0.327433
-1.52758
 1.78526
0.288982
-1.12019
 1.25956
 1.35862
0.327433
-1.52758
 1.78526
0.288983
-1.12019
 1.25956
 1.35862
0.327433
-1.52758
 1.78526
0.288983
-1.12019
 1.25956
 1.35862
0.327433
-1.52758
 1.78526
0.288983
-1.12019
 1.25956
 1.35862
0.327433
-1.52758
 1.78526
0.288983
-1.12019
 1.25956
 1.35862
0.327433
-1.52758
 1.78526
0.288983
-1.12019
 1.25956
 1.35862
0.327433
-1.52758
 1.78526
0.288983
-1.12019
 1.25956
 1.35862
0.327433
-1.52758
 1.78526
0.288983
-1.12019
 1.25956
 1.35862
0.327433
-1.52758
 1.78526
0.288983
-1.12019
 1.25956
 1.35862
0.327433
-1.52758
 1.78526
0.288983
-1.12019
 1.25956
 1.35862
0.327433
-1.52758
 1.78526
0.288983
-1.12019
 1.25956
 1.35862
0.327433
-1.52758
 1.78526
0.288983
-1.12019
 1.25956
 1.35862
0.327433
-1.52758
 1.78526
0.288984
-1.12019
 1.25956
 1.35862
0.327433
-1.52758
 1.78526
0.288984
-1.12019
 1.25956
 1.35862
0.327433
-1.52758
 1.78526
0.288984
-1.12019
 1.25956
 1.35862
0.327432
-1.52758
 1.78526
0.288984
-1.12019
 1.25956
 1.35862
0.327432
-1.52758
 1.78526
0.288984
-1.12019
 1.25956
 1.35862
0.327432
-1.52758
 1.78526
0.288984
-1.12019
 1.25956
 1.35862
0.327432
-1.52758
 1.78526
0.288984
-1.12019
 1.25956
 1.35862
0.327432
-1.52758
 1.78526
0.288984
-1.12019
 1.25956
 1.35862
0.327432
-1.52758
 1.78526
0.288984
-1.12019
 1.25956
 1.35862
0.327432
-1.52758
 1.78526
0.288984
-1.12019
 1.25956
 1.35862
0.327432
-1.52758
 1.78526
0.288984
-1.12019
 1.25956
 1.35862
0.327432
-1.52758
 1.78526
0.288984
-1.12019
 1.25956
 1.35862
0.327432
-1.52758
 1.78526
0.288984
-1.12019
 1.25956
 1.35862
0.327432
-1.52758
 1.78526
0.288985
-1.12019
 1.25956
 1.35862
0.327432
-1.52758
 1.78526
0.288985
-1.12019
 1.25956
 1.35862
0.327432
-1.52758
 1.78526
0.288985
-1.12019
 1.25956
 1.35862
0.327432
-1.52758
 1.78526
0.288985
-1.12019
 1.25956
 1.35862
0.327432
-1.52758
 1.78526
0.288985
-1.12019
 1.25956
 1.35862
0.327432
-1.52758
 1.78526
0.288985
-1.12019
 1.25956
 1.35862
0.327432
-1.52758
 1.78526
0.288985
-1.12019
 1.25956
 1.35862
0.327432
-1.52758
 1.78526
0.288985
-1.12019
 1.25956
 1.35862
0.327432
-1.52758
 1.78526
0.288985
-1.12019
 1.25956
 1.35862
0.327431
-1.52758
 1.78526
0.288985
-1.12019
 1.25956
 1.35862
0.327431
-1.52758
 1.78526
0.288985
-1.12019
 1.25956
 1.35862
0.327431
-1.52758
 1.78526
0.288985
-1.12019
 1.25956
 1.35862
0.327431
-1.52758
 1.78526
0.288985
-1.12019
 1.25956
 1.35862
0.327431
-1.52758
 1.78526
0.288985
-1.12019
 1.25956
 1.35862
0.327431
-1.52758
 1.78526
0.288985
-1.12019
 1.25956
 1.35862
0.327431
-1.52758
 1.78526
0.288985
-1.12019
 1.25956
 1.35862
0.327431
-1.52758
 1.78526
0.288986
-1.12019
 1.25956
 1.35862
0.327431
-1.52758
 1.78526
0.288986
-1.12019
 1.25956
 1.35862
0.327431
-1.52758
 1.78526
0.288986
-1.12019
 1.25956
 1.35862
0.327431
-1.52758
 1.78526
0.288986
-1.12019
 1.25956
 1.35862
0.327431
-1.52758
 1.78526
0.288986
-1.12019
 1.25956
 1.35862
0.327431
-1.52758
 1.78526
0.288986
-1.12019
 1.25956
 1.35862
0.327431
-1.52758
 1.78526
0.288986
-1.12019
 1.25956
 1.35862
0.327431
-1.52758
 1.78526
0.288986
-1.12019
 1.25956
 1.35862
0.327431
-1.52758
 1.78526
0.288986
-1.12019
 1.25956
 1.35862
0.327431
-1.52758
 1.78526
0.288986
-1.12019
 1.25956
 1.35862
0.327431
-1.52758
 1.78526
0.288986
-1.12019
 1.25956
 1.35862
0.327431
-1.52758
 1.78526
0.288986
-1.12019
 1.25956
 1.35862
0.327431
-1.52758
 1.78526
0.288986
-1.12019
 1.25956
 1.35862
0.327431
-1.52758
 1.78526
0.288986
-1.12019
 1.25956
 1.35862
0.327431
-1.52758
 1.78526
0.288986
-1.12019
 1.25956
 1.35862
0.327431
-1.52757
 1.78526
0.288986
-1.12019
 1.25956
 1.35862
0.327431
-1.52757
 1.78526
0.288986
-1.12019
 1.25956
 1.35862
 0.32743
-1.52757
 1.78526
0.288986
-1.12019
 1.25956
 1.35862
 0.32743
-1.52757
 1.78526
0.288986
-1.12019
 1.25956
 1.35862
 0.32743
-1.52757
 1.78526
0.288986
-1.12019
 1.25956
 1.35862
 0.32743
-1.52757
 1.78526
0.288986
-1.12019
 1.25956
 1.35862
 0.32743
-1.52757
 1.78526
0.288986
-1.12019
 1.25956
 1.35862
 0.32743
-1.52757
 1.78526
0.288986
-1.12019
 1.25956
 1.35862
 0.32743
-1.52757
 1.78526
0.288986
-1.12019
 1.25956
 1.35862
 0.32743
-1.52757
 1.78526
0.288986
-1.12019
 1.25956
 1.35862
 0.32743
-1.52757
 1.78526
0.288986
-1.12019
 1.25956
 1.35862
 0.32743
-1.52757
 1.78526
0.288986
-1.12019
 1.25956
 1.35862
 0.32743
-1.52757
 1.78526
0.288986
-1.12019
 1.25956
 1.35862
 0.32743
-1.52757
 1.78526
0.288986
-1.12019
 1.25956
 1.35862
 0.32743
-1.52757
 1.78526
0.288987
-1.12019
 1.25956
 1.35862
 0.32743
-1.52757
 1.78526
0.288987
-1.12019
 1.25956
 1.35862
 0.32743
-1.52757
 1.78526
0.288987
-1.12019
 1.25956
 1.35862
 0.32743
-1.52757
 1.78526
0.288987
-1.12019
 1.25956
 1.35862
 0.32743
-1.52757
 1.78526
0.288987
-1.12019
 1.25956
 1.35862
 0.32743
-1.52757
 1.78526
0.288987
-1.12019
 1.25956
 1.35862
 0.32743
-1.52757
 1.78526
0.288987
-1.12019
 1.25956
 1.35862
 0.32743
-1.52757
 1.78526
0.288987
-1.12019
 1.25956
 1.35862
 0.32743
-1.52757
 1.78526
0.288987
-1.12019
 1.25956
 1.35862
 0.32743
-1.52757
 1.78526
0.288987
-1.12019
 1.25956
 1.35862
 0.32743
-1.52757
 1.78526
0.288987
-1.12019
 1.25956
 1.35862
 0.32743
-1.52757
 1.78526
0.288987
-1.12019
 1.25956
 1.35862
0.327429
-1.52757
 1.78526
0.288987
-1.12019
 1.25956
 1.35862
0.327429
-1.52757
 1.78526
0.288987
-1.12019
 1.25956
 1.35862
0.327429
-1.52757
 1.78526
0.288987
-1.12019
 1.25956
 1.35862
0.327429
-1.52757
 1.78526
0.288987
-1.12019
 1.25956
 1.35862
0.327429
-1.52757
 1.78526
0.288987
-1.12019
 1.25956
 1.35862
0.327429
-1.52757
 1.78526
0.288987
-1.12019
 1.25956
 1.35862
0.327429
-1.52757
 1.78526
0.288987
-1.12019
 1.25956
 1.35862
0.327429
-1.52757
 1.78526
0.288987
-1.12019
 1.25956
 1.35862
0.327429
-1.52757
 1.78526
0.288987
-1.12019
 1.25956
 1.35862
0.327429
-1.52757
 1.78526
0.288987
-1.12019
 1.25956
 1.35862
0.327429
-1.52757
 1.78526
0.288987
-1.12019
 1.25956
 1.35862
0.327429
-1.52757
 1.78526
0.288987
-1.12019
 1.25956
 1.35862
0.327429
-1.52757
 1.78526
0.288987
-1.12019
 1.25956
 1.35862
0.327429
-1.52757
 1.78526
0.288987
-1.12019
 1.25956
 1.35862
0.327429
-1.52757
 1.78526
0.288987
-1.12019
 1.25956
 1.35862
0.327429
-1.52757
 1.78526
0.288987
-1.12019
 1.25956
 1.35862
0.327429
-1.52757
 1.78526
0.288987
-1.12019
 1.25956
 1.35862
0.327429
-1.52757
 1.78526
0.288987
-1.12019
 1.25956
 1.35862
0.327429
-1.52757
 1.78526
0.288987
-1.12019
 1.25956
 1.35862
0.327429
-1.52757
 1.78526
0.288987
-1.12019
 1.25956
 1.35862
0.327429
-1.52757
 1.78526
0.288987
-1.12019
 1.25956
 1.35862
0.327429
-1.52757
 1.78526
0.288987
-1.12019
 1.25956
 1.35862
0.327429
-1.52757
 1.78526
0.288987
-1.12019
 1.25956
 1.35862
0.327429
-1.52757
 1.78526
0.288987
-1.12019
 1.25956
 1.35862
0.327429
-1.52757
 1.78526
0.288987
-1.12019
 1.25956
 1.35862
0.327429
-1.52757
 1.78526
0.288987
-1.12019
 1.25956
 1.35862
0.327429
-1.52757
 1.78526
0.288987
-1.12019
 1.25956
 1.35862
0.327429
-1.52757
 1.78526
0.288987
-1.12019
 1.25956
 1.35862
0.327429
-1.52757
 1.78526
0.288987
-1.12019
 1.25956
 1.35862
0.327428
-1.52757
 1.78526
0.288987
-1.12019
 1.25956
 1.35862
0.327428
-1.52757
 1.78526
0.288987
-1.12019
 1.25956
 1.35862
0.327429
-1.52757
 1.78526
0.288987
-1.12019
 1.25956
 1.35862
0.327428
-1.52757
 1.78526
0.288987
-1.12019
 1.25956
 1.35862
0.327428
-1.52757
 1.78526
0.288988
-1.12019
 1.25956
 1.35862
0.327428
-1.52757
 1.78526
0.288988
-1.12019
 1.25956
 1.35862
0.327428
-1.52757
 1.78526
0.288988
-1.12019
 1.25956
 1.35862
0.327428
-1.52757
 1.78526
0.288988
-1.12019
 1.25956
 1.35862
0.327428
-1.52757
 1.78526
0.288988
-1.12019
 1.25956
 1.35862
0.327428
-1.52757
 1.78526
0.288988
-1.12019
 1.25956
 1.35862
0.327428
-1.52757
 1.78526
0.288988
-1.12019
 1.25956
 1.35862
0.327428
-1.52757
 1.78526
0.288988
-1.12019
 1.25956
 1.35862
0.327428
-1.52757
 1.78526
0.288988
-1.12019
 1.25956
 1.35862
0.327428
-1.52757
 1.78526
0.288988
-1.12019
 1.25956
 1.35862
0.327428
-1.52757
 1.78526
0.288988
-1.12019
 1.25956
 1.35862
0.327428
-1.52757
 1.78526
0.288988
-1.12019
 1.25956
 1.35862
0.327428
-1.52757
 1.78526
0.288988
-1.12019
 1.25956
 1.35862
0.327428
-1.52757
 1.78526
0.288988
-1.12019
 1.25956
 1.35862
0.327428
-1.52757
 1.78526
0.288988
-1.12019
 1.25956
 1.35862
0.327428
-1.52757
 1.78526
0.288988
-1.12019
 1.25956
 1.35862
0.327428
-1.52757
 1.78526
0.288988
-1.12019
 1.25956
 1.35862
0.327428
-1.52757
 1.78526
0.288988
-1.12019
 1.25956
 1.35862
0.327428
-1.52757
 1.78526
0.288988
-1.12019
 1.25956
 1.35862
0.327428
-1.52757
 1.78526
0.288988
-1.12019
 1.25956
 1.35862
0.327428
-1.52757
 1.78526
0.288988
-1.12019
 1.25956
 1.35862
0.327428
-1.52757
 1.78526
0.288988
-1.12019
 1.25956
 1.35862
0.327428
-1.52757
 1.78526
0.288988
-1.12019
 1.25956
 1.35862
0.327428
-1.52757
 1.78526
0.288988
-1.12019
 1.25956
 1.35862
0.327428
-1.52757
 1.78526
0.288988
-1.12019
 1.25956
 1.35862
0.327428
-1.52757
 1.78526
0.288988
-1.12019
 1.25956
 1.35862
0.327428
-1.52757
 1.78526
0.288988
-1.12019
 1.25956
 1.35862
0.327428
-1.52757
 1.78526
0.288988
-1.12019
 1.25956
 1.35862
0.327428
-1.52757
 1.78526
0.288988
-1.12019
 1.25956
 1.35862
0.327427
-1.52757
 1.78526
0.288988
-1.12019
 1.25956
 1.35862
0.327427
-1.52757
 1.78526
0.288988
-1.12019
 1.25956
 1.35862
0.327427
-1.52757
 1.78526
0.288988
-1.12019
 1.25956
 1.35862
0.327427
-1.52757
 1.78526
0.288988
-1.12019
 1.25956
 1.35862
0.327428
-1.52757
 1.78526
0.288988
-1.12019
 1.25956
 1.35862
0.327427
-1.52757
 1.78526
0.288988
-1.12019
 1.25956
 1.35862
0.327427
-1.52757
 1.78526
0.288988
-1.12019
 1.25956
 1.35862
0.327427
-1.52757
 1.78526
0.288988
-1.12019
 1.25956
 1.35862
0.327427
-1.52757
 1.78526
0.288988
-1.12019
 1.25956
 1.35862
0.327427
-1.52757
 1.78526
0.288988
-1.12019
 1.25956
 1.35862
0.327427
-1.52757
 1.78526
0.288988
-1.12019
 1.25956
 1.35862
0.327427
-1.52757
 1.78526
0.288988
-1.12019
 1.25956
 1.35862
0.327427
-1.52757
 1.78526
0.288988
-1.12019
 1.25956
 1.35862
0.327427
-1.52757
 1.78526
0.288988
-1.12019
 1.25956
 1.35862
0.327427
-1.52757
 1.78526
0.288988
-1.12019
 1.25956
 1.35862
0.327427
-1.52757
 1.78526
0.288988
-1.12019
 1.25956
 1.35862
0.327427
-1.52757
 1.78526
0.288988
-1.12019
 1.25956
 1.35862
0.327427
-1.52757
 1.78526
0.288989
-1.12019
 1.25956
 1.35862
0.327427
-1.52757
 1.78526
0.288988
-1.12019
 1.25956
 1.35862
0.327427
-1.52757
 1.78526
0.288989
-1.12019
 1.25956
 1.35862
0.327427
-1.52757
 1.78526
0.288989
-1.12019
 1.25956
 1.35862
0.327427
-1.52757
 1.78526
0.288989
-1.12019
 1.25956
 1.35862
0.327427
-1.52757
 1.78526
0.288988
-1.12019
 1.25956
 1.35862
0.327427
-1.52757
 1.78526
0.288989
-1.12019
 1.25956
 1.35862
0.327427
-1.52757
 1.78526
0.288989
-1.12019
 1.25956
 1.35862
0.327427
-1.52757
 1.78526
0.288989
-1.12019
 1.25956
 1.35862
0.327427
-1.52757
 1.78526
0.288989
-1.12019
 1.25956
 1.35862
0.327427
-1.52757
 1.78526
0.288989
-1.12019
 1.25956
 1.35862
0.327427
-1.52757
 1.78526
0.288989
-1.12019
 1.25956
 1.35862
0.327427
-1.52757
 1.78526
0.288989
-1.12019
 1.25956
 1.35862
0.327427
-1.52757
 1.78526
0.288989
-1.12019
 1.25956
 1.35862
0.327427
-1.52757
 1.78526
0.288989
-1.12019
 1.25956
 1.35862
0.327427
-1.52757
 1.78526
0.288989
-1.12019
 1.25956
 1.35862
0.327427
-1.52757
 1.78526
0.288989
-1.12019
 1.25956
 1.35862
0.327427
-1.52757
 1.78526
0.288989
-1.12019
 1.25956
 1.35862
0.327427
-1.52757
 1.78526
0.288989
-1.12019
 1.25956
 1.35862
0.327427
-1.52757
 1.78526
0.288989
-1.12019
 1.25956
 1.35862
0.327427
-1.52757
 1.78526
0.288989
-1.12019
 1.25956
 1.35862
0.327427
-1.52757
 1.78526
0.288989
-1.12019
 1.25956
 1.35862
0.327427
-1.52757
 1.78526
0.288989
-1.12019
 1.25956
 1.35862
0.327427
-1.52757
 1.78526
0.288989
-1.12019
 1.25956
 1.35862
0.327427
-1.52757
 1.78526
0.288989
-1.12019
 1.25956
 1.35862
0.327427
-1.52757
 1.78526
0.288989
-1.12019
 1.25956
 1.35862
0.327427
-1.52757
 1.78526
0.288989
-1.12019
 1.25956
 1.35862
0.327427
-1.52757
 1.78526
0.288989
-1.12019
 1.25956
 1.35862
0.327427
-1.52757
 1.78526
0.288989
-1.12019
 1.25956
 1.35862
0.327427
-1.52757
 1.78526
0.288989
-1.12019
 1.25956
 1.35862
0.327427
-1.52757
 1.78526
0.288989
-1.12019
 1.25956
 1.35862
0.327427
-1.52757
 1.78526
0.288989
-1.12019
 1.25956
 1.35862
0.327426
-1.52757
 1.78526
0.288989
-1.12019
 1.25956
 1.35862
0.327426
-1.52757
 1.78526
0.288989
-1.12019
 1.25956
 1.35862
0.327426
-1.52757
 1.78526
0.288989
-1.12019
 1.25956
 1.35862
0.327426
-1.52757
 1.78526
0.288989
-1.12019
 1.25956
 1.35862
0.327426
-1.52757
 1.78526
0.288989
-1.12019
 1.25956
 1.35862
0.327426
-1.52757
 1.78526
0.288989
-1.12019
 1.25956
 1.35862
0.327426
-1.52757
 1.78526
0.288989
-1.12019
 1.25956
 1.35862
0.327426
-1.52757
 1.78526
0.288989
-1.12019
 1.25956
 1.35862
0.327426
-1.52757
 1.78526
0.288989
-1.12019
 1.25956
 1.35862
0.327426
-1.52757
 1.78526
0.288989
-1.12019
 1.25956
 1.35862
0.327426
-1.52757
 1.78526
0.288989
-1.12019
 1.25956
 1.35862
0.327426
-1.52757
 1.78526
0.288989
-1.12019
 1.25956
 1.35862
0.327426
-1.52757
 1.78526
0.288989
-1.12019
 1.25956
 1.35862
0.327426
-1.52757
 1.78526
0.288989
-1.12019
 1.25956
 1.35862
0.327426
-1.52757
 1.78526
0.288989
-1.12019
 1.25956
 1.35862
0.327426
-1.52757
 1.78526
0.288989
-1.12019
 1.25956
 1.35862
0.327426
-1.52757
 1.78526
0.288989
-1.12019
 1.25956
 1.35862
0.327426
-1.52757
 1.78526
0.288989
-1.12019
 1.25956
 1.35862
0.327426
-1.52757
 1.78526
0.288989
-1.12019
 1.25956
 1.35862
0.327426
-1.52757
 1.78526
0.288989
-1.12019
 1.25956
 1.35862
0.327426
-1.52757
 1.78526
0.288989
-1.12019
 1.25956
 1.35862
0.327426
-1.52757
 1.78526
0.288989
-1.12019
 1.25956
 1.35862
0.327426
-1.52757
 1.78526
0.288989
-1.12019
 1.25956
 1.35862
0.327426
-1.52757
 1.78526
0.288989
-1.12019
 1.25956
 1.35861
0.327426
-1.52757
 1.78526
0.288989
-1.12019
 1.25956
 1.35862
0.327426
-1.52757
 1.78526
0.288989
-1.12019
 1.25956
 1.35862
0.327426
-1.52757
 1.78526
0.288989
-1.12019
 1.25956
 1.35862
0.327426
-1.52757
 1.78526
 0.28899
-1.12019
 1.25956
 1.35862
0.327426
-1.52757
 1.78526
 0.28899
-1.12019
 1.25956
 1.35862
0.327426
-1.52757
 1.78526
0.288989
-1.12019
 1.25956
 1.35862
0.327426
-1.52757
 1.78526
0.288989
-1.12019
 1.25956
 1.35862
0.327426
-1.52757
 1.78526
 0.28899
-1.12019
 1.25956
 1.35862
0.327426
-1.52757
 1.78526
0.288989
-1.12019
 1.25956
 1.35861
0.327426
-1.52757
 1.78526
 0.28899
-1.12019
 1.25956
 1.35862
0.327426
-1.52757
 1.78526
 0.28899
-1.12019
 1.25956
 1.35861
0.327426
-1.52757
 1.78526
 0.28899
-1.12019
 1.25956
 1.35861
0.327426
-1.52757
 1.78526
 0.28899
-1.12019
 1.25956
 1.35861
0.327426
-1.52757
 1.78526
 0.28899
-1.12019
 1.25956
 1.35862
0.327426
-1.52757
 1.78526
 0.28899
-1.12019
 1.25956
 1.35861
0.327426
-1.52757
 1.78526
 0.28899
-1.12019
 1.25956
 1.35862
0.327426
-1.52756
 1.78526
 0.28899
-1.12019
 1.25956
 1.35861
0.327426
-1.52756
 1.78526
 0.28899
-1.12019
 1.25956
 1.35861
0.327426
-1.52756
 1.78526
 0.28899
-1.12019
 1.25956
 1.35862
0.327426
-1.52756
 1.78526
 0.28899
-1.12019
 1.25956
 1.35861
0.327426
-1.52756
 1.78526
 0.28899
-1.12019
 1.25956
 1.35861
0.327426
-1.52756
 1.78526
 0.28899
-1.12019
 1.25956
 1.35862
0.327426
-1.52756
 1.78526
 0.28899
-1.12019
 1.25956
 1.35862
0.327426
-1.52756
 1.78526
 0.28899
-1.12019
 1.25956
 1.35862
0.327426
-1.52756
 1.78526
 0.28899
-1.12019
 1.25956
 1.35862
0.327426
-1.52756
 1.78526
 0.28899
-1.12019
 1.25956
 1.35862
0.327426
-1.52756
 1.78526
 0.28899
-1.12019
 1.25956
 1.35861
0.327426
-1.52756
 1.78526
 0.28899
-1.12019
 1.25956
 1.35861
0.327425
-1.52756
 1.78526
 0.28899
-1.12019
 1.25956
 1.35861
0.327426
-1.52756
 1.78526
 0.28899
-1.12019
 1.25956
 1.35862
0.327426
-1.52756
 1.78526
 0.28899
-1.12019
 1.25956
 1.35861
0.327425
-1.52756
 1.78526
 0.28899
-1.12019
 1.25956
 1.35861
0.327425
-1.52756
 1.78526
 0.28899
-1.12019
 1.25956
 1.35861
0.327425
-1.52756
 1.78526
 0.28899
-1.12019
 1.25956
 1.35861
0.327425
-1.52756
 1.78526
 0.28899
-1.12019
 1.25956
 1.35861
0.327425
-1.52756
 1.78526
 0.28899
-1.12019
 1.25956
 1.35861
0.327425
-1.52756
 1.78526
 0.28899
-1.12019
 1.25956
 1.35861
0.327425
-1.52756
 1.78526
 0.28899
-1.12019
 1.25956
 1.35861
0.327425
-1.52756
 1.78526
 0.28899
-1.12019
 1.25956
 1.35861
0.327425
-1.52756
 1.78526
 0.28899
-1.12019
 1.25956
 1.35861
0.327425
-1.52756
 1.78526
 0.28899
-1.12019
 1.25956
 1.35861
0.327425
-1.52756
 1.78526
 0.28899
-1.12019
 1.25956
 1.35861
0.327425
-1.52756
 1.78526
 0.28899
-1.12019
 1.25956
 1.35862
0.327425
-1.52756
 1.78526
 0.28899
-1.12019
 1.25956
 1.35861
0.327425
-1.52756
 1.78526
 0.28899
-1.12019
 1.25956
 1.35861
0.327425
-1.52756
 1.78526
 0.28899
-1.12019
 1.25956
 1.35861
0.327425
-1.52756
 1.78526
 0.28899
-1.12019
 1.25956
 1.35861
0.327425
-1.52756
 1.78526
 0.28899
-1.12019
 1.25956
 1.35861
0.327425
-1.52756
 1.78526
 0.28899
-1.12019
 1.25956
 1.35861
0.327425
-1.52756
 1.78526
 0.28899
-1.12019
 1.25956
 1.35861
0.327425
-1.52756
 1.78526
 0.28899
-1.12019
 1.25956
 1.35861
0.327425
-1.52756
 1.78526
 0.28899
-1.12019
 1.25956
 1.35861
0.327425
-1.52756
 1.78526
 0.28899
-1.12019
 1.25956
 1.35861
0.327425
-1.52756
 1.78526
 0.28899
-1.12019
 1.25956
 1.35861
0.327425
-1.52756
 1.78526
 0.28899
-1.12019
 1.25956
 1.35861
0.327425
-1.52756
 1.78526
 0.28899
-1.12019
 1.25956
 1.35861
0.327425
-1.52756
 1.78526
 0.28899
-1.12019
 1.25956
 1.35861
0.327425
-1.52756
 1.78526
 0.28899
-1.12019
 1.25956
 1.35861
0.327425
-1.52756
 1.78526
 0.28899
-1.12019
 1.25956
 1.35861
0.327425
-1.52756
 1.78526
 0.28899
-1.12019
 1.25956
 1.35861
0.327425
-1.52756
 1.78526
 0.28899
-1.12019
 1.25956
 1.35861
0.327425
-1.52756
 1.78526
 0.28899
-1.12019
 1.25956
 1.35861
0.327425
-1.52756
 1.78526
 0.28899
-1.12019
 1.25956
 1.35861
0.327425
-1.52756
 1.78526
 0.28899
-1.12019
 1.25956
 1.35861
0.327425
-1.52756
 1.78526
 0.28899
-1.12019
 1.25956
 1.35861
0.327425
-1.52756
 1.78526
 0.28899
-1.12019
 1.25956
 1.35861
0.327425
-1.52756
 1.78526
 0.28899
-1.12019
 1.25956
 1.35861
0.327425
-1.52756
 1.78526
 0.28899
-1.12019
 1.25956
 1.35861
0.327425
-1.52756
 1.78526
 0.28899
-1.12019
 1.25956
 1.35861
0.327425
-1.52756
 1.78526
 0.28899
-1.12019
 1.25956
 1.35861
0.327425
-1.52756
 1.78526
 0.28899
-1.12019
 1.25956
 1.35861
0.327425
-1.52756
 1.78526
 0.28899
-1.12019
 1.25956
 1.35861
0.327425
-1.52756
 1.78526
 0.28899
-1.12019
 1.25956
 1.35861
0.327425
-1.52756
 1.78526
 0.28899
-1.12019
 1.25956
 1.35861
0.327425
-1.52756
 1.78526
 0.28899
-1.12019
 1.25956
 1.35861
0.327425
-1.52756
 1.78526
 0.28899
-1.12019
 1.25956
 1.35861
0.327425
-1.52756
 1.78526
 0.28899
-1.12019
 1.25956
 1.35861
0.327425
-1.52756
 1.78526
 0.28899
-1.12019
 1.25956
 1.35861
0.327425
-1.52756
 1.78526
 0.28899
-1.12019
 1.25956
 1.35861
0.327425
-1.52756
 1.78526
 0.28899
-1.12019
 1.25956
 1.35861
0.327425
-1.52756
 1.78526
 0.28899
-1.12019
 1.25956
 1.35861
0.327425
-1.52756
 1.78526
 0.28899
-1.12019
 1.25956
 1.35861
0.327425
-1.52756
 1.78526
 0.28899
-1.12019
 1.25956
 1.35861
0.327425
-1.52756
 1.78526
 0.28899
-1.12019
 1.25956
 1.35861
0.327425
-1.52756
 1.78526
 0.28899
-1.12019
 1.25956
 1.35861
0.327425
-1.52756
 1.78526
 0.28899
-1.12019
 1.25956
 1.35861
0.327425
-1.52756
 1.78526
 0.28899
-1.12019
 1.25956
 1.35861
0.327425
-1.52756
 1.78526
 0.28899
-1.12019
 1.25956
 1.35861
0.327425
-1.52756
 1.78526
 0.28899
-1.12019
 1.25956
 1.35861
0.327425
-1.52756
 1.78526
 0.28899
-1.12019
 1.25956
 1.35861
0.327425
-1.52756
 1.78526
 0.28899
-1.12019
 1.25956
 1.35861
0.327425
-1.52756
 1.78526
 0.28899
-1.12019
 1.25956
 1.35861
0.327425
-1.52756
 1.78526
 0.28899
-1.12019
 1.25956
 1.35861
0.327425
-1.52756
 1.78526
 0.28899
-1.12019
 1.25956
 1.35861
0.327425
-1.52756
 1.78526
 0.28899
-1.12019
 1.25956
 1.35861
0.327425
-1.52756
 1.78526
 0.28899
-1.12019
 1.25956
 1.35861
0.327425
-1.52756
 1.78526
 0.28899
-1.12019
 1.25956
 1.35861
0.327425
-1.52756
 1.78526
 0.28899
-1.12019
 1.25956
 1.35861
0.327425
-1.52756
 1.78526
 0.28899
-1.12019
 1.25956
 1.35861
0.327425
-1.52756
 1.78526
 0.28899
-1.12019
 1.25956
 1.35861
0.327425
-1.52756
 1.78526
 0.28899
-1.12019
 1.25956
 1.35861
0.327424
-1.52756
 1.78526
 0.28899
-1.12019
 1.25956
 1.35861
0.327424
-1.52756
 1.78526
 0.28899
-1.12019
 1.25956
 1.35861
0.327424
-1.52756
 1.78526
 0.28899
-1.12019
 1.25956
 1.35861
0.327424
-1.52756
 1.78526
 0.28899
-1.12019
 1.25956
 1.35861
0.327424
-1.52756
 1.78526
 0.28899
-1.12019
 1.25956
 1.35861
0.327424
-1.52756
 1.78526
 0.28899
-1.12019
 1.25956
 1.35861
0.327424
-1.52756
 1.78526
 0.28899
-1.12019
 1.25956
 1.35861
0.327424
-1.52756
 1.78526
 0.28899
-1.12019
 1.25956
 1.35861
0.327424
-1.52756
 1.78526
 0.28899
-1.12019
 1.25956
 1.35861
0.327424
-1.52756
 1.78526
 0.28899
-1.12019
 1.25956
 1.35861
0.327424
-1.52756
 1.78526
 0.28899
-1.12019
 1.25956
 1.35861
0.327424
-1.52756
 1.78526
 0.28899
-1.12019
 1.25956
 1.35861
0.327424
-1.52756
 1.78526
 0.28899
-1.12019
 1.25956
 1.35861
0.327424
-1.52756
 1.78526
 0.28899
-1.12019
 1.25956
 1.35861
0.327424
-1.52756
 1.78526
 0.28899
-1.12019
 1.25956
 1.35861
0.327424
-1.52756
 1.78526
 0.28899
-1.12019
 1.25956
 1.35861
0.327424
-1.52756
 1.78526
 0.28899
-1.12019
 1.25956
 1.35861
0.327424
-1.52756
 1.78526
 0.28899
-1.12019
 1.25956
 1.35861
0.327424
-1.52756
 1.78526
0.288994
-1.12019
 1.25956
 1.35861
0.327424
-1.52756
 1.78526
 0.28899
-1.12019
 1.25956
 1.35861
0.327424
-1.52756
 1.78526
0.288998
-1.12019
 1.25956
 1.35861
0.327424
-1.52756
 1.78526
0.288997
-1.12019
 1.25956
 1.35861
0.327424
-1.52756
 1.78526
0.288999
-1.12019
 1.25956
 1.35861
0.327425
-1.52756
 1.78526
0.289005
-1.12019
 1.25956
 1.35861
0.327424
-1.52756
 1.78526
0.289005
-1.12019
 1.25955
  1.3586
0.327425
-1.52756
 1.78526
0.289028
-1.12018
 1.25953
 1.35859
0.327425
-1.52755
 1.78529
0.289031
-1.12021
 1.25952
 1.35858
0.327427
-1.52756
 1.78533
0.289045
-1.12017
 1.25952
 1.35857
0.327432
-1.52755
  1.7853
0.289092
-1.12009
 1.25952
 1.35855
0.327439
-1.52755
 1.78534
0.289132
-1.12009
  1.2595
 1.35849
0.327443
-1.52755
 1.78536
0.289154
-1.12006
 1.25947
 1.35838
0.327448
-1.52755
 1.78536
0.289183
-1.12005
 1.25941
 1.35829
0.327451
-1.52755
 1.78536
0.289215
-1.12006
 1.25936
 1.35821
0.327452
-1.52754
 1.78536
0.289252
-1.12005
 1.25931
 1.35811
0.327462
-1.52755
 1.78536
0.289287
-1.12005
 1.25928
 1.35807
0.327495
-1.52755
 1.78535
0.289339
-1.12001
 1.25923
 1.35805
0.327537
-1.52754
 1.78539
0.289387
-1.12001
 1.25917
 1.35801
0.327588
-1.52753
 1.78545
 0.28943
-1.12004
 1.25913
 1.35797
0.327638
-1.52754
 1.78541
0.289509
-1.11988
 1.25909
 1.35795
0.327689
-1.52754
 1.78542
0.289604
-1.11979
 1.25904
 1.35793
0.327742
-1.52754
 1.78548
0.289655
-1.11973
   1.259
 1.35791
0.327789
-1.52754
 1.78549
0.289726
-1.11962
 1.25896
 1.35786
0.327833
-1.52753
 1.78552
0.289812
-1.11952
 1.25891
 1.35782
0.327876
-1.52753
 1.78561
0.289877
-1.11957
 1.25887
 1.35778
0.327919
-1.52753
 1.78566
0.289948
-1.11955
 1.25883
 1.35773
 0.32796
-1.52753
 1.78563
0.290045
-1.11943
 1.25878
 1.35772
0.327994
-1.52753
 1.78566
0.290126
-1.11937
 1.25874
  1.3577
0.328027
-1.52752
 1.78577
0.290196
-1.11941
 1.25868
 1.35766
0.328055
-1.52752
 1.78585
0.290275
 -1.1194
 1.25865
  1.3576
0.328078
-1.52752
 1.78591
0.290363
-1.11941
  1.2586
 1.35753
0.328103
-1.52752
 1.78593
0.290469
-1.11938
 1.25856
 1.35748
0.328127
-1.52751
   1.786
 0.29056
-1.11943
 1.25851
  1.3574
0.328154
-1.52751
 1.78611
0.290634
-1.11948
 1.25847
 1.35726
0.328179
-1.52752
 1.78618
0.290733
-1.11947
 1.25843
 1.35716
0.328207
-1.52752
 1.78618
0.290842
-1.11938
 1.25839
 1.35708
0.328234
-1.52751
 1.78623
 0.29095
-1.11939
 1.25834
 1.35696
0.328264
-1.52751
 1.78632
0.291033
 -1.1194
  1.2583
 1.35679
0.328295
-1.52751
 1.78636
0.291145
-1.11936
 1.25824
 1.35662
0.328331
-1.52751
 1.78636
0.291274
-1.11933
 1.25819
  1.3565
 0.32837
-1.52751
 1.78637
0.291393
-1.11923
 1.25815
 1.35639
0.328409
 -1.5275
 1.78644
0.291481
-1.11918
 1.25809
 1.35628
0.328449
-1.52749
 1.78649
0.291595
-1.11915
 1.25804
 1.35618
0.328488
-1.52751
 1.78646
 0.29172
-1.11896
   1.258
 1.35612
0.328529
 -1.5275
 1.78649
0.291841
-1.11889
 1.25792
 1.35607
0.328569
-1.52751
 1.78653
0.291932
-1.11878
 1.25784
   1.356
0.328611
-1.52751
 1.78651
0.292063
-1.11863
 1.25777
 1.35594
0.328654
-1.52751
  1.7866
0.292181
-1.11861
 1.25767
 1.35588
  0.3287
-1.52752
 1.78663
0.292305
-1.11851
 1.25758
 1.35583
0.328747
-1.52752
 1.78661
0.292469
-1.11839
  1.2575
 1.35578
 0.32879
-1.52753
 1.78665
0.292615
-1.11827
 1.25744
 1.35571
0.328834
-1.52753
 1.78673
0.292751
-1.11824
 1.25735
 1.35561
0.328879
-1.52753
 1.78672
0.292937
-1.11815
 1.25727
  1.3555
0.328923
-1.52753
 1.78678
0.293103
-1.11809
 1.25717
 1.35538
0.328967
-1.52753
 1.78684
0.293276
-1.11813
 1.25708
 1.35524
0.329015
-1.52754
 1.78685
0.293471
-1.11801
 1.25701
 1.35507
0.329063
-1.52754
 1.78692
0.293634
-1.11804
 1.25693
 1.35491
0.329114
-1.52754
  1.7869
0.293832
-1.11788
 1.25685
 1.35477
0.329164
-1.52754
   1.787
0.293984
-1.11792
 1.25675
 1.35458
0.329213
-1.52754
 1.78705
0.294146
 -1.1179
 1.25667
 1.35436
0.329261
-1.52754
 1.78706
0.294317
-1.11787
 1.25657
 1.35419
0.329303
-1.52754
 1.78712
0.294468
-1.11785
 1.25649
 1.35405
0.329339
-1.52753
 1.78714
0.294651
-1.11783
  1.2564
 1.35393
0.329372
-1.52754
  1.7872
0.294801
-1.11779
  1.2563
 1.35379
0.329405
-1.52753
 1.78721
0.294997
-1.11774
 1.25619
 1.35369
0.329438
-1.52753
 1.78729
0.295166
-1.11776
 1.25606
 1.35359
0.329474
-1.52753
 1.78735
0.295342
-1.11774
 1.25594
 1.35351
0.329534
-1.52753
 1.78736
 0.29555
-1.11769
 1.25582
 1.35341
0.329617
-1.52753
 1.78742
0.295728
-1.11765
 1.25571
 1.35331
0.329714
-1.52753
 1.78744
0.295931
-1.11761
 1.25559
 1.35321
0.329811
-1.52754
 1.78749
0.296097
-1.11755
 1.25547
 1.35305
0.329916
-1.52753
 1.78753
0.296281
-1.11753
 1.25533
 1.35287
0.330023
-1.52753
  1.7876
0.296457
-1.11753
 1.25519
 1.35266
0.330129
-1.52754
  1.7876
0.296638
-1.11738
 1.25507
 1.35246
0.330232
-1.52753
 1.78769
0.296814
-1.11735
 1.25495
 1.35224
0.330334
-1.52751
 1.78773
0.297022
-1.11724
 1.25485
 1.35205
0.330414
-1.52748
 1.78778
0.297231
-1.11713
 1.25475
 1.35184
 0.33048
-1.52751
 1.78782
 0.29739
  -1.117
 1.25463
 1.35167
0.330537
 -1.5275
 1.78799
0.297574
-1.11698
 1.25449
 1.35151
0.330596
 -1.5275
 1.78801
0.297843
 -1.1168
 1.25439
 1.35137
0.330657
-1.52749
  1.7881
0.298096
-1.11671
 1.25428
 1.35121
0.330722
-1.52749
 1.78824
 0.29833
-1.11674
 1.25416
 1.35105
0.330784
 -1.5275
 1.78828
0.298575
-1.11663
 1.25404
 1.35089
0.330843
-1.52749
 1.78839
0.298804
-1.11669
 1.25392
 1.35071
0.330899
-1.52749
 1.78841
0.299047
 -1.1167
 1.25382
 1.35052
0.330958
-1.52749
 1.78851
0.299269
-1.11678
 1.25368
  1.3503
 0.33102
 -1.5275
 1.78848
 0.29953
-1.11665
 1.25356
  1.3501
 0.33108
-1.52749
 1.78854
0.299779
-1.11662
  1.2534
  1.3499
0.331141
-1.52748
 1.78867
0.300012
-1.11671
 1.25326
 1.34972
0.331204
-1.52748
 1.78871
 0.30026
-1.11667
 1.25314
 1.34955
 0.33127
-1.52749
 1.78869
0.300524
-1.11652
 1.25301
 1.34939
0.331335
-1.52748
 1.78876
0.300763
-1.11651
 1.25287
 1.34922
0.331415
-1.52748
 1.78879
0.301001
 -1.1164
 1.25274
 1.34902
0.331511
-1.52747
  1.7889
0.301232
 -1.1164
 1.25258
 1.34881
0.331607
-1.52747
 1.78891
0.301495
 -1.1163
 1.25244
 1.34859
  0.3317
-1.52749
  1.7889
0.301757
-1.11608
 1.25229
 1.34837
0.331788
-1.52746
 1.78904
0.302014
-1.11605
 1.25211
 1.34814
0.331885
-1.52747
 1.78912
0.302271
-1.11589
 1.25196
 1.34792
0.331988
-1.52747
 1.78917
0.302552
-1.11568
 1.25177
 1.34773
0.332103
-1.52746
 1.78924
0.302832
-1.11553
  1.2516
 1.34756
0.332217
-1.52746
 1.78939
0.303062
-1.11547
 1.25143
 1.34736
0.332336
-1.52746
 1.78947
0.303314
 -1.1153
 1.25128
 1.34715
 0.33246
-1.52746
 1.78954
 0.30357
-1.11515
 1.25113
 1.34693
0.332583
-1.52746
 1.78969
0.303828
 -1.1151
 1.25096
 1.34667
0.332708
-1.52746
 1.78976
0.304087
-1.11499
 1.25081
 1.34641
0.332825
-1.52746
  1.7898
0.304365
-1.11487
 1.25063
 1.34619
 0.33293
-1.52746
 1.78984
0.304644
-1.11476
 1.25047
 1.34599
0.333025
-1.52746
 1.78997
0.304885
-1.11479
 1.25029
 1.34575
0.333108
-1.52746
 1.79006
0.305162
-1.11476
 1.25012
 1.34554
0.333188
-1.52746
 1.79004
0.305495
-1.11466
 1.24995
 1.34535
0.333268
-1.52746
 1.79005
0.305833
-1.11462
 1.24979
 1.34509
0.333343
-1.52745
 1.79012
0.306148
-1.11464
  1.2496
 1.34481
0.333425
-1.52745
 1.79017
0.306487
-1.11461
 1.24942
 1.34453
0.333509
-1.52745
 1.79017
0.306848
-1.11452
 1.24926
 1.34425
  0.3336
-1.52745
 1.79017
0.307197
-1.11441
 1.24911
 1.34399
0.333691
-1.52742
  1.7902
0.307569
-1.11427
 1.24893
 1.34377
0.333778
-1.52738
  1.7903
0.307911
-1.11427
 1.24874
 1.34353
0.333866
 -1.5274
 1.79036
0.308181
-1.11416
 1.24858
  1.3433
0.333976
 -1.5274
 1.79038
0.308505
-1.11401
 1.24841
 1.34303
0.334106
-1.52735
 1.79045
0.308879
-1.11391
 1.24822
 1.34272
0.334246
-1.52732
 1.79047
0.309231
-1.11372
 1.24804
 1.34242
0.334397
-1.52729
 1.79048
0.309574
-1.11352
 1.24785
 1.34217
0.334547
-1.52725
 1.79062
0.309858
-1.11342
 1.24765
 1.34193
0.334701
-1.52722
 1.79072
0.310172
-1.11327
 1.24745
 1.34176
0.334846
 -1.5272
 1.79079
0.310524
-1.11308
 1.24726
 1.34157
0.334977
-1.52717
  1.7909
0.310884
-1.11293
 1.24706
 1.34133
0.335097
-1.52714
   1.791
0.311246
-1.11279
 1.24688
 1.34106
0.335202
-1.52712
 1.79109
0.311588
-1.11263
 1.24669
 1.34079
0.335294
 -1.5271
 1.79119
0.311927
-1.11249
 1.24651
 1.34049
0.335389
-1.52706
  1.7913
 0.31227
-1.11241
 1.24634
  1.3402
0.335483
-1.52703
 1.79138
0.312631
-1.11224
 1.24614
 1.33995
0.335583
-1.52699
 1.79155
0.312954
-1.11222
 1.24592
  1.3397
0.335688
-1.52696
 1.79167
0.313289
-1.11217
 1.24573
 1.33946
0.335806
-1.52694
 1.79173
0.313642
 -1.1121
 1.24553
 1.33918
0.335925
-1.52692
  1.7918
0.313983
-1.11204
  1.2453
 1.33886
0.336039
 -1.5269
 1.79187
 0.31432
-1.11198
 1.24508
 1.33854
0.336147
-1.52686
 1.79198
0.314671
-1.11198
 1.24484
 1.33821
0.336267
-1.52683
 1.79205
0.315041
-1.11189
 1.24461
  1.3379
0.336399
-1.52678
 1.79212
0.315434
-1.11184
 1.24438
 1.33764
0.336537
-1.52669
 1.79218
0.315828
-1.11173
 1.24416
 1.33738
0.336681
-1.52669
 1.79225
0.316121
-1.11156
 1.24393
  1.3371
0.336824
-1.52667
 1.79235
0.316432
-1.11147
 1.24368
 1.33678
0.336958
 -1.5266
 1.79241
0.316843
 -1.1113
 1.24345
 1.33644
0.337086
-1.52658
 1.79246
0.317243
-1.11113
 1.24323
 1.33613
0.337202
-1.52657
 1.79254
 0.31764
-1.11095
 1.24302
 1.33584
0.337312
-1.52653
 1.79268
0.318025
-1.11083
 1.24279
 1.33558
0.337422
-1.52652
 1.79276
 0.31843
 -1.1106
 1.24255
 1.33532
0.337536
-1.52652
 1.79282
0.318835
-1.11037
 1.24233
 1.33505
 0.33768
 -1.5265
 1.79295
0.319226
-1.11026
 1.24211
 1.33472
0.337847
-1.52649
 1.79305
0.319634
-1.11008
 1.24189
 1.33437
0.338026
-1.52649
 1.79317
0.320032
-1.10994
 1.24164
 1.33405
0.338196
 -1.5265
 1.79336
0.320402
-1.10982
  1.2414
 1.33377
0.338364
 -1.5265
 1.79348
0.320814
-1.10965
 1.24115
 1.33351
0.338529
-1.52651
 1.79357
0.321233
-1.10942
 1.24089
 1.33323
0.338709
-1.52652
 1.79373
0.321623
-1.10926
 1.24065
  1.3329
0.338878
-1.52649
  1.7939
0.322044
-1.10914
  1.2404
 1.33253
0.339032
-1.52646
 1.79404
0.322478
-1.10894
 1.24015
 1.33217
0.339163
-1.52649
  1.7942
  0.3228
-1.10877
 1.23991
 1.33186
0.339279
-1.52652
 1.79432
0.323156
-1.10852
 1.23967
 1.33155
0.339395
-1.52649
  1.7945
0.323571
-1.10838
 1.23944
 1.33123
 0.33952
-1.52648
 1.79471
0.323981
-1.10824
 1.23921
 1.33088
0.339644
 -1.5265
 1.79476
0.324427
-1.10796
 1.23898
 1.33055
0.339777
-1.52649
 1.79487
0.324856
-1.10783
 1.23875
 1.33019
 0.33992
 -1.5265
 1.79498
0.325262
-1.10769
 1.23851
 1.32983
 0.34007
-1.52651
 1.79507
0.325677
-1.10758
 1.23826
 1.32952
0.340236
-1.52651
 1.79521
0.326089
-1.10757
 1.23798
 1.32917
0.340392
-1.52651
 1.79533
0.326513
-1.10749
 1.23771
  1.3288
0.340551
-1.52652
 1.79537
0.326974
-1.10733
 1.23745
 1.32847
0.340716
-1.52654
 1.79543
0.327424
-1.10714
  1.2372
 1.32813
0.340879
 -1.5265
 1.79562
0.327875
-1.10704
 1.23692
 1.32779
0.341041
-1.52644
 1.79578
0.328369
-1.10686
 1.23666
 1.32745
0.341189
-1.52647
 1.79602
0.328752
-1.10667
 1.23642
 1.32708
0.341336
-1.52649
 1.79615
0.329181
-1.10633
 1.23617
 1.32671
0.341476
-1.52645
 1.79633
0.329682
-1.10614
 1.23591
 1.32635
0.341614
-1.52645
 1.79657
0.330109
-1.10599
 1.23569
 1.32599
0.341761
-1.52643
 1.79678
0.330563
-1.10592
 1.23544
 1.32565
0.341916
-1.52645
 1.79685
0.331033
 -1.1057
 1.23522
  1.3253
0.342072
-1.52645
 1.79699
 0.33147
-1.10565
 1.23498
 1.32491
0.342245
-1.52644
 1.79717
0.331882
-1.10558
 1.23473
 1.32451
0.342428
-1.52643
 1.79736
0.332318
-1.10556
 1.23446
 1.32418
0.342603
-1.52639
 1.79745
0.332826
-1.10546
  1.2342
 1.32389
0.342766
-1.52633
 1.79755
0.333341
-1.10533
 1.23392
 1.32357
0.342927
-1.52633
 1.79774
0.333719
-1.10532
 1.23363
 1.32321
0.343092
-1.52633
 1.79781
0.334163
-1.10508
 1.23338
 1.32283
0.343248
-1.52626
   1.798
0.334651
 -1.1051
  1.2331
 1.32246
0.343404
-1.52622
 1.79814
0.335138
-1.10503
 1.23285
 1.32214
0.343557
-1.52622
 1.79815
0.335649
-1.10479
 1.23258
 1.32186
0.343715
 -1.5262
 1.79827
0.336122
-1.10471
 1.23228
 1.32152
0.343891
-1.52617
 1.79842
0.336598
-1.10459
 1.23197
 1.32108
0.344073
-1.52614
  1.7985
0.337114
-1.10443
 1.23164
 1.32066
0.344273
-1.52606
 1.79862
0.337652
-1.10433
 1.23132
 1.32026
0.344483
-1.52596
 1.79878
0.338157
-1.10423
   1.231
 1.31988
0.344693
-1.52594
 1.79891
0.338603
-1.10404
 1.23066
 1.31951
0.344876
-1.52589
 1.79908
0.339073
-1.10393
 1.23032
 1.31911
0.345052
-1.52582
 1.79914
0.339645
-1.10362
 1.23003
 1.31871
0.345225
-1.52577
 1.79935
0.340132
-1.10351
  1.2297
 1.31832
  0.3454
-1.52572
 1.79959
0.340586
-1.10343
 1.22941
 1.31795
0.345574
-1.52571
 1.79973
0.341067
 -1.1032
 1.22912
 1.31759
0.345756
-1.52572
 1.79992
0.341523
-1.10298
 1.22882
  1.3172
0.345932
 -1.5257
  1.8001
0.342003
-1.10276
 1.22853
 1.31676
 0.34612
-1.52565
 1.80035
0.342458
-1.10262
 1.22823
 1.31636
0.346315
-1.52571
 1.80044
0.342852
 -1.1023
 1.22795
   1.316
0.346517
-1.52576
 1.80062
0.343233
-1.10207
 1.22763
 1.31565
0.346718
-1.52575
 1.80086
0.343677
  -1.102
 1.22732
 1.31526
0.346908
-1.52579
 1.80098
0.344136
-1.10176
 1.22703
 1.31485
0.347081
-1.52582
  1.8012
0.344582
-1.10162
 1.22671
 1.31444
0.347248
-1.52588
 1.80132
0.345032
-1.10139
 1.22639
 1.31407
0.347427
-1.52592
 1.80147
0.345495
-1.10118
 1.22607
  1.3137
0.347611
-1.52591
 1.80157
0.346018
-1.10098
 1.22578
 1.31333
0.347809
-1.52598
 1.80176
 0.34642
-1.10079
 1.22547
 1.31291
0.348008
-1.52602
 1.80184
0.346855
-1.10049
 1.22517
 1.31252
0.348219
  -1.526
 1.80206
0.347338
-1.10031
 1.22484
 1.31213
0.348427
-1.52602
 1.80216
0.347863
-1.10003
 1.22452
 1.31178
0.348633
-1.52605
 1.80235
0.348349
-1.09979
 1.22421
 1.31133
0.348838
-1.52604
 1.80246
0.348918
-1.09955
 1.22391
 1.31087
0.349036
-1.52602
 1.80257
0.349497
-1.09931
 1.22359
 1.31042
0.349205
-1.52607
 1.80277
0.349953
-1.09914
 1.22327
 1.30999
0.349381
 -1.5261
 1.80286
 0.35046
-1.09888
 1.22294
 1.30957
0.349562
 -1.5261
 1.80304
0.350998
-1.09872
 1.22263
 1.30913
0.349762
-1.52612
 1.80312
 0.35155
-1.09847
 1.22232
 1.30872
0.349967
-1.52613
 1.80329
0.352064
-1.09833
 1.22197
 1.30828
0.350187
-1.52612
 1.80337
0.352629
-1.09811
 1.22166
 1.30784
0.350406
 -1.5261
 1.80346
0.353198
-1.09793
 1.22133
 1.30741
0.350622
-1.52615
 1.80362
0.353638
-1.09782
   1.221
 1.30696
 0.35083
-1.52621
 1.80369
0.354141
-1.09754
 1.22069
 1.30656
0.351037
-1.52618
 1.80394
0.354677
-1.09749
 1.22035
 1.30616
0.351232
 -1.5262
 1.80408
0.355244
-1.09725
 1.22002
 1.30574
0.351413
-1.52622
 1.80422
0.355817
-1.09698
 1.21969
 1.30532
0.351606
-1.52618
 1.80448
0.356388
-1.09684
 1.21936
 1.30488
0.351814
-1.52613
 1.80468
0.356977
-1.09664
 1.21902
 1.30447
 0.35203
-1.52618
 1.80484
0.357494
-1.09631
 1.21868
 1.30408
0.352258
-1.52621
 1.80508
0.357981
 -1.0961
 1.21832
 1.30365
0.352487
-1.52618
 1.80527
 0.35856
-1.09583
 1.21798
  1.3032
0.352703
-1.52614
 1.80548
 0.35918
-1.09562
 1.21763
 1.30275
0.352908
-1.52606
 1.80575
0.359735
-1.09549
 1.21728
 1.30235
  0.3531
-1.52608
 1.80594
0.360213
-1.09525
 1.21692
 1.30195
0.353301
 -1.5261
 1.80603
0.360738
-1.09498
 1.21656
  1.3015
0.353494
-1.52604
 1.80627
0.361314
-1.09489
 1.21619
 1.30101
0.353698
-1.52602
 1.80645
0.361875
-1.09471
 1.21584
 1.30055
0.353906
-1.52598
 1.80658
0.362476
-1.09448
 1.21546
 1.30016
0.354137
-1.52589
 1.80668
0.363117
-1.09426
  1.2151
 1.29975
0.354376
-1.52589
 1.80688
 0.36362
-1.09412
 1.21475
 1.29926
0.354607
-1.52588
 1.80704
0.364147
-1.09388
  1.2144
 1.29877
0.354822
-1.52583
 1.80709
0.364775
-1.09357
 1.21405
 1.29836
0.355023
-1.52574
  1.8072
0.365427
-1.09337
 1.21367
 1.29797
0.355222
-1.52563
 1.80734
0.366045
-1.09322
  1.2133
  1.2975
0.355432
-1.52562
 1.80745
0.366556
  -1.093
 1.21295
 1.29701
0.355649
-1.52561
 1.80752
0.367109
-1.09273
 1.21256
 1.29657
0.355854
-1.52554
 1.80759
0.367757
-1.09249
 1.21219
 1.29616
0.356079
-1.52549
 1.80764
0.368402
-1.09221
 1.21185
 1.29575
0.356318
-1.52538
 1.80784
0.369012
-1.09205
 1.21147
 1.29528
0.356553
-1.52536
 1.80805
0.369551
-1.09187
 1.21111
 1.29482
0.356778
-1.52535
 1.80813
0.370153
-1.09152
 1.21075
  1.2944
0.356989
 -1.5253
 1.80826
0.370777
-1.09125
  1.2104
 1.29399
0.357191
-1.52525
 1.80837
0.371439
-1.09093
 1.21003
 1.29355
0.357397
-1.52513
 1.80852
0.372122
 -1.0907
  1.2096
 1.29307
0.357627
-1.52512
 1.80874
0.372649
-1.09048
  1.2092
 1.29258
0.357848
-1.52511
 1.80893
0.373173
-1.09024
  1.2088
 1.29214
0.358072
-1.52507
 1.80907
0.373819
-1.08995
  1.2084
 1.29167
0.358308
-1.52498
 1.80932
0.374479
-1.08979
   1.208
 1.29119
0.358544
-1.52487
 1.80951
 0.37513
-1.08953
 1.20762
 1.29069
 0.35877
-1.52487
 1.80969
0.375689
-1.08922
 1.20724
  1.2902
0.358978
-1.52486
 1.80984
 0.37628
 -1.0889
 1.20686
 1.28973
0.359187
-1.52474
 1.81003
0.376961
-1.08874
 1.20648
 1.28922
0.359397
-1.52462
 1.81029
0.377599
 -1.0886
 1.20608
 1.28872
0.359637
-1.52462
 1.81049
0.378136
-1.08834
 1.20566
 1.28827
0.359908
-1.52459
 1.81067
0.378731
-1.08814
 1.20525
 1.28778
0.360174
-1.52449
 1.81087
0.379406
-1.08794
 1.20486
 1.28726
0.360446
 -1.5244
 1.81106
0.380071
-1.08766
 1.20448
  1.2868
0.360715
-1.52437
 1.81129
0.380651
-1.08745
 1.20409
 1.28635
0.360958
-1.52436
 1.81148
0.381247
-1.08717
 1.20372
 1.28585
 0.36119
-1.52426
 1.81168
0.381914
-1.08692
 1.20333
 1.28537
0.361424
-1.52413
 1.81192
0.382595
-1.08678
 1.20292
 1.28494
0.361666
-1.52413
 1.81212
0.383189
-1.08649
 1.20252
  1.2845
0.361927
-1.52412
  1.8123
0.383772
-1.08619
  1.2021
 1.28406
0.362191
-1.52399
 1.81255
0.384456
-1.08605
  1.2017
  1.2836
 0.36244
 -1.5239
 1.81274
0.385147
-1.08579
 1.20132
 1.28313
 0.36269
-1.52388
 1.81297
0.385748
-1.08559
 1.20093
  1.2827
 0.36293
-1.52387
 1.81317
0.386341
-1.08528
 1.20056
 1.28225
0.363164
-1.52378
  1.8134
 0.38703
-1.08504
 1.20017
 1.28176
0.363399
-1.52365
 1.81365
0.387739
-1.08486
 1.19978
 1.28127
0.363641
-1.52364
 1.81386
0.388332
-1.08454
 1.19936
 1.28079
 0.36389
-1.52361
 1.81408
0.388931
-1.08428
  1.1989
 1.28033
0.364154
-1.52352
  1.8143
 0.38963
-1.08403
 1.19846
 1.27983
0.364417
-1.52349
 1.81453
 0.39027
-1.08381
 1.19804
 1.27928
0.364658
-1.52346
 1.81475
 0.39091
-1.08354
 1.19763
 1.27878
0.364892
-1.52338
 1.81498
0.391603
-1.08335
 1.19721
 1.27835
0.365128
-1.52329
 1.81517
0.392282
-1.08307
 1.19678
 1.27784
0.365366
-1.52329
 1.81538
0.392877
-1.08285
 1.19634
 1.27731
0.365614
-1.52328
 1.81561
0.393473
 -1.0826
 1.19591
 1.27681
0.365874
-1.52317
 1.81591
0.394154
-1.08248
 1.19548
 1.27634
0.366134
-1.52319
 1.81604
0.394823
-1.08219
 1.19508
 1.27587
0.366404
-1.52317
 1.81623
0.395495
-1.08205
 1.19465
 1.27536
0.366659
-1.52312
 1.81642
0.396197
-1.08189
 1.19423
 1.27488
 0.36689
-1.52303
 1.81662
0.396883
-1.08177
  1.1938
 1.27445
0.367139
-1.52304
 1.81678
0.397476
-1.08148
  1.1934
   1.274
0.367397
-1.52303
 1.81698
0.398092
-1.08127
 1.19296
 1.27349
0.367659
-1.52295
 1.81719
0.398799
-1.08099
 1.19253
   1.273
0.367928
-1.52292
 1.81744
0.399426
-1.08079
  1.1921
 1.27254
0.368204
-1.52288
 1.81759
0.400131
-1.08047
 1.19168
 1.27206
0.368475
 -1.5228
 1.81771
0.400877
-1.08011
 1.19125
 1.27153
0.368735
-1.52281
 1.81796
0.401478
-1.07984
 1.19082
 1.27099
0.368973
 -1.5228
 1.81815
0.402111
-1.07948
  1.1904
 1.27046
0.369224
 -1.5227
 1.81845
0.402827
-1.07925
 1.18995
 1.26992
0.369494
 -1.5227
 1.81875
 0.40347
-1.07891
 1.18955
 1.26939
0.369775
-1.52268
 1.81887
0.404196
-1.07847
 1.18912
 1.26889
0.370061
 -1.5226
 1.81907
0.404969
-1.07815
 1.18868
 1.26837
0.370339
 -1.5226
 1.81936
0.405648
-1.07792
 1.18824
 1.26781
0.370609
-1.52258
  1.8196
0.406365
-1.07764
 1.18779
 1.26728
0.370867
-1.52251
 1.81994
0.407113
-1.07752
 1.18733
  1.2668
0.371116
-1.52255
 1.82008
0.407844
-1.07709
 1.18687
 1.26632
0.371379
-1.52253
 1.82032
 0.40854
 -1.0768
 1.18642
 1.26579
0.371653
-1.52242
 1.82071
0.409242
-1.07669
 1.18598
 1.26529
0.371945
-1.52242
 1.82104
0.409847
-1.07647
 1.18551
 1.26481
0.372235
-1.52243
 1.82123
0.410501
-1.07609
 1.18505
 1.26433
0.372509
-1.52235
 1.82147
0.411202
-1.07585
 1.18459
  1.2638
0.372763
-1.52233
 1.82184
0.411774
-1.07573
 1.18412
 1.26328
0.373027
-1.52231
 1.82214
0.412366
-1.07545
 1.18366
  1.2628
0.373287
-1.52223
 1.82241
0.413028
-1.07516
 1.18321
 1.26232
0.373552
-1.52218
 1.82272
0.413653
 -1.0749
 1.18274
  1.2618
0.373841
-1.52206
 1.82309
0.414265
-1.07475
 1.18227
 1.26126
 0.37414
-1.52203
 1.82339
0.414812
-1.07442
 1.18182
 1.26078
0.374419
-1.52191
  1.8236
0.415519
-1.07411
 1.18134
 1.26028
0.374682
 -1.5218
 1.82385
0.416257
-1.07393
 1.18088
 1.25972
0.374941
-1.52179
 1.82419
0.416869
-1.07379
 1.18041
 1.25919
0.375214
-1.52179
 1.82435
0.417556
-1.07353
 1.17997
 1.25876
0.375482
-1.52172
 1.82463
0.418322
-1.07343
  1.1795
 1.25828
0.375764
-1.52171
 1.82494
0.419027
-1.07328
 1.17906
 1.25777
0.376065
 -1.5217
  1.8251
0.419792
  -1.073
 1.17861
 1.25729
0.376351
-1.52173
 1.82524
0.420499
-1.07261
 1.17814
 1.25683
0.376617
-1.52167
 1.82554
0.421213
-1.07237
 1.17765
 1.25636
0.376878
-1.52164
  1.8257
0.421989
-1.07199
  1.1772
 1.25587
 0.37714
-1.52164
 1.82592
0.422694
-1.07166
 1.17672
 1.25536
0.377423
-1.52159
 1.82623
0.423405
-1.07138
 1.17627
 1.25489
0.377697
-1.52163
 1.82637
0.424105
-1.07095
 1.17583
  1.2544
0.377983
-1.52159
 1.82652
0.424881
-1.07059
 1.17538
 1.25384
0.378271
 -1.5215
 1.82681
0.425619
-1.07042
 1.17489
 1.25329
0.378542
-1.52147
 1.82698
0.426332
-1.07007
 1.17442
 1.25279
0.378803
-1.52139
 1.82721
0.427062
-1.06981
 1.17395
 1.25226
0.379061
-1.52139
 1.82734
 0.42779
-1.06939
 1.17348
 1.25173
 0.37934
-1.52129
 1.82758
0.428533
-1.06917
   1.173
  1.2512
0.379636
-1.52127
 1.82781
0.429193
-1.06897
 1.17257
 1.25065
0.379923
-1.52124
 1.82795
0.429874
-1.06866
 1.17212
 1.25008
0.380216
-1.52114
  1.8282
0.430563
-1.06852
 1.17164
 1.24956
0.380502
-1.52113
 1.82833
0.431231
-1.06819
 1.17113
 1.24905
 0.38077
-1.52104
 1.82861
0.431892
-1.06798
 1.17062
  1.2485
0.381032
-1.52101
 1.82891
0.432532
-1.06776
 1.17015
 1.24796
0.381304
-1.52094
  1.8291
0.433305
-1.06746
 1.16965
 1.24747
0.381597
-1.52092
 1.82937
0.434019
-1.06721
 1.16917
 1.24698
0.381897
-1.52084
 1.82956
0.434795
-1.06694
 1.16868
 1.24644
0.382176
-1.52081
 1.82988
0.435512
-1.06673
 1.16818
  1.2459
0.382455
-1.52073
 1.83011
0.436281
-1.06646
 1.16767
 1.24543
0.382733
-1.52072
 1.83041
0.436983
-1.06619
 1.16717
 1.24496
0.383033
-1.52064
 1.83063
0.437768
-1.06588
  1.1667
 1.24445
0.383354
-1.52056
 1.83096
0.438512
-1.06566
 1.16621
 1.24392
0.383688
-1.52054
 1.83117
0.439225
-1.06526
 1.16572
 1.24343
0.384032
-1.52047
 1.83149
 0.43993
  -1.065
 1.16522
 1.24295
0.384345
-1.52044
 1.83173
0.440614
-1.06463
 1.16474
 1.24245
0.384646
-1.52037
 1.83205
0.441301
-1.06439
 1.16423
 1.24192
0.384948
-1.52036
 1.83229
0.441988
  -1.064
 1.16375
 1.24143
0.385255
-1.52028
 1.83261
0.442688
-1.06369
 1.16324
 1.24094
0.385571
-1.52027
 1.83286
0.443366
-1.06327
 1.16276
 1.24041
0.385892
 -1.5202
 1.83318
0.444069
-1.06294
 1.16226
 1.23985
0.386209
-1.52017
 1.83338
 0.44477
-1.06253
 1.16178
 1.23937
0.386491
-1.52009
 1.83366
0.445469
-1.06227
 1.16128
 1.23888
0.386775
-1.52007
 1.83386
0.446167
 -1.0619
 1.16079
 1.23835
0.387074
-1.51999
 1.83413
0.446878
-1.06172
 1.16028
  1.2378
0.387375
-1.51997
 1.83431
0.447566
 -1.0614
 1.15979
 1.23729
 0.38769
 -1.5199
 1.83457
0.448295
-1.06118
 1.15929
 1.23679
0.388007
-1.51987
 1.83475
0.449015
-1.06089
  1.1588
 1.23625
0.388308
 -1.5198
 1.83501
0.449739
 -1.0607
  1.1583
 1.23573
0.388569
-1.51979
  1.8352
0.450452
-1.06042
 1.15781
 1.23525
0.388839
-1.51971
 1.83548
 0.45118
-1.06027
  1.1573
 1.23471
0.389136
 -1.5197
 1.83565
0.451886
 -1.0599
 1.15682
 1.23417
0.389444
-1.51964
 1.83585
0.452677
-1.05959
 1.15631
 1.23365
0.389759
 -1.5196
 1.83615
0.453413
-1.05933
 1.15581
 1.23315
0.390066
-1.51951
 1.83642
0.454181
-1.05903
 1.15531
 1.23263
0.390369
-1.51951
 1.83668
0.454916
-1.05864
 1.15481
 1.23208
0.390656
-1.51946
  1.8369
 0.45568
-1.05824
 1.15431
 1.23155
0.390942
-1.51934
  1.8373
 0.45642
-1.05805
 1.15379
 1.23101
0.391254
-1.51926
 1.83758
0.457184
-1.05761
 1.15329
 1.23047
0.391577
-1.51915
 1.83786
0.457953
 -1.0572
 1.15277
 1.22995
0.391902
-1.51908
 1.83823
0.458665
-1.05683
 1.15225
 1.22945
 0.39221
-1.51896
 1.83853
0.459441
-1.05642
 1.15173
 1.22892
0.392499
-1.51892
 1.83893
0.460106
-1.05612
 1.15122
 1.22834
0.392797
-1.51881
 1.83918
0.460838
-1.05573
  1.1507
 1.22783
0.393096
-1.51878
 1.83938
0.461534
 -1.0553
 1.15018
 1.22734
0.393419
-1.51874
 1.83978
0.462173
-1.05513
 1.14964
 1.22681
0.393755
-1.51868
 1.84008
0.462867
-1.05488
 1.14913
 1.22626
0.394074
-1.51869
 1.84028
0.463566
-1.05459
 1.14861
 1.22577
0.394371
-1.51866
 1.84063
0.464303
-1.05444
 1.14808
 1.22526
0.394668
-1.51868
 1.84087
0.464981
-1.05412
 1.14758
 1.22472
0.394977
-1.51863
 1.84105
0.465774
-1.05377
 1.14706
 1.22421
0.395281
-1.51864
 1.84137
0.466465
-1.05352
 1.14653
 1.22372
0.395604
-1.51865
 1.84157
0.467154
 -1.0531
 1.14601
 1.22324
0.395931
-1.51858
 1.84192
0.467903
-1.05291
 1.14548
 1.22271
0.396237
-1.51858
 1.84212
0.468666
-1.05254
 1.14496
 1.22216
 0.39653
 -1.5185
 1.84228
0.469485
-1.05215
 1.14446
 1.22165
 0.39683
-1.51846
 1.84258
0.470226
-1.05181
 1.14397
 1.22114
0.397142
-1.51847
 1.84286
 0.47097
-1.05145
 1.14349
 1.22064
0.397408
-1.51845
 1.84309
0.471699
-1.05115
 1.14322
 1.22042
0.397515
-1.51849
 1.84317
0.472341
 -1.0508
 1.14312
 1.22042
0.397531
-1.51849
  1.8433
 0.47275
-1.05065
 1.14309
 1.22043
0.397525
-1.51847
 1.84339
0.472983
-1.05064
 1.14311
 1.22047
0.397516
-1.51843
  1.8434
0.473101
-1.05063
 1.14312
 1.22052
0.397504
-1.51838
 1.84338
0.473114
-1.05065
 1.14315
 1.22055
  0.3975
-1.51833
 1.84334
0.473084
-1.05067
 1.14318
 1.22056
0.397497
-1.51828
 1.84331
0.473027
-1.05069
 1.14322
 1.22058
0.397492
-1.51823
 1.84327
0.472938
-1.05072
 1.14328
 1.22063
0.397481
-1.51819
 1.84324
0.472818
-1.05077
 1.14336
 1.22068
0.397448
-1.51816
 1.84321
0.472689
-1.05081
 1.14343
 1.22074
0.397402
-1.51813
 1.84319
0.472556
-1.05086
  1.1435
 1.22079
0.397351
 -1.5181
 1.84318
0.472424
-1.05089
 1.14358
 1.22083
0.397296
-1.51808
 1.84317
0.472304
-1.05092
 1.14364
 1.22086
0.397242
-1.51807
 1.84316
0.472196
-1.05095
 1.14371
 1.22089
0.397197
-1.51807
 1.84315
  0.4721
-1.05098
 1.14376
 1.22092
0.397155
-1.51807
 1.84313
0.472013
  -1.051
 1.14382
 1.22095
0.397119
-1.51807
 1.84312
0.471933
-1.05102
 1.14388
 1.22097
0.397107
-1.51808
 1.84311
0.471858
-1.05103
 1.14392
 1.22099
0.397103
-1.51809
 1.84309
0.471797
-1.05104
 1.14393
 1.22101
0.397104
-1.51811
 1.84308
0.471748
-1.05106
 1.14394
 1.22103
0.397107
-1.51812
 1.84307
0.471714
-1.05107
 1.14395
 1.22105
 0.39711
-1.51813
 1.84306
 0.47169
-1.05108
 1.14395
 1.22107
0.397114
-1.51813
 1.84305
0.471675
-1.05109
 1.14394
 1.22107
0.397121
-1.51813
 1.84305
0.471668
-1.05111
 1.14394
 1.22107
0.397127
-1.51813
 1.84304
0.471671
-1.05112
 1.14393
 1.22107
0.397131
-1.51813
 1.84304
0.471682
-1.05113
 1.14392
 1.22107
0.397132
-1.51813
 1.84304
0.471699
-1.05115
 1.14391
 1.22107
0.397134
-1.51813
 1.84304
0.471721
-1.05116
 1.14391
 1.22107
0.397136
-1.51813
 1.84304
0.471745
-1.05117
 1.14391
 1.22106
0.397139
-1.51813
 1.84303
0.471768
-1.05118
  1.1439
 1.22105
0.397142
-1.51813
 1.84303
0.471783
-1.05118
  1.1439
 1.22105
0.397148
-1.51813
 1.84303
0.471789
-1.05118
 1.14388
 1.22104
0.397166
-1.51813
 1.84302
0.471794
-1.05117
 1.14385
 1.22103
0.397181
-1.51813
 1.84302
0.471802
-1.05116
 1.14382
 1.22103
0.397196
-1.51814
 1.84302
0.471814
-1.05116
 1.14379
 1.22103
 0.39721
-1.51814
 1.84301
0.471829
-1.05116
 1.14376
 1.22102
0.397222
-1.51814
 1.84301
0.471848
-1.05116
 1.14374
 1.22102
 0.39723
-1.51814
 1.84301
 0.47187
-1.05116
 1.14371
 1.22102
0.397236
-1.51814
 1.84301
0.471894
-1.05115
  1.1437
 1.22102
0.397239
-1.51814
 1.84301
0.471919
-1.05115
 1.14368
 1.22102
0.397243
-1.51814
 1.84301
0.471943
-1.05115
 1.14366
 1.22102
0.397245
-1.51814
 1.84301
0.471965
-1.05115
 1.14365
 1.22102
0.397247
-1.51814
 1.84301
0.471983
-1.05115
 1.14364
 1.22102
0.397249
-1.51814
 1.84301
0.471999
-1.05115
 1.14363
 1.22102
0.397251
-1.51814
   1.843
0.472013
-1.05115
 1.14361
 1.22102
0.397252
-1.51814
   1.843
0.472027
-1.05115
  1.1436
 1.22102
0.397254
-1.51814
   1.843
0.472039
-1.05115
  1.1436
 1.22102
0.397254
-1.51814
   1.843
0.472051
-1.05115
 1.14359
 1.22102
0.397256
-1.51814
   1.843
0.472064
-1.05115
 1.14359
 1.22102
0.397257
-1.51814
   1.843
0.472077
-1.05115
 1.14359
 1.22102
0.397257
-1.51814
   1.843
 0.47209
-1.05115
 1.14359
 1.22102
0.397259
-1.51814
   1.843
0.472102
-1.05115
 1.14359
 1.22102
0.397259
-1.51814
   1.843
0.472114
-1.05115
  1.1436
 1.22102
 0.39726
-1.51814
   1.843
0.472126
-1.05115
  1.1436
 1.22102
0.397261
-1.51814
   1.843
0.472137
-1.05115
  1.1436
 1.22102
0.397261
-1.51814
   1.843
0.472148
-1.05115
 1.14361
 1.22102
0.397263
-1.51814
   1.843
0.472156
-1.05115
 1.14361
 1.22102
0.397263
-1.51814
   1.843
0.472162
-1.05115
 1.14361
 1.22102
0.397264
-1.51814
   1.843
 0.47216
-1.05115
 1.14361
 1.22101
0.397264
-1.51814
   1.843
0.472155
-1.05115
 1.14362
 1.22101
0.397265
-1.51814
   1.843
 0.47215
-1.05115
 1.14363
 1.22101
0.397265
-1.51814
   1.843
0.472146
-1.05115
 1.14364
 1.22101
0.397266
-1.51814
   1.843
0.472144
-1.05115
 1.14364
 1.22101
0.397266
-1.51814
   1.843
0.472143
-1.05115
 1.14365
 1.22101
0.397266
-1.51814
 1.84299
 0.47214
-1.05115
 1.14365
 1.22101
0.397267
-1.51814
 1.84299
0.472139
-1.05115
 1.14365
 1.22101
0.397268
-1.51814
 1.84299
0.472138
-1.05115
 1.14366
 1.22101
0.397268
-1.51814
 1.84299
0.472138
-1.05115
 1.14366
 1.22101
0.397268
-1.51814
 1.84299
0.472139
-1.05115
 1.14366
 1.22101
0.397268
-1.51814
 1.84299
0.472139
-1.05115
 1.14366
 1.22101
0.397269
-1.51814
 1.84299
 0.47214
-1.05115
 1.14366
 1.22101
0.397269
-1.51814
 1.84299
0.472141
-1.05115
 1.14366
 1.22101
 0.39727
-1.51814
 1.84299
0.472141
-1.05115
 1.14366
 1.22101
 0.39727
-1.51814
 1.84299
0.472141
-1.05115
 1.14366
 1.22101
 0.39727
-1.51814
 1.84299
0.472141
-1.05115
 1.14366
 1.22101
0.397271
-1.51814
 1.84299
 0.47214
-1.05115
 1.14366
 1.22101
0.397271
-1.51814
 1.84299
 0.47214
-1.05115
 1.14366
 1.22101
0.397271
-1.51814
 1.84299
 0.47214
-1.05115
 1.14366
 1.22101
0.397272
-1.51814
 1.84299
0.472139
-1.05115
 1.14367
 1.22101
0.397272
-1.51814
 1.84299
0.472139
-1.05115
 1.14367
 1.22101
0.397272
-1.51814
 1.84299
0.472139
-1.05115
 1.14367
 1.22101
0.397273
-1.51814
 1.84299
0.472138
-1.05115
 1.14367
 1.22101
0.397273
-1.51814
 1.84299
0.472138
-1.05115
 1.14367
 1.22101
0.397273
-1.51814
 1.84299
0.472138
-1.05115
 1.14367
 1.22101
0.397273
-1.51814
 1.84299
0.472138
-1.05115
 1.14367
 1.22101
0.397274
-1.51814
 1.84299
0.472138
-1.05115
 1.14367
 1.22101
0.397274
-1.51814
 1.84299
0.472138
-1.05115
 1.14367
 1.22101
0.397274
-1.51814
 1.84299
0.472139
-1.05115
 1.14367
 1.22101
0.397275
-1.51814
 1.84299
0.472139
-1.05115
 1.14367
 1.22101
0.397275
-1.51814
 1.84299
 0.47214
-1.05115
 1.14367
 1.22101
0.397275
-1.51814
 1.84299
0.472141
-1.05115
 1.14367
 1.22101
0.397275
-1.51814
 1.84299
0.472141
-1.05115
 1.14367
 1.22101
0.397276
-1.51814
 1.84299
0.472141
-1.05115
 1.14367
 1.22101
0.397276
-1.51814
 1.84299
0.472141
-1.05115
 1.14367
 1.22101
0.397276
-1.51814
 1.84299
 0.47214
-1.05115
 1.14367
 1.22101
0.397276
-1.51814
 1.84299
 0.47214
-1.05115
 1.14367
 1.22101
0.397276
-1.51814
 1.84299
0.472139
-1.05115
 1.14367
 1.22101
0.397277
-1.51814
 1.84299
0.472138
-1.05115
 1.14367
 1.22101
0.397277
-1.51814
 1.84299
0.472138
-1.05115
 1.14367
 1.22101
0.397277
-1.51814
 1.84299
0.472138
-1.05114
 1.14367
 1.22101
0.397277
-1.51814
 1.84299
0.472138
-1.05114
 1.14367
 1.22101
0.397277
-1.51814
 1.84299
0.472138
-1.05114
 1.14367
 1.22101
0.397277
-1.51814
 1.84299
0.472138
-1.05114
 1.14367
 1.22101
0.397278
-1.51814
 1.84299
0.472138
-1.05114
 1.14367
 1.22101
0.397278
-1.51814
 1.84299
0.472139
-1.05114
 1.14367
 1.22101
0.397278
-1.51814
 1.84299
0.472139
-1.05115
 1.14367
 1.22101
0.397279
-1.51814
 1.84299
0.472139
-1.05115
 1.14367
 1.22101
0.397279
-1.51814
 1.84299
0.472139
-1.05115
 1.14367
 1.22101
0.397279
-1.51814
 1.84299
0.472139
-1.05115
 1.14367
 1.22101
0.397279
-1.51814
 1.84299
0.472139
-1.05115
 1.14367
 1.22101
0.397279
-1.51814
 1.84299
0.472139
-1.05115
 1.14367
 1.22101
0.397279
-1.51814
 1.84299
0.472139
-1.05115
 1.14367
 1.22101
 0.39728
-1.51814
 1.84299
0.472139
-1.05114
 1.14367
 1.22101
 0.39728
-1.51814
 1.84299
0.472139
-1.05114
 1.14367
 1.22101
 0.39728
-1.51814
 1.84299
0.472139
-1.05114
 1.14367
 1.22101
 0.39728
-1.51814
 1.84298
0.472139
-1.05114
 1.14367
 1.22101
 0.39728
-1.51814
 1.84298
0.472139
-1.05114
 1.14367
 1.22101
 0.39728
-1.51814
 1.84298
0.472138
-1.05114
 1.14367
 1.22101
 0.39728
-1.51814
 1.84298
0.472138
-1.05114
 1.14367
 1.22101
0.397281
-1.51814
 1.84298
0.472138
-1.05114
 1.14367
 1.22101
0.397281
-1.51814
 1.84298
0.472138
-1.05114
 1.14367
 1.22101
0.397281
-1.51814
 1.84299
0.472138
-1.05114
 1.14367
 1.22101
0.397281
-1.51814
 1.84299
0.472138
-1.05114
 1.14367
 1.22101
0.397281
-1.51814
 1.84298
0.472139
-1.05114
 1.14367
 1.22101
0.397282
-1.51814
 1.84298
0.472139
-1.05114
 1.14367
 1.22101
0.397282
-1.51814
 1.84298
0.472139
-1.05114
 1.14367
 1.22101
0.397282
-1.51814
 1.84298
 0.47214
-1.05114
 1.14367
 1.22101
0.397282
-1.51814
 1.84298
 0.47214
-1.05114
 1.14367
 1.22101
0.397282
