0
0
0
0
0
0
  0.0640523
 0.00729023
-0.00669647
-0.00611576
  0.0242198
-0.00714356
  0.123425
 0.0250437
-0.0572265
-0.0126011
 0.0501038
-0.0136033
  0.206108
-0.0417308
 0.0361357
-0.0166796
 0.0659713
-0.0221307
  0.178678
  0.161489
 -0.247961
 -0.025863
   0.10247
-0.0225438
  0.350366
 0.0162709
0.00419686
-0.0271147
   0.10691
-0.0307758
   0.31216
  0.132817
 -0.119249
-0.0333959
  0.132096
 -0.033423
   0.312445
   0.134734
-0.00961169
 -0.0360465
   0.142457
 -0.0387483
  0.488899
   0.16433
-0.0365496
-0.0401526
  0.158147
-0.0398687
  0.590384
  0.291278
  -0.23213
-0.0490139
  0.192539
-0.0406443
  0.325503
 0.0731682
  0.314759
-0.0444203
  0.171305
-0.0592276
  0.545752
  0.267645
 -0.138726
-0.0552184
  0.211811
-0.0522641
  0.468583
  0.230341
   0.18282
-0.0557394
   0.20577
-0.0570339
  0.454891
   0.49696
 -0.260546
-0.0655016
  0.235456
 -0.050279
   0.49216
  0.193101
   0.29226
-0.0635307
  0.208036
-0.0618188
  0.675759
  0.758319
  -0.54959
 -0.079161
  0.240802
-0.0317067
  0.259489
  0.134436
  0.310853
-0.0719244
  0.149202
-0.0560146
-0.0351793
 -0.804919
   1.82101
-0.0599165
 0.0254658
-0.0608911
-0.0636169
   1.59727
 -0.832472
-0.0986331
  0.123353
 0.0469873
 -0.361714
  0.496762
 -0.338128
-0.0961265
 0.0583403
0.00949714
   -1.2289
 -0.576032
   1.51312
-0.0734645
-0.0768493
-0.0438802
   -1.23031
  -0.869944
    2.46991
 -0.0655604
  -0.141337
-0.00530015
-0.347621
  3.54658
 -4.14302
-0.152679
 0.191737
  0.14855
  -1.06575
  0.713987
  -2.13341
 -0.124217
 0.0441835
0.00330357
   -1.6983
  -2.33642
   3.50166
-0.0529274
 -0.269312
-0.0659453
   -1.2032
    1.2524
 -0.470815
 -0.101453
-0.0820283
 0.0527688
  -1.93952
  -1.48251
    1.6998
-0.0736913
 -0.216642
-0.0486865
  -1.16106
  0.548655
  -1.05132
 -0.109075
-0.0816875
 0.0527846
  -1.44173
  0.369831
   -1.3921
 -0.111863
-0.0838093
 0.0185514
  -1.63234
 -0.663955
 -0.999458
 -0.108451
 -0.111867
-0.0068877
 -1.45793
 0.270817
  -1.4553
-0.108761
-0.118884
0.0253761
  -1.92773
  -1.06702
   1.05801
-0.0734797
 -0.271674
-0.0171329
   -1.8283
 -0.612027
  0.902045
-0.0743112
 -0.274246
 0.0145283
    -1.3391
    1.35577
   -4.03621
  -0.142517
-0.00396639
  0.0894552
  -1.42445
   1.46739
  -3.84604
 -0.130545
-0.0606351
 0.0628711
  -2.72664
  -2.63949
   3.13071
-0.0378043
 -0.450625
-0.0619531
  -2.33194
  0.352139
  0.563207
-0.0668907
 -0.331713
 0.0594673
    -2.842
  -1.37221
   1.91176
-0.0480907
 -0.419922
0.00343746
  -2.26738
   0.84396
  -1.87167
-0.0989792
 -0.217244
 0.0872063
  -2.49428
 -0.456257
 -0.611325
-0.0781003
 -0.313116
 0.0267434
    -3.325
  -2.26112
    2.9882
-0.0320057
   -0.5087
-0.0180337
 -2.16299
  2.41408
 -3.72672
-0.118302
 -0.15427
 0.166054
 -2.70569
 0.735013
 -2.67629
-0.101167
-0.236069
0.0856786
   -3.73659
   -2.09552
    3.71169
 -0.0149949
   -0.59423
-0.00801463
  -3.1207
  1.73448
 -2.07701
 -0.09476
-0.269315
 0.140178
  -3.33629
 -0.441217
  -1.08409
-0.0822236
 -0.335535
 0.0281943
  -3.25126
  -1.19613
  0.510895
-0.0606993
 -0.430358
 0.0135743
  -3.18232
 -0.373553
   1.71477
-0.0434584
 -0.502844
 0.0749975
  -1.9081
  2.71201
 -4.94447
-0.131812
-0.147908
 0.164883
 -2.68719
  0.27656
 -3.72372
 -0.11499
 -0.23475
0.0295953
  -3.50298
  -2.35668
     1.424
-0.0476987
 -0.520762
-0.0442297
  -3.42447
 0.0220562
  0.812793
-0.0511743
 -0.506435
 0.0552813
  -3.20342
 0.0430153
  0.492766
-0.0510568
 -0.516256
 0.0465298
  -3.98067
  -2.40496
   2.77996
-0.0279238
 -0.628159
 -0.050958
 -3.05239
   1.0702
 -3.38121
-0.115274
-0.277914
0.0765778
 -2.87685
 0.382413
 -2.89335
  -0.1036
-0.338158
0.0317935
  -3.94092
  -1.50008
  0.880244
-0.0557416
 -0.544549
-0.0311155
  -3.75076
 0.0150681
 0.0540406
-0.0642463
 -0.513953
 0.0311835
  -4.22737
    -1.796
   2.69202
-0.0303599
 -0.665042
-0.0228258
 -3.22862
 0.591801
 -3.02004
-0.113914
-0.332616
0.0620695
 -3.40559
 0.270245
 -3.77237
-0.125041
-0.299698
0.0298591
  -3.80177
  -0.44493
  -1.54374
-0.0939009
 -0.436301
 0.0108123
  -3.89038
 -0.442686
  -1.12234
-0.0874256
 -0.471378
0.00945925
   -4.17356
  -0.853037
   0.331199
 -0.0683048
  -0.557559
-0.00255718
   -4.11778
   -1.40341
    1.19971
 -0.0618532
  -0.592741
-0.00552945
  -3.3636
 0.643722
 -3.79362
-0.132785
-0.312513
0.0537212
 -3.41072
 0.241034
 -3.20839
-0.122573
-0.363632
0.0195929
  -4.00813
  -1.61077
   1.18191
-0.0641897
 -0.608232
-0.0243215
  -3.78987
-0.0610291
 -0.311148
-0.0825154
 -0.536057
 0.0274525
  -4.46613
  -3.36206
   3.76233
-0.0341235
 -0.745503
-0.0822808
 -3.26104
  1.07078
 -3.88308
-0.142959
-0.301979
0.0895596
 -3.25282
  0.87125
  -5.0064
-0.157108
-0.253603
0.0549061
  -3.94147
  -1.67032
 0.0366085
-0.0914179
 -0.529293
-0.0267432
 -3.86988
 0.112077
 -2.16393
-0.124794
-0.397015
0.0444063
  -3.99543
  -1.15068
 -0.022231
-0.0977418
 -0.516679
0.00842699
 -3.19502
  1.64872
 -5.71011
-0.178804
-0.192445
0.0933196
  -3.84547
 -0.985363
  -1.81661
 -0.125048
 -0.423766
-0.0283492
  -4.02241
-0.0201443
  -2.61931
 -0.137589
 -0.378821
 0.0135897
  -4.27002
  -1.88906
   1.55209
-0.0787968
 -0.626495
-0.0501715
   -4.5669
  -2.60364
    4.4099
-0.0422003
 -0.779693
-0.0598389
  -3.7149
  1.08137
 -4.75183
-0.173833
 -0.25022
0.0568528
 -3.51878
 0.598434
  -6.4948
 -0.19631
-0.170714
0.0093576
  -4.21676
  -1.06217
  -1.40714
 -0.123892
 -0.469726
-0.0587879
  -4.29774
    -2.785
   2.37015
-0.0712137
 -0.688494
-0.0949659
  -4.56318
  -2.54078
   3.66443
-0.0582779
 -0.742349
-0.0632825
 -2.95296
 0.974763
 -5.55727
-0.186111
-0.226399
0.0429954
  -2.92509
  0.999941
  -6.98264
 -0.201867
 -0.170232
0.00602093
  -4.11609
  -2.55731
   2.19854
-0.0770957
 -0.682327
-0.0943799
   -3.85221
  -0.579143
   -0.78352
   -0.12067
  -0.504898
-0.00631533
  -4.63682
  -1.54762
  0.765012
-0.0993192
 -0.599688
-0.0610225
  -4.41293
 -0.609368
  -2.22462
 -0.148053
 -0.407336
-0.0184852
 -3.87762
 0.761305
 -4.60978
-0.179489
-0.282365
0.0403161
  -4.82771
  -1.41642
 -0.353117
 -0.121413
 -0.525868
-0.0508419
 -4.41294
0.0511719
 -1.80387
-0.141123
-0.446031
0.0141453
  -4.85566
  -2.21607
   1.02646
 -0.108159
 -0.589828
-0.0537949
 -3.85723
 0.763248
 -3.83368
-0.176358
-0.312404
0.0345229
 -4.94759
 -2.03731
 0.135395
-0.122774
-0.538373
-0.078308
 -5.65951
 0.128035
 -1.83316
-0.150009
 -0.42415
0.0149547
  -3.61076
-0.0423535
  -1.05547
 -0.132325
 -0.494499
  0.033706
 -3.28084
 -2.41894
 0.831657
-0.111088
-0.588665
-0.066896
   -5.5676
  -1.25158
  0.755436
 -0.116111
 -0.567033
-0.0288911
 -4.63186
  1.84528
 -4.52936
-0.186186
-0.276523
0.0936009
 -4.75835
 0.218015
 -3.21943
-0.166072
-0.364894
0.0143554
  -5.10049
  -1.74482
    1.6271
-0.0971547
 -0.647349
-0.0515191
  -4.96515
  -1.84555
    2.4285
-0.0893203
 -0.678142
-0.0368972
  -4.54552
 -0.737136
  0.578396
  -0.11829
 -0.559802
0.00693829
 -3.59713
  1.68982
 -6.22028
-0.212892
-0.178211
  0.06086
  -3.96296
 -0.409906
   -3.2637
 -0.171941
 -0.349898
-0.0396271
  -4.71277
 -0.840641
 -0.609221
 -0.136172
 -0.493206
-0.0402268
  -5.23546
  -2.07643
   1.24193
 -0.112108
 -0.592483
-0.0849184
  -4.58255
 -0.503448
  -2.02684
 -0.156265
 -0.411727
-0.0381836
 -5.19518
 -2.76327
 0.588206
-0.122869
-0.552988
-0.133683
 -5.34095
 -2.81556
  1.37391
-0.116935
-0.576281
 -0.12186
  -4.95621
  -0.76235
  -2.93152
 -0.178025
 -0.326315
-0.0519554
 -4.03699
  1.48845
 -6.80296
-0.226053
-0.128092
0.0266845
 -5.26315
 -2.25183
 0.408038
-0.129442
-0.525134
-0.105644
   -4.77584
   0.294439
   -3.66061
  -0.184759
  -0.295976
-0.00905256
 -5.44185
 -2.55074
 0.065865
-0.133905
-0.508585
-0.110678
  -4.92309
 -0.220116
   -2.6604
 -0.171372
 -0.350442
-0.0157188
  -6.99237
  -1.88698
  0.607372
 -0.126147
 -0.536395
-0.0992447
 -4.05923
 -2.70784
   1.5191
-0.112305
-0.588979
-0.053967
  -3.84136
 -0.581857
  -4.92607
 -0.208995
 -0.197517
-0.0321462
 -3.97337
  1.14941
 -7.61142
-0.237875
-0.076747
0.0233438
 -5.69535
 -2.55277
-0.467763
-0.142179
-0.468053
-0.101722
   -5.4375
  -0.50175
  -2.71398
 -0.169002
 -0.351762
-0.0120233
  -6.15184
  -2.07828
 -0.205418
  -0.13222
 -0.504078
-0.0756498
  -5.80907
  -1.83346
  -1.11139
 -0.145021
 -0.451949
-0.0653502
  -6.28181
  -2.34702
-0.0825325
   -0.1328
 -0.502982
-0.0755631
 -5.25636
 0.175182
 -2.90364
-0.166016
-0.363625
 0.022574
  -5.89786
   -1.9817
-0.0995725
 -0.126418
 -0.529056
-0.0623848
  -6.25654
  -1.99405
 -0.334735
 -0.132051
 -0.507734
-0.0464018
 -5.70846
 -1.57846
-0.564755
-0.136095
-0.490293
-0.016471
  -5.85022
-0.0765169
  -4.09617
 -0.187072
 -0.283347
 0.0271569
 -6.40491
 0.609206
 -5.57273
-0.202349
-0.224283
0.0308037
  -5.57057
  -3.57873
   1.26547
 -0.111497
 -0.600666
-0.0795911
  -4.46505
  -1.72959
  -2.57604
 -0.164518
  -0.38745
-0.0210897
  -7.44163
  -2.42896
-0.0271496
 -0.132513
 -0.524381
-0.0721867
 -6.62729
-0.969105
  -1.7801
-0.154989
-0.432048
 0.025859
  -6.92032
   -2.5765
 -0.548837
 -0.141259
 -0.496992
-0.0312342
  -6.98484
  -2.32796
 -0.277659
 -0.138678
 -0.512116
-0.0139647
 -6.26831
-0.557148
 -1.80128
-0.155572
-0.441963
0.0718582
 -6.81574
 -1.51933
 -1.96731
-0.165117
-0.412743
0.0351031
 -6.44685
 -0.52892
 -3.36585
-0.182883
-0.344378
0.0701484
    -7.40135
    -2.45746
     -1.4662
   -0.161103
   -0.443155
-0.000797949
 -7.34352
 -1.18228
 -2.77888
-0.178691
-0.373223
0.0485666
 -8.73431
 -1.90123
 -1.93548
-0.168392
-0.423141
0.0108526
 -6.80437
 -2.43439
 -1.86531
-0.168785
-0.427173
0.0390215
 -7.00089
 -1.97925
 -3.32872
-0.189514
-0.352398
0.0103687
 -8.55792
 -3.07029
 -1.34092
-0.165735
-0.456963
-0.013232
 -7.79238
 -1.59924
 -3.27187
-0.190335
-0.359849
0.0467325
  -8.42313
  -3.25395
 -0.680944
 -0.156575
 -0.505573
-0.0145292
 -7.98085
-0.780263
 -4.66123
-0.212021
-0.281393
0.0806803
 -8.65865
 -1.84714
 -3.24373
  -0.1878
-0.386972
0.0181782
  -10.0389
  -4.49445
   3.59404
-0.0957766
 -0.765135
 -0.043758
 -11.3119
 -2.51375
 0.578244
-0.141412
-0.580853
0.0171816
 -8.78415
 -1.38012
 -3.74759
-0.199427
-0.346112
0.0868772
  -6.8501
 -2.19386
 -2.47802
-0.175936
-0.444456
0.0572764
   -9.7104
  -3.46535
-0.0334499
  -0.14624
 -0.573232
-0.0115537
 -10.0187
 -2.24729
  -1.8007
-0.171796
-0.467298
0.0558586
  -10.6489
  -3.92871
  0.394312
 -0.142513
 -0.589378
0.00733788
 -9.96389
 -1.43214
 -3.37367
-0.190921
-0.388952
 0.100948
   -10.47
 -2.27246
 -2.62364
-0.178468
-0.442438
0.0596007
 -10.7904
 -2.08091
 -3.11633
-0.185242
-0.414077
0.0725197
 -12.9106
 -3.27543
  1.53068
-0.114461
-0.701091
0.0305218
  -11.4984
  -5.13305
   5.35305
-0.0630578
 -0.906833
 0.0398973
 -9.75327
-0.705784
 -4.30331
 -0.19571
-0.362626
  0.15465
 -12.3895
  -4.1589
 0.522106
-0.128455
-0.640947
0.0200647
 -11.2907
 -1.96525
 -2.20217
-0.164104
-0.484581
  0.13873
 -12.1133
 -1.79835
 -3.89819
-0.186345
-0.393883
 0.118029
 -13.0592
 -3.85864
 0.549476
-0.117313
-0.673076
0.0640427
   -14.3655
   -6.50855
    5.41257
 -0.0545175
  -0.928787
-0.00908682
 -14.6391
 -0.71524
  -4.8456
-0.195925
-0.344041
 0.176874
 -13.8909
 -4.82925
 0.130131
-0.123456
-0.645352
0.0679418
 -10.8106
 -2.62477
 -3.43347
 -0.16747
-0.459487
 0.151504
  -15.2923
  -5.69764
   3.65093
-0.0686592
 -0.867304
  0.025662
 -14.6597
 -2.46868
 -1.27741
-0.141398
-0.563553
 0.188939
 -15.5624
 -4.55801
 0.460351
-0.114874
 -0.67825
0.0938681
 -15.2401
 -1.40823
  -5.1871
-0.191796
-0.362398
  0.20067
   -19.549
  -5.88058
   2.69348
-0.0854092
 -0.805248
 0.0384231
 -15.7881
 -2.47902
-0.865432
-0.129311
-0.613212
 0.247652
 -15.4499
 -5.40064
 0.330797
-0.113082
-0.691962
 0.100884
 -17.5144
 -3.19088
 -4.43303
-0.182222
-0.413227
 0.140755
  -19.8277
  -7.14946
   2.85548
-0.0790764
 -0.839457
 0.0339587
  -19.6469
  -5.42324
   1.72438
-0.0943934
 -0.771089
  0.129282
 -19.7394
 -5.09744
-0.218055
-0.116647
-0.682966
 0.136948
 -22.7079
 -6.11692
 0.956475
-0.104064
-0.739613
0.0796185
 -20.6136
 -5.55594
-0.592455
-0.123499
-0.655524
 0.177469
 -18.2642
 -3.61134
 -4.38277
-0.167925
-0.471617
 0.236648
  -22.7078
  -7.55641
   2.67903
-0.0717949
  -0.87147
 0.0646062
  -24.5894
  -8.05363
   4.15386
-0.0580291
 -0.924335
  0.120413
 -23.7182
 -4.73287
 -2.41708
-0.145015
-0.563507
 0.227307
 -27.4381
 -7.85384
 -0.08696
-0.120454
-0.674599
0.0989984
 -25.3365
 -5.62779
 -2.88162
 -0.15305
-0.529893
 0.260896
 -24.2203
 -6.55097
 -2.92923
-0.147164
 -0.55404
 0.225727
 -27.9359
 -8.27718
 -0.29226
-0.112468
 -0.69977
 0.166207
 -28.8716
 -7.26981
 -1.53687
-0.125492
-0.642412
 0.230282
  -31.1539
  -11.8034
   5.25245
-0.0321957
  -1.03149
  0.110999
 -30.6376
   -7.259
 -3.63294
-0.157529
-0.514742
 0.290057
 -32.8676
 -5.96104
 -6.96218
-0.194966
-0.364261
   0.3103
  -34.3738
  -11.1764
   2.57088
-0.0603786
 -0.919608
  0.206739
  -32.5583
  -10.7071
   1.83086
-0.0637386
  -0.90117
  0.259533
  -36.7307
  -11.0031
   1.70874
-0.0665765
 -0.892166
  0.240684
 -38.2538
 -10.9998
-0.972015
-0.105768
-0.730798
 0.290677
  -39.348
 -11.4191
 -1.05976
-0.106169
-0.726015
 0.302218
 -41.1061
 -7.74379
 -8.15105
-0.199842
-0.335974
 0.400265
  -42.6172
  -14.2632
   2.45847
-0.0461317
 -0.967068
  0.263132
 -40.9621
  -13.257
 0.204661
-0.075918
 -0.83515
 0.357457
  -44.6258
  -14.1686
  0.898196
-0.0652203
 -0.879401
  0.326563
 -46.7175
 -13.5187
 -2.48026
-0.110476
-0.689008
 0.397164
  -49.0314
  -15.6317
   1.61079
-0.0501107
 -0.930429
  0.385843
 -51.2954
 -11.9721
 -6.10526
-0.150353
-0.512165
 0.530205
  -54.3697
  -18.1658
   3.59416
-0.0137816
  -1.07187
  0.422169
 -52.6636
 -15.5444
 -2.65807
-0.100084
-0.707549
 0.556277
  -58.0602
    -17.68
   1.01069
-0.0439886
 -0.939853
  0.437368
 -58.7941
 -14.8947
  -4.3173
-0.116118
-0.632962
 0.577736
  -61.1039
   -19.234
   2.85735
-0.0147067
  -1.05304
  0.415429
  -62.1958
  -15.9633
  -2.91921
-0.0957317
 -0.714347
  0.511275
   -60.566
  -17.6437
   1.17368
-0.0306155
 -0.979292
  0.482628
  -56.4674
  -15.9081
  -3.08552
-0.0897536
 -0.736593
   0.51199
  -58.4223
  -16.0867
    -1.074
-0.0573635
 -0.875392
  0.419508
-59.2933
-18.4314
 4.87984
0.016556
-1.18197
0.360893
 -55.9547
 -14.0176
 -2.51677
-0.084073
-0.765074
  0.47297
 -57.5732
 -15.6768
  1.56931
-0.029258
-0.999412
 0.328107
    -52.92
  -12.9435
  -3.07007
-0.0969517
 -0.717429
  0.451173
  -50.1787
  -14.0994
  0.146736
-0.0505662
 -0.912114
  0.346025
    -51.368
   -15.0115
    3.70626
-0.00808572
   -1.09206
   0.258359
  -49.5166
   -12.353
   -1.6901
-0.0944584
 -0.739409
  0.317302
 -46.3365
 -10.3219
 -4.89408
-0.139612
-0.555163
 0.349363
  -47.0072
  -11.7434
  0.450119
-0.0650934
 -0.866359
  0.236417
 -43.3422
 -11.9888
  2.93659
 -0.03489
-0.987101
 0.255114
  -39.1026
  -11.0294
   1.05782
-0.0641205
 -0.871472
  0.251433
  -40.7254
  -12.4537
   4.19684
-0.0333498
  -1.00785
  0.128244
 -37.7985
 -7.75608
 -3.21241
-0.140813
-0.564334
 0.283882
 -37.1721
 -6.74537
 -3.83017
-0.146261
-0.544051
 0.264992
  -38.4814
   -9.1421
   2.07167
-0.0697641
 -0.862911
  0.168344
  -34.8147
  -7.45598
  0.355045
-0.0932116
 -0.765948
  0.237052
  -32.9442
  -8.36709
   2.30528
-0.0675519
 -0.875021
  0.177243
   -35.294
  -8.98421
   3.69624
-0.0571028
 -0.924549
 0.0845751
 -34.3641
  -7.6361
 0.170881
-0.114678
-0.692425
 0.125512
  -32.404
 -6.23456
 -1.89859
-0.142338
-0.580268
 0.148881
  -32.5496
  -7.06323
    2.0877
-0.0852476
 -0.813139
 0.0999845
 -31.3254
 -4.31863
 -2.28549
-0.148913
 -0.55112
 0.188665
 -29.1707
 -6.48993
  2.17042
-0.084425
-0.812716
 0.125093
  -28.8854
  -8.14042
   4.31905
-0.0559692
 -0.933385
 0.0246361
  -29.5958
  -6.51146
   2.31094
-0.0935383
 -0.779408
  0.080235
 -26.6992
  -2.4163
 -5.18997
-0.193641
-0.366565
 0.207208
 -28.2227
  -4.6538
 -1.38464
-0.134783
-0.610916
0.0626925
  -29.5279
  -6.95296
    5.3664
-0.0424748
 -0.984941
 0.0190701
 -25.0485
 -5.76312
  3.97929
-0.063385
-0.892751
 0.102867
 -22.8251
 -3.28997
 -2.84124
-0.158057
-0.507948
 0.113568
 -25.5156
 -4.25941
-0.293603
-0.118506
-0.670453
0.0355027
  -25.1741
  -5.32869
   3.14136
-0.0722937
 -0.855824
 0.0346857
  -25.2534
   -5.3369
   4.14961
-0.0577098
 -0.913775
0.00568001
 -25.4111
 -4.81841
  3.44461
-0.070469
-0.860765
0.0280518
  -21.134
 -2.17088
 -2.77483
-0.155642
-0.508996
 0.114956
 -20.7763
 -3.81515
-0.653546
-0.120204
-0.655144
0.0124073
  -23.9575
  -5.55902
   4.75865
-0.0478616
 -0.948502
-0.0390652
 -22.4209
 -2.36502
 0.850316
-0.100209
-0.725307
0.0779815
  -22.6296
  -5.57913
   5.20533
-0.0401521
 -0.975961
-0.0367274
 -20.8387
 -2.30793
 -1.41535
-0.134173
-0.590417
0.0482575
 -22.2345
 -1.38653
 -2.24349
-0.141444
-0.560434
0.0433219
  -21.0252
  -3.93916
   3.90211
-0.0530929
 -0.919169
 0.0185036
  -18.4188
  -4.46519
   5.09962
-0.0369931
 -0.982442
0.00431313
  -19.5251
  -3.26172
   3.47915
-0.0608747
 -0.884777
0.00717397
  -18.399
-0.940613
 -2.67433
-0.146488
-0.535223
0.0764321
  -19.3563
  -3.41583
   2.01247
-0.0808723
 -0.806167
-0.0203156
  -19.6124
  -3.86516
   4.62651
-0.0466759
 -0.945934
-0.0077575
  -19.606
-0.947735
 0.186499
-0.107004
-0.698261
0.0707149
  -17.2527
   -2.9891
   2.33509
-0.0746324
 -0.833179
 0.0222021
  -16.1854
  -5.17783
   6.26622
  -0.02185
  -1.05159
-0.0454527
 -17.2382
 -1.99899
 0.468926
-0.106737
-0.703493
0.0277033
 -15.5038
 0.861571
  -4.7853
 -0.17444
-0.420778
 0.134271
   -17.0639
   -3.02593
    2.69858
 -0.0648616
  -0.870226
-0.00523555
  -17.6193
  -2.92049
   3.16223
-0.0618702
 -0.880537
0.00335206
  -18.9083
  -2.67378
    3.7103
-0.0530619
 -0.913352
 0.0124901
  -15.0435
  -1.10706
  0.650057
-0.0926915
 -0.744151
  0.103177
  -14.4486
  -4.53426
   5.79566
-0.0208069
  -1.03999
-0.0348546
  -15.6055
  -1.90084
  0.993657
-0.0919775
  -0.74474
 0.0210014
 -14.4427
  1.29942
 -3.96454
-0.157337
-0.466024
 0.154748
  -15.6328
  -2.60818
   2.87534
-0.0577526
 -0.874791
 0.0057872
  -15.8332
  -2.99031
   4.45096
-0.0384484
 -0.949976
0.00454931
  -14.8883
  -1.27592
   2.47185
-0.0639261
 -0.836823
  0.071915
  -17.1858
  -3.72391
   6.52971
-0.0106686
  -1.05716
-0.0242052
 -12.4602
 0.614616
 -1.07183
-0.114503
 -0.62009
 0.147586
 -10.2354
-0.576522
 -1.70443
-0.120387
-0.597394
0.0866597
  -14.3412
   -3.5988
   4.95769
-0.0299607
 -0.969452
-0.0482507
  -13.1411
  0.052387
   1.25578
-0.0789041
 -0.754652
  0.120765
  -13.3762
  -1.81543
   2.81099
-0.0564304
 -0.848956
  0.043001
   -12.255
  -1.12164
   1.17065
-0.0778436
 -0.758768
 0.0542921
  -13.6725
  -3.64222
   5.13396
-0.0284133
 -0.964323
-0.0377081
 -12.3489
-0.236206
 -0.61175
-0.109591
-0.625908
0.0848209
 -12.1496
  2.39953
 -4.85589
-0.161232
-0.411778
  0.14306
   -12.105
  -2.65027
    3.8867
-0.0394966
 -0.914872
 0.0127614
 -11.0645
-0.230364
 0.692173
-0.082684
-0.734565
0.0638062
   -13.5186
   -2.10478
    3.92183
 -0.0363873
  -0.928758
-0.00948411
   -13.0791
    -2.0674
    4.39128
 -0.0299016
   -0.95379
0.000307283
  -14.257
 -3.83127
     8.31
0.0232415
  -1.1727
 -0.04942
  -11.5495
   0.16001
 -0.374134
-0.0978109
 -0.673191
 0.0751484
 -11.5023
 0.602806
 -2.02138
-0.118944
-0.586901
0.0777514
   -13.078
 -0.667422
   2.43816
-0.0522345
 -0.859931
 0.0423976
  -14.6739
 -0.886618
    3.8166
-0.0337613
 -0.936833
 0.0377493
  -11.2147
 0.0328512
   1.42565
-0.0657154
 -0.804413
   0.09125
  -10.6728
  -2.99905
    4.3823
-0.0280456
 -0.967639
-0.0239138
  -13.0158
  -1.60347
   4.88741
-0.0198479
 -0.997957
 0.0059838
  -12.0623
  0.817312
-0.0173688
-0.0892534
 -0.709651
  0.107933
 -11.5034
 0.962182
 -2.12546
-0.115802
-0.604279
0.0780399
   -14.506
  -3.79197
   6.84161
0.00766663
   -1.1186
-0.0787309
 -13.4267
 -1.72344
  5.11277
-0.020124
-0.998836
0.0297168
  -13.0773
  -1.80652
    4.8262
-0.0274828
 -0.968461
 0.0299937
 -12.2769
-0.165176
-0.691124
-0.108037
-0.641879
0.0503886
 -11.4832
  1.45629
 -3.41561
-0.139992
-0.509752
 0.102147
  -15.6068
  -2.42362
    5.5382
-0.0193457
  -1.00664
-0.0132658
  -12.4233
-0.0146014
  0.850092
-0.0868366
 -0.724238
 0.0968918
  -11.0871
 -0.903136
  0.856024
-0.0821609
 -0.746794
 0.0478623
    -15.4769
    -4.18309
     7.15659
-7.86789e-05
    -1.08829
  -0.0840474
 -13.6967
 0.192394
-0.332444
-0.106302
-0.642987
0.0837832
 -13.7012
-0.547018
-0.648818
-0.106685
-0.642668
0.0453327
  -14.0611
  -1.84029
   3.09243
-0.0503071
 -0.870496
 0.0197618
  -13.7516
  -2.13202
   4.84353
-0.0262134
  -0.96532
 0.0275993
  -13.1198
  -1.04454
   1.43098
-0.0759137
 -0.760514
 0.0498575
 -12.1952
 0.174509
 -1.26319
-0.111271
-0.612651
0.0922759
 -12.6327
 -1.25592
  2.38204
-0.054712
-0.841954
0.0499293
   -14.4849
   -2.77492
    5.79401
-0.00736601
    -1.0353
-0.00530863
  -16.2442
  -1.61513
   5.16743
-0.0172474
 -0.990455
 0.0451666
  -12.109
  1.01651
 -1.18595
-0.101659
-0.638008
 0.147235
    -11.4538
    -2.02089
    0.694194
  -0.0763301
   -0.748593
-0.000140387
  -14.7064
  -2.20606
   4.28706
-0.0234285
 -0.959609
0.00467136
  -14.2467
  -1.13009
   3.70027
-0.0314784
 -0.916895
 0.0767461
  -13.7705
 -0.780891
 0.0409884
-0.0834306
 -0.706232
  0.050058
  -13.6014
  -1.08147
  0.239113
-0.0755649
 -0.738748
 0.0330825
  -14.7477
  -2.18001
   3.30724
-0.0355126
  -0.90133
 0.0164752
  -13.948
 0.674074
 -1.95653
-0.104796
 -0.61158
0.0889818
   -15.7481
   -2.68221
    4.98889
-0.00299373
   -1.03167
-0.00194447
 -15.1046
 -1.81268
  4.00573
-0.019466
-0.961399
0.0360938
 -13.2269
  1.09448
 -3.64256
-0.122884
-0.536409
0.0976377
   -16.0016
   -2.83509
    4.26712
-0.00737366
   -1.01555
 -0.0424755
  -15.3625
  -1.32814
   3.23119
-0.0213777
 -0.952608
 0.0226458
  -16.1368
  -2.89256
   5.55286
  0.011343
  -1.08804
-0.0210215
  -15.7611
 -0.219097
  -1.25637
-0.0797912
  -0.71296
 0.0222486
  -16.0074
   -3.2785
   5.06037
 0.0139279
  -1.09624
-0.0474444
 -15.2194
 -3.59565
  7.45154
0.0450773
 -1.22002
-0.015588
   -15.552
 -0.711127
   0.56853
-0.0501921
 -0.828527
 0.0373817
  -16.102
 -2.12264
  3.59473
-0.010194
-0.991101
0.0243277
 -14.2544
 0.803388
 -3.45885
-0.107076
-0.592277
 0.101935
  -16.3919
  -1.46508
   1.46546
-0.0328729
 -0.899778
  0.030028
 -17.2763
 -1.56942
  4.74016
0.0113276
  -1.0766
0.0680881
  -16.5611
  0.422987
  0.212217
-0.0468644
 -0.837626
  0.112579
  -18.2198
  -3.19335
   5.19802
 0.0176973
  -1.11206
-0.0123848
  -16.3681
  0.184132
  -1.30859
-0.0710645
 -0.745713
 0.0818653
   -18.5576
   -2.34191
    2.77512
-0.00953377
   -1.00388
 -0.0216673
   -19.631
  -3.91005
   7.97284
 0.0607851
  -1.29167
-0.0306091
   -18.4859
   -2.18685
     2.8191
-0.00939401
   -1.00689
-0.00401258
  -19.8567
   -4.7357
    7.5717
 0.0513195
  -1.26104
-0.0581757
 -17.2562
-0.250201
 -1.09458
-0.071189
-0.754042
0.0808711
 -18.9199
 -2.79755
  2.04699
-0.030911
-0.925557
0.0016677
  -17.5117
 -0.322294
  -2.33161
-0.0909407
 -0.677056
 0.0926862
  -19.4235
  -2.04553
   2.41052
-0.0205322
 -0.967632
 0.0352255
  -19.3966
  -1.57344
   1.92117
-0.0299716
 -0.929631
  0.078067
 -20.5556
 -3.39352
  5.93708
0.0226067
  -1.1498
 0.032932
  -18.8209
 -0.782036
 0.0254445
-0.0612013
 -0.807345
  0.109496
  -19.3272
  -1.17537
  0.557593
-0.0527346
 -0.845707
 0.0797047
  -21.0979
  -1.30316
  -0.38718
-0.0655443
 -0.799586
 0.0478219
 -20.5364
 -3.24328
   5.7944
0.0238438
 -1.16527
0.0557838
   -18.304
  -2.24971
   2.22425
-0.0251782
 -0.967978
 0.0412688
  -22.0228
  -4.89112
   6.80556
 0.0348896
  -1.22152
-0.0518431
   -20.055
  -1.46594
 -0.323976
-0.0667368
 -0.803789
 0.0641723
  -20.0168
  -2.34316
-0.0820956
-0.0619566
  -0.82949
0.00436268
  -21.4871
  -3.77761
   3.52896
-0.0122264
  -1.03617
-0.0256075
  -20.7821
  -1.75851
  0.997465
-0.0441735
 -0.902838
 0.0553493
   -23.085
  -5.05271
   7.33703
 0.0404074
  -1.25704
-0.0478585
 -20.8281
 -1.14317
 -2.00912
-0.094879
-0.702878
0.0671694
 -20.8248
-0.779866
 -3.87641
-0.114335
-0.628075
0.0577585
   -23.373
  -3.88757
    4.6949
0.00816367
  -1.13287
-0.0136202
 -23.6631
 -4.02239
  6.96152
0.0389919
 -1.25646
0.0171417
  -21.9264
  -1.62908
  -0.26855
-0.0634317
 -0.839224
 0.0698693
  -22.7783
  -3.36541
   2.41637
-0.0258573
 -0.997892
 0.0121167
  -22.1872
  -2.56258
   1.61451
-0.0361452
 -0.954486
 0.0462751
  -21.7155
  -1.35774
  -1.45087
-0.0759848
 -0.791087
 0.0690797
 -23.3397
 -3.68387
  4.47864
0.0107971
 -1.14875
0.0264702
 -23.1361
 -3.94188
  5.47588
0.0233006
 -1.20038
0.0203156
  -22.6877
  -3.22955
   1.27308
-0.0394235
 -0.947414
 0.0168003
  -23.4586
  -3.60765
   2.91192
-0.0144853
  -1.04942
 0.0248903
 -23.0107
 -2.47822
  1.55215
-0.030281
-0.982103
0.0634888
  -23.7722
   -3.1039
   2.53614
-0.0174436
  -1.03613
 0.0499883
   -23.948
  -2.53604
   1.72406
-0.0291694
 -0.987974
 0.0740657
  -23.4612
   -1.2788
   -1.4213
-0.0709903
 -0.817145
  0.104838
 -25.2013
  -3.8505
  4.52893
0.0148323
 -1.17191
0.0302693
 -25.7151
 -4.30693
  7.28867
0.0521173
 -1.32281
0.0493733
  -23.9753
  -2.14452
   1.66624
-0.0272549
 -0.997393
  0.105305
  -24.5855
  -2.94713
   2.03902
-0.0231409
  -1.01894
 0.0660236
  -23.7864
   -1.8505
 -0.354522
-0.0549996
 -0.887101
 0.0971168
 -25.4635
 -4.03305
  4.53577
0.0155961
 -1.17859
0.0387949
 -25.8389
 -4.48477
  6.98344
0.0492412
 -1.31265
0.0533576
  -24.1385
  -1.54905
  0.364287
-0.0435083
 -0.929377
  0.138513
  -24.6818
  -3.30804
   1.74567
-0.0252585
  -1.00954
 0.0668503
  -24.6507
  -3.04135
   2.48187
-0.0140791
  -1.05315
 0.0865536
  -24.8165
  -2.51045
   2.25762
-0.0148414
  -1.04841
  0.108426
   -25.2405
   -3.14957
    3.40608
0.000883313
   -1.11349
  0.0988729
 -25.3236
 -3.30505
  3.72477
0.0051063
  -1.1317
0.0901164
   -25.2341
    -3.3687
     3.4324
0.000709106
   -1.11375
  0.0947032
   -25.5425
   -3.40646
    3.34921
-0.00111953
    -1.1004
  0.0914118
   -25.5482
   -3.25908
    2.93373
-0.00757504
   -1.06122
   0.102683
  -25.6195
  -3.29778
   2.43223
-0.0156938
  -1.01002
  0.093298
    -25.62
    -3.311
   2.15972
-0.0168147
 -0.968443
  0.091167
  -25.6588
  -3.32642
    1.8555
-0.0155689
 -0.918592
 0.0794579
 -25.6416
 -3.42496
  1.71044
 -0.01195
 -0.87562
0.0667784
   -25.5507
     -3.617
    1.64314
-0.00776671
  -0.843054
  0.0490434
   -25.5818
   -3.75448
    1.65854
-0.00292714
  -0.819439
  0.0330349
   -25.5557
   -3.88014
    1.67685
0.000937806
  -0.798653
  0.0193194
  -25.3874
  -4.02351
   1.59814
0.00247697
 -0.773372
0.00485545
   -25.2071
   -4.07988
     1.3745
 0.00147708
  -0.741689
-0.00620207
  -24.9625
  -4.15793
   1.22657
0.00136294
 -0.717666
-0.0170184
  -24.7365
  -4.28733
   1.10952
0.00104552
 -0.696382
-0.0308192
   -24.5713
   -4.38915
   0.798246
-0.00277054
  -0.664017
 -0.0431377
  -24.4865
  -4.44941
  0.500767
-0.0065705
 -0.634314
-0.0520859
  -24.4145
  -4.50403
  0.247806
-0.0097331
 -0.609162
-0.0608026
  -24.3436
  -4.53126
  0.097547
 -0.011427
 -0.592179
-0.0669859
  -24.2732
  -4.55408
0.00978649
-0.0123527
 -0.580267
-0.0705566
  -24.2294
  -4.57775
-0.0308787
-0.0125711
 -0.572394
-0.0737603
  -24.2326
  -4.60042
-0.0206906
-0.0119369
 -0.569104
 -0.077037
   -24.2567
   -4.61315
-0.00428708
 -0.0111897
  -0.567142
 -0.0799529
  -24.2978
  -4.61304
0.00199819
-0.0105339
 -0.564979
-0.0821913
  -24.3674
  -4.64321
-0.0375713
-0.0107693
 -0.559771
-0.0856071
  -24.4458
  -4.67981
 -0.111456
-0.0117149
 -0.552369
-0.0892913
  -24.5048
  -4.72698
 -0.226064
-0.0132575
 -0.542307
-0.0936117
  -24.5295
  -4.76507
 -0.303806
-0.0144035
 -0.534803
-0.0976504
  -24.5128
  -4.78956
 -0.370015
-0.0155169
 -0.528577
 -0.100048
  -24.4837
   -4.8298
  -0.42721
-0.0165914
 -0.522659
 -0.102187
  -24.4442
  -4.84266
 -0.447384
-0.0171315
 -0.519693
 -0.102885
  -24.3833
  -4.84448
 -0.439149
-0.0171513
 -0.518749
 -0.103119
  -24.3181
  -4.82339
 -0.394674
-0.0164998
 -0.520601
 -0.101922
  -24.2706
  -4.81263
 -0.353114
-0.0158839
  -0.52235
  -0.10084
  -24.2653
  -4.81121
 -0.318315
-0.0153528
  -0.52365
 -0.100029
  -24.2728
   -4.8006
  -0.31255
-0.0152252
 -0.523449
-0.0996315
  -24.2844
  -4.79211
 -0.298234
-0.0149707
 -0.523966
-0.0998597
  -24.2822
  -4.78763
 -0.313058
-0.0152395
 -0.522451
 -0.100375
  -24.2767
  -4.80276
 -0.347151
-0.0160279
 -0.519285
 -0.101255
  -24.2779
  -4.82803
 -0.388733
-0.0168821
 -0.515507
 -0.103152
 -24.2693
 -4.84422
-0.416663
-0.017616
-0.512911
-0.105254
  -24.2417
  -4.84995
 -0.423699
-0.0178469
  -0.51193
 -0.106114
  -24.2275
  -4.86872
  -0.44559
-0.0183635
  -0.50984
 -0.107462
  -24.2351
  -4.87985
 -0.460155
-0.0186453
 -0.508551
 -0.108551
  -24.2589
  -4.88195
 -0.466303
-0.0187524
 -0.507996
 -0.109309
   -24.281
  -4.86104
 -0.448772
-0.0183079
 -0.509573
 -0.108853
   -24.304
  -4.84014
 -0.427476
-0.0178624
  -0.51108
 -0.107374
  -24.3319
  -4.83326
 -0.436065
-0.0180406
 -0.510537
 -0.106652
  -24.3584
   -4.8312
 -0.433328
-0.0180822
 -0.510597
 -0.105983
  -24.3714
  -4.81735
 -0.413722
-0.0178299
 -0.511874
  -0.10512
   -24.362
  -4.80263
 -0.404666
-0.0177167
 -0.512393
 -0.104258
  -24.3451
  -4.81877
 -0.395175
-0.0176434
 -0.512558
 -0.104757
  -24.3337
    -4.835
 -0.417892
-0.0181603
 -0.510417
  -0.10502
  -24.3319
  -4.84877
 -0.415287
-0.0182312
 -0.510094
 -0.105476
  -24.3241
  -4.85028
 -0.417978
-0.0181415
  -0.51007
 -0.106203
  -24.3094
  -4.86664
 -0.407685
-0.0180459
 -0.510405
 -0.107032
  -24.3059
  -4.88379
 -0.417524
-0.0183977
 -0.509189
 -0.107594
  -24.3123
  -4.88204
 -0.410655
-0.0182975
 -0.509663
 -0.107411
  -24.3232
  -4.86862
 -0.387712
-0.0179266
 -0.511377
 -0.107314
  -24.3176
   -4.8519
 -0.375848
-0.0176698
 -0.512271
 -0.106587
 -24.3185
 -4.83562
-0.371192
-0.017477
-0.512449
-0.105459
  -24.3352
   -4.8321
 -0.362132
-0.0174044
  -0.51281
 -0.104765
  -24.3465
  -4.82031
 -0.368772
-0.0175018
 -0.512203
 -0.103916
  -24.3536
  -4.80851
 -0.357134
-0.0173008
 -0.512938
 -0.103485
  -24.3446
  -4.80456
 -0.364815
-0.0173979
 -0.512467
 -0.103755
  -24.3332
  -4.81549
 -0.372822
-0.0176344
 -0.511561
 -0.104194
  -24.3349
  -4.83083
 -0.376983
-0.0177275
 -0.511067
 -0.105147
  -24.3244
  -4.83714
 -0.378609
-0.0178496
 -0.510805
 -0.105714
  -24.3114
  -4.84251
 -0.374374
-0.0177732
 -0.510871
 -0.106196
  -24.3018
  -4.85483
 -0.374496
-0.0178403
 -0.510547
 -0.106692
  -24.3021
  -4.85698
 -0.376483
-0.0179651
 -0.510336
 -0.106871
  -24.3139
  -4.85025
  -0.36426
-0.0177761
 -0.511204
 -0.106653
  -24.3176
  -4.83913
 -0.343963
-0.0173569
 -0.512836
 -0.105984
  -24.3204
   -4.8274
 -0.340183
-0.0171934
 -0.513095
 -0.105549
  -24.3297
  -4.81841
 -0.329465
-0.0170158
 -0.513821
 -0.104608
  -24.3441
  -4.81631
 -0.332308
-0.0171444
 -0.513548
 -0.104265
   -24.353
  -4.81165
 -0.339099
-0.0174366
 -0.513024
 -0.104352
  -24.3501
  -4.80651
 -0.335164
-0.0174493
 -0.513287
 -0.104197
 -24.3468
 -4.81877
-0.343511
-0.017615
-0.512363
-0.104618
  -24.3513
   -4.8342
 -0.350183
-0.0178423
 -0.511566
 -0.105164
  -24.3553
  -4.83873
  -0.35388
-0.0179169
 -0.511105
 -0.105297
  -24.3552
  -4.84045
  -0.34443
-0.0177292
  -0.51143
 -0.105677
  -24.3457
  -4.84505
 -0.343466
-0.0176769
 -0.511391
  -0.10597
  -24.3387
  -4.84897
 -0.342479
-0.0176183
 -0.511069
  -0.10576
  -24.3519
   -4.8481
 -0.329236
-0.0172705
 -0.511728
 -0.105318
  -24.3428
  -4.83312
 -0.331456
-0.0171012
 -0.511571
 -0.104605
  -24.3402
  -4.82098
 -0.313585
-0.0165942
 -0.512718
 -0.104045
  -24.3299
  -4.81699
 -0.300082
-0.0163548
 -0.513381
 -0.103458
  -24.3235
  -4.81357
 -0.312494
-0.0165175
 -0.512515
 -0.103377
  -24.3228
  -4.81364
  -0.31316
-0.0165245
 -0.512412
 -0.103675
  -24.3161
  -4.81282
 -0.305256
-0.0163495
 -0.513067
 -0.104064
  -24.2987
  -4.82225
 -0.316477
-0.0165609
 -0.512148
 -0.104752
  -24.2901
  -4.83313
 -0.329556
-0.0168533
 -0.510912
 -0.105258
  -24.2904
  -4.84274
 -0.335187
-0.0169156
 -0.510527
 -0.106132
   -24.286
  -4.84263
 -0.334386
-0.0168879
 -0.510715
 -0.106722
 -24.2847
  -4.8439
-0.339951
-0.017005
-0.510306
 -0.10692
  -24.2905
  -4.84329
 -0.346093
-0.0171225
 -0.509651
 -0.106701
  -24.2998
  -4.84011
  -0.34979
-0.0171407
 -0.509371
 -0.106175
   -24.315
   -4.8336
 -0.347063
-0.0171547
 -0.509579
 -0.105632
  -24.3225
  -4.82022
 -0.336736
-0.0168564
  -0.51051
 -0.104812
  -24.3257
  -4.81548
 -0.321317
-0.0164492
 -0.511681
 -0.104176
 -24.3245
  -4.8158
-0.323697
-0.016536
-0.511255
-0.103494
  -24.3308
  -4.81937
 -0.319555
-0.0166659
 -0.511117
 -0.102769
  -24.3315
  -4.81436
 -0.310487
-0.0165323
 -0.511712
 -0.102395
  -24.3196
  -4.81637
  -0.29947
-0.0163385
  -0.51251
 -0.102812
  -24.3057
  -4.82781
 -0.293587
-0.0163395
 -0.512536
 -0.103032
 -24.2998
 -4.83464
 -0.29954
-0.016526
-0.511871
 -0.10325
  -24.2967
  -4.83539
 -0.293911
-0.0163926
 -0.512375
 -0.103694
  -24.2881
  -4.82864
 -0.302608
-0.0165686
 -0.511978
 -0.103783
  -24.2781
  -4.82547
  -0.29528
-0.0165359
 -0.512435
 -0.103614
  -24.2773
  -4.82186
 -0.290436
-0.0164404
 -0.512674
 -0.102951
  -24.2768
  -4.81726
 -0.299151
-0.0166632
  -0.51196
 -0.102815
  -24.2819
   -4.8095
 -0.297008
-0.0166011
 -0.512289
 -0.102693
   -24.29
 -4.79957
 -0.29242
 -0.01651
-0.512892
-0.102509
  -24.2858
  -4.80152
 -0.289776
-0.0164918
 -0.512982
 -0.102492
  -24.2887
  -4.80536
 -0.293768
-0.0166058
  -0.51262
 -0.102491
  -24.2849
  -4.80226
 -0.306008
-0.0168402
  -0.51188
 -0.102429
  -24.2834
  -4.80646
 -0.301613
-0.0167216
 -0.512261
  -0.10301
  -24.2788
  -4.81295
 -0.309146
-0.0167977
 -0.511684
 -0.103562
  -24.2784
  -4.82304
 -0.312475
-0.0168574
 -0.511198
 -0.104117
  -24.2797
  -4.82897
 -0.316717
-0.0169686
 -0.510801
 -0.104384
  -24.2835
   -4.8246
 -0.311712
-0.0168847
 -0.511163
 -0.104249
  -24.2773
  -4.82172
 -0.305697
-0.0168132
 -0.511442
 -0.104296
   -24.269
  -4.82407
 -0.308768
-0.0168362
 -0.511045
 -0.103919
  -24.2746
  -4.82878
 -0.305612
-0.0167676
   -0.5111
 -0.103898
   -24.279
  -4.82776
 -0.302218
-0.0167531
 -0.511175
 -0.103687
  -24.2764
  -4.82504
 -0.299184
-0.0166704
 -0.511395
 -0.103824
  -24.2736
  -4.82334
  -0.30014
-0.0165749
 -0.511404
 -0.103824
  -24.2721
  -4.82624
 -0.306715
-0.0166038
 -0.510752
  -0.10397
  -24.2696
  -4.83386
 -0.316094
-0.0167505
 -0.510053
 -0.104456
   -24.268
  -4.83555
 -0.310616
-0.0166846
 -0.510525
  -0.10485
  -24.2623
  -4.83011
 -0.315619
-0.0168031
 -0.510176
 -0.104983
  -24.2565
   -4.8358
 -0.324146
-0.0169703
 -0.509684
 -0.105446
  -24.2538
  -4.83819
  -0.32645
-0.0170709
 -0.509547
 -0.105448
  -24.2568
  -4.83335
 -0.324944
-0.0169964
 -0.509744
 -0.105093
   -24.253
  -4.83438
 -0.312865
-0.0167055
 -0.510592
 -0.105199
  -24.2467
  -4.83237
 -0.310227
-0.0167307
 -0.510723
 -0.104989
  -24.2466
  -4.83033
 -0.315499
-0.0168358
 -0.510291
 -0.104689
  -24.2594
  -4.82663
  -0.31112
-0.0167284
 -0.510675
 -0.104184
  -24.2642
  -4.81603
 -0.296352
-0.0165269
 -0.511886
 -0.103488
  -24.2611
  -4.81405
 -0.293063
-0.0165076
 -0.512118
 -0.103394
  -24.2531
  -4.82083
 -0.289863
-0.0165574
 -0.512192
 -0.103264
 -24.2538
 -4.82205
-0.309515
-0.016936
-0.510718
-0.102986
  -24.2595
  -4.82994
 -0.298763
-0.0168251
 -0.511285
 -0.103633
  -24.2577
   -4.8263
 -0.298625
-0.0167694
 -0.511501
 -0.103785
  -24.2594
  -4.83236
 -0.291373
-0.0165801
 -0.511795
 -0.103866
  -24.2603
  -4.83448
 -0.301253
-0.0167801
 -0.511011
 -0.103811
  -24.2679
  -4.83494
 -0.294225
-0.0165507
 -0.511435
 -0.103848
  -24.2724
  -4.82595
 -0.295688
-0.0163794
 -0.511512
 -0.103713
  -24.2702
  -4.81931
 -0.291387
-0.0162441
 -0.511892
 -0.103358
  -24.2695
  -4.81823
 -0.285442
-0.0161673
 -0.512104
 -0.103028
  -24.2636
  -4.81465
 -0.290996
-0.0163732
 -0.511443
 -0.102207
    -24.27
  -4.81104
  -0.28626
-0.0162993
 -0.511813
 -0.102098
  -24.2626
  -4.80465
 -0.280464
-0.0160966
  -0.51226
 -0.101835
  -24.2534
  -4.81054
 -0.279168
-0.0160111
 -0.512278
 -0.102218
 -24.2491
 -4.81342
-0.281678
-0.016053
-0.512075
-0.102174
  -24.2517
  -4.81653
 -0.276301
-0.0160112
 -0.512443
 -0.102372
  -24.2448
  -4.81622
 -0.281192
-0.0161587
 -0.512399
 -0.102849
  -24.2447
  -4.81569
 -0.283768
-0.0163705
  -0.51228
  -0.10318
  -24.2418
    -4.818
 -0.277645
-0.0162827
 -0.512475
 -0.103209
  -24.2442
  -4.81787
 -0.286245
-0.0162953
 -0.511834
 -0.103293
 -24.2461
 -4.81488
-0.284847
-0.016209
-0.511788
-0.103022
  -24.2445
   -4.8061
 -0.275501
-0.0160146
 -0.512595
 -0.102696
  -24.2466
  -4.80368
 -0.265664
-0.0157873
 -0.513199
 -0.102065
  -24.2487
  -4.80574
 -0.268586
-0.0157929
 -0.512911
 -0.101785
  -24.2569
  -4.80339
 -0.275845
-0.0158217
 -0.512321
 -0.101576
    -24.26
  -4.80142
  -0.26855
-0.0154923
 -0.512923
 -0.101652
  -24.2581
  -4.80065
 -0.260688
-0.0152994
 -0.513559
 -0.101531
  -24.2577
  -4.80522
 -0.266974
-0.0153823
 -0.513189
 -0.101509
  -24.2553
  -4.81098
  -0.26695
-0.0154647
 -0.512921
 -0.101339
   -24.265
  -4.81196
 -0.270335
-0.0154362
 -0.512687
 -0.101443
  -24.2589
  -4.81116
 -0.274296
-0.0154903
 -0.512458
 -0.101493
  -24.2512
  -4.81558
 -0.274882
-0.0154509
 -0.512393
 -0.102137
  -24.2526
  -4.81896
 -0.273398
-0.0154749
 -0.512285
 -0.102031
  -24.2526
  -4.81943
 -0.274905
-0.0155032
 -0.511967
 -0.101844
  -24.2553
  -4.81971
 -0.264135
-0.0152488
 -0.512733
 -0.101837
  -24.2483
  -4.82001
 -0.267463
-0.0153065
 -0.512497
 -0.101635
  -24.2537
  -4.81967
 -0.262711
-0.0152978
 -0.512728
 -0.101353
   -24.249
  -4.81515
 -0.276647
-0.0155709
 -0.511805
 -0.100954
   -24.249
  -4.81877
 -0.279058
-0.0155842
 -0.511587
 -0.101355
 -24.2496
 -4.81422
-0.272807
-0.015477
-0.512104
-0.101195
   -24.247
  -4.81234
 -0.277672
-0.0156521
 -0.511835
 -0.101171
   -24.246
  -4.81725
  -0.28377
-0.0157956
 -0.511305
 -0.101171
  -24.2434
   -4.8189
 -0.284427
-0.0158686
 -0.511103
 -0.101028
  -24.2449
  -4.81743
 -0.282718
-0.0159638
 -0.511157
 -0.100808
  -24.2433
  -4.81927
 -0.274149
-0.0158928
 -0.511714
 -0.100783
 -24.2412
 -4.82231
-0.279845
-0.016036
-0.511366
-0.100988
  -24.2484
  -4.82553
 -0.275079
-0.0159919
 -0.511478
 -0.100642
  -24.2525
  -4.82328
 -0.271298
-0.0158672
 -0.511745
 -0.100375
  -24.2535
  -4.82018
 -0.266787
-0.0157643
 -0.511973
  -0.10043
  -24.2492
   -4.8184
 -0.270853
-0.0157826
 -0.511565
 -0.100191
  -24.2463
  -4.81998
 -0.278016
-0.0158279
 -0.510913
 -0.100166
   -24.249
  -4.81967
 -0.282664
-0.0158103
 -0.510463
 -0.100296
   -24.248
  -4.81944
 -0.276896
-0.0156214
 -0.510823
 -0.100288
  -24.2459
  -4.82155
 -0.276562
-0.0155706
 -0.511009
 -0.100645
  -24.2425
  -4.82556
 -0.274193
-0.0156405
 -0.510995
 -0.100721
  -24.2435
  -4.82854
 -0.280003
-0.0157496
 -0.510516
 -0.100807
  -24.2379
  -4.82881
 -0.285732
-0.0158222
  -0.51015
 -0.100836
  -24.2346
  -4.82455
 -0.283535
-0.0157837
 -0.510386
 -0.101158
   -24.234
  -4.82231
 -0.280061
-0.0155804
 -0.510515
  -0.10088
  -24.2341
  -4.82363
 -0.288703
-0.0157736
 -0.509866
 -0.100772
  -24.2297
  -4.82203
 -0.281633
-0.0157209
 -0.510108
 -0.100317
   -24.233
  -4.81547
 -0.279995
-0.0157565
 -0.510325
  -0.10026
   -24.229
  -4.81278
 -0.280277
-0.0157624
 -0.510414
 -0.100243
 -24.2257
 -4.81645
-0.280915
-0.015864
-0.510291
-0.100469
  -24.2231
  -4.81829
 -0.287382
-0.0159591
 -0.509822
  -0.10049
   -24.229
  -4.81857
 -0.281853
-0.0159101
 -0.510193
 -0.100481
 -24.2414
 -4.81822
-0.279818
-0.015857
 -0.51029
-0.100951
  -24.2336
  -4.81921
  -0.27564
-0.0158366
  -0.51054
 -0.100831
 -24.2279
 -4.82638
-0.276863
-0.016047
  -0.5102
-0.100735
  -24.2294
  -4.82763
 -0.279667
-0.0162239
 -0.509907
  -0.10043
  -24.2242
  -4.82569
 -0.278551
-0.0161205
 -0.510168
 -0.100469
  -24.2261
  -4.82207
 -0.270748
-0.0159306
 -0.510911
 -0.100463
  -24.2323
  -4.82349
  -0.27788
-0.0160462
 -0.510526
 -0.100367
  -24.2339
  -4.82113
 -0.282622
-0.0161824
 -0.510262
 -0.100249
  -24.2379
    -4.818
 -0.275484
-0.0160399
 -0.510719
 -0.100481
  -24.2379
   -4.8161
 -0.272547
-0.0160161
 -0.511059
 -0.100476
  -24.2393
  -4.81738
 -0.269147
-0.0160811
 -0.511364
 -0.100609
 -24.2317
 -4.81891
-0.283215
-0.016376
-0.510286
-0.100401
   -24.231
  -4.82588
 -0.274664
-0.0163193
 -0.510725
 -0.100496
  -24.2287
  -4.82406
  -0.27663
-0.0163938
 -0.510666
 -0.100799
 -24.2255
 -4.82485
-0.270153
-0.016228
-0.511164
  -0.1011
  -24.2241
  -4.82594
 -0.273221
-0.0163913
 -0.510759
 -0.100803
  -24.2253
  -4.82603
 -0.277592
-0.0164301
 -0.510433
 -0.100614
  -24.2213
  -4.82207
 -0.278592
-0.0164897
 -0.510258
 -0.100308
  -24.2196
  -4.81444
 -0.269727
-0.0163366
 -0.511002
 -0.100073
   -24.218
  -4.81597
 -0.261541
-0.0161694
 -0.511522
-0.0998311
  -24.2187
  -4.81277
 -0.265826
-0.0163606
 -0.511204
-0.0994157
  -24.2202
  -4.81152
 -0.267325
-0.0165114
 -0.511105
-0.0992284
  -24.2215
  -4.80815
 -0.267326
-0.0164969
 -0.511159
-0.0992788
  -24.2215
  -4.80742
  -0.26624
-0.0164715
 -0.511403
-0.0997019
 -24.2248
 -4.81001
-0.266904
-0.016583
-0.511426
-0.099838
  -24.2223
   -4.8129
 -0.272492
-0.0167621
 -0.510947
 -0.099815
  -24.2225
  -4.81426
 -0.270784
-0.0167751
 -0.510987
-0.0999852
  -24.2188
  -4.81093
 -0.268504
-0.0166849
 -0.511304
 -0.100083
  -24.2185
  -4.81334
 -0.270187
-0.0168219
 -0.511199
 -0.100184
  -24.2238
    -4.817
 -0.277085
-0.0170371
 -0.510615
 -0.100132
  -24.2233
  -4.81507
 -0.273151
-0.0170898
 -0.510985
-0.0999309
  -24.2227
  -4.81469
 -0.273041
-0.0170981
 -0.510939
-0.0998079
  -24.2218
  -4.81571
   -0.2724
-0.0170599
 -0.510768
-0.0996806
  -24.2153
  -4.81414
 -0.286981
-0.0172637
 -0.509727
-0.0995974
 -24.2177
 -4.82223
-0.282927
-0.017183
-0.509792
-0.100048
  -24.2165
  -4.82144
 -0.286107
-0.0172086
 -0.509712
 -0.100338
  -24.212
  -4.8187
-0.286849
-0.017064
-0.509955
-0.100379
  -24.209
 -4.81912
-0.282704
-0.016969
-0.510236
 -0.10028
   -24.209
  -4.82362
 -0.289176
-0.0170752
 -0.509723
 -0.100517
   -24.205
   -4.8257
 -0.292182
-0.0172066
 -0.509477
 -0.100579
  -24.2038
  -4.82348
 -0.286773
-0.0171896
 -0.509887
   -0.1006
  -24.2056
  -4.82342
 -0.288284
-0.0171694
 -0.509821
  -0.10076
  -24.2083
  -4.82556
 -0.287149
-0.0171666
 -0.509854
 -0.100528
  -24.2094
  -4.82152
 -0.287199
-0.0171075
 -0.509815
 -0.100296
  -24.2072
    -4.813
 -0.282996
-0.0170307
  -0.51007
-0.0996065
  -24.2121
  -4.80915
 -0.277338
-0.0169187
 -0.510468
-0.0993498
  -24.2076
  -4.81036
 -0.277508
-0.0169526
 -0.510449
 -0.099397
  -24.2062
  -4.81257
 -0.280875
-0.0170889
  -0.51015
-0.0993982
  -24.2102
  -4.81452
  -0.27832
-0.0170385
 -0.510192
-0.0990981
  -24.2075
   -4.8156
 -0.275582
-0.0170076
 -0.510335
-0.0993641
  -24.2083
  -4.81652
 -0.271987
-0.0169567
 -0.510695
-0.0997568
  -24.2037
  -4.81743
 -0.281542
 -0.017145
 -0.509929
-0.0997344
  -24.2042
  -4.82557
 -0.272582
-0.0170312
 -0.510245
-0.0998521
  -24.1985
  -4.81868
 -0.284642
-0.0171214
 -0.509296
-0.0995104
  -24.1991
  -4.81995
 -0.273057
-0.0169072
 -0.509977
-0.0995693
  -24.1982
  -4.81956
 -0.271831
-0.0169765
 -0.510122
-0.0994905
  -24.2001
  -4.82118
 -0.274234
-0.0170712
 -0.509916
-0.0994071
  -24.1978
  -4.81885
 -0.276036
-0.0170382
 -0.509682
-0.0992315
  -24.1942
  -4.81958
 -0.268385
-0.0169418
 -0.510062
-0.0992866
  -24.1981
  -4.81415
 -0.270968
-0.0170052
 -0.509997
-0.0994028
  -24.1894
  -4.81845
  -0.27582
-0.0173233
 -0.509283
-0.0994993
  -24.1913
  -4.81901
 -0.281557
-0.0174922
 -0.508828
-0.0993401
  -24.1889
  -4.82007
  -0.27637
-0.0174166
  -0.50922
-0.0994174
   -24.189
  -4.81909
 -0.276593
-0.0174436
 -0.509388
 -0.100004
  -24.1845
  -4.82306
 -0.279779
-0.0175094
 -0.509136
 -0.100456
   -24.187
   -4.8254
 -0.288464
-0.0176266
 -0.508396
 -0.100359
  -24.1825
   -4.8248
 -0.282542
-0.0174192
 -0.508731
 -0.100182
  -24.1844
  -4.82012
 -0.278572
-0.0174555
 -0.509136
  -0.10041
 -24.1858
 -4.82168
-0.271065
-0.017447
-0.509537
-0.100732
  -24.1824
  -4.81983
 -0.280047
-0.0175221
 -0.508831
 -0.100321
  -24.1904
  -4.82194
 -0.276601
-0.0174777
 -0.508816
 -0.100303
  -24.1903
  -4.82085
 -0.282059
-0.0176842
 -0.508458
 -0.100436
  -24.1876
    -4.821
  -0.27489
-0.0175358
 -0.509103
 -0.100693
   -24.184
  -4.82293
 -0.277164
-0.0176275
 -0.509113
 -0.100885
 -24.1886
 -4.82592
-0.287569
-0.017874
-0.508283
-0.100581
  -24.1872
  -4.83187
 -0.283441
-0.0178489
 -0.508426
 -0.100755
  -24.1877
  -4.82764
 -0.283791
-0.0177325
 -0.508377
 -0.100795
  -24.1812
  -4.83026
 -0.287666
-0.0176919
 -0.507917
 -0.100856
 -24.1788
 -4.83072
-0.288694
-0.017709
-0.507575
-0.100755
  -24.1809
  -4.83164
 -0.296425
-0.0176742
 -0.506937
 -0.100735
  -24.1739
  -4.83196
 -0.304347
-0.0177652
 -0.506433
 -0.100988
  -24.1722
  -4.83012
 -0.298675
-0.0176189
 -0.506979
 -0.100904
  -24.178
 -4.83262
-0.297361
-0.017647
-0.507019
 -0.10113
  -24.1729
    -4.834
 -0.299887
-0.0176629
 -0.506665
 -0.101052
  -24.1758
  -4.83522
 -0.298586
-0.0177963
 -0.506848
 -0.101394
  -24.1779
  -4.83094
 -0.296605
-0.0177582
 -0.507218
 -0.101452
  -24.1697
  -4.83041
 -0.293919
-0.0177696
 -0.507551
 -0.101304
  -24.1742
  -4.82946
 -0.293189
-0.0179013
  -0.50761
 -0.101266
  -24.1787
  -4.83057
 -0.302104
-0.0181394
 -0.507024
 -0.101335
    -24.18
  -4.82926
 -0.301793
-0.0180701
 -0.507124
 -0.101314
  -24.1728
  -4.82794
 -0.301069
-0.0179775
 -0.507347
 -0.101259
  -24.1779
  -4.82847
 -0.303925
-0.0179794
 -0.507133
 -0.101291
  -24.1782
  -4.83302
 -0.303666
-0.0180044
 -0.506999
 -0.101231
   -24.176
  -4.83383
 -0.304614
-0.0179567
 -0.507043
 -0.101423
  -24.1749
  -4.83044
 -0.300523
-0.0179435
 -0.507278
 -0.101107
  -24.1748
  -4.83166
 -0.289232
-0.0176333
 -0.508089
 -0.100897
   -24.175
  -4.83602
 -0.294715
-0.0177089
 -0.507673
 -0.100791
 -24.1798
 -4.83873
-0.287242
-0.017631
-0.507992
-0.100594
  -24.1738
  -4.83397
 -0.296387
-0.0177179
 -0.507405
 -0.100261
  -24.1724
  -4.82992
 -0.292879
-0.0176137
 -0.507597
-0.0998952
  -24.1706
   -4.8281
 -0.296147
-0.0176486
 -0.507202
-0.0996361
  -24.1686
  -4.83169
 -0.304864
 -0.017872
 -0.506393
-0.0998457
  -24.1693
  -4.83374
 -0.295106
-0.0177581
 -0.506972
 -0.100113
 -24.1631
 -4.82915
-0.300517
-0.018014
-0.506646
-0.100308
  -24.1605
  -4.82919
 -0.296298
-0.0178597
  -0.50699
 -0.100401
   -24.163
  -4.83267
 -0.290612
-0.0178071
 -0.507163
 -0.100476
  -24.1643
  -4.83245
 -0.296169
-0.0178651
 -0.506838
 -0.100436
  -24.1626
  -4.82837
 -0.295341
-0.0177767
  -0.50691
 -0.100201
  -24.1649
  -4.81993
 -0.295397
-0.0177827
 -0.506966
 -0.099912
  -24.1615
  -4.82065
 -0.295346
 -0.017899
 -0.506938
-0.0997421
  -24.1668
  -4.82089
  -0.30001
-0.0180816
 -0.506606
-0.0996195
  -24.1654
  -4.81933
 -0.297024
-0.0180127
 -0.506744
-0.0992244
  -24.1637
  -4.81733
 -0.287676
-0.0178339
  -0.50747
-0.0991765
  -24.1634
  -4.81887
 -0.289156
-0.0177703
 -0.507386
-0.0995895
  -24.1585
  -4.82165
 -0.295128
-0.0180237
 -0.506815
-0.0995365
  -24.1614
  -4.82472
 -0.296819
-0.0182238
 -0.506639
-0.0996161
  -24.1609
  -4.82733
 -0.297785
-0.0181939
 -0.506628
 -0.100151
  -24.1581
  -4.82348
 -0.294425
-0.0181224
 -0.506912
-0.0998073
  -24.1624
  -4.82972
 -0.293108
-0.0181955
 -0.507054
 -0.100097
  -24.1621
   -4.8279
 -0.312552
-0.0185896
 -0.505591
 -0.100319
  -24.1536
  -4.82549
 -0.312295
-0.0187075
 -0.505498
 -0.099618
  -24.1583
  -4.82384
 -0.299884
-0.0185199
 -0.506303
-0.0997485
  -24.1569
  -4.81585
 -0.299995
-0.0185215
 -0.506491
-0.0996461
  -24.1545
  -4.82124
 -0.301727
-0.0186574
 -0.506102
-0.0996969
  -24.1567
  -4.82332
  -0.29866
-0.0186817
 -0.506161
-0.0994531
  -24.1553
  -4.82189
 -0.301882
-0.0188299
 -0.506012
-0.0997172
  -24.1501
  -4.82523
 -0.296798
-0.0188232
 -0.506327
 -0.100212
  -24.1485
  -4.82729
 -0.301686
-0.0189383
 -0.505902
 -0.100221
 -24.1456
 -4.83047
-0.306921
-0.019087
-0.505466
-0.100112
  -24.1432
  -4.82815
 -0.308827
-0.0190748
 -0.505307
-0.0998172
  -24.1453
  -4.82408
  -0.30712
-0.0190415
 -0.505613
-0.0998891
   -24.147
  -4.82353
 -0.304359
-0.0190631
 -0.505947
 -0.100227
  -24.1442
  -4.82508
 -0.303238
-0.0190091
 -0.506088
 -0.100167
 -24.1451
 -4.82676
-0.309868
-0.019069
 -0.50566
 -0.10027
 -24.1481
 -4.82545
-0.300455
-0.018839
-0.506372
-0.100209
   -24.144
  -4.81963
 -0.295157
-0.0186882
 -0.506884
  -0.10005
  -24.1461
  -4.82245
 -0.292104
-0.0186606
 -0.507082
-0.0999697
  -24.1456
  -4.82889
 -0.295952
-0.0187402
 -0.506629
 -0.100239
  -24.1504
  -4.82788
 -0.294967
-0.0187655
 -0.506608
 -0.100296
    -24.15
  -4.82778
 -0.290737
-0.0186588
 -0.507013
 -0.100448
  -24.1505
  -4.83013
 -0.290844
-0.0186662
 -0.507084
 -0.100707
  -24.1506
  -4.83126
 -0.299224
-0.0188006
 -0.506425
  -0.10058
  -24.1491
  -4.83015
  -0.30026
-0.0188461
 -0.506404
 -0.100479
  -24.1532
   -4.8324
 -0.288113
-0.0186626
 -0.507214
 -0.100601
   -24.148
  -4.82515
 -0.286127
-0.0185899
 -0.507593
 -0.100693
   -24.148
   -4.8267
 -0.282631
-0.0185568
 -0.507943
  -0.10081
  -24.1498
  -4.82709
  -0.28839
-0.0186076
  -0.50759
  -0.10089
  -24.1478
  -4.82732
 -0.289039
-0.0185518
 -0.507598
 -0.100858
  -24.1444
  -4.82541
 -0.284338
-0.0183993
 -0.507867
 -0.100771
  -24.1415
  -4.82141
 -0.284257
-0.0184059
 -0.507888
 -0.100405
  -24.1422
  -4.82364
 -0.284624
-0.0185002
 -0.507717
 -0.100095
  -24.1406
  -4.82009
 -0.291388
-0.0186159
 -0.507191
-0.0996253
   -24.141
  -4.81811
 -0.281614
-0.0184895
 -0.507768
 -0.099537
   -24.138
   -4.8166
 -0.280134
-0.0185657
 -0.507961
-0.0997203
  -24.1382
   -4.8183
  -0.28052
-0.0185711
 -0.507833
-0.0997788
  -24.1398
    -4.818
 -0.283346
-0.0187057
 -0.507568
 -0.099382
  -24.1408
  -4.82089
   -0.2827
-0.0187234
 -0.507629
-0.0994708
  -24.1425
  -4.81924
   -0.2817
 -0.018692
  -0.50781
-0.0996964
  -24.1397
  -4.81495
 -0.280288
-0.0186562
 -0.508018
-0.0996812
  -24.1431
  -4.81963
 -0.279705
-0.0187058
 -0.507994
-0.0996439
  -24.1465
  -4.82127
 -0.281509
-0.0188156
 -0.507841
-0.0994074
   -24.146
  -4.81711
 -0.283982
-0.0187291
  -0.50783
-0.0994208
  -24.1434
  -4.81366
 -0.279784
-0.0185893
 -0.508378
-0.0994013
  -24.1446
  -4.81356
 -0.288695
 -0.018774
 -0.507808
-0.0992164
  -24.1447
  -4.81789
 -0.282961
-0.0187826
  -0.50808
-0.0990955
   -24.145
  -4.81651
 -0.281202
-0.0188198
 -0.508189
-0.0991122
  -24.1452
  -4.81615
 -0.278329
-0.0187666
 -0.508526
-0.0993713
  -24.1438
  -4.81622
 -0.279391
-0.0188692
 -0.508257
-0.0992964
  -24.1423
  -4.82003
 -0.275842
-0.0188617
  -0.50825
-0.0991047
  -24.1396
  -4.81724
 -0.287063
-0.0190695
 -0.507449
-0.0989629
   -24.143
  -4.81784
 -0.279239
-0.0190023
 -0.507843
-0.0990246
  -24.1387
  -4.81468
  -0.27741
-0.0189105
 -0.508008
-0.0988937
  -24.1361
  -4.81427
 -0.276999
-0.0190864
 -0.507903
-0.0986556
  -24.1397
  -4.81316
 -0.281303
-0.0192744
 -0.507556
-0.0984916
  -24.1391
  -4.81361
 -0.278961
-0.0191721
 -0.507858
-0.0987752
  -24.1373
  -4.81123
 -0.276061
-0.0191928
 -0.508249
-0.0987706
  -24.1371
  -4.81206
 -0.277229
-0.0192458
  -0.50815
-0.0988924
  -24.1358
  -4.81406
 -0.275555
-0.0192563
 -0.508215
-0.0988001
  -24.1336
  -4.81146
  -0.28678
-0.0195495
  -0.50744
 -0.098388
  -24.1362
  -4.81172
 -0.276773
-0.0193768
 -0.508125
-0.0986442
  -24.1379
  -4.80939
 -0.274639
-0.0193614
 -0.508319
-0.0985055
  -24.1324
  -4.81183
 -0.277357
-0.0194578
 -0.507951
-0.0982322
   -24.132
  -4.81506
 -0.277833
-0.0194349
 -0.507526
-0.0979477
  -24.1309
  -4.81416
 -0.282448
-0.0195048
 -0.507204
-0.0980487
  -24.1233
  -4.81018
 -0.276965
-0.0194067
 -0.507475
-0.0979768
  -24.1255
   -4.8109
 -0.275539
-0.0193988
 -0.507345
-0.0978759
  -24.1256
  -4.81764
 -0.270694
-0.0192875
 -0.507552
-0.0977553
  -24.1249
  -4.81658
 -0.276217
-0.0193964
 -0.507168
-0.0975308
  -24.1218
  -4.81258
 -0.275846
-0.0193481
 -0.507285
-0.0974389
  -24.1186
  -4.81047
 -0.272281
-0.0192595
 -0.507728
-0.0974452
  -24.1167
  -4.81019
 -0.285069
-0.0193814
 -0.506911
-0.0973113
  -24.1151
  -4.81174
 -0.292136
-0.0194458
 -0.506274
-0.0972694
  -24.1169
  -4.81179
 -0.294681
 -0.019388
 -0.506055
-0.0972205
  -24.1181
  -4.81534
 -0.280238
-0.0190158
 -0.507034
-0.0973825
  -24.1138
  -4.81502
 -0.279936
-0.0189699
 -0.507214
-0.0977009
  -24.1155
  -4.81493
 -0.287512
-0.0190547
 -0.506586
-0.0972826
  -24.1159
  -4.81752
 -0.292494
-0.0191111
 -0.506117
-0.0972892
  -24.1161
  -4.81432
 -0.287172
-0.0190392
 -0.506713
-0.0972783
   -24.155
  -4.80787
 -0.302232
-0.0192423
 -0.505856
-0.0981817
  -24.1211
  -4.81068
 -0.287789
-0.0189014
 -0.506161
-0.0970424
  -24.0858
  -4.80817
 -0.366454
-0.0197349
 -0.501681
-0.0985619
  -24.0877
  -4.87445
 -0.149836
-0.0167203
 -0.506727
 -0.102482
  -24.0846
  -4.80973
 -0.423283
-0.0177963
 -0.482066
 -0.107278
  -24.0396
  -4.74553
  -0.58419
-0.0163984
  -0.46466
   -0.1103
   -24.0126
   -5.08167
 0.00779253
-0.00680734
  -0.479763
  -0.125286
  -23.6988
  -4.77856
 -0.709566
-0.0163338
 -0.414047
 -0.126395
  -23.7771
  -4.94347
 -0.404541
-0.0122843
 -0.403571
 -0.142363
  -23.3109
  -4.99679
 -0.418644
-0.0109651
 -0.379793
 -0.146289
   -23.0542
   -4.93474
  -0.480974
-0.00984685
  -0.354305
  -0.156498
   -22.7434
   -5.02762
  -0.482279
-0.00933742
  -0.329603
  -0.159307
   -22.5956
   -5.23789
  -0.116053
-0.00349881
  -0.330022
  -0.169023
 -22.7989
 -5.56179
  1.15349
0.0125864
-0.373886
 -0.17789
  -21.4087
  -3.85191
  -3.32504
-0.0497766
-0.0978762
 -0.139418
   -22.2019
   -5.37553
  -0.558237
-0.00857986
  -0.250047
  -0.195811
  -22.0902
  -4.95553
 -0.600281
-0.0117332
 -0.217281
 -0.172427
   -21.8797
   -4.93501
  -0.401634
-0.00720983
  -0.218099
  -0.167538
 -22.1133
  -5.9841
  1.79508
0.0216626
-0.322356
-0.194524
  -20.5146
  -3.70419
  -3.51489
 -0.053507
0.00085447
 -0.143895
  -20.4454
  -3.98236
  -3.92719
-0.0579216
 0.0289274
  -0.16271
 -21.8322
 -6.21624
   1.8852
0.0237905
-0.294836
 -0.21756
 -21.8574
 -6.30936
  3.35818
0.0421658
-0.356725
-0.205652
  -20.2142
   -3.9767
  -2.97919
-0.0479086
  0.022676
 -0.151214
  -20.1744
  -3.89471
  -4.67614
-0.0732455
  0.134161
 -0.162499
  -20.4055
  -4.56718
  -1.61364
-0.0276886
-0.0406473
 -0.166714
 -21.1404
  -6.2241
  2.58153
 0.029469
-0.266765
-0.213564
  -19.3692
   -3.8585
   -2.7188
-0.0487241
 0.0632889
 -0.147146
  -18.9494
   -3.9197
   -3.6206
-0.0606455
  0.117259
 -0.166342
  -19.7357
  -5.81004
   1.33931
0.00532112
 -0.146007
 -0.211927
 -17.8081
  -2.7425
 -3.90371
-0.067287
 0.163307
-0.123659
   -18.9367
   -5.78771
   0.488379
-0.00885025
  -0.076084
  -0.239924
   -18.7632
   -5.30001
   0.922705
-0.00646579
 -0.0754883
  -0.222026
  -16.8795
  -2.22494
  -5.13324
-0.0885926
  0.274411
 -0.132826
  -18.1901
  -4.52369
  -1.83839
-0.0393838
 0.0781621
 -0.236269
 -19.2414
 -6.61496
  4.05239
0.0394765
-0.233871
-0.266179
  -16.2865
  -1.99818
  -4.43068
-0.0759413
  0.257422
 -0.130091
  -18.3938
  -6.02652
    1.8052
 0.0113534
-0.0961295
  -0.27693
 -16.3056
   -3.179
 -4.16625
-0.076008
 0.276118
-0.198562
   -17.167
  -4.64029
  -0.69403
-0.0223723
 0.0685023
 -0.240925
  -16.3354
   -3.0732
  -2.69614
-0.0475331
  0.187708
 -0.189533
  -16.1686
  -5.50835
   2.14119
 0.0190697
-0.0738186
 -0.242093
 -18.1722
 -6.14739
  3.31813
0.0326174
-0.118365
-0.289479
  -17.8979
  -3.48785
  -2.93233
-0.0614845
  0.282376
 -0.213391
  -14.9649
  -2.74908
   -4.6492
-0.0797503
  0.373022
 -0.163753
  -15.3818
  -3.20805
  -3.15274
-0.0552545
  0.284624
 -0.212786
   -16.1698
   -4.89603
   0.707745
-0.00585262
  0.0939415
  -0.227098
  -14.3725
  -2.47205
  -3.04956
-0.0557819
  0.315054
 -0.147396
   -15.1044
   -5.02818
   0.546093
-0.00798396
   0.124609
  -0.246413
  -13.9002
  -3.01653
  -3.36812
-0.0619325
   0.35994
 -0.190887
 -14.3396
  -4.0549
0.0449986
-0.011416
 0.165485
-0.208788
  -13.4104
  -2.87268
  -3.53662
-0.0600917
   0.37532
  -0.19214
  -14.9514
  -5.45711
   3.00681
  0.032316
0.00776709
 -0.257551
  -13.0775
  -3.17412
  -2.56267
-0.0492738
  0.354699
 -0.186925
  -13.1164
  -2.99946
  -3.86607
-0.0618651
  0.416275
 -0.207322
 -14.7315
 -4.95773
  2.79477
0.0309681
0.0506777
-0.232007
  -11.9035
 -0.904182
  -6.12321
-0.0925185
  0.572675
 -0.115469
 -14.4095
 -5.07982
  1.35824
0.0147283
 0.139488
-0.269307
  -12.7465
  -3.28317
  -1.40133
-0.0275182
  0.329275
  -0.18837
  -12.0688
  -2.06494
   -5.3851
-0.0775237
  0.547406
  -0.18705
 -14.3418
 -4.88845
  2.49824
0.0351048
0.0995007
 -0.24238
 -11.4692
-0.880056
 -6.34939
-0.086924
 0.614158
-0.133484
 -13.4751
 -5.26064
  1.28453
0.0233688
 0.166619
-0.289302
 -12.9723
 -4.89447
  2.55137
0.0358733
 0.129768
-0.235795
  -9.95958
  -2.60262
  -3.72918
-0.0508225
  0.494787
 -0.166472
   -12.1165
   -3.46546
   -1.08178
-0.00979547
   0.332837
  -0.221517
   -12.398
  -1.57572
  -4.21541
-0.0580586
  0.538748
 -0.165915
  -9.78272
  -1.37112
  -5.61794
-0.0757343
  0.616794
 -0.142108
 -11.4899
 -4.69117
  1.62468
0.0258021
 0.202781
-0.259353
  -10.886
 -3.53682
  1.73305
0.0269194
 0.210256
-0.195199
  -9.70236
  -2.07863
  -3.56299
-0.0468955
  0.516558
 -0.190669
   -10.8639
   -3.97946
  -0.579732
-0.00491632
   0.345987
  -0.263891
  -10.5691
   -3.9358
  0.254075
0.00507617
   0.31349
 -0.241671
  -9.05415
  -1.94139
  -3.88433
-0.0517922
  0.554921
 -0.184499
  -9.22331
  -2.10315
  -5.01067
-0.0636458
  0.605965
 -0.217225
 -11.3959
 -5.53042
  3.52398
0.0536842
 0.127884
-0.298974
  -9.24145
  -2.69578
   -1.0021
-0.0131531
  0.411282
 -0.188245
  -8.81035
  -2.68388
  -3.79564
-0.0514231
  0.566121
 -0.219543
   -9.93803
   -3.94396
 -0.0271465
0.000395038
   0.356475
  -0.257862
 -9.16697
 -2.43752
 -1.83305
-0.027541
 0.476634
-0.170846
  -6.07321
 -0.709165
   -4.9549
-0.0668607
  0.644861
  -0.10708
  -8.01272
  -1.15032
   -6.2881
-0.0853852
  0.718472
 -0.196029
 -12.6344
 -4.18692
  1.10647
 0.017488
 0.297773
-0.271779
 -9.26492
 -2.43158
 0.454012
0.0106391
 0.338234
-0.142568
  -7.85355
   -1.9767
   -3.2672
-0.0405384
  0.543935
 -0.189215
  -7.95806
    -2.848
  -1.89496
-0.0212908
  0.463561
 -0.213876
  -5.87567
 -0.328716
  -7.16969
-0.0916236
  0.754208
 -0.140933
 -8.50519
 -4.39068
  2.91447
0.0537592
 0.155936
-0.263146
 -7.38451
 -3.49302
  2.14123
0.0400672
 0.212431
-0.221289
  -6.69913
  -2.83701
  -2.33283
-0.0262803
   0.47714
 -0.245894
 -7.23504
 -3.05262
 -1.82895
-0.021153
 0.453461
-0.252311
   -5.6859
 -0.200235
  -5.90852
-0.0710815
  0.662101
 -0.159929
 -6.81218
 -4.43402
  2.41033
0.0457136
 0.178861
-0.275267
 -9.20879
 -4.79218
  3.73756
0.0556779
  0.13496
-0.301389
  -8.08043
  -0.76596
   -4.7607
-0.0639633
  0.628798
 -0.179312
 -6.80832
 -2.76657
 -1.42823
-0.015636
 0.428331
-0.193995
   -4.9333
    1.0002
  -7.50576
-0.0991013
  0.774844
 -0.100856
 -7.57879
  -3.6796
 0.467945
0.0135114
 0.305921
-0.248916
  -6.88719
  -2.28613
  -0.38823
0.00107808
  0.362869
 -0.174047
  -6.91017
  -1.90815
  -1.87764
-0.0200795
   0.44923
 -0.172314
  -6.60545
  -1.61177
  -3.14918
-0.0378455
  0.520766
 -0.172876
  -7.05137
  -3.09271
  -1.06078
-0.0085998
  0.398534
 -0.229902
  -6.68654
   -1.8664
  -2.86788
-0.0338915
  0.506205
 -0.182891
 -5.83332
 -3.38684
 0.915903
0.0216715
 0.280861
-0.194833
 -8.16621
  -3.9796
 0.895561
0.0125333
  0.31415
-0.258409
 -7.60553
-0.610751
 -4.48179
-0.059921
 0.617197
-0.130996
  -5.78428
  -2.73137
  -1.78934
-0.0269518
  0.479481
 -0.173628
  -4.84835
  -1.01605
  -3.86966
-0.0534336
  0.592064
 -0.134014
   -6.0246
  -2.82519
 -0.732908
-0.0124202
  0.424535
  -0.18284
  -4.30793
   1.01474
  -7.74119
 -0.108789
  0.827065
-0.0655219
 -7.20192
 -4.42048
  2.01226
0.0307946
 0.251642
-0.251046
 -6.57066
 -4.14035
  2.52902
0.0335385
 0.247477
-0.211502
  -3.09726
 -0.246824
  -5.92634
-0.0833725
   0.73394
  -0.08746
   -7.0277
  -3.67005
  -1.60731
-0.0238553
   0.48361
 -0.252764
  -8.15461
  -1.47941
  -3.44973
-0.0490609
    0.5961
 -0.160002
  -6.07909
  -1.05281
  -4.83659
-0.0627812
  0.656693
 -0.125339
    -6.6162
   -2.37428
   -1.26574
-0.00754863
    0.43117
  -0.171855
 -7.93754
  -5.4139
   4.8095
0.0749626
0.0926695
-0.253129
  -5.31716
 -0.930483
  -3.62115
-0.0424326
  0.579966
 -0.097082
   -5.6719
  -2.23254
  -3.11801
-0.0328252
  0.536068
 -0.173349
  -6.22496
  -3.51272
  -1.56208
-0.0136114
   0.45819
 -0.199359
  -5.08712
  -1.28277
   -3.8638
-0.0413119
  0.580164
 -0.105976
  -7.80149
    -1.921
  -3.77281
-0.0394587
  0.569114
 -0.164159
  -9.38917
  -3.14155
  -0.76129
0.00268205
  0.396499
 -0.182709
   -6.2786
  -2.20217
  -2.62891
-0.0230954
  0.504689
 -0.101062
  -6.74681
  -2.97511
  -2.69377
-0.0216004
  0.492073
  -0.17672
  -7.40455
  -2.52443
  -2.71827
-0.0232188
  0.498085
 -0.140842
  -7.15056
  -1.53085
  -3.86152
-0.0339997
  0.541956
 -0.103735
  -8.07211
  -2.96948
  -1.11357
0.00423083
  0.381031
 -0.147768
  -6.55381
   -1.9204
  -3.99422
-0.0331098
  0.532498
 -0.109387
  -10.0728
  -3.43374
-0.0537893
   0.02478
  0.288876
 -0.192149
 -12.5363
 -5.37754
  3.36926
0.0641533
  0.12259
 -0.23277
   -8.4333
  -1.62119
  -5.14904
-0.0537123
  0.608195
-0.0885606
  -9.47145
  -2.98913
  -3.72215
-0.0311599
   0.50748
 -0.173935
  -9.27459
  -1.83327
  -5.39306
-0.0551263
  0.606946
 -0.131155
  -9.74003
   -3.0133
  -3.90934
-0.0337496
  0.516834
 -0.168995
 -9.50957
 -5.90658
   1.9459
0.0436181
 0.197664
-0.236078
 -11.2408
 -4.14573
 -1.66669
-0.013161
 0.428121
-0.217072
   -12.196
  -1.82018
  -6.25006
-0.0741301
  0.680399
 -0.148258
 -11.2959
 -4.41148
 -1.87353
-0.017578
 0.448438
-0.192702
   -11.019
  -3.63771
  -2.26438
-0.0226115
  0.471117
  -0.16963
  -10.1506
  -1.12685
  -6.58601
-0.0783894
  0.704449
 -0.102676
  -11.8077
  -4.15011
 -0.901403
0.00111412
  0.378884
  -0.18023
  -9.82509
  -4.30555
 -0.752408
0.00399994
   0.37121
 -0.159961
  -11.9618
  -4.32754
  -2.62762
-0.0256456
   0.49115
 -0.224668
  -14.4688
  -3.78267
  -2.92364
-0.0299644
  0.513248
  -0.19528
  -12.3722
  -2.49843
   -5.3518
-0.0559455
  0.628121
 -0.118338
 -14.3979
  -6.3628
  0.76272
 0.027417
 0.286254
-0.272399
 -14.7077
  -5.9464
 0.783096
0.0280343
 0.291138
-0.216795
  -13.4816
   -2.7307
  -4.42705
-0.0421546
  0.588877
-0.0957736
  -12.3328
  -3.51641
  -5.20772
-0.0523851
  0.631074
 -0.129274
  -15.2386
  -4.24093
  -5.15316
-0.0531367
  0.634215
 -0.198667
 -17.3349
 -5.23508
-0.487145
0.0125805
 0.373077
-0.167317
 -15.7938
 -5.75797
 0.925635
0.0340756
 0.291539
-0.154977
  -16.0212
  -3.85732
  -4.61733
-0.0434546
  0.610934
 -0.120336
  -16.7144
  -4.71004
  -4.48135
-0.0451491
  0.619569
  -0.13994
  -14.2432
  -3.19631
   -8.3094
 -0.092369
  0.820244
-0.0586543
  -17.8941
  -5.41684
  -1.85702
0.00471633
  0.426585
  -0.16593
 -20.4014
 -6.37897
 0.218258
0.0284999
 0.335249
-0.171642
  -16.8369
  -3.77544
  -6.02101
-0.0543642
  0.684591
-0.0481184
  -16.6965
  -4.19209
  -6.33184
-0.0516826
  0.674655
  -0.10502
 -18.7045
 -7.14818
 -1.23666
0.0191937
 0.387474
-0.206071
 -18.2725
 -8.15741
  1.39315
0.0565859
 0.243936
-0.188511
  -19.5686
  -4.22086
  -5.74889
-0.0399614
  0.648033
 -0.105322
 -22.6661
 -7.13649
-0.229843
0.0411898
 0.318959
-0.184969
   -20.2248
     -6.671
   -3.05252
-0.00230129
   0.502152
  -0.125778
  -21.1088
  -5.98122
   -5.0663
-0.0255015
  0.601196
 -0.132871
  -21.4704
  -4.93061
   -6.6696
-0.0420877
  0.675705
-0.0875995
 -23.3806
 -8.50638
 0.392283
0.0574232
 0.270876
-0.182841
 -22.7926
 -9.21503
 0.826271
0.0604294
 0.263853
-0.165928
  -24.3592
  -5.99473
  -6.26268
-0.0369586
  0.666694
 -0.103073
 -27.1505
 -7.97563
 -1.92502
0.0262643
 0.410864
-0.142444
  -24.4523
  -6.79572
  -5.22528
-0.0202629
  0.608888
-0.0533647
  -25.4352
  -5.80556
  -6.91855
-0.0351844
  0.674487
-0.0418733
  -28.123
  -10.601
  2.04452
0.0887849
 0.167167
-0.161486
 -25.9579
 -9.21882
 -1.15889
0.0394746
 0.377472
-0.056295
  -27.2886
  -6.39686
  -7.47097
-0.0397844
  0.704165
-0.0117642
 -31.4562
 -9.29875
 -2.25794
0.0306849
 0.413619
-0.099358
   -28.6717
   -8.53409
   -4.68473
-0.00173043
   0.552709
 0.00887845
  -28.0185
  -7.04355
  -7.62377
-0.0342159
  0.687037
  0.036752
   -30.885
  -10.8582
 -0.277794
 0.0698992
  0.260431
-0.0693676
  -29.7263
  -11.1901
  -1.53777
 0.0499158
  0.347333
-0.0195072
  -32.4833
  -11.3565
  -1.19631
 0.0595698
  0.310638
-0.0506612
  -34.5422
   -9.3076
   -5.9899
-0.0100015
  0.600873
 0.0369343
  -33.0829
  -8.62257
  -7.73844
-0.0258328
  0.673207
  0.114533
    -34.977
   -12.3832
   -1.12193
  0.0689213
   0.283651
-0.00929768
 -35.2523
 -11.3644
 -4.28746
0.0217163
 0.480885
 0.069243
 -34.6431
 -12.0653
 -2.21503
0.0576065
 0.339729
 0.112369
  -36.4161
  -10.3332
  -7.49016
-0.0167995
  0.643376
  0.133583
 -41.4607
 -14.1378
-0.727193
0.0734735
 0.270156
0.0399151
   -38.7152
   -11.5336
   -6.29271
0.000964815
    0.57604
   0.222181
 -41.4936
 -15.9046
 0.643903
0.0984685
 0.170412
0.0711749
  -41.1594
  -12.0367
  -7.43022
-0.0150235
  0.643198
  0.282577
  -40.9423
  -12.3612
  -9.21836
-0.0290847
   0.70013
  0.291011
-47.4057
-18.0685
0.589517
0.102245
0.153379
0.119362
   -47.2945
   -13.3754
    -7.0458
-0.00302253
   0.595019
   0.341497
 -47.5906
  -17.779
-0.113423
0.0974768
 0.175974
 0.177212
 -46.5049
 -14.6448
 -5.96032
0.0162414
 0.510959
 0.256187
 -46.6556
 -17.0349
-0.281073
0.0975084
 0.176103
 0.160285
  -41.4194
  -12.4559
  -8.15236
-0.0102336
   0.62212
  0.319654
 -44.2817
 -15.6108
 -1.30144
0.0880688
  0.20779
 0.114021
 -45.3359
 -16.7464
  2.65436
 0.133296
0.0195537
 0.110115
   -38.196
  -10.6758
  -8.05506
-0.0149497
   0.63207
  0.321739
 -38.2202
 -13.9988
 -2.21001
0.0707306
 0.267403
 0.122138
 -36.7568
 -11.9868
  -5.3496
0.0162664
 0.487278
  0.17907
 -35.6048
 -12.4752
 -2.09281
0.0641345
 0.289201
 0.158056
  -32.0354
  -10.6802
  -6.20747
0.00305749
  0.535081
  0.204614
 -34.5149
 -13.1692
-0.790045
 0.076759
 0.221863
0.0372509
  -33.878
 -10.8224
 -2.18127
0.0463968
 0.347507
 0.129367
-29.6709
-10.2672
 -4.6458
0.011863
0.483597
0.159098
 -28.0755
 -10.1681
 -2.69999
0.0405371
 0.360525
 0.120654
   -26.6009
   -8.48428
   -5.18814
0.000620953
   0.519425
    0.14601
 -25.5414
 -11.4683
  1.39002
0.0867857
 0.163382
0.0571473
 -26.0284
 -9.10518
0.0403136
 0.064725
 0.254619
 0.104021
 -27.4199
 -7.23825
 -2.74173
0.0237546
 0.419162
 0.131521
  -23.8801
  -6.97123
  -3.93511
0.00840091
  0.481604
  0.150624
  -24.0498
  -10.8655
   3.26937
   0.10251
 0.0913725
-0.0272248
    -21.9009
    -6.04521
    -3.89922
-7.92988e-05
    0.515593
    0.131737
 -21.7383
 -7.28451
 -2.11538
0.0295203
 0.393999
0.0532273
  -20.5052
  -10.4532
   3.41735
  0.098664
  0.112024
-0.0406924
  -19.6273
  -4.50184
  -6.86674
-0.0475279
  0.711731
  0.110358
  -21.1733
  -7.04568
   -2.0982
 0.0219378
  0.426939
-0.0167047
  -18.0077
  -7.57108
  0.740478
 0.0610128
  0.275836
0.00888023
   -16.9165
   -5.32014
   -3.68288
-0.00426574
   0.543349
  0.0416593
  -16.3184
  -5.28877
  -2.94368
0.00888319
  0.493543
 0.0204202
   -16.214
  -7.26403
   1.60709
 0.0714153
  0.242442
-0.0381652
  -13.577
  -5.6502
 0.245671
0.0516536
 0.331614
0.0279887
   -14.9768
   -4.30187
   -4.13373
 -0.0127047
   0.592996
-0.00547015
  -15.4194
  -2.19956
  -6.74062
-0.0448184
  0.732095
 0.0521972
  -13.9964
  -7.47709
   2.88401
 0.0907629
  0.185028
-0.0925353
  -12.5165
  -5.18122
  0.495244
 0.0575053
  0.331008
-0.0270525
   -11.1173
   -3.38934
   -5.08728
 -0.0208381
   0.652773
-0.00507519
    -9.65303
    -2.35854
    -8.11675
  -0.0598363
    0.815915
-0.000264228
 -9.25836
 -7.52129
  1.22809
0.0701669
 0.288776
-0.161367
  -10.2252
  -3.94346
  -2.50304
 0.0174233
  0.512398
-0.0859278
  -12.809
 -6.57385
  2.90185
0.0892901
 0.220905
-0.166705
  -7.58029
  -1.39044
  -7.57633
-0.0575785
  0.827776
 0.0388299
   -8.1158
  -3.53533
  -5.78215
-0.0298105
  0.709681
 -0.112102
  -8.14886
  -3.42898
  -2.35547
 0.0185244
  0.520458
-0.0789149
 -8.12057
 -4.03737
-0.512887
0.0455457
 0.413179
-0.102026
  -7.39099
  -3.06513
  -1.96386
  0.023211
  0.506316
-0.0707086
 -5.62157
 -4.25245
 -0.33881
 0.046943
  0.40859
-0.110323
  -6.76051
  -3.10896
  -4.05761
-0.0150344
  0.655027
 -0.118225
  -7.36746
 -0.312406
  -7.88728
 -0.064583
  0.857948
-0.0409714
 -6.09333
 -4.93383
 0.776218
0.0569202
  0.35976
-0.152701
  -4.05559
  -1.63599
  -4.30499
-0.0137951
  0.649068
-0.0530277
  -4.8087
 -3.74662
 -1.96255
0.0165299
 0.516911
-0.160161
  -4.30951
  -2.49513
  -4.12328
-0.0152651
  0.645588
 -0.108464
  -4.9269
 -4.38437
-0.652576
0.0324671
 0.445816
 -0.19321
  -4.36042
  -2.48228
  -3.26154
-0.0071231
  0.607205
 -0.117203
   -2.47874
   -2.03755
   -3.85367
-0.00989748
   0.618778
 -0.0936098
  -5.20875
  -3.69921
  -2.04957
0.00971344
  0.530533
  -0.19841
  -7.35869
  -3.14547
-0.0355729
 0.0317931
  0.444175
 -0.164349
  -3.79697
  -1.47792
  -3.89309
-0.0181976
  0.650357
-0.0511988
  -2.30744
  0.469525
  -9.03264
-0.0880541
  0.933119
-0.0437569
 -4.18075
 -4.37558
 0.026594
0.0363612
 0.422789
-0.204785
  -2.88284
 -0.805334
  -3.95452
-0.0168185
  0.648587
-0.0504759
 -3.89107
 -2.86718
  -1.5508
0.0161618
 0.510293
-0.156514
  -2.87534
  -1.72964
  -3.88479
-0.0174252
  0.649906
-0.0890509
  -1.18605
  -1.86667
  -3.90797
-0.0135554
  0.635626
 -0.103512
  -4.29073
  -3.43585
   -1.9092
0.00573122
  0.552617
 -0.207021
   -4.7771
    -1.027
  -3.51677
-0.0125828
  0.636256
-0.0912035
 -2.22524
 -2.58832
 -1.35009
0.0181229
 0.513381
-0.110365
  -1.12195
 -0.883415
   -4.3411
-0.0214663
  0.677384
-0.0869858
 -2.03643
 -3.07162
  -1.3241
0.0169009
 0.520838
-0.166612
   -1.5466
  -1.05285
  -3.71591
-0.0168629
  0.667245
 -0.074271
  -1.23268
 -0.642436
  -4.02116
-0.0140482
  0.661529
-0.0776399
 -2.10765
  -2.9967
  -1.5143
 0.013655
 0.548116
-0.171439
   -1.77799
   -1.35312
   -3.26316
-0.00858835
   0.647085
    -0.1052
 -2.22264
 -2.28962
 -1.76709
0.0125995
 0.562639
-0.140758
  -1.61862
 -0.550805
  -4.62995
-0.0257078
  0.724782
 -0.073921
  0.137566
  -1.44128
  -4.80605
-0.0232052
  0.714343
 -0.109366
 -2.35664
 -2.64457
-0.797563
0.0307714
 0.494934
-0.186197
  -4.0896
 -1.99122
 0.272596
0.0452814
 0.442377
-0.145426
  -1.11997
  -1.42856
  -1.85845
 0.0213874
  0.543459
-0.0922984
-0.964252
-0.896289
 -2.53943
0.0137093
 0.576155
-0.102484
  -1.6176
 -2.43474
-0.819174
0.0312959
 0.503477
-0.150805
    -0.6187
   0.280811
   -3.83328
-0.00431847
   0.655986
 -0.0480886
 -1.49167
 -1.60019
 -0.91935
0.0372803
 0.485551
-0.126021
  -1.24086
 -0.271035
   -3.1028
   0.00513
  0.620006
-0.0723696
 -1.57252
 -1.79664
  -1.4363
0.0270784
 0.526992
-0.136287
  -1.26221
 -0.752535
  -2.59154
 0.0103231
  0.598106
-0.0987103
 -1.34138
 -1.75157
 -1.22876
 0.028045
 0.522299
-0.139072
-0.0507272
   1.07486
  -5.32634
-0.0256512
  0.744896
-0.0413861
 -1.11984
 -3.61536
   2.7364
0.0861724
 0.280902
-0.208501
 0.408888
 -1.99469
  1.06428
0.0614208
  0.38382
-0.130746
 -1.31763
-0.493207
 -1.42707
0.0231114
 0.537503
-0.107065
  -1.98362
  0.602517
   -2.8719
 0.0032253
  0.616782
-0.0636197
0.0696714
 -1.46698
-0.281879
0.0392109
 0.464853
-0.112613
   0.380378
   0.719808
   -3.32239
-0.00317327
   0.636113
 -0.0583085
 -0.299067
 -0.372078
  -2.38366
0.00781318
  0.585354
 -0.114165
-0.595356
 -1.43918
 0.324712
0.0448115
  0.43033
-0.151991
-0.660382
 -2.15131
 0.467556
0.0392438
 0.446685
-0.175855
  0.227315
  0.964747
  -4.21193
-0.0207429
  0.692098
-0.0841889
-0.520333
 -2.14364
 0.362732
0.0398079
 0.435549
-0.203396
0.0156309
-0.554906
 -1.60244
0.0101603
 0.555838
-0.148555
-0.338331
 -1.26524
0.0618584
 0.033519
 0.458336
-0.166914
  0.538693
   1.23007
  -4.07257
-0.0196539
  0.675987
-0.0905266
 -1.12107
 -4.19458
   5.8606
 0.116261
 0.114593
-0.282188
-0.713377
 -1.60825
  2.96832
0.0700447
 0.307409
-0.144637
-0.250555
 0.108422
-0.670962
0.0230067
 0.497789
-0.102566
-0.394921
 -1.09094
-0.721895
0.0147979
 0.525003
-0.131301
   0.399926
    2.09929
   -4.78574
 -0.0414921
   0.760195
-0.00270904
  0.137511
   1.47843
  -4.93274
-0.0413755
  0.755405
-0.0435736
 0.0199791
  0.108601
 -0.502581
 0.0229271
  0.493194
-0.0745785
-0.152961
 -1.64017
  1.90329
0.0497986
 0.380696
-0.123619
  0.531289
   0.36554
  -1.33786
0.00698793
  0.557859
-0.0524402
   0.928845
   0.540115
   -2.08389
-0.00122881
   0.588478
 -0.0589051
   1.19641
  0.708138
  -4.00536
-0.0280496
  0.694247
-0.0899081
-0.105178
  -3.8585
  4.79545
0.0917918
 0.202418
-0.236331
   1.70572
 -0.126003
  0.791516
 0.0376429
    0.4345
-0.0549171
-0.344396
 -0.22177
 0.258252
0.0340357
 0.445963
-0.124504
-0.819007
-0.863235
0.0506182
0.0243192
 0.485109
 -0.12287
    1.40815
     2.3053
    -5.4411
  -0.046029
   0.778769
-0.00488275
-0.156016
 -1.42126
 0.765495
0.0412908
 0.416778
 -0.17818
-0.432518
  -2.2188
  3.69623
0.0795912
 0.264257
-0.179962
  0.918487
   2.00641
  -4.63508
-0.0351808
  0.737904
-0.0209509
 0.474579
-0.929488
 -0.27915
0.0306162
 0.464659
-0.155089
 0.843677
-0.267827
 -1.19049
0.0168532
 0.522324
-0.121491
  0.967134
-0.0702373
  -1.82785
 0.0111435
  0.547014
 -0.118109
 0.271147
 -1.21827
  1.47073
0.0584047
 0.356608
-0.160791
-0.150429
 -2.59147
  3.89979
0.0904555
 0.225995
-0.204358
  0.576606
  0.489522
  -1.96286
0.00850888
  0.565371
-0.0887911
    0.3674
-0.0214462
  -0.59434
 0.0285584
  0.487774
 -0.102125
   0.898587
   0.998491
    -2.7894
-0.00299007
   0.620391
 -0.0598248
 0.537945
0.0876396
 0.453504
0.0437865
 0.432542
-0.100959
 0.296443
-0.992313
  2.46004
0.0671589
 0.337588
-0.124249
     1.15041
     1.14285
    -2.37104
-0.000798335
    0.618154
  -0.0517171
    1.16185
   0.664629
   -2.37924
-0.00251044
   0.625157
 -0.0872136
    1.24543
   0.950401
    -3.0877
-0.00921673
   0.655832
 -0.0961062
 0.341543
 -2.07673
  3.30327
0.0788196
 0.300077
-0.183922
   1.23466
 0.0883566
   1.90952
 0.0640633
  0.371567
-0.0828186
  1.53681
     0.18
-0.828465
0.0268527
 0.522659
 -0.12105
  1.17139
 -1.02254
-0.688905
0.0223635
 0.538046
-0.162139
    1.46826
   0.868146
   -2.84384
-0.00240198
   0.643817
  -0.109717
 0.418422
 -1.92154
   3.9835
0.0935011
 0.254994
-0.203828
 0.550405
-0.915565
  3.00021
0.0762316
 0.329916
 -0.13471
   1.18161
   1.11191
  -1.18168
 0.0203656
  0.560489
-0.0787793
 0.925517
 0.251011
  -1.1408
0.0170474
  0.57174
 -0.11332
   1.02053
    1.3403
  -3.43011
-0.0136259
  0.699759
-0.0844143
 0.252886
 -1.01744
  3.03421
0.0799911
 0.322267
-0.150141
 0.475171
-0.574025
  2.93823
0.0763263
 0.343121
 -0.10986
    1.3828
   1.30276
  -1.90076
 0.0104838
   0.61522
-0.0548361
  1.15327
-0.229822
 -1.27485
0.0143362
 0.597145
 -0.12522
   1.81167
   1.61941
  -4.17905
-0.0225759
  0.752728
-0.0576702
  1.04439
 -1.30707
  1.95729
0.0653309
 0.393896
-0.168777
  1.29168
 -1.08959
  3.32744
0.0851189
 0.318436
-0.127178
   2.24486
   1.65514
  -1.76042
 0.0172275
  0.600177
-0.0273868
   2.07661
  0.301017
 -0.731154
 0.0322013
  0.536573
-0.0959483
  1.37294
 -1.03389
  1.27643
0.0563256
 0.437962
-0.148764
   1.58775
   2.10981
  -2.39493
 0.0100659
  0.637008
-0.0295554
 0.764446
-0.880388
  2.66854
0.0850692
 0.330562
-0.148341
 0.513947
-0.994203
  3.49983
0.0928509
 0.303404
-0.136852
  1.52246
  1.76597
 -0.63744
0.0406681
  0.52449
-0.029954
   1.43656
  0.812896
  -1.21229
 0.0317899
  0.556937
-0.0935223
  1.12203
 -1.44419
  1.29987
0.0625292
 0.429231
-0.178142
  1.71794
   1.7634
 -2.30388
0.0170257
 0.624584
-0.054553
   1.2983
-0.784842
  2.00621
0.0803245
 0.365996
-0.154836
  1.01283
 -1.31006
  2.64574
0.0843795
 0.349826
-0.176949
  1.44735
-0.032116
-0.500439
0.0411111
 0.527778
-0.116872
    1.753
0.0602843
-0.439224
0.0416645
 0.527011
-0.110936
  2.04145
 0.469679
 -1.34946
0.0314754
  0.57005
-0.099983
  1.25561
-0.921618
  1.00891
0.0617074
 0.445956
-0.153086
   1.72284
   1.87344
  -2.16471
 0.0219176
  0.614976
-0.0304487
  1.01807
-0.328978
  1.65921
 0.075652
 0.392758
-0.124604
 0.745725
 -0.91991
  2.42582
0.0793546
 0.378334
-0.124066
   1.80279
   2.10872
  -1.16714
 0.0377454
  0.556458
-0.0125919
  1.23283
 -0.74907
  1.59282
0.0722052
 0.411092
-0.125661
   2.02827
   1.42085
  -1.00982
 0.0381775
  0.556344
-0.0363686
   1.98045
  0.591962
 -0.405358
 0.0478074
  0.516831
-0.0859762
  1.64408
-0.853518
  1.01323
0.0632037
 0.453551
 -0.13114
   2.35361
   2.04039
  -2.78085
 0.0168959
  0.649448
-0.0358466
   1.2453
 -2.85124
  4.24531
 0.110628
 0.262681
-0.214358
   1.85698
  0.222313
  0.848532
  0.063612
  0.463442
-0.0792604
    1.9961
  0.194001
 -0.188753
  0.052607
  0.509071
-0.0990219
  1.67701
-0.457862
 0.399423
0.0563582
 0.493873
-0.112091
   1.89494
   1.29627
   -1.4965
 0.0323395
  0.597654
-0.0486442
  1.43608
 0.374611
   0.3358
0.0581875
  0.49386
 -0.07784
   1.75735
   1.65265
   -1.0847
 0.0397958
  0.573845
-0.0290511
   1.35125
-0.0991786
   1.19034
 0.0708708
   0.44652
-0.0992307
   1.31855
  0.315709
  0.627614
 0.0611963
  0.490064
-0.0779779
   2.34912
   3.39987
  -5.17052
-0.0135736
  0.800892
 0.0185585
  1.36257
 -1.09879
  1.69102
0.0846008
 0.395817
-0.177389
 0.875329
 -2.46583
   5.6696
 0.135889
 0.189772
-0.207622
   2.29242
   1.66324
  -1.73096
 0.0352264
  0.602915
-0.0484166
  1.81687
 -1.46834
  1.18581
0.0736258
 0.429165
-0.204784
  1.90898
 -1.02804
  1.45555
0.0719788
 0.429279
-0.173581
  1.93387
  -1.3511
  2.40607
0.0826478
 0.378602
-0.168084
   2.47472
  0.819029
 -0.924797
 0.0353939
  0.567218
-0.0883385
  2.27589
-0.244804
 -0.28481
0.0431357
 0.528634
-0.130631
   1.91026
  0.182245
-0.0553618
 0.0422352
  0.529328
 -0.101272
   1.61199
  0.742751
 -0.511901
 0.0360382
  0.553317
-0.0730335
   1.18895
  0.447079
  0.228081
 0.0441249
  0.517443
-0.0791057
   1.47924
   1.83407
   -1.7066
 0.0195212
  0.617829
-0.0256578
  0.997865
  0.374856
  0.116116
 0.0449664
  0.508853
-0.0906502
   1.12905
  0.397398
  0.860952
  0.054915
  0.466855
-0.0769327
   1.47704
  0.336405
  0.750218
 0.0540296
  0.467296
-0.0824189
   1.76422
-0.0224741
  0.708409
 0.0523973
  0.469674
 -0.103193
  1.99224
  -0.1271
 0.573751
0.0504706
 0.473097
-0.108136
  2.13041
 -0.11655
 0.535719
0.0505074
 0.469205
-0.107125
   2.20486
-0.0737756
  0.458612
 0.0497877
  0.468358
  -0.10468
   2.16709
 0.0701731
  0.270235
 0.0475505
  0.474771
-0.0990432
   2.13822
  0.125539
  0.110594
 0.0456262
  0.479308
-0.0957158
   1.91161
  0.188752
  0.134535
 0.0465359
  0.473015
-0.0947599
   1.70223
  0.313144
  0.212991
 0.0487054
  0.461687
-0.0918259
   1.44476
  0.353699
  0.315934
 0.0504636
  0.451551
-0.0932177
   1.20837
   0.29261
   0.44462
  0.051862
  0.443046
-0.0968548
  1.13395
 0.264061
 0.364811
0.0500125
 0.448048
-0.099924
  1.15114
  0.20749
 0.239858
0.0472649
 0.456068
 -0.10587
    1.172
0.0959965
0.0363907
0.0432017
  0.46992
-0.114416
   1.17874
-0.0202034
 -0.194606
 0.0387795
  0.485573
 -0.122522
  1.18834
-0.143907
-0.407222
0.0348789
 0.499581
-0.130303
  1.18918
-0.252095
-0.554724
0.0323566
 0.508919
-0.137059
  1.15696
-0.322908
   -0.656
0.0304496
 0.515327
-0.140558
  1.13565
-0.367463
-0.687284
0.0298172
 0.516438
-0.142426
  1.13795
-0.360357
-0.670006
0.0302197
  0.51404
-0.141759
  1.14156
-0.300788
-0.567454
0.0321382
 0.505774
-0.137433
  1.14239
-0.201115
-0.431613
0.0346976
 0.494943
  -0.1305
  1.13617
-0.107391
-0.293496
0.0372993
 0.484163
-0.124228
   1.12521
-0.0289426
 -0.186422
 0.0394103
  0.476025
 -0.119079
  1.09459
0.0190559
 -0.13988
0.0402954
 0.472601
-0.115966
  1.06614
0.0368748
-0.154972
0.0398748
 0.473962
-0.115244
   1.06615
7.0537e-05
  -0.21472
 0.0386386
  0.478754
  -0.11793
  1.09174
-0.068151
-0.332154
 0.036264
 0.487312
-0.122928
  1.15025
-0.162985
-0.460255
0.0338682
 0.496166
-0.129089
  1.20918
-0.267936
-0.578379
 0.031553
 0.504274
-0.135805
  1.25613
 -0.34955
-0.661319
0.0298979
  0.50965
-0.141063
  1.26804
-0.394335
-0.703306
0.0290612
 0.511656
-0.144065
  1.23386
-0.402244
-0.698308
0.0291299
 0.510246
-0.144357
  1.14025
-0.367529
-0.659809
0.0299123
 0.506338
-0.141363
  1.00219
-0.289177
-0.592073
0.0313553
 0.499797
-0.136094
 0.834696
-0.188818
-0.521078
0.0330807
 0.493085
-0.129869
  0.669089
-0.0961414
 -0.458934
 0.0346032
  0.487293
 -0.124068
 0.545042
-0.034548
-0.427082
0.0352628
 0.484253
-0.120191
  0.531185
-0.0169365
 -0.434076
 0.0350995
  0.484623
 -0.119895
 0.622418
-0.033112
-0.471535
0.0342294
 0.487855
-0.121746
  0.784042
-0.0887137
 -0.495025
 0.0334179
  0.490696
 -0.125072
 0.993422
-0.169682
-0.541787
0.0321423
 0.495303
-0.129794
  1.21081
-0.269194
-0.578362
0.0311049
 0.498705
-0.135978
   1.3724
-0.339417
-0.610527
0.0302457
 0.501457
-0.140331
  1.43568
-0.378291
-0.609417
0.0300655
  0.50182
-0.142184
  1.42942
-0.383905
-0.589237
0.0303884
 0.500148
-0.141477
  1.36496
-0.356909
-0.559109
0.0309372
 0.497367
-0.138919
  1.23607
-0.304791
-0.522795
0.0316746
 0.493952
-0.135252
  1.08019
-0.230792
-0.486421
0.0325294
 0.490379
-0.130401
 0.921026
-0.145364
-0.460375
0.0332257
 0.487445
-0.125359
  0.784043
-0.0817817
  -0.43196
 0.0338468
  0.484966
 -0.121242
  0.694618
-0.0411069
  -0.45381
 0.0334832
  0.486356
 -0.119155
  0.671581
-0.0441088
 -0.476069
 0.0328965
  0.488277
   -0.1198
  0.705292
-0.0707212
 -0.525688
 0.0317919
  0.492255
 -0.122357
 0.771791
-0.124318
-0.576496
0.0306458
 0.496579
-0.126612
 0.855991
-0.199516
-0.626305
0.0296071
 0.500782
-0.131669
 0.945799
-0.274265
-0.680866
0.0285763
 0.505078
-0.136515
  1.02489
-0.338373
-0.703423
0.0278671
 0.507104
 -0.14086
   1.0879
 -0.37034
-0.709461
0.0275757
   0.5076
-0.143018
  1.11946
-0.377574
-0.695263
 0.027813
 0.506489
-0.143659
   1.1185
-0.349498
-0.659326
0.0285512
 0.503666
-0.142335
   1.0892
-0.290897
-0.584971
0.0299637
 0.498124
-0.138843
  1.04744
-0.218153
-0.521483
0.0310976
 0.493024
-0.134284
 0.995153
 -0.16429
-0.464102
0.0322737
 0.488627
-0.130795
 0.943581
-0.118986
-0.450452
0.0324871
 0.487435
-0.128085
 0.904767
-0.096227
-0.441145
0.0326581
 0.486877
-0.126786
  0.893109
-0.0944668
 -0.461166
 0.0322433
  0.488605
 -0.126595
 0.907531
-0.130464
 -0.50375
0.0312737
 0.492068
-0.129351
 0.946598
-0.188261
-0.568359
0.0299596
  0.49726
-0.133247
 0.997646
-0.252473
-0.618113
0.0289701
  0.50111
 -0.13743
  1.04588
-0.298935
  -0.6652
0.0281542
 0.504431
-0.140676
  1.08147
 -0.33498
-0.686797
0.0276599
 0.505854
-0.142793
  1.08329
-0.345975
-0.678523
0.0278144
 0.505255
-0.143565
  1.05369
-0.322847
-0.661878
0.0281464
 0.503513
-0.142079
 0.993792
-0.275351
 -0.61305
0.0291393
 0.499356
-0.138752
  0.92422
-0.219999
 -0.55948
0.0302147
 0.494788
-0.134986
 0.860651
-0.163559
-0.520565
0.0309385
 0.491368
-0.131979
 0.814536
-0.130152
 -0.48872
0.0314193
 0.488823
-0.129697
 0.804662
-0.114987
-0.488808
0.0313635
 0.488816
-0.128897
  0.84158
-0.126005
-0.505094
0.0309296
 0.490447
-0.129959
   0.9072
-0.160082
-0.539879
0.0300695
 0.493614
-0.132752
 0.990046
-0.207366
-0.571058
0.0291333
 0.496339
 -0.13607
  1.06402
-0.255254
-0.607618
 0.028289
 0.499321
-0.139158
  1.12699
-0.306881
-0.630534
0.0276449
 0.501187
-0.142632
  1.16167
-0.333693
-0.642627
0.0272873
 0.502039
-0.144434
  1.14412
-0.336267
 -0.63339
0.0276962
  0.50111
-0.144748
  1.09381
-0.315029
-0.617891
0.0281056
 0.499435
-0.143126
  1.01993
-0.279822
-0.593072
0.0286505
 0.497205
-0.140736
 0.943342
 -0.23323
-0.570826
0.0291586
 0.495122
-0.137812
 0.863667
-0.184868
-0.532009
0.0299315
 0.491861
-0.134454
 0.808039
 -0.14287
-0.522861
0.0301978
 0.490693
-0.131536
 0.778915
-0.128385
-0.512474
0.0303181
 0.489993
 -0.13084
  0.79605
 -0.13414
-0.524391
0.0298991
 0.491141
-0.130979
 0.847318
-0.152728
-0.552739
0.0290802
 0.493521
-0.132389
  0.91815
-0.197353
-0.575343
0.0283558
 0.495651
 -0.13529
 0.995154
-0.243098
-0.602504
0.0275522
 0.498063
-0.138381
  1.06555
-0.289352
-0.630838
0.0267935
 0.500452
-0.141706
  1.12542
-0.321672
 -0.64822
 0.026355
 0.501786
-0.144049
  1.15492
-0.334323
-0.652917
0.0262921
 0.502059
-0.144798
   1.1488
-0.324124
-0.641588
0.0265825
 0.501011
-0.144169
  1.10614
-0.299607
-0.608898
0.0272841
 0.498222
-0.142665
  1.03848
-0.260459
-0.580625
0.0277809
 0.495574
-0.140246
  0.96601
-0.218608
-0.551007
0.0284494
 0.492924
-0.137461
 0.895822
-0.181066
-0.536202
0.0287591
 0.491408
 -0.13514
 0.838111
-0.157676
-0.528935
0.0288222
 0.490721
-0.133528
 0.803491
-0.153959
-0.529365
0.0287664
 0.490922
-0.133372
  0.80415
-0.169402
-0.547838
0.0283384
 0.492514
-0.134767
 0.842954
-0.198237
-0.587821
0.0274821
 0.495601
-0.136571
 0.898694
 -0.24062
-0.619554
0.0268353
 0.498245
-0.139526
 0.962108
-0.282508
-0.647418
0.0263335
  0.50058
 -0.14232
  1.01649
 -0.31426
-0.670705
0.0259066
 0.502467
-0.144689
  1.05888
-0.329729
-0.683518
0.0258082
 0.503334
 -0.14581
  1.07265
-0.330865
-0.670882
0.0260462
 0.502298
-0.146045
  1.05817
-0.311591
-0.650135
0.0263686
 0.500573
-0.144714
  1.02159
-0.274616
-0.620768
0.0270076
 0.498017
-0.142146
 0.975156
-0.239582
-0.583913
0.0277779
  0.49506
-0.139734
 0.932614
-0.207236
-0.552556
0.0284012
 0.492468
-0.137589
 0.905225
-0.188591
-0.529785
0.0288597
 0.490724
-0.136518
 0.895747
 -0.18112
-0.520391
 0.028996
 0.490307
 -0.13573
 0.909034
-0.191048
-0.528743
0.0287392
   0.4912
-0.136274
 0.941185
 -0.21474
-0.560627
0.0280549
 0.493718
-0.138085
 0.979983
-0.249077
-0.590251
0.0273698
 0.495987
-0.140574
  1.01265
-0.281933
-0.622004
0.0267493
 0.498457
-0.143018
   1.0383
-0.305142
-0.650543
0.0260588
 0.500501
-0.144339
  1.03368
-0.317441
-0.662394
0.0257841
 0.501236
-0.145308
  1.01648
-0.315346
 -0.66265
0.0256222
 0.501193
-0.144969
 0.980316
-0.297895
-0.650013
0.0257298
 0.499977
-0.143726
