-0.163732
0.0517463
  0.78377
 0.334961
 -1.07215
-0.138884
-0.175261
 0.048425
 0.787149
 0.335962
 -1.06961
-0.141634
-0.155812
0.0537513
 0.783525
 0.338455
 -1.07003
 -0.14584
-0.141779
0.0560534
 0.783777
 0.344504
 -1.06647
-0.125954
-0.162248
0.0467572
 0.781501
 0.344519
 -1.06449
 -0.14386
-0.145212
0.0527823
 0.788308
 0.336972
 -1.06526
-0.131933
  -0.1434
0.0540135
 0.779165
 0.343108
 -1.06625
-0.137931
-0.167433
 0.050151
 0.784828
  0.33715
   -1.075
-0.143726
-0.145263
0.0532289
  0.78698
 0.341492
 -1.07197
-0.140573
-0.161231
0.0505026
 0.784677
 0.337763
 -1.06675
-0.149179
-0.167049
0.0484098
 0.786204
 0.336309
 -1.07134
-0.133315
-0.165574
0.0508024
 0.787253
 0.337018
 -1.07446
-0.132313
-0.167257
0.0495804
 0.785754
 0.338613
 -1.07542
-0.153193
-0.153879
0.0545474
 0.788035
 0.342571
 -1.06965
-0.139056
 -0.16668
0.0465327
 0.784801
 0.330217
 -1.06465
-0.152701
-0.150452
0.0561822
 0.787044
 0.330393
 -1.06119
-0.134345
-0.151908
0.0540658
 0.784677
 0.341154
 -1.07518
-0.141405
-0.172264
0.0444516
 0.785856
 0.341916
 -1.07041
-0.152823
-0.153301
 0.050143
 0.781531
 0.335913
 -1.07608
-0.140552
 -0.16138
0.0506758
 0.789215
 0.347396
 -1.07028
-0.137718
-0.163045
0.0487953
  0.78674
 0.341201
 -1.06851
-0.156634
-0.161702
0.0512935
 0.788289
 0.337906
 -1.07204
-0.132573
-0.166718
0.0551014
 0.785577
 0.342934
 -1.06883
 -0.14638
-0.167464
0.0489313
 0.786899
 0.333348
 -1.06497
 -0.15173
-0.156213
0.0543989
 0.786738
 0.337638
 -1.07202
-0.150182
-0.160169
0.0458439
 0.785841
 0.345315
  -1.0734
-0.151419
 -0.15804
0.0531511
 0.783836
 0.334032
 -1.06806
 -0.13224
-0.148839
0.0509545
 0.789101
 0.344299
 -1.07115
-0.148352
-0.174475
0.0455676
 0.784747
 0.346278
 -1.07004
-0.149961
-0.143408
  0.05429
 0.785787
 0.345983
 -1.06066
-0.138531
-0.141053
0.0520008
 0.788124
 0.337902
 -1.07473
-0.144107
-0.169489
0.0495706
  0.78473
 0.334802
 -1.06482
-0.148876
-0.153211
0.0507916
 0.780618
  0.34063
 -1.06578
-0.127037
-0.171809
0.0505918
  0.78109
 0.340827
 -1.07148
-0.159209
-0.134807
0.0598801
 0.778928
 0.341391
  -1.0599
-0.139062
 -0.14523
0.0524299
 0.790318
 0.343219
 -1.07312
-0.141344
-0.160106
0.0538073
 0.785594
 0.339867
  -1.0696
-0.152582
 -0.16853
0.0544772
  0.78341
 0.336948
 -1.06251
-0.149034
-0.147165
0.0518382
 0.788215
 0.339302
 -1.07433
-0.138911
-0.174394
0.0445029
 0.789479
 0.336178
 -1.07054
 -0.14385
-0.155554
0.0524888
 0.783884
 0.341226
  -1.0688
-0.128226
-0.142346
0.0573954
 0.785791
 0.335165
 -1.05804
-0.137203
-0.157239
0.0510705
 0.779959
 0.347641
 -1.07168
-0.155878
-0.156771
0.0486756
 0.780422
 0.341863
 -1.07677
-0.140634
-0.164315
0.0536583
 0.782717
 0.335929
  -1.0753
-0.130718
-0.157348
0.0512041
 0.785732
 0.328486
 -1.05892
-0.154043
-0.152205
0.0567545
 0.778084
 0.346323
 -1.06625
-0.128405
-0.164776
0.0492437
 0.785938
 0.341882
 -1.07709
-0.144094
-0.148183
0.0568118
 0.784735
 0.335779
  -1.0656
-0.136097
-0.166643
0.0479307
  0.78464
 0.342567
 -1.07387
-0.153818
-0.162755
0.0490595
 0.787022
 0.343973
 -1.07979
-0.144397
-0.156032
0.0551742
 0.781244
  0.34162
 -1.07636
-0.144438
-0.162292
0.0479549
 0.782593
 0.346427
  -1.0605
 -0.14086
-0.157499
0.0540403
 0.787808
 0.343314
 -1.07267
-0.152071
 -0.14073
0.0528967
 0.790297
 0.342007
 -1.07493
-0.143278
-0.168845
0.0481988
    0.786
 0.336689
 -1.07298
-0.144326
-0.158689
0.0502208
 0.784427
 0.343159
 -1.06022
-0.158738
 -0.16494
0.0490807
 0.786071
 0.337876
 -1.07796
-0.139629
-0.153021
 0.052522
 0.788141
  0.34293
 -1.06543
-0.137673
-0.161168
0.0516872
 0.787979
  0.34075
 -1.06773
-0.148514
-0.159745
0.0529774
 0.783787
 0.335183
  -1.0734
-0.136226
-0.159914
0.0462033
 0.783732
 0.344909
 -1.07235
-0.146325
-0.152679
0.0493493
 0.785992
 0.334806
 -1.07871
-0.145597
-0.152843
0.0509058
 0.786101
 0.342361
  -1.0683
-0.131477
-0.153075
0.0520243
 0.781601
 0.343341
 -1.06587
-0.130724
-0.171349
0.0502496
   0.7882
 0.340034
 -1.07458
-0.140936
-0.161902
0.0544237
 0.782352
 0.345779
 -1.06358
-0.142565
-0.170268
 0.045513
 0.780636
 0.339753
 -1.06641
-0.136291
-0.148278
0.0499036
 0.786847
 0.347787
 -1.07333
-0.150717
-0.153215
0.0529567
 0.784798
 0.341493
 -1.06414
-0.137282
-0.173895
0.0440719
 0.781515
 0.341995
 -1.06952
 -0.15006
-0.147835
0.0472536
 0.784949
 0.342785
 -1.08136
-0.142259
-0.168372
 0.047126
 0.783763
 0.342412
 -1.06628
-0.142562
-0.169764
0.0448068
 0.784729
 0.342841
 -1.06838
-0.154883
-0.166666
0.0485905
    0.787
 0.331896
 -1.06547
-0.151297
-0.163859
0.0541306
 0.782247
 0.339988
 -1.07497
-0.153103
-0.163097
 0.051429
 0.783513
 0.337944
 -1.05542
-0.148367
-0.135541
0.0566989
 0.785844
 0.337114
   -1.078
 -0.13933
-0.151784
 0.056461
 0.786859
 0.338849
 -1.06071
-0.140436
-0.139813
0.0499703
 0.787298
 0.341303
  -1.0772
-0.132688
 -0.16335
0.0522336
 0.777049
 0.338431
 -1.06806
-0.137863
-0.168825
  0.04924
  0.78507
 0.338322
 -1.06769
-0.132275
-0.143803
0.0577751
 0.788008
 0.340665
 -1.06332
-0.136207
-0.172346
0.0469841
 0.782704
 0.336511
 -1.06602
-0.144219
-0.139748
0.0574833
 0.783652
 0.330084
 -1.06106
-0.136421
-0.162067
0.0477205
 0.785823
 0.340899
 -1.06802
-0.152049
-0.166785
0.0489936
 0.785941
 0.336298
 -1.07182
-0.146306
-0.142967
0.0538381
 0.786013
 0.341446
 -1.06582
-0.131016
-0.146856
0.0522078
 0.787242
 0.338666
 -1.06566
-0.129133
 -0.15234
0.0489947
 0.780623
 0.342858
 -1.06942
-0.129503
-0.149872
0.0559485
 0.783617
   0.3396
 -1.05724
-0.134131
-0.148425
0.0490836
 0.783632
 0.336674
  -1.0745
-0.150749
-0.151456
0.0527134
 0.788477
 0.335631
 -1.06958
-0.123963
-0.146977
0.0516727
 0.776744
 0.342526
 -1.06839
   -0.152
 -0.16559
0.0435014
  0.78596
 0.339139
 -1.07103
-0.153964
-0.147222
  0.05269
 0.787011
 0.338029
 -1.07427
-0.142759
-0.154607
0.0497378
 0.779198
 0.348249
 -1.07326
-0.142879
-0.171976
0.0437596
 0.785131
 0.334186
  -1.0674
-0.141874
 -0.15087
0.0508482
  0.78372
 0.339818
 -1.07487
 -0.14303
 -0.15795
0.0460916
 0.774913
 0.344937
 -1.07045
-0.141677
-0.171062
0.0498929
 0.789164
 0.343656
 -1.06618
-0.146051
-0.168929
0.0481579
 0.786125
 0.335838
 -1.06891
-0.137691
-0.165118
0.0502443
 0.781263
 0.345036
 -1.06604
-0.148471
-0.148538
0.0498511
 0.786834
  0.34152
 -1.08324
-0.154741
-0.144525
0.0587838
 0.785909
 0.337865
 -1.06268
  -0.1264
-0.161423
0.0518835
 0.785694
 0.335562
 -1.06399
-0.150391
-0.149287
0.0529742
 0.789265
 0.340515
 -1.06789
-0.135432
-0.160764
0.0489817
  0.78581
 0.344742
 -1.07775
-0.146871
-0.151887
0.0551684
 0.781439
 0.346534
 -1.06785
-0.129153
-0.155755
0.0540624
 0.787023
 0.337164
 -1.05958
-0.134349
-0.157783
 0.045669
 0.785922
 0.345191
 -1.08026
  -0.1487
-0.163074
0.0498901
 0.783735
 0.335173
 -1.06814
-0.141774
-0.169232
0.0505651
 0.786989
 0.340634
 -1.07265
-0.142962
-0.144142
0.0580225
 0.782276
  0.33961
 -1.06511
-0.142523
-0.168002
0.0539757
 0.785632
 0.341515
 -1.07072
-0.148574
-0.171219
0.0499248
  0.78707
 0.335991
  -1.0711
-0.143234
-0.156174
0.0554338
 0.783963
 0.335654
 -1.07022
  -0.1218
-0.171644
 0.052228
 0.784669
 0.343536
 -1.07224
-0.144337
-0.164639
0.0492179
 0.783574
 0.343624
  -1.0675
 -0.14906
-0.147896
0.0570637
 0.786946
 0.339788
 -1.06571
-0.136149
-0.150134
0.0496169
 0.782774
 0.346503
 -1.06829
-0.132057
-0.167051
0.0498964
 0.783513
 0.334234
 -1.07563
-0.157186
-0.159025
0.0509284
 0.787867
 0.333953
 -1.06424
-0.158406
  -0.1503
0.0493055
 0.780355
 0.343298
 -1.07238
-0.143354
-0.170293
0.0464638
  0.78142
 0.342346
 -1.06675
-0.149442
-0.163321
0.0513411
 0.785818
 0.334954
 -1.06129
 -0.14606
-0.160878
0.0492051
 0.786131
 0.333821
 -1.06799
-0.135618
-0.150784
0.0583483
 0.781643
 0.330875
 -1.06219
-0.121023
-0.162086
0.0539851
 0.783526
 0.336014
 -1.07081
-0.144509
-0.157376
0.0519882
 0.786935
 0.339228
 -1.07286
-0.143808
 -0.16419
 0.055016
 0.785578
 0.341044
  -1.0681
-0.148542
-0.142475
0.0504485
 0.784934
 0.335981
  -1.0667
-0.137175
-0.154251
 0.056249
 0.788061
 0.335924
 -1.07145
-0.137701
-0.164931
0.0491646
 0.783816
   0.3408
 -1.07198
-0.137306
-0.141133
0.0541637
 0.783783
 0.344035
 -1.05845
-0.126764
-0.158859
0.0490713
 0.781469
 0.337028
 -1.08017
-0.146752
-0.172457
0.0460914
 0.783963
 0.338068
 -1.06585
-0.135751
-0.146551
0.0507493
 0.776688
 0.344117
   -1.064
-0.154753
-0.175055
0.0487248
 0.786877
 0.341098
 -1.07275
-0.152534
-0.141382
 0.055032
   0.7815
 0.343104
 -1.06586
-0.130623
-0.169439
0.0425726
 0.781529
 0.337509
 -1.06385
-0.153826
-0.161132
0.0515534
 0.783478
 0.339545
  -1.0618
-0.150798
-0.173825
0.0440974
 0.781386
 0.340954
  -1.0659
-0.157114
-0.155386
0.0543711
 0.785491
 0.346859
 -1.06933
 -0.15456
-0.173604
0.0437778
 0.784824
 0.342534
 -1.06705
-0.152776
-0.170036
0.0460539
 0.784841
 0.339992
   -1.069
-0.149726
-0.142427
0.0518855
  0.78501
 0.340356
 -1.06135
-0.129905
-0.156639
0.0508657
 0.786817
 0.341795
 -1.07244
-0.153595
-0.143496
0.0563905
  0.78593
   0.3391
 -1.06245
-0.132237
-0.170948
0.0497626
 0.782747
 0.340759
 -1.07155
-0.136172
 -0.17322
0.0426609
 0.784938
 0.342003
 -1.07121
-0.150759
-0.143262
0.0548475
 0.785866
 0.335572
 -1.07171
-0.141857
-0.157778
0.0549698
 0.781327
 0.339903
 -1.06999
 -0.14222
-0.164455
0.0488889
 0.785023
 0.342971
 -1.07604
-0.134932
-0.162857
0.0507764
 0.787058
 0.335926
 -1.07793
-0.145687
-0.139514
0.0574487
 0.785846
 0.344057
 -1.06663
 -0.13199
-0.146348
 0.059202
 0.784638
 0.338632
  -1.0554
   -0.133
-0.140854
0.0536456
 0.786993
 0.341031
 -1.07761
-0.140081
-0.160965
0.0503419
 0.781568
 0.336412
 -1.07346
  -0.1391
-0.168608
 0.048084
 0.784865
 0.337596
 -1.07229
-0.143959
-0.161013
0.0515009
 0.786641
 0.341642
  -1.0673
-0.157337
-0.150653
0.0594215
 0.784603
 0.342514
 -1.06536
-0.131911
-0.152593
0.0583242
 0.787923
 0.336405
 -1.07012
-0.139097
-0.139721
0.0575762
  0.78566
 0.342894
 -1.06308
-0.138808
-0.160804
0.0509118
 0.781293
 0.341426
 -1.06022
-0.145997
-0.160785
0.0503662
 0.786875
 0.335179
 -1.06467
-0.151069
-0.151317
0.0547935
 0.787922
 0.340316
 -1.06921
-0.145404
-0.139575
0.0574834
 0.785754
 0.340754
 -1.07178
-0.138528
-0.154257
0.0494291
 0.781732
 0.341392
 -1.07186
-0.131255
-0.158194
0.0491601
 0.782481
 0.339864
 -1.07207
-0.151555
-0.169998
0.0472147
 0.783738
 0.337938
 -1.06911
-0.148776
-0.165354
0.0537564
 0.785952
 0.339299
 -1.06966
-0.137346
-0.147454
0.0569354
 0.783607
 0.340349
 -1.06401
 -0.13572
-0.161994
0.0565141
  0.78463
 0.343598
 -1.06944
-0.138683
-0.146421
0.0527109
 0.789278
 0.344143
 -1.07389
-0.137689
-0.159167
0.0523777
 0.781618
 0.333036
 -1.07295
-0.135955
-0.165887
0.0468715
 0.781632
   0.3397
 -1.06452
-0.140314
-0.160414
0.0502864
 0.782407
  0.34175
 -1.05664
-0.149024
-0.167343
0.0523531
 0.782673
 0.334514
  -1.0788
-0.139395
-0.145027
0.0549307
 0.783626
 0.337214
 -1.06346
-0.139194
-0.137911
0.0595149
 0.785818
 0.336556
 -1.06733
-0.133235
-0.133987
0.0516394
 0.782801
 0.335221
  -1.0561
-0.130904
 -0.13568
0.0592365
 0.784572
 0.337359
 -1.06536
-0.140632
-0.175472
0.0443967
 0.781519
 0.339435
 -1.06361
-0.151928
-0.171994
0.0471776
 0.782471
   0.3407
 -1.06941
-0.155508
-0.167733
0.0469281
 0.780313
 0.337311
 -1.06226
-0.153994
 -0.17811
0.0469302
 0.780433
 0.341906
 -1.06781
-0.145695
-0.146034
0.0503989
 0.781579
 0.335272
 -1.05588
-0.139336
-0.138731
0.0553455
 0.788048
  0.33798
 -1.05725
-0.140449
-0.161049
0.0542837
 0.786724
 0.343678
 -1.06675
-0.151568
-0.141321
0.0570565
 0.785908
 0.334637
 -1.06649
-0.136615
-0.170367
0.0496875
 0.783776
 0.340094
 -1.06848
-0.143282
-0.138276
0.0533502
 0.777242
 0.338313
 -1.06349
-0.129202
-0.161057
0.0537318
  0.78034
 0.344916
 -1.07086
-0.137688
-0.174083
0.0473338
  0.78163
 0.334246
 -1.06756
-0.146107
-0.169708
0.0466713
  0.78508
 0.333772
 -1.06644
-0.142565
-0.137014
0.0579595
 0.784803
 0.333931
  -1.0593
-0.134306
-0.163159
0.0553976
 0.784661
 0.338976
 -1.05995
-0.143874
-0.169487
 0.047463
 0.785957
 0.342314
 -1.07328
 -0.15112
-0.146433
0.0546104
 0.783515
  0.33371
 -1.07024
-0.152654
-0.136148
0.0553648
 0.782608
 0.340817
 -1.06457
-0.135264
-0.158638
0.0530543
 0.781789
 0.327059
 -1.07044
-0.133282
-0.163934
 0.051224
 0.782553
 0.340706
 -1.06798
-0.147386
-0.167092
0.0554344
 0.783693
 0.332951
 -1.05962
 -0.14077
-0.163326
0.0577902
 0.790268
 0.340017
 -1.06656
-0.140429
-0.175271
0.0473021
 0.787188
 0.339938
 -1.07046
-0.148049
-0.162176
0.0441576
 0.779442
 0.338899
 -1.06665
-0.150746
-0.152107
0.0544144
 0.784868
 0.340431
 -1.06884
-0.138173
-0.141022
0.0511548
 0.786245
 0.336458
 -1.07138
-0.134123
 -0.17352
0.0405714
 0.788591
 0.334414
  -1.0723
-0.151274
-0.162067
 0.053819
 0.785881
 0.346178
 -1.07504
-0.144099
-0.157285
0.0505764
 0.774735
 0.336208
 -1.06949
-0.154765
-0.158725
0.0568657
 0.785076
 0.341305
 -1.07251
-0.124626
-0.166973
 0.048894
 0.788206
 0.338198
 -1.07844
-0.154763
 -0.16204
0.0452161
 0.783019
 0.337266
 -1.06852
-0.141219
-0.165476
0.0510237
 0.782941
 0.338161
  -1.0779
-0.135355
-0.136913
0.0612263
 0.774685
 0.334981
 -1.06254
-0.136469
-0.176907
0.0476856
 0.781652
 0.340631
 -1.06492
-0.147504
-0.154191
0.0557904
 0.783455
 0.341746
 -1.07804
 -0.15293
-0.162796
0.0568443
  0.79049
 0.338735
 -1.07083
-0.133812
-0.156243
0.0550865
 0.779331
 0.341762
 -1.07672
-0.136782
-0.161048
 0.056818
 0.783919
 0.334728
 -1.07107
-0.129101
-0.166299
0.0533828
 0.782415
 0.338689
 -1.07017
-0.152998
-0.139179
0.0601059
  0.78235
 0.336464
  -1.0634
-0.141964
-0.162227
0.0517116
 0.784685
 0.334713
  -1.0653
-0.152406
-0.142713
0.0568688
 0.791271
 0.340471
 -1.07365
-0.145429
-0.143331
0.0582064
 0.783499
 0.339936
 -1.06978
-0.139951
-0.166864
0.0515289
   0.7847
 0.337213
 -1.06723
-0.147499
-0.146526
 0.059735
 0.781694
 0.329092
 -1.06403
-0.118594
-0.162108
0.0478956
 0.788087
 0.340244
  -1.0734
-0.149835
-0.146362
0.0577784
 0.784989
 0.333829
 -1.06442
-0.119767
-0.149443
0.0543009
 0.786766
 0.341145
 -1.07114
-0.146061
-0.145955
0.0556044
 0.783685
 0.338018
 -1.06298
-0.130106
-0.151489
0.0521063
  0.78735
 0.339574
 -1.06796
-0.119821
-0.159693
0.0511821
 0.787101
 0.334405
 -1.07527
-0.137344
-0.155302
0.0501742
 0.788049
 0.338915
 -1.07613
-0.145308
-0.167232
0.0475956
 0.780346
 0.339492
 -1.06391
-0.140546
-0.146269
 0.055001
 0.783623
 0.339599
 -1.06661
-0.132773
-0.156912
 0.055665
   0.7768
 0.342878
 -1.07771
-0.137364
-0.130855
0.0595529
 0.786803
 0.341666
 -1.06491
-0.132859
-0.157808
0.0513023
 0.786831
 0.342665
  -1.0719
-0.144734
 -0.15176
0.0511338
 0.784722
 0.337875
 -1.07593
-0.143092
-0.165378
0.0555223
 0.777947
 0.336796
 -1.06898
-0.136996
-0.159003
0.0562781
 0.782122
 0.341827
 -1.06198
-0.146941
  -0.1721
0.0509563
 0.783361
 0.344496
 -1.07149
-0.149824
-0.160102
0.0520993
 0.789079
 0.339732
 -1.07105
-0.144317
-0.158599
0.0542278
 0.785683
  0.34001
 -1.07206
-0.143326
-0.170814
0.0542987
 0.785455
 0.339131
  -1.0564
-0.151432
-0.166019
0.0507907
 0.784687
 0.333496
 -1.06236
-0.144067
-0.158426
0.0532012
 0.785882
 0.338724
 -1.07215
-0.134425
-0.146942
0.0576927
  0.78801
 0.342081
 -1.06408
-0.129536
-0.150255
0.0534592
 0.787213
  0.33329
 -1.06832
-0.126252
-0.164646
0.0536832
 0.784724
 0.339735
 -1.07558
-0.135432
-0.156428
 0.054853
 0.786789
 0.339117
 -1.06334
-0.140933
-0.160264
0.0534652
 0.782278
 0.344525
 -1.06661
 -0.14313
-0.165928
0.0498412
 0.781529
  0.33845
 -1.07549
-0.134582
-0.161916
 0.051568
 0.787849
 0.335314
 -1.06512
-0.150891
-0.142807
0.0579681
  0.78225
 0.335878
 -1.06872
-0.142871
-0.151753
0.0529955
 0.788198
 0.338001
 -1.06517
-0.130685
-0.155088
0.0490996
 0.784025
 0.336551
 -1.06989
-0.124873
-0.147662
 0.053732
 0.785784
  0.34189
 -1.06458
 -0.13776
 -0.15072
0.0577882
 0.786943
 0.341016
 -1.06665
-0.128552
-0.142628
 0.058695
 0.786826
 0.338145
 -1.06202
-0.133705
-0.164642
0.0475847
 0.784677
  0.34402
 -1.07203
-0.147189
-0.145408
0.0532295
 0.785945
 0.340014
 -1.06352
-0.131253
-0.150784
 0.058076
  0.78894
 0.332043
 -1.06644
-0.144402
-0.181081
0.0478417
 0.786875
 0.342337
 -1.06433
 -0.14779
-0.176421
0.0455145
 0.788143
 0.338068
 -1.07129
-0.149325
-0.165333
 0.051465
 0.780127
 0.344603
 -1.05747
-0.143338
-0.146401
0.0585091
 0.783485
 0.340976
 -1.06245
-0.132962
-0.162581
0.0481794
 0.784886
 0.341235
 -1.07936
-0.139903
-0.161527
0.0511177
 0.785065
 0.333643
 -1.07147
-0.127636
-0.136305
0.0589473
 0.786863
 0.338204
 -1.07012
-0.133957
-0.137662
0.0558608
  0.78247
 0.333505
 -1.06234
-0.137527
-0.162152
0.0543753
 0.783816
 0.335722
 -1.07463
-0.128015
-0.169147
0.0496787
 0.778976
 0.340254
 -1.06918
-0.152288
-0.164521
0.0479468
 0.786933
 0.340764
 -1.07817
-0.149018
-0.157045
0.0505917
  0.78592
 0.332804
  -1.0699
-0.142035
-0.165113
0.0496283
 0.785859
 0.335701
 -1.07477
 -0.14609
-0.161563
0.0516381
  0.78375
 0.334949
 -1.08317
-0.138214
-0.146873
0.0519439
 0.786017
 0.337684
 -1.06146
-0.131506
-0.153648
0.0542614
 0.783769
 0.336699
 -1.05658
-0.127377
-0.164788
0.0500966
 0.783581
  0.34242
  -1.0679
-0.143473
-0.161336
0.0518175
 0.779234
 0.341533
 -1.07519
-0.135751
-0.158456
0.0576331
  0.78445
 0.346254
 -1.06609
-0.138653
-0.142528
0.0606218
 0.788704
 0.340089
 -1.06731
-0.148392
-0.142968
0.0530356
 0.785993
 0.333784
 -1.06387
-0.133518
-0.164336
0.0562638
 0.784469
 0.339186
 -1.07223
-0.145053
-0.175215
0.0497031
 0.784608
 0.333465
 -1.06567
-0.151614
-0.150339
0.0588732
 0.784794
 0.340119
 -1.06584
-0.122609
-0.149064
0.0531715
  0.78599
  0.33203
 -1.06859
-0.134524
-0.147114
0.0542374
 0.787004
  0.33937
 -1.06999
-0.134406
-0.172891
0.0498019
  0.78344
 0.339113
 -1.06644
-0.151572
-0.155735
0.0554534
 0.785752
 0.337107
  -1.0717
-0.139447
-0.157899
0.0479529
 0.781514
 0.343688
 -1.07445
-0.140037
 -0.17243
0.0480981
 0.786946
 0.336212
 -1.07282
-0.150005
-0.147363
0.0566989
  0.78788
 0.339284
 -1.07096
-0.142026
-0.159798
0.0562607
 0.786002
  0.33713
 -1.06598
-0.124822
-0.157481
0.0552575
 0.785742
 0.337285
 -1.07314
-0.141376
-0.147456
0.0566695
  0.78597
 0.333051
 -1.06287
-0.128539
-0.139121
0.0574426
 0.788028
 0.337121
 -1.06988
-0.135883
-0.164946
0.0528537
 0.786856
  0.33804
 -1.07098
-0.146385
-0.158026
0.0495739
 0.781628
 0.340629
 -1.07518
-0.134461
-0.152978
0.0548416
 0.781301
 0.340405
 -1.07555
-0.141736
-0.152182
0.0591781
  0.78389
 0.335319
 -1.07189
-0.117282
-0.148184
0.0595392
 0.786959
 0.335336
 -1.06701
-0.129581
-0.149481
 0.056292
 0.784645
 0.334664
 -1.07588
-0.141863
-0.152089
0.0586897
 0.789093
 0.332173
 -1.07194
 -0.13853
-0.170252
0.0483112
 0.780513
 0.339914
 -1.07088
-0.136214
-0.161661
0.0555066
 0.785631
 0.335375
 -1.06019
-0.146126
-0.15758
0.054767
0.786039
0.337156
 -1.0727
-0.12835
-0.169524
0.0531412
 0.783543
  0.33255
 -1.06525
 -0.14616
-0.158427
0.0585978
 0.785567
 0.335174
 -1.06565
-0.145114
-0.150228
0.0579761
 0.777862
 0.336902
 -1.07195
-0.141169
-0.157995
0.0572927
 0.785496
 0.339786
 -1.07275
-0.150028
-0.145585
0.0572936
 0.789203
 0.336489
 -1.06641
-0.133683
-0.171308
0.0512497
 0.786037
 0.327767
 -1.06867
-0.140114
-0.145562
0.0572948
 0.789115
 0.336407
 -1.06657
-0.138265
-0.150027
0.0582399
 0.785968
 0.330854
  -1.0607
-0.128083
-0.148751
0.0535502
 0.782764
 0.338696
 -1.06913
-0.127633
 -0.14018
0.0607192
 0.787992
 0.330993
 -1.06326
-0.135031
-0.167932
0.0564603
 0.790136
 0.341221
 -1.07315
-0.142658
-0.169998
0.0653642
 0.787643
 0.342367
 -1.07197
-0.138061
-0.172078
0.0577009
  0.79107
 0.341806
 -1.07666
-0.150494
-0.159744
0.0659516
 0.786496
 0.341203
 -1.06891
-0.139024
-0.161037
0.0615707
 0.786701
 0.334443
 -1.07599
-0.140544
 -0.14667
0.0537562
 0.781519
 0.335186
 -1.06836
-0.134292
 -0.16381
0.0489188
 0.792482
 0.338331
 -1.06963
-0.151028
-0.140518
0.0624065
 0.785629
 0.329646
 -1.07093
-0.137791
-0.163655
0.0480085
 0.787181
  0.34606
 -1.07667
-0.134743
-0.167014
0.0528069
 0.789072
 0.333944
 -1.07465
-0.148196
-0.156409
0.0519651
 0.787895
 0.336552
 -1.07473
-0.152109
 -0.15729
0.0555854
 0.781099
 0.335972
 -1.07166
 -0.14991
-0.168367
0.0587906
 0.790195
 0.334106
 -1.07505
-0.135946
-0.168792
0.0432902
 0.779441
 0.337283
 -1.06299
-0.143168
-0.160463
0.0517391
  0.78723
 0.334998
 -1.07265
-0.131061
-0.150523
0.0623163
 0.791242
 0.336119
 -1.07893
-0.134209
-0.142645
0.0554337
 0.785927
 0.334865
 -1.06798
-0.133891
-0.148755
0.0554326
 0.790232
 0.338956
 -1.06119
-0.138446
-0.172467
0.0492457
  0.78836
 0.329274
 -1.07082
-0.138001
-0.165199
0.0459756
  0.79046
 0.335054
 -1.06647
-0.147483
-0.158718
0.0609877
 0.784644
 0.334476
 -1.08148
-0.133522
-0.161453
0.0557245
 0.783441
 0.333551
 -1.07194
-0.147397
 -0.16211
0.0580198
 0.783475
 0.337284
 -1.07489
-0.139419
-0.171808
0.0549459
 0.784815
 0.335583
  -1.0785
-0.135063
 -0.14938
0.0648864
 0.786806
 0.328232
 -1.06911
-0.131214
-0.151946
0.0588414
  0.78911
 0.331824
 -1.07206
-0.138439
-0.147394
0.0578035
 0.785524
 0.335708
 -1.07106
-0.150731
-0.166895
 0.060206
 0.787073
 0.333771
 -1.07165
-0.124641
   -0.144
0.0606753
  0.79141
 0.344658
 -1.07215
-0.125175
-0.157165
0.0544942
 0.789228
 0.338404
 -1.07434
-0.137766
-0.160691
0.0513429
 0.785838
 0.332906
 -1.06885
-0.148118
 -0.17085
0.0517547
  0.78805
 0.339777
 -1.06694
-0.144591
-0.162253
 0.049081
 0.779526
 0.337306
 -1.07343
-0.132508
-0.144583
0.0619088
  0.78354
 0.335013
 -1.06682
-0.131356
 -0.16569
 0.055001
 0.781138
 0.338716
  -1.0681
-0.150354
-0.161932
0.0562529
 0.785777
 0.334318
 -1.06844
-0.141251
 -0.15329
 0.054372
 0.788384
 0.332754
 -1.08029
-0.129051
-0.153389
 0.055744
 0.781449
  0.33459
 -1.06454
 -0.13536
-0.161316
0.0551771
  0.78809
 0.344874
 -1.08307
-0.136671
-0.144353
0.0610896
 0.788253
 0.332946
 -1.06516
-0.120534
-0.142653
0.0545262
  0.78607
 0.339923
 -1.07044
-0.128123
 -0.14658
0.0612417
 0.789194
 0.327982
 -1.06869
-0.131515
-0.162252
 0.057601
 0.783336
 0.336283
 -1.07119
-0.146994
-0.152566
0.0519226
 0.781308
  0.33734
 -1.07636
-0.148032
-0.135216
0.0574201
 0.787061
 0.337247
 -1.06623
-0.127634
-0.160808
0.0521227
 0.784737
 0.340381
 -1.07035
-0.140594
-0.171271
0.0522269
  0.78683
 0.332045
 -1.07679
-0.152883
-0.146162
0.0598756
 0.786747
 0.331429
  -1.0711
-0.143369
-0.136488
0.0545088
 0.787302
 0.330793
 -1.06913
-0.126342
-0.153108
0.0557094
 0.789238
 0.341567
  -1.0707
-0.133161
-0.160151
0.0576497
 0.789109
 0.330628
 -1.07793
 -0.14271
-0.164085
0.0488372
 0.787121
 0.331686
 -1.06418
-0.144422
-0.160951
0.0537846
 0.788984
 0.337094
 -1.06969
-0.151438
-0.143131
0.0560951
 0.788319
 0.333455
 -1.07324
-0.127088
-0.153922
0.0584874
 0.781196
 0.338175
 -1.06801
-0.140524
-0.176225
 0.048552
 0.786987
 0.340575
 -1.07038
-0.147352
-0.166451
0.0507565
 0.784637
  0.34038
 -1.07066
-0.149702
-0.144086
0.0605867
  0.78472
 0.333792
 -1.06359
-0.129612
-0.169925
0.0561098
 0.785838
 0.332717
 -1.07447
-0.139693
-0.157182
 0.055314
 0.785657
 0.335417
 -1.06976
-0.148632
-0.151158
0.0560413
 0.786873
 0.339574
 -1.08124
-0.141727
-0.159188
0.0554756
 0.786688
 0.343621
 -1.07371
-0.148238
-0.145785
0.0596633
 0.787844
 0.340776
 -1.06921
-0.138902
-0.142606
0.0541897
 0.784877
 0.337003
 -1.07081
-0.132438
-0.163633
 0.054804
 0.783535
 0.332834
 -1.06921
-0.143507
-0.172689
0.0501751
 0.788261
 0.339498
 -1.07222
-0.135543
-0.145243
0.0562484
 0.782544
 0.333919
 -1.06383
-0.133556
-0.148788
0.0541828
 0.787042
 0.337733
  -1.0678
-0.134247
-0.168713
0.0509147
 0.783648
 0.339239
 -1.07161
  -0.1423
-0.166034
0.0490482
 0.788052
 0.344641
 -1.07109
-0.146161
-0.156422
0.0514042
 0.788117
   0.3366
 -1.07434
-0.143741
-0.155537
0.0568291
 0.783443
 0.342195
 -1.07354
-0.141018
 -0.15082
0.0536525
 0.789578
 0.334283
 -1.07079
-0.122929
 -0.16552
0.0543066
 0.783707
 0.333144
  -1.0703
-0.136651
-0.173869
0.0549281
 0.783579
 0.335415
 -1.06725
-0.140112
 -0.14601
0.0590488
 0.783828
 0.333222
 -1.07246
-0.122997
-0.180208
0.0473065
 0.787085
 0.337083
 -1.07397
-0.147535
-0.153457
0.0485192
 0.784843
 0.342527
 -1.06966
-0.143327
-0.166795
0.0519333
 0.786782
 0.337685
 -1.07258
-0.153923
-0.161248
0.0542769
 0.790461
 0.335552
  -1.0701
-0.133146
-0.142519
0.0530513
 0.785859
 0.332078
 -1.08107
-0.146706
-0.139676
0.0579685
 0.783771
 0.328344
 -1.06557
-0.129169
-0.149642
0.0576694
 0.789237
 0.343798
 -1.07542
-0.128086
-0.159962
0.0561764
 0.784811
 0.332589
 -1.07495
-0.134185
-0.174218
0.0469882
 0.790566
 0.332189
 -1.07251
-0.141781
-0.162782
0.0517048
 0.784554
 0.337557
 -1.06047
-0.150231
-0.170733
0.0505571
 0.792345
 0.340299
 -1.07743
-0.154192
-0.148168
0.0595148
  0.78695
 0.337724
 -1.06228
-0.127723
-0.166146
0.0470442
 0.781841
 0.332413
 -1.07854
-0.132797
-0.161519
0.0541372
 0.790165
 0.327518
 -1.07264
-0.151343
-0.148051
0.0596585
 0.791466
  0.34411
 -1.07091
-0.123019
-0.145719
0.0588712
 0.789128
 0.345276
 -1.06417
-0.128379
-0.144677
0.0536466
 0.789346
 0.336765
 -1.07034
-0.132987
 -0.15674
0.0510769
 0.788437
 0.329489
 -1.07984
-0.132333
-0.151517
0.0564296
 0.788049
 0.341491
   -1.077
-0.135153
-0.164696
0.0511698
 0.786865
 0.340162
 -1.07037
-0.147707
-0.151571
0.0560138
 0.781236
 0.336872
 -1.07509
-0.144202
-0.140993
0.0558637
  0.78474
  0.33919
 -1.05664
-0.132669
-0.156091
0.0581647
 0.790242
 0.339255
 -1.07331
-0.134064
-0.144358
0.0604057
 0.787107
 0.334059
 -1.06433
-0.120803
-0.162118
0.0579664
 0.787822
 0.343671
 -1.06728
-0.140432
-0.161796
0.0559006
  0.78901
 0.337576
  -1.0776
-0.145672
-0.154829
0.0523489
 0.787237
 0.333951
  -1.0686
-0.130047
-0.158453
 0.058571
 0.783799
 0.336405
 -1.07177
-0.121825
-0.170959
0.0500223
 0.783898
 0.331655
 -1.07463
-0.135688
-0.152135
0.0582481
 0.784866
 0.335382
  -1.0685
-0.125194
-0.147386
0.0562936
 0.788138
 0.337601
 -1.06692
-0.131496
-0.166919
 0.051917
 0.786788
 0.341992
 -1.07136
-0.149345
-0.166511
0.0492971
 0.784927
  0.33411
 -1.06778
-0.139168
-0.159656
0.0556631
 0.785556
  0.33735
 -1.07066
-0.150693
-0.163942
0.0479687
 0.785717
  0.33785
 -1.06644
-0.156244
-0.165813
0.0554934
 0.785642
 0.338892
 -1.07021
-0.145486
-0.166239
 0.048939
 0.790503
 0.340971
 -1.07282
-0.137203
-0.152124
 0.058581
 0.789125
 0.333915
  -1.0632
-0.134646
-0.154114
0.0577641
 0.786845
 0.331951
 -1.07229
-0.141191
-0.138713
0.0632322
 0.786998
 0.338457
 -1.05907
-0.118058
-0.142276
0.0608989
  0.78915
 0.339935
 -1.07092
-0.127565
-0.139665
 0.057899
 0.783671
 0.333654
 -1.06836
-0.131347
-0.143453
0.0567997
 0.781345
 0.338236
 -1.06897
-0.135859
-0.142276
0.0607812
 0.786923
 0.339749
 -1.06986
-0.127538
-0.168252
0.0481459
 0.783648
 0.334817
 -1.06459
-0.148725
-0.147744
0.0574997
 0.788044
 0.334992
 -1.06773
-0.135435
-0.164908
  0.05106
  0.78705
 0.332265
 -1.07221
-0.143062
-0.159211
0.0527602
 0.783726
 0.333331
  -1.0824
-0.140075
-0.170972
0.0509329
 0.787088
 0.337837
 -1.07074
-0.137893
-0.158167
0.0581541
 0.788832
 0.338309
 -1.07482
-0.149729
-0.150811
0.0532947
 0.787026
  0.33831
 -1.06902
-0.136938
-0.163526
0.0469057
 0.785747
 0.342732
 -1.05691
-0.152583
-0.156617
0.0591291
 0.786099
 0.332314
 -1.07246
-0.119578
-0.163435
0.0545146
 0.781313
 0.345874
 -1.06865
-0.136891
-0.150863
0.0531059
 0.786999
 0.336181
 -1.07782
 -0.14126
-0.149299
0.0550705
 0.787316
 0.335295
 -1.06797
-0.120288
-0.168642
0.0493741
 0.786065
 0.334282
 -1.07374
-0.138714
-0.148774
0.0526167
 0.779412
 0.336482
 -1.07216
-0.130071
-0.158683
0.0517385
 0.783621
 0.342213
 -1.07199
-0.141028
-0.148333
0.0522133
 0.782302
 0.346176
 -1.07189
-0.148845
-0.163971
0.0560609
 0.787943
 0.334754
 -1.07092
-0.143236
-0.152804
0.0529511
 0.779029
 0.341653
 -1.07001
-0.145564
-0.160916
0.0512238
 0.786053
 0.330671
 -1.07731
-0.138616
-0.158524
0.0590098
 0.790192
 0.330212
 -1.06488
-0.138263
-0.162954
 0.052082
 0.783549
 0.338367
 -1.06771
-0.145103
-0.161563
0.0464451
 0.787156
 0.340527
 -1.07673
-0.143168
  -0.1459
0.0584891
  0.78468
 0.337067
 -1.06412
-0.132856
-0.149451
0.0564793
 0.789265
 0.340895
 -1.06796
-0.128904
-0.146843
 0.054292
 0.787084
 0.342603
 -1.06907
-0.130073
-0.147284
0.0554746
 0.787037
 0.335875
 -1.07092
-0.133965
-0.164746
0.0505095
 0.785924
 0.331643
 -1.06365
-0.143603
-0.143549
0.0569766
 0.785846
 0.334644
 -1.07208
-0.135884
-0.160791
0.0520021
 0.786843
 0.341546
  -1.0754
-0.147581
-0.148711
0.0611732
  0.78822
 0.337003
 -1.07505
-0.119584
-0.144784
0.0539114
  0.78794
 0.338428
 -1.08203
-0.148374
-0.177975
0.0458119
 0.788061
 0.337112
 -1.07327
-0.155461
-0.169458
0.0525458
 0.787031
 0.331734
 -1.07513
-0.141718
-0.161475
0.0538483
 0.783566
 0.330333
 -1.06432
-0.144566
-0.155488
0.0557167
  0.78229
 0.344667
 -1.07642
-0.143897
-0.163153
0.0517129
 0.779331
 0.330871
 -1.07126
-0.137986
-0.172972
0.0511693
 0.787895
 0.340079
 -1.06843
-0.151441
-0.154842
0.0522503
 0.787289
 0.335071
 -1.07231
-0.127659
-0.168496
0.0493797
 0.785749
 0.338329
 -1.07311
-0.152501
-0.159975
0.0481273
 0.784809
 0.336331
 -1.07139
-0.147221
-0.168702
0.0506553
 0.783461
 0.342581
 -1.06682
-0.149714
-0.168298
0.0572712
 0.780969
 0.341672
  -1.0689
-0.151042
-0.163285
 0.053283
 0.785697
 0.337804
 -1.07726
-0.148837
-0.148751
0.0611496
 0.783788
  0.33376
 -1.06137
-0.117571
-0.162934
0.0516547
 0.789124
 0.332136
 -1.07217
 -0.15001
-0.134977
0.0558475
 0.784985
 0.335756
 -1.06531
 -0.12388
-0.166264
0.0558032
 0.795098
  0.32365
 -1.07795
-0.127133
-0.149542
0.0563193
 0.787085
 0.336676
 -1.06791
-0.128839
-0.165023
 0.051533
 0.786081
 0.336846
 -1.07839
-0.133375
-0.176334
 0.047609
 0.788125
 0.338121
 -1.07148
 -0.14801
-0.159441
0.0535683
 0.784912
 0.330247
 -1.07547
-0.135409
 -0.16968
0.0456138
 0.780467
 0.338988
 -1.06301
-0.142754
-0.158794
0.0511712
 0.787195
 0.331769
 -1.07614
-0.136707
-0.150721
0.0526825
 0.788189
 0.335762
  -1.0702
-0.137246
-0.160185
0.0496426
 0.784642
 0.338874
 -1.05863
-0.149269
-0.167189
0.0522014
 0.779296
 0.339164
 -1.06366
-0.133006
-0.151928
 0.058277
 0.784592
   0.3436
 -1.06668
-0.134449
-0.156786
0.0523785
 0.786053
  0.34209
 -1.07144
-0.129644
-0.140207
0.0599616
 0.786864
 0.329038
 -1.06734
-0.137403
-0.167318
0.0531809
 0.789152
  0.34061
 -1.07671
-0.141749
-0.147784
0.0577118
 0.779932
 0.337043
 -1.06373
-0.148799
-0.163436
0.0534049
 0.783577
 0.329769
 -1.06176
-0.144637
-0.150243
0.0587681
 0.786898
 0.331305
 -1.06957
-0.136697
-0.156508
0.0512163
 0.788332
 0.340934
 -1.07281
-0.130289
-0.156804
0.0519852
 0.789475
 0.333745
 -1.06704
-0.130163
 -0.14773
0.0574223
 0.785675
 0.333898
 -1.06302
-0.142398
-0.139436
0.0576875
 0.786989
 0.336553
 -1.05699
-0.129805
-0.138567
0.0618859
 0.786824
 0.328126
 -1.05802
 -0.13476
-0.165492
0.0543672
 0.788052
 0.341896
 -1.07027
-0.137015
-0.175518
0.0437866
  0.78837
 0.334061
 -1.07229
-0.145277
-0.143458
0.0563702
  0.78701
 0.332068
 -1.07327
 -0.13619
-0.162545
0.0501654
 0.786917
 0.336541
 -1.07807
-0.150412
-0.167187
0.0517137
 0.787345
 0.335997
 -1.08035
 -0.12615
-0.152502
0.0601328
  0.78584
 0.340649
 -1.07189
-0.126499
-0.171806
0.0458892
  0.78378
 0.338322
 -1.06629
-0.144722
-0.160855
0.0601908
 0.789197
 0.337455
 -1.07587
-0.127804
-0.153638
0.0555393
 0.783574
 0.333641
  -1.0783
-0.141877
-0.161368
0.0539893
 0.785656
 0.334587
 -1.06449
-0.149215
-0.155509
0.0553818
  0.78566
 0.335383
 -1.06825
 -0.14682
-0.160183
0.0493373
 0.782572
 0.341558
 -1.06886
-0.142033
-0.165266
0.0529115
 0.785745
  0.33629
  -1.0708
-0.146731
 -0.16161
0.0547373
 0.791647
 0.336636
 -1.07839
-0.128003
-0.168722
0.0501845
 0.789266
  0.33732
 -1.07478
-0.143054
-0.141465
0.0567763
 0.782661
 0.334406
 -1.06476
-0.127157
-0.166225
0.0569169
 0.779856
 0.340425
 -1.07549
-0.153426
-0.160645
0.0511109
 0.781457
 0.342436
 -1.07213
-0.138672
-0.165414
0.0528903
 0.788393
 0.334385
 -1.08002
 -0.12817
 -0.15525
0.0540514
 0.785854
 0.334991
  -1.0722
-0.140452
-0.169444
0.0532363
 0.785678
 0.337437
 -1.06928
-0.148438
-0.158963
 0.052299
 0.784832
 0.337935
 -1.07764
 -0.13828
 -0.14878
0.0528367
 0.783866
 0.336927
 -1.07426
-0.130132
-0.165506
 0.053271
 0.780444
 0.334479
 -1.06811
-0.132586
-0.148123
 0.059362
 0.786829
 0.339028
  -1.0662
-0.134522
-0.155892
0.0479858
 0.789377
 0.331564
 -1.07605
-0.145536
-0.164948
0.0514883
 0.785723
 0.336836
 -1.07891
-0.151707
-0.166467
 0.049928
 0.785729
 0.342025
 -1.07074
-0.150289
 -0.14542
0.0564575
 0.783583
 0.337937
 -1.06744
-0.135967
-0.165341
0.0524228
 0.789541
 0.329879
 -1.07355
-0.128697
-0.149338
0.0551019
 0.789323
 0.331487
 -1.07043
-0.134031
-0.167874
0.0550355
  0.78798
 0.335545
 -1.07346
 -0.14316
-0.162681
0.0515543
 0.784617
 0.343891
 -1.06686
-0.145483
-0.140875
0.0550749
 0.785829
 0.338716
 -1.06556
-0.137346
-0.170533
0.0495775
 0.786787
 0.341522
 -1.07431
-0.154479
-0.148307
0.0598589
 0.785766
 0.338549
 -1.06978
-0.131778
-0.141613
0.0574825
 0.785872
 0.334312
 -1.07073
-0.133636
-0.145324
0.0551588
 0.783677
 0.327544
 -1.06602
-0.138912
 -0.15333
 0.054803
 0.790424
 0.335031
 -1.07284
-0.133675
-0.155472
0.0554124
 0.787761
 0.336532
 -1.07334
-0.153612
 -0.14171
0.0588423
 0.785726
 0.343751
 -1.06838
-0.133093
-0.168627
0.0493511
 0.785975
 0.334331
 -1.07386
-0.143301
-0.154819
0.0522516
 0.779066
 0.339936
 -1.08002
-0.147557
-0.150176
0.0594079
  0.78345
 0.340855
 -1.06138
-0.134261
-0.150004
0.0585875
 0.782081
 0.338985
 -1.06581
-0.150464
-0.164991
0.0523287
 0.786866
 0.342737
 -1.07373
-0.144707
-0.169743
0.0546888
 0.790223
 0.340163
 -1.07471
-0.140894
-0.143336
0.0564921
 0.784852
 0.338071
 -1.06225
-0.127294
-0.158066
 0.057566
 0.788026
 0.338699
 -1.06962
 -0.13412
-0.149443
 0.055265
 0.783499
 0.331542
 -1.07619
-0.147156
-0.153327
0.0551133
 0.786691
 0.339316
 -1.07878
-0.151449
-0.170382
0.0481737
 0.782506
 0.333832
 -1.06573
-0.150643
-0.170826
0.0500422
  0.78586
  0.33701
 -1.07878
-0.147116
-0.161885
0.0562176
 0.783303
 0.339976
 -1.07435
 -0.14991
-0.155809
0.0568341
 0.790204
 0.338113
 -1.07369
-0.139277
-0.164857
0.0514136
 0.783448
 0.340685
 -1.07684
-0.151716
-0.167505
0.0538093
 0.785652
  0.33612
 -1.06416
-0.148591
  -0.1593
0.0545108
 0.787788
 0.340369
 -1.07098
-0.151389
-0.169003
0.0515849
  0.78911
 0.336775
 -1.06693
-0.147245
-0.146714
0.0531435
 0.789173
 0.331476
  -1.0652
-0.144618
-0.171199
0.0520464
 0.784541
 0.339057
 -1.06974
-0.151002
-0.140798
 0.053723
 0.786065
  0.32929
 -1.06778
-0.133305
 -0.14459
0.0534888
 0.789313
 0.343018
 -1.07688
-0.132829
-0.139401
0.0577684
 0.791369
 0.338867
  -1.0669
-0.134223
 -0.13809
 0.061071
  0.78569
 0.345329
 -1.06927
-0.130155
-0.165743
0.0461157
   0.7883
  0.33508
  -1.0774
-0.145145
-0.150742
0.0526875
 0.788279
 0.335794
 -1.07006
-0.132665
-0.145182
 0.055377
 0.785988
 0.335842
 -1.06478
 -0.12985
-0.161811
0.0556255
 0.784556
 0.337385
 -1.07542
-0.145632
-0.144386
0.0516814
  0.78855
 0.331978
 -1.06653
-0.122563
-0.165102
0.0524113
  0.78923
 0.338905
 -1.07567
-0.140116
-0.170792
0.0495437
 0.784908
 0.331365
 -1.06722
-0.140854
-0.161274
 0.053259
 0.786924
 0.333917
 -1.07321
-0.144714
-0.137807
0.0589828
 0.782445
 0.335978
 -1.06592
-0.133385
-0.153812
0.0564189
 0.784891
 0.334568
  -1.0701
-0.128079
-0.142708
 0.062474
 0.781018
 0.337436
 -1.05995
-0.140503
-0.170216
0.0474969
 0.783816
 0.337197
  -1.0733
-0.141595
-0.160249
0.0582345
 0.783662
 0.343139
 -1.06335
-0.124392
-0.156541
0.0509086
 0.783656
 0.336498
  -1.0721
-0.143945
-0.147285
0.0551838
 0.780303
  0.33437
 -1.06396
-0.136286
-0.156586
  0.06034
 0.785378
 0.342734
 -1.07478
-0.148715
-0.160994
0.0517412
 0.784853
 0.334276
    -1.08
-0.140495
-0.143829
0.0576017
 0.787005
 0.329406
 -1.07397
-0.135538
-0.172694
 0.049073
 0.784651
 0.330763
 -1.06506
-0.154673
-0.166855
0.0509937
 0.783638
 0.340122
 -1.07402
-0.142622
-0.164934
0.0509975
 0.784859
 0.331205
 -1.06722
-0.140861
-0.145164
0.0554811
 0.788126
 0.336035
 -1.06597
-0.134461
  -0.1702
0.0477796
 0.788129
  0.33663
 -1.07179
-0.148638
-0.165268
0.0530236
 0.787973
 0.336504
 -1.07186
-0.146761
 -0.16946
0.0450787
 0.783683
 0.341597
 -1.06827
-0.149887
-0.162477
0.0504016
 0.786802
 0.337736
 -1.06562
-0.153077
-0.156817
0.0518301
 0.779255
 0.339377
 -1.07719
-0.138465
-0.167596
0.0536509
 0.783473
 0.331888
 -1.06412
-0.148525
-0.143706
0.0578406
 0.787074
 0.335594
 -1.06401
-0.126671
-0.146959
0.0545435
 0.791622
 0.338057
 -1.06829
-0.127917
-0.159059
0.0530859
 0.783512
 0.337679
 -1.06514
-0.145186
-0.164566
0.0503334
 0.786038
 0.343598
 -1.07667
-0.134068
-0.158594
0.0509562
 0.780278
  0.33832
 -1.06729
-0.143683
-0.146899
0.0541683
 0.784672
 0.337442
 -1.06551
-0.141578
-0.144495
0.0527181
  0.78597
 0.339068
 -1.07219
-0.135478
-0.170738
0.0502604
 0.787988
 0.340298
 -1.07505
-0.149585
-0.157399
0.0549799
 0.788045
 0.340978
 -1.07313
 -0.13757
-0.149537
0.0558654
 0.782336
 0.334149
 -1.07499
-0.146853
-0.140914
0.0547524
 0.789288
 0.329425
 -1.05727
-0.135686
-0.166376
0.0493239
 0.786891
 0.339436
 -1.07194
-0.150594
 -0.16098
0.0526677
 0.787955
 0.340349
 -1.07627
-0.147271
-0.151484
0.0556332
 0.782552
 0.335722
 -1.06336
-0.133439
-0.141469
0.0570142
 0.784784
 0.332704
 -1.05829
-0.131993
-0.139932
0.0590827
 0.783583
 0.336063
 -1.07191
 -0.13292
-0.177259
0.0505169
 0.784773
 0.331149
 -1.07163
-0.146338
-0.175004
0.0503662
 0.785794
 0.338162
 -1.07725
-0.148823
-0.144348
0.0516607
 0.788371
 0.331967
 -1.06679
-0.131727
-0.155379
0.0551488
 0.785643
 0.343256
 -1.08256
-0.146412
-0.159577
0.0554311
 0.783386
 0.343252
 -1.07607
 -0.14591
-0.158851
0.0517461
 0.785853
 0.334384
  -1.0752
-0.145571
-0.151594
0.0557687
 0.787196
 0.333041
 -1.07013
-0.126473
-0.164991
0.0521594
  0.78236
  0.34139
 -1.06784
-0.147054
-0.151967
0.0576476
 0.785981
    0.337
 -1.06862
-0.125552
-0.155509
0.0551894
 0.785817
 0.338271
 -1.07955
-0.139613
-0.169146
0.0517573
 0.785798
 0.338957
 -1.08102
-0.146429
-0.133225
0.0569132
 0.783895
 0.333979
 -1.06378
-0.121291
-0.139773
0.0594679
 0.787979
 0.343589
 -1.06809
-0.130872
-0.161106
0.0523006
   0.7815
 0.335729
 -1.07384
-0.137984
-0.161608
0.0539751
  0.79063
 0.329813
 -1.07953
-0.128243
-0.139495
 0.058369
 0.790206
 0.341471
  -1.0657
 -0.13392
 -0.15305
0.0531686
 0.786125
   0.3352
 -1.07857
-0.129429
-0.146287
0.0514355
 0.782785
 0.340495
 -1.07133
-0.128849
-0.137327
0.0573018
  0.78803
 0.337406
 -1.07243
-0.136578
-0.173139
0.0514172
 0.782287
 0.339233
 -1.07002
-0.153225
-0.157611
0.0545834
 0.785796
 0.330553
 -1.08305
-0.146372
 -0.16364
0.0549133
 0.779939
 0.341395
 -1.07375
-0.152446
-0.157526
0.0556241
 0.788888
 0.339715
 -1.07441
-0.151006
-0.159668
0.0555672
 0.785609
 0.338453
 -1.07438
-0.148305
-0.152467
0.0601708
 0.785609
 0.339697
 -1.06838
-0.138068
-0.151521
0.0564864
 0.787855
 0.339851
  -1.0695
-0.144565
-0.151033
0.0534104
 0.781339
 0.334408
 -1.07564
-0.145451
-0.161239
0.0527395
 0.790635
 0.332494
 -1.07883
-0.128896
-0.142369
0.0520893
 0.788271
 0.332542
 -1.06948
-0.136238
-0.154782
0.0514998
 0.778322
 0.338124
 -1.08352
-0.131684
-0.143318
 0.056532
 0.787042
 0.339226
  -1.0672
-0.129504
 -0.16048
0.0501434
 0.788326
 0.337653
  -1.0765
-0.134757
-0.155287
 0.053838
 0.781578
 0.334624
 -1.06982
-0.131231
-0.162275
0.0575237
 0.783336
 0.336351
 -1.07115
-0.147078
-0.168817
0.0508457
 0.788051
 0.338979
 -1.06981
-0.145155
 -0.14548
0.0565994
 0.786079
 0.338169
  -1.0681
-0.122249
-0.143742
0.0583487
 0.785695
 0.339131
 -1.06697
-0.137712
-0.161648
0.0551995
 0.785656
 0.336921
 -1.06793
-0.146198
-0.137233
0.0565854
 0.786965
 0.334608
 -1.07257
-0.136854
-0.150123
0.0589387
 0.787019
 0.338473
 -1.06337
-0.125431
-0.163957
0.0559746
 0.787905
 0.335763
  -1.0748
-0.145421
-0.159316
0.0536979
 0.786913
 0.334501
 -1.07576
-0.144643
-0.174192
0.0472604
 0.782444
 0.337665
 -1.06349
-0.153003
-0.160834
0.0520219
  0.78469
 0.339493
 -1.06653
-0.143197
-0.144705
0.0543501
 0.788031
 0.341801
 -1.06049
-0.137556
 -0.16181
0.0550529
 0.783382
 0.327678
 -1.06527
 -0.15308
-0.137384
 0.057165
 0.783791
 0.336075
 -1.06615
-0.125177
-0.166909
0.0510446
 0.785734
 0.336266
 -1.07636
 -0.15178
-0.159285
0.0540104
 0.789256
 0.336846
 -1.06788
-0.135767
-0.146844
0.0534704
 0.783787
 0.334657
 -1.06538
 -0.13269
-0.137535
0.0586929
 0.787968
 0.341856
  -1.0672
 -0.13382
-0.146109
0.0591647
  0.78588
 0.335882
 -1.06485
-0.127966
-0.147898
0.0579568
 0.786801
 0.334585
 -1.07155
-0.141865
-0.146857
0.0533779
 0.785808
 0.332701
 -1.07552
-0.146206
-0.144017
0.0588045
 0.784679
 0.334609
 -1.07157
-0.134931
-0.161738
0.0550422
 0.783476
 0.332683
 -1.06789
-0.146132
-0.170569
 0.048899
 0.785897
 0.333751
 -1.07143
-0.147957
-0.180397
0.0462621
 0.783713
 0.330412
 -1.07407
-0.152385
 -0.14823
0.0511629
 0.784881
 0.339148
  -1.0662
-0.135935
-0.148141
 0.058725
 0.788129
 0.332408
 -1.06827
-0.130208
-0.145812
0.0579297
 0.788122
 0.335671
 -1.07013
 -0.13079
-0.153422
0.0557231
 0.783196
 0.339811
 -1.06899
-0.155925
-0.157801
0.0561417
 0.787819
 0.334235
 -1.07525
-0.150629
-0.162325
0.0495795
 0.787853
 0.337986
 -1.07851
 -0.15992
-0.164231
 0.049087
 0.785768
 0.341261
 -1.07361
-0.150836
 -0.13882
0.0541512
 0.785965
  0.32987
 -1.07046
-0.137817
-0.159058
0.0528967
 0.783668
  0.34055
 -1.07644
-0.137978
-0.145722
0.0580339
 0.788023
 0.338754
 -1.06534
-0.133229
-0.153091
 0.053439
 0.786095
 0.331386
 -1.06324
-0.129878
-0.168724
0.0501906
 0.786935
 0.335224
 -1.06618
-0.147834
-0.149731
0.0571124
 0.788092
  0.33355
 -1.06125
-0.133337
-0.161275
0.0531946
 0.786976
 0.334877
 -1.07697
-0.142311
-0.167098
0.0512419
 0.786072
  0.32939
 -1.06541
 -0.13604
-0.165545
0.0540588
 0.785798
  0.33958
 -1.07801
-0.141311
-0.150117
0.0580027
 0.783828
 0.332394
 -1.06723
-0.123237
 -0.16629
0.0574757
  0.78665
 0.338183
 -1.06697
-0.146976
 -0.13945
0.0571817
 0.782381
 0.334983
 -1.06771
-0.140835
-0.168331
0.0479567
 0.781379
 0.330664
 -1.06465
-0.153251
-0.143366
0.0555333
 0.783719
 0.329093
 -1.07234
-0.136439
-0.161073
0.0528653
 0.790124
 0.334594
 -1.07081
 -0.15207
-0.146935
0.0535436
 0.786062
 0.330815
 -1.06746
-0.132682
-0.140619
0.0540975
 0.790373
 0.336814
 -1.06409
-0.135841
-0.162782
0.0603168
 0.785539
 0.342364
 -1.06653
-0.139151
-0.164199
0.0493369
 0.788164
 0.344564
 -1.06949
-0.139557
-0.167467
0.0535983
  0.78563
 0.338984
 -1.07572
-0.150548
-0.149448
0.0560209
 0.784516
 0.338389
 -1.07503
 -0.14692
 -0.14302
0.0551919
 0.784725
 0.336706
 -1.06282
-0.137078
-0.166469
0.0499242
 0.785728
 0.342038
 -1.07074
-0.150291
-0.170757
0.0502691
 0.788078
 0.340306
 -1.07492
-0.145004
-0.147175
0.0547378
 0.785883
 0.333118
 -1.07117
-0.138827
-0.158969
 0.053011
 0.781237
 0.341521
 -1.06307
-0.145196
-0.165098
0.0513577
 0.783811
 0.332632
 -1.07847
-0.137895
-0.154382
0.0509551
 0.786847
 0.337756
 -1.07226
-0.151229
-0.158741
0.0505824
 0.788537
 0.329212
 -1.07706
 -0.12785
-0.142565
0.0621625
 0.786766
 0.339289
 -1.06198
-0.131737
 -0.16475
0.0503737
 0.786027
 0.333603
 -1.07117
-0.138802
-0.163238
0.0535135
 0.788003
 0.341134
 -1.07327
-0.142146
-0.151499
  0.05589
 0.778961
  0.34097
 -1.07293
-0.144228
-0.150022
0.0579509
 0.783381
  0.33236
 -1.06789
 -0.14615
-0.155322
0.0466425
 0.787022
 0.343093
 -1.07614
-0.148417
-0.168131
0.0482493
  0.78798
 0.341246
 -1.07346
-0.153187
-0.164378
0.0496266
 0.784474
 0.339808
  -1.0737
 -0.15966
-0.176247
0.0477574
 0.790305
  0.34239
 -1.07151
 -0.14808
-0.156132
0.0490605
 0.786972
 0.333682
  -1.0787
-0.151656
-0.167877
  0.05556
 0.784543
 0.342001
 -1.07018
-0.142866
-0.150909
0.0535232
 0.781513
 0.342511
 -1.07321
-0.131779
-0.144591
0.0531455
 0.792594
 0.333708
 -1.06886
-0.140335
-0.156503
0.0507608
 0.783582
 0.338401
 -1.07989
-0.148304
-0.153294
0.0546645
 0.788017
  0.33483
 -1.07205
-0.142814
-0.143298
0.0560554
 0.790337
 0.331819
 -1.06684
-0.136786
-0.147085
0.0548315
 0.788115
 0.338314
 -1.07498
-0.136491
-0.161168
0.0527899
 0.790677
 0.336544
 -1.07768
-0.124352
 -0.13953
0.0575774
 0.787088
 0.333493
 -1.06177
-0.127369
-0.152253
0.0504361
 0.781412
 0.340148
 -1.07545
-0.144427
-0.144677
0.0526328
 0.786066
  0.33099
 -1.07423
-0.135406
-0.168779
0.0506988
 0.787977
 0.340881
 -1.07761
-0.149515
-0.168054
0.0469088
 0.785884
 0.329702
 -1.06708
-0.153925
-0.143981
0.0591285
 0.791182
 0.335189
 -1.07501
-0.144183
-0.157819
0.0559207
 0.783454
 0.333848
   -1.073
 -0.14599
-0.140364
0.0612193
  0.78709
 0.340441
 -1.07212
-0.118311
-0.164068
0.0564078
 0.784657
 0.339131
 -1.07618
-0.138104
 -0.15775
0.0562132
 0.785619
 0.336178
 -1.06538
-0.146279
-0.143274
0.0555641
 0.786003
 0.335246
 -1.07992
-0.131699
-0.171054
0.0510899
   0.7915
 0.334272
 -1.07398
-0.142504
 -0.13997
0.0514068
 0.788254
 0.338897
 -1.06642
-0.134679
  -0.1629
0.0519131
 0.783385
 0.340317
 -1.07562
-0.154049
-0.162775
0.0516234
 0.786891
  0.34006
 -1.06893
-0.145478
-0.152625
0.0518493
 0.783582
 0.336707
 -1.07344
-0.146206
-0.161374
0.0547849
 0.791283
 0.344713
 -1.07674
-0.141828
-0.142153
0.0600224
  0.78568
 0.337033
 -1.07023
-0.136988
 -0.14258
0.0537094
 0.792662
 0.337388
 -1.06636
-0.133539
-0.157432
0.0547909
 0.785597
  0.33672
 -1.07349
-0.151254
-0.155473
0.0542137
 0.790582
 0.327337
 -1.07609
-0.131273
-0.151021
0.0545021
 0.788948
 0.341834
 -1.07779
-0.149882
 -0.15364
0.0553658
 0.779067
 0.332307
 -1.07241
-0.144226
-0.168628
0.0492217
  0.78608
 0.336256
 -1.08138
-0.138497
-0.147957
0.0581634
 0.789245
 0.333849
 -1.06845
 -0.13055
-0.168999
 0.050698
 0.788198
 0.331857
 -1.07561
-0.142679
-0.145558
 0.057608
 0.789123
 0.338288
 -1.05786
-0.133796
-0.146161
0.0588608
 0.783626
 0.333546
 -1.07261
 -0.13226
-0.137877
0.0509417
 0.782493
 0.335314
 -1.06349
-0.146395
 -0.16469
0.0501544
 0.785916
 0.336455
 -1.08286
 -0.14534
-0.142553
0.0608919
 0.781052
 0.330852
 -1.07399
-0.147585
-0.144022
0.0597391
  0.78787
 0.340689
 -1.06771
-0.137125
-0.150474
0.0602251
 0.786872
 0.334829
 -1.06044
-0.131765
-0.144887
0.0542022
 0.788178
  0.33468
 -1.06629
 -0.13508
 -0.16549
0.0534232
  0.78486
 0.335839
 -1.07412
-0.134826
-0.157913
0.0565119
 0.784623
 0.338561
 -1.08039
-0.140909
-0.141874
  0.05864
 0.781172
 0.333363
 -1.06089
-0.142354
-0.153198
0.0537694
 0.784779
 0.332791
 -1.07489
-0.140658
-0.168353
0.0486094
 0.780258
 0.337314
  -1.0623
-0.148402
-0.165043
0.0519174
 0.780053
 0.338098
 -1.07183
-0.153752
-0.161187
0.0534659
 0.791383
 0.339314
 -1.07808
-0.142407
-0.145742
0.0580425
 0.788112
 0.338762
 -1.06521
-0.128649
-0.151427
 0.055527
 0.784668
 0.338772
 -1.07611
-0.140007
-0.155923
0.0573273
 0.786903
 0.340531
  -1.0713
-0.134365
-0.144332
0.0521762
 0.784844
 0.338406
 -1.06365
-0.136017
-0.153458
0.0550983
 0.784585
 0.333186
 -1.07094
-0.147028
-0.149469
0.0561554
   0.7845
 0.336482
 -1.06737
-0.147145
-0.146641
0.0530032
 0.789372
 0.338403
 -1.07534
-0.132866
-0.144033
 0.050764
  0.78491
 0.338954
 -1.07163
 -0.13641
-0.158835
0.0519111
 0.787938
 0.333619
 -1.07262
-0.152587
-0.145095
0.0556453
 0.790395
 0.340283
 -1.06588
-0.129947
-0.165364
0.0537899
 0.791316
 0.340459
 -1.07655
-0.144114
-0.170533
0.0493956
 0.784612
 0.342294
 -1.07701
-0.152051
-0.166264
0.0487087
 0.787965
 0.336832
 -1.07326
-0.155483
-0.159247
0.0539354
 0.786797
 0.335678
 -1.06332
-0.147309
-0.155016
0.0536739
 0.786996
 0.338587
 -1.06356
-0.136474
-0.141521
0.0567611
 0.784809
 0.331524
 -1.07086
-0.133914
-0.157706
0.0552456
 0.784581
 0.332198
 -1.07809
-0.148473
-0.155291
0.0553129
  0.78549
 0.345383
 -1.07401
-0.151257
-0.170221
0.0478497
 0.788166
 0.335682
 -1.06789
-0.146461
-0.138639
0.0542331
  0.78587
 0.337951
 -1.06843
-0.137893
-0.139837
0.0504913
 0.784836
 0.336844
 -1.06952
-0.141689
 -0.15571
0.0477191
 0.782601
 0.339066
 -1.07083
-0.145528
-0.165491
0.0533711
 0.782582
 0.334685
  -1.0693
  -0.1372
-0.163642
0.0539565
 0.784882
 0.330474
 -1.07003
-0.134941
 -0.16135
0.0539003
  0.78795
  0.33767
 -1.07697
-0.146621
-0.159039
0.0528849
 0.783579
 0.340544
 -1.07657
-0.142562
-0.172995
0.0511053
 0.788037
 0.341084
 -1.07205
-0.144461
-0.166025
0.0479179
  0.78481
 0.342887
 -1.07381
-0.144236
-0.162698
0.0506335
 0.779183
 0.335719
   -1.062
-0.143489
 -0.14636
 0.051266
 0.780515
 0.336252
 -1.07142
-0.133367
-0.145166
0.0555408
 0.788074
 0.335081
 -1.06221
-0.136867
-0.164182
0.0570292
 0.781252
 0.339627
 -1.06626
-0.137996
-0.172544
0.0484044
  0.78605
 0.334133
 -1.07251
-0.141047
-0.146194
0.0589416
 0.783755
 0.332603
 -1.06857
-0.125503
-0.151775
 0.056809
 0.784523
 0.335132
 -1.07318
-0.146348
-0.158563
0.0514553
 0.788954
 0.338156
 -1.06801
-0.155366
-0.141866
0.0586925
 0.783454
 0.334534
 -1.06571
-0.139981
-0.141121
0.0560264
 0.781289
 0.340667
 -1.06701
-0.138881
 -0.17802
0.0463202
 0.784804
 0.343661
  -1.0697
-0.146033
-0.161269
0.0538778
 0.787905
 0.341807
 -1.07591
-0.146723
-0.171326
 0.043817
 0.782542
 0.338342
 -1.06593
-0.154912
-0.150824
0.0534383
 0.781285
 0.346689
 -1.07239
-0.141082
-0.158489
0.0500475
  0.77693
 0.339544
 -1.06528
-0.144063
-0.163032
0.0517638
 0.778847
 0.337251
   -1.062
-0.156698
-0.156805
  0.05216
 0.785548
 0.343205
 -1.07592
-0.154777
-0.156004
0.0562816
 0.783562
 0.335533
 -1.07915
-0.138894
-0.175201
0.0503131
   0.7858
 0.337351
  -1.0733
-0.146718
-0.143916
0.0584864
 0.788062
 0.342552
 -1.06281
-0.126481
-0.145106
0.0541142
 0.788237
  0.33478
 -1.06612
-0.130535
-0.155867
 0.056549
 0.785492
 0.341818
 -1.07079
-0.148436
-0.165372
0.0532118
 0.792629
 0.342894
 -1.08023
-0.132787
-0.167307
0.0517305
 0.786939
 0.334128
 -1.07319
-0.144729
-0.149477
0.0547908
 0.789226
 0.333435
 -1.07819
-0.138538
 -0.17309
0.0510863
 0.790206
   0.3422
 -1.07701
-0.146713
-0.160678
0.0511778
 0.781352
  0.34235
  -1.0723
-0.143143
-0.156693
0.0524974
 0.785671
 0.345091
 -1.06708
-0.145759
-0.145679
0.0572424
 0.786909
 0.336835
  -1.0694
-0.135669
-0.144878
0.0537578
 0.783509
 0.337073
 -1.07602
-0.146104
-0.169767
0.0457167
 0.780318
 0.334894
 -1.06433
-0.151651
-0.149314
0.0561537
 0.782173
 0.346232
 -1.07199
-0.146727
-0.167016
0.0511525
  0.78594
 0.337244
 -1.07989
-0.139978
-0.137877
0.0592656
 0.782505
 0.336006
 -1.06583
-0.128406
-0.166019
0.0473173
 0.783769
 0.341124
 -1.07773
-0.141811
-0.152051
0.0494576
 0.781524
 0.338833
 -1.07567
-0.140035
 -0.14001
 0.051413
 0.781416
 0.334221
  -1.0646
-0.143168
 -0.17448
0.0491099
 0.786917
 0.339383
 -1.06524
-0.147426
-0.152173
0.0593116
  0.78582
 0.338219
 -1.06853
-0.129024
-0.159144
0.0535969
 0.783821
 0.330345
 -1.07084
-0.132768
-0.143868
0.0513479
  0.78251
 0.340679
 -1.06217
-0.140565
-0.160629
0.0518078
 0.783524
 0.338365
 -1.07465
-0.147014
-0.174565
0.0498183
 0.785703
  0.34279
 -1.06802
-0.149081
 -0.15201
0.0581495
 0.785794
 0.335883
 -1.06511
-0.131931
-0.154976
0.0531996
 0.786033
 0.341645
 -1.07017
-0.126934
-0.163214
0.0439328
 0.779384
 0.341129
 -1.07818
-0.143292
-0.158847
0.0520033
 0.778927
 0.336719
 -1.06752
-0.151795
-0.165107
0.0529473
 0.789051
 0.337742
 -1.07219
-0.146474
-0.161145
0.0532926
 0.780258
  0.34223
 -1.07174
 -0.13725
-0.160652
0.0502464
  0.78361
 0.326184
 -1.06546
-0.150671
-0.154767
0.0527962
 0.781445
 0.343161
 -1.07597
-0.135894
-0.164456
0.0499387
  0.78486
 0.338831
 -1.06932
-0.138898
-0.157231
 0.053581
 0.783785
 0.332019
  -1.0772
-0.135343
-0.160746
0.0516301
 0.785948
 0.331799
  -1.0649
-0.141103
-0.138667
0.0543304
 0.785979
 0.329745
 -1.07052
-0.137652
-0.145594
0.0495867
  0.78367
 0.341375
 -1.07617
-0.145691
-0.150624
0.0527034
  0.78594
  0.33139
 -1.07035
-0.141594
-0.146878
0.0541121
 0.784837
 0.335205
  -1.0741
-0.136647
-0.141286
0.0564836
 0.788053
 0.331165
  -1.0646
-0.139067
-0.135421
0.0579931
  0.78586
  0.33079
 -1.06344
-0.134262
-0.151012
0.0534877
 0.781338
 0.334351
 -1.07567
-0.145363
-0.153933
0.0572106
 0.783771
 0.333031
 -1.06998
-0.127465
-0.136994
0.0562523
 0.787888
 0.335934
 -1.07308
-0.146044
 -0.14105
0.0557521
   0.7846
 0.342219
 -1.06831
-0.138984
-0.160905
0.0517228
 0.785627
 0.331801
 -1.06533
-0.154594
-0.143258
0.0551145
 0.782466
 0.333358
 -1.06673
-0.138928
-0.164752
0.0508087
 0.787982
 0.337721
 -1.07157
-0.147594
-0.145225
0.0550081
 0.786986
 0.330987
 -1.07504
-0.138447
-0.158847
0.0516969
 0.786803
 0.333893
 -1.06793
-0.150128
-0.162527
0.0500662
 0.788063
 0.337953
 -1.07822
-0.145504
-0.141234
0.0567004
 0.785879
 0.340956
 -1.06897
-0.129186
-0.156581
0.0511319
 0.783588
  0.33741
 -1.07606
  -0.1457
-0.151945
0.0501277
 0.788234
 0.341463
 -1.07009
-0.135659
-0.162636
0.0512077
 0.783536
 0.337942
 -1.07202
-0.147257
-0.164831
0.0515467
 0.786922
 0.335401
 -1.06748
-0.144968
 -0.15112
0.0550086
 0.787126
 0.339737
 -1.06849
-0.126586
-0.148068
0.0590507
 0.787932
 0.334297
 -1.07628
-0.138498
-0.157433
0.0471847
  0.78593
 0.345188
 -1.07231
-0.143068
-0.178079
0.0460711
 0.788117
 0.337289
 -1.07315
-0.150469
-0.158104
0.0498881
 0.790248
 0.341179
 -1.07987
-0.148473
-0.151228
0.0473738
 0.785807
 0.344652
 -1.07667
 -0.15033
-0.147355
0.0556371
 0.784604
 0.332791
 -1.07505
-0.144627
-0.162522
0.0500583
 0.786127
  0.33302
 -1.07394
-0.134033
-0.166808
0.0512128
 0.786893
 0.331005
 -1.06604
-0.149349
-0.162925
0.0518092
 0.784506
  0.33307
 -1.07407
 -0.15599
-0.162063
0.0562834
 0.787131
 0.332085
 -1.06925
 -0.12686
-0.139008
0.0568653
 0.787024
 0.342487
  -1.0677
-0.126958
-0.160711
0.0527226
 0.786812
 0.342016
 -1.07539
-0.146541
-0.150679
0.0532624
  0.78397
 0.335855
 -1.06766
-0.122338
-0.173926
0.0469771
 0.787204
 0.334083
 -1.07047
-0.140873
-0.155222
0.0553169
 0.784386
 0.338116
 -1.07138
-0.152875
-0.144841
0.0555631
 0.784845
 0.337564
  -1.0639
-0.128979
-0.164644
0.0522067
 0.778875
 0.338826
 -1.06722
-0.155231
-0.140581
0.0552218
 0.784834
 0.336363
 -1.06557
-0.131896
-0.161032
0.0542195
 0.789361
 0.338585
 -1.07285
-0.129989
-0.162616
0.0514156
 0.785729
 0.332669
 -1.06643
-0.152001
-0.150756
0.0537646
 0.787067
 0.334769
 -1.06997
-0.136178
-0.140889
0.0568722
 0.785555
  0.34134
 -1.06941
-0.147269
-0.150996
0.0547645
 0.784665
 0.336729
 -1.07266
-0.142424
 -0.14339
0.0573388
 0.783647
 0.338835
 -1.06984
 -0.13071
-0.160529
0.0507412
 0.784656
 0.340358
 -1.07458
-0.147913
-0.170195
0.0472967
 0.787077
 0.333183
 -1.06797
-0.146428
-0.167162
0.0510212
 0.783699
 0.332339
 -1.07599
-0.142288
-0.156895
0.0517459
 0.786959
 0.335719
 -1.07398
-0.143483
 -0.13588
0.0582414
 0.786863
 0.331799
 -1.07198
-0.138512
-0.141815
0.0574794
 0.787918
 0.338785
 -1.07082
-0.138324
-0.153702
 0.054729
 0.784503
 0.339379
 -1.07748
-0.147035
-0.149671
0.0543523
 0.784608
 0.334282
    -1.08
-0.145273
-0.168508
 0.047669
 0.781233
  0.34097
 -1.07016
 -0.15321
-0.168618
0.0479904
 0.788049
  0.33561
 -1.06654
-0.149085
-0.165628
0.0518039
 0.784863
 0.329837
 -1.07154
 -0.13811
-0.141269
 0.054399
 0.788012
 0.339061
 -1.08292
 -0.14191
-0.164324
0.0473798
 0.785863
 0.340275
 -1.07363
-0.147262
-0.162898
0.0488112
 0.786082
 0.334171
  -1.0776
-0.137626
-0.169227
0.0501244
 0.785793
 0.336004
 -1.07351
-0.147747
-0.143753
0.0572939
 0.782279
  0.34445
  -1.0639
-0.138294
-0.163583
0.0522853
 0.784757
 0.333493
  -1.0693
-0.140563
-0.166826
0.0499727
 0.780075
 0.344562
 -1.06728
-0.150202
-0.160213
0.0487263
 0.788068
 0.342718
 -1.06726
-0.145162
-0.143485
0.0561098
 0.786854
 0.339518
 -1.06731
-0.139083
-0.165251
0.0436687
 0.782535
 0.342019
 -1.06888
-0.153489
-0.138251
  0.05146
  0.78835
 0.333608
 -1.07856
-0.134461
-0.137717
0.0503133
 0.788033
 0.338403
 -1.06955
-0.149214
-0.162718
0.0503186
 0.781485
 0.339092
 -1.07435
-0.141135
-0.168253
0.0476751
 0.779162
 0.335768
 -1.06623
-0.150989
-0.154015
 0.048962
 0.778057
 0.341903
 -1.07472
-0.147135
-0.163938
0.0476044
 0.785979
 0.341177
 -1.07744
-0.144631
-0.16142
0.045687
0.788357
0.335142
-1.08274
-0.14566
-0.162199
0.0488088
 0.785035
 0.335325
 -1.07683
-0.137235
-0.170355
0.0409116
 0.783735
 0.341268
  -1.0657
-0.156317
-0.165189
0.0447867
 0.785881
 0.338788
 -1.07973
-0.156949
-0.146752
 0.053683
 0.788088
  0.33219
 -1.07262
-0.143905
-0.143076
0.0560425
 0.788084
 0.337785
 -1.07239
-0.136313
-0.145004
0.0554168
 0.785772
 0.342063
 -1.07163
-0.138582
-0.171903
 0.046868
 0.787174
 0.338447
 -1.07197
-0.141685
-0.148538
0.0532768
 0.783507
 0.337007
 -1.07484
-0.147851
-0.164277
0.0496738
 0.788018
 0.335685
 -1.06804
-0.150532
 -0.14322
0.0560124
 0.785699
 0.333502
 -1.07266
-0.145179
-0.155729
 0.055992
 0.784535
 0.336089
 -1.07571
-0.145936
-0.161558
0.0546127
 0.784425
 0.338413
 -1.06713
-0.150866
-0.139443
0.0568794
 0.787887
 0.335016
 -1.07877
-0.145159
-0.158721
0.0519142
 0.780989
 0.340492
 -1.06372
-0.159173
-0.145959
0.0579015
 0.785875
 0.330839
 -1.06623
-0.132956
 -0.14833
0.0514854
 0.781095
 0.339829
 -1.07317
-0.158077
 -0.14382
 0.050408
 0.786048
 0.343007
 -1.06286
-0.132319
-0.146793
0.0529059
 0.778944
 0.335712
  -1.0675
-0.153337
-0.147903
0.0494595
 0.784691
 0.340239
 -1.07437
-0.150323
-0.146674
0.0524214
 0.784654
 0.338648
 -1.07337
-0.146848
-0.150767
0.0521141
 0.785702
 0.336244
 -1.06925
-0.151378
-0.161167
0.0528096
  0.78685
 0.342672
 -1.07088
-0.145358
-0.170501
0.0482316
  0.78573
 0.342571
 -1.06917
-0.153421
-0.162428
0.0481163
 0.782511
 0.333634
 -1.06827
-0.151921
-0.160683
0.0497314
 0.780456
 0.341333
 -1.07572
-0.137179
-0.158523
0.0494023
 0.787242
 0.337347
 -1.06629
-0.133819
-0.157151
0.0523445
 0.786656
 0.338777
 -1.06115
-0.155777
-0.157447
0.0528559
 0.777731
 0.338144
 -1.06917
-0.157075
-0.148243
0.0497784
 0.788357
 0.338438
 -1.07187
-0.134833
 -0.15008
0.0490436
 0.785805
 0.341453
 -1.08412
-0.152591
-0.148993
0.0531025
 0.789234
  0.33582
 -1.07343
-0.142227
-0.154238
0.0488625
 0.782562
 0.331684
 -1.06726
-0.150282
-0.160702
0.0499766
 0.786968
 0.336945
 -1.07638
 -0.14894
-0.129755
0.0515808
 0.783607
 0.344747
 -1.07633
 -0.14473
-0.160599
0.0508897
 0.783731
 0.338212
  -1.0702
-0.141503
-0.148398
0.0517609
 0.782537
  0.33875
 -1.07353
-0.144654
-0.155818
0.0486578
 0.786888
 0.343291
  -1.0803
-0.154419
-0.135352
0.0572828
 0.787941
 0.331395
 -1.08096
-0.148136
-0.140803
0.0549962
 0.788285
  0.33641
 -1.07108
-0.130469
-0.161805
0.0474531
 0.787255
 0.334345
 -1.07825
-0.142715
-0.170718
0.0425205
  0.78281
 0.338219
 -1.06979
 -0.14858
-0.167293
0.0460682
 0.782577
 0.345219
 -1.06947
-0.149617
-0.166882
0.0524301
 0.788051
 0.341371
 -1.07188
-0.144662
-0.148944
0.0539833
 0.786094
  0.33398
 -1.07206
-0.132272
-0.167609
0.0466432
 0.785824
 0.341107
 -1.07644
-0.156144
-0.155747
0.0489815
 0.782411
  0.34092
 -1.07062
-0.154058
-0.146563
0.0527674
 0.784898
 0.332502
 -1.06655
-0.137691
-0.167033
0.0523556
 0.785948
 0.337077
 -1.07174
 -0.13991
-0.146278
0.0515483
 0.787088
 0.331272
 -1.06807
-0.142988
-0.152937
 0.052849
 0.786075
 0.335592
 -1.07853
-0.134404
-0.156177
0.0502981
 0.787094
 0.339421
 -1.07698
-0.142064
-0.169507
0.0451551
 0.786077
 0.333151
 -1.06734
-0.147684
-0.164411
0.0496514
 0.786998
 0.335402
 -1.07147
-0.148474
-0.163831
0.0483222
  0.78252
 0.341607
 -1.06768
-0.149049
 -0.16413
0.0488386
 0.783635
 0.337321
 -1.07346
-0.150913
-0.167803
0.0470252
 0.782513
  0.34335
 -1.07408
-0.151388
-0.150602
0.0526713
 0.788398
 0.334177
 -1.06214
-0.128548
 -0.16166
0.0468076
 0.783758
 0.334296
 -1.07273
-0.149859
-0.153708
0.0490571
 0.786012
  0.33795
 -1.07133
-0.142992
-0.166447
0.0423465
 0.782678
 0.339981
 -1.06672
-0.153849
-0.167362
 0.045943
  0.78487
   0.3431
 -1.07925
-0.149509
-0.161315
0.0470581
 0.783731
 0.341259
 -1.06685
-0.147732
-0.170746
0.0433849
 0.783736
 0.339806
  -1.0661
-0.155228
-0.151095
0.0562363
 0.781516
 0.344508
  -1.0686
 -0.12837
-0.153161
0.0476584
 0.783733
 0.340352
 -1.06971
-0.148329
-0.158291
0.0525519
 0.784746
 0.341155
 -1.07295
-0.145284
-0.132611
0.0572244
 0.788074
 0.334542
 -1.06636
  -0.1397
-0.161817
 0.049818
 0.783897
 0.336824
 -1.07195
-0.139078
-0.142534
  0.05537
 0.784815
 0.333789
 -1.06771
-0.139016
-0.156052
0.0510894
 0.783507
 0.335801
 -1.06852
-0.155451
-0.151033
0.0487484
 0.778172
  0.34907
 -1.07553
-0.142706
-0.172998
0.0443147
 0.784056
 0.333507
 -1.06879
-0.142815
-0.169318
0.0472212
 0.792781
 0.334901
 -1.07031
-0.146776
-0.151389
0.0502504
 0.790519
 0.340952
 -1.06727
-0.138349
-0.148185
0.0537281
 0.790387
 0.336732
 -1.07394
-0.141293
-0.135008
0.0574842
 0.781174
 0.335538
 -1.08083
-0.149602
-0.158763
0.0537484
 0.782191
 0.343448
 -1.07572
 -0.15567
-0.152394
0.0530066
 0.786836
 0.336914
 -1.07939
-0.152161
-0.167387
  0.04674
 0.789028
 0.343916
 -1.06529
-0.158757
-0.168343
0.0492377
 0.791457
 0.334818
 -1.06847
-0.148312
-0.167445
0.0453391
 0.781367
 0.342634
 -1.06969
-0.154328
-0.147861
0.0487684
 0.783805
 0.339607
 -1.08186
-0.140963
-0.152452
0.0503148
 0.781597
 0.343326
 -1.06602
-0.131124
-0.165139
0.0432849
 0.785859
 0.344427
 -1.06991
-0.153595
 -0.16829
0.0472689
 0.789237
 0.343885
 -1.07296
 -0.14461
-0.159942
0.0462523
 0.782249
 0.343303
  -1.0646
-0.159828
-0.169104
0.0482194
 0.779035
 0.340273
 -1.07313
-0.150492
 -0.16152
0.0501716
 0.783605
 0.336257
 -1.07473
-0.143926
-0.139997
  0.05543
 0.786835
 0.333032
 -1.05791
 -0.14018
 -0.16229
0.0455043
 0.787092
 0.346618
 -1.07484
 -0.13927
 -0.15369
0.0520899
 0.781475
 0.342999
 -1.06601
-0.130443
-0.144339
0.0556073
 0.783363
  0.34166
 -1.07321
-0.143581
-0.161283
0.0492595
 0.782206
 0.348046
 -1.07953
-0.153297
 -0.15754
0.0505873
 0.789015
  0.34605
 -1.07219
-0.144726
-0.163463
0.0496021
 0.787622
 0.348887
 -1.07132
-0.158253
  -0.1574
0.0500108
 0.777513
 0.350249
 -1.07009
-0.160421
-0.172246
0.0424402
 0.782257
 0.344802
  -1.0641
-0.160544
 -0.15691
0.0475538
 0.782391
 0.347035
 -1.06851
-0.146097
-0.164162
0.0435461
 0.789073
 0.343585
 -1.06612
-0.154358
-0.159335
0.0491327
 0.783409
 0.345651
 -1.06274
-0.147614
-0.157951
0.0516431
 0.786542
 0.340595
 -1.06052
-0.156078
-0.153957
0.0520903
 0.779914
 0.344068
 -1.07389
-0.153127
-0.161424
0.0483108
 0.783593
 0.341875
 -1.08131
-0.144725
-0.149536
0.0503643
 0.788314
 0.337681
 -1.07182
-0.129807
-0.156749
 0.046776
 0.783578
 0.344492
 -1.06966
-0.146661
-0.163812
0.0502053
 0.789161
 0.338881
 -1.06989
-0.142058
-0.154592
0.0541742
  0.78367
 0.336308
 -1.07708
-0.133785
-0.172898
0.0442316
  0.78153
 0.332676
 -1.06629
 -0.14572
-0.157883
0.0504472
 0.781238
 0.336261
 -1.07086
-0.149125
-0.149164
0.0500839
 0.793622
 0.344514
 -1.07725
 -0.14146
-0.165807
0.0503583
 0.787879
 0.341784
 -1.07018
-0.148502
-0.164447
0.0537638
  0.78196
 0.340082
 -1.07516
-0.162477
-0.163083
0.0481793
 0.785767
 0.344416
 -1.07507
-0.147238
-0.137564
0.0537189
 0.780101
 0.343245
 -1.06685
 -0.14312
-0.156631
0.0472548
 0.790248
 0.342841
 -1.08174
-0.150731
-0.146911
0.0579775
 0.787835
 0.334481
 -1.06643
-0.142663
-0.157446
0.0513705
 0.787656
 0.342808
  -1.0647
-0.158267
-0.140336
0.0560985
 0.782362
 0.333423
 -1.06786
-0.141513
-0.155654
0.0516239
  0.78588
 0.342058
 -1.07816
 -0.13701
-0.157772
0.0519772
 0.778671
 0.341194
 -1.06897
-0.161914
-0.141171
0.0515993
 0.788182
 0.333641
 -1.06351
-0.137151
-0.139985
0.0551599
 0.786904
  0.33456
 -1.06147
-0.137973
-0.161069
0.0489275
 0.785703
 0.343956
 -1.07393
-0.149275
-0.138099
0.0553387
 0.784727
 0.332852
 -1.07165
-0.137586
-0.147736
0.0537792
 0.785863
 0.344599
 -1.07191
-0.132564
-0.155018
0.0497767
 0.782358
 0.343809
 -1.06813
-0.147275
-0.168764
0.0458559
 0.788156
 0.338328
 -1.07366
-0.145302
-0.163095
0.0486295
 0.783373
 0.336168
 -1.06008
-0.156354
-0.137103
0.0532083
 0.784647
 0.341118
 -1.06553
-0.141093
-0.160987
0.0484224
 0.784826
 0.336048
 -1.07113
-0.142591
-0.160553
0.0463453
 0.783623
 0.334968
  -1.0669
-0.150725
-0.165248
0.0485839
 0.784766
 0.334109
 -1.07451
-0.146495
-0.153066
0.0507029
 0.781307
 0.348831
 -1.07704
-0.142141
-0.165059
0.0486071
 0.784506
 0.339032
 -1.07767
-0.157801
-0.162285
0.0463864
  0.78804
 0.343741
 -1.06824
-0.148233
-0.164344
0.0462091
 0.782391
 0.346359
 -1.06624
-0.150146
-0.161202
0.0499551
  0.78677
 0.336552
  -1.0684
-0.153461
-0.163405
0.0497029
 0.783743
 0.333129
 -1.07681
-0.141417
-0.171261
0.0495995
 0.777808
 0.348405
  -1.0678
-0.149696
-0.159543
0.0516177
 0.782284
 0.335191
 -1.05697
-0.150816
-0.165541
0.0514822
 0.784524
 0.343817
 -1.06813
-0.147515
-0.142292
0.0574092
 0.782368
 0.336043
 -1.05629
-0.136377
-0.170636
0.0462739
  0.78712
 0.340076
 -1.06989
-0.140276
-0.141332
0.0539578
 0.789117
 0.337499
 -1.06332
-0.140457
-0.164328
0.0458022
   0.7837
 0.334524
 -1.06569
 -0.14801
-0.153966
0.0469578
 0.781321
 0.346085
   -1.067
-0.148493
-0.138254
0.0497811
 0.786112
 0.340031
 -1.06738
-0.131008
-0.169667
 0.051341
 0.787692
 0.341563
 -1.06523
-0.156551
-0.146834
0.0512884
 0.791442
 0.341514
 -1.06743
-0.138745
-0.169095
0.0486563
 0.786013
 0.336423
 -1.07302
-0.139095
-0.163897
0.0525031
 0.783497
 0.334757
 -1.07261
-0.146943
-0.166397
0.0460204
  0.78465
  0.33265
 -1.06429
-0.156948
-0.164982
0.0489466
 0.782547
 0.336712
 -1.06867
-0.143952
-0.137392
0.0545615
 0.782602
 0.338028
 -1.06502
-0.131042
-0.164336
 0.047289
 0.785754
 0.345083
  -1.0683
-0.149593
-0.173952
0.0448037
  0.78561
 0.350018
 -1.07008
-0.158734
-0.140206
0.0499696
 0.784742
 0.342986
  -1.0678
-0.141971
-0.167268
0.0501609
 0.778898
 0.340862
 -1.06768
-0.154425
-0.173208
0.0408809
 0.783767
 0.341738
 -1.07074
-0.151303
-0.157402
 0.051673
 0.785581
 0.333265
 -1.06196
-0.155563
-0.167765
0.0442248
 0.782499
 0.345569
 -1.06922
-0.150369
 -0.15965
0.0532956
 0.786668
  0.33972
 -1.07042
-0.151774
-0.145373
 0.054248
 0.786983
 0.341267
 -1.07209
-0.134617
-0.172326
0.0460732
 0.784847
 0.339136
  -1.0665
-0.144529
-0.142995
0.0535542
 0.786899
 0.339518
 -1.07134
-0.142079
-0.170666
0.0485345
 0.785864
 0.343898
 -1.06859
-0.143558
-0.160585
0.0494406
 0.783536
 0.343343
 -1.07308
 -0.14866
-0.158235
0.0485964
 0.779159
 0.344272
 -1.06503
 -0.14481
-0.161571
0.0458136
 0.782472
 0.346239
 -1.07317
-0.152443
-0.166622
0.0485792
 0.786903
 0.338401
 -1.07615
-0.153131
-0.164776
0.0417976
 0.788173
 0.344214
 -1.07094
-0.154533
-0.135876
0.0575936
 0.784675
 0.331489
 -1.06262
-0.139349
-0.163067
0.0506093
 0.786914
 0.339047
 -1.07309
-0.148369
-0.164225
0.0471201
 0.780024
 0.347257
 -1.06513
-0.159176
-0.139835
0.0563258
 0.784624
 0.332264
 -1.06525
-0.144136
-0.145768
0.0557423
 0.787994
 0.339501
 -1.06501
-0.139304
-0.144879
0.0509885
 0.787087
 0.334575
 -1.07374
-0.141282
-0.133222
0.0464604
 0.783867
 0.345049
 -1.07039
-0.137826
-0.167068
0.0484732
 0.783475
 0.340944
 -1.07375
-0.153443
-0.147735
0.0539527
 0.784576
 0.343873
  -1.0759
-0.144066
-0.161114
0.0499208
 0.783296
 0.344822
 -1.07285
-0.158131
-0.147721
0.0543499
 0.784924
 0.341945
 -1.06777
-0.125699
-0.161578
0.0515565
 0.785874
 0.337342
 -1.07141
-0.141268
-0.168671
0.0470327
   0.7881
 0.341304
  -1.0812
-0.149178
-0.140937
0.0522672
 0.781129
 0.341969
 -1.07489
-0.154542
-0.154442
0.0486976
 0.782831
  0.34221
 -1.06802
-0.129545
-0.179081
0.0481798
 0.789134
 0.340841
  -1.0726
-0.149912
-0.145817
0.0558232
 0.785851
 0.336267
 -1.06878
-0.136442
 -0.15876
0.0500513
 0.788347
 0.339447
 -1.07444
-0.132849
-0.157953
0.0558323
 0.790327
 0.346863
 -1.06417
-0.128556
-0.145237
 0.054193
 0.784853
 0.342363
 -1.05824
-0.128375
-0.146531
0.0511933
 0.784893
 0.340985
 -1.06413
-0.133872
-0.158439
0.0489101
 0.782528
 0.347263
  -1.0822
-0.144305
-0.158962
0.0496765
 0.783893
 0.331044
 -1.07447
-0.137341
-0.165415
0.0432086
  0.78245
 0.340855
 -1.07331
-0.160255
-0.171806
0.0437196
  0.78171
 0.343079
 -1.06347
-0.136732
-0.175183
 0.048118
 0.783823
 0.334827
 -1.07649
-0.140764
-0.142431
0.0593045
 0.783575
 0.343097
 -1.06713
-0.128251
-0.167589
0.0516121
 0.785784
 0.338917
 -1.07124
-0.144908
-0.164503
0.0470058
 0.785927
 0.333123
 -1.07129
-0.149713
-0.153604
 0.045322
 0.783806
 0.344848
 -1.08452
-0.144356
-0.172715
 0.047797
 0.787983
 0.339621
 -1.06827
-0.153211
-0.138286
0.0600164
 0.786788
 0.342092
 -1.05827
-0.133513
-0.143093
0.0540596
 0.790258
 0.341769
 -1.06823
-0.140166
-0.153821
0.0554175
  0.78232
 0.346653
 -1.07424
-0.142236
-0.145109
0.0528583
 0.785683
 0.336583
 -1.08127
-0.153614
 -0.14347
0.0558474
 0.786827
 0.340577
 -1.06289
-0.141605
-0.154976
0.0525929
 0.782345
  0.35147
 -1.07027
-0.143508
-0.151862
0.0552667
 0.781091
 0.338556
 -1.07055
  -0.1517
-0.175442
0.0415989
 0.786032
 0.338981
 -1.06982
 -0.15098
-0.161757
0.0526657
 0.781197
 0.338563
 -1.06916
-0.149623
-0.168472
0.0472118
 0.783578
 0.346394
 -1.06541
-0.147033
-0.155327
0.0526019
 0.786633
 0.342926
 -1.07088
  -0.1552
-0.145237
0.0527235
 0.789128
 0.332576
 -1.05923
-0.145527
-0.161507
0.0515217
 0.785828
 0.341635
 -1.07029
-0.141352
-0.174585
0.0455069
 0.787895
 0.338827
 -1.06991
-0.161193
-0.161484
0.0515842
 0.787828
 0.340827
 -1.06783
-0.153074
-0.142341
0.0578011
 0.785622
 0.336097
 -1.06215
  -0.1433
-0.166155
0.0446195
 0.783928
 0.338948
 -1.08195
-0.141234
-0.151715
 0.054606
 0.784426
  0.34319
 -1.06683
-0.150344
-0.155573
0.0536014
 0.784639
 0.347002
 -1.06419
-0.139117
-0.174149
0.0442776
 0.786025
 0.337124
 -1.06885
-0.147971
-0.146906
0.0519036
  0.78483
 0.338324
 -1.06487
-0.138487
 -0.15798
 0.055184
 0.788008
 0.344595
 -1.07198
-0.137886
-0.165819
0.0448184
 0.783622
 0.345969
 -1.07642
-0.152831
-0.154868
 0.051034
 0.782442
 0.345943
 -1.07162
-0.144407
-0.162883
0.0487909
 0.782607
 0.339381
 -1.07875
-0.144317
-0.154161
0.0566207
 0.782169
 0.346034
 -1.06637
-0.146678
-0.144308
0.0498877
 0.784916
 0.341205
 -1.07082
-0.137124
-0.155611
0.0530105
 0.785995
 0.338252
 -1.07502
-0.134272
-0.141965
0.0564048
 0.785606
 0.336597
 -1.07028
 -0.14828
-0.156761
0.0495338
 0.786881
 0.338504
 -1.06496
-0.149978
-0.155596
0.0524217
  0.78928
 0.333918
 -1.06971
-0.139684
-0.165552
0.0516431
 0.785754
 0.343558
 -1.07268
-0.145484
-0.143428
0.0538693
 0.784756
 0.335869
 -1.06688
-0.140365
-0.144997
0.0513095
    0.786
 0.333308
 -1.07347
-0.141265
-0.162609
0.0477393
 0.786899
 0.337791
 -1.06109
-0.152882
-0.167022
0.0483289
 0.787963
 0.341596
 -1.07572
-0.153978
-0.151392
0.0519367
 0.781339
 0.344978
 -1.07248
-0.142451
-0.167427
0.0495201
 0.788032
 0.342083
 -1.07134
 -0.14677
-0.157166
0.0496563
 0.782603
 0.343573
  -1.0774
-0.140536
-0.151404
0.0524027
  0.79048
 0.344897
 -1.07253
-0.131332
-0.169074
0.0475376
 0.785803
 0.336887
 -1.07307
-0.154221
-0.162624
0.0467741
 0.785921
 0.335188
 -1.06101
-0.148855
-0.177664
 0.049465
 0.787892
 0.346732
 -1.07724
-0.152265
-0.144816
0.0586537
 0.786766
  0.33991
 -1.05882
-0.138756
-0.161589
0.0501704
 0.784876
 0.334015
  -1.0674
-0.140258
-0.162732
 0.046441
 0.785748
 0.332142
 -1.06613
-0.160405
-0.167438
0.0491766
 0.781506
 0.337526
 -1.06904
-0.142056
-0.178688
0.0453667
 0.788106
 0.341076
 -1.07177
 -0.15191
-0.160431
0.0478215
 0.786835
 0.350449
 -1.07683
-0.152666
-0.174446
0.0459184
 0.786919
 0.345544
 -1.06735
-0.152156
-0.163628
0.0517697
 0.785727
 0.340305
 -1.07627
-0.150303
-0.154505
0.0485523
 0.781504
 0.342963
  -1.0757
-0.143443
-0.161563
0.0442447
 0.781421
 0.346899
  -1.0681
-0.151761
-0.137458
0.0555393
 0.786845
 0.339106
 -1.06311
-0.142846
-0.166562
0.0474505
 0.788027
 0.340186
 -1.07612
-0.154131
-0.167261
0.0489908
 0.784848
 0.335881
 -1.07532
-0.144125
-0.154124
0.0547223
 0.786082
 0.336482
  -1.0616
-0.125196
-0.162651
0.0485406
 0.785769
 0.346384
 -1.06644
 -0.14741
-0.153355
0.0512532
 0.784623
 0.336939
 -1.06963
-0.149473
-0.167055
0.0478644
 0.789326
 0.339984
 -1.08048
-0.142435
-0.142495
0.0573281
  0.78788
 0.335216
 -1.07571
-0.145667
-0.158454
0.0468306
 0.788106
 0.334085
 -1.06382
 -0.15142
-0.143708
0.0547022
 0.782476
 0.347163
 -1.07091
-0.135287
-0.136729
0.0513311
 0.787037
  0.34098
 -1.07054
-0.140255
-0.139355
0.0534603
 0.787033
 0.338084
 -1.06449
-0.136891
-0.146919
0.0587286
 0.787923
 0.338597
  -1.0775
-0.139999
-0.168973
0.0482677
 0.782361
 0.348115
 -1.07262
-0.151303
-0.146454
0.0568918
 0.786851
 0.336541
 -1.06928
 -0.14118
-0.155419
0.0517745
 0.784671
 0.343571
 -1.07325
-0.144523
-0.148817
0.0495175
 0.787143
 0.335508
 -1.07617
-0.141768
-0.153577
 0.052288
 0.784475
 0.334152
 -1.07057
-0.158293
-0.159755
0.0527984
  0.78353
  0.34232
 -1.06766
-0.143618
 -0.15188
0.0540024
 0.784561
  0.33706
 -1.07646
-0.150579
 -0.17055
0.0467483
 0.784663
 0.346353
 -1.07146
-0.151942
-0.156619
0.0484434
 0.783519
 0.333607
 -1.05642
-0.155561
-0.153995
0.0547564
 0.782395
 0.342628
 -1.07516
-0.143016
-0.153137
0.0511462
 0.786909
 0.338949
 -1.07835
-0.149502
-0.170917
 0.047509
 0.785859
 0.335107
 -1.06675
-0.151737
-0.159368
  0.05141
 0.778808
 0.339565
 -1.06248
-0.160236
-0.148331
0.0565793
 0.787008
 0.336911
 -1.07039
-0.134059
-0.176886
0.0467013
 0.786921
 0.339021
  -1.0705
-0.153599
-0.147776
0.0547271
 0.788083
 0.341988
 -1.07376
-0.137204
-0.177151
0.0472453
 0.786121
 0.338559
 -1.07372
-0.137082
-0.145364
0.0526048
 0.785885
 0.333691
 -1.06939
-0.143075
-0.158561
0.0487241
 0.786917
 0.347942
 -1.06782
-0.145743
-0.167731
0.0433897
 0.782602
 0.346696
 -1.07278
-0.149007
-0.145843
0.0545065
 0.786996
 0.334772
 -1.07372
-0.139724
-0.167195
0.0491183
 0.787025
  0.34004
 -1.07537
-0.144232
-0.139455
0.0549035
 0.786897
 0.344407
 -1.06708
-0.138258
-0.160477
0.0565141
 0.789062
 0.347256
 -1.06501
-0.135206
-0.159958
 0.045414
 0.780343
 0.344038
 -1.06273
-0.146924
-0.174631
0.0452889
 0.786011
 0.334495
 -1.06951
 -0.14757
-0.158101
0.0551977
 0.780019
 0.350678
 -1.06664
-0.142428
 -0.15211
0.0468686
 0.783947
 0.342079
 -1.06717
-0.133445
-0.156539
 0.048011
 0.778989
 0.342042
 -1.07252
-0.157134
-0.159722
0.0524167
 0.787136
 0.340873
 -1.07347
-0.132181
-0.160516
0.0472066
 0.781555
 0.342045
 -1.07186
-0.141149
-0.163875
0.0518559
 0.783732
 0.334976
 -1.07217
-0.138675
 -0.16067
0.0479752
 0.784715
 0.340996
 -1.07405
-0.150028
-0.170911
  0.04746
 0.783612
 0.339901
 -1.06845
-0.149196
-0.161232
0.0498867
 0.785823
 0.337075
 -1.07565
-0.149061
-0.160141
 0.046544
 0.790271
 0.343593
 -1.06798
-0.151287
 -0.16739
0.0498837
 0.788082
 0.337835
 -1.07249
-0.146277
-0.144017
0.0479469
 0.782436
 0.345648
 -1.07701
-0.151787
 -0.16619
0.0447333
 0.783766
 0.334117
 -1.06296
-0.148931
-0.172418
0.0445519
 0.786086
 0.332764
 -1.06849
  -0.1459
-0.167859
0.0519511
  0.79137
 0.338152
 -1.07412
-0.145372
 -0.14983
0.0544465
 0.788297
 0.340447
 -1.06708
-0.125814
-0.162448
0.0474549
 0.782454
 0.349249
 -1.07216
-0.147716
-0.169408
0.0500817
 0.789028
 0.341002
 -1.07382
-0.152822
-0.143252
0.0534157
 0.790227
 0.342754
 -1.07202
-0.143045
 -0.15865
0.0480196
 0.788129
 0.338227
 -1.07498
-0.148082
-0.147637
0.0536122
 0.788061
 0.334661
 -1.06759
 -0.14246
-0.169184
0.0495897
 0.790271
  0.34649
 -1.07272
-0.144016
-0.145793
0.0550296
 0.781366
 0.345051
 -1.06824
-0.134766
-0.159758
0.0528331
 0.783435
 0.344216
 -1.07548
-0.147728
-0.159069
0.0504785
 0.785483
 0.344765
 -1.07264
-0.160589
-0.153898
0.0529923
 0.783983
 0.334642
 -1.07723
 -0.12537
-0.178517
0.0450421
 0.786877
 0.342069
 -1.07115
-0.156354
-0.161809
0.0524636
 0.785718
 0.339789
 -1.07502
-0.147789
-0.139664
0.0556241
 0.788002
 0.343165
 -1.06797
-0.137873
-0.138287
0.0581621
 0.791366
 0.339073
 -1.06928
-0.134689
-0.161067
0.0500596
 0.785672
 0.344186
 -1.06983
-0.151486
-0.164385
0.0470697
 0.782227
 0.347688
  -1.0661
 -0.15932
-0.172622
0.0452458
 0.787193
 0.331524
 -1.06938
-0.145555
-0.163379
0.0501637
 0.787303
 0.340269
 -1.07622
-0.128078
-0.140685
0.0510474
 0.783765
 0.344072
 -1.07076
-0.134964
-0.136455
0.0504497
 0.787244
 0.337648
   -1.063
-0.131626
-0.158492
0.0479037
 0.783667
 0.345906
 -1.07069
-0.143484
 -0.17613
0.0435148
 0.783704
 0.341385
 -1.06807
-0.150404
-0.168488
0.0463261
 0.786795
 0.338837
 -1.06516
-0.159444
-0.155918
0.0532526
 0.784878
 0.336845
 -1.07478
-0.134314
 -0.16727
0.0494849
 0.778941
 0.341063
 -1.06749
-0.155311
-0.151147
0.0513599
 0.788007
 0.338085
 -1.06956
-0.147594
-0.149787
0.0537951
 0.789234
 0.333797
 -1.06969
-0.139796
-0.175852
0.0423533
  0.78598
 0.340228
 -1.06944
-0.151048
-0.165353
0.0500507
 0.783669
 0.343989
 -1.07944
-0.141335
-0.146263
 0.056461
 0.785863
 0.338732
 -1.07209
-0.134119
-0.142234
0.0568619
 0.786813
 0.335375
 -1.07099
-0.143668
-0.144006
 0.055745
  0.78571
 0.336028
 -1.06755
-0.144047
-0.164009
 0.053001
 0.781095
 0.341116
 -1.07405
-0.153928
-0.157187
0.0507529
 0.781376
 0.344971
 -1.07257
-0.142107
-0.166713
0.0471618
 0.783495
 0.338748
 -1.07024
-0.156597
-0.153276
0.0520542
 0.785654
 0.343653
  -1.0685
-0.149225
-0.162408
0.0463655
 0.787226
 0.340225
  -1.0764
-0.139116
-0.158437
0.0467963
 0.788444
 0.336882
 -1.07492
-0.134917
-0.175423
0.0484044
 0.784928
 0.336739
 -1.07235
-0.138929
-0.164575
0.0473216
 0.791335
  0.34234
 -1.07992
-0.154557
-0.168339
0.0455557
 0.785966
 0.342016
 -1.07156
-0.145779
-0.149055
0.0503473
 0.786188
 0.334055
 -1.07579
 -0.13192
-0.167594
0.0504197
 0.787011
  0.33736
 -1.07609
-0.143478
-0.140727
0.0512045
 0.783838
 0.342154
 -1.06297
-0.130579
-0.163267
0.0505367
   0.7811
 0.346478
 -1.07263
-0.155223
-0.149367
0.0514414
 0.783689
 0.331161
 -1.07582
-0.144985
-0.157616
0.0520358
 0.779309
 0.340177
 -1.06431
 -0.13247
-0.157996
0.0543222
 0.788885
 0.342036
 -1.07351
-0.152174
-0.158846
0.0490284
 0.781346
 0.343021
 -1.07047
-0.147368
-0.154041
0.0466109
 0.788186
 0.342842
 -1.07089
-0.144838
-0.171093
0.0478934
 0.777893
 0.337092
 -1.06253
-0.155709
 -0.16888
 0.047458
 0.786985
 0.338091
 -1.07327
-0.149394
 -0.16032
0.0543063
 0.785594
 0.330767
   -1.068
-0.154202
-0.148418
0.0575826
 0.787897
 0.341813
 -1.06172
-0.138419
-0.161554
0.0513422
 0.785751
  0.33651
 -1.06768
 -0.14859
-0.167913
0.0516703
  0.78486
 0.337563
  -1.0707
-0.136059
-0.166287
0.0537625
 0.776673
 0.339569
 -1.06127
-0.148941
 -0.15026
0.0562892
 0.786857
 0.340352
 -1.06697
-0.138548
-0.161868
0.0449781
 0.782317
 0.345561
 -1.06929
-0.160459
-0.155232
0.0509109
 0.786925
 0.337395
 -1.07194
-0.147156
-0.148536
0.0491312
 0.785874
  0.34076
 -1.07444
-0.146345
-0.172758
0.0464895
 0.786878
 0.337871
 -1.07219
-0.156294
-0.143584
0.0545829
 0.785844
 0.342757
 -1.06557
-0.135552
-0.143797
0.0561493
 0.787959
 0.346429
 -1.05763
-0.135213
-0.171646
0.0508761
 0.788944
 0.342732
 -1.07484
-0.154403
-0.159056
0.0503613
 0.781337
 0.348422
   -1.069
-0.142195
-0.159454
0.0519563
 0.785774
 0.344219
 -1.06416
-0.141819
-0.138916
0.0516507
 0.788302
 0.336984
 -1.07748
-0.134861
-0.170801
0.0469355
 0.786868
 0.338459
 -1.07474
-0.156223
-0.147508
  0.05309
 0.779027
 0.339818
 -1.07012
-0.146696
 -0.15081
0.0503144
 0.779948
 0.343714
 -1.06862
-0.159174
-0.172595
0.0460046
 0.788029
 0.338352
 -1.06847
-0.154448
-0.158031
0.0544187
 0.779048
 0.349809
 -1.07433
 -0.13781
-0.156841
0.0498408
 0.783537
 0.344965
  -1.0615
-0.145385
-0.166468
0.0452099
 0.784985
 0.331729
 -1.07631
-0.145905
-0.159535
0.0520064
 0.777634
 0.344083
 -1.06897
-0.159501
-0.153871
0.0532229
 0.788255
 0.335035
  -1.0796
-0.134555
-0.137668
0.0553161
 0.786793
 0.336909
 -1.07195
-0.147177
-0.157966
0.0451734
 0.783648
 0.341068
 -1.08027
-0.153605
-0.163627
0.0514415
 0.787071
 0.341618
 -1.07616
-0.136594
-0.151676
0.0533077
 0.787056
 0.337054
 -1.06492
 -0.13526
-0.142897
0.0522321
 0.787892
 0.343307
 -1.06273
-0.148406
-0.171047
0.0477048
 0.788195
 0.336269
 -1.07148
-0.144558
-0.161643
0.0511322
 0.783623
 0.333237
 -1.07141
-0.146118
-0.165364
0.0504809
 0.787964
 0.341498
 -1.07026
-0.148566
-0.166334
0.0541753
 0.785812
 0.341343
 -1.06902
-0.137485
-0.166106
0.0528245
 0.788062
 0.338066
 -1.07921
-0.142465
-0.174835
0.0472475
 0.784655
 0.347487
 -1.06985
-0.148794
-0.163736
0.0519645
 0.785597
  0.34016
 -1.07649
-0.154582
