0.00625049
 -0.944949
 -0.619449
  0.161426
 -0.502102
  -1.20926
0.0175566
-0.949051
-0.643876
 0.174811
-0.507926
 -1.20639
0.0255633
-0.947594
-0.637205
 0.167748
-0.487106
 -1.20552
0.00692719
 -0.956599
 -0.636829
  0.168387
 -0.504578
  -1.20457
0.0236709
-0.947602
-0.625861
 0.175101
-0.499981
 -1.19398
0.0180475
-0.950156
 -0.63607
 0.174729
-0.491354
 -1.20574
0.00104053
 -0.957247
 -0.623432
   0.16783
 -0.503273
  -1.20496
0.00411185
 -0.945925
 -0.638127
  0.160702
 -0.502065
  -1.19697
0.00459084
  -0.94744
 -0.628035
  0.163512
 -0.514454
  -1.19782
0.00810267
 -0.952619
 -0.631245
  0.169914
 -0.505474
  -1.19625
-0.0136031
 -0.956145
 -0.632515
  0.179143
 -0.505737
  -1.20441
0.00776539
 -0.950958
 -0.635175
  0.169635
 -0.504705
  -1.22275
0.00234975
 -0.946826
 -0.646932
  0.168409
 -0.496916
  -1.18998
-0.000965848
   -0.957957
   -0.648116
    0.174352
   -0.503376
    -1.21281
-0.0242092
 -0.964097
 -0.630076
  0.170303
 -0.509174
  -1.21145
-0.0400404
 -0.933082
 -0.618781
  0.165368
 -0.506482
  -1.20042
-0.0600028
 -0.975307
 -0.591046
  0.178858
 -0.503633
  -1.22169
-0.0404739
 -0.940367
 -0.652018
   0.17148
 -0.497461
  -1.19544
-0.0422376
 -0.976493
 -0.653795
  0.161464
 -0.495828
  -1.19135
-0.0597687
 -0.969108
 -0.610022
  0.174135
 -0.510226
  -1.21067
-0.0614604
 -0.965072
 -0.654354
  0.164817
 -0.489976
  -1.18859
-0.0516577
 -0.961214
 -0.617667
  0.162611
 -0.497883
  -1.18968
-0.0613173
 -0.980494
 -0.633129
  0.169847
 -0.489633
  -1.20852
-0.0602547
  -1.00261
 -0.633539
  0.164116
 -0.500947
  -1.21853
-0.0769234
   -0.9518
 -0.637323
  0.164826
 -0.491476
  -1.19988
-0.0929255
  -1.00261
 -0.611435
  0.174106
 -0.494882
  -1.21846
-0.0910914
 -0.986672
 -0.639366
  0.169236
  -0.47785
  -1.18974
-0.108803
-0.946981
-0.602196
 0.164513
-0.497721
 -1.21172
-0.108098
-0.993765
-0.624631
 0.164381
-0.498544
  -1.1934
-0.0853053
 -0.959357
 -0.621202
   0.16344
  -0.48113
  -1.18315
-0.106958
-0.980581
 -0.62168
 0.171787
-0.499862
  -1.1852
-0.112085
-0.993526
-0.631554
 0.166202
-0.481317
 -1.19768
-0.123595
-0.988925
-0.640978
 0.166394
-0.480257
 -1.21204
-0.118467
-0.992854
-0.646327
 0.174313
-0.488881
 -1.20924
-0.127826
 -1.00602
-0.627492
 0.160183
-0.484081
 -1.18798
-0.133679
   -0.991
-0.631438
 0.159978
-0.488458
  -1.1891
-0.145525
-0.984318
 -0.62735
 0.165721
-0.488288
 -1.19171
-0.144822
-0.990119
-0.660176
 0.156448
-0.482009
 -1.18363
-0.148953
 -1.04068
 -0.64168
 0.155436
-0.496219
  -1.1957
-0.173367
-0.966062
-0.646717
 0.154365
 -0.47322
 -1.18618
-0.142348
-0.955243
-0.642735
  0.17152
-0.465593
  -1.1853
-0.145097
 -1.01242
-0.605727
 0.149104
-0.481282
 -1.18549
 -0.15083
-0.996823
 -0.62525
 0.166087
-0.477379
 -1.17433
-0.150636
 -0.99925
-0.638472
 0.159309
 -0.48915
 -1.18336
-0.165771
-0.985209
-0.597807
 0.169052
-0.491434
 -1.18174
-0.166175
 -1.00991
-0.606041
 0.159132
-0.485229
 -1.19984
-0.143313
-0.977733
-0.623569
 0.155283
-0.482506
 -1.18888
-0.186534
 -1.01147
-0.600226
 0.157787
-0.489933
 -1.19592
-0.174401
 -1.01014
-0.616927
 0.168322
-0.490924
 -1.18888
-0.177856
-0.989066
-0.630948
 0.158526
-0.490214
 -1.18702
-0.159803
 -1.04413
-0.618017
 0.166383
 -0.48928
 -1.19728
-0.183815
  -0.9733
-0.633842
 0.155212
-0.488005
  -1.1926
 -0.19034
 -1.05435
-0.613731
 0.165188
-0.493976
 -1.22372
-0.186701
 -1.01914
-0.605485
 0.154368
-0.481086
 -1.19716
-0.185641
 -1.00132
-0.666228
 0.159892
-0.491231
 -1.19435
-0.201986
 -1.02241
-0.582041
 0.167932
-0.495844
 -1.19083
-0.236495
 -1.01839
-0.610236
 0.161771
-0.481491
 -1.19306
-0.230459
 -1.00239
 -0.61685
 0.155909
-0.480469
 -1.16081
-0.243086
 -1.01514
-0.574666
 0.168807
-0.484974
 -1.18584
-0.249768
 -1.01602
-0.622619
 0.158982
-0.467805
 -1.18578
-0.280667
 -1.01817
-0.623391
 0.152512
-0.489382
 -1.17537
-0.252959
 -1.01842
-0.590069
 0.165349
 -0.48449
   -1.174
-0.221011
 -1.00666
-0.634084
  0.16595
-0.468137
 -1.17513
-0.230308
 -1.04629
-0.638463
 0.152795
-0.476165
   -1.192
-0.242913
 -1.01716
-0.592633
 0.162051
-0.477431
  -1.1817
-0.218156
  -1.0193
-0.638207
 0.153244
-0.456496
 -1.17935
-0.259869
 -1.04216
-0.625519
 0.164425
-0.475126
 -1.19649
-0.270108
  -1.0422
-0.619976
 0.162053
-0.465026
 -1.19597
-0.261805
 -1.03506
-0.648966
 0.163223
-0.455841
 -1.18769
-0.293183
 -1.05011
-0.620477
 0.157566
-0.461689
 -1.18997
-0.300702
 -1.03556
-0.594109
 0.150654
-0.459269
 -1.18158
-0.340754
 -1.08245
-0.579124
 0.156907
 -0.46879
 -1.18085
-0.341352
 -1.03972
-0.623043
 0.158668
-0.466815
 -1.18817
-0.312251
 -1.04833
-0.612246
 0.156847
 -0.45743
 -1.16907
-0.317469
 -1.05346
-0.619748
 0.150848
-0.455127
 -1.17046
-0.352243
 -1.06292
-0.604178
 0.153752
-0.471025
 -1.18934
-0.360185
 -1.07267
-0.599194
 0.154042
-0.471419
 -1.18172
-0.376024
 -1.09305
 -0.62001
 0.154573
-0.457871
 -1.19337
-0.352502
 -1.04507
-0.599952
 0.152865
-0.462493
 -1.16781
-0.381465
 -1.03713
-0.605753
 0.153857
-0.457202
 -1.16056
-0.407831
 -1.11565
-0.606807
 0.149078
-0.456869
 -1.19173
-0.409422
 -1.06607
-0.601573
 0.159561
-0.459731
 -1.16633
-0.398937
  -1.1013
-0.586457
 0.146347
-0.454463
 -1.15294
-0.436589
 -1.04923
-0.600732
 0.151435
 -0.45345
  -1.1532
-0.462715
 -1.11028
-0.587952
 0.161029
-0.466569
 -1.17882
-0.472123
 -1.09867
-0.597732
 0.151564
-0.443282
 -1.14737
-0.474995
 -1.08763
-0.625296
 0.157492
-0.441699
 -1.16564
-0.513941
 -1.10453
-0.588732
 0.160592
-0.441784
 -1.14801
-0.535459
  -1.1175
-0.565141
 0.156531
-0.454834
 -1.16605
-0.544707
 -1.11668
 -0.61738
 0.151301
-0.443548
 -1.15297
-0.554417
 -1.10911
 -0.59896
 0.155499
-0.433542
 -1.16343
-0.562433
 -1.11062
-0.602205
 0.154365
-0.433492
 -1.16074
-0.596883
 -1.18099
-0.583858
 0.150418
-0.425069
  -1.1473
-0.631862
 -1.14315
-0.633866
 0.145151
-0.423816
 -1.12959
-0.631739
 -1.15078
-0.614715
 0.150519
-0.425252
 -1.14098
-0.687767
 -1.16719
-0.599624
 0.145721
-0.424195
 -1.13603
-0.713337
  -1.1536
-0.555213
 0.147681
 -0.42862
 -1.12199
-0.719852
 -1.21507
 -0.59061
 0.134033
-0.425255
 -1.12506
-0.703959
 -1.18283
-0.551593
 0.155383
-0.408907
 -1.11244
 -0.78502
 -1.20959
-0.586824
 0.148132
-0.418769
 -1.14043
-0.848898
 -1.19218
-0.546661
 0.150298
-0.412804
 -1.10187
-0.863841
 -1.22664
-0.579998
 0.141442
  -0.4003
 -1.11472
-0.884597
 -1.21787
 -0.58591
 0.143707
-0.389206
 -1.10828
-0.940423
   -1.276
 -0.55974
 0.144476
-0.393884
 -1.12776
 -0.94914
 -1.23966
-0.545028
   0.1447
-0.389962
 -1.10381
-0.958775
 -1.27041
-0.570441
 0.133356
-0.385451
 -1.09969
 -1.05074
 -1.32656
-0.566205
 0.127815
-0.375122
 -1.09497
 -1.06249
 -1.30152
-0.524525
 0.133539
-0.378867
 -1.07947
 -1.14643
 -1.33187
-0.535824
 0.132661
-0.375891
 -1.07862
 -1.20075
 -1.34691
-0.560965
 0.138881
-0.334697
 -1.07479
 -1.23272
 -1.38649
-0.523404
 0.120956
-0.354651
 -1.07013
 -1.34068
   -1.404
-0.536642
 0.117696
-0.343888
 -1.02623
 -1.42017
  -1.4094
-0.533445
 0.112268
-0.332074
 -1.04288
  -1.4844
 -1.41682
-0.520397
  0.11843
-0.310462
 -1.01052
 -1.59239
 -1.47321
-0.481655
 0.120987
-0.318144
 -1.00986
 -1.65797
 -1.47902
-0.534819
 0.114994
-0.292282
 -1.00051
 -1.76336
 -1.57275
-0.495295
 0.101459
-0.285577
-0.981376
 -1.90935
 -1.59218
-0.465728
0.0995981
-0.253865
-0.969107
 -2.03892
 -1.61341
-0.470209
 0.103741
-0.249136
-0.942939
 -2.15929
 -1.67922
-0.441735
0.0968531
-0.209285
-0.909739
 -2.28211
 -1.77151
-0.432266
 0.085866
-0.202706
-0.902348
 -2.11174
 -1.62384
 -0.50739
0.0936496
-0.225658
-0.942645
 -2.34018
 -1.76494
-0.492144
0.0976871
-0.208809
-0.918683
 -2.33782
 -1.69607
-0.427553
0.0888971
-0.217484
-0.910744
 -2.31579
 -1.69506
-0.454123
0.0832369
-0.223288
-0.918014
 -2.40217
 -1.75636
-0.457106
0.0961661
-0.217402
-0.897437
 -2.35037
 -1.73761
-0.443081
 0.105337
    -0.24
-0.936062
 -2.40572
 -1.69848
-0.424583
0.0934518
-0.234109
-0.889547
 -2.47684
  -1.7722
-0.440021
 0.101291
-0.232456
-0.917003
 -2.45269
 -1.78052
-0.457136
0.0877271
 -0.23599
-0.915819
 -2.58882
  -1.7663
-0.476699
 0.093211
-0.212141
-0.895197
 -2.63016
 -1.80136
-0.449805
0.0765066
-0.228413
-0.889195
 -2.79521
 -1.83488
-0.427872
 0.098378
 -0.21431
-0.889427
 -2.77294
 -1.81733
-0.438274
0.0890632
-0.218459
-0.880809
 -2.86967
  -1.8979
-0.474366
0.0887588
-0.201209
-0.891762
 -2.84616
 -1.85031
-0.474559
0.0943771
-0.227013
-0.878163
  -2.9389
 -1.92658
-0.442348
0.0866482
-0.194286
-0.896687
 -2.92163
 -1.89611
-0.454134
0.0957156
-0.203102
-0.883622
 -3.04864
 -1.86186
-0.460884
0.0777029
-0.203388
-0.872835
 -3.18761
 -1.98738
-0.451967
0.0874944
-0.202889
-0.881013
 -3.18957
 -1.93834
-0.452914
0.0821294
-0.210792
-0.862124
 -3.36153
 -1.99626
-0.452399
0.0927235
-0.187757
-0.862891
 -3.42099
 -2.02527
 -0.43226
0.0772689
-0.194827
-0.842803
 -3.44667
 -1.96945
-0.407419
0.0786401
-0.185823
-0.856791
 -3.53875
 -2.05228
-0.416597
0.0695175
-0.176679
-0.859291
 -3.59343
  -2.0674
-0.461355
0.0795428
 -0.18209
-0.857262
 -3.73083
 -2.03899
-0.441433
0.0683637
-0.164787
-0.829576
  -3.7984
 -2.10755
-0.387065
0.0769083
-0.172632
-0.805893
   -3.877
 -2.14947
-0.515359
0.0622168
-0.153959
-0.841836
 -3.95781
  -2.0853
-0.439068
0.0701012
-0.163989
-0.829164
 -4.02629
 -2.20143
-0.405031
 0.075721
-0.157399
-0.838451
 -4.12113
  -2.1876
-0.421799
0.0775287
-0.152846
-0.824693
 -4.16898
 -2.19032
 -0.48069
0.0657962
-0.134207
-0.829054
 -4.30058
  -2.2964
-0.488709
0.0735256
-0.146903
 -0.82538
 -4.35616
 -2.21802
-0.420955
0.0722544
-0.140177
-0.816088
 -4.47855
 -2.26119
-0.411054
0.0656183
-0.163351
-0.800746
 -4.57817
 -2.34651
-0.437333
0.0613889
-0.142333
-0.811983
 -4.55892
 -2.22157
-0.420448
0.0624349
-0.159162
-0.786006
 -4.66106
 -2.39797
-0.426085
0.0641126
-0.150674
-0.808188
 -4.71917
 -2.33901
-0.452951
0.0683639
-0.147816
 -0.79074
 -4.88566
 -2.36003
-0.427898
0.0678278
-0.135738
-0.780417
 -4.97171
 -2.40447
-0.396161
0.0779054
-0.146461
-0.776344
   -4.997
 -2.39185
-0.480599
0.0628514
-0.143059
-0.774281
 -5.07643
 -2.44754
-0.458404
0.0615289
-0.136673
 -0.78328
 -5.09655
 -2.41272
-0.402067
0.0665279
-0.145296
-0.792853
 -5.28725
 -2.45914
-0.471777
0.0588644
-0.130737
-0.786257
 -5.38473
 -2.52477
-0.447556
0.0663586
-0.128119
-0.779355
  -5.3946
 -2.45739
 -0.41455
 0.067307
-0.130499
-0.762269
 -5.47549
 -2.58679
-0.451436
0.0702323
-0.143146
-0.766998
 -5.52122
 -2.45827
-0.443501
0.0654447
-0.123641
-0.760225
 -5.61617
 -2.60429
-0.442065
0.0703635
-0.130155
-0.778243
 -5.68481
 -2.56229
-0.476004
0.0675706
-0.114205
-0.767525
 -5.75976
 -2.57798
-0.449828
0.0519878
 -0.12639
 -0.76713
  -5.8317
 -2.61273
-0.422434
0.0548385
-0.126668
-0.769638
 -5.88826
 -2.57988
 -0.49272
0.0553567
 -0.12125
-0.766953
 -5.94569
 -2.59853
-0.473014
0.0538723
-0.110377
-0.749871
  -5.94577
  -2.66583
 -0.478461
 0.0625098
-0.0970016
 -0.758818
 -6.04477
 -2.58286
-0.454461
0.0484437
-0.120761
-0.750112
 -6.17257
 -2.70558
-0.495339
0.0610561
 -0.11562
 -0.76277
 -6.21444
 -2.64286
-0.448596
0.0599799
-0.130897
-0.744357
 -6.20698
 -2.69255
-0.496827
0.0649935
-0.122636
-0.761586
 -6.23207
 -2.69948
-0.472552
0.0709333
-0.146303
-0.753252
 -6.30928
 -2.67215
-0.468248
0.0561639
-0.131538
-0.748094
 -6.40806
 -2.69443
-0.532627
0.0660884
-0.141546
-0.756543
 -6.42539
 -2.72898
-0.428065
0.0673468
-0.155247
-0.734524
 -6.43563
 -2.68384
-0.555624
0.0730066
-0.141506
 -0.76282
 -6.48253
 -2.77504
-0.441578
0.0742119
-0.175478
-0.777394
 -6.52161
 -2.72547
-0.463353
0.0829569
-0.170887
-0.776224
 -6.57781
 -2.74009
-0.557945
0.0610887
-0.163086
-0.764349
 -6.62852
 -2.78844
-0.449084
0.0749678
-0.173033
-0.770617
 -6.57911
 -2.69946
-0.538444
0.0612351
-0.161376
 -0.76939
 -6.62566
 -2.75194
-0.482691
0.0670351
 -0.16792
-0.775223
 -6.68561
 -2.77913
-0.516273
0.0685875
-0.158286
-0.800212
 -6.69327
 -2.75245
-0.592368
0.0640243
-0.159083
-0.780144
 -6.70686
  -2.7505
-0.501579
0.0733073
-0.171257
-0.789106
 -6.73307
 -2.76542
-0.543436
 0.060579
-0.181221
-0.799686
 -6.75832
 -2.73598
-0.533472
0.0802449
-0.178717
-0.790615
 -6.71628
 -2.72453
-0.566178
0.0751524
 -0.18187
-0.774652
 -6.74342
 -2.84621
 -0.48621
0.0818977
-0.184313
-0.807571
 -6.75082
  -2.6726
-0.508425
0.0743145
-0.188915
-0.788397
 -6.78461
 -2.75342
-0.633994
0.0697189
-0.179785
-0.815572
 -6.81493
 -2.76269
-0.440219
0.0801085
-0.194039
-0.803698
 -6.80716
 -2.74096
-0.551791
0.0772189
-0.188467
-0.813913
 -6.72058
  -2.7392
-0.546334
0.0765846
-0.190762
-0.833014
 -6.68279
  -2.6733
-0.562175
0.0830836
-0.197575
-0.828459
 -6.75428
 -2.77875
-0.551334
0.0795288
 -0.19141
-0.844968
 -6.73787
 -2.71762
-0.530319
0.0756968
-0.193346
-0.844761
 -6.71892
  -2.6881
-0.586211
0.0784569
-0.201045
-0.843657
 -6.62767
 -2.70582
-0.566041
  0.06456
 -0.19216
-0.862017
 -6.60674
 -2.66531
-0.623936
0.0825927
-0.197389
 -0.85371
 -6.64687
 -2.65037
-0.569541
0.0824468
 -0.19337
 -0.85441
 -6.62197
 -2.64191
-0.559334
0.0870673
-0.216092
-0.853129
 -6.55116
 -2.64579
-0.589362
0.0774034
-0.221989
 -0.87052
 -6.42854
 -2.57031
-0.590782
0.0812343
-0.223695
 -0.87489
 -6.40963
 -2.62093
-0.576245
0.0899161
-0.226463
-0.883219
 -6.38956
 -2.60159
-0.583512
0.0869924
-0.245711
-0.905151
 -6.35037
 -2.52747
-0.638519
0.0791461
-0.242619
 -0.90428
 -6.25238
 -2.58494
-0.576935
 0.101771
-0.257709
-0.908739
 -6.16594
 -2.46514
-0.601477
0.0962308
-0.256405
-0.898254
 -6.17238
 -2.59482
-0.628012
0.0894184
-0.280527
-0.932717
 -6.11468
 -2.50525
-0.591815
 0.102326
-0.304285
-0.926246
 -6.02325
 -2.45573
-0.601078
 0.101782
 -0.30617
-0.922419
 -5.91425
 -2.46825
 -0.59693
 0.119465
-0.326288
-0.936022
 -5.83053
 -2.40544
-0.626894
 0.112974
-0.319241
-0.945013
  -5.7869
 -2.44255
-0.630368
0.0959003
-0.328225
  -0.9325
 -5.73618
 -2.38407
-0.609628
 0.111186
-0.336287
-0.950936
 -5.60576
 -2.33519
-0.661497
 0.109293
-0.332012
-0.952276
 -5.52376
 -2.34684
-0.634289
  0.11728
 -0.34793
-0.977492
 -5.47475
 -2.30246
-0.665996
 0.121462
-0.350771
-0.990471
  -5.4043
 -2.32922
-0.671687
 0.116412
-0.353141
 -0.97667
 -5.29304
 -2.23712
-0.620791
 0.132042
-0.356004
-0.986401
 -5.17748
 -2.24785
-0.671366
 0.119435
-0.363238
 -0.99042
 -5.09986
 -2.20839
 -0.65861
 0.120019
-0.370568
-0.995358
 -5.01968
  -2.2036
 -0.62913
  0.12483
-0.380147
 -1.02907
 -4.91833
 -2.15451
 -0.67783
 0.122962
-0.384657
 -1.02906
 -4.76246
 -2.10316
-0.648506
 0.131222
-0.393636
 -1.04092
 -4.61477
  -2.0979
-0.662082
  0.12816
-0.390188
 -1.05303
  -4.5408
 -2.04526
-0.681013
 0.124924
-0.395606
 -1.05656
 -4.48672
  -1.9928
-0.654596
 0.130841
-0.407309
 -1.08079
 -4.35039
 -2.03544
-0.687542
  0.13521
-0.417264
 -1.08939
 -4.19387
 -1.95312
-0.663525
 0.137618
-0.408458
 -1.08951
 -4.10944
 -1.94422
-0.692734
  0.13589
-0.401855
 -1.09408
 -4.05369
 -1.91685
-0.685125
 0.144432
-0.420524
 -1.09678
 -3.94742
 -1.85122
-0.683198
 0.139056
-0.417857
 -1.09958
  -3.8098
 -1.89935
-0.712804
 0.139608
-0.430556
 -1.12019
 -3.68503
  -1.7868
-0.662262
 0.148192
 -0.43531
 -1.11713
 -3.56924
 -1.81377
-0.697282
 0.141401
-0.439384
 -1.14591
 -3.44844
 -1.81544
-0.690225
 0.151329
-0.440871
 -1.13838
 -3.40499
 -1.68579
 -0.64814
 0.144629
-0.460695
  -1.1258
 -3.26127
 -1.77769
-0.735698
  0.14852
-0.444728
 -1.15166
 -3.21168
  -1.6531
-0.650903
 0.155616
-0.462725
 -1.14014
 -3.09379
 -1.67279
-0.720471
 0.153732
-0.453711
 -1.15512
 -3.06321
 -1.65247
-0.685588
 0.148142
-0.462212
 -1.16004
 -2.94428
 -1.63776
-0.661334
 0.152292
 -0.47723
 -1.15425
  -2.8434
 -1.56174
-0.733311
 0.144758
-0.456737
 -1.15493
 -2.79121
 -1.60494
-0.725566
 0.151103
 -0.47056
 -1.17655
 -2.72159
 -1.53959
-0.685338
 0.153955
-0.472483
 -1.16559
 -2.65161
 -1.57121
-0.699987
 0.162722
-0.460628
 -1.16988
 -2.45451
 -1.49618
-0.701445
 0.152766
-0.460572
 -1.17635
 -2.52509
 -1.49459
-0.686397
  0.15887
-0.485983
   -1.197
 -2.46741
 -1.53543
  -0.6567
 0.149414
-0.484668
 -1.18559
   -2.431
 -1.46315
-0.685398
 0.158424
-0.477241
   -1.196
 -2.28064
 -1.46226
-0.748686
 0.158454
-0.462789
  -1.1965
 -2.19604
 -1.46414
-0.636912
 0.158732
-0.474439
 -1.19707
 -2.15703
   -1.409
-0.740261
  0.14779
-0.470304
 -1.20019
 -2.12898
 -1.44655
-0.721096
 0.150249
 -0.47301
 -1.20592
 -2.06427
 -1.38643
-0.686339
 0.165119
 -0.49383
 -1.20501
-1.99986
-1.42063
-0.67394
0.164609
-0.49339
-1.20866
 -1.96471
 -1.39769
-0.728147
 0.155519
-0.482799
 -1.19939
 -1.92094
 -1.34515
-0.683036
 0.154619
 -0.47846
  -1.1895
 -1.88521
 -1.35447
-0.681859
 0.168344
-0.486191
 -1.20699
 -1.86407
 -1.39325
 -0.70996
 0.156729
-0.488561
 -1.18919
 -1.89231
 -1.37674
-0.660897
 0.157782
-0.502144
 -1.20565
 -1.88834
 -1.34249
-0.693491
 0.166664
-0.489503
 -1.20494
 -1.85449
 -1.38077
 -0.70143
 0.165569
-0.487184
 -1.19654
 -1.91097
 -1.33694
-0.724405
  0.16779
-0.500398
 -1.20424
  -1.927
-1.42198
-0.67804
0.166933
-0.50313
-1.19869
  -1.9383
 -1.36721
-0.680278
 0.163307
-0.501089
 -1.21759
 -1.96002
 -1.33786
-0.672875
 0.163934
-0.502458
 -1.18798
 -1.97951
 -1.39504
 -0.68334
 0.160071
-0.505979
 -1.20937
 -1.96162
 -1.39237
-0.692194
  0.16241
-0.504705
 -1.20294
 -1.98123
 -1.36915
 -0.64059
 0.159871
-0.504843
 -1.19734
 -1.98161
 -1.41403
-0.711464
 0.160947
-0.494675
 -1.20566
 -2.00888
 -1.40498
-0.749163
 0.166393
-0.492622
 -1.22373
 -2.06645
 -1.41317
-0.690676
  0.16366
-0.504274
 -1.20299
 -2.08941
 -1.35981
-0.650279
 0.158023
-0.502378
 -1.19392
 -2.08218
 -1.42955
-0.752051
 0.155846
-0.486883
 -1.19014
 -2.10902
 -1.39432
-0.726663
 0.159134
-0.485007
 -1.20411
 -2.10872
 -1.42807
-0.697782
 0.163577
 -0.49385
 -1.20753
 -2.12268
 -1.40715
-0.720673
 0.150511
-0.484486
 -1.21356
  -2.1202
 -1.41532
-0.680924
 0.161628
-0.488289
 -1.20377
 -2.13875
 -1.45457
-0.756257
  0.15419
-0.481064
  -1.2022
 -2.19333
  -1.4389
-0.690146
 0.162651
-0.494226
  -1.2008
 -2.24436
 -1.39862
-0.653093
 0.160718
-0.509738
 -1.18659
  -2.2175
 -1.44331
-0.707029
 0.167054
-0.496657
 -1.19203
 -2.24408
 -1.48928
-0.724605
 0.154774
-0.494424
 -1.22543
 -2.29182
 -1.46065
-0.661556
 0.157256
-0.512356
 -1.19555
 -2.29887
 -1.39928
-0.698018
 0.157774
-0.499558
 -1.18289
 -2.30139
 -1.49265
-0.713415
 0.156489
 -0.49596
 -1.18875
 -2.31131
 -1.44908
-0.676247
 0.159953
-0.491485
 -1.19249
 -2.34745
  -1.4567
-0.707975
 0.157941
-0.504726
 -1.18729
 -2.41348
 -1.49026
-0.692958
 0.158346
-0.499782
 -1.19848
  -2.4432
 -1.51314
-0.705694
 0.162038
-0.502286
 -1.18199
 -2.44634
 -1.41701
-0.738702
 0.160211
-0.493303
 -1.16276
 -2.46292
 -1.49342
-0.738489
 0.164057
-0.488489
 -1.18518
 -2.53256
 -1.56346
-0.710982
 0.163283
-0.496659
 -1.20404
 -2.53524
 -1.50829
 -0.71008
 0.172619
-0.495029
 -1.20568
 -2.54307
 -1.50346
-0.699286
 0.155623
-0.495582
 -1.17553
 -2.60488
  -1.5045
-0.694138
 0.153813
-0.500324
 -1.19635
 -2.62574
 -1.63069
-0.683254
 0.157104
-0.480387
 -1.20835
 -2.63861
 -1.51905
-0.699303
 0.158256
-0.496549
 -1.19909
 -2.68589
 -1.53747
-0.692888
 0.161015
-0.491991
 -1.20046
 -2.73792
 -1.61911
-0.664965
 0.170596
-0.491071
 -1.20886
 -2.72015
 -1.55326
-0.762787
 0.160276
-0.481204
  -1.1821
 -2.76627
  -1.5493
-0.690633
 0.150044
-0.483607
 -1.15136
 -2.84712
 -1.59158
-0.680765
 0.146838
-0.491879
 -1.17573
 -2.83499
 -1.56845
-0.752924
 0.144936
 -0.47808
 -1.17899
 -2.83953
 -1.60933
-0.744532
 0.150781
-0.484362
 -1.18402
 -2.90113
  -1.6024
-0.731638
 0.151611
-0.494366
  -1.1832
 -2.98288
 -1.60423
-0.677917
  0.14718
-0.478587
 -1.15522
 -2.98949
 -1.60709
-0.750195
 0.144649
-0.488508
 -1.16284
 -3.06141
 -1.65089
-0.727293
 0.147638
-0.482951
 -1.16025
 -3.09018
 -1.66645
-0.688867
 0.153639
-0.485101
 -1.15933
 -3.15111
 -1.62396
-0.744807
 0.147754
-0.490333
 -1.15885
 -3.18215
 -1.66377
-0.685083
 0.146857
-0.472182
 -1.15488
  -3.2305
 -1.73795
-0.691713
  0.15532
  -0.4875
 -1.17156
 -3.26328
 -1.64849
-0.743707
 0.145722
-0.475046
 -1.14408
 -3.32726
 -1.69953
-0.718582
 0.141495
-0.464108
 -1.14607
 -3.38016
 -1.71843
 -0.68354
 0.151874
-0.492688
 -1.15409
 -3.43409
 -1.72982
-0.745644
 0.146152
-0.468141
 -1.16193
 -3.45258
 -1.73821
-0.720467
 0.145924
-0.473115
 -1.14426
 -3.50049
 -1.71003
-0.703214
 0.152475
-0.467758
 -1.12201
 -3.55968
 -1.76582
-0.702478
 0.144694
-0.475894
 -1.14761
 -3.60006
 -1.78954
-0.732223
 0.139304
 -0.46269
 -1.13205
 -3.65557
 -1.77534
-0.752323
 0.145437
-0.474571
 -1.13553
 -3.72714
 -1.82581
-0.670153
 0.149181
-0.478933
 -1.13897
 -3.79819
 -1.81609
-0.701969
 0.149583
-0.480891
 -1.13796
 -3.88127
 -1.82402
-0.714889
 0.150837
-0.469207
 -1.12694
 -3.95876
 -1.90352
-0.661093
 0.149409
-0.488541
 -1.14338
  -3.9436
 -1.85224
-0.747018
 0.130723
-0.457735
 -1.12669
 -4.02509
 -1.89775
-0.718373
 0.155572
-0.476867
 -1.12778
 -4.13354
 -1.90293
-0.705946
 0.152135
-0.474912
 -1.10687
 -4.20598
 -1.93701
-0.699444
 0.149143
-0.465646
 -1.09445
 -4.22882
 -1.88155
-0.775708
 0.138182
-0.434867
 -1.08804
 -4.29848
 -1.93644
-0.767971
 0.138662
-0.446412
 -1.08954
 -4.41288
 -2.04229
-0.705703
 0.141145
-0.459509
 -1.08731
 -4.49616
 -1.94894
-0.753762
 0.139173
-0.456651
 -1.07505
 -4.54341
 -1.99087
-0.715065
 0.149534
-0.456817
 -1.07525
 -4.59839
 -2.03897
-0.741305
 0.147478
-0.449581
 -1.07395
 -4.69459
 -2.07534
-0.690863
 0.140465
-0.456132
 -1.08453
 -4.78704
 -2.06263
-0.712607
 0.136187
-0.449649
 -1.07821
 -4.83538
 -2.05403
-0.751954
 0.135807
 -0.44375
 -1.04815
 -4.91651
 -2.10717
-0.652076
 0.141581
-0.463611
 -1.06369
 -4.96049
 -2.12002
-0.745597
 0.128752
-0.441027
 -1.03264
 -5.04261
 -2.11335
-0.729296
 0.132488
-0.450456
 -1.05251
 -5.10649
 -2.17566
-0.751381
 0.133413
-0.431384
 -1.04616
 -5.20498
  -2.1962
-0.727942
 0.135168
-0.453604
 -1.04468
  -5.2198
 -2.19446
 -0.72417
 0.140023
-0.442737
 -1.02458
 -5.29029
 -2.23181
-0.770787
  0.14046
-0.437889
 -1.04056
 -5.36465
 -2.19849
-0.741903
 0.129205
-0.434987
 -1.02263
 -5.39767
 -2.28493
-0.747711
 0.136285
-0.445792
 -1.03091
 -5.48314
  -2.2063
-0.766452
 0.130288
-0.429525
 -1.02506
 -5.48275
 -2.28917
-0.699095
 0.139927
-0.433111
 -1.01938
 -5.55826
 -2.24527
-0.747534
 0.136333
 -0.43529
 -1.02384
 -5.59481
 -2.33341
  -0.7014
  0.12494
-0.445509
 -1.00783
 -5.63516
 -2.25463
-0.751989
  0.12838
-0.445536
 -1.00018
 -5.67197
 -2.30522
-0.709672
  0.13615
-0.441709
-0.992257
 -5.73785
 -2.30954
-0.739404
 0.127593
 -0.44896
-0.998288
 -5.78469
 -2.32114
-0.742859
 0.135592
-0.440498
-0.982327
 -5.85292
 -2.35501
-0.726816
 0.136053
-0.437356
  -1.0049
 -5.86659
 -2.32813
-0.766081
 0.125284
-0.445463
-0.979027
 -5.90638
 -2.40026
-0.724217
 0.132788
-0.434429
-0.987808
 -5.99192
 -2.39927
-0.756067
 0.131966
-0.435139
 -0.98244
 -6.04577
 -2.40056
-0.761813
 0.128475
-0.432044
 -0.97424
 -6.12334
 -2.44636
-0.717477
  0.12449
-0.434256
-0.961479
 -6.14361
 -2.43112
-0.728361
 0.127458
-0.432505
-0.979052
 -6.22067
 -2.44741
-0.739266
 0.132651
-0.437795
-0.969963
 -6.27641
 -2.48327
-0.732693
 0.126196
-0.434134
-0.955509
 -6.31748
 -2.46041
-0.758331
 0.128802
-0.420796
-0.950561
 -6.38072
 -2.51471
-0.715411
  0.11961
-0.444234
-0.958525
 -6.42127
 -2.44995
-0.732347
 0.126894
-0.445766
-0.950106
 -6.50912
 -2.52193
-0.710943
  0.13176
-0.444528
-0.942591
  -6.5627
 -2.54325
-0.749189
 0.117047
-0.426774
-0.953916
 -6.58237
 -2.55713
-0.765107
 0.114311
-0.405251
-0.944381
 -6.61947
 -2.59579
 -0.70537
 0.133666
-0.427826
-0.953762
 -6.67556
 -2.56612
-0.779987
 0.116276
-0.411886
-0.931833
 -6.73834
  -2.5866
-0.753079
 0.121085
-0.403889
-0.933545
 -6.79794
 -2.59655
-0.739524
 0.120788
-0.415455
-0.943049
 -6.83396
 -2.62611
-0.710896
 0.118302
-0.420926
-0.935641
 -6.83382
 -2.58668
-0.749195
 0.114507
 -0.41361
-0.922212
 -6.90451
 -2.63712
-0.740281
 0.110904
-0.414944
-0.933305
 -6.94153
 -2.66205
-0.724962
 0.119803
-0.406973
 -0.92114
 -6.97902
 -2.64543
-0.750821
 0.123117
-0.407828
-0.912099
 -6.98783
 -2.63424
-0.738637
 0.122133
-0.410415
-0.908678
 -7.03321
 -2.66895
-0.715842
 0.117214
-0.415703
-0.893129
 -7.12102
 -2.66364
-0.704477
  0.11912
-0.398497
-0.904611
 -7.11703
 -2.69989
-0.738194
 0.119416
-0.406742
-0.901334
 -7.15175
 -2.70959
-0.733746
 0.122514
-0.404687
-0.913553
 -7.15265
 -2.70613
-0.733301
 0.111243
-0.387472
-0.905683
 -7.22119
 -2.71378
-0.745798
 0.118351
 -0.39005
-0.911949
 -7.25457
 -2.72961
-0.734265
 0.117196
-0.399652
 -0.90421
    -7.26
 -2.72402
-0.730283
  0.11611
-0.400963
-0.903451
 -7.23957
 -2.71513
-0.737257
 0.108423
 -0.38833
-0.892639
 -7.25934
 -2.72715
-0.733968
 0.106621
-0.385393
-0.910008
 -7.30261
  -2.7273
-0.726103
 0.112593
-0.387941
-0.896217
  -7.3149
 -2.72685
-0.720865
 0.120713
-0.397213
 -0.90369
 -7.29614
 -2.72807
-0.729671
 0.118072
-0.392937
-0.896948
  -7.3077
 -2.74027
-0.731624
 0.114307
-0.381821
  -0.9016
 -7.34497
 -2.74052
-0.725955
 0.110477
-0.385807
  -0.8929
 -7.37736
 -2.74319
-0.723831
 0.114204
-0.391849
 -0.89481
 -7.37642
 -2.75541
-0.732717
 0.115832
-0.380203
-0.907462
 -7.35345
 -2.74886
-0.727173
 0.102237
-0.385951
-0.897962
  -7.3732
 -2.74249
-0.716489
 0.115537
 -0.39262
-0.895326
 -7.39674
 -2.75637
-0.718476
 0.114402
-0.385087
 -0.90152
 -7.39269
 -2.76546
-0.729608
 0.108526
-0.383797
-0.914824
 -7.40039
 -2.75921
-0.729911
 0.106874
-0.376252
 -0.91128
 -7.37813
 -2.74838
-0.728038
  0.10973
-0.384591
 -0.90403
 -7.38484
 -2.75464
-0.730995
 0.112508
-0.370795
 -0.88821
 -7.40364
 -2.75376
-0.726857
 0.110726
-0.374073
-0.899449
    -7.41
 -2.76171
-0.719825
 0.109109
-0.378875
-0.895729
 -7.39495
 -2.75482
-0.721471
 0.115255
-0.382433
-0.903231
 -7.42198
 -2.76433
-0.725318
 0.103581
 -0.37743
  -0.8907
 -7.45573
 -2.76984
-0.723051
 0.107103
-0.376635
-0.891778
 -7.44821
 -2.76642
-0.723282
 0.105095
-0.363539
-0.891561
 -7.42576
  -2.7648
-0.731349
 0.112738
-0.367102
-0.895154
 -7.41971
 -2.76357
-0.723682
 0.114612
-0.370458
-0.895587
 -7.45112
 -2.77133
-0.723501
 0.106762
-0.370046
-0.900126
 -7.49427
   -2.781
-0.727616
 0.115188
-0.375326
-0.892286
 -7.48795
 -2.78144
-0.731175
 0.111867
-0.362405
-0.900416
 -7.46941
 -2.77245
-0.722554
 0.108744
-0.370277
-0.898558
 -7.47166
 -2.77185
-0.724693
 0.111244
-0.373737
-0.888593
 -7.50459
 -2.78939
-0.728936
 0.111581
-0.359614
-0.904713
 -7.49774
 -2.78341
 -0.72217
 0.113599
 -0.36877
-0.886692
 -7.51746
 -2.78666
 -0.71817
 0.114281
-0.364925
-0.911499
 -7.49588
 -2.78224
-0.723479
 0.114896
-0.362459
-0.886548
 -7.50916
 -2.78776
-0.726708
 0.111239
-0.363186
-0.889645
 -7.53983
  -2.7898
-0.722593
 0.100732
-0.364994
-0.912362
 -7.51116
 -2.78716
-0.716917
 0.116145
 -0.37253
-0.893907
 -7.48163
 -2.78217
-0.724691
  0.10467
-0.362875
-0.885789
 -7.49057
 -2.77897
-0.722923
 0.106775
-0.365437
-0.899304
 -7.51726
  -2.7882
-0.725066
 0.106442
-0.355245
-0.907648
 -7.51696
 -2.78138
-0.723015
  0.10189
-0.360318
 -0.90441
 -7.49847
 -2.78073
-0.728407
 0.112386
 -0.37462
-0.889387
 -7.48773
 -2.78209
-0.728689
 0.111434
-0.372404
-0.905111
 -7.52888
 -2.79233
-0.720434
0.0996335
-0.367215
-0.903417
  -7.5253
 -2.78851
-0.716025
 0.116049
-0.370376
-0.888458
 -7.53523
 -2.79128
-0.720343
 0.108479
-0.372829
-0.888237
 -7.52229
 -2.79281
 -0.72395
 0.111304
-0.362418
-0.899858
 -7.52044
 -2.79246
-0.726147
 0.106704
-0.361022
-0.897544
 -7.57878
 -2.79942
-0.714686
 0.101715
-0.358751
-0.892384
 -7.55272
 -2.78714
 -0.71846
 0.105082
-0.357466
-0.887263
 -7.53972
 -2.79002
-0.725209
  0.10751
-0.373905
-0.895997
 -7.55986
 -2.80025
-0.714912
 0.105779
-0.365786
-0.899303
 -7.57076
 -2.79838
-0.720528
 0.102047
-0.354536
-0.894985
 -7.57442
 -2.79958
-0.720686
  0.11466
-0.370535
-0.899097
 -7.54417
 -2.78799
-0.727688
 0.107252
 -0.34295
-0.891033
 -7.54378
 -2.79035
 -0.71855
 0.100086
-0.361267
-0.889666
 -7.54555
 -2.79147
-0.717357
 0.102853
-0.366421
-0.885268
  -7.5665
 -2.79899
-0.715001
0.0977627
 -0.35546
-0.891463
 -7.57046
 -2.80746
-0.716193
 0.105435
 -0.35729
-0.906299
 -7.54686
 -2.79339
-0.722388
 0.113579
-0.363466
 -0.90652
 -7.51337
 -2.78662
-0.719105
 0.104488
-0.347879
 -0.89889
 -7.54647
 -2.79634
-0.718609
0.0984998
-0.360291
-0.894494
 -7.54679
  -2.7945
-0.724275
 0.104223
-0.347852
-0.889204
 -7.54534
 -2.79207
-0.718784
 0.103155
-0.361901
-0.892573
 -7.52878
 -2.79046
-0.716863
  0.11573
-0.357128
-0.898664
 -7.55503
 -2.78605
-0.722506
 0.107099
-0.365161
-0.897472
 -7.56817
 -2.79993
-0.719871
 0.109613
-0.368253
 -0.90244
 -7.56987
 -2.80094
-0.718654
 0.115473
-0.368496
-0.895903
 -7.56632
 -2.79853
-0.716616
 0.111289
-0.364066
-0.902349
 -7.53142
 -2.78906
-0.720152
 0.103952
-0.343464
-0.895736
 -7.54935
 -2.79154
-0.718991
 0.110491
-0.350677
-0.894588
 -7.57802
 -2.80249
-0.716239
0.0983923
-0.350792
-0.894172
 -7.57813
 -2.80101
-0.719877
 0.114972
-0.365573
-0.899595
 -7.56801
 -2.80107
 -0.71745
 0.103472
-0.366592
-0.896292
 -7.55396
 -2.79927
-0.724291
 0.104868
 -0.36151
-0.899212
 -7.57093
 -2.80592
-0.721739
 0.105936
-0.358145
-0.893725
 -7.57885
 -2.79965
-0.717643
0.0934676
-0.360071
-0.906044
 -7.53782
 -2.79709
-0.723184
 0.106989
-0.354404
-0.893548
 -7.51983
 -2.78631
-0.715709
0.0997309
-0.362931
-0.895279
 -7.53543
  -2.7897
-0.719107
 0.107237
-0.362355
-0.899467
 -7.56325
 -2.79435
-0.715561
 0.107992
-0.362625
-0.896272
 -7.53437
 -2.78585
-0.715539
 0.104518
-0.362922
-0.881916
 -7.52128
 -2.78803
-0.728168
 0.113432
-0.358967
-0.899989
 -7.53925
 -2.79183
-0.714384
0.0989335
-0.369227
  -0.8954
 -7.55472
 -2.78821
 -0.71544
0.0950127
  -0.3629
-0.885202
 -7.56351
 -2.80188
-0.721239
 0.102648
-0.346606
-0.916105
 -7.53075
 -2.79179
-0.722321
 0.106034
-0.345775
-0.894575
 -7.53117
 -2.78998
-0.721338
  0.10804
-0.354141
-0.897999
  -7.5444
  -2.7948
-0.713383
 0.108456
-0.355257
-0.899095
 -7.56416
 -2.79869
-0.717898
 0.111214
  -0.3582
-0.907405
 -7.56428
 -2.79883
-0.719899
 0.106988
 -0.35788
-0.898176
 -7.53851
 -2.79391
-0.720047
 0.110552
-0.363511
-0.896384
 -7.53884
 -2.78518
  -0.7211
0.0988484
-0.356204
-0.881015
 -7.54801
 -2.78945
-0.722405
 0.101763
-0.349922
-0.895867
 -7.54409
 -2.78834
-0.717972
 0.103311
-0.357154
-0.895774
 -7.54494
 -2.79361
-0.720982
 0.107549
-0.367653
-0.888394
 -7.54726
 -2.79969
-0.715602
 0.113001
-0.355807
 -0.90549
 -7.56261
 -2.79706
-0.717602
 0.110079
 -0.36481
-0.890525
 -7.58354
  -2.8043
 -0.72319
 0.111035
-0.348605
-0.900952
 -7.56792
 -2.79207
-0.714407
  0.10927
 -0.36139
-0.887887
   -7.551
  -2.7946
-0.714228
0.0973696
 -0.36142
-0.891032
  -7.5462
 -2.79555
-0.715765
 0.114559
-0.362331
-0.905707
 -7.56656
 -2.79913
-0.723168
0.0995329
 -0.36767
-0.899755
 -7.55815
 -2.79056
-0.717683
 0.102283
-0.362686
-0.885783
 -7.55577
 -2.79174
-0.712346
0.0983236
-0.365508
-0.902838
 -7.52162
 -2.78585
-0.722808
 0.117978
-0.360771
-0.903736
 -7.53943
 -2.79001
-0.720271
 0.108687
-0.356046
-0.899311
 -7.54501
  -2.7932
-0.716787
 0.100092
-0.355855
-0.902621
 -7.53258
 -2.78466
-0.714561
 0.101954
-0.358821
-0.886342
  -7.5167
 -2.78221
-0.714394
  0.10239
-0.367745
-0.875259
 -7.52546
 -2.78879
 -0.71896
  0.10379
-0.372418
-0.892921
 -7.54662
 -2.79446
-0.720017
 0.110552
-0.356735
-0.893658
 -7.53409
 -2.78678
-0.721534
 0.104397
-0.356697
 -0.90291
   -7.538
 -2.78697
-0.720534
 0.111026
-0.354343
-0.904994
 -7.51992
 -2.78587
-0.716707
 0.104245
-0.369128
-0.885582
  -7.5453
 -2.79135
-0.715579
 0.111149
-0.365558
-0.889964
 -7.55314
 -2.79474
-0.717464
0.0970592
-0.365152
-0.885925
 -7.55322
 -2.80114
-0.725446
 0.116889
-0.357769
-0.895672
 -7.54092
 -2.79237
-0.716712
 0.111239
 -0.36634
-0.893151
 -7.53321
 -2.78992
 -0.72246
 0.111018
-0.354155
-0.895364
 -7.55534
 -2.79329
-0.723059
  0.10625
-0.349012
-0.876162
 -7.56341
 -2.79414
-0.721105
 0.107115
-0.364084
-0.893471
 -7.53744
 -2.79019
-0.716892
 0.103763
-0.365764
-0.901709
 -7.53645
 -2.78492
-0.721741
 0.114365
-0.367969
 -0.90591
 -7.54657
 -2.79456
 -0.72015
 0.111491
-0.360771
-0.900417
   -7.552
 -2.79053
-0.719918
 0.100568
-0.361939
-0.886381
 -7.53417
 -2.79498
-0.723209
 0.109515
-0.359059
-0.888204
 -7.51649
 -2.78225
-0.727281
  0.11301
 -0.36381
-0.899978
  -7.5266
 -2.79131
-0.716974
 0.109013
-0.353454
 -0.90399
 -7.53844
 -2.79412
-0.724389
 0.114216
-0.360106
-0.887202
 -7.52322
 -2.78882
-0.720293
 0.106802
-0.361787
-0.900415
 -7.52567
 -2.79533
-0.721318
 0.108586
-0.351267
-0.905821
 -7.50804
 -2.78363
-0.715914
 0.101302
-0.370728
-0.899652
 -7.53472
 -2.78427
 -0.72124
 0.108091
 -0.35929
-0.880942
  -7.5359
 -2.78831
-0.729093
 0.105437
-0.353577
-0.891643
 -7.53977
 -2.79764
-0.723074
 0.107374
 -0.35547
-0.886636
 -7.53352
  -2.7888
-0.720354
 0.111368
-0.367612
-0.901268
 -7.52795
 -2.78672
-0.723316
 0.107704
-0.358029
-0.878226
 -7.55777
 -2.80021
 -0.72007
  0.10694
-0.370343
 -0.91053
 -7.55064
 -2.79555
-0.717885
  0.10434
 -0.36654
-0.904872
 -7.53923
 -2.79113
-0.713401
 0.105779
-0.368078
-0.895163
 -7.54207
 -2.78784
-0.718291
 0.101979
-0.352445
-0.909679
 -7.53263
  -2.7919
 -0.71945
 0.114113
-0.367817
-0.916625
 -7.54787
 -2.79889
-0.721861
 0.101673
  -0.3548
-0.886352
 -7.53176
 -2.78755
-0.719274
 0.108807
-0.363379
-0.901111
 -7.52102
 -2.77976
-0.711964
 0.110942
-0.363001
-0.910622
 -7.51538
 -2.78626
-0.719379
 0.115004
  -0.3671
-0.902288
 -7.53632
 -2.78592
 -0.71698
 0.108426
 -0.36724
-0.895205
 -7.54857
 -2.78644
-0.721585
 0.110117
-0.360859
-0.900888
 -7.53424
 -2.79417
-0.720016
 0.112505
-0.360119
 -0.89254
 -7.51264
 -2.78127
-0.717043
 0.104529
-0.359758
-0.891504
 -7.53901
 -2.79124
-0.718184
 0.112507
-0.360441
-0.906752
 -7.54115
 -2.79012
-0.716153
 0.115625
-0.350089
-0.911086
    -7.53
 -2.78655
-0.720313
 0.107951
-0.365618
-0.896115
 -7.52145
 -2.78677
-0.718345
 0.110126
-0.352779
-0.907009
 -7.52454
 -2.78366
-0.726148
 0.109201
-0.370941
-0.904046
 -7.53031
 -2.79367
-0.718675
  0.10823
-0.354584
-0.881585
  -7.5354
 -2.78965
-0.719254
 0.105342
-0.354815
-0.904282
  -7.5226
 -2.78355
-0.722789
 0.100484
-0.365328
-0.906903
 -7.50528
  -2.7866
-0.723595
  0.10197
-0.361041
-0.896724
 -7.51599
 -2.78396
-0.715992
 0.107489
-0.354266
-0.897227
 -7.55051
 -2.78696
-0.721616
 0.110485
-0.362203
-0.903138
 -7.53727
 -2.79018
-0.716857
 0.112805
-0.367369
-0.894795
 -7.50242
 -2.78084
-0.718138
 0.104462
-0.360406
-0.890119
 -7.53508
 -2.79096
-0.717052
 0.106069
 -0.36399
-0.909278
 -7.54094
 -2.79182
-0.718163
 0.113826
-0.365551
-0.906597
 -7.53908
  -2.7922
-0.723302
   0.1053
-0.358923
-0.888607
 -7.52969
 -2.78822
-0.716658
 0.103253
-0.364011
-0.885722
 -7.50671
 -2.78042
-0.718176
0.0996724
-0.352224
 -0.89202
 -7.54479
  -2.7934
-0.721448
 0.107779
-0.351846
-0.907222
 -7.53745
 -2.78974
-0.720203
  0.11117
-0.366128
-0.894427
 -7.51545
 -2.78775
-0.721063
 0.101349
-0.368844
-0.884437
 -7.51789
  -2.7852
-0.712607
  0.10425
 -0.37044
-0.901719
 -7.51948
 -2.78658
-0.720483
  0.11241
-0.361805
-0.902095
 -7.54862
 -2.79494
-0.717882
 0.107071
-0.360281
-0.900482
 -7.54087
 -2.79265
-0.721368
 0.110838
-0.364488
-0.902262
 -7.51276
 -2.78878
-0.717927
 0.112427
-0.362392
 -0.89027
 -7.49748
  -2.7839
-0.720274
  0.11038
-0.367143
-0.889459
 -7.52363
 -2.78709
-0.719274
 0.109761
-0.373914
-0.901433
 -7.53369
 -2.78814
-0.719259
 0.110126
-0.368487
-0.900955
 -7.51954
 -2.78701
-0.719165
 0.102931
-0.352305
-0.895834
 -7.52138
 -2.78849
-0.720045
 0.104303
-0.368845
-0.888735
 -7.52845
 -2.79273
 -0.72017
 0.107346
-0.357499
-0.899501
 -7.54512
 -2.79219
-0.719307
 0.107183
-0.361402
 -0.91095
 -7.53749
 -2.79007
-0.714416
  0.10398
-0.366412
-0.887992
 -7.52901
 -2.78294
-0.721299
0.0998412
-0.361446
-0.885461
  -7.5216
 -2.78654
-0.721631
 0.111338
-0.362968
-0.904005
 -7.53932
 -2.79042
-0.714686
 0.106481
-0.359352
-0.899673
  -7.5551
 -2.79377
-0.715758
 0.106099
-0.361856
-0.903814
 -7.52949
 -2.77973
-0.720694
 0.110327
-0.363981
-0.899912
 -7.49415
 -2.78026
-0.722716
 0.109315
-0.351469
-0.890918
 -7.50664
 -2.78082
-0.720469
 0.103264
-0.366632
-0.896114
 -7.52965
  -2.7869
-0.719321
  0.11558
-0.356108
-0.896759
 -7.52857
  -2.7834
-0.718358
 0.110488
-0.364972
-0.901826
 -7.51836
  -2.7909
-0.717072
 0.114957
-0.366878
-0.906526
 -7.51172
 -2.78502
-0.714669
 0.105643
-0.364512
-0.891013
 -7.52587
 -2.78549
-0.720639
 0.115285
 -0.36131
-0.905436
 -7.53763
 -2.78901
-0.719154
 0.108977
-0.363239
-0.896521
 -7.52184
 -2.78653
-0.721325
 0.102322
-0.360818
-0.892591
 -7.51793
 -2.78402
-0.719419
 0.115257
-0.356111
-0.896777
 -7.52769
 -2.78647
-0.719333
 0.116158
-0.358664
-0.896686
 -7.54414
 -2.79568
-0.716946
 0.109497
-0.353581
-0.908548
 -7.53937
 -2.78996
 -0.71826
 0.108876
 -0.35737
-0.908507
 -7.53348
 -2.78894
-0.725025
 0.109069
-0.358093
-0.910608
  -7.5062
 -2.78201
-0.720428
 0.109994
-0.364788
-0.892222
 -7.51692
 -2.77983
-0.719312
 0.116832
-0.362229
-0.883247
 -7.54281
 -2.79365
-0.722177
 0.105584
 -0.35399
-0.889095
 -7.52866
 -2.78281
-0.719525
 0.113091
-0.363779
-0.901523
 -7.51718
 -2.78824
-0.725895
 0.106549
-0.354886
-0.898507
 -7.51435
 -2.78262
-0.718273
 0.108031
-0.368023
 -0.89842
 -7.53193
 -2.78772
-0.719147
 0.101677
-0.369162
-0.898633
 -7.52325
 -2.78836
-0.711234
 0.107602
-0.365749
-0.891363
  -7.5161
 -2.78462
-0.722707
 0.101654
-0.364808
  -0.9036
 -7.50583
 -2.78318
-0.720475
 0.111726
-0.360326
-0.895281
 -7.52021
  -2.7833
-0.719543
 0.112935
-0.358287
-0.902957
  -7.5175
 -2.78671
-0.721316
 0.108313
 -0.35642
-0.888781
 -7.50493
 -2.77861
-0.718354
 0.104702
-0.349687
-0.893773
 -7.49679
 -2.77892
-0.717119
 0.100907
-0.370095
-0.894132
 -7.51324
 -2.78732
-0.726062
 0.106749
-0.356368
-0.905347
 -7.52067
 -2.78246
-0.726183
 0.105622
-0.356816
-0.902184
 -7.52651
 -2.79206
-0.715648
 0.108323
-0.362037
-0.894901
 -7.50546
 -2.78577
-0.717997
 0.102072
  -0.3678
-0.894062
 -7.48792
 -2.78005
-0.722766
 0.111837
-0.350773
-0.891581
 -7.51377
 -2.78496
-0.726101
 0.112314
 -0.36717
-0.901479
 -7.52372
 -2.78691
-0.717118
 0.104015
-0.368451
-0.906237
 -7.50426
 -2.78155
-0.725016
 0.106382
-0.350027
-0.897135
 -7.49807
 -2.78144
-0.724775
 0.110817
-0.356592
 -0.88382
 -7.51198
 -2.78455
-0.726159
 0.103851
-0.368117
 -0.90832
 -7.51413
 -2.78368
-0.718115
 0.103837
-0.356634
-0.892508
 -7.51887
 -2.78118
   -0.723
 0.104196
-0.357679
-0.908814
 -7.51161
 -2.78479
-0.723015
 0.111668
-0.359806
-0.913575
 -7.50592
 -2.78269
-0.719711
 0.112356
-0.369411
-0.913068
 -7.51646
 -2.78318
-0.722511
 0.101135
 -0.35642
-0.889468
 -7.53272
 -2.78457
-0.722438
 0.100875
-0.359354
-0.888098
 -7.51815
 -2.79282
-0.713582
 0.104054
-0.375365
-0.909576
 -7.51447
 -2.79065
-0.718046
 0.107383
 -0.36533
-0.902266
 -7.51663
 -2.78996
-0.720674
 0.107944
-0.361942
-0.920025
 -7.52352
 -2.78703
-0.723638
 0.114625
-0.357933
-0.890341
  -7.5227
 -2.78226
-0.722817
 0.110886
-0.366618
-0.899373
 -7.50757
 -2.78386
-0.712851
 0.113165
  -0.3614
-0.904943
 -7.49358
 -2.77436
-0.721947
 0.108833
-0.367503
-0.899105
 -7.52561
 -2.78765
-0.721419
 0.108994
-0.370161
-0.896898
 -7.51566
 -2.78594
-0.722562
 0.110287
-0.370495
-0.894896
 -7.50883
 -2.78792
-0.720296
 0.111487
-0.358911
-0.894909
 -7.48882
  -2.7771
-0.723936
 0.105978
-0.355884
-0.892111
 -7.51378
 -2.78408
-0.725193
 0.117252
-0.358495
-0.906052
  -7.5296
 -2.78794
-0.722651
 0.110435
-0.363992
-0.901325
 -7.51863
 -2.78209
-0.721894
 0.110373
-0.377093
-0.910871
 -7.51518
  -2.7782
-0.724262
 0.115508
-0.351461
-0.903467
 -7.51118
 -2.77857
-0.719487
 0.109521
-0.368423
-0.894524
 -7.53504
 -2.78316
  -0.7241
0.0992364
-0.353214
-0.912533
 -7.54824
 -2.79579
-0.711266
 0.109394
-0.358995
-0.903626
 -7.53064
 -2.79098
-0.717217
 0.114202
-0.351047
-0.910319
 -7.50544
 -2.77649
-0.728656
  0.11681
-0.374564
 -0.90037
 -7.52335
 -2.78849
-0.726131
 0.104011
-0.355985
-0.911592
 -7.52969
 -2.78851
-0.719167
0.0999454
-0.368264
-0.901583
    -7.52
   -2.785
-0.723888
 0.109039
-0.365159
-0.903252
 -7.50425
 -2.78267
-0.730387
 0.101052
-0.356582
-0.892507
 -7.47854
 -2.77718
-0.723739
  0.10237
-0.353688
 -0.88427
 -7.52602
 -2.79349
-0.722571
 0.112551
-0.349754
-0.904902
 -7.51153
 -2.78406
-0.716196
 0.116567
-0.345222
-0.900445
 -7.52083
 -2.78929
-0.718136
 0.111464
-0.352121
-0.899115
 -7.49634
 -2.77985
-0.725422
 0.108671
-0.360791
 -0.91517
 -7.50625
 -2.78144
-0.721781
 0.112586
-0.363864
-0.901083
 -7.51485
  -2.7887
-0.719233
   0.1104
-0.359921
 -0.89917
 -7.53228
 -2.78474
-0.715098
 0.110964
-0.361234
-0.906925
 -7.49051
 -2.77835
-0.714971
 0.104826
-0.357879
-0.892912
 -7.51158
  -2.7849
-0.712683
  0.10987
-0.364828
-0.900242
 -7.51534
 -2.79555
-0.716621
 0.110118
-0.370282
-0.895171
 -7.54039
  -2.7861
-0.716021
 0.105073
-0.359369
-0.902031
 -7.52121
 -2.78756
-0.719612
 0.112312
-0.355932
-0.914082
  -7.5076
 -2.78453
-0.721883
 0.110224
-0.366108
-0.913731
 -7.50017
 -2.78147
-0.713669
 0.104077
 -0.36539
-0.890718
 -7.52966
 -2.78755
-0.718038
 0.108944
-0.358173
-0.892446
 -7.52169
 -2.78618
-0.714974
 0.106936
-0.363388
-0.906459
 -7.51283
 -2.77931
-0.716469
 0.112707
-0.358836
 -0.90898
 -7.48408
 -2.77031
-0.719659
  0.11165
-0.356611
-0.885127
  -7.4997
 -2.77426
-0.721805
 0.111568
-0.354337
-0.887406
 -7.51727
 -2.78754
-0.722516
 0.111448
-0.363341
-0.893446
 -7.52304
  -2.7887
-0.720391
 0.113945
-0.355857
-0.898315
 -7.50361
 -2.77578
-0.726376
 0.110702
-0.367621
-0.898343
 -7.49883
 -2.77007
-0.719644
 0.105238
-0.363943
-0.887577
 -7.50864
 -2.79001
-0.718889
 0.101344
-0.369968
-0.890943
 -7.50921
 -2.78719
-0.719113
 0.100265
-0.354143
-0.894753
 -7.50781
 -2.77501
-0.722058
 0.109395
-0.356783
-0.902741
 -7.50332
 -2.78425
-0.717308
 0.113772
-0.352128
-0.903448
 -7.51792
 -2.78445
-0.711439
 0.111105
 -0.36902
-0.892316
 -7.51606
 -2.78408
-0.724058
 0.109238
-0.366639
-0.910093
 -7.52838
 -2.78391
-0.719645
 0.108881
-0.352794
-0.909359
 -7.49301
 -2.77757
-0.720729
0.0994659
-0.370468
-0.905187
 -7.50641
 -2.78078
-0.720763
 0.111337
-0.364877
-0.905353
 -7.51034
 -2.78197
-0.714678
 0.108001
-0.362399
-0.882948
     -7.5
 -2.78173
 -0.72036
 0.111578
-0.360053
-0.886126
 -7.51003
 -2.78441
-0.718199
0.0983813
-0.375917
-0.904016
 -7.49274
 -2.77781
-0.719418
 0.106166
-0.356655
-0.889908
 -7.49972
 -2.78264
-0.724093
 0.113546
-0.362559
-0.906917
 -7.51995
  -2.7847
-0.721642
 0.111388
-0.357404
-0.898964
 -7.50588
 -2.78358
-0.714558
 0.105495
-0.364239
-0.881857
 -7.50397
 -2.78219
-0.719696
  0.11199
-0.368064
-0.910819
 -7.50574
 -2.78379
-0.725041
 0.116066
-0.377573
-0.901524
 -7.51337
 -2.78712
-0.719063
 0.105211
-0.367813
-0.891418
 -7.49292
 -2.77661
-0.721746
  0.11137
 -0.35427
  -0.8893
 -7.50614
 -2.78176
 -0.71631
  0.10942
-0.363545
-0.908432
 -7.49337
 -2.78301
-0.712737
 0.109764
-0.360549
-0.899362
 -7.51998
 -2.78536
-0.718376
 0.101832
-0.365848
-0.910563
 -7.52535
 -2.78757
-0.713799
 0.111268
-0.357311
-0.902401
 -7.50036
 -2.78129
-0.719501
0.0991304
-0.368406
 -0.90621
 -7.47817
 -2.77765
-0.718566
 0.110117
-0.363184
-0.902802
  -7.5038
  -2.7754
-0.717376
 0.103404
-0.373881
 -0.89838
 -7.50501
 -2.77802
-0.719534
 0.107306
-0.348492
 -0.89347
 -7.51492
  -2.7887
-0.717001
 0.107501
-0.365891
-0.901337
  -7.5141
 -2.78388
-0.728527
 0.109424
-0.367075
-0.909964
 -7.48575
 -2.78056
-0.713824
 0.108746
-0.362789
-0.894375
 -7.50876
  -2.7802
-0.725127
  0.10769
-0.360763
-0.900137
 -7.52213
 -2.78448
-0.718467
 0.106654
-0.361967
-0.910058
 -7.51396
   -2.783
-0.717466
 0.115648
-0.358784
 -0.90823
 -7.50395
 -2.78261
-0.726418
 0.112347
-0.368786
-0.912912
 -7.49292
 -2.77678
-0.726253
 0.110027
-0.348385
-0.891651
 -7.50778
 -2.78446
-0.721446
 0.105261
-0.362675
-0.893189
 -7.52599
 -2.78611
-0.721609
 0.101564
-0.351892
-0.903694
 -7.49182
 -2.78079
-0.716013
 0.114119
-0.360267
-0.889176
 -7.50042
 -2.77158
-0.715125
 0.108687
-0.366574
-0.885954
 -7.51427
 -2.78252
-0.720636
 0.109032
-0.354517
-0.901066
 -7.51295
 -2.78016
-0.717215
  0.10279
-0.364484
-0.897612
 -7.51839
 -2.78228
-0.720921
 0.111112
-0.357164
-0.914115
 -7.48314
 -2.77482
 -0.71838
 0.105917
-0.362645
-0.889457
 -7.49822
 -2.78054
-0.715157
 0.108185
-0.371059
-0.906265
 -7.51539
 -2.77798
-0.725404
 0.113814
-0.367755
-0.907214
 -7.51758
 -2.78599
-0.718446
 0.107238
 -0.35903
-0.911409
 -7.50238
 -2.78115
-0.720838
 0.101143
-0.364928
-0.915145
 -7.49874
  -2.7785
-0.713884
 0.107368
-0.367451
-0.893995
 -7.49826
 -2.77987
-0.718521
 0.112743
-0.359995
-0.901617
 -7.52163
 -2.78607
-0.714904
  0.11004
 -0.35834
-0.899738
 -7.48029
 -2.77821
-0.720383
 0.105325
-0.360037
-0.884483
 -7.49835
 -2.78038
-0.727383
 0.107916
-0.356768
 -0.90147
 -7.50519
  -2.7861
-0.722818
 0.111644
-0.371729
-0.907598
 -7.52127
 -2.77929
-0.725372
  0.11208
-0.360087
-0.907435
 -7.49802
  -2.7823
-0.713641
0.0983039
-0.365504
-0.893631
 -7.48857
 -2.77817
-0.717385
   0.1021
-0.364557
-0.904115
 -7.49817
 -2.78135
  -0.7206
 0.103104
-0.361271
-0.902133
 -7.50242
 -2.78021
-0.715137
 0.109339
-0.369398
 -0.90339
 -7.51904
 -2.77967
 -0.71409
 0.114182
-0.375786
-0.903303
 -7.51165
 -2.78415
-0.721734
 0.120424
-0.365919
-0.899358
 -7.50297
 -2.77858
-0.720768
 0.103874
-0.364028
-0.904747
 -7.49786
 -2.78166
 -0.71293
 0.111065
-0.371422
-0.906945
 -7.52124
 -2.78772
-0.723951
 0.110981
-0.349774
-0.907269
 -7.50488
 -2.77844
-0.721731
 0.115895
-0.365519
-0.890613
 -7.49197
 -2.77325
 -0.72279
 0.102053
-0.362813
-0.885138
 -7.48759
 -2.77397
-0.719519
 0.101584
 -0.36195
-0.890788
 -7.50601
 -2.78271
-0.721563
  0.11124
-0.363906
-0.892535
 -7.50725
 -2.77846
-0.722874
  0.10174
-0.366085
-0.899401
 -7.49586
 -2.77366
-0.722086
 0.106513
-0.369676
-0.905286
 -7.48873
 -2.78571
-0.720361
 0.108863
-0.362096
-0.896095
 -7.50712
 -2.77803
-0.728765
 0.112022
-0.361023
 -0.90828
 -7.51956
 -2.78566
-0.717335
 0.113507
-0.355194
-0.906661
 -7.49522
 -2.77723
-0.721642
0.0946198
-0.355891
-0.893811
 -7.51007
 -2.78356
 -0.72173
 0.100086
-0.353555
-0.906587
  -7.5017
 -2.78277
-0.719598
 0.112417
-0.358219
 -0.90487
 -7.50144
 -2.78457
-0.728312
  0.11123
-0.357926
-0.898387
 -7.50434
 -2.78156
-0.720378
 0.105588
-0.364449
-0.889937
 -7.49398
 -2.77281
-0.719721
 0.103507
-0.357689
-0.896534
 -7.49886
 -2.78634
-0.723774
 0.112579
-0.358318
-0.897462
 -7.49985
 -2.78255
-0.721648
 0.109713
-0.364356
-0.897744
 -7.52876
 -2.78268
-0.717241
 0.108303
-0.361944
-0.899338
 -7.50936
 -2.77791
-0.725215
 0.109208
-0.372711
-0.900814
  -7.4985
 -2.77863
-0.716426
 0.116189
-0.368541
-0.905382
 -7.49084
 -2.77731
-0.725389
  0.10773
-0.369017
-0.909714
 -7.51288
 -2.78851
-0.723711
 0.110587
-0.360356
-0.899041
 -7.51516
 -2.78705
-0.720574
 0.117197
-0.370115
-0.904779
 -7.49991
 -2.78273
-0.718204
0.0985291
-0.348385
-0.896322
   -7.472
 -2.77011
-0.721756
0.0993847
-0.354301
-0.884101
 -7.49761
  -2.7835
-0.726165
 0.106638
-0.357577
-0.903043
 -7.51631
 -2.78156
-0.718589
 0.119038
-0.354584
-0.902801
 -7.49821
 -2.78046
-0.717186
 0.110153
-0.360915
-0.892757
 -7.49857
 -2.77891
-0.720924
 0.111748
-0.367568
-0.909871
 -7.50064
 -2.77915
-0.716323
 0.107528
-0.368006
-0.905382
 -7.49672
 -2.77834
 -0.72278
 0.109313
-0.356956
-0.889494
 -7.50476
 -2.77893
-0.720766
 0.111385
-0.359315
-0.900312
 -7.51155
 -2.77699
-0.715163
 0.105331
-0.363704
 -0.89874
 -7.49563
 -2.77398
-0.718665
 0.111252
 -0.36587
-0.898931
 -7.50567
 -2.78378
-0.719658
 0.108158
-0.358154
 -0.91174
 -7.52056
 -2.79144
-0.714762
 0.103398
-0.372309
-0.908695
 -7.51409
 -2.78353
-0.724187
 0.107916
-0.361661
-0.914832
 -7.47919
 -2.76538
-0.724416
 0.107079
 -0.35584
-0.892324
 -7.49557
 -2.77531
-0.720672
0.0997227
-0.359344
-0.895094
 -7.50539
 -2.77737
-0.721772
 0.106069
-0.372273
-0.896646
 -7.51312
 -2.77815
-0.718676
 0.113877
-0.357323
-0.903754
 -7.51071
 -2.78042
-0.718339
 0.109604
-0.368914
-0.895481
  -7.4942
 -2.78062
-0.723034
 0.104052
-0.365593
-0.911123
  -7.5106
 -2.78131
 -0.72633
 0.103358
-0.354708
-0.907475
 -7.50363
 -2.78349
-0.713758
 0.108696
-0.354803
-0.893962
 -7.49522
 -2.77653
-0.720576
 0.102412
-0.358513
-0.891165
 -7.49895
 -2.77837
-0.721909
  0.10128
-0.365507
-0.907282
  -7.4886
 -2.77799
-0.725001
  0.11007
-0.366434
-0.889788
 -7.52231
  -2.7837
-0.715139
 0.105609
-0.363903
-0.909773
 -7.49844
 -2.77944
-0.721873
 0.111108
-0.358753
 -0.90125
 -7.50089
 -2.77819
-0.718538
 0.111537
-0.378064
-0.902102
 -7.47634
 -2.77643
-0.715068
 0.114654
-0.370159
 -0.89091
 -7.48788
 -2.77197
-0.728888
 0.113479
-0.363132
-0.903035
 -7.51347
 -2.78645
-0.722535
 0.104771
-0.354128
-0.893724
 -7.50421
  -2.7822
-0.717068
 0.105072
-0.374502
-0.894621
 -7.48898
 -2.77617
-0.713872
 0.108369
-0.372428
-0.889274
 -7.47395
 -2.76928
-0.721912
 0.114186
-0.356065
-0.883439
 -7.48341
  -2.7818
-0.720478
 0.112372
-0.365234
-0.892465
 -7.49176
 -2.77223
-0.710931
 0.117679
-0.381835
-0.902942
  -7.4857
 -2.78124
-0.723043
  0.10387
-0.360384
-0.921719
 -7.41304
 -2.76374
-0.719871
 0.115314
-0.356863
-0.906307
 -7.41273
 -2.75665
-0.718989
 0.116173
-0.372576
-0.913882
 -7.39703
 -2.75418
-0.716314
 0.107744
-0.380809
-0.905164
 -7.31205
 -2.73781
-0.727391
 0.107118
-0.369392
-0.907215
 -7.27507
 -2.72708
-0.708746
 0.105084
 -0.37419
-0.925665
 -7.21658
 -2.68593
-0.707838
 0.113328
-0.385087
-0.901527
 -7.18345
  -2.7021
-0.689699
 0.110069
-0.383091
-0.909452
 -7.14742
 -2.68066
-0.726851
 0.115882
-0.378364
-0.929294
 -7.03957
 -2.69003
 -0.72911
  0.10985
-0.364734
-0.930689
   -6.977
 -2.62394
-0.733475
 0.108915
-0.374263
-0.918026
 -6.91586
 -2.66456
-0.765651
  0.10821
 -0.37939
-0.935261
 -6.90573
 -2.58987
-0.702748
 0.120177
-0.385595
-0.930178
 -6.84143
 -2.58339
-0.733976
 0.114486
-0.389682
-0.953448
 -6.72959
 -2.56682
-0.740953
 0.111527
-0.383486
-0.953994
 -6.68199
 -2.60113
-0.754868
 0.112818
-0.385652
-0.970016
 -6.64255
   -2.567
-0.769502
 0.122279
-0.386764
  -0.9692
 -6.56329
 -2.51592
-0.717513
 0.115339
-0.392377
-0.973491
  -6.5083
 -2.48673
-0.710078
 0.113675
-0.404704
-0.966198
 -6.40637
 -2.51664
-0.760998
 0.121059
-0.410518
-0.984297
  -6.3584
  -2.4863
-0.673082
 0.134771
-0.424292
-0.984688
 -6.29394
 -2.47554
-0.757458
 0.129031
-0.415685
-0.978159
 -6.21203
 -2.45345
-0.732491
   0.1276
-0.428985
 -1.00116
-6.14299
 -2.4309
-0.72657
 0.11857
-0.43042
-1.01037
  -6.0848
 -2.41597
-0.755479
 0.126873
-0.437345
 -0.98529
  -5.9966
 -2.36786
-0.751496
 0.140151
-0.433299
-0.994088
 -5.93698
 -2.40055
-0.742396
  0.13627
-0.447077
-0.993307
 -5.89916
 -2.35018
-0.714648
  0.12935
-0.457053
 -1.00744
 -5.79399
 -2.30572
-0.725822
 0.127865
-0.449446
-0.989712
 -5.73092
 -2.30148
-0.749553
 0.133706
-0.442824
 -1.00094
 -5.69759
 -2.32564
-0.708851
  0.13538
-0.451939
 -1.01582
 -5.62248
 -2.25994
-0.717268
 0.131488
-0.456639
 -1.02091
 -5.53802
 -2.25893
-0.747634
 0.138664
-0.456728
   -1.031
 -5.48794
 -2.26734
-0.714933
 0.129083
 -0.45611
 -1.05189
 -5.44446
 -2.21601
-0.737012
 0.133804
-0.437226
 -1.03256
 -5.35683
  -2.2351
-0.750395
 0.142978
-0.429248
 -1.03767
  -5.3179
 -2.20033
-0.752563
 0.123473
-0.436794
 -1.06455
 -5.22385
 -2.21811
 -0.73371
 0.136523
-0.431495
 -1.06913
  -5.2096
 -2.14968
-0.767807
 0.140027
-0.433553
 -1.07357
 -5.12801
 -2.17803
-0.754645
 0.142956
-0.449105
 -1.08046
 -5.01593
 -2.06156
-0.763053
 0.121528
-0.434386
 -1.06205
 -4.96552
 -2.14656
-0.739508
  0.14333
-0.441824
 -1.08116
 -4.90922
 -2.06911
-0.710502
 0.144824
-0.458888
 -1.08001
  -4.8193
  -2.0511
-0.767645
 0.131004
-0.452397
 -1.07451
 -4.72403
 -2.08141
 -0.73713
    0.146
-0.446006
 -1.11086
 -4.63425
 -2.03546
-0.760207
 0.139294
-0.455287
 -1.08898
 -4.58463
 -2.04055
-0.706628
 0.145997
-0.476714
 -1.09931
 -4.51881
 -1.97703
-0.687655
 0.153201
-0.482421
 -1.10342
 -4.45223
 -1.93952
-0.751719
 0.149755
-0.474979
 -1.09267
 -4.33734
 -1.95957
-0.702571
 0.134891
-0.473258
 -1.09994
 -4.26258
 -1.95031
-0.699202
 0.146585
-0.482713
 -1.10895
 -4.18563
  -1.9862
-0.722626
 0.157711
-0.486531
 -1.12648
 -4.15596
 -1.85361
-0.720666
 0.137672
-0.482374
 -1.12807
  -4.0806
 -1.92295
-0.683426
 0.149247
 -0.48781
 -1.13008
 -4.01876
 -1.84048
-0.753078
 0.140745
-0.477708
 -1.13208
 -3.94548
 -1.83872
-0.691355
 0.155995
-0.485017
 -1.14309
  -3.9038
  -1.8359
-0.790061
 0.155438
-0.480901
 -1.14358
 -3.82216
 -1.86111
 -0.71264
 0.151316
-0.481751
 -1.16244
 -3.75714
 -1.80538
 -0.71055
 0.147417
-0.486111
 -1.14628
 -3.70054
 -1.81177
-0.794295
 0.146872
-0.468704
 -1.16104
 -3.61767
 -1.74507
-0.694588
 0.161681
-0.481264
 -1.16313
 -3.59987
 -1.79292
-0.713576
 0.168594
-0.484203
  -1.1727
   -3.538
   -1.761
-0.737655
 0.145325
-0.480947
 -1.15916
 -3.45351
 -1.75815
-0.734175
 0.156623
-0.484332
 -1.16312
 -3.40994
 -1.70715
-0.736141
 0.155515
-0.485339
 -1.15813
 -3.36346
 -1.68295
-0.691477
 0.155162
-0.494323
  -1.1545
 -3.32897
 -1.68662
-0.674039
 0.159355
-0.488066
 -1.16615
 -3.24286
 -1.65229
-0.738581
 0.153465
-0.473574
 -1.18229
 -3.18986
 -1.70883
-0.723944
 0.150477
-0.484619
  -1.1809
 -3.15176
 -1.65333
-0.756439
 0.146011
-0.462442
 -1.18382
 -3.06803
 -1.60388
-0.744879
 0.156708
-0.465642
 -1.19167
 -3.03915
 -1.66326
-0.739237
 0.162477
-0.490336
 -1.18089
 -2.98114
 -1.61022
 -0.70866
 0.163409
-0.492667
 -1.15997
 -2.94444
 -1.59998
-0.724056
 0.156726
-0.486556
 -1.19327
 -2.88408
 -1.58228
-0.702021
 0.163383
-0.481021
 -1.16143
 -2.87708
 -1.56109
-0.725549
 0.160279
-0.496816
 -1.19155
 -2.79338
 -1.58148
-0.709453
 0.161542
-0.494601
 -1.17287
 -2.74064
 -1.54246
-0.709752
  0.16607
-0.503117
   -1.188
 -2.71472
 -1.56401
-0.704438
 0.161409
-0.504027
 -1.18524
 -2.67684
 -1.55577
-0.680668
 0.163855
 -0.49796
 -1.19887
 -2.64524
 -1.51032
-0.721944
 0.152089
-0.502259
 -1.19031
 -2.58734
 -1.53344
-0.698678
 0.165528
-0.506763
 -1.18387
 -2.53864
 -1.50421
-0.702143
 0.157316
-0.507997
 -1.18948
 -2.54004
 -1.51656
-0.734189
 0.161029
-0.502006
 -1.20265
 -2.52296
 -1.51548
 -0.68634
 0.168404
-0.504545
 -1.20216
 -2.47373
 -1.48995
-0.711524
 0.162354
-0.505694
 -1.18781
 -2.43144
 -1.44973
-0.696351
 0.164134
-0.508912
 -1.19308
 -2.40164
 -1.52967
-0.690485
 0.160555
-0.502096
 -1.20932
 -2.41344
 -1.45722
-0.729026
 0.160902
-0.511141
 -1.20841
 -2.36419
 -1.44451
-0.690378
 0.161042
 -0.50396
 -1.19925
 -2.32185
 -1.42583
-0.745354
   0.1633
-0.506058
 -1.19244
 -2.26799
 -1.50829
-0.693638
 0.163342
-0.493488
 -1.21547
    -2.27
 -1.43351
-0.732255
 0.164667
-0.507565
 -1.21447
 -2.26491
 -1.40276
-0.702855
 0.154741
-0.501089
 -1.20259
 -2.21385
 -1.45789
-0.704566
 0.173709
-0.500549
 -1.21139
 -2.17421
 -1.42836
-0.726368
 0.148579
-0.493492
 -1.19678
  -2.1448
 -1.38487
 -0.70574
 0.161358
-0.489144
 -1.20873
 -2.16721
 -1.43711
-0.689492
 0.161506
 -0.49376
 -1.21518
 -2.10332
 -1.42062
-0.715389
 0.154432
-0.485969
 -1.19783
 -2.07655
 -1.36973
-0.730493
 0.155284
-0.503665
 -1.20084
 -2.06838
 -1.38283
-0.680163
 0.163128
-0.507224
 -1.21059
 -2.04064
  -1.3873
 -0.70781
 0.163587
-0.491111
 -1.20363
  -2.0112
 -1.40618
   -0.698
 0.158917
-0.487358
 -1.19823
 -2.02948
 -1.35013
-0.743878
 0.155345
-0.496592
 -1.21736
 -1.98335
 -1.40686
 -0.66057
 0.167026
-0.498961
 -1.22167
 -1.97477
 -1.40222
-0.717594
 0.168785
-0.500118
 -1.21732
 -1.96235
 -1.34291
-0.721331
 0.166105
 -0.49132
 -1.19342
 -1.94728
 -1.41139
-0.677614
 0.174469
-0.512909
 -1.20125
 -1.92645
 -1.36244
-0.717293
 0.163843
-0.480181
 -1.19594
 -1.89893
 -1.33023
-0.699552
 0.161652
-0.500554
 -1.20491
 -1.88373
 -1.37907
-0.771232
 0.164724
-0.487778
 -1.20978
  -1.8576
 -1.37151
-0.684597
 0.164685
-0.500605
 -1.20915
 -1.82757
 -1.30585
-0.665608
 0.169355
-0.497533
 -1.19698
 -1.81022
 -1.35557
-0.714746
 0.157219
-0.490166
 -1.20583
 -1.79692
 -1.33866
-0.676396
 0.170331
-0.491552
 -1.20383
 -1.80309
 -1.34012
-0.675281
 0.163732
-0.522751
 -1.21867
 -1.79245
 -1.29921
-0.700104
 0.166511
-0.510037
 -1.21139
 -1.76467
 -1.36331
 -0.69953
 0.161722
-0.503607
 -1.20578
 -1.77046
 -1.32041
-0.669871
 0.167736
-0.520194
 -1.20212
 -1.78634
 -1.34145
-0.707396
 0.169392
-0.514402
 -1.21277
 -1.74254
 -1.36561
-0.670715
 0.175349
-0.500401
 -1.20658
 -1.71675
 -1.26827
-0.683846
 0.173018
-0.506601
 -1.19527
 -1.66966
 -1.34506
-0.709739
 0.161696
-0.489231
 -1.18994
 -1.69754
  -1.3826
-0.712852
 0.169081
-0.498577
 -1.23804
 -1.71428
 -1.29489
-0.659666
 0.160304
-0.502578
 -1.18888
 -1.72392
 -1.28959
-0.679169
 0.161988
-0.494605
 -1.19599
 -1.76869
 -1.34632
 -0.71992
 0.159749
-0.503316
 -1.21003
 -1.78662
 -1.31275
-0.677652
 0.167212
-0.514735
 -1.21029
 -1.85847
 -1.34896
-0.676797
  0.16571
-0.495005
 -1.22644
 -1.87925
 -1.41866
-0.698445
 0.167046
-0.504563
 -1.20912
 -1.90037
 -1.30799
-0.715105
 0.155672
-0.491626
 -1.17969
 -1.91772
 -1.40383
-0.676649
 0.165733
-0.487213
 -1.21324
 -1.98921
 -1.39441
-0.724928
 0.157092
-0.491332
 -1.21138
 -2.05384
 -1.39096
 -0.68936
  0.15593
-0.495055
  -1.2017
 -2.12973
 -1.44328
-0.675482
 0.165614
-0.491303
   -1.202
 -2.17049
 -1.38832
-0.687701
 0.158401
-0.486666
 -1.17553
 -2.20443
 -1.46407
-0.713657
 0.154378
-0.485229
 -1.17792
 -2.28803
 -1.48632
-0.745045
 0.160529
-0.462432
 -1.19829
 -2.36554
 -1.45492
-0.678967
 0.155837
-0.483283
 -1.17508
 -2.46343
 -1.50288
-0.668708
 0.158087
-0.482005
 -1.18647
  -2.5061
 -1.52584
-0.707042
 0.151269
-0.479297
 -1.18784
 -2.53958
 -1.51425
-0.673579
 0.153858
-0.467099
 -1.16938
  -2.6359
 -1.58642
-0.663465
 0.153823
-0.467473
   -1.174
 -2.74137
 -1.56318
-0.699005
 0.155016
-0.468199
 -1.15789
  -2.8582
 -1.61006
-0.676366
 0.149658
 -0.45853
 -1.15848
 -2.94064
 -1.63825
-0.697577
 0.150674
-0.444525
 -1.14754
 -3.00264
 -1.61319
-0.689875
 0.145195
-0.452238
 -1.15615
 -3.13212
 -1.72194
-0.717245
 0.135181
 -0.43737
 -1.14483
 -3.16722
 -1.65036
-0.655137
 0.143344
-0.441154
 -1.13593
 -3.19154
 -1.66333
-0.687573
 0.139875
-0.426486
 -1.12647
 -3.30527
 -1.77788
-0.750045
 0.139364
-0.419929
 -1.15418
 -3.43082
 -1.75089
-0.660466
 0.145325
-0.429909
 -1.13595
 -3.55464
 -1.77219
-0.696135
 0.137495
-0.408778
 -1.11629
 -3.68538
  -1.8483
-0.699946
 0.140624
-0.416106
 -1.10598
 -3.80274
 -1.82489
-0.675975
 0.133929
 -0.40386
  -1.1082
 -3.89024
 -1.91625
-0.651953
 0.132974
-0.402471
 -1.09376
  -4.0377
 -1.92693
-0.714086
 0.122699
 -0.38404
 -1.09234
 -4.17913
 -1.93003
-0.661177
 0.133263
-0.388246
 -1.06846
 -4.24126
 -2.01541
-0.662606
 0.132459
-0.382048
  -1.0781
 -4.36153
 -1.98348
-0.703491
 0.126239
-0.373969
 -1.05152
 -4.45018
 -2.01706
-0.652612
 0.128274
-0.371729
 -1.03442
 -4.58774
 -2.09887
-0.640734
 0.122082
-0.366645
   -1.048
 -4.67071
 -2.08447
-0.681147
 0.114615
-0.368831
 -1.02915
 -4.75873
 -2.13703
-0.641196
 0.123851
-0.353196
 -1.01177
 -4.92459
 -2.15287
 -0.61831
 0.119899
-0.355857
-0.996139
 -5.07868
 -2.19726
-0.709744
 0.111284
 -0.33904
 -1.00108
 -5.15914
 -2.23775
-0.617071
 0.109456
-0.349348
-0.971724
 -5.24677
 -2.27694
-0.614299
 0.114933
-0.326432
-0.957832
 -5.32868
 -2.29272
-0.664126
 0.104565
-0.315774
-0.957788
 -5.42811
 -2.27442
-0.640589
 0.104406
-0.318839
-0.947918
 -5.51661
  -2.3626
-0.648476
 0.103206
-0.306153
-0.928141
 -5.58287
 -2.32694
-0.622218
 0.104016
-0.307592
-0.953373
 -5.62571
 -2.42424
-0.640578
 0.111331
-0.298959
-0.949557
 -5.71295
 -2.38065
 -0.62378
 0.105777
-0.304395
-0.926494
  -5.7995
 -2.37265
-0.585703
 0.106097
-0.306091
-0.898739
 -5.88077
 -2.49322
-0.640992
0.0997013
-0.291136
-0.913148
 -5.93906
 -2.41398
-0.626793
 0.102218
-0.286777
-0.895227
 -5.96908
 -2.54615
 -0.62281
 0.100148
-0.267423
 -0.91767
 -6.04281
 -2.53258
-0.617715
0.0994235
 -0.26865
-0.902944
 -6.13283
 -2.46072
-0.601256
0.0862037
-0.266559
-0.880406
 -6.17898
 -2.56955
-0.627841
0.0910724
-0.246781
-0.895148
 -6.21949
 -2.54708
-0.588141
0.0811159
-0.264533
-0.876605
 -6.27123
 -2.55522
-0.587381
0.0855138
-0.241546
-0.856995
 -6.33053
 -2.59917
-0.544196
0.0877638
-0.253859
-0.851783
 -6.35133
 -2.57672
-0.612714
0.0799434
-0.224861
-0.861227
 -6.33013
 -2.63826
-0.607834
0.0798244
-0.219677
-0.858426
 -6.38724
 -2.60574
-0.572297
0.0786566
-0.219358
-0.849793
 -6.50712
 -2.60838
-0.593914
0.0730326
-0.220889
-0.833229
 -6.51426
 -2.65173
-0.541807
 0.090311
-0.219363
-0.821262
 -6.47592
 -2.60667
-0.553479
0.0783023
-0.209335
-0.808921
 -6.42845
 -2.69619
-0.648985
0.0705962
-0.199852
-0.848858
  -6.4988
 -2.63019
-0.557558
0.0847832
-0.209218
-0.834966
 -6.56957
 -2.69641
-0.563894
0.0897699
-0.206424
-0.813458
 -6.55998
 -2.60692
-0.528033
  0.07889
-0.210861
-0.818118
 -6.50635
 -2.72635
-0.541806
0.0791122
-0.200797
-0.808676
 -6.48072
 -2.66486
-0.608673
0.0686693
-0.178921
-0.821248
 -6.55472
 -2.70371
-0.506229
0.0808686
-0.195386
 -0.79893
 -6.64519
 -2.71626
-0.538287
  0.07069
-0.175653
 -0.81582
 -6.55609
 -2.60673
-0.548588
0.0683497
 -0.17127
-0.793109
 -6.49827
 -2.69739
-0.531755
 0.081853
-0.168759
 -0.81569
 -6.48648
 -2.72152
-0.528908
0.0678815
-0.176089
-0.802872
 -6.54773
 -2.68008
-0.504817
 0.073448
-0.167099
-0.807859
 -6.54349
 -2.68285
-0.540262
0.0694145
-0.146409
-0.780882
 -6.47574
 -2.58208
-0.602447
0.0614518
-0.145579
-0.770419
 -6.44713
 -2.78415
-0.446734
0.0705676
-0.153014
-0.810045
 -6.39521
 -2.64797
-0.588837
0.0611914
 -0.13089
-0.796018
 -6.44113
 -2.64951
-0.508631
0.0761068
-0.137326
-0.786243
 -6.38819
 -2.74228
-0.533206
0.0583519
-0.140414
-0.779053
 -6.32991
 -2.58884
-0.539117
0.0655852
-0.133315
-0.785186
 -6.29147
 -2.67779
-0.520387
0.0707175
-0.128825
-0.775177
 -6.30125
 -2.65326
-0.471874
0.0640995
-0.141915
 -0.76938
 -6.31124
 -2.65796
-0.535174
0.0679849
-0.148752
-0.764231
 -6.23869
 -2.65346
-0.458512
0.0735667
-0.153245
-0.763279
 -6.14028
 -2.60255
 -0.53399
0.0711096
-0.157945
-0.760271
 -6.14919
 -2.69909
-0.480907
0.0656812
-0.150055
 -0.76375
 -6.13608
 -2.59139
-0.469888
0.0657141
-0.166529
-0.740275
 -6.08767
 -2.65168
-0.463007
0.0730641
-0.144354
-0.784531
 -5.98646
 -2.59368
-0.505892
0.0691376
-0.146311
-0.757709
 -5.91228
 -2.56753
-0.518824
0.0606248
-0.142705
-0.771835
 -5.93455
  -2.6337
-0.461067
 0.063078
-0.119831
-0.755944
 -5.89232
 -2.54392
-0.455618
 0.054029
-0.131626
-0.764748
 -5.79773
 -2.59326
-0.505401
0.0629523
-0.124185
-0.766567
 -5.70951
 -2.52633
-0.433248
0.0655026
-0.142202
-0.762799
  -5.6472
 -2.50531
-0.533432
0.0729871
-0.128192
-0.780545
 -5.69928
 -2.62699
 -0.43278
0.0627426
-0.123909
-0.777205
 -5.57802
 -2.41462
-0.512615
0.0530913
-0.111448
 -0.76625
 -5.48051
 -2.57165
-0.421222
0.0577936
-0.112456
 -0.77136
  -5.4113
 -2.42435
   -0.472
0.0623578
-0.125076
-0.776247
 -5.36853
 -2.50452
-0.455342
0.0665382
-0.116798
-0.769497
 -5.30336
  -2.4658
-0.441162
0.0546632
-0.107318
-0.767124
 -5.21117
 -2.40146
-0.431535
0.0506557
-0.109643
-0.771334
 -5.17145
 -2.41932
-0.452255
0.0619883
-0.104802
-0.776335
 -5.07784
 -2.40923
-0.391629
0.0629497
-0.120687
-0.794693
 -5.06261
 -2.39094
 -0.46794
0.0548396
-0.104812
-0.802698
  -4.90052
  -2.39431
 -0.507699
 0.0553518
-0.0907096
 -0.807966
 -4.82201
 -2.38119
-0.449653
0.0617304
-0.097173
-0.811916
  -4.70358
  -2.24209
 -0.535695
 0.0634252
-0.0928921
  -0.80456
 -4.72483
 -2.36281
-0.436097
0.0579282
-0.110882
-0.803432
  -4.68789
  -2.26034
 -0.462744
 0.0570415
-0.0942712
 -0.809551
 -4.54185
 -2.30439
-0.433823
0.0801266
-0.123878
-0.804373
 -4.41104
 -2.23856
-0.440715
0.0688344
-0.122042
-0.807154
 -4.27072
 -2.24681
-0.487223
0.0749694
-0.138908
-0.819867
 -4.37356
 -2.19374
-0.377517
0.0701625
-0.139516
-0.800257
 -4.24629
 -2.18438
-0.453398
0.0630861
-0.139218
-0.808865
 -4.14467
 -2.21508
-0.417126
0.0855458
-0.139901
-0.800543
 -4.01599
 -2.08175
-0.426537
0.0748098
-0.159442
-0.816581
 -3.92041
 -2.15281
-0.481352
 0.072875
-0.142154
-0.831156
 -3.90005
 -2.09898
-0.454947
0.0828652
-0.165655
-0.822719
 -3.76597
 -2.07696
-0.410398
0.0850511
-0.177358
-0.837281
 -3.66448
 -2.05748
-0.541583
0.0827961
-0.164695
-0.851682
 -3.53093
 -2.05138
-0.497012
0.0701265
-0.173934
 -0.86887
 -3.54284
 -1.99741
-0.418583
0.0881415
-0.185998
-0.850784
 -3.50403
 -2.07357
-0.432453
0.0692684
-0.174371
-0.863057
 -3.34125
 -1.93406
-0.467154
0.0871878
-0.182593
 -0.85388
 -3.20427
 -1.94575
-0.484081
0.0775362
-0.208415
-0.871242
 -3.19471
 -1.96123
-0.401665
 0.097886
 -0.20796
-0.870439
 -3.13314
 -1.86968
-0.454697
0.0850381
 -0.22193
 -0.85667
 -3.02061
 -1.88016
-0.463171
0.0919326
-0.232117
-0.876155
 -2.98429
 -1.90052
-0.439703
0.0912596
-0.230103
-0.879818
 -2.79392
 -1.81395
-0.438132
 0.100086
 -0.24199
-0.873183
 -2.77819
  -1.8386
-0.491259
0.0926482
-0.230305
-0.888636
 -2.69723
 -1.73766
-0.497994
0.0929044
-0.230949
-0.896527
 -2.63606
 -1.82519
-0.457586
0.0864844
-0.225106
-0.887411
 -2.58706
 -1.77895
-0.483644
0.0989027
-0.220642
-0.895644
 -2.47153
 -1.69326
-0.511538
 0.100003
-0.242184
-0.908215
 -2.58633
 -1.78684
-0.409759
0.0959902
-0.234266
-0.891416
 -2.51923
 -1.79201
-0.463335
 0.100761
-0.231624
-0.905835
 -2.35198
 -1.68271
-0.533232
 0.101051
-0.239987
-0.923239
 -2.34127
 -1.78206
-0.461815
 0.103459
-0.237827
-0.903957
 -2.25689
 -1.62761
-0.472571
 0.101537
-0.254137
-0.932475
 -2.27154
 -1.71146
-0.453889
0.0907855
-0.232038
-0.925916
 -2.19728
 -1.68468
-0.483223
   0.1052
-0.242992
-0.931746
  -2.0722
 -1.61409
-0.531346
 0.098521
 -0.24337
-0.945297
  -1.9686
 -1.61914
-0.476535
 0.110286
-0.256689
-0.960248
 -2.08549
 -1.70796
-0.467464
   0.1115
-0.247658
-0.965859
 -2.02265
 -1.57562
-0.471386
 0.113761
-0.247663
-0.918245
 -1.96359
 -1.56233
-0.451951
 0.109259
-0.250911
-0.942947
 -2.03284
 -1.71379
-0.477618
0.0970342
-0.238588
-0.933378
  -1.9189
  -1.5362
-0.503468
 0.101969
-0.255969
-0.965134
 -2.10913
 -1.66265
-0.425876
0.0913052
-0.237942
-0.928546
 -1.72456
 -1.50094
-0.530014
 0.113074
-0.273055
-0.971847
 -1.63287
 -1.52896
-0.544842
 0.113835
-0.289498
-0.996585
 -1.46676
  -1.4258
-0.497698
 0.120926
-0.315834
 -1.02264
 -1.36176
 -1.40679
 -0.50837
 0.126027
-0.347164
 -1.03821
 -1.31598
 -1.39141
-0.533456
 0.124915
-0.339343
 -1.04221
 -1.23882
  -1.3849
-0.542961
 0.130151
-0.350897
 -1.06347
 -1.06363
 -1.29599
-0.548095
 0.138772
-0.365753
 -1.06711
 -1.12183
 -1.32961
-0.564123
 0.140451
-0.364178
 -1.08656
-0.997866
 -1.28609
-0.560067
  0.14321
-0.396037
 -1.09836
 -1.00006
 -1.23538
-0.569368
 0.142363
-0.386966
 -1.08569
-0.909286
 -1.25906
-0.577959
 0.146774
-0.402044
 -1.12026
-0.864452
 -1.24804
-0.570112
 0.138879
 -0.40432
 -1.10246
-0.799197
 -1.15035
-0.600957
 0.147213
-0.398715
 -1.12958
-0.800838
 -1.21959
-0.560162
 0.138731
-0.413069
 -1.11988
-0.754493
 -1.22932
 -0.55803
 0.153368
-0.413956
 -1.13694
-0.667924
 -1.13723
-0.620279
 0.155809
-0.427882
 -1.13463
-0.677227
 -1.21543
-0.576634
 0.155503
-0.428973
 -1.15635
-0.635455
 -1.14942
-0.584702
 0.147128
-0.412214
 -1.16053
-0.624356
  -1.1192
-0.604502
 0.157685
-0.425067
 -1.14616
-0.612874
 -1.18284
-0.578788
 0.151571
-0.442988
 -1.15275
-0.538387
 -1.09063
-0.614492
  0.15227
-0.446547
    -1.16
-0.544169
 -1.14208
-0.599411
  0.15792
 -0.44612
 -1.16361
 -0.55979
 -1.08734
-0.597892
 0.147166
-0.437139
  -1.1527
-0.516281
 -1.13826
-0.628673
 0.160449
-0.444688
 -1.17272
-0.453162
 -1.06507
-0.601365
 0.149898
-0.443562
 -1.18663
-0.415256
 -1.09256
-0.576651
 0.152635
-0.460823
 -1.17723
-0.435444
 -1.06971
-0.606623
 0.161318
-0.450683
 -1.17668
-0.434406
 -1.09262
-0.636961
 0.154705
 -0.44285
 -1.17466
-0.414961
 -1.05971
-0.598993
 0.166335
-0.462704
 -1.17208
-0.391289
 -1.06296
-0.586885
 0.159122
-0.455587
 -1.18885
-0.383289
 -1.02115
-0.612675
 0.159849
-0.468625
 -1.17755
-0.359205
 -1.07779
-0.638723
 0.165128
-0.465575
 -1.19627
-0.376275
 -1.09322
-0.622334
 0.153248
-0.469114
 -1.19074
-0.323725
 -1.03358
 -0.57864
 0.162083
-0.459011
 -1.17884
-0.295771
 -1.01473
-0.621949
   0.1595
-0.470825
 -1.20028
-0.272495
  -1.0673
-0.625344
 0.161724
-0.462371
 -1.18643
-0.272942
 -1.03202
-0.623313
 0.156984
-0.473486
 -1.19476
-0.256141
 -1.03148
 -0.59641
 0.158069
 -0.47103
 -1.18663
-0.251988
 -1.01515
-0.608182
 0.159543
-0.476496
 -1.18782
-0.239446
 -1.01594
-0.628196
 0.165713
-0.477036
 -1.18623
-0.240885
 -1.06046
-0.634657
 0.170614
-0.483139
 -1.19936
-0.258728
-0.996163
-0.620017
 0.156565
-0.473917
 -1.18897
-0.233384
 -1.03145
-0.618938
 0.164661
-0.480235
 -1.20141
-0.199216
 -1.01896
-0.621392
 0.162503
-0.475467
 -1.19734
-0.200552
 -1.02292
-0.632586
 0.159032
-0.488731
 -1.20936
-0.187792
 -1.01585
-0.629025
   0.1562
 -0.47294
 -1.18769
-0.192382
 -1.01255
-0.613752
 0.170288
 -0.49674
 -1.19925
 -0.17697
 -1.00069
-0.626144
 0.164368
  -0.4961
   -1.188
-0.183373
 -1.01625
-0.624562
 0.167388
-0.490341
 -1.19474
-0.180765
 -1.03407
-0.607532
 0.170831
-0.494746
 -1.20878
-0.187227
-0.975417
-0.611327
 0.161511
-0.491704
 -1.18056
-0.159711
-0.996242
-0.633968
 0.163627
-0.500522
 -1.18735
-0.149079
-0.988751
-0.637757
 0.160858
-0.479581
 -1.19714
-0.159025
-0.989935
-0.640162
 0.166992
-0.479549
 -1.19651
-0.168731
 -0.98266
-0.623847
 0.173901
-0.479763
 -1.19974
-0.164904
 -1.01027
 -0.65382
 0.154332
-0.477648
 -1.19548
-0.147046
-0.978454
-0.617252
 0.171698
-0.496989
  -1.2001
-0.122357
-0.995624
-0.639957
  0.17052
-0.491304
 -1.19401
-0.120307
-0.994087
-0.624538
 0.172715
-0.485055
  -1.1992
-0.129484
-0.991562
-0.631102
 0.168882
-0.496086
 -1.18704
-0.112585
-0.992796
-0.635508
  0.16909
-0.486773
 -1.18742
 -0.11434
 -0.98647
-0.641495
 0.165754
-0.501593
 -1.19717
-0.113226
-0.979972
-0.610718
 0.168575
-0.482719
 -1.20356
-0.108347
 -1.00984
-0.646582
 0.172552
-0.488392
 -1.20906
-0.104796
-0.973128
-0.617642
 0.165199
-0.497894
 -1.20278
-0.0938768
 -0.984084
 -0.611678
  0.160964
  -0.49973
  -1.20265
-0.0964878
 -0.941204
 -0.648759
  0.163809
 -0.485571
  -1.19903
-0.0665181
 -0.947024
 -0.676185
  0.165117
 -0.496691
  -1.19642
-0.0786112
 -0.971631
 -0.658161
  0.168532
 -0.488479
  -1.22617
-0.0965705
 -0.955692
 -0.617056
  0.174154
 -0.496837
  -1.20477
-0.0851622
  -0.97839
 -0.620109
  0.162994
 -0.491855
  -1.18233
-0.0612769
 -0.957708
 -0.665754
  0.181065
 -0.487616
  -1.19145
-0.0707478
 -0.987668
 -0.651303
  0.166921
 -0.500161
  -1.20457
-0.0718989
 -0.970579
 -0.589451
  0.173015
 -0.491721
  -1.19566
-0.0860016
 -0.949264
 -0.633773
   0.17103
 -0.489322
  -1.19772
-0.0652511
  -1.00733
 -0.601486
  0.169416
  -0.49841
  -1.19893
-0.0603235
 -0.935268
 -0.626698
  0.170672
 -0.503192
  -1.21017
-0.0514002
  -0.98111
 -0.642818
  0.170311
 -0.510558
  -1.21081
-0.0502668
 -0.999684
 -0.592054
  0.166831
 -0.501597
  -1.21134
-0.0656018
 -0.947913
 -0.639344
  0.167491
 -0.497698
  -1.18979
-0.0303407
 -0.964491
 -0.636562
  0.171318
 -0.504958
  -1.19248
 -0.04713
-0.969364
-0.601341
 0.179405
-0.516808
 -1.21049
-0.0287006
 -0.937877
 -0.645548
  0.160423
 -0.478766
  -1.19691
-0.0276523
 -0.976419
 -0.662211
  0.166533
 -0.489256
  -1.20911
-0.0211882
 -0.966922
 -0.655082
  0.181254
 -0.492139
  -1.21047
-0.00620548
  -0.911576
   -0.67812
   0.171929
  -0.494909
   -1.20569
0.000310143
   -0.96321
  -0.669495
   0.171921
  -0.500579
   -1.20559
-0.00658902
  -0.966996
  -0.661058
   0.179773
  -0.492768
   -1.23025
0.00738387
  -0.99044
 -0.652408
  0.173314
 -0.491953
  -1.23421
0.0108957
 -0.90456
-0.641206
 0.167375
-0.505721
 -1.19233
0.0378645
-0.921863
-0.655107
 0.170303
-0.490257
  -1.1965
0.0105931
-0.953764
-0.638665
 0.175457
-0.515762
 -1.21722
0.0190717
-0.944957
-0.610648
 0.173973
-0.502241
 -1.19324
0.00488541
 -0.931956
 -0.652511
  0.176246
 -0.517686
  -1.20545
0.0516964
-0.919124
-0.637303
 0.175489
-0.505155
 -1.20855
0.0294578
-0.903789
-0.622283
 0.176537
-0.509485
 -1.21084
0.0195469
-0.981051
-0.617541
 0.176994
-0.503225
 -1.22786
0.0360201
-0.923377
-0.649337
 0.177127
-0.513931
 -1.20985
0.0397556
-0.945559
-0.620491
  0.17831
-0.515666
  -1.2038
0.0394856
-0.929075
-0.646676
 0.174331
 -0.51397
 -1.20156
 0.037241
-0.944003
-0.639717
 0.179463
-0.511938
 -1.21555
0.0426698
-0.949892
-0.650467
 0.175059
-0.504431
 -1.20941
0.0612504
-0.957662
-0.632295
 0.170127
-0.511312
 -1.21141
0.0430277
-0.917804
-0.641422
 0.168979
 -0.51035
 -1.20164
0.0705929
-0.928976
-0.639857
 0.169168
-0.514216
  -1.2032
0.0720215
 -0.92613
-0.640281
  0.17232
-0.516978
 -1.22474
0.0714452
-0.933684
-0.665609
 0.170256
-0.505991
 -1.22489
 0.074335
-0.917438
-0.640556
 0.188642
-0.514134
 -1.21421
0.0599913
-0.935307
-0.610645
 0.170593
-0.512259
 -1.21106
0.0577822
-0.911091
-0.644833
 0.174547
-0.512842
 -1.19989
0.0661301
-0.943486
-0.624935
  0.18264
-0.519393
 -1.21227
0.0396321
-0.911837
-0.627235
 0.176417
-0.509502
 -1.21066
 0.041297
-0.945266
-0.630181
 0.168438
-0.516179
 -1.20309
0.0570923
 -0.93293
-0.628534
 0.169384
-0.505038
 -1.20663
0.0554169
-0.935815
-0.654093
 0.174556
-0.516871
 -1.20819
0.0353888
-0.937768
-0.637313
 0.174049
-0.514623
 -1.20773
0.0520795
-0.945199
-0.608212
 0.171615
-0.515615
 -1.21482
 0.035056
-0.928751
-0.642212
  0.16758
-0.517087
 -1.21235
0.0570451
-0.941406
-0.627111
 0.165168
-0.499402
 -1.20406
0.0481409
-0.930575
-0.644198
 0.174934
-0.501042
  -1.1947
0.0304542
-0.943009
-0.639471
 0.174018
-0.513141
 -1.20508
 0.031985
-0.940615
-0.638626
 0.174725
-0.516488
 -1.21326
0.0270102
-0.945396
-0.646227
 0.178987
 -0.50306
 -1.20585
0.0366745
-0.935485
-0.643025
 0.164234
-0.508508
 -1.20234
0.0182859
-0.943685
-0.636296
 0.172782
-0.507107
 -1.20902
0.0509722
-0.942017
-0.646189
 0.175671
-0.503362
 -1.19798
 0.038163
-0.940853
-0.637255
 0.169724
 -0.51359
 -1.19831
0.0239933
-0.950155
-0.631643
 0.170279
-0.515163
 -1.21269
0.0580826
-0.937167
-0.639886
 0.169421
-0.503198
 -1.21069
0.0577044
-0.936554
-0.650888
 0.166711
 -0.50224
 -1.20291
0.0470579
-0.934508
-0.637422
 0.172906
-0.509925
 -1.19198
0.0442046
-0.939702
-0.631752
 0.171417
-0.515857
 -1.19873
0.0313656
-0.938664
-0.637595
 0.166843
-0.518943
 -1.21232
0.0271299
-0.946763
-0.633831
 0.163981
-0.512826
 -1.20686
0.0186756
-0.945417
  -0.6329
 0.169063
-0.509626
 -1.20999
0.0278991
-0.939765
-0.632136
 0.179622
-0.513069
 -1.21296
0.0149485
-0.947226
-0.636104
 0.170858
-0.510121
  -1.2056
0.0307649
-0.944188
-0.641876
  0.17062
-0.504712
 -1.21053
0.0242473
-0.942224
-0.636356
 0.177658
-0.509822
 -1.20666
 0.035228
-0.937137
-0.635138
 0.165537
-0.496868
 -1.19696
0.0270641
-0.945325
-0.634218
 0.171475
-0.503243
 -1.22025
0.0492299
-0.942368
-0.631861
 0.177738
-0.507623
 -1.20772
0.0522702
-0.938396
-0.632862
 0.176158
-0.512695
  -1.1968
0.0564516
-0.938823
-0.637341
 0.172687
-0.504594
 -1.19983
 0.054883
-0.932607
 -0.63753
 0.172358
-0.508962
 -1.19885
0.0632774
-0.933204
-0.637612
 0.169097
-0.508537
   -1.207
0.0508722
  -0.9335
 -0.63516
 0.168306
-0.509733
 -1.19657
0.0583147
-0.937986
-0.640644
  0.17663
-0.508711
   -1.197
0.0542614
-0.930031
-0.635494
 0.171219
-0.510727
 -1.20675
0.0198475
-0.942315
-0.638618
 0.167425
-0.514606
 -1.21952
0.0446188
-0.933686
-0.635044
 0.164821
-0.506592
 -1.19371
0.0360748
-0.940487
-0.633779
 0.171173
-0.508234
 -1.19588
0.0239678
-0.940881
-0.631857
 0.180359
-0.515689
 -1.20821
0.0237851
-0.948831
-0.629352
 0.175863
-0.515088
 -1.21205
0.0286029
-0.951996
-0.635813
 0.175447
-0.512931
 -1.20694
0.0288241
-0.944551
 -0.63277
 0.174662
-0.521916
 -1.21019
0.0190183
-0.946918
-0.632974
 0.168633
-0.514466
 -1.22644
0.0303211
-0.942909
-0.635061
 0.166402
-0.517625
  -1.2142
0.0366203
-0.934766
-0.637461
 0.169382
-0.518428
 -1.20641
0.0486448
-0.940951
-0.637151
 0.174169
-0.509853
 -1.19961
0.0445073
-0.932922
-0.639696
 0.173648
-0.518776
 -1.20177
0.0457721
-0.938214
-0.633843
  0.16814
-0.514557
 -1.20027
0.0463715
 -0.94026
-0.637353
  0.17185
-0.512175
 -1.21037
0.0405132
-0.941561
-0.632798
 0.173376
-0.518058
 -1.20801
0.0424502
-0.940518
-0.636207
  0.17944
-0.513434
 -1.20546
0.0454018
-0.937101
-0.636064
 0.165257
-0.514217
 -1.19958
0.0557125
-0.936044
-0.642967
 0.173539
-0.501972
 -1.20271
0.0320817
-0.940469
-0.634076
 0.180182
-0.521464
 -1.21089
0.0394379
-0.946165
-0.641364
 0.171002
-0.507054
 -1.19851
0.0470336
 -0.93447
-0.637361
 0.169992
-0.498914
 -1.19907
0.0336686
-0.930797
-0.638927
 0.170451
-0.511275
 -1.21584
0.0287252
-0.943436
-0.639663
 0.181563
-0.508894
 -1.21434
0.0392397
-0.936582
-0.637233
 0.172453
-0.507788
  -1.1965
  0.02714
-0.937794
-0.636283
 0.175767
-0.520168
 -1.20668
0.0339834
-0.940105
-0.638367
 0.178453
 -0.51399
 -1.20182
0.0369651
-0.943758
-0.632704
 0.175844
-0.516031
  -1.2064
0.0185567
 -0.93681
-0.631847
 0.167494
-0.509722
 -1.20812
 0.026114
-0.942316
-0.630601
 0.166981
-0.514365
 -1.21377
0.0415115
-0.937157
-0.630631
 0.173236
-0.517872
 -1.20389
0.0476856
-0.929138
-0.637368
  0.16986
-0.509787
 -1.19165
0.0366651
-0.942474
-0.632662
 0.177206
-0.515585
 -1.20119
 0.053535
-0.935303
-0.630552
 0.173679
-0.509249
 -1.19562
0.0442205
-0.939529
-0.637312
 0.178585
-0.515839
 -1.20504
0.0578911
 -0.93613
-0.642075
 0.174592
-0.501224
 -1.21454
0.0322716
-0.941912
-0.636188
 0.174585
-0.521771
 -1.21144
0.0428888
-0.943969
 -0.64143
 0.163529
-0.506385
 -1.20247
 0.032638
-0.934466
-0.637623
 0.179556
-0.518793
 -1.21034
0.0369826
-0.943784
-0.630454
 0.177967
-0.524759
  -1.2062
0.0341708
 -0.93339
-0.638491
 0.168713
  -0.5153
 -1.20092
0.0403823
-0.941291
-0.642769
 0.173252
-0.504865
 -1.20322
0.0473151
-0.928064
-0.644205
 0.163687
-0.496033
 -1.19812
0.0284246
 -0.94329
-0.630353
 0.173145
-0.527384
 -1.20255
0.0464874
-0.940051
-0.634922
 0.180138
-0.510829
  -1.1967
0.0538417
-0.937116
-0.639441
  0.17248
-0.509236
  -1.1983
0.0546845
-0.940417
-0.642722
 0.174842
-0.506906
 -1.19985
0.0535886
-0.935879
-0.631535
 0.168963
-0.501609
 -1.19154
0.0484688
-0.940189
-0.636193
 0.170992
-0.503391
 -1.20866
0.0265447
-0.943414
-0.638643
  0.17761
-0.516191
   -1.223
0.0358277
-0.939577
-0.638332
 0.173079
-0.509928
 -1.20193
 0.036513
-0.941826
 -0.63172
 0.175956
-0.516743
 -1.21004
0.0340579
-0.941287
-0.635942
 0.168259
-0.513541
  -1.2002
0.0308635
-0.943989
-0.630544
 0.179482
-0.524578
 -1.21015
  0.02673
-0.945033
 -0.63714
 0.165784
-0.503025
 -1.21058
0.0376716
-0.938873
-0.633802
 0.169069
-0.511731
  -1.1997
0.0221893
-0.942579
-0.629447
 0.174571
-0.515634
 -1.20885
0.0341333
-0.941276
 -0.63402
 0.169405
-0.518892
 -1.21616
0.0390335
-0.943397
-0.637394
 0.178136
-0.508065
 -1.21568
0.0383466
-0.941572
-0.636009
 0.171151
-0.514181
 -1.20311
0.0416223
-0.937904
-0.635932
 0.172167
-0.506833
 -1.19062
 0.047479
-0.935886
-0.637587
 0.174579
-0.506292
 -1.21323
0.0387127
-0.942526
 -0.62927
 0.175395
-0.520415
 -1.20145
0.0384166
-0.941459
-0.636018
  0.17423
-0.509262
 -1.20097
0.0243934
-0.943496
-0.633784
 0.171482
  -0.5086
 -1.20498
0.0351515
-0.936288
-0.633119
 0.176864
 -0.52035
 -1.21396
0.0376863
-0.938252
-0.632767
 0.177829
-0.518226
 -1.19923
0.0391438
-0.936522
 -0.63494
 0.168615
-0.509898
 -1.19649
0.0248854
-0.946165
 -0.63367
 0.165688
 -0.51416
 -1.20836
0.0293401
-0.946988
-0.634864
 0.167896
-0.506254
 -1.21181
0.0437436
-0.937823
-0.634891
 0.171309
-0.498143
 -1.19351
0.0324678
 -0.94279
-0.633749
  0.16959
-0.507581
 -1.20336
0.0337442
-0.940149
-0.636159
  0.16653
-0.518413
 -1.21089
0.0225308
-0.944669
-0.632504
 0.170225
-0.514779
 -1.20055
 0.017982
-0.943233
-0.634804
 0.168488
-0.512896
 -1.20158
0.0302151
-0.941711
-0.635049
  0.17776
-0.522855
 -1.20882
0.0426741
-0.942408
-0.632815
 0.167597
 -0.51837
 -1.21549
0.0482618
 -0.93951
-0.634985
 0.169758
-0.504152
 -1.20377
0.0284418
-0.943108
-0.632922
 0.168121
-0.507648
 -1.21911
0.0229374
-0.945684
-0.630555
 0.171168
-0.507867
  -1.2152
0.0498174
-0.937742
-0.647166
  0.17331
 -0.49963
 -1.19346
0.0321672
-0.940913
-0.630708
 0.176819
    -0.52
 -1.21361
0.0434684
-0.936777
-0.632904
  0.17266
-0.515625
 -1.20619
0.0487977
-0.933193
-0.634058
 0.168574
-0.499681
  -1.2011
0.0337527
-0.938706
-0.634161
 0.181162
-0.519976
 -1.21259
0.0287419
-0.944585
-0.639292
 0.169257
-0.499476
 -1.20375
0.0398181
 -0.93916
-0.637196
 0.169734
-0.508588
 -1.20231
0.0483553
-0.939647
-0.637206
  0.17456
-0.505835
 -1.20137
0.0245257
-0.944122
-0.632795
 0.168876
-0.510071
 -1.21445
0.0279756
-0.941347
-0.631703
 0.171132
-0.519507
 -1.21098
0.0245912
-0.936709
-0.639767
 0.167773
-0.522299
 -1.21702
 0.015654
-0.941957
-0.636354
  0.16876
-0.514272
  -1.2212
0.0264443
 -0.94313
-0.636064
 0.175908
-0.509077
 -1.20492
0.0225504
-0.944744
-0.632538
 0.171185
-0.518678
 -1.20273
0.0315786
-0.939921
-0.632612
 0.166836
-0.525201
 -1.20129
0.0349002
-0.936607
-0.641727
 0.165116
-0.506354
 -1.20265
0.0453499
-0.936231
-0.632607
 0.172303
-0.513892
 -1.19019
0.0334731
-0.937949
-0.633104
 0.173956
-0.514358
 -1.21705
0.0262904
 -0.94212
 -0.63078
 0.173131
-0.504813
 -1.21863
0.0305874
-0.943414
-0.631656
 0.173042
-0.521675
 -1.21217
0.0246793
 -0.94507
-0.638127
 0.170689
-0.510574
 -1.20314
0.0333992
   -0.946
-0.634794
 0.177156
-0.509057
 -1.20257
0.0500137
-0.937907
-0.639507
 0.174382
-0.499354
 -1.20087
0.0191711
-0.947417
-0.631307
 0.174137
-0.512911
 -1.19928
0.0449379
-0.934303
-0.640636
 0.169885
 -0.48635
 -1.19443
0.0276881
-0.939313
-0.630736
 0.179326
-0.518023
 -1.21012
0.0335004
 -0.93951
-0.634721
 0.166269
-0.522672
 -1.19443
0.0435806
-0.937465
-0.635934
 0.172756
-0.509398
 -1.19054
0.0266689
 -0.94424
-0.631687
 0.170904
-0.512804
 -1.21472
0.0414306
-0.937902
-0.643926
    0.168
-0.512572
 -1.20368
0.0273234
 -0.94641
 -0.63491
 0.181555
-0.520424
 -1.20848
0.0396136
-0.938531
-0.638272
 0.167335
 -0.50452
 -1.19979
0.0173297
-0.948299
-0.638009
 0.178912
-0.513816
 -1.19908
0.0169607
-0.947043
-0.636186
 0.172369
-0.517265
 -1.22133
0.0451134
-0.943235
 -0.63939
 0.175469
-0.503181
 -1.20493
0.0373541
-0.938164
-0.632507
 0.162839
-0.509625
 -1.19258
0.0186396
-0.944404
-0.627343
 0.173388
  -0.4996
 -1.21688
0.0330546
-0.945185
-0.641515
 0.174837
-0.510484
 -1.20401
0.0263882
-0.943154
-0.638071
  0.17476
-0.503864
 -1.19354
0.0346095
-0.942796
-0.630409
  0.17182
-0.511379
 -1.20365
0.0400577
-0.940242
-0.634787
 0.167623
-0.505943
 -1.19619
0.0337932
-0.939914
-0.633845
 0.169817
-0.514428
 -1.20419
0.0284941
-0.943112
-0.632732
 0.173135
-0.510132
 -1.20758
0.0245076
 -0.94424
-0.632597
  0.17081
-0.517473
 -1.20506
 0.037168
-0.944864
-0.630547
 0.168718
-0.511069
 -1.21638
0.0268721
-0.945362
-0.629048
 0.169766
-0.513658
 -1.19703
0.0354984
-0.939078
 -0.63724
  0.16472
-0.516905
  -1.2083
0.0418674
-0.939082
-0.633916
 0.165996
 -0.50588
 -1.20737
0.0280705
-0.941537
  -0.6362
 0.174771
-0.516371
 -1.21095
0.0501415
-0.938312
-0.631735
 0.174304
-0.511527
 -1.20562
0.0242097
-0.942466
-0.634116
 0.175711
-0.520244
 -1.22006
0.0163192
-0.944677
-0.630423
 0.165977
-0.509155
  -1.2093
0.0318017
-0.940431
-0.634055
 0.165177
-0.513296
 -1.21798
0.0305942
-0.943813
-0.640612
 0.171279
-0.513681
 -1.21446
 0.036161
-0.940663
-0.634081
  0.17211
-0.512776
 -1.21634
0.0199373
-0.941548
-0.635348
 0.179452
-0.517513
 -1.22146
0.0290742
 -0.94556
-0.630489
 0.170616
-0.511961
 -1.21342
 0.019775
-0.949755
-0.639218
 0.178413
-0.512177
 -1.20692
0.0402636
-0.940929
-0.635986
 0.168858
-0.505194
 -1.20108
0.0187028
-0.944854
-0.631906
 0.175866
-0.509171
 -1.22336
0.0272658
-0.946775
-0.633638
 0.171077
-0.507203
 -1.20461
0.0209754
-0.945882
-0.630746
 0.166728
-0.490266
 -1.22488
0.0146383
 -0.94623
-0.625853
 0.165396
-0.512803
 -1.20765
0.0384918
-0.942058
-0.634754
  0.17164
-0.510346
 -1.19669
0.0340296
-0.939874
-0.638365
 0.179613
-0.501447
 -1.19988
0.0280643
-0.941194
-0.629517
 0.175371
-0.519549
 -1.21104
0.0426708
 -0.93445
-0.637144
 0.165953
-0.510772
 -1.19348
0.0366012
-0.934285
-0.635037
 0.168822
-0.499061
 -1.19554
0.0466625
-0.941591
-0.641502
 0.172222
-0.501359
 -1.19741
 0.023202
-0.947134
 -0.63258
 0.170582
 -0.51077
  -1.2088
0.0470472
-0.934038
-0.640801
 0.177389
-0.499571
 -1.20093
0.0414789
-0.938016
-0.636003
 0.164086
-0.509163
 -1.19971
0.0296166
-0.939248
-0.639523
  0.17816
-0.512322
 -1.20317
0.0271365
-0.946204
 -0.63041
 0.172915
-0.520833
 -1.21087
0.00997594
  -0.94378
 -0.632559
  0.174625
 -0.513832
  -1.19868
0.0187402
-0.945426
-0.630473
 0.173283
 -0.50998
 -1.20992
0.0328145
-0.934685
-0.632137
 0.179472
-0.513587
 -1.21553
0.0208786
-0.937326
-0.627424
 0.170201
-0.509959
 -1.21114
0.0295846
-0.940516
-0.636923
 0.164897
-0.516512
 -1.19454
 0.023093
-0.938235
-0.637565
 0.174106
-0.519082
 -1.21781
0.00893329
 -0.947398
 -0.631682
  0.177746
 -0.515357
  -1.21629
0.0356377
-0.938736
-0.635029
 0.171079
-0.508126
 -1.20404
0.0178301
-0.942609
-0.635689
 0.171103
-0.511314
 -1.18752
0.0185567
-0.944992
-0.631484
 0.173771
-0.517333
 -1.20477
0.0268356
-0.944918
-0.630371
 0.174278
-0.520384
 -1.20567
0.0351323
-0.945269
-0.630175
 0.168151
-0.507995
 -1.19812
 0.026264
-0.943271
 -0.63824
 0.166671
-0.506315
 -1.20721
0.0297215
-0.939921
-0.634925
   0.1674
-0.492674
 -1.19989
0.0352467
-0.937554
-0.634892
 0.169368
-0.512465
  -1.1964
0.0168772
-0.946588
-0.631526
 0.169898
-0.507569
 -1.21027
0.0265737
-0.943589
-0.630565
 0.174668
-0.516433
 -1.21203
0.0301565
-0.942092
-0.631438
 0.169413
-0.518231
 -1.20017
0.0324712
-0.942976
-0.635912
 0.170358
-0.510301
 -1.20092
0.0285309
-0.943084
-0.630627
  0.17429
-0.515224
 -1.21437
0.0286347
-0.943804
-0.641653
  0.18022
-0.520197
 -1.20705
0.0119322
-0.943087
-0.632777
 0.171357
-0.501331
 -1.20822
0.0259801
-0.941891
-0.633732
 0.170357
-0.515642
 -1.20185
0.0340465
-0.940184
 -0.63056
 0.173573
-0.506985
 -1.20482
0.0108181
-0.947485
-0.632507
 0.168625
-0.507261
 -1.20533
 0.040262
-0.940878
-0.633703
 0.170024
-0.510022
  -1.1987
0.0247113
-0.944347
-0.634951
 0.179647
-0.518266
 -1.20728
0.0291086
-0.945606
-0.632491
 0.174468
-0.509487
 -1.19968
0.0188989
-0.946467
-0.636206
 0.171035
-0.512166
 -1.22148
0.0160386
-0.943528
-0.630365
 0.169263
-0.516371
 -1.20388
0.0308336
-0.944429
-0.641588
 0.176568
-0.511515
 -1.20564
0.0302007
-0.942394
-0.638349
  0.16784
-0.511555
 -1.21165
0.0281372
-0.941259
-0.631699
 0.179216
-0.517337
 -1.20646
0.0146981
-0.946567
-0.634679
 0.167681
-0.503519
  -1.2008
0.0463212
-0.939919
-0.632774
 0.170334
-0.506568
 -1.20604
0.0104286
-0.946293
  -0.6347
 0.164785
-0.503015
 -1.20247
 0.037127
-0.936342
-0.633978
 0.171785
-0.511247
 -1.20304
0.0249017
-0.945666
-0.634851
 0.174251
 -0.51961
 -1.20786
0.0210349
 -0.93839
-0.634983
 0.171816
-0.509404
  -1.1998
0.0198437
-0.942018
 -0.63379
 0.170912
-0.511559
 -1.20363
0.00593113
 -0.944077
 -0.633973
  0.171033
 -0.505181
  -1.21463
0.0277847
-0.940034
-0.631792
  0.17653
-0.518175
 -1.21039
 0.026293
-0.942377
-0.630563
  0.17699
-0.519881
 -1.20901
0.0326578
-0.943579
-0.639406
 0.168507
-0.497069
 -1.20841
0.0279958
-0.942018
-0.634732
 0.166227
-0.510549
 -1.19769
0.0271945
-0.946426
 -0.63701
   0.1754
-0.512608
 -1.20405
0.0221908
-0.942694
 -0.63399
 0.172247
 -0.50601
 -1.21359
0.0148617
-0.947002
-0.631246
 0.169326
-0.504624
 -1.19659
0.0168706
-0.945768
 -0.63056
 0.175771
-0.502641
 -1.21243
0.0243087
-0.943893
-0.640403
 0.166849
-0.506468
 -1.20485
0.0337649
-0.938909
 -0.63061
 0.174931
-0.506667
  -1.2042
0.0133129
-0.948701
-0.631411
  0.17141
-0.501626
 -1.20648
0.0407618
-0.934053
-0.634155
 0.172389
-0.508508
 -1.20708
 0.034574
-0.934961
-0.637242
 0.164959
-0.500373
 -1.19773
0.0359663
-0.939245
-0.636107
 0.179442
-0.501169
 -1.19765
0.0171575
-0.947399
-0.634858
 0.175941
 -0.50837
 -1.20818
0.0158924
-0.950499
-0.634866
 0.178596
-0.513219
 -1.21388
0.00904338
 -0.948426
 -0.631432
  0.168515
 -0.501121
  -1.20815
0.0225707
-0.944802
 -0.63723
 0.167892
-0.505412
 -1.21446
0.0302079
-0.941364
-0.630687
 0.176236
-0.517461
 -1.21368
0.0167742
-0.946435
-0.635016
 0.172096
 -0.52192
 -1.21861
0.0246721
-0.944731
-0.631439
 0.171292
-0.513761
 -1.20322
0.0221123
-0.942539
-0.631405
 0.172467
-0.506542
 -1.19529
0.0199515
-0.949848
-0.631521
 0.178527
-0.508007
 -1.21215
0.0409616
 -0.93452
 -0.63506
 0.175758
-0.498547
  -1.1939
0.0405186
-0.940784
-0.631874
 0.179246
-0.513321
 -1.21473
0.0237246
-0.941691
-0.632473
 0.164496
-0.514867
 -1.19699
0.0396694
-0.939169
-0.639202
 0.163585
-0.500645
  -1.1933
0.0301356
-0.941957
-0.631451
 0.167491
-0.510574
 -1.20039
0.0303957
-0.942039
-0.631798
 0.177476
-0.516578
 -1.21399
0.0199506
-0.941872
  -0.6317
 0.175147
-0.511725
 -1.20827
0.0177533
-0.942369
-0.631326
 0.166497
-0.510827
 -1.19453
0.0411774
-0.944242
-0.639168
  0.17623
-0.505478
 -1.19568
0.0199754
 -0.94284
-0.636808
 0.172931
-0.512988
 -1.18776
0.0294321
-0.947134
-0.637072
 0.172702
-0.507953
  -1.2094
0.0344215
-0.942064
-0.629343
 0.169618
-0.508506
 -1.20574
0.0293557
-0.946966
-0.630327
 0.171187
-0.519815
 -1.20923
0.0235428
-0.948217
  -0.6383
 0.178339
-0.518436
 -1.21563
0.0248802
-0.945541
-0.632533
 0.174456
-0.520539
  -1.2033
 0.026485
 -0.94381
 -0.63269
 0.171394
-0.520167
 -1.20957
0.0296888
-0.947641
-0.635913
 0.178185
-0.506973
  -1.2052
0.0243206
-0.943559
-0.633811
 0.167443
-0.509777
 -1.20952
0.0395147
-0.937694
-0.637305
 0.168208
 -0.49686
 -1.20431
0.0227536
-0.945247
-0.633886
 0.169533
-0.506649
 -1.21483
0.0161296
-0.943477
-0.632743
 0.171174
 -0.50676
 -1.20869
0.0147318
-0.946358
-0.630403
 0.168072
-0.505902
 -1.21003
0.0292889
-0.945937
 -0.62692
 0.176308
-0.511782
 -1.20008
0.00921468
 -0.948801
 -0.631523
  0.178318
 -0.523207
  -1.21209
0.0133155
-0.949355
-0.627868
 0.166902
-0.512441
 -1.20197
0.0108191
-0.947073
-0.638169
 0.174861
 -0.50292
 -1.20501
0.0310803
-0.945915
-0.645811
  0.17482
-0.509455
 -1.19703
 0.030323
-0.942632
-0.632561
 0.168731
-0.509693
 -1.20071
0.0317428
-0.947375
-0.642756
 0.180283
-0.497798
 -1.20988
0.0166695
-0.945852
-0.628043
 0.169828
-0.513148
   -1.203
0.0201528
-0.944304
-0.636966
 0.164442
-0.519648
 -1.20423
0.0356971
-0.938945
 -0.63747
  0.17183
 -0.51123
 -1.21535
0.0150653
-0.939586
 -0.63273
 0.165252
-0.500064
 -1.20241
0.0114692
-0.949944
-0.630169
 0.171112
-0.511698
 -1.20423
0.0204249
-0.944645
-0.633723
 0.169157
-0.516093
 -1.20704
0.0300314
-0.941678
-0.635046
  0.16776
-0.517395
 -1.21355
0.0155421
-0.949453
-0.637134
 0.176675
-0.516764
 -1.21538
0.00164678
 -0.952073
 -0.635795
  0.174217
 -0.511062
  -1.20836
0.0198611
 -0.94149
-0.639648
 0.175216
 -0.49982
 -1.21269
0.0319931
-0.940091
-0.631658
 0.176549
-0.506996
 -1.20218
0.0220658
-0.951347
-0.630041
 0.167092
-0.513869
 -1.20376
0.0124557
-0.945683
-0.632439
 0.169615
-0.505473
 -1.19788
0.0400595
-0.940425
-0.636954
 0.168389
-0.508658
 -1.19375
0.0295269
-0.931422
 -0.64421
 0.168415
-0.507425
   -1.204
0.0336669
-0.939038
-0.640835
 0.175564
-0.514076
 -1.21486
0.0226067
-0.944378
-0.636129
 0.179539
-0.523329
 -1.21137
0.0192147
-0.948264
-0.632441
 0.168258
-0.518117
 -1.20628
0.0405072
-0.933788
-0.643925
  0.16824
-0.496044
  -1.1931
0.0336952
-0.939743
-0.633495
 0.167913
-0.506252
 -1.18608
0.0243157
-0.943467
 -0.63341
 0.171505
-0.508095
 -1.18664
0.0199548
 -0.94258
-0.630436
 0.169474
-0.517717
 -1.20614
0.0346445
-0.942231
-0.634071
 0.177285
-0.504603
 -1.21491
0.0202211
-0.944075
-0.634749
 0.167722
-0.515786
 -1.20211
0.0248965
-0.945374
-0.630447
 0.173687
-0.517966
 -1.21032
0.0260092
-0.940976
-0.630717
  0.17642
-0.512036
  -1.2132
0.0416451
-0.938208
-0.642737
 0.170603
-0.500048
 -1.19751
0.0341998
  -0.9416
-0.632506
 0.167987
 -0.50701
  -1.1962
0.00921354
   -0.9482
 -0.637343
  0.181662
 -0.507573
  -1.21898
0.0198193
-0.941303
-0.634962
  0.17659
 -0.50544
 -1.20118
0.0175325
-0.949216
-0.633694
 0.171021
-0.506127
 -1.21151
0.0235371
-0.948528
-0.634567
 0.174037
-0.512512
 -1.19785
 0.029104
-0.944964
-0.633699
 0.181105
-0.507264
 -1.19941
  0.02309
-0.946152
-0.643926
  0.17613
 -0.49169
 -1.21074
0.0127743
-0.946928
-0.630287
 0.169413
-0.510878
 -1.20529
0.0291841
-0.945586
-0.632899
 0.173487
-0.506253
 -1.22041
0.0341597
-0.941464
  -0.6301
 0.168197
-0.507805
 -1.18707
0.0186419
-0.944577
-0.631841
 0.172026
-0.493729
 -1.21922
0.0369664
-0.936669
-0.644917
 0.162909
-0.491398
 -1.19414
0.0265621
-0.943438
-0.638712
 0.177611
 -0.51635
 -1.22757
0.0164071
 -0.94411
-0.633901
 0.176453
-0.504854
 -1.20904
0.0189673
-0.946905
-0.634603
  0.17154
-0.507792
 -1.19673
0.0171219
-0.947557
-0.636852
 0.176715
-0.510814
 -1.19658
0.0246088
-0.943932
-0.632483
 0.176015
-0.503614
 -1.19401
0.0274732
-0.947661
-0.632345
 0.177334
-0.526339
 -1.19751
0.0229838
-0.946901
-0.640194
 0.168553
-0.507161
 -1.19921
0.0212538
-0.948091
-0.637262
 0.168427
-0.519081
 -1.22448
0.0190026
-0.946345
 -0.63594
 0.179131
-0.509594
 -1.20322
 0.021726
-0.948898
-0.634924
 0.176511
-0.505564
 -1.21411
0.00875118
 -0.947411
 -0.633967
   0.16658
 -0.505061
  -1.22339
0.0358959
-0.939413
-0.638375
   0.1752
-0.501269
 -1.20217
0.0230901
-0.946703
-0.635823
  0.17395
-0.512149
 -1.20148
 0.045721
-0.937463
-0.634923
 0.172859
-0.504612
 -1.19561
0.0309207
-0.936701
-0.636252
 0.169062
-0.511027
 -1.20693
    0.039
-0.944137
-0.640546
 0.169187
-0.500406
 -1.21153
0.00605315
 -0.945202
 -0.644085
  0.166468
  -0.49746
  -1.22178
0.0155693
-0.941113
-0.632688
 0.176781
-0.517417
 -1.20025
0.0303712
 -0.94233
-0.630306
 0.171052
-0.501936
 -1.19641
0.0311703
-0.938292
-0.645034
 0.164986
 -0.49932
 -1.20307
0.0288051
-0.943541
-0.629608
 0.178806
-0.510614
 -1.21714
0.0169725
-0.946903
-0.635919
 0.175465
-0.511961
 -1.20544
0.0311993
-0.945723
-0.631567
 0.171486
-0.509745
 -1.21148
0.0272286
 -0.94628
 -0.63268
 0.176755
-0.518755
 -1.21087
0.0119157
-0.942642
-0.636522
 0.173737
-0.499602
 -1.22621
0.0210703
-0.938296
-0.632933
 0.172007
-0.510729
 -1.20899
0.00473985
 -0.948436
 -0.633343
  0.168321
 -0.510588
  -1.19342
0.0263823
-0.942866
-0.633661
 0.174199
-0.502228
   -1.196
