    -1.76392
     1.82738
-0.000242741
   -0.928872
    -1.98633
     1.42543
   -0.317405
    -1.76392
     1.82738
-0.000242621
   -0.928872
    -1.98633
     1.42543
   -0.317405
   -1.76392
    1.82738
-0.00024292
  -0.928872
   -1.98633
    1.42543
  -0.317406
    -1.76392
     1.82738
-0.000241842
   -0.928874
    -1.98633
     1.42543
   -0.317405
   -1.76392
    1.82738
-0.00024346
  -0.928873
   -1.98633
    1.42543
  -0.317406
    -1.76392
     1.82738
-0.000242381
   -0.928874
    -1.98633
     1.42543
   -0.317406
    -1.76392
     1.82738
-0.000241602
   -0.928874
    -1.98633
     1.42543
   -0.317405
   -1.76392
    1.82738
-0.00024346
  -0.928876
   -1.98633
    1.42543
  -0.317406
    -1.76391
     1.82738
-0.000237108
   -0.928875
    -1.98633
     1.42543
   -0.317406
   -1.76391
    1.82738
-0.00023579
  -0.928879
   -1.98633
    1.42543
  -0.317406
    -1.76391
      1.8274
-0.000232913
   -0.928896
    -1.98633
     1.42543
   -0.317406
    -1.76391
     1.82738
-0.000221468
    -0.92888
    -1.98634
     1.42544
   -0.317406
    -1.76391
     1.82735
-0.000200556
   -0.928853
    -1.98634
     1.42544
   -0.317406
    -1.76391
     1.82737
-0.000160169
   -0.928892
    -1.98634
     1.42543
   -0.317406
    -1.76391
      1.8274
-0.000104802
   -0.928936
    -1.98634
     1.42544
   -0.317407
     -1.7639
     1.82737
-4.14654e-05
   -0.928909
    -1.98635
     1.42545
   -0.317408
    -1.7639
    1.82738
3.04998e-05
  -0.928945
   -1.98636
    1.42546
  -0.317409
   -1.7639
   1.82738
0.00012122
 -0.928936
  -1.98638
   1.42547
 -0.317414
   -1.76389
    1.82738
0.000217753
  -0.928944
   -1.98641
    1.42552
  -0.317427
   -1.76389
    1.82738
0.000316803
  -0.928957
   -1.98647
    1.42559
  -0.317444
   -1.76389
    1.82738
0.000424421
  -0.928972
   -1.98653
    1.42568
  -0.317473
   -1.76389
    1.82738
0.000533418
  -0.928982
    -1.9866
    1.42579
  -0.317516
   -1.76388
    1.82738
0.000646849
  -0.928988
   -1.98667
     1.4259
  -0.317562
   -1.76388
    1.82738
0.000758122
  -0.929008
   -1.98675
      1.426
  -0.317605
   -1.76387
    1.82738
0.000875927
  -0.929008
   -1.98683
    1.42611
  -0.317642
   -1.76387
    1.82738
0.000991515
   -0.92903
   -1.98691
    1.42625
  -0.317684
 -1.76387
  1.82738
 0.001108
-0.929047
 -1.98699
  1.42637
-0.317722
  -1.76387
   1.82738
0.00121928
 -0.929073
  -1.98706
   1.42648
 -0.317755
  -1.76386
   1.82733
0.00133001
 -0.929044
  -1.98713
   1.42657
 -0.317792
  -1.76386
   1.82732
0.00143943
 -0.929062
  -1.98722
   1.42664
  -0.31783
 -1.76386
  1.82737
 0.001551
-0.929182
 -1.98729
  1.42669
 -0.31787
  -1.76385
   1.82738
0.00166359
  -0.92926
  -1.98736
   1.42678
 -0.317908
  -1.76385
   1.82734
0.00176941
  -0.92932
  -1.98745
   1.42696
 -0.317945
  -1.76384
   1.82733
0.00187745
 -0.929393
  -1.98754
   1.42709
 -0.317972
 -1.76384
  1.82733
0.0019919
-0.929474
 -1.98761
   1.4272
-0.317989
  -1.76384
   1.82733
0.00212265
 -0.929549
  -1.98768
    1.4273
 -0.318005
  -1.76384
   1.82732
0.00226706
 -0.929627
  -1.98777
    1.4274
 -0.318022
  -1.76384
   1.82732
0.00242423
 -0.929691
  -1.98785
   1.42753
 -0.318042
  -1.76384
   1.82728
0.00259524
 -0.929715
  -1.98794
   1.42768
 -0.318062
  -1.76381
    1.8272
0.00279083
 -0.929722
  -1.98802
   1.42782
 -0.318083
  -1.76377
   1.82725
0.00301247
 -0.929873
   -1.9881
   1.42796
 -0.318107
   -1.7638
   1.82726
0.00318577
 -0.929974
  -1.98817
   1.42812
 -0.318134
   -1.7638
   1.82718
0.00337685
 -0.929968
  -1.98825
   1.42827
 -0.318167
  -1.76376
   1.82717
0.00360072
 -0.930003
  -1.98833
    1.4284
 -0.318203
  -1.76375
   1.82714
0.00381098
 -0.929984
  -1.98843
   1.42853
 -0.318241
  -1.76374
   1.82712
0.00400723
 -0.930001
  -1.98852
   1.42868
 -0.318281
  -1.76371
   1.82703
0.00420371
 -0.929946
  -1.98863
   1.42881
 -0.318317
   -1.7637
   1.82694
0.00440516
 -0.929941
  -1.98874
   1.42893
 -0.318356
  -1.76369
   1.82696
0.00461794
 -0.930011
  -1.98885
   1.42906
 -0.318394
  -1.76368
   1.82695
0.00482725
 -0.930022
  -1.98896
   1.42925
 -0.318434
 -1.76366
  1.82688
0.0050317
-0.929983
 -1.98908
  1.42944
-0.318475
  -1.76364
   1.82686
0.00525179
 -0.929983
  -1.98919
   1.42965
 -0.318516
  -1.76363
   1.82678
0.00547841
 -0.929938
  -1.98931
   1.42988
 -0.318556
  -1.76361
   1.82667
0.00569814
 -0.929934
  -1.98944
   1.43011
 -0.318591
   -1.7636
   1.82664
0.00591356
 -0.930074
  -1.98956
    1.4303
 -0.318622
  -1.76359
   1.82658
0.00613173
 -0.930193
  -1.98969
   1.43049
 -0.318651
  -1.76358
   1.82648
0.00634385
 -0.930241
  -1.98983
    1.4307
 -0.318676
  -1.76357
    1.8264
0.00655783
 -0.930334
  -1.98998
   1.43089
 -0.318694
  -1.76356
   1.82633
0.00677684
 -0.930376
  -1.99012
   1.43106
 -0.318716
 -1.76351
  1.82624
0.0070197
-0.930392
 -1.99028
  1.43125
-0.318738
  -1.76346
   1.82613
0.00726322
 -0.930426
  -1.99044
   1.43146
 -0.318761
  -1.76348
   1.82616
0.00746114
   -0.9306
  -1.99057
   1.43168
 -0.318786
  -1.76346
   1.82615
0.00769621
 -0.930738
  -1.99072
    1.4319
 -0.318809
  -1.76342
   1.82607
0.00798359
 -0.930819
  -1.99089
   1.43214
 -0.318835
  -1.76341
   1.82599
0.00825521
 -0.930896
  -1.99104
   1.43238
 -0.318888
   -1.7634
   1.82589
0.00852474
  -0.93101
   -1.9912
   1.43259
  -0.31896
 -1.76338
  1.82592
0.0088002
-0.931225
 -1.99135
  1.43276
-0.319035
 -1.76337
  1.82592
0.0090738
-0.931391
  -1.9915
  1.43293
-0.319108
  -1.76335
   1.82586
0.00935171
 -0.931415
  -1.99166
   1.43314
 -0.319177
  -1.76334
   1.82584
0.00964766
  -0.93144
  -1.99182
   1.43336
 -0.319243
  -1.76333
   1.82578
0.00996153
  -0.93143
  -1.99198
   1.43358
 -0.319309
 -1.76332
  1.82585
0.0102764
-0.931591
 -1.99214
  1.43383
-0.319372
 -1.76331
  1.82589
0.0105806
-0.931714
  -1.9923
  1.43409
-0.319438
  -1.7633
  1.82589
0.0108734
-0.931724
 -1.99246
  1.43437
-0.319506
 -1.76325
  1.82587
 0.011197
-0.931713
 -1.99262
   1.4346
-0.319571
 -1.76317
  1.82587
0.0115153
-0.931664
  -1.9928
  1.43479
-0.319642
 -1.76319
  1.82596
0.0117914
-0.931735
 -1.99294
  1.43499
 -0.31971
 -1.76319
  1.82598
 0.012097
-0.931727
 -1.99308
  1.43524
 -0.31978
 -1.76317
  1.82595
 0.012473
-0.931715
 -1.99325
  1.43553
-0.319852
 -1.76317
  1.82591
 0.012825
-0.931701
 -1.99342
  1.43583
-0.319921
 -1.76317
  1.82584
0.0131642
-0.931712
  -1.9936
  1.43615
 -0.31999
 -1.76317
  1.82589
0.0135145
-0.931878
 -1.99375
  1.43645
 -0.32005
 -1.76317
   1.8259
0.0138688
-0.932035
 -1.99394
  1.43671
-0.320105
 -1.76317
  1.82582
0.0142256
-0.932077
 -1.99415
  1.43695
 -0.32016
 -1.76317
  1.82574
0.0145841
-0.932116
 -1.99437
   1.4372
 -0.32022
 -1.76317
  1.82562
0.0149382
-0.932146
  -1.9946
  1.43749
-0.320282
 -1.76317
  1.82565
0.0152914
-0.932342
 -1.99483
  1.43779
-0.320347
 -1.76317
  1.82562
0.0156371
 -0.93252
 -1.99506
   1.4381
-0.320418
 -1.76314
  1.82547
0.0160073
-0.932597
 -1.99529
   1.4384
-0.320491
 -1.76311
  1.82535
0.0163915
-0.932738
 -1.99551
  1.43865
-0.320563
 -1.76314
  1.82535
0.0167216
-0.932955
 -1.99572
  1.43889
-0.320633
 -1.76314
  1.82533
0.0170671
-0.933138
 -1.99593
  1.43915
-0.320694
 -1.76309
  1.82523
0.0174383
-0.933174
 -1.99614
  1.43949
-0.320752
 -1.76308
  1.82515
0.0177959
-0.933207
 -1.99634
  1.43985
-0.320805
 -1.76306
  1.82507
0.0181607
-0.933199
 -1.99655
  1.44024
-0.320849
 -1.76304
  1.82509
0.0185507
-0.933314
 -1.99673
   1.4406
-0.320889
 -1.76302
  1.82506
0.0189308
-0.933355
 -1.99692
  1.44088
-0.320925
 -1.76299
  1.82493
0.0193008
-0.933314
 -1.99713
  1.44117
-0.320965
 -1.76298
  1.82486
0.0196711
-0.933353
 -1.99734
  1.44146
-0.321011
 -1.76296
  1.82485
0.0200678
-0.933489
 -1.99755
  1.44177
-0.321067
 -1.76291
  1.82479
0.0205064
-0.933621
 -1.99777
  1.44213
-0.321145
 -1.76284
  1.82464
0.0209515
-0.933677
 -1.99801
  1.44251
-0.321244
 -1.76287
  1.82455
0.0213323
-0.933788
 -1.99825
  1.44283
-0.321347
 -1.76286
  1.82456
0.0217402
-0.933985
 -1.99848
  1.44311
-0.321454
 -1.76283
  1.82451
0.0221904
-0.934114
 -1.99871
  1.44343
-0.321556
 -1.76282
  1.82445
0.0226187
-0.934219
 -1.99894
  1.44376
 -0.32166
 -1.76282
  1.82437
0.0230539
-0.934312
 -1.99919
  1.44411
-0.321771
 -1.76281
  1.82427
0.0234929
  -0.9344
  -1.9994
  1.44445
-0.321887
 -1.76281
   1.8243
0.0239278
-0.934582
 -1.99962
  1.44475
-0.321994
 -1.76281
  1.82431
0.0243519
-0.934773
 -1.99984
  1.44508
-0.322086
  -1.7628
  1.82423
0.0247771
 -0.93477
 -2.00007
  1.44546
-0.322166
  -1.7628
  1.82422
0.0252201
-0.934841
 -2.00027
  1.44586
 -0.32224
  -1.7628
  1.82427
0.0256603
-0.934985
 -2.00048
  1.44624
-0.322311
 -1.76277
  1.82425
0.0261115
-0.935091
 -2.00071
  1.44662
-0.322381
 -1.76273
  1.82415
0.0265436
-0.935119
 -2.00096
  1.44701
-0.322451
 -1.76275
  1.82408
0.0269425
-0.935165
 -2.00121
  1.44739
-0.322527
 -1.76274
  1.82411
0.0273841
-0.935287
 -2.00147
  1.44776
-0.322607
  -1.7627
  1.82407
0.0278533
-0.935337
 -2.00175
  1.44814
-0.322684
 -1.76268
  1.82396
0.0282825
-0.935338
 -2.00201
  1.44854
-0.322758
 -1.76265
  1.82387
0.0287247
-0.935379
 -2.00227
  1.44892
-0.322828
 -1.76263
  1.82386
0.0291927
-0.935525
 -2.00254
  1.44928
-0.322893
 -1.76261
   1.8238
0.0296707
-0.935634
  -2.0028
  1.44967
-0.322959
 -1.76259
  1.82365
0.0301417
-0.935655
 -2.00304
   1.4501
-0.323027
 -1.76257
  1.82355
0.0306092
-0.935745
 -2.00328
  1.45048
 -0.32309
 -1.76254
  1.82356
0.0310985
-0.935913
 -2.00352
  1.45078
-0.323152
 -1.76249
  1.82353
0.0316154
-0.936054
 -2.00379
  1.45113
-0.323241
  -1.7624
  1.82346
0.0321284
-0.936162
 -2.00408
  1.45153
-0.323356
 -1.76242
  1.82338
0.0325788
-0.936257
 -2.00435
  1.45195
-0.323488
 -1.76242
  1.82328
0.0330492
-0.936384
 -2.00465
  1.45233
-0.323622
  -1.7624
  1.82332
0.0335722
-0.936598
 -2.00495
  1.45267
-0.323765
  -1.7624
  1.82332
0.0340896
-0.936763
 -2.00524
  1.45302
-0.323905
 -1.76239
  1.82325
0.0345843
-0.936782
 -2.00555
  1.45345
 -0.32404
 -1.76239
  1.82322
0.0350765
-0.936812
 -2.00585
  1.45387
-0.324171
  -1.7624
  1.82328
 0.035579
-0.936944
 -2.00613
  1.45424
-0.324267
 -1.76239
  1.82326
0.0360915
-0.937006
  -2.0064
  1.45459
-0.324346
 -1.76239
  1.82318
0.0365921
 -0.93701
 -2.00668
  1.45498
-0.324426
 -1.76239
  1.82313
0.0370924
-0.937079
 -2.00697
  1.45538
-0.324509
  -1.7624
  1.82316
0.0375988
-0.937252
 -2.00726
  1.45578
-0.324588
 -1.76236
  1.82314
0.0381245
-0.937399
 -2.00754
  1.45618
-0.324659
 -1.76233
  1.82306
0.0386368
-0.937525
 -2.00781
  1.45656
-0.324732
 -1.76238
  1.82294
0.0390913
-0.937609
  -2.0081
  1.45696
 -0.32481
 -1.76236
  1.82289
0.0396031
-0.937769
 -2.00839
  1.45742
-0.324888
 -1.76235
   1.8229
0.0401295
-0.937974
 -2.00869
  1.45791
-0.324978
 -1.76235
  1.82282
0.0406354
-0.938087
 -2.00898
  1.45833
-0.325067
 -1.76235
  1.82277
0.0411384
-0.938178
 -2.00927
  1.45872
 -0.32515
 -1.76235
  1.82268
0.0416482
-0.938202
 -2.00956
  1.45913
-0.325227
 -1.76235
  1.82264
0.0421721
-0.938293
 -2.00984
  1.45958
-0.325321
 -1.76235
  1.82266
0.0427058
-0.938483
 -2.01011
  1.46005
-0.325438
 -1.76235
  1.82259
0.0432394
-0.938586
 -2.01037
  1.46046
-0.325576
 -1.76235
  1.82248
0.0437711
-0.938618
 -2.01067
  1.46087
-0.325725
 -1.76235
  1.82242
0.0443196
-0.938704
 -2.01095
  1.46129
-0.325873
 -1.76235
  1.82243
0.0448828
-0.938872
 -2.01124
  1.46172
-0.326018
 -1.76231
  1.82237
0.0454547
-0.938963
 -2.01154
  1.46219
-0.326167
 -1.76228
   1.8223
0.0460057
-0.939035
 -2.01183
  1.46261
-0.326312
 -1.76232
  1.82219
0.0465062
 -0.93906
 -2.01213
  1.46302
-0.326429
  -1.7623
  1.82212
0.0470663
-0.939155
 -2.01243
  1.46345
 -0.32652
 -1.76228
  1.82216
0.0476405
-0.939373
 -2.01272
  1.46388
  -0.3266
 -1.76229
  1.82211
0.0481834
-0.939498
 -2.01303
  1.46434
-0.326678
 -1.76228
  1.82208
0.0487191
-0.939632
 -2.01335
   1.4648
-0.326751
 -1.76228
  1.82202
0.0492765
-0.939715
 -2.01365
  1.46526
-0.326823
 -1.76228
  1.82193
  0.04984
-0.939826
 -2.01396
  1.46574
-0.326905
 -1.76228
  1.82196
0.0503877
-0.940064
 -2.01427
  1.46619
-0.326994
 -1.76228
  1.82195
0.0509333
-0.940255
 -2.01456
  1.46664
-0.327089
 -1.76228
  1.82193
0.0514946
-0.940345
 -2.01486
   1.4671
 -0.32719
 -1.76228
  1.82193
0.0520538
-0.940427
 -2.01515
  1.46757
-0.327321
 -1.76228
   1.8219
0.0526028
-0.940445
 -2.01547
  1.46802
-0.327453
 -1.76228
  1.82187
0.0531518
 -0.94048
 -2.01577
  1.46848
 -0.32758
 -1.76223
  1.82192
0.0537396
-0.940612
 -2.01608
  1.46893
-0.327718
 -1.76217
  1.82191
0.0543076
-0.940678
 -2.01641
  1.46942
-0.327862
 -1.76218
  1.82185
 0.054807
-0.940685
 -2.01674
  1.46992
 -0.32801
 -1.76217
  1.82184
 0.055345
-0.940749
 -2.01706
   1.4704
-0.328162
 -1.76212
  1.82176
0.0559629
-0.940752
 -2.01739
  1.47085
-0.328309
 -1.76211
  1.82169
0.0565578
-0.940784
 -2.01771
  1.47133
-0.328452
  -1.7621
  1.82169
0.0571373
-0.940953
 -2.01805
  1.47178
-0.328571
 -1.76209
  1.82164
0.0577241
  -0.9411
 -2.01839
  1.47219
-0.328667
 -1.76207
  1.82155
0.0583163
-0.941139
 -2.01872
   1.4726
-0.328757
 -1.76206
  1.82151
0.0589018
 -0.94126
 -2.01904
  1.47308
-0.328845
 -1.76205
  1.82141
0.0594865
-0.941288
 -2.01937
  1.47356
-0.328934
 -1.76203
   1.8213
0.0600733
-0.941338
 -2.01971
  1.47401
-0.329025
 -1.76203
  1.82133
0.0606552
-0.941566
 -2.02005
  1.47443
-0.329121
 -1.76202
  1.82132
0.0612324
-0.941776
 -2.02038
  1.47485
-0.329228
 -1.76201
  1.82129
0.0618073
-0.941855
  -2.0207
  1.47535
-0.329344
   -1.762
  1.82129
0.0623951
-0.941975
 -2.02103
  1.47582
-0.329462
   -1.762
  1.82129
0.0629744
-0.942062
 -2.02137
  1.47624
-0.329579
   -1.762
  1.82125
0.0635537
-0.942121
 -2.02169
  1.47667
-0.329698
 -1.76199
   1.8212
0.0641386
-0.942222
   -2.022
  1.47713
-0.329811
 -1.76193
  1.82126
0.0647554
-0.942474
 -2.02234
   1.4776
-0.329935
 -1.76191
  1.82124
0.0653327
-0.942648
 -2.02268
  1.47806
 -0.33007
 -1.76194
  1.82123
 0.065856
-0.942805
   -2.023
  1.47849
-0.330206
 -1.76193
  1.82123
0.0664308
 -0.94296
 -2.02332
  1.47895
-0.330338
  -1.7619
  1.82124
0.0670423
-0.943113
 -2.02366
  1.47945
-0.330466
 -1.76191
  1.82123
0.0676179
-0.943247
 -2.02399
  1.47997
-0.330586
 -1.76191
  1.82124
0.0681847
-0.943404
 -2.02431
  1.48041
-0.330697
 -1.76191
  1.82119
0.0687633
-0.943461
 -2.02463
  1.48085
-0.330798
 -1.76191
  1.82117
0.0693546
-0.943521
 -2.02495
  1.48134
-0.330903
 -1.76191
  1.82122
0.0699299
-0.943657
 -2.02527
  1.48185
-0.331014
 -1.76191
  1.82123
0.0704986
-0.943741
 -2.02558
   1.4823
 -0.33115
 -1.76191
  1.82118
0.0710851
-0.943744
 -2.02592
  1.48277
-0.331306
 -1.76191
  1.82119
 0.071675
-0.943807
 -2.02626
  1.48326
-0.331469
 -1.76191
  1.82118
0.0722534
 -0.94383
 -2.02659
  1.48374
-0.331649
  -1.7619
  1.82117
0.0728312
 -0.94388
 -2.02694
  1.48419
-0.331814
 -1.76189
  1.82117
0.0734213
-0.943964
 -2.02728
  1.48465
-0.331967
 -1.76189
  1.82115
0.0740082
-0.944027
  -2.0276
  1.48513
 -0.33213
 -1.76188
  1.82114
0.0745836
-0.944119
 -2.02791
  1.48563
-0.332271
 -1.76188
  1.82108
0.0751705
-0.944161
 -2.02824
  1.48612
-0.332392
 -1.76187
  1.82104
 0.075758
-0.944227
 -2.02856
  1.48661
-0.332491
 -1.76187
  1.82106
0.0763372
-0.944416
 -2.02887
  1.48707
-0.332574
 -1.76188
  1.82106
0.0769091
-0.944588
  -2.0292
  1.48754
-0.332662
 -1.76188
  1.82099
0.0774798
-0.944674
 -2.02956
  1.48803
-0.332748
 -1.76188
  1.82097
0.0780447
-0.944808
 -2.02988
  1.48852
-0.332837
 -1.76188
  1.82095
0.0786055
-0.944918
 -2.03023
  1.48902
-0.332925
 -1.76185
  1.82094
0.0792003
-0.945039
 -2.03059
  1.48953
-0.333027
 -1.76177
  1.82093
0.0798166
-0.945153
 -2.03091
  1.49001
-0.333155
 -1.76178
  1.82091
0.0803289
 -0.94526
 -2.03122
  1.49047
-0.333302
 -1.76178
   1.8209
0.0808445
-0.945383
 -2.03155
  1.49097
-0.333461
 -1.76173
  1.82089
0.0814512
-0.945487
 -2.03187
  1.49147
-0.333638
 -1.76171
  1.82087
0.0820468
-0.945579
 -2.03217
   1.4919
-0.333815
  -1.7617
  1.82086
0.0826273
-0.945687
  -2.0325
  1.49231
-0.333986
 -1.76169
  1.82084
0.0832126
-0.945781
 -2.03285
  1.49279
-0.334141
 -1.76169
  1.82083
0.0838105
 -0.94587
 -2.03319
  1.49327
  -0.3343
 -1.76168
  1.82081
0.0843988
-0.945945
 -2.03354
  1.49372
-0.334439
 -1.76168
   1.8208
0.0849715
-0.946059
 -2.03388
  1.49414
 -0.33454
 -1.76168
  1.82077
  0.08555
-0.946133
  -2.0342
  1.49458
-0.334635
 -1.76169
  1.82076
 0.086131
-0.946232
 -2.03451
  1.49507
-0.334725
 -1.76169
  1.82074
0.0867095
-0.946306
 -2.03483
  1.49555
-0.334825
  -1.7617
  1.82073
0.0872776
-0.946415
 -2.03515
  1.49597
-0.334924
  -1.7617
  1.82071
0.0878453
-0.946486
 -2.03546
  1.49639
-0.335021
  -1.7617
   1.8207
0.0884266
-0.946586
 -2.03578
  1.49686
-0.335117
 -1.76172
  1.82068
0.0890002
-0.946661
 -2.03612
  1.49734
-0.335222
 -1.76173
  1.82068
 0.089566
-0.946751
 -2.03645
  1.49778
-0.335339
 -1.76173
  1.82067
0.0901368
 -0.94684
 -2.03678
   1.4982
-0.335488
 -1.76174
  1.82065
0.0907188
-0.946896
 -2.03712
  1.49865
-0.335653
 -1.76176
  1.82065
0.0912919
-0.946983
 -2.03746
  1.49914
-0.335824
 -1.76177
  1.82065
0.0918523
 -0.94705
 -2.03778
   1.4996
   -0.336
 -1.76179
  1.82064
0.0924193
 -0.94713
 -2.03809
  1.50003
-0.336164
 -1.76179
  1.82064
0.0929974
-0.947203
 -2.03841
  1.50048
-0.336314
 -1.76182
  1.82064
0.0935553
 -0.94728
 -2.03874
  1.50096
-0.336458
 -1.76184
  1.82064
0.0941109
-0.947351
 -2.03905
  1.50146
-0.336591
 -1.76187
  1.82063
0.0946717
-0.947425
 -2.03937
  1.50191
-0.336703
 -1.76189
  1.82063
0.0952374
-0.947505
 -2.03968
  1.50234
-0.336812
 -1.76192
  1.82063
0.0957914
-0.947576
 -2.04001
  1.50281
-0.336915
 -1.76195
  1.82064
0.0963404
-0.947653
 -2.04035
  1.50327
-0.337015
 -1.76198
  1.82064
0.0968946
-0.947741
 -2.04066
  1.50372
-0.337122
   -1.762
  1.82065
0.0974515
 -0.94782
 -2.04097
  1.50415
-0.337231
 -1.76202
  1.82065
0.0979959
-0.947893
 -2.04127
  1.50459
-0.337341
 -1.76205
  1.82066
0.0985471
-0.947983
 -2.04159
  1.50505
-0.337459
 -1.76207
  1.82066
0.0990997
-0.948048
 -2.04192
  1.50551
-0.337592
 -1.76209
  1.82068
0.0996487
-0.948139
 -2.04224
  1.50594
-0.337718
 -1.76211
  1.82068
 0.100193
-0.948198
 -2.04255
  1.50638
 -0.33785
 -1.76214
  1.82069
 0.100729
-0.948277
 -2.04285
  1.50683
-0.337999
 -1.76217
   1.8207
 0.101271
-0.948351
 -2.04317
  1.50727
-0.338148
  -1.7622
   1.8207
 0.101813
-0.948411
 -2.04349
  1.50769
-0.338287
 -1.76223
  1.82071
  0.10235
-0.948491
  -2.0438
  1.50813
-0.338407
 -1.76226
  1.82071
  0.10288
-0.948556
 -2.04413
  1.50859
-0.338511
 -1.76229
  1.82072
 0.103415
-0.948632
 -2.04446
  1.50905
-0.338617
 -1.76232
  1.82072
 0.103949
-0.948699
 -2.04478
  1.50951
-0.338728
 -1.76235
  1.82072
  0.10448
-0.948762
 -2.04508
  1.50992
-0.338838
 -1.76238
  1.82072
 0.105001
-0.948824
  -2.0454
  1.51038
-0.338952
 -1.76241
  1.82078
 0.105524
-0.948936
 -2.04571
  1.51086
-0.339062
 -1.76243
  1.82087
 0.106056
 -0.94905
 -2.04601
   1.5113
-0.339177
 -1.76246
  1.82085
 0.106571
-0.948997
 -2.04632
   1.5117
-0.339296
 -1.76249
  1.82085
 0.107082
-0.948992
 -2.04662
  1.51213
 -0.33942
 -1.76252
  1.82092
   0.1076
-0.949059
 -2.04693
  1.51258
-0.339546
 -1.76255
  1.82094
 0.108122
-0.949113
 -2.04723
  1.51303
-0.339671
 -1.76258
  1.82094
 0.108628
-0.949188
 -2.04751
  1.51339
-0.339804
  -1.7626
  1.82096
 0.109128
-0.949288
 -2.04779
  1.51372
-0.339937
-1.76264
 1.82096
0.109632
-0.94935
-2.04808
 1.51407
-0.34007
 -1.76266
  1.82097
 0.110146
-0.949435
 -2.04837
   1.5145
-0.340212
 -1.76268
  1.82097
 0.110659
-0.949497
 -2.04867
  1.51493
 -0.34035
 -1.76271
  1.82097
 0.111154
-0.949565
 -2.04896
  1.51531
-0.340474
 -1.76273
  1.82101
 0.111648
-0.949683
 -2.04926
  1.51564
-0.340578
 -1.76276
  1.82106
 0.112147
-0.949774
 -2.04955
  1.51602
-0.340682
 -1.76278
  1.82101
 0.112654
-0.949727
 -2.04983
  1.51647
 -0.34079
  -1.7628
  1.82099
 0.113149
-0.949728
 -2.05011
  1.51693
-0.340902
 -1.76283
  1.82104
 0.113631
-0.949807
  -2.0504
  1.51732
-0.341018
 -1.76286
  1.82103
  0.11411
-0.949844
 -2.05071
  1.51769
 -0.34114
 -1.76288
  1.82103
 0.114599
-0.949912
   -2.051
   1.5181
-0.341262
 -1.76292
  1.82103
 0.115076
-0.949972
 -2.05129
  1.51853
-0.341383
 -1.76295
  1.82103
 0.115547
 -0.95002
 -2.05159
  1.51897
-0.341515
 -1.76298
  1.82103
 0.116009
-0.950066
 -2.05187
  1.51935
-0.341638
   -1.763
  1.82107
 0.116479
-0.950177
 -2.05213
  1.51968
-0.341764
 -1.76303
  1.82112
 0.116953
-0.950277
  -2.0524
  1.52005
-0.341893
 -1.76306
  1.82105
 0.117424
-0.950209
 -2.05267
  1.52046
 -0.34202
 -1.76309
  1.82104
 0.117882
-0.950231
 -2.05292
  1.52089
 -0.34214
 -1.76311
  1.82108
 0.118348
 -0.95029
 -2.05317
  1.52128
-0.342265
 -1.76314
  1.82108
 0.118814
 -0.95033
 -2.05344
  1.52163
-0.342385
 -1.76316
  1.82108
 0.119272
-0.950405
 -2.05369
  1.52198
-0.342496
 -1.76319
  1.82108
 0.119726
-0.950447
 -2.05395
  1.52237
-0.342604
 -1.76322
  1.82109
 0.120181
-0.950513
 -2.05423
  1.52276
-0.342701
 -1.76323
  1.82114
 0.120645
-0.950647
 -2.05448
  1.52313
-0.342787
 -1.76324
   1.8212
 0.121134
-0.950767
 -2.05475
  1.52349
-0.342876
 -1.76323
  1.82116
 0.121638
-0.950753
 -2.05503
  1.52386
-0.342973
 -1.76323
  1.82115
 0.122139
-0.950803
 -2.05529
  1.52422
 -0.34308
 -1.76319
  1.82123
  0.12267
-0.950945
 -2.05554
   1.5246
-0.343192
 -1.76315
  1.82126
 0.123208
 -0.95107
 -2.05579
  1.52498
-0.343309
 -1.76309
  1.82128
 0.123743
-0.951218
 -2.05603
  1.52537
-0.343433
 -1.76302
  1.82133
 0.124277
-0.951405
 -2.05627
  1.52572
-0.343556
 -1.76292
  1.82142
 0.124812
-0.951608
 -2.05651
  1.52603
-0.343683
 -1.76281
  1.82156
 0.125338
-0.951826
 -2.05675
  1.52635
-0.343807
 -1.76267
  1.82156
 0.125878
-0.951862
   -2.057
   1.5267
-0.343917
 -1.76253
  1.82161
 0.126407
-0.951979
 -2.05725
  1.52702
-0.344014
 -1.76237
  1.82172
 0.126927
-0.952167
 -2.05752
  1.52731
-0.344096
  -1.7622
  1.82181
 0.127446
-0.952339
 -2.05778
  1.52765
-0.344179
 -1.76203
  1.82188
 0.127969
-0.952504
 -2.05805
    1.528
-0.344254
 -1.76187
  1.82197
 0.128475
 -0.95268
 -2.05831
  1.52837
-0.344326
 -1.76172
  1.82211
 0.128956
-0.952879
 -2.05855
  1.52871
  -0.3444
 -1.76156
  1.82226
 0.129437
-0.953056
  -2.0588
  1.52902
-0.344476
 -1.76142
  1.82227
 0.129914
-0.953077
 -2.05905
  1.52932
 -0.34456
 -1.76126
  1.82232
 0.130386
-0.953137
 -2.05927
  1.52965
-0.344644
 -1.76112
  1.82244
  0.13083
 -0.95328
 -2.05948
  1.52998
-0.344722
 -1.76101
   1.8225
 0.131252
-0.953388
 -2.05969
  1.53032
  -0.3448
 -1.76089
  1.82256
 0.131675
-0.953507
 -2.05988
  1.53064
-0.344874
 -1.76079
  1.82261
 0.132105
-0.953616
 -2.06007
   1.5309
-0.344964
  -1.7607
  1.82271
 0.132521
-0.953761
 -2.06029
  1.53114
-0.345066
 -1.76063
  1.82283
 0.132903
-0.953896
 -2.06052
  1.53139
-0.345185
 -1.76057
  1.82282
 0.133281
-0.953864
 -2.06075
  1.53169
-0.345316
 -1.76051
  1.82282
 0.133664
-0.953863
 -2.06097
    1.532
-0.345449
 -1.76047
   1.8229
 0.134046
-0.953935
  -2.0612
  1.53231
-0.345574
 -1.76044
  1.82292
 0.134417
 -0.95398
 -2.06142
  1.53262
-0.345699
 -1.76042
  1.82293
 0.134761
-0.954021
 -2.06164
   1.5329
-0.345822
 -1.76041
  1.82295
 0.135094
-0.954081
 -2.06185
  1.53314
-0.345927
 -1.76041
  1.82299
 0.135417
-0.954145
 -2.06205
  1.53339
-0.346009
 -1.76041
  1.82308
 0.135749
 -0.95423
 -2.06223
  1.53365
-0.346071
 -1.76041
  1.82303
 0.136086
-0.954153
 -2.06242
  1.53396
-0.346129
 -1.76041
    1.823
 0.136423
-0.954104
 -2.06259
  1.53429
-0.346183
 -1.76042
  1.82306
 0.136748
 -0.95416
 -2.06276
  1.53458
-0.346234
 -1.76043
  1.82305
 0.137053
-0.954161
 -2.06294
  1.53484
-0.346288
 -1.76045
  1.82304
 0.137343
-0.954185
  -2.0631
  1.53508
-0.346344
 -1.76046
  1.82304
 0.137649
  -0.9542
 -2.06328
  1.53531
-0.346393
 -1.76048
  1.82307
 0.137953
-0.954251
 -2.06345
  1.53555
-0.346442
 -1.76049
  1.82312
 0.138261
-0.954313
 -2.06364
  1.53582
-0.346505
 -1.76051
  1.82304
 0.138575
-0.954217
 -2.06385
  1.53613
-0.346593
 -1.76054
  1.82302
 0.138876
-0.954208
 -2.06404
  1.53643
-0.346695
 -1.76055
  1.82305
 0.139173
-0.954249
 -2.06423
  1.53667
-0.346797
 -1.76057
  1.82304
 0.139456
-0.954252
 -2.06445
   1.5369
-0.346897
 -1.76059
  1.82304
 0.139743
-0.954288
 -2.06465
  1.53712
-0.346998
 -1.76061
  1.82303
 0.140034
  -0.9543
 -2.06484
  1.53734
-0.347087
 -1.76063
  1.82306
 0.140324
 -0.95434
 -2.06502
  1.53757
-0.347175
 -1.76065
   1.8231
 0.140616
-0.954408
 -2.06521
  1.53781
-0.347264
 -1.76068
  1.82303
 0.140899
-0.954332
  -2.0654
   1.5381
-0.347363
  -1.7607
  1.82299
 0.141175
-0.954289
 -2.06554
  1.53839
-0.347457
 -1.76072
  1.82304
  0.14144
-0.954354
  -2.0657
  1.53859
 -0.34755
 -1.76076
  1.82303
 0.141687
-0.954372
 -2.06586
  1.53873
 -0.34762
 -1.76078
  1.82302
 0.141935
-0.954382
 -2.06599
  1.53888
-0.347681
 -1.76081
  1.82302
 0.142191
-0.954415
 -2.06613
  1.53901
 -0.34773
 -1.76084
  1.82301
 0.142443
-0.954415
 -2.06627
  1.53914
-0.347768
 -1.76087
  1.82306
 0.142686
 -0.95448
 -2.06641
  1.53928
-0.347809
 -1.76089
   1.8231
 0.142931
-0.954546
 -2.06655
  1.53946
-0.347853
-1.76092
 1.82303
0.143172
-0.95446
-2.06669
  1.5397
 -0.3479
 -1.76094
  1.82302
 0.143405
-0.954446
 -2.06681
  1.53996
-0.347949
 -1.76095
  1.82304
 0.143637
-0.954496
 -2.06696
  1.54021
-0.347994
 -1.76097
  1.82304
 0.143852
-0.954519
  -2.0671
  1.54046
-0.348039
 -1.76098
  1.82303
 0.144076
-0.954558
 -2.06726
   1.5407
-0.348081
   -1.761
  1.82303
 0.144288
-0.954609
 -2.06741
   1.5409
-0.348121
 -1.76101
  1.82302
 0.144507
-0.954609
 -2.06756
  1.54105
 -0.34816
 -1.76102
  1.82302
 0.144727
-0.954631
  -2.0677
   1.5412
-0.348198
 -1.76103
  1.82305
 0.144938
-0.954678
 -2.06784
  1.54138
-0.348235
 -1.76105
  1.82306
 0.145149
-0.954758
 -2.06798
  1.54156
 -0.34827
 -1.76107
  1.82299
 0.145347
-0.954666
 -2.06811
  1.54173
-0.348314
 -1.76107
  1.82298
 0.145546
-0.954659
 -2.06819
  1.54191
 -0.34837
 -1.76109
  1.82304
 0.145734
-0.954715
 -2.06826
  1.54205
-0.348433
  -1.7611
  1.82304
 0.145915
  -0.9547
 -2.06834
   1.5422
-0.348501
 -1.76111
  1.82305
 0.146087
-0.954723
 -2.06841
  1.54234
-0.348564
 -1.76113
  1.82306
 0.146254
-0.954733
 -2.06849
  1.54244
-0.348622
 -1.76114
  1.82307
 0.146421
-0.954736
 -2.06857
  1.54256
-0.348675
 -1.76115
  1.82309
 0.146591
-0.954743
 -2.06865
  1.54269
-0.348726
 -1.76116
   1.8231
 0.146754
-0.954753
 -2.06873
  1.54279
-0.348777
 -1.76118
  1.82316
 0.146906
-0.954797
  -2.0688
  1.54287
-0.348833
 -1.76119
  1.82327
 0.147069
-0.954837
 -2.06888
  1.54296
-0.348889
  -1.7612
  1.82327
  0.14723
-0.954724
 -2.06897
  1.54306
-0.348946
  -1.7612
   1.8233
 0.147386
-0.954672
 -2.06904
  1.54314
-0.349001
 -1.76121
  1.82339
 0.147534
-0.954663
 -2.06913
  1.54323
-0.349057
 -1.76123
  1.82345
 0.147672
-0.954669
 -2.06923
  1.54337
-0.349113
 -1.76124
   1.8235
   0.1478
-0.954686
 -2.06931
  1.54355
-0.349162
 -1.76124
  1.82355
 0.147925
-0.954718
 -2.06937
  1.54372
-0.349198
 -1.76125
  1.82359
  0.14804
-0.954734
 -2.06946
  1.54387
 -0.34922
 -1.76126
  1.82362
 0.148148
-0.954769
 -2.06956
  1.54403
-0.349234
 -1.76127
  1.82364
 0.148256
-0.954789
 -2.06964
  1.54419
 -0.34925
 -1.76128
  1.82367
 0.148366
-0.954812
 -2.06971
  1.54429
-0.349264
 -1.76129
  1.82368
 0.148475
-0.954835
  -2.0698
  1.54432
-0.349279
 -1.76131
   1.8237
 0.148572
-0.954867
 -2.06988
  1.54435
-0.349293
 -1.76132
  1.82369
 0.148675
-0.954873
 -2.06995
   1.5444
-0.349308
 -1.76134
   1.8237
 0.148764
-0.954898
 -2.07002
  1.54445
-0.349323
-1.76134
 1.82369
0.148858
-0.95491
-2.07009
  1.5445
-0.34934
 -1.76136
  1.82369
 0.148945
-0.954922
 -2.07016
  1.54454
-0.349356
 -1.76137
  1.82373
 0.149025
-0.954962
 -2.07022
  1.54459
-0.349374
 -1.76138
   1.8238
   0.1491
-0.955007
 -2.07029
  1.54465
-0.349394
 -1.76139
  1.82374
 0.149178
-0.954938
 -2.07036
  1.54471
-0.349413
  -1.7614
  1.82371
 0.149254
-0.954951
 -2.07042
  1.54476
-0.349432
  -1.7614
  1.82371
 0.149318
-0.955002
 -2.07045
  1.54479
-0.349452
 -1.76141
  1.82369
 0.149385
-0.955028
 -2.07048
  1.54483
-0.349473
 -1.76142
  1.82368
 0.149428
 -0.95508
  -2.0705
  1.54487
-0.349493
 -1.76142
  1.82367
 0.149469
-0.955086
 -2.07052
   1.5449
-0.349515
 -1.76142
  1.82366
 0.149515
  -0.9551
 -2.07051
  1.54492
-0.349538
 -1.76143
  1.82364
 0.149539
-0.955094
 -2.07052
  1.54494
-0.349557
 -1.76144
  1.82363
  0.14957
-0.955116
 -2.07053
  1.54498
-0.349575
 -1.76145
  1.82361
 0.149592
-0.955102
 -2.07052
  1.54501
-0.349594
 -1.76146
   1.8236
 0.149608
-0.955105
 -2.07053
  1.54502
-0.349615
 -1.76147
  1.82358
 0.149621
-0.955103
 -2.07053
  1.54504
-0.349633
 -1.76148
  1.82357
 0.149627
-0.955102
 -2.07053
  1.54507
-0.349643
 -1.76149
  1.82356
 0.149634
-0.955107
 -2.07053
   1.5451
-0.349643
  -1.7615
  1.82355
 0.149638
-0.955099
 -2.07053
  1.54513
-0.349641
 -1.76151
  1.82354
  0.14964
-0.955104
 -2.07053
  1.54515
-0.349637
 -1.76152
  1.82354
 0.149644
-0.955104
 -2.07053
  1.54517
-0.349637
 -1.76153
  1.82353
 0.149646
-0.955105
 -2.07053
  1.54519
-0.349637
 -1.76154
  1.82353
 0.149647
-0.955107
 -2.07053
  1.54521
-0.349637
 -1.76155
  1.82353
 0.149646
-0.955107
 -2.07053
  1.54522
-0.349637
 -1.76156
  1.82352
 0.149645
-0.955107
 -2.07053
  1.54524
-0.349637
 -1.76157
  1.82352
 0.149645
-0.955107
 -2.07053
  1.54526
-0.349636
 -1.76158
  1.82352
 0.149645
-0.955107
 -2.07053
  1.54527
-0.349637
 -1.76159
  1.82352
 0.149645
-0.955107
 -2.07053
  1.54529
-0.349636
  -1.7616
  1.82352
 0.149645
-0.955107
 -2.07053
   1.5453
-0.349636
 -1.76161
  1.82352
 0.149645
-0.955106
 -2.07053
   1.5453
-0.349636
 -1.76162
  1.82352
 0.149645
-0.955106
 -2.07053
   1.5453
-0.349636
 -1.76163
  1.82352
 0.149646
-0.955106
 -2.07053
   1.5453
-0.349636
 -1.76163
  1.82352
 0.149646
-0.955107
 -2.07053
  1.54529
-0.349636
 -1.76164
  1.82352
 0.149646
-0.955107
 -2.07053
  1.54529
-0.349636
 -1.76165
  1.82352
 0.149646
-0.955107
 -2.07053
  1.54528
-0.349636
 -1.76165
  1.82352
 0.149646
-0.955108
 -2.07053
  1.54528
-0.349636
 -1.76166
  1.82352
 0.149646
-0.955109
 -2.07053
  1.54528
-0.349636
 -1.76167
  1.82352
 0.149645
-0.955109
 -2.07053
  1.54528
-0.349636
 -1.76167
  1.82352
 0.149646
 -0.95511
 -2.07053
  1.54528
-0.349637
 -1.76168
  1.82352
 0.149645
-0.955109
 -2.07053
  1.54528
-0.349637
 -1.76168
  1.82352
 0.149645
-0.955109
 -2.07053
  1.54528
-0.349636
 -1.76168
  1.82352
 0.149645
-0.955109
 -2.07053
  1.54528
-0.349637
 -1.76168
  1.82352
 0.149645
-0.955109
 -2.07053
  1.54528
-0.349637
 -1.76167
  1.82352
 0.149646
-0.955109
 -2.07053
  1.54528
-0.349637
 -1.76167
  1.82352
 0.149646
-0.955109
 -2.07053
  1.54528
-0.349636
 -1.76167
  1.82352
 0.149646
-0.955109
 -2.07053
  1.54528
-0.349636
 -1.76167
  1.82352
 0.149646
-0.955109
 -2.07053
  1.54528
-0.349636
 -1.76167
  1.82352
 0.149646
-0.955109
 -2.07053
  1.54528
-0.349637
 -1.76167
  1.82352
 0.149646
-0.955109
 -2.07053
  1.54528
-0.349636
 -1.76167
  1.82352
 0.149646
-0.955109
 -2.07053
  1.54528
-0.349636
 -1.76167
  1.82352
 0.149646
-0.955109
 -2.07053
  1.54528
-0.349637
 -1.76167
  1.82352
 0.149646
-0.955109
 -2.07053
  1.54528
-0.349637
 -1.76167
  1.82352
 0.149645
-0.955109
 -2.07053
  1.54528
-0.349636
 -1.76167
  1.82352
 0.149645
-0.955109
 -2.07053
  1.54528
-0.349636
 -1.76167
  1.82352
 0.149646
-0.955109
 -2.07053
  1.54528
-0.349636
 -1.76167
  1.82352
 0.149646
-0.955109
 -2.07053
  1.54528
-0.349636
 -1.76167
  1.82352
 0.149646
-0.955109
 -2.07053
  1.54528
-0.349636
 -1.76167
  1.82352
 0.149646
-0.955109
 -2.07053
  1.54528
-0.349636
 -1.76167
  1.82352
 0.149646
-0.955109
 -2.07053
  1.54528
-0.349637
 -1.76167
  1.82352
 0.149646
-0.955109
 -2.07053
  1.54528
-0.349636
 -1.76167
  1.82352
 0.149646
-0.955109
 -2.07053
  1.54528
-0.349636
 -1.76167
  1.82352
 0.149646
-0.955109
 -2.07053
  1.54528
-0.349636
 -1.76167
  1.82352
 0.149645
-0.955109
 -2.07053
  1.54528
-0.349636
 -1.76167
  1.82352
 0.149646
-0.955109
 -2.07053
  1.54528
-0.349636
 -1.76167
  1.82352
 0.149646
-0.955109
 -2.07053
  1.54528
-0.349636
 -1.76166
  1.82352
 0.149646
-0.955109
 -2.07053
  1.54528
-0.349636
 -1.76167
  1.82352
 0.149646
-0.955109
 -2.07053
  1.54528
-0.349636
 -1.76167
  1.82352
 0.149646
-0.955109
 -2.07053
  1.54528
-0.349637
 -1.76167
  1.82352
 0.149646
-0.955109
 -2.07053
  1.54528
-0.349636
 -1.76167
  1.82352
 0.149646
-0.955109
 -2.07053
  1.54528
-0.349637
 -1.76167
  1.82352
 0.149646
-0.955109
 -2.07053
  1.54528
-0.349636
 -1.76167
  1.82352
 0.149646
-0.955109
 -2.07053
  1.54528
-0.349636
 -1.76167
  1.82352
 0.149646
-0.955109
 -2.07053
  1.54528
-0.349636
 -1.76167
  1.82352
 0.149646
-0.955109
 -2.07053
  1.54528
-0.349637
 -1.76166
  1.82352
 0.149646
-0.955109
 -2.07053
  1.54528
-0.349636
 -1.76166
  1.82352
 0.149646
-0.955109
 -2.07053
  1.54528
-0.349636
 -1.76167
  1.82352
 0.149646
-0.955109
 -2.07053
  1.54528
-0.349636
 -1.76167
  1.82352
 0.149646
-0.955109
 -2.07053
  1.54528
-0.349636
 -1.76167
  1.82352
 0.149646
-0.955109
 -2.07053
  1.54528
-0.349636
 -1.76167
  1.82352
 0.149646
-0.955109
 -2.07053
  1.54528
-0.349636
 -1.76167
  1.82352
 0.149646
-0.955109
 -2.07053
  1.54528
-0.349636
 -1.76166
  1.82352
 0.149646
-0.955109
 -2.07053
  1.54528
-0.349636
 -1.76166
  1.82352
 0.149646
-0.955109
 -2.07053
  1.54528
-0.349637
 -1.76166
  1.82352
 0.149646
-0.955109
 -2.07053
  1.54528
-0.349636
 -1.76166
  1.82352
 0.149646
-0.955109
 -2.07053
  1.54528
-0.349637
 -1.76166
  1.82352
 0.149646
-0.955109
 -2.07053
  1.54528
-0.349636
 -1.76167
  1.82352
 0.149646
-0.955109
 -2.07053
  1.54528
-0.349637
 -1.76166
  1.82352
 0.149646
-0.955109
 -2.07053
  1.54528
-0.349636
 -1.76166
  1.82352
 0.149646
-0.955109
 -2.07053
  1.54528
-0.349636
 -1.76167
  1.82352
 0.149646
-0.955109
 -2.07053
  1.54528
-0.349636
 -1.76167
  1.82352
 0.149646
-0.955109
 -2.07053
  1.54528
-0.349636
 -1.76166
  1.82352
 0.149646
-0.955109
 -2.07053
  1.54528
-0.349636
 -1.76166
  1.82352
 0.149646
-0.955109
 -2.07053
  1.54528
-0.349636
 -1.76166
  1.82352
 0.149646
-0.955109
 -2.07053
  1.54528
-0.349636
 -1.76166
  1.82352
 0.149646
-0.955109
 -2.07053
  1.54528
-0.349637
 -1.76167
  1.82352
 0.149646
-0.955109
 -2.07053
  1.54528
-0.349636
 -1.76167
  1.82352
 0.149646
-0.955109
 -2.07053
  1.54528
-0.349636
 -1.76166
  1.82352
 0.149646
-0.955109
 -2.07053
  1.54528
-0.349636
 -1.76167
  1.82352
 0.149646
-0.955109
 -2.07053
  1.54528
-0.349636
 -1.76166
  1.82352
 0.149646
-0.955109
 -2.07053
  1.54528
-0.349636
 -1.76166
  1.82352
 0.149646
-0.955109
 -2.07053
  1.54528
-0.349636
 -1.76167
  1.82352
 0.149646
-0.955109
 -2.07053
  1.54528
-0.349636
 -1.76167
  1.82352
 0.149646
-0.955109
 -2.07053
  1.54528
-0.349636
 -1.76167
  1.82352
 0.149646
-0.955109
 -2.07053
  1.54528
-0.349636
 -1.76167
  1.82352
 0.149646
-0.955109
 -2.07053
  1.54528
-0.349636
 -1.76166
  1.82352
 0.149646
-0.955109
 -2.07053
  1.54528
-0.349636
 -1.76166
  1.82352
 0.149645
-0.955109
 -2.07053
  1.54528
-0.349636
 -1.76166
  1.82352
 0.149646
-0.955109
 -2.07053
  1.54528
-0.349636
 -1.76166
  1.82352
 0.149646
-0.955109
 -2.07053
  1.54528
-0.349636
 -1.76166
  1.82352
 0.149646
-0.955109
 -2.07053
  1.54528
-0.349636
 -1.76166
  1.82352
 0.149646
-0.955109
 -2.07053
  1.54528
-0.349636
 -1.76166
  1.82352
 0.149646
-0.955109
 -2.07053
  1.54528
-0.349636
 -1.76166
  1.82352
 0.149646
-0.955109
 -2.07053
  1.54528
-0.349636
 -1.76167
  1.82352
 0.149646
-0.955109
 -2.07053
  1.54528
-0.349637
 -1.76167
  1.82352
 0.149646
-0.955109
 -2.07054
  1.54528
-0.349636
 -1.76167
  1.82352
 0.149646
-0.955109
 -2.07054
  1.54528
-0.349636
 -1.76167
  1.82352
 0.149646
-0.955109
 -2.07054
  1.54528
-0.349636
 -1.76166
  1.82352
 0.149646
-0.955109
 -2.07054
  1.54528
-0.349636
 -1.76166
  1.82352
 0.149646
-0.955109
 -2.07054
  1.54528
-0.349636
 -1.76166
  1.82352
 0.149646
-0.955109
 -2.07054
  1.54528
-0.349636
 -1.76166
  1.82352
 0.149646
-0.955109
 -2.07054
  1.54528
-0.349636
 -1.76166
  1.82352
 0.149646
-0.955109
 -2.07054
  1.54528
-0.349636
 -1.76166
  1.82352
 0.149646
-0.955109
 -2.07054
  1.54528
-0.349637
 -1.76166
  1.82352
 0.149646
-0.955109
 -2.07054
  1.54528
-0.349637
 -1.76167
  1.82352
 0.149646
-0.955109
 -2.07054
  1.54528
-0.349636
 -1.76166
  1.82352
 0.149646
-0.955109
 -2.07054
  1.54528
-0.349636
 -1.76166
  1.82352
 0.149646
-0.955109
 -2.07054
  1.54528
-0.349636
 -1.76167
  1.82352
 0.149646
-0.955109
 -2.07054
  1.54528
-0.349636
 -1.76166
  1.82352
 0.149646
-0.955109
 -2.07054
  1.54528
-0.349636
 -1.76166
  1.82352
 0.149646
-0.955109
 -2.07054
  1.54528
-0.349636
 -1.76167
  1.82352
 0.149646
-0.955109
 -2.07054
  1.54528
-0.349636
 -1.76167
  1.82352
 0.149646
-0.955109
 -2.07054
  1.54528
-0.349637
 -1.76166
  1.82352
 0.149646
-0.955109
 -2.07054
  1.54528
-0.349637
 -1.76166
  1.82352
 0.149646
-0.955109
 -2.07054
  1.54528
-0.349636
 -1.76166
  1.82352
 0.149646
-0.955109
 -2.07054
  1.54528
-0.349636
 -1.76166
  1.82352
 0.149646
-0.955109
 -2.07054
  1.54528
-0.349636
 -1.76166
  1.82352
 0.149646
-0.955109
 -2.07054
  1.54528
-0.349637
 -1.76166
  1.82352
 0.149646
-0.955109
 -2.07054
  1.54528
-0.349636
 -1.76166
  1.82352
 0.149646
-0.955109
 -2.07054
  1.54528
-0.349636
 -1.76166
  1.82352
 0.149646
-0.955109
 -2.07054
  1.54528
-0.349636
 -1.76166
  1.82352
 0.149646
-0.955109
 -2.07054
  1.54528
-0.349636
 -1.76166
  1.82352
 0.149646
-0.955109
 -2.07054
  1.54528
-0.349636
 -1.76166
  1.82352
 0.149646
-0.955109
 -2.07054
  1.54528
-0.349636
 -1.76166
  1.82352
 0.149646
-0.955109
 -2.07054
  1.54528
-0.349636
 -1.76166
  1.82352
 0.149646
-0.955109
 -2.07054
  1.54528
-0.349636
 -1.76166
  1.82352
 0.149646
-0.955109
 -2.07054
  1.54528
-0.349636
 -1.76166
  1.82352
 0.149646
-0.955109
 -2.07054
  1.54528
-0.349636
 -1.76166
  1.82352
 0.149646
-0.955109
 -2.07054
  1.54528
-0.349636
 -1.76166
  1.82352
 0.149646
-0.955109
 -2.07054
  1.54528
-0.349636
 -1.76166
  1.82352
 0.149646
-0.955109
 -2.07054
  1.54528
-0.349636
 -1.76166
  1.82352
 0.149646
-0.955109
 -2.07054
  1.54528
-0.349636
 -1.76166
  1.82352
 0.149646
-0.955109
 -2.07054
  1.54528
-0.349636
 -1.76166
  1.82352
 0.149646
-0.955109
 -2.07054
  1.54528
-0.349637
 -1.76166
  1.82352
 0.149646
-0.955109
 -2.07054
  1.54528
-0.349637
 -1.76166
  1.82352
 0.149646
-0.955109
 -2.07054
  1.54528
-0.349637
 -1.76166
  1.82352
 0.149646
-0.955109
 -2.07054
  1.54528
-0.349637
 -1.76167
  1.82352
 0.149646
-0.955109
 -2.07054
  1.54528
-0.349637
 -1.76166
  1.82352
 0.149646
-0.955109
 -2.07054
  1.54528
-0.349637
 -1.76166
  1.82352
 0.149646
-0.955109
 -2.07054
  1.54528
-0.349637
 -1.76166
  1.82352
 0.149646
-0.955109
 -2.07054
  1.54528
-0.349636
 -1.76166
  1.82352
 0.149646
-0.955109
 -2.07054
  1.54528
-0.349636
 -1.76166
  1.82352
 0.149646
-0.955109
 -2.07054
  1.54528
-0.349636
 -1.76166
  1.82352
 0.149646
-0.955109
 -2.07054
  1.54528
-0.349636
 -1.76166
  1.82352
 0.149646
-0.955109
 -2.07054
  1.54528
-0.349636
 -1.76166
  1.82352
 0.149646
-0.955109
 -2.07054
  1.54528
-0.349636
 -1.76166
  1.82352
 0.149646
-0.955109
 -2.07054
  1.54528
-0.349636
 -1.76166
  1.82352
 0.149646
-0.955109
 -2.07054
  1.54528
-0.349636
 -1.76166
  1.82352
 0.149646
-0.955109
 -2.07054
  1.54528
-0.349636
 -1.76166
  1.82352
 0.149646
-0.955109
 -2.07054
  1.54528
-0.349636
 -1.76166
  1.82352
 0.149646
-0.955109
 -2.07054
  1.54528
-0.349637
 -1.76166
  1.82352
 0.149646
-0.955109
 -2.07054
  1.54528
-0.349637
 -1.76166
  1.82352
 0.149646
-0.955109
 -2.07054
  1.54528
-0.349637
 -1.76166
  1.82352
 0.149646
-0.955109
 -2.07054
  1.54528
-0.349637
 -1.76166
  1.82352
 0.149646
-0.955109
 -2.07054
  1.54528
-0.349637
 -1.76166
  1.82352
 0.149646
-0.955109
 -2.07054
  1.54528
-0.349636
 -1.76166
  1.82352
 0.149646
-0.955109
 -2.07054
  1.54528
-0.349636
 -1.76166
  1.82352
 0.149646
-0.955109
 -2.07054
  1.54528
-0.349636
 -1.76166
  1.82352
 0.149646
-0.955109
 -2.07054
  1.54528
-0.349637
 -1.76166
  1.82352
 0.149646
-0.955109
 -2.07054
  1.54528
-0.349636
 -1.76166
  1.82352
 0.149646
-0.955109
 -2.07054
  1.54528
-0.349636
 -1.76166
  1.82352
 0.149646
-0.955109
 -2.07054
  1.54528
-0.349636
 -1.76166
  1.82352
 0.149646
-0.955109
 -2.07054
  1.54528
-0.349636
 -1.76166
  1.82352
 0.149646
-0.955109
 -2.07054
  1.54528
-0.349636
 -1.76166
  1.82352
 0.149646
-0.955109
 -2.07054
  1.54528
-0.349637
 -1.76166
  1.82352
 0.149646
-0.955109
 -2.07054
  1.54528
-0.349636
 -1.76166
  1.82352
 0.149646
-0.955109
 -2.07054
  1.54528
-0.349637
 -1.76166
  1.82352
 0.149646
-0.955109
 -2.07054
  1.54528
-0.349636
 -1.76166
  1.82352
 0.149646
-0.955109
 -2.07054
  1.54528
-0.349636
 -1.76166
  1.82352
 0.149646
-0.955109
 -2.07054
  1.54528
-0.349636
 -1.76166
  1.82352
 0.149646
-0.955109
 -2.07054
  1.54528
-0.349636
 -1.76166
  1.82352
 0.149646
-0.955109
 -2.07054
  1.54528
-0.349636
 -1.76166
  1.82352
 0.149646
-0.955109
 -2.07054
  1.54528
-0.349637
 -1.76166
  1.82352
 0.149646
-0.955109
 -2.07054
  1.54528
-0.349636
 -1.76166
  1.82352
 0.149646
-0.955109
 -2.07054
  1.54528
-0.349636
 -1.76166
  1.82352
 0.149646
-0.955109
 -2.07054
  1.54528
-0.349636
 -1.76166
  1.82352
 0.149646
-0.955109
 -2.07054
  1.54528
-0.349636
 -1.76166
  1.82352
 0.149646
-0.955109
 -2.07054
  1.54528
-0.349636
 -1.76166
  1.82352
 0.149646
-0.955109
 -2.07054
  1.54528
-0.349636
 -1.76166
  1.82352
 0.149646
-0.955109
 -2.07054
  1.54528
-0.349636
 -1.76166
  1.82352
 0.149646
-0.955109
 -2.07054
  1.54528
-0.349636
 -1.76166
  1.82352
 0.149646
-0.955109
 -2.07054
  1.54528
-0.349636
 -1.76166
  1.82352
 0.149646
-0.955109
 -2.07054
  1.54528
-0.349636
 -1.76166
  1.82352
 0.149646
-0.955109
 -2.07054
  1.54528
-0.349636
 -1.76167
  1.82352
 0.149646
-0.955109
 -2.07054
  1.54528
-0.349636
 -1.76166
  1.82352
 0.149646
-0.955109
 -2.07054
  1.54528
-0.349637
 -1.76166
  1.82352
 0.149646
-0.955109
 -2.07054
  1.54528
-0.349636
 -1.76166
  1.82352
 0.149646
-0.955109
 -2.07054
  1.54528
-0.349636
 -1.76166
  1.82352
 0.149646
-0.955109
 -2.07054
  1.54528
-0.349636
 -1.76166
  1.82352
 0.149646
-0.955109
 -2.07054
  1.54528
-0.349636
 -1.76166
  1.82352
 0.149646
-0.955109
 -2.07054
  1.54528
-0.349636
 -1.76166
  1.82352
 0.149646
-0.955109
 -2.07054
  1.54528
-0.349636
 -1.76166
  1.82352
 0.149646
-0.955109
 -2.07054
  1.54528
-0.349636
 -1.76166
  1.82352
 0.149646
-0.955109
 -2.07054
  1.54528
-0.349636
 -1.76166
  1.82352
 0.149646
-0.955109
 -2.07054
  1.54528
-0.349636
 -1.76166
  1.82352
 0.149646
-0.955109
 -2.07054
  1.54528
-0.349636
 -1.76166
  1.82352
 0.149646
-0.955109
 -2.07054
  1.54528
-0.349636
 -1.76166
  1.82352
 0.149646
-0.955109
 -2.07054
  1.54528
-0.349636
 -1.76166
  1.82352
 0.149646
-0.955109
 -2.07054
  1.54528
-0.349636
 -1.76166
  1.82352
 0.149646
-0.955109
 -2.07054
  1.54528
-0.349636
 -1.76166
  1.82352
 0.149646
-0.955109
 -2.07054
  1.54528
-0.349636
 -1.76167
  1.82352
 0.149646
-0.955109
 -2.07054
  1.54528
-0.349636
 -1.76166
  1.82352
 0.149646
-0.955109
 -2.07054
  1.54528
-0.349637
 -1.76166
  1.82352
 0.149646
-0.955109
 -2.07054
  1.54528
-0.349636
 -1.76166
  1.82352
 0.149646
-0.955109
 -2.07054
  1.54528
-0.349636
 -1.76166
  1.82352
 0.149646
-0.955109
 -2.07054
  1.54528
-0.349636
 -1.76166
  1.82352
 0.149646
-0.955109
 -2.07054
  1.54528
-0.349636
 -1.76166
  1.82352
 0.149646
-0.955109
 -2.07054
  1.54528
-0.349637
 -1.76166
  1.82352
 0.149646
-0.955109
 -2.07054
  1.54528
-0.349636
 -1.76166
  1.82352
 0.149646
-0.955109
 -2.07054
  1.54528
-0.349636
 -1.76166
  1.82352
 0.149646
-0.955109
 -2.07054
  1.54528
-0.349636
 -1.76166
  1.82352
 0.149646
-0.955109
 -2.07054
  1.54528
-0.349636
 -1.76166
  1.82352
 0.149646
-0.955109
 -2.07054
  1.54528
-0.349636
 -1.76166
  1.82352
 0.149646
-0.955109
 -2.07054
  1.54528
-0.349636
 -1.76166
  1.82352
 0.149646
-0.955109
 -2.07054
  1.54528
-0.349637
 -1.76166
  1.82352
 0.149646
-0.955109
 -2.07054
  1.54528
-0.349637
 -1.76166
  1.82352
 0.149646
-0.955109
 -2.07054
  1.54528
-0.349637
 -1.76166
  1.82352
 0.149646
-0.955109
 -2.07054
  1.54528
-0.349636
 -1.76166
  1.82352
 0.149646
-0.955109
 -2.07054
  1.54528
-0.349636
 -1.76166
  1.82352
 0.149646
-0.955109
 -2.07054
  1.54528
-0.349636
 -1.76166
  1.82352
 0.149646
-0.955109
 -2.07054
  1.54528
-0.349636
 -1.76166
  1.82352
 0.149646
-0.955109
 -2.07054
  1.54528
-0.349636
 -1.76166
  1.82352
 0.149646
-0.955109
 -2.07054
  1.54528
-0.349636
 -1.76166
  1.82352
 0.149646
-0.955109
 -2.07054
  1.54528
-0.349636
 -1.76166
  1.82352
 0.149646
-0.955109
 -2.07054
  1.54528
-0.349636
 -1.76166
  1.82352
 0.149646
-0.955109
 -2.07054
  1.54528
-0.349636
 -1.76166
  1.82352
 0.149646
-0.955109
 -2.07054
  1.54528
-0.349637
 -1.76166
  1.82352
 0.149646
-0.955109
 -2.07054
  1.54528
-0.349636
 -1.76166
  1.82352
 0.149646
-0.955109
 -2.07054
  1.54528
-0.349637
 -1.76166
  1.82352
 0.149646
-0.955109
 -2.07054
  1.54528
-0.349636
 -1.76166
  1.82352
 0.149646
-0.955109
 -2.07054
  1.54528
-0.349636
 -1.76166
  1.82352
 0.149646
-0.955109
 -2.07054
  1.54528
-0.349636
 -1.76166
  1.82352
 0.149646
-0.955109
 -2.07054
  1.54528
-0.349637
 -1.76166
  1.82352
 0.149646
-0.955109
 -2.07054
  1.54528
-0.349637
 -1.76166
  1.82352
 0.149646
-0.955109
 -2.07054
  1.54528
-0.349636
 -1.76166
  1.82352
 0.149646
-0.955109
 -2.07054
  1.54528
-0.349636
 -1.76166
  1.82352
 0.149646
-0.955109
 -2.07054
  1.54528
-0.349637
 -1.76166
  1.82352
 0.149646
-0.955109
 -2.07054
  1.54528
-0.349637
 -1.76166
  1.82352
 0.149646
-0.955109
 -2.07054
  1.54528
-0.349636
 -1.76166
  1.82352
 0.149646
-0.955109
 -2.07054
  1.54528
-0.349636
 -1.76166
  1.82352
 0.149646
-0.955109
 -2.07054
  1.54528
-0.349636
 -1.76166
  1.82352
 0.149646
-0.955109
 -2.07054
  1.54528
-0.349637
 -1.76166
  1.82352
 0.149646
-0.955109
 -2.07054
  1.54528
-0.349636
 -1.76166
  1.82352
 0.149646
-0.955109
 -2.07054
  1.54528
-0.349636
 -1.76166
  1.82352
 0.149646
-0.955109
 -2.07054
  1.54528
-0.349636
 -1.76166
  1.82352
 0.149646
-0.955109
 -2.07054
  1.54528
-0.349636
 -1.76166
  1.82352
 0.149646
-0.955109
 -2.07054
  1.54528
-0.349636
 -1.76166
  1.82352
 0.149646
-0.955109
 -2.07054
  1.54528
-0.349636
 -1.76166
  1.82352
 0.149646
-0.955109
 -2.07054
  1.54528
-0.349636
 -1.76166
  1.82352
 0.149646
-0.955109
 -2.07054
  1.54528
-0.349636
 -1.76166
  1.82352
 0.149646
-0.955109
 -2.07054
  1.54528
-0.349636
 -1.76166
  1.82352
 0.149646
-0.955109
 -2.07054
  1.54528
-0.349636
 -1.76166
  1.82352
 0.149646
-0.955109
 -2.07054
  1.54528
-0.349636
 -1.76166
  1.82352
 0.149646
-0.955109
 -2.07054
  1.54528
-0.349636
 -1.76166
  1.82352
 0.149646
-0.955109
 -2.07054
  1.54528
-0.349636
 -1.76166
  1.82352
 0.149646
-0.955109
 -2.07054
  1.54528
-0.349636
 -1.76166
  1.82352
 0.149646
-0.955109
 -2.07054
  1.54528
-0.349636
 -1.76166
  1.82352
 0.149646
-0.955109
 -2.07054
  1.54528
-0.349636
 -1.76166
  1.82352
 0.149646
-0.955109
 -2.07054
  1.54528
-0.349636
 -1.76166
  1.82352
 0.149646
-0.955109
 -2.07054
  1.54528
-0.349636
 -1.76166
  1.82352
 0.149646
-0.955109
 -2.07054
  1.54528
-0.349637
 -1.76166
  1.82352
 0.149646
-0.955109
 -2.07054
  1.54528
-0.349636
 -1.76166
  1.82352
 0.149646
-0.955109
 -2.07054
  1.54528
-0.349637
 -1.76166
  1.82352
 0.149646
-0.955109
 -2.07054
  1.54528
-0.349637
 -1.76166
  1.82352
 0.149646
-0.955109
 -2.07054
  1.54528
-0.349636
 -1.76166
  1.82352
 0.149646
-0.955109
 -2.07054
  1.54528
-0.349637
 -1.76166
  1.82352
 0.149646
-0.955109
 -2.07054
  1.54528
-0.349636
 -1.76166
  1.82352
 0.149646
-0.955109
 -2.07054
  1.54528
-0.349636
 -1.76166
  1.82352
 0.149646
-0.955109
 -2.07054
  1.54528
-0.349636
 -1.76166
  1.82352
 0.149646
-0.955109
 -2.07054
  1.54528
-0.349637
 -1.76166
  1.82352
 0.149646
-0.955109
 -2.07054
  1.54528
-0.349636
 -1.76166
  1.82352
 0.149646
-0.955109
 -2.07054
  1.54528
-0.349637
 -1.76166
  1.82352
 0.149646
-0.955109
 -2.07054
  1.54528
-0.349637
 -1.76166
  1.82352
 0.149646
-0.955109
 -2.07054
  1.54528
-0.349636
 -1.76166
  1.82352
 0.149646
-0.955109
 -2.07054
  1.54528
-0.349637
 -1.76166
  1.82352
 0.149646
-0.955109
 -2.07054
  1.54528
-0.349637
 -1.76166
  1.82352
 0.149646
-0.955109
 -2.07054
  1.54528
-0.349637
 -1.76166
  1.82352
 0.149646
-0.955109
 -2.07054
  1.54528
-0.349637
 -1.76166
  1.82352
 0.149646
-0.955109
 -2.07054
  1.54528
-0.349637
 -1.76166
  1.82352
 0.149646
-0.955109
 -2.07054
  1.54528
-0.349637
 -1.76166
  1.82352
 0.149646
-0.955109
 -2.07054
  1.54528
-0.349637
 -1.76166
  1.82352
 0.149646
-0.955109
 -2.07054
  1.54528
-0.349637
 -1.76166
  1.82352
 0.149646
-0.955109
 -2.07054
  1.54528
-0.349637
 -1.76166
  1.82352
 0.149646
-0.955109
 -2.07054
  1.54528
-0.349636
 -1.76166
  1.82352
 0.149646
-0.955109
 -2.07054
  1.54528
-0.349637
 -1.76166
  1.82352
 0.149646
-0.955109
 -2.07054
  1.54528
-0.349636
 -1.76166
  1.82352
 0.149646
-0.955109
 -2.07054
  1.54528
-0.349636
 -1.76166
  1.82352
 0.149646
-0.955109
 -2.07054
  1.54528
-0.349636
 -1.76166
  1.82352
 0.149646
-0.955109
 -2.07054
  1.54528
-0.349636
 -1.76166
  1.82352
 0.149646
-0.955109
 -2.07054
  1.54528
-0.349637
 -1.76166
  1.82352
 0.149646
-0.955109
 -2.07054
  1.54528
-0.349637
 -1.76166
  1.82352
 0.149646
-0.955109
 -2.07054
  1.54528
-0.349636
 -1.76166
  1.82352
 0.149646
-0.955109
 -2.07054
  1.54528
-0.349636
 -1.76166
  1.82352
 0.149646
-0.955109
 -2.07054
  1.54528
-0.349637
 -1.76166
  1.82352
 0.149646
-0.955109
 -2.07054
  1.54528
-0.349636
 -1.76166
  1.82352
 0.149646
-0.955109
 -2.07054
  1.54528
-0.349637
 -1.76166
  1.82352
 0.149646
-0.955109
 -2.07054
  1.54528
-0.349636
 -1.76166
  1.82352
 0.149646
-0.955109
 -2.07054
  1.54528
-0.349636
 -1.76166
  1.82352
 0.149646
-0.955109
 -2.07054
  1.54528
-0.349637
 -1.76166
  1.82352
 0.149646
-0.955109
 -2.07054
  1.54528
-0.349636
 -1.76166
  1.82352
 0.149646
-0.955109
 -2.07054
  1.54528
-0.349636
 -1.76166
  1.82352
 0.149646
-0.955109
 -2.07054
  1.54528
-0.349636
 -1.76166
  1.82352
 0.149646
-0.955109
 -2.07054
  1.54528
-0.349636
 -1.76166
  1.82352
 0.149646
-0.955109
 -2.07054
  1.54528
-0.349636
 -1.76166
  1.82352
 0.149646
-0.955109
 -2.07054
  1.54528
-0.349636
 -1.76166
  1.82352
 0.149646
-0.955109
 -2.07054
  1.54528
-0.349636
 -1.76166
  1.82352
 0.149646
-0.955109
 -2.07054
  1.54528
-0.349636
 -1.76166
  1.82352
 0.149646
-0.955109
 -2.07054
  1.54528
-0.349636
 -1.76166
  1.82352
 0.149646
-0.955109
 -2.07054
  1.54528
-0.349636
 -1.76166
  1.82352
 0.149646
-0.955109
 -2.07054
  1.54528
-0.349637
 -1.76166
  1.82352
 0.149646
-0.955109
 -2.07054
  1.54528
-0.349636
 -1.76166
  1.82352
 0.149646
-0.955109
 -2.07054
  1.54528
-0.349636
 -1.76166
  1.82352
 0.149646
-0.955109
 -2.07054
  1.54528
-0.349636
 -1.76166
  1.82352
 0.149646
-0.955109
 -2.07054
  1.54528
-0.349636
 -1.76166
  1.82352
 0.149646
-0.955109
 -2.07054
  1.54528
-0.349636
 -1.76166
  1.82352
 0.149646
-0.955109
 -2.07054
  1.54528
-0.349637
 -1.76166
  1.82352
 0.149646
-0.955109
 -2.07054
  1.54528
-0.349637
 -1.76166
  1.82352
 0.149646
-0.955109
 -2.07054
  1.54528
-0.349636
 -1.76166
  1.82352
 0.149646
-0.955109
 -2.07054
  1.54528
-0.349636
 -1.76166
  1.82352
 0.149646
-0.955109
 -2.07054
  1.54528
-0.349636
 -1.76166
  1.82352
 0.149646
-0.955109
 -2.07054
  1.54528
-0.349636
 -1.76166
  1.82352
 0.149646
-0.955109
 -2.07054
  1.54528
-0.349636
 -1.76166
  1.82352
 0.149646
-0.955109
 -2.07054
  1.54528
-0.349637
 -1.76166
  1.82352
 0.149646
-0.955109
 -2.07054
  1.54528
-0.349637
 -1.76166
  1.82352
 0.149646
-0.955109
 -2.07054
  1.54528
-0.349637
 -1.76166
  1.82352
 0.149646
-0.955109
 -2.07054
  1.54528
-0.349637
 -1.76166
  1.82352
 0.149646
-0.955109
 -2.07054
  1.54528
-0.349636
 -1.76166
  1.82352
 0.149646
-0.955109
 -2.07054
  1.54528
-0.349636
 -1.76166
  1.82352
 0.149646
-0.955109
 -2.07054
  1.54528
-0.349636
 -1.76166
  1.82352
 0.149646
-0.955109
 -2.07054
  1.54528
-0.349637
 -1.76166
  1.82352
 0.149646
-0.955109
 -2.07054
  1.54528
-0.349636
 -1.76166
  1.82352
 0.149646
-0.955109
 -2.07054
  1.54528
-0.349636
 -1.76166
  1.82352
 0.149646
-0.955109
 -2.07054
  1.54528
-0.349637
 -1.76166
  1.82352
 0.149646
-0.955109
 -2.07054
  1.54528
-0.349637
 -1.76166
  1.82352
 0.149646
-0.955109
 -2.07054
  1.54528
-0.349636
 -1.76166
  1.82352
 0.149646
-0.955109
 -2.07054
  1.54528
-0.349637
 -1.76166
  1.82352
 0.149646
-0.955109
 -2.07054
  1.54528
-0.349637
 -1.76166
  1.82352
 0.149646
-0.955109
 -2.07054
  1.54528
-0.349636
 -1.76166
  1.82352
 0.149646
-0.955109
 -2.07054
  1.54528
-0.349636
 -1.76166
  1.82352
 0.149646
-0.955109
 -2.07054
  1.54528
-0.349636
 -1.76166
  1.82352
 0.149646
-0.955109
 -2.07054
  1.54528
-0.349637
 -1.76166
  1.82352
 0.149646
-0.955109
 -2.07054
  1.54528
-0.349636
 -1.76166
  1.82352
 0.149646
-0.955109
 -2.07054
  1.54528
-0.349636
 -1.76166
  1.82352
 0.149646
-0.955109
 -2.07054
  1.54528
-0.349636
 -1.76166
  1.82352
 0.149646
-0.955109
 -2.07054
  1.54528
-0.349636
 -1.76166
  1.82352
 0.149646
-0.955109
 -2.07054
  1.54528
-0.349636
 -1.76166
  1.82352
 0.149646
-0.955109
 -2.07054
  1.54528
-0.349636
 -1.76166
  1.82352
 0.149646
-0.955109
 -2.07054
  1.54528
-0.349637
 -1.76166
  1.82352
 0.149646
-0.955109
 -2.07054
  1.54528
-0.349636
 -1.76166
  1.82352
 0.149646
-0.955109
 -2.07054
  1.54528
-0.349636
 -1.76166
  1.82352
 0.149646
-0.955109
 -2.07054
  1.54528
-0.349636
 -1.76166
  1.82352
 0.149646
-0.955109
 -2.07054
  1.54528
-0.349636
 -1.76166
  1.82352
 0.149646
-0.955109
 -2.07054
  1.54528
-0.349636
 -1.76166
  1.82352
 0.149646
-0.955109
 -2.07054
  1.54528
-0.349636
 -1.76166
  1.82352
 0.149646
-0.955109
 -2.07054
  1.54528
-0.349636
 -1.76166
  1.82352
 0.149646
-0.955109
 -2.07054
  1.54528
-0.349636
 -1.76166
  1.82352
 0.149646
-0.955109
 -2.07054
  1.54528
-0.349636
 -1.76166
  1.82352
 0.149646
-0.955109
 -2.07054
  1.54528
-0.349636
 -1.76166
  1.82352
 0.149646
-0.955109
 -2.07054
  1.54528
-0.349636
 -1.76166
  1.82352
 0.149646
-0.955109
 -2.07054
  1.54528
-0.349636
 -1.76166
  1.82352
 0.149646
-0.955109
 -2.07054
  1.54528
-0.349636
 -1.76166
  1.82352
 0.149646
-0.955109
 -2.07054
  1.54528
-0.349636
 -1.76166
  1.82352
 0.149646
-0.955109
 -2.07054
  1.54528
-0.349636
 -1.76166
  1.82352
 0.149646
-0.955109
 -2.07054
  1.54528
-0.349636
 -1.76166
  1.82352
 0.149646
-0.955109
 -2.07054
  1.54528
-0.349636
 -1.76166
  1.82352
 0.149646
-0.955109
 -2.07054
  1.54528
-0.349636
 -1.76166
  1.82352
 0.149646
-0.955109
 -2.07054
  1.54528
-0.349636
 -1.76166
  1.82352
 0.149646
-0.955109
 -2.07054
  1.54528
-0.349636
 -1.76166
  1.82352
 0.149646
-0.955109
 -2.07054
  1.54528
-0.349636
 -1.76166
  1.82352
 0.149646
-0.955109
 -2.07054
  1.54528
-0.349636
 -1.76166
  1.82352
 0.149646
-0.955109
 -2.07054
  1.54528
-0.349636
 -1.76166
  1.82352
 0.149646
-0.955109
 -2.07054
  1.54528
-0.349636
 -1.76166
  1.82352
 0.149646
-0.955109
 -2.07054
  1.54528
-0.349637
 -1.76166
  1.82352
 0.149646
-0.955109
 -2.07054
  1.54528
-0.349636
 -1.76166
  1.82352
 0.149646
-0.955109
 -2.07054
  1.54528
-0.349637
 -1.76166
  1.82352
 0.149646
-0.955109
 -2.07054
  1.54528
-0.349637
 -1.76166
  1.82352
 0.149646
-0.955109
 -2.07054
  1.54528
-0.349637
 -1.76166
  1.82352
 0.149646
-0.955109
 -2.07054
  1.54528
-0.349636
 -1.76166
  1.82352
 0.149646
-0.955109
 -2.07054
  1.54528
-0.349637
 -1.76166
  1.82352
 0.149646
-0.955109
 -2.07054
  1.54528
-0.349636
 -1.76166
  1.82352
 0.149646
-0.955109
 -2.07054
  1.54528
-0.349637
 -1.76166
  1.82352
 0.149646
-0.955109
 -2.07054
  1.54528
-0.349636
 -1.76166
  1.82352
 0.149646
-0.955109
 -2.07054
  1.54528
-0.349636
 -1.76166
  1.82352
 0.149646
-0.955109
 -2.07054
  1.54528
-0.349636
 -1.76166
  1.82352
 0.149646
-0.955109
 -2.07054
  1.54528
-0.349636
 -1.76166
  1.82352
 0.149646
-0.955109
 -2.07054
  1.54528
-0.349637
 -1.76166
  1.82352
 0.149646
-0.955109
 -2.07054
  1.54528
-0.349637
 -1.76166
  1.82352
 0.149646
-0.955109
 -2.07054
  1.54528
-0.349637
 -1.76166
  1.82352
 0.149646
-0.955109
 -2.07054
  1.54528
-0.349637
 -1.76166
  1.82352
 0.149646
-0.955109
 -2.07054
  1.54528
-0.349636
 -1.76166
  1.82352
 0.149646
-0.955109
 -2.07055
  1.54528
-0.349637
 -1.76166
  1.82352
 0.149646
-0.955109
 -2.07054
  1.54528
-0.349637
 -1.76166
  1.82352
 0.149646
-0.955109
 -2.07054
  1.54528
-0.349636
 -1.76166
  1.82352
 0.149646
-0.955109
 -2.07054
  1.54528
-0.349636
 -1.76166
  1.82352
 0.149646
-0.955109
 -2.07054
  1.54528
-0.349636
 -1.76166
  1.82352
 0.149646
-0.955109
 -2.07055
  1.54528
-0.349637
 -1.76166
  1.82352
 0.149646
-0.955111
 -2.07056
  1.54528
-0.349637
 -1.76166
  1.82352
 0.149646
 -0.95511
 -2.07056
  1.54528
-0.349637
 -1.76166
  1.82352
 0.149645
 -0.95511
 -2.07056
  1.54528
-0.349636
 -1.76167
  1.82352
 0.149641
-0.955111
 -2.07055
  1.54528
-0.349636
 -1.76167
  1.82352
 0.149632
-0.955103
 -2.07056
  1.54527
-0.349635
 -1.76167
  1.82353
 0.149598
-0.955108
 -2.07055
  1.54522
-0.349625
 -1.76167
  1.82352
 0.149531
-0.955097
 -2.07054
  1.54516
-0.349606
 -1.76167
  1.82352
  0.14941
-0.955094
 -2.07049
  1.54508
-0.349582
 -1.76167
  1.82348
 0.149216
-0.955036
 -2.07043
  1.54493
-0.349552
 -1.76166
  1.82343
 0.148937
-0.954974
 -2.07031
  1.54468
-0.349498
 -1.76166
  1.82348
 0.148558
-0.954984
 -2.07011
  1.54432
-0.349375
 -1.76165
  1.82348
 0.148093
-0.954961
 -2.06982
  1.54387
-0.349194
 -1.76164
   1.8234
 0.147553
-0.954809
 -2.06947
  1.54338
-0.349002
 -1.76163
  1.82337
 0.146942
-0.954692
 -2.06904
  1.54279
 -0.34879
 -1.76162
  1.82342
 0.146233
-0.954641
 -2.06856
  1.54211
-0.348552
 -1.76162
  1.82342
  0.14544
 -0.95451
 -2.06805
  1.54142
-0.348313
-1.76162
 1.82334
0.144571
-0.95432
-2.06752
 1.54072
-0.34808
 -1.76161
  1.82336
 0.143608
-0.954213
 -2.06692
  1.53993
-0.347861
 -1.76161
   1.8233
 0.142574
-0.954016
 -2.06628
  1.53911
 -0.34764
 -1.76161
  1.82322
 0.141464
-0.953849
  -2.0656
   1.5382
-0.347397
 -1.76161
  1.82322
 0.140264
-0.953819
 -2.06487
  1.53725
-0.347088
 -1.76162
  1.82313
 0.139003
-0.953723
 -2.06413
  1.53626
 -0.34675
 -1.76163
  1.82309
 0.137663
-0.953679
 -2.06334
  1.53522
-0.346406
 -1.76163
  1.82297
 0.136264
-0.953495
 -2.06252
  1.53416
-0.346054
 -1.76164
  1.82292
   0.1348
-0.953397
 -2.06169
  1.53305
-0.345718
 -1.76164
  1.82279
 0.133279
-0.953152
 -2.06085
  1.53188
-0.345384
 -1.76166
  1.82274
 0.131688
-0.953044
 -2.05996
  1.53071
-0.345034
 -1.76167
  1.82261
 0.130041
-0.952791
 -2.05905
   1.5295
-0.344655
 -1.76169
   1.8226
 0.128334
-0.952645
 -2.05811
  1.52817
-0.344281
 -1.76171
  1.82252
 0.126579
-0.952339
 -2.05718
  1.52684
-0.343899
 -1.76173
  1.82252
 0.124791
-0.952108
 -2.05615
  1.52538
-0.343484
 -1.76175
  1.82245
 0.122986
 -0.95174
 -2.05513
  1.52393
-0.343022
 -1.76178
  1.82246
 0.121158
-0.951434
 -2.05407
  1.52245
-0.342527
 -1.76183
  1.82239
 0.119311
-0.951053
 -2.05296
  1.52095
-0.342049
 -1.76187
   1.8224
 0.117438
-0.950789
 -2.05182
  1.51944
-0.341582
 -1.76193
  1.82234
 0.115522
-0.950397
 -2.05069
   1.5179
-0.341107
 -1.76198
  1.82234
 0.113523
-0.950128
 -2.04953
  1.51636
-0.340615
 -1.76203
  1.82223
 0.111436
-0.949745
 -2.04839
  1.51474
-0.340125
 -1.76209
  1.82222
 0.109271
-0.949509
 -2.04724
  1.51307
-0.339651
 -1.76215
  1.82212
 0.107084
 -0.94914
 -2.04608
  1.51133
-0.339156
 -1.76222
  1.82201
 0.104896
-0.948775
 -2.04485
  1.50962
-0.338648
 -1.76228
  1.82189
 0.102724
-0.948417
 -2.04359
  1.50786
-0.338141
 -1.76234
  1.82191
 0.100539
-0.948215
 -2.04229
  1.50611
-0.337663
 -1.76236
  1.82187
 0.098356
-0.947941
 -2.04099
  1.50434
-0.337159
 -1.76236
  1.82181
0.0961736
-0.947597
 -2.03969
  1.50256
 -0.33663
 -1.76232
  1.82179
0.0939869
-0.947282
 -2.03838
  1.50076
-0.336118
 -1.76226
  1.82178
0.0917656
 -0.94696
 -2.03706
  1.49894
-0.335625
 -1.76218
  1.82176
0.0894822
-0.946628
 -2.03577
  1.49708
-0.335105
 -1.76208
  1.82177
0.0871625
-0.946351
 -2.03444
  1.49521
-0.334573
 -1.76196
  1.82178
0.0848126
-0.946063
 -2.03314
  1.49335
-0.334061
 -1.76183
   1.8218
0.0824381
-0.945759
 -2.03181
  1.49148
-0.333552
 -1.76173
  1.82184
0.0800349
-0.945465
 -2.03046
  1.48964
-0.333036
 -1.76167
  1.82186
0.0776298
-0.945147
 -2.02916
  1.48773
-0.332499
 -1.76153
  1.82194
0.0752956
-0.944905
 -2.02784
  1.48581
-0.331992
 -1.76138
  1.82201
0.0729316
-0.944633
 -2.02652
  1.48384
-0.331489
 -1.76129
  1.82198
0.0705179
-0.944161
  -2.0252
  1.48191
-0.330974
 -1.76117
  1.82202
0.0681295
-0.943776
 -2.02388
  1.48001
-0.330446
 -1.76108
  1.82215
0.0657575
-0.943479
 -2.02256
  1.47805
-0.329959
 -1.76105
  1.82222
0.0633543
-0.943051
 -2.02125
  1.47614
-0.329478
 -1.76104
  1.82231
0.0609543
-0.942669
 -2.01995
  1.47427
-0.328987
 -1.76097
  1.82235
0.0586943
-0.942163
 -2.01866
  1.47244
-0.328498
 -1.76092
   1.8225
0.0564681
-0.941797
 -2.01736
  1.47056
-0.328042
 -1.76098
  1.82255
0.0541535
-0.941294
 -2.01609
  1.46875
-0.327596
 -1.76102
  1.82261
0.0518579
 -0.94075
 -2.01481
    1.467
-0.327129
 -1.76099
  1.82277
0.0497007
-0.940419
 -2.01354
  1.46517
-0.326662
 -1.76099
  1.82289
0.0475699
-0.939987
 -2.01228
  1.46338
-0.326217
 -1.76107
  1.82291
0.0453747
-0.939455
 -2.01104
  1.46165
-0.325806
 -1.76116
  1.82294
0.0432228
-0.938967
 -2.00981
  1.45996
-0.325384
 -1.76115
  1.82309
0.0411616
-0.938628
 -2.00862
  1.45821
-0.324942
 -1.76117
  1.82322
0.0390777
-0.938237
 -2.00746
  1.45652
 -0.32453
 -1.76126
  1.82326
0.0369203
-0.937767
 -2.00632
  1.45493
-0.324141
 -1.76135
  1.82334
0.0348208
-0.937334
  -2.0052
  1.45335
-0.323762
 -1.76137
  1.82342
0.0328929
 -0.93687
 -2.00414
  1.45174
-0.323378
  -1.7614
   1.8235
0.0310101
-0.936402
 -2.00307
   1.4502
-0.322979
 -1.76153
   1.8236
0.0290426
 -0.93598
 -2.00202
  1.44872
-0.322607
 -1.76156
  1.82364
0.0271898
-0.935502
 -2.00102
  1.44728
 -0.32228
 -1.76166
  1.82366
0.0253873
 -0.93503
       -2
  1.44579
 -0.32195
 -1.76178
  1.82382
0.0236092
-0.934738
 -1.99903
  1.44438
-0.321624
 -1.76177
  1.82395
  0.02197
 -0.93439
 -1.99816
    1.443
-0.321291
 -1.76181
  1.82398
 0.020361
-0.933969
 -1.99729
  1.44171
-0.320959
 -1.76192
  1.82406
0.0187226
-0.933596
 -1.99639
  1.44045
-0.320665
 -1.76192
  1.82414
0.0172177
 -0.93319
 -1.99556
  1.43923
-0.320414
 -1.76196
  1.82423
0.0157636
-0.932839
 -1.99478
  1.43802
-0.320162
 -1.76207
  1.82431
0.0142847
-0.932491
 -1.99401
   1.4369
-0.319907
 -1.76206
   1.8244
0.0129516
-0.932164
 -1.99326
  1.43582
-0.319648
 -1.76212
   1.8245
0.0116506
-0.931849
 -1.99255
  1.43477
-0.319387
 -1.76221
  1.82454
0.0103602
-0.931489
 -1.99189
  1.43379
-0.319138
  -1.76232
   1.82457
0.00913096
 -0.931135
  -1.99124
   1.43286
 -0.318919
  -1.76233
   1.82472
0.00808618
 -0.930897
  -1.99065
   1.43194
 -0.318728
 -1.76235
  1.82484
0.0071097
-0.930582
  -1.9901
  1.43108
-0.318567
  -1.76245
   1.82484
0.00607199
 -0.930188
  -1.98957
   1.43033
 -0.318436
  -1.76245
   1.82486
0.00516646
 -0.929841
  -1.98909
    1.4296
 -0.318308
  -1.76252
   1.82497
0.00434003
   -0.9297
  -1.98865
   1.42892
 -0.318178
  -1.76257
     1.825
0.00354002
  -0.92953
  -1.98824
    1.4283
 -0.318046
  -1.76265
   1.82505
0.00278447
 -0.929415
  -1.98784
   1.42777
 -0.317908
  -1.76279
   1.82502
0.00208256
 -0.929229
   -1.9875
   1.42725
 -0.317773
  -1.76281
   1.82509
0.00155507
 -0.929145
   -1.9872
   1.42677
 -0.317642
  -1.76283
   1.82507
0.00109787
 -0.928982
  -1.98694
   1.42636
 -0.317516
   -1.76291
    1.82513
0.000641935
  -0.928957
   -1.98669
    1.42608
  -0.317416
  -1.76294
   1.82508
0.00026569
 -0.928826
  -1.98652
   1.42585
 -0.317358
    -1.76298
     1.82513
-2.15716e-05
   -0.928845
    -1.98637
     1.42565
   -0.317322
    -1.76301
     1.82519
-0.000234951
   -0.928876
    -1.98625
     1.42547
   -0.317299
    -1.76302
     1.82527
-0.000383016
   -0.928881
    -1.98618
     1.42533
   -0.317292
   -1.76303
    1.82523
-0.00045564
  -0.928815
   -1.98618
    1.42527
  -0.317292
    -1.76304
     1.82523
-0.000451685
   -0.928786
    -1.98618
     1.42527
   -0.317293
   -1.76307
    1.82526
-0.00041004
  -0.928809
   -1.98619
    1.42528
  -0.317293
    -1.76308
     1.82525
-0.000352456
   -0.928825
    -1.98621
     1.42528
   -0.317293
    -1.76309
     1.82525
-0.000283607
   -0.928836
    -1.98623
     1.42529
   -0.317293
     -1.7631
     1.82525
-0.000202713
   -0.928831
    -1.98625
     1.42529
   -0.317293
     -1.7631
     1.82525
-0.000121101
   -0.928826
    -1.98627
     1.42529
   -0.317293
     -1.7631
     1.82525
-4.41618e-05
   -0.928826
    -1.98628
     1.42529
   -0.317293
    -1.7631
    1.82524
3.18181e-05
  -0.928826
   -1.98631
     1.4253
  -0.317293
   -1.76311
    1.82523
0.000101566
  -0.928824
   -1.98634
    1.42532
  -0.317293
   -1.76311
    1.82523
0.000159929
  -0.928817
   -1.98636
    1.42534
  -0.317293
   -1.76312
    1.82523
0.000207027
  -0.928817
   -1.98637
    1.42535
  -0.317293
   -1.76313
    1.82523
0.000245916
  -0.928817
   -1.98638
    1.42536
  -0.317293
   -1.76314
    1.82523
0.000274738
  -0.928817
   -1.98639
    1.42536
  -0.317293
   -1.76314
    1.82523
0.000295411
  -0.928818
    -1.9864
    1.42537
  -0.317293
  -1.76315
   1.82523
0.00031159
  -0.92882
  -1.98641
   1.42537
 -0.317293
   -1.76315
    1.82523
0.000323874
  -0.928824
   -1.98642
    1.42538
  -0.317293
   -1.76315
    1.82523
0.000332442
  -0.928826
   -1.98642
    1.42538
  -0.317293
   -1.76315
    1.82524
0.000338794
  -0.928826
   -1.98643
    1.42538
  -0.317293
   -1.76315
    1.82524
0.000342509
  -0.928826
   -1.98643
    1.42539
  -0.317293
   -1.76315
    1.82523
0.000339693
  -0.928826
   -1.98644
    1.42539
  -0.317293
   -1.76315
    1.82523
0.000330765
  -0.928825
   -1.98644
    1.42539
  -0.317293
   -1.76316
    1.82523
0.000317163
  -0.928824
   -1.98645
    1.42539
  -0.317293
   -1.76316
    1.82523
0.000298048
  -0.928822
   -1.98645
     1.4254
  -0.317293
   -1.76316
    1.82523
0.000274079
  -0.928821
   -1.98645
     1.4254
  -0.317293
   -1.76317
    1.82523
0.000246875
  -0.928821
   -1.98646
     1.4254
  -0.317293
   -1.76318
    1.82523
0.000219611
  -0.928822
   -1.98646
     1.4254
  -0.317293
   -1.76318
    1.82523
0.000194264
  -0.928822
   -1.98646
    1.42541
  -0.317293
   -1.76319
    1.82523
0.000170835
  -0.928822
   -1.98646
    1.42541
  -0.317293
    -1.7632
    1.82523
0.000145728
  -0.928823
   -1.98647
    1.42541
  -0.317293
    -1.7632
    1.82523
0.000120681
  -0.928825
   -1.98647
    1.42541
  -0.317293
    -1.7632
    1.82523
9.62932e-05
  -0.928825
   -1.98647
    1.42541
  -0.317293
   -1.76321
    1.82523
7.53209e-05
  -0.928825
   -1.98647
    1.42541
  -0.317293
   -1.76321
    1.82523
5.85429e-05
  -0.928825
   -1.98647
    1.42541
  -0.317293
   -1.76321
    1.82523
4.41618e-05
  -0.928824
   -1.98648
    1.42541
  -0.317293
   -1.76321
    1.82523
3.09193e-05
  -0.928824
   -1.98648
    1.42541
  -0.317293
   -1.76321
    1.82523
1.88152e-05
  -0.928823
   -1.98648
    1.42541
  -0.317293
   -1.76321
    1.82523
6.71112e-06
  -0.928822
   -1.98648
    1.42541
  -0.317293
    -1.76321
     1.82523
-6.05204e-06
   -0.928822
    -1.98648
     1.42542
   -0.317293
    -1.76321
     1.82523
-1.92347e-05
   -0.928822
    -1.98648
     1.42542
   -0.317293
    -1.76321
     1.82523
-3.15785e-05
   -0.928822
    -1.98649
     1.42542
   -0.317293
    -1.76321
     1.82523
-4.23043e-05
   -0.928823
    -1.98649
     1.42542
   -0.317293
    -1.76321
     1.82523
-5.20715e-05
   -0.928824
    -1.98649
     1.42542
   -0.317293
    -1.76321
     1.82523
-6.05204e-05
   -0.928824
    -1.98649
     1.42542
   -0.317293
    -1.76321
     1.82523
-6.84299e-05
   -0.928825
    -1.98649
     1.42542
   -0.317293
    -1.76322
     1.82523
-7.58602e-05
   -0.928825
    -1.98649
     1.42542
   -0.317293
    -1.76322
     1.82523
-8.34702e-05
   -0.928824
    -1.98649
     1.42542
   -0.317293
    -1.76322
     1.82523
-9.06607e-05
   -0.928824
    -1.98649
     1.42542
   -0.317293
    -1.76322
     1.82523
-9.82707e-05
   -0.928824
    -1.98649
     1.42542
   -0.317293
    -1.76322
     1.82523
-0.000105941
   -0.928823
    -1.98649
     1.42542
   -0.317293
    -1.76322
     1.82523
-0.000112891
   -0.928823
    -1.98649
     1.42542
   -0.317293
    -1.76323
     1.82523
-0.000119603
   -0.928823
    -1.98649
     1.42542
   -0.317293
    -1.76323
     1.82523
-0.000125774
   -0.928823
    -1.98649
     1.42542
   -0.317293
    -1.76323
     1.82523
-0.000131647
   -0.928823
    -1.98649
     1.42542
   -0.317293
   -1.76323
    1.82523
-0.00013698
  -0.928823
    -1.9865
    1.42542
  -0.317293
    -1.76323
     1.82523
-0.000141893
   -0.928824
     -1.9865
     1.42542
   -0.317293
    -1.76323
     1.82523
-0.000146088
   -0.928824
     -1.9865
     1.42542
   -0.317293
    -1.76323
     1.82523
-0.000149923
   -0.928824
     -1.9865
     1.42542
   -0.317293
    -1.76323
     1.82523
-0.000153758
   -0.928824
     -1.9865
     1.42542
   -0.317293
    -1.76323
     1.82523
-0.000156993
   -0.928824
     -1.9865
     1.42542
   -0.317293
    -1.76323
     1.82523
-0.000160289
   -0.928824
     -1.9865
     1.42542
   -0.317293
    -1.76323
     1.82523
-0.000163884
   -0.928824
     -1.9865
     1.42542
   -0.317293
   -1.76323
    1.82523
-0.00016724
  -0.928823
    -1.9865
    1.42542
  -0.317293
    -1.76323
     1.82523
-0.000170895
   -0.928823
     -1.9865
     1.42542
   -0.317293
   -1.76323
    1.82523
-0.00017461
  -0.928823
    -1.9865
    1.42542
  -0.317293
    -1.76323
     1.82523
-0.000178625
   -0.928823
     -1.9865
     1.42542
   -0.317293
   -1.76323
    1.82523
-0.00018264
  -0.928823
    -1.9865
    1.42542
  -0.317293
    -1.76324
     1.82523
-0.000186355
   -0.928823
     -1.9865
     1.42543
   -0.317293
   -1.76324
    1.82523
-0.00019001
  -0.928824
    -1.9865
    1.42543
  -0.317293
    -1.76324
     1.82523
-0.000193545
   -0.928824
     -1.9865
     1.42543
   -0.317293
    -1.76324
     1.82523
-0.000196841
   -0.928824
     -1.9865
     1.42543
   -0.317293
    -1.76324
     1.82523
-0.000199477
   -0.928824
    -1.98651
     1.42543
   -0.317293
    -1.76324
     1.82523
-0.000201575
   -0.928824
    -1.98651
     1.42543
   -0.317293
    -1.76324
     1.82523
-0.000203372
   -0.928824
    -1.98652
     1.42543
   -0.317293
    -1.76324
     1.82523
-0.000204691
   -0.928824
    -1.98653
     1.42543
   -0.317293
    -1.76324
     1.82523
-0.000205949
   -0.928823
    -1.98655
     1.42543
   -0.317293
    -1.76324
     1.82523
-0.000207387
   -0.928823
    -1.98656
     1.42543
   -0.317293
    -1.76324
     1.82523
-0.000209005
   -0.928823
    -1.98658
     1.42543
   -0.317293
    -1.76324
     1.82523
-0.000211042
   -0.928823
    -1.98659
     1.42543
   -0.317293
    -1.76324
     1.82523
-0.000213139
   -0.928823
     -1.9866
     1.42543
   -0.317293
    -1.76324
     1.82523
-0.000215596
   -0.928823
     -1.9866
     1.42543
   -0.317293
    -1.76324
     1.82523
-0.000217873
   -0.928824
     -1.9866
     1.42543
   -0.317293
    -1.76325
     1.82523
-0.000219791
   -0.928824
     -1.9866
     1.42543
   -0.317293
    -1.76325
     1.82523
-0.000221708
   -0.928824
     -1.9866
     1.42543
   -0.317293
    -1.76325
     1.82523
-0.000223266
   -0.928824
     -1.9866
     1.42543
   -0.317293
    -1.76325
     1.82523
-0.000224584
   -0.928824
     -1.9866
     1.42543
   -0.317293
    -1.76325
     1.82523
-0.000225783
   -0.928824
    -1.98659
     1.42543
   -0.317293
    -1.76325
     1.82523
-0.000227281
   -0.928824
    -1.98658
     1.42543
   -0.317293
    -1.76325
     1.82523
-0.000228659
   -0.928823
    -1.98658
     1.42543
   -0.317293
    -1.76325
     1.82523
-0.000230157
   -0.928823
    -1.98658
     1.42543
   -0.317293
    -1.76325
     1.82523
-0.000232374
   -0.928823
    -1.98658
     1.42543
   -0.317293
    -1.76325
     1.82523
-0.000234052
   -0.928823
    -1.98657
     1.42543
   -0.317293
   -1.76325
    1.82523
-0.00023573
  -0.928824
   -1.98656
    1.42543
  -0.317293
    -1.76325
     1.82523
-0.000237228
   -0.928824
    -1.98655
     1.42543
   -0.317293
    -1.76325
     1.82523
-0.000238306
   -0.928824
    -1.98653
     1.42543
   -0.317293
    -1.76325
     1.82523
-0.000239445
   -0.928824
     -1.9865
     1.42543
   -0.317293
    -1.76325
     1.82523
-0.000240284
   -0.928824
    -1.98647
     1.42543
   -0.317293
    -1.76325
     1.82523
-0.000241063
   -0.928824
    -1.98644
     1.42543
   -0.317293
    -1.76325
     1.82523
-0.000241962
   -0.928824
    -1.98642
     1.42543
   -0.317293
   -1.76325
    1.82523
-0.00024298
  -0.928824
   -1.98641
    1.42543
  -0.317293
    -1.76325
     1.82523
-0.000244179
   -0.928823
    -1.98639
     1.42543
   -0.317293
    -1.76325
     1.82523
-0.000245077
   -0.928823
    -1.98638
     1.42543
   -0.317293
    -1.76325
     1.82523
-0.000246036
   -0.928823
    -1.98637
     1.42543
   -0.317293
    -1.76325
     1.82523
-0.000246995
   -0.928823
    -1.98636
     1.42543
   -0.317293
    -1.76325
     1.82523
-0.000247834
   -0.928823
    -1.98636
     1.42543
   -0.317293
    -1.76325
     1.82523
-0.000248553
   -0.928824
    -1.98635
     1.42543
   -0.317293
    -1.76325
     1.82523
-0.000249452
   -0.928824
    -1.98635
     1.42543
   -0.317293
    -1.76325
     1.82523
-0.000250291
   -0.928824
    -1.98634
     1.42543
   -0.317293
    -1.76325
     1.82523
-0.000248972
   -0.928824
    -1.98634
     1.42543
   -0.317293
    -1.76325
     1.82523
-0.000247235
   -0.928824
    -1.98634
     1.42543
   -0.317293
    -1.76325
     1.82523
-0.000246516
   -0.928823
    -1.98634
     1.42543
   -0.317293
    -1.76325
     1.82523
-0.000246096
   -0.928823
    -1.98633
     1.42543
   -0.317293
    -1.76325
     1.82523
-0.000246036
   -0.928823
    -1.98633
     1.42543
   -0.317293
    -1.76325
     1.82523
-0.000245617
   -0.928823
    -1.98633
     1.42543
   -0.317293
    -1.76325
     1.82523
-0.000245197
   -0.928823
    -1.98633
     1.42543
   -0.317293
    -1.76325
     1.82523
-0.000245197
   -0.928823
    -1.98633
     1.42543
   -0.317293
    -1.76325
     1.82523
-0.000245197
   -0.928823
    -1.98633
     1.42543
   -0.317293
    -1.76325
     1.82523
-0.000245257
   -0.928823
    -1.98633
     1.42543
   -0.317293
    -1.76325
     1.82523
-0.000245377
   -0.928823
    -1.98632
     1.42543
   -0.317293
    -1.76325
     1.82523
-0.000245377
   -0.928824
    -1.98632
     1.42543
   -0.317293
    -1.76325
     1.82523
-0.000245377
   -0.928824
    -1.98632
     1.42543
   -0.317293
    -1.76325
     1.82523
-0.000245317
   -0.928824
    -1.98632
     1.42543
   -0.317293
    -1.76325
     1.82523
-0.000245377
   -0.928824
    -1.98632
     1.42543
   -0.317293
    -1.76325
     1.82523
-0.000245317
   -0.928823
    -1.98632
     1.42543
   -0.317293
    -1.76325
     1.82523
-0.000245197
   -0.928823
    -1.98632
     1.42543
   -0.317293
    -1.76325
     1.82523
-0.000244898
   -0.928823
    -1.98632
     1.42543
   -0.317293
    -1.76325
     1.82523
-0.000244958
   -0.928823
    -1.98632
     1.42543
   -0.317293
    -1.76325
     1.82523
-0.000244958
   -0.928823
    -1.98632
     1.42543
   -0.317293
    -1.76325
     1.82523
-0.000244958
   -0.928824
    -1.98632
     1.42543
   -0.317293
    -1.76325
     1.82523
-0.000245257
   -0.928824
    -1.98632
     1.42543
   -0.317293
    -1.76325
     1.82523
-0.000245257
   -0.928823
    -1.98632
     1.42543
   -0.317293
    -1.76325
     1.82523
-0.000245377
   -0.928823
    -1.98632
     1.42543
   -0.317293
    -1.76325
     1.82523
-0.000245197
   -0.928823
    -1.98632
     1.42543
   -0.317293
    -1.76325
     1.82523
-0.000245197
   -0.928823
    -1.98632
     1.42543
   -0.317293
    -1.76325
     1.82523
-0.000245317
   -0.928823
    -1.98632
     1.42543
   -0.317293
    -1.76325
     1.82523
-0.000245197
   -0.928823
    -1.98632
     1.42543
   -0.317293
    -1.76325
     1.82523
-0.000245197
   -0.928823
    -1.98632
     1.42543
   -0.317293
    -1.76325
     1.82523
-0.000245197
   -0.928823
    -1.98632
     1.42543
   -0.317293
    -1.76325
     1.82523
-0.000245197
   -0.928823
    -1.98632
     1.42543
   -0.317293
    -1.76325
     1.82523
-0.000245077
   -0.928823
    -1.98632
     1.42543
   -0.317293
    -1.76325
     1.82523
-0.000245077
   -0.928823
    -1.98631
     1.42543
   -0.317293
    -1.76325
     1.82523
-0.000244958
   -0.928823
    -1.98631
     1.42543
   -0.317293
    -1.76325
     1.82523
-0.000245077
   -0.928823
    -1.98631
     1.42543
   -0.317293
    -1.76325
     1.82523
-0.000244958
   -0.928823
    -1.98631
     1.42543
   -0.317293
    -1.76325
     1.82523
-0.000244958
   -0.928823
    -1.98631
     1.42543
   -0.317293
    -1.76325
     1.82523
-0.000245077
   -0.928823
    -1.98631
     1.42543
   -0.317293
    -1.76325
     1.82523
-0.000245077
   -0.928823
    -1.98631
     1.42543
   -0.317293
    -1.76325
     1.82523
-0.000245257
   -0.928823
    -1.98631
     1.42543
   -0.317293
    -1.76325
     1.82523
-0.000245257
   -0.928823
    -1.98631
     1.42543
   -0.317293
    -1.76325
     1.82523
-0.000245257
   -0.928823
    -1.98631
     1.42543
   -0.317293
    -1.76325
     1.82523
-0.000245197
   -0.928823
    -1.98631
     1.42543
   -0.317293
    -1.76325
     1.82523
-0.000245197
   -0.928823
    -1.98631
     1.42543
   -0.317293
    -1.76326
     1.82523
-0.000245257
   -0.928823
    -1.98631
     1.42543
   -0.317293
    -1.76326
     1.82523
-0.000244958
   -0.928823
    -1.98631
     1.42543
   -0.317293
    -1.76326
     1.82523
-0.000245077
   -0.928823
    -1.98631
     1.42543
   -0.317293
    -1.76326
     1.82523
-0.000245077
   -0.928823
    -1.98631
     1.42543
   -0.317293
    -1.76326
     1.82523
-0.000245197
   -0.928823
    -1.98631
     1.42543
   -0.317293
    -1.76326
     1.82523
-0.000245197
   -0.928823
    -1.98631
     1.42543
   -0.317293
    -1.76326
     1.82523
-0.000245197
   -0.928823
    -1.98631
     1.42543
   -0.317293
    -1.76326
     1.82523
-0.000245197
   -0.928823
    -1.98631
     1.42543
   -0.317293
    -1.76326
     1.82523
-0.000245197
   -0.928823
    -1.98631
     1.42544
   -0.317293
    -1.76326
     1.82523
-0.000245197
   -0.928823
    -1.98631
     1.42543
   -0.317293
    -1.76326
     1.82523
-0.000245257
   -0.928823
    -1.98631
     1.42544
   -0.317293
    -1.76326
     1.82523
-0.000245197
   -0.928823
    -1.98631
     1.42544
   -0.317293
    -1.76326
     1.82523
-0.000245197
   -0.928823
    -1.98631
     1.42544
   -0.317293
    -1.76326
     1.82523
-0.000245077
   -0.928823
    -1.98631
     1.42544
   -0.317293
    -1.76326
     1.82523
-0.000245197
   -0.928823
    -1.98631
     1.42544
   -0.317293
    -1.76326
     1.82523
-0.000245197
   -0.928823
    -1.98631
     1.42544
   -0.317293
    -1.76326
     1.82523
-0.000245197
   -0.928823
    -1.98631
     1.42544
   -0.317293
    -1.76326
     1.82523
-0.000245077
   -0.928823
    -1.98631
     1.42544
   -0.317293
    -1.76326
     1.82523
-0.000245197
   -0.928823
    -1.98631
     1.42544
   -0.317293
    -1.76326
     1.82523
-0.000245197
   -0.928823
    -1.98631
     1.42544
   -0.317293
    -1.76326
     1.82523
-0.000245197
   -0.928823
    -1.98631
     1.42544
   -0.317293
    -1.76326
     1.82523
-0.000245197
   -0.928823
    -1.98631
     1.42544
   -0.317293
    -1.76326
     1.82523
-0.000245257
   -0.928823
    -1.98631
     1.42544
   -0.317293
    -1.76326
     1.82523
-0.000245197
   -0.928823
    -1.98631
     1.42544
   -0.317293
    -1.76326
     1.82523
-0.000245077
   -0.928823
    -1.98631
     1.42544
   -0.317293
    -1.76326
     1.82523
-0.000245197
   -0.928823
    -1.98631
     1.42544
   -0.317293
    -1.76326
     1.82523
-0.000245197
   -0.928823
    -1.98631
     1.42544
   -0.317293
    -1.76326
     1.82523
-0.000245077
   -0.928823
    -1.98631
     1.42544
   -0.317293
    -1.76326
     1.82523
-0.000245197
   -0.928823
    -1.98631
     1.42544
   -0.317293
    -1.76326
     1.82523
-0.000245077
   -0.928823
    -1.98631
     1.42544
   -0.317293
    -1.76326
     1.82523
-0.000245077
   -0.928823
    -1.98631
     1.42544
   -0.317293
    -1.76326
     1.82523
-0.000245197
   -0.928823
    -1.98631
     1.42544
   -0.317293
    -1.76326
     1.82523
-0.000245197
   -0.928823
    -1.98631
     1.42544
   -0.317293
    -1.76326
     1.82523
-0.000245197
   -0.928823
    -1.98631
     1.42544
   -0.317293
    -1.76326
     1.82523
-0.000245317
   -0.928823
    -1.98631
     1.42544
   -0.317293
    -1.76326
     1.82523
-0.000245197
   -0.928823
    -1.98631
     1.42544
   -0.317293
    -1.76326
     1.82523
-0.000245317
   -0.928823
    -1.98631
     1.42544
   -0.317293
    -1.76326
     1.82523
-0.000245257
   -0.928823
    -1.98631
     1.42544
   -0.317293
    -1.76326
     1.82523
-0.000245257
   -0.928823
    -1.98631
     1.42544
   -0.317293
    -1.76326
     1.82523
-0.000245197
   -0.928823
    -1.98631
     1.42544
   -0.317293
    -1.76326
     1.82523
-0.000245077
   -0.928823
    -1.98631
     1.42544
   -0.317292
    -1.76326
     1.82523
-0.000245077
   -0.928823
    -1.98631
     1.42544
   -0.317292
    -1.76326
     1.82523
-0.000245077
   -0.928823
    -1.98631
     1.42544
   -0.317293
    -1.76326
     1.82523
-0.000245077
   -0.928823
    -1.98631
     1.42544
   -0.317293
    -1.76326
     1.82523
-0.000245077
   -0.928823
    -1.98631
     1.42544
   -0.317293
    -1.76326
     1.82523
-0.000245197
   -0.928823
    -1.98631
     1.42544
   -0.317293
    -1.76326
     1.82523
-0.000245197
   -0.928823
    -1.98631
     1.42544
   -0.317293
    -1.76326
     1.82523
-0.000245197
   -0.928823
    -1.98631
     1.42544
   -0.317293
    -1.76326
     1.82523
-0.000245197
   -0.928823
    -1.98631
     1.42544
   -0.317292
    -1.76326
     1.82523
-0.000245197
   -0.928823
    -1.98631
     1.42544
   -0.317293
    -1.76326
     1.82523
-0.000245197
   -0.928823
    -1.98631
     1.42544
   -0.317293
    -1.76326
     1.82523
-0.000245197
   -0.928823
    -1.98631
     1.42544
   -0.317293
    -1.76326
     1.82523
-0.000245257
   -0.928823
    -1.98631
     1.42544
   -0.317293
    -1.76326
     1.82523
-0.000245197
   -0.928823
    -1.98631
     1.42544
   -0.317293
    -1.76326
     1.82523
-0.000245077
   -0.928823
    -1.98631
     1.42544
   -0.317293
    -1.76326
     1.82523
-0.000245197
   -0.928823
    -1.98631
     1.42544
   -0.317293
    -1.76326
     1.82523
-0.000245077
   -0.928823
    -1.98631
     1.42544
   -0.317293
    -1.76326
     1.82523
-0.000245197
   -0.928823
    -1.98631
     1.42544
   -0.317293
    -1.76326
     1.82523
-0.000245197
   -0.928823
    -1.98631
     1.42544
   -0.317293
    -1.76326
     1.82523
-0.000245197
   -0.928823
    -1.98631
     1.42544
   -0.317293
    -1.76326
     1.82523
-0.000245197
   -0.928823
    -1.98631
     1.42544
   -0.317293
    -1.76326
     1.82523
-0.000245257
   -0.928823
    -1.98631
     1.42544
   -0.317293
    -1.76326
     1.82523
-0.000245197
   -0.928823
    -1.98631
     1.42544
   -0.317293
    -1.76326
     1.82523
-0.000245197
   -0.928823
    -1.98631
     1.42544
   -0.317293
    -1.76326
     1.82523
-0.000245197
   -0.928823
    -1.98631
     1.42544
   -0.317293
    -1.76326
     1.82523
-0.000245257
   -0.928823
    -1.98631
     1.42544
   -0.317293
    -1.76326
     1.82523
-0.000245257
   -0.928823
    -1.98631
     1.42544
   -0.317293
    -1.76326
     1.82523
-0.000245257
   -0.928823
    -1.98631
     1.42544
   -0.317293
    -1.76326
     1.82523
-0.000245197
   -0.928823
    -1.98631
     1.42544
   -0.317293
    -1.76326
     1.82523
-0.000245197
   -0.928823
    -1.98631
     1.42544
   -0.317293
    -1.76326
     1.82523
-0.000245197
   -0.928823
    -1.98631
     1.42544
   -0.317293
    -1.76326
     1.82523
-0.000245317
   -0.928823
    -1.98631
     1.42544
   -0.317293
    -1.76326
     1.82523
-0.000245257
   -0.928823
    -1.98631
     1.42544
   -0.317293
    -1.76326
     1.82523
-0.000245257
   -0.928823
    -1.98631
     1.42544
   -0.317293
    -1.76326
     1.82523
-0.000245257
   -0.928823
     -1.9863
     1.42544
   -0.317293
    -1.76326
     1.82523
-0.000245197
   -0.928823
     -1.9863
     1.42544
   -0.317292
    -1.76326
     1.82523
-0.000245257
   -0.928823
     -1.9863
     1.42544
   -0.317292
    -1.76326
     1.82523
-0.000245197
   -0.928823
     -1.9863
     1.42544
   -0.317292
    -1.76326
     1.82523
-0.000245197
   -0.928823
     -1.9863
     1.42544
   -0.317293
    -1.76326
     1.82523
-0.000245197
   -0.928823
     -1.9863
     1.42544
   -0.317293
    -1.76326
     1.82523
-0.000245197
   -0.928823
     -1.9863
     1.42544
   -0.317293
    -1.76326
     1.82523
-0.000245197
   -0.928823
     -1.9863
     1.42544
   -0.317293
    -1.76326
     1.82523
-0.000245197
   -0.928823
     -1.9863
     1.42544
   -0.317293
    -1.76326
     1.82523
-0.000245257
   -0.928823
     -1.9863
     1.42544
   -0.317293
    -1.76326
     1.82523
-0.000245257
   -0.928823
     -1.9863
     1.42544
   -0.317293
    -1.76326
     1.82523
-0.000245257
   -0.928823
     -1.9863
     1.42544
   -0.317292
    -1.76326
     1.82523
-0.000245257
   -0.928823
     -1.9863
     1.42544
   -0.317293
    -1.76326
     1.82523
-0.000245257
   -0.928823
     -1.9863
     1.42544
   -0.317293
    -1.76326
     1.82523
-0.000245197
   -0.928823
     -1.9863
     1.42544
   -0.317292
    -1.76326
     1.82523
-0.000245317
   -0.928823
     -1.9863
     1.42544
   -0.317293
    -1.76326
     1.82523
-0.000245197
   -0.928823
     -1.9863
     1.42544
   -0.317293
    -1.76326
     1.82523
-0.000245197
   -0.928823
     -1.9863
     1.42544
   -0.317293
    -1.76326
     1.82523
-0.000245197
   -0.928823
     -1.9863
     1.42544
   -0.317293
    -1.76326
     1.82523
-0.000245077
   -0.928823
     -1.9863
     1.42544
   -0.317293
    -1.76326
     1.82523
-0.000245197
   -0.928823
     -1.9863
     1.42544
   -0.317293
    -1.76326
     1.82523
-0.000245197
   -0.928823
     -1.9863
     1.42544
   -0.317292
    -1.76326
     1.82523
-0.000245257
   -0.928823
     -1.9863
     1.42544
   -0.317293
    -1.76326
     1.82523
-0.000245197
   -0.928823
     -1.9863
     1.42544
   -0.317293
    -1.76326
     1.82523
-0.000245377
   -0.928823
     -1.9863
     1.42544
   -0.317293
    -1.76326
     1.82523
-0.000245257
   -0.928823
     -1.9863
     1.42544
   -0.317293
    -1.76326
     1.82523
-0.000245257
   -0.928823
     -1.9863
     1.42544
   -0.317293
    -1.76326
     1.82523
-0.000245257
   -0.928823
     -1.9863
     1.42544
   -0.317293
    -1.76326
     1.82523
-0.000245317
   -0.928823
     -1.9863
     1.42544
   -0.317292
    -1.76326
     1.82523
-0.000245317
   -0.928823
     -1.9863
     1.42544
   -0.317293
    -1.76326
     1.82523
-0.000245257
   -0.928823
     -1.9863
     1.42544
   -0.317293
    -1.76326
     1.82523
-0.000245257
   -0.928823
     -1.9863
     1.42544
   -0.317292
    -1.76326
     1.82523
-0.000245197
   -0.928823
     -1.9863
     1.42544
   -0.317292
    -1.76326
     1.82523
-0.000245257
   -0.928823
     -1.9863
     1.42544
   -0.317293
    -1.76326
     1.82523
-0.000245257
   -0.928823
     -1.9863
     1.42544
   -0.317293
    -1.76326
     1.82523
-0.000245257
   -0.928823
     -1.9863
     1.42544
   -0.317293
    -1.76326
     1.82523
-0.000245197
   -0.928823
     -1.9863
     1.42544
   -0.317292
